0.000000e+00 3.794932e+00
6.000000e-02 4.078058e+00
1.200000e-01 4.167524e+00
1.800000e-01 3.248777e+00
2.400000e-01 3.458747e+00
3.000000e-01 3.485322e+00
3.600000e-01 3.424195e+00
4.200000e-01 3.302494e+00
4.800000e-01 3.335201e+00
5.400000e-01 3.339815e+00
6.000000e-01 2.524947e+00
6.600000e-01 2.959647e+00
7.200000e-01 3.196803e+00
7.800000e-01 3.367150e+00
8.400000e-01 3.061283e+00
9.000000e-01 3.425764e+00
9.600000e-01 2.921417e+00
1.020000e+00 2.781084e+00
1.080000e+00 3.094487e+00
1.140000e+00 2.990604e+00
1.200000e+00 3.264370e+00
1.260000e+00 2.605117e+00
1.320000e+00 2.952677e+00
1.380000e+00 2.537917e+00
1.440000e+00 2.037661e+00
1.500000e+00 2.922243e+00
1.560000e+00 2.185595e+00
1.620000e+00 2.366544e+00
1.680000e+00 2.438646e+00
1.740000e+00 2.638676e+00
1.800000e+00 1.774240e+00
1.860000e+00 2.037484e+00
1.920000e+00 1.875545e+00
1.980000e+00 2.005257e+00
2.040000e+00 2.065449e+00
2.100000e+00 1.885672e+00
2.160000e+00 1.307139e+00
2.220000e+00 1.696412e+00
2.280000e+00 1.699099e+00
2.340000e+00 1.397288e+00
2.400000e+00 1.239763e+00
2.460000e+00 1.280611e+00
2.520000e+00 1.688681e+00
2.580000e+00 9.209307e-01
2.640000e+00 1.386261e+00
2.700000e+00 1.108850e+00
2.760000e+00 1.191877e+00
2.820000e+00 8.935095e-01
2.880000e+00 7.006980e-01
2.940000e+00 1.247383e+00
3.000000e+00 3.930778e-01
3.060000e+00 8.981378e-01
3.120000e+00 7.032632e-01
3.180000e+00 1.138744e+00
3.240000e+00 6.451988e-01
3.300000e+00 4.763147e-01
3.360000e+00 2.437437e-01
3.420000e+00 6.337452e-01
3.480000e+00 7.036829e-02
3.540000e+00 3.919203e-01
3.600000e+00 1.526759e-01
3.660000e+00 1.343387e-01
3.720000e+00 5.203735e-03
3.780000e+00 9.531954e-02
3.840000e+00 3.228584e-01
3.900000e+00 7.797768e-01
3.960000e+00 1.153078e-01
4.020000e+00 1.165565e-01
4.080000e+00 1.074849e-02
4.140000e+00 3.132894e-01
4.200000e+00 6.578287e-02
4.260000e+00 5.511213e-01
4.320000e+00 1.008589e-02
4.380000e+00 2.241406e-01
4.440000e+00 8.201148e-02
4.500000e+00 9.933224e-02
4.560000e+00 5.025234e-01
4.620000e+00 3.953196e-02
4.680000e+00 7.564708e-04
4.740000e+00 1.485911e-03
4.800000e+00 6.148556e-02
4.860000e+00 4.422300e-03
4.920000e+00 7.155567e-01
4.980000e+00 1.061502e-02
5.040000e+00 3.571783e-04
5.100000e+00 1.763246e-06
5.160000e+00 1.170964e-07
5.220000e+00 4.500027e-05
5.280000e+00 1.901344e-04
5.340000e+00 3.870655e-04
5.400000e+00 1.036400e-03
5.460000e+00 1.002689e-05
5.520000e+00 3.341102e-04
5.580000e+00 1.203673e-02
5.640000e+00 4.925298e-06
5.700000e+00 1.274509e-08
5.760000e+00 2.538061e-04
5.820000e+00 4.874987e-04
5.880000e+00 2.854750e-05
5.940000e+00 3.500861e-07
