0.000000e+00 4.720451e+00
3.000000e-02 4.786926e+00
6.000000e-02 4.801508e+00
9.000000e-02 4.744410e+00
1.200000e-01 4.609129e+00
1.500000e-01 4.418523e+00
1.800000e-01 4.221032e+00
2.100000e-01 4.073801e+00
2.400000e-01 4.041060e+00
2.700000e-01 4.196085e+00
3.000000e-01 4.550683e+00
3.300000e-01 4.869905e+00
3.600000e-01 4.866350e+00
3.900000e-01 4.680787e+00
4.200000e-01 4.539519e+00
4.500000e-01 4.481709e+00
4.800000e-01 4.470690e+00
5.100000e-01 4.488535e+00
5.400000e-01 4.555325e+00
5.700000e-01 4.642620e+00
6.000000e-01 4.666975e+00
6.300000e-01 4.609562e+00
6.600000e-01 4.473387e+00
6.900000e-01 4.251535e+00
7.200000e-01 3.939041e+00
7.500000e-01 3.641235e+00
7.800000e-01 3.701319e+00
8.100000e-01 3.487531e+00
8.400000e-01 3.604953e+00
8.700000e-01 3.313355e+00
9.000000e-01 3.196334e+00
9.300000e-01 3.297193e+00
9.600000e-01 3.159824e+00
9.900000e-01 2.963088e+00
1.020000e+00 2.960961e+00
1.050000e+00 3.051603e+00
1.080000e+00 2.852319e+00
1.110000e+00 2.726484e+00
1.140000e+00 3.046904e+00
1.170000e+00 2.803608e+00
1.200000e+00 2.780863e+00
1.230000e+00 2.932999e+00
1.260000e+00 2.789689e+00
1.290000e+00 3.294175e+00
1.320000e+00 3.222989e+00
1.350000e+00 3.125101e+00
1.380000e+00 2.203574e+00
1.410000e+00 2.315300e+00
1.440000e+00 2.529784e+00
1.470000e+00 3.260529e+00
1.500000e+00 3.250762e+00
1.530000e+00 2.274905e+00
1.560000e+00 2.287472e+00
1.590000e+00 1.280185e+00
1.620000e+00 1.101953e+00
1.650000e+00 1.528971e+00
1.680000e+00 2.115012e+00
1.710000e+00 1.714082e+00
1.740000e+00 1.833528e+00
1.770000e+00 2.415632e+00
1.800000e+00 2.412323e+00
1.830000e+00 2.047137e+00
1.860000e+00 2.261973e+00
1.890000e+00 1.933122e+00
1.920000e+00 1.729293e+00
1.950000e+00 2.014442e+00
1.980000e+00 2.166746e+00
2.010000e+00 1.946986e+00
2.040000e+00 1.428988e+00
2.070000e+00 2.426157e+00
2.100000e+00 2.307484e+00
2.130000e+00 1.505947e+00
2.160000e+00 1.163029e+00
2.190000e+00 1.144108e+00
2.220000e+00 1.800286e+00
2.250000e+00 1.662423e+00
2.280000e+00 2.895464e+00
2.310000e+00 2.653920e+00
2.340000e+00 2.776074e+00
2.370000e+00 2.090541e+00
2.400000e+00 1.628962e+00
2.430000e+00 2.142806e+00
2.460000e+00 1.522938e+00
2.490000e+00 2.079005e+00
2.520000e+00 1.679624e+00
2.550000e+00 1.233128e+00
2.580000e+00 1.575769e+00
2.610000e+00 1.352713e+00
2.640000e+00 2.282951e+00
2.670000e+00 1.634416e+00
2.700000e+00 2.778022e+00
2.730000e+00 1.529634e+00
2.760000e+00 1.381979e+00
2.790000e+00 1.256744e+00
2.820000e+00 1.417974e+00
2.850000e+00 1.071477e+00
2.880000e+00 1.049158e+00
2.910000e+00 1.321311e+00
2.940000e+00 1.851763e+00
2.970000e+00 1.745570e+00
