0.000000e+00 4.720451e+00
3.000000e-02 4.648351e+00
6.000000e-02 4.563459e+00
9.000000e-02 4.457855e+00
1.200000e-01 4.319655e+00
1.500000e-01 4.158719e+00
1.800000e-01 4.015899e+00
2.100000e-01 3.896109e+00
2.400000e-01 3.696210e+00
2.700000e-01 3.339331e+00
3.000000e-01 3.198213e+00
3.300000e-01 3.515389e+00
3.600000e-01 4.133219e+00
3.900000e-01 4.964984e+00
4.200000e-01 4.872149e+00
4.500000e-01 4.163213e+00
4.800000e-01 3.642735e+00
5.100000e-01 3.361285e+00
5.400000e-01 3.192465e+00
5.700000e-01 3.055768e+00
6.000000e-01 2.916185e+00
6.300000e-01 2.765809e+00
6.600000e-01 2.661317e+00
6.900000e-01 3.170238e+00
7.200000e-01 3.267291e+00
7.500000e-01 2.734991e+00
7.800000e-01 2.549044e+00
8.100000e-01 2.455382e+00
8.400000e-01 3.706280e+00
8.700000e-01 3.542090e+00
9.000000e-01 3.081942e+00
9.300000e-01 2.845515e+00
9.600000e-01 2.875070e+00
9.900000e-01 3.401169e+00
1.020000e+00 2.789623e+00
1.050000e+00 2.632754e+00
1.080000e+00 3.631307e+00
1.110000e+00 3.801672e+00
1.140000e+00 3.351138e+00
1.170000e+00 3.065466e+00
1.200000e+00 2.990558e+00
1.230000e+00 2.344648e+00
1.260000e+00 1.782747e+00
1.290000e+00 2.507017e+00
1.320000e+00 2.476668e+00
1.350000e+00 1.777544e+00
1.380000e+00 1.430814e+00
1.410000e+00 1.887511e+00
1.440000e+00 3.878762e+00
1.470000e+00 3.096731e+00
1.500000e+00 3.308073e+00
1.530000e+00 2.543232e+00
1.560000e+00 2.380158e+00
1.590000e+00 2.444969e+00
1.620000e+00 3.259485e+00
1.650000e+00 3.070058e+00
1.680000e+00 2.856448e+00
1.710000e+00 2.598434e+00
1.740000e+00 2.214918e+00
1.770000e+00 2.451004e+00
1.800000e+00 1.803535e+00
1.830000e+00 1.703927e+00
1.860000e+00 3.400590e+00
1.890000e+00 3.226169e+00
1.920000e+00 2.645823e+00
1.950000e+00 2.333226e+00
1.980000e+00 2.558879e+00
2.010000e+00 2.168859e+00
2.040000e+00 1.441096e+00
2.070000e+00 1.545958e+00
2.100000e+00 2.365045e+00
2.130000e+00 1.817562e+00
2.160000e+00 1.711851e+00
2.190000e+00 2.380024e+00
2.220000e+00 8.581669e-01
2.250000e+00 2.022367e+00
2.280000e+00 2.457205e+00
2.310000e+00 1.648536e+00
2.340000e+00 2.314021e+00
2.370000e+00 1.719797e+00
2.400000e+00 2.170288e+00
2.430000e+00 1.831180e+00
2.460000e+00 1.541704e+00
2.490000e+00 2.715485e+00
2.520000e+00 1.884606e+00
2.550000e+00 1.690662e+00
2.580000e+00 2.050595e+00
2.610000e+00 1.143605e+00
2.640000e+00 2.710146e+00
2.670000e+00 5.954447e-01
2.700000e+00 1.168488e+00
2.730000e+00 1.264434e+00
2.760000e+00 1.106200e+00
2.790000e+00 9.917033e-01
2.820000e+00 1.499512e+00
2.850000e+00 6.532278e-01
2.880000e+00 9.940894e-01
2.910000e+00 1.631297e+00
2.940000e+00 1.409906e+00
2.970000e+00 1.773549e+00
