0.000000e+00 4.720451e+00
3.000000e-02 4.762287e+00
6.000000e-02 4.730870e+00
9.000000e-02 4.639881e+00
1.200000e-01 4.668682e+00
1.500000e-01 4.536371e+00
1.800000e-01 4.276261e+00
2.100000e-01 4.030782e+00
2.400000e-01 3.782345e+00
2.700000e-01 3.449685e+00
3.000000e-01 3.404134e+00
3.300000e-01 3.367865e+00
3.600000e-01 3.195260e+00
3.900000e-01 3.367653e+00
4.200000e-01 4.262073e+00
4.500000e-01 4.617552e+00
4.800000e-01 4.581684e+00
5.100000e-01 4.525298e+00
5.400000e-01 4.514804e+00
5.700000e-01 4.566646e+00
6.000000e-01 4.721042e+00
6.300000e-01 4.932579e+00
6.600000e-01 4.064020e+00
6.900000e-01 3.975434e+00
7.200000e-01 3.757193e+00
7.500000e-01 3.380749e+00
7.800000e-01 3.748186e+00
8.100000e-01 4.079743e+00
8.400000e-01 3.930262e+00
8.700000e-01 3.632429e+00
9.000000e-01 3.139252e+00
9.300000e-01 2.676328e+00
9.600000e-01 2.511411e+00
9.900000e-01 2.425598e+00
1.020000e+00 2.126651e+00
1.050000e+00 2.433371e+00
1.080000e+00 2.888763e+00
1.110000e+00 2.670088e+00
1.140000e+00 2.497395e+00
1.170000e+00 2.242237e+00
1.200000e+00 1.951650e+00
1.230000e+00 2.389484e+00
1.260000e+00 2.573661e+00
1.290000e+00 2.873414e+00
1.320000e+00 2.984728e+00
1.350000e+00 2.747471e+00
1.380000e+00 2.994384e+00
1.410000e+00 3.566652e+00
1.440000e+00 3.143961e+00
1.470000e+00 3.463372e+00
1.500000e+00 3.092513e+00
1.530000e+00 2.352591e+00
1.560000e+00 2.007257e+00
1.590000e+00 1.117246e+00
1.620000e+00 1.265215e+00
1.650000e+00 1.708869e+00
1.680000e+00 2.765468e+00
1.710000e+00 3.559532e+00
1.740000e+00 4.049001e+00
1.770000e+00 4.241815e+00
1.800000e+00 3.486517e+00
1.830000e+00 3.007012e+00
1.860000e+00 2.101416e+00
1.890000e+00 2.003455e+00
1.920000e+00 2.700350e+00
1.950000e+00 2.175203e+00
1.980000e+00 1.958130e+00
2.010000e+00 2.511454e+00
2.040000e+00 2.627226e+00
2.070000e+00 2.815771e+00
2.100000e+00 1.185820e+00
2.130000e+00 1.997311e+00
2.160000e+00 1.597652e+00
2.190000e+00 3.054799e+00
2.220000e+00 1.176116e+00
2.250000e+00 1.784254e+00
2.280000e+00 1.302896e+00
2.310000e+00 2.186679e+00
2.340000e+00 9.853185e-01
2.370000e+00 2.046352e+00
2.400000e+00 1.579727e+00
2.430000e+00 1.929563e+00
2.460000e+00 3.047383e+00
2.490000e+00 3.087364e+00
2.520000e+00 2.536346e+00
2.550000e+00 2.758862e+00
2.580000e+00 2.143871e+00
2.610000e+00 2.412506e+00
2.640000e+00 2.850686e+00
2.670000e+00 1.595149e+00
2.700000e+00 1.401571e+00
2.730000e+00 2.525264e+00
2.760000e+00 2.663912e+00
2.790000e+00 2.653354e+00
2.820000e+00 1.692113e+00
2.850000e+00 3.444924e+00
2.880000e+00 9.361678e-01
2.910000e+00 6.186129e-01
2.940000e+00 1.047195e+00
2.970000e+00 9.688661e-01
