0.000000e+00 2.286485e+00
6.000000e-02 2.467944e+00
1.200000e-01 2.412216e+00
1.800000e-01 2.145577e+00
2.400000e-01 2.001358e+00
3.000000e-01 1.957910e+00
3.600000e-01 2.013445e+00
4.200000e-01 2.338951e+00
4.800000e-01 2.186572e+00
5.400000e-01 1.960479e+00
6.000000e-01 2.169713e+00
6.600000e-01 2.231366e+00
7.200000e-01 2.373166e+00
7.800000e-01 2.197323e+00
8.400000e-01 2.030796e+00
9.000000e-01 2.074030e+00
9.600000e-01 1.843657e+00
1.020000e+00 1.339917e+00
1.080000e+00 1.428318e+00
1.140000e+00 1.442711e+00
1.200000e+00 1.641605e+00
1.260000e+00 1.617506e+00
1.320000e+00 1.277744e+00
1.380000e+00 1.283051e+00
1.440000e+00 1.752160e+00
1.500000e+00 1.417757e+00
1.560000e+00 1.933917e+00
1.620000e+00 1.117811e+00
1.680000e+00 1.541515e+00
1.740000e+00 1.228544e+00
1.800000e+00 1.036750e+00
1.860000e+00 5.168662e-01
1.920000e+00 1.019021e+00
1.980000e+00 1.317018e+00
2.040000e+00 1.145345e+00
2.100000e+00 1.325167e+00
2.160000e+00 8.244530e-01
2.220000e+00 9.849524e-01
2.280000e+00 6.550029e-01
2.340000e+00 3.736863e-01
2.400000e+00 2.037469e-01
2.460000e+00 5.992151e-01
2.520000e+00 4.169101e-01
2.580000e+00 6.766381e-01
2.640000e+00 7.995487e-01
2.700000e+00 5.743934e-01
2.760000e+00 6.452919e-01
2.820000e+00 1.042044e-01
2.880000e+00 6.484363e-01
2.940000e+00 3.955809e-01
3.000000e+00 1.485891e-01
3.060000e+00 2.944642e-02
3.120000e+00 6.647324e-02
3.180000e+00 5.579346e-02
3.240000e+00 2.967200e-02
3.300000e+00 2.797886e-02
3.360000e+00 7.736963e-02
3.420000e+00 5.146000e-01
3.480000e+00 7.990870e-02
3.540000e+00 1.805613e-02
3.600000e+00 6.069827e-02
3.660000e+00 2.933769e-01
3.720000e+00 4.305944e-01
3.780000e+00 9.101843e-02
3.840000e+00 2.226055e-01
3.900000e+00 6.722229e-02
3.960000e+00 6.796649e-02
4.020000e+00 3.060472e-01
4.080000e+00 6.664918e-02
4.140000e+00 1.034406e-01
4.200000e+00 3.668071e-01
4.260000e+00 8.715657e-02
4.320000e+00 5.615704e-02
4.380000e+00 7.478451e-03
4.440000e+00 6.451831e-03
4.500000e+00 7.463812e-02
4.560000e+00 8.022008e-03
4.620000e+00 9.822854e-03
4.680000e+00 1.921124e-02
4.740000e+00 4.941522e-04
4.800000e+00 3.140507e-03
4.860000e+00 3.411243e-02
4.920000e+00 3.714217e-01
4.980000e+00 5.150689e-04
5.040000e+00 6.226454e-03
5.100000e+00 1.161473e-03
5.160000e+00 1.487979e-02
5.220000e+00 2.931839e-02
5.280000e+00 1.167696e-03
5.340000e+00 2.855715e-03
5.400000e+00 1.052465e-03
5.460000e+00 5.422638e-04
5.520000e+00 2.120984e-01
5.580000e+00 4.317847e-05
5.640000e+00 2.176657e-02
5.700000e+00 1.388750e-02
5.760000e+00 2.618944e-05
5.820000e+00 7.410786e-05
5.880000e+00 1.456716e-06
5.940000e+00 5.461602e-07
