0.000000e+00 1.780107e+00
5.000000e-02 4.718491e+00
1.000000e-01 4.626004e+00
1.500000e-01 3.873326e+00
2.000000e-01 4.633687e+00
2.500000e-01 3.401931e+00
3.000000e-01 2.900470e+00
3.500000e-01 3.315000e+00
4.000000e-01 3.914668e+00
4.500000e-01 2.867048e+00
5.000000e-01 3.665989e+00
5.500000e-01 3.944697e+00
6.000000e-01 3.740360e+00
6.500000e-01 3.515262e+00
7.000000e-01 2.106361e+00
7.500000e-01 2.335864e+00
8.000000e-01 1.956895e+00
8.500000e-01 1.128409e+00
9.000000e-01 2.824381e+00
9.500000e-01 1.773100e+00
