0.000000e+00 1.780107e+00
5.000000e-02 4.240404e+00
1.000000e-01 4.388145e+00
1.500000e-01 4.249448e+00
2.000000e-01 4.310459e+00
2.500000e-01 3.568910e+00
3.000000e-01 3.800083e+00
3.500000e-01 2.738702e+00
4.000000e-01 3.969810e+00
4.500000e-01 3.691198e+00
5.000000e-01 4.183309e+00
5.500000e-01 3.349008e+00
6.000000e-01 1.798938e+00
6.500000e-01 2.332339e+00
7.000000e-01 2.183228e+00
7.500000e-01 9.767054e-01
8.000000e-01 1.923406e+00
8.500000e-01 1.520367e+00
9.000000e-01 1.500200e+00
9.500000e-01 7.113632e-01
