0.000000000000000000e+00 1.642922115202563482e+00
2.000000000000000164e-05 1.565046920454774337e+00
4.000000000000000327e-05 1.554447037377862051e+00
6.000000000000000830e-05 1.614818075278328990e+00
8.000000000000000654e-05 1.703619998856627848e+00
1.000000000000000048e-04 1.468773013399185423e+00
1.200000000000000166e-04 1.431603616761498721e+00
1.400000000000000148e-04 1.468515294589368692e+00
1.600000000000000131e-04 1.470336008127698602e+00
1.800000000000000113e-04 1.447732255648386257e+00
2.000000000000000096e-04 1.436256361708569074e+00
2.200000000000000078e-04 1.471150002189864914e+00
2.400000000000000332e-04 1.585311704952351075e+00
2.600000000000000314e-04 1.780847891437787212e+00
2.800000000000000297e-04 1.931452953578459919e+00
3.000000000000000279e-04 1.857815859937897773e+00
3.200000000000000262e-04 1.914178364601394566e+00
3.400000000000000244e-04 1.623802628957912386e+00
3.600000000000000227e-04 1.462394803536303911e+00
3.800000000000000209e-04 1.379959684914791040e+00
4.000000000000000192e-04 1.346647175402754693e+00
4.200000000000000174e-04 1.437842389440822544e+00
4.400000000000000157e-04 1.677922496779696182e+00
4.600000000000000139e-04 2.020049691537133540e+00
4.800000000000000664e-04 2.244506156693745869e+00
5.000000000000000104e-04 2.136219273778854788e+00
5.200000000000000629e-04 2.140421262122661261e+00
5.400000000000000069e-04 2.073334245117445462e+00
5.600000000000000594e-04 1.954325138248362626e+00
5.800000000000000034e-04 1.956131285317698865e+00
6.000000000000000559e-04 1.862082320163181537e+00
6.199999999999999999e-04 1.748897213839058162e+00
6.400000000000000524e-04 1.885887931432620235e+00
6.600000000000001048e-04 2.192061193477367276e+00
6.800000000000000488e-04 2.169391790057931146e+00
7.000000000000001013e-04 1.879440362109191964e+00
7.200000000000000453e-04 1.972666954754096924e+00
7.400000000000000978e-04 2.096252124786254445e+00
7.600000000000000418e-04 2.192930617048463482e+00
7.800000000000000943e-04 2.080641657912419173e+00
8.000000000000000383e-04 1.753773552606579411e+00
8.200000000000000908e-04 1.642289045067685915e+00
8.400000000000000348e-04 1.599871303311747539e+00
8.600000000000000873e-04 1.562121711849553840e+00
8.800000000000000313e-04 1.537597210427606109e+00
9.000000000000000838e-04 1.571058410563339613e+00
9.200000000000000278e-04 1.832121806578732581e+00
9.400000000000000803e-04 2.132541236804769813e+00
9.600000000000001327e-04 2.103901236691069876e+00
9.800000000000001852e-04 1.974476329041206180e+00
1.000000000000000021e-03 1.829968160567692959e+00
1.020000000000000073e-03 1.725445896711314209e+00
1.040000000000000126e-03 1.704060185819351592e+00
1.060000000000000178e-03 1.791624511113773632e+00
1.080000000000000014e-03 1.953939603806104985e+00
1.100000000000000066e-03 2.103025294029343240e+00
1.120000000000000119e-03 2.221030446562507699e+00
1.140000000000000171e-03 2.326529729646908073e+00
1.160000000000000007e-03 2.328635955201962648e+00
1.180000000000000059e-03 2.312061484988128246e+00
1.200000000000000112e-03 2.217887525344334865e+00
1.220000000000000164e-03 2.101722041418202735e+00
1.240000000000000000e-03 1.968335244124608474e+00
1.260000000000000052e-03 1.867244412380463459e+00
1.280000000000000105e-03 1.893863230715695067e+00
1.300000000000000157e-03 1.867041452204935226e+00
1.320000000000000210e-03 1.919209183559284604e+00
1.340000000000000045e-03 2.071705798085655026e+00
1.360000000000000098e-03 1.865546065717408331e+00
1.380000000000000150e-03 1.724012931477306942e+00
1.400000000000000203e-03 1.725737986357380738e+00
1.420000000000000038e-03 1.747553021314538491e+00
1.440000000000000091e-03 1.849372007077723534e+00
1.460000000000000143e-03 2.035015960821189296e+00
1.480000000000000196e-03 2.194843288149408878e+00
1.500000000000000031e-03 2.213945165848866026e+00
1.520000000000000084e-03 2.107125769443003449e+00
1.540000000000000136e-03 1.989562145973984952e+00
1.560000000000000189e-03 2.168647203432031212e+00
1.580000000000000024e-03 1.988219657598969237e+00
1.600000000000000077e-03 2.018590212081032842e+00
1.620000000000000129e-03 2.110345628378230476e+00
1.640000000000000182e-03 2.069471564581786716e+00
1.660000000000000234e-03 1.925426589272855704e+00
1.680000000000000070e-03 1.716460838211944839e+00
1.700000000000000122e-03 1.518537073516637026e+00
1.720000000000000175e-03 1.416562016304525162e+00
1.740000000000000227e-03 1.450140560876787887e+00
1.760000000000000063e-03 1.600145154233136857e+00
1.780000000000000115e-03 1.740429569415057554e+00
1.800000000000000168e-03 1.786521105489968342e+00
1.820000000000000220e-03 1.792090907770384600e+00
1.840000000000000056e-03 1.765781110825084044e+00
1.860000000000000108e-03 1.721162908284612936e+00
1.880000000000000161e-03 1.727867190745878023e+00
1.900000000000000213e-03 1.869053040094508678e+00
1.920000000000000265e-03 1.770639156450299234e+00
1.940000000000000101e-03 1.990169107845850771e+00
1.960000000000000370e-03 2.102020935915838606e+00
1.979999999999999989e-03 2.149173303602840868e+00
2.000000000000000042e-03 2.140104169450677496e+00
2.020000000000000094e-03 2.063778991345073255e+00
2.040000000000000147e-03 1.898004145072861970e+00
2.060000000000000199e-03 1.774209873203570265e+00
2.080000000000000251e-03 1.746044702568097184e+00
2.100000000000000304e-03 1.790435607364943671e+00
2.120000000000000356e-03 1.897688721327761785e+00
2.139999999999999975e-03 1.924041132232213736e+00
2.160000000000000028e-03 1.617945866536655730e+00
2.180000000000000080e-03 1.546989076453758605e+00
2.200000000000000133e-03 1.705204400594760639e+00
2.220000000000000185e-03 1.866820834494089532e+00
2.240000000000000237e-03 1.918921682447869204e+00
2.260000000000000290e-03 1.899027545156418473e+00
2.280000000000000342e-03 1.947606903316175142e+00
2.300000000000000395e-03 2.142559529714908706e+00
2.320000000000000014e-03 2.236589278700274352e+00
2.340000000000000066e-03 2.048163444631200925e+00
2.360000000000000119e-03 1.727959879758727002e+00
2.380000000000000171e-03 1.457847960231897222e+00
2.400000000000000223e-03 1.400926433964861495e+00
2.420000000000000276e-03 1.465730898830898354e+00
2.440000000000000328e-03 1.556482537418200529e+00
2.460000000000000381e-03 1.677277980915279798e+00
2.480000000000000000e-03 1.841961013152898508e+00
2.500000000000000052e-03 2.061041588977809536e+00
2.520000000000000104e-03 1.998948966583240061e+00
2.540000000000000157e-03 1.649783224419620886e+00
2.560000000000000209e-03 1.774367503173950533e+00
2.580000000000000262e-03 1.845974711483744590e+00
2.600000000000000314e-03 1.904151572244150437e+00
2.620000000000000367e-03 2.004980815492902746e+00
2.640000000000000419e-03 2.040295330907010651e+00
2.660000000000000038e-03 2.160817679241366029e+00
2.680000000000000090e-03 2.247174523756735542e+00
2.700000000000000143e-03 1.899455718418237682e+00
2.720000000000000195e-03 1.625326724853441762e+00
2.740000000000000248e-03 1.874592608866894938e+00
2.760000000000000300e-03 1.701848831361459702e+00
2.780000000000000353e-03 1.421898036653423958e+00
2.800000000000000405e-03 1.275701222102305188e+00
2.820000000000000024e-03 1.330033350096515132e+00
2.840000000000000076e-03 1.389416023940036604e+00
2.860000000000000129e-03 1.414286355953730201e+00
2.880000000000000181e-03 1.415040637258998313e+00
2.900000000000000234e-03 1.408770523042161438e+00
2.920000000000000286e-03 1.437251376536124337e+00
2.940000000000000339e-03 1.533955535667671732e+00
2.960000000000000391e-03 1.302906541029144272e+00
2.980000000000000444e-03 1.504851481888700881e+00
3.000000000000000062e-03 1.435119158609916568e+00
3.020000000000000115e-03 1.384593577690587551e+00
3.040000000000000167e-03 1.365851488807990233e+00
3.060000000000000220e-03 1.237440956995068397e+00
3.080000000000000272e-03 1.232125124461040944e+00
3.100000000000000325e-03 1.454779046173747759e+00
3.120000000000000377e-03 1.451022583019402346e+00
3.140000000000000430e-03 1.336072213646159801e+00
3.160000000000000048e-03 1.260108718150042328e+00
3.180000000000000101e-03 1.316919298484786616e+00
3.200000000000000153e-03 1.455265166721028347e+00
3.220000000000000206e-03 1.605403069788358561e+00
3.240000000000000258e-03 1.507345909047643540e+00
3.260000000000000311e-03 1.484947383279487054e+00
3.280000000000000363e-03 1.664346518538644792e+00
3.300000000000000416e-03 1.769873679489767593e+00
3.320000000000000468e-03 1.858219354774190979e+00
3.340000000000000087e-03 1.898834810598776679e+00
3.360000000000000139e-03 1.923917028672371909e+00
3.380000000000000192e-03 1.852422194354893081e+00
3.400000000000000244e-03 1.761460955971150710e+00
3.420000000000000297e-03 1.961547279132879629e+00
3.440000000000000349e-03 2.056129291422998051e+00
3.460000000000000402e-03 2.005342025074195789e+00
3.480000000000000454e-03 1.980847666316795763e+00
3.500000000000000073e-03 1.900250550794690074e+00
3.520000000000000125e-03 1.806991653971214973e+00
3.540000000000000178e-03 1.414279155734646576e+00
3.560000000000000230e-03 1.462932586902932819e+00
3.580000000000000283e-03 1.477238616060038812e+00
3.600000000000000335e-03 1.581664538026837263e+00
3.620000000000000388e-03 1.685555636973925520e+00
3.640000000000000440e-03 1.597135423096663898e+00
3.660000000000000493e-03 1.383638187752029403e+00
3.680000000000000111e-03 1.314403379558306550e+00
3.700000000000000164e-03 1.262912957723531848e+00
3.720000000000000216e-03 1.310142643191620770e+00
3.740000000000000269e-03 1.432860538279022489e+00
3.760000000000000321e-03 1.605428982230859836e+00
3.780000000000000374e-03 1.814527045577143394e+00
3.800000000000000426e-03 1.908226370789992021e+00
3.820000000000000479e-03 1.944996281840875696e+00
3.840000000000000531e-03 2.087853784666282131e+00
3.860000000000000150e-03 2.241470729447574417e+00
3.880000000000000202e-03 2.269497966166132752e+00
3.900000000000000255e-03 2.200500751444818714e+00
3.920000000000000741e-03 2.119032991484885553e+00
3.939999999999999926e-03 2.046467784676740731e+00
3.959999999999999978e-03 1.986571054136885728e+00
3.980000000000000031e-03 1.936298833403228947e+00
4.000000000000000083e-03 1.889371518166423458e+00
4.020000000000000136e-03 1.843811613068937927e+00
4.040000000000000188e-03 1.812955397958560200e+00
4.060000000000000241e-03 1.840624808998041040e+00
4.080000000000000293e-03 1.817167284670621719e+00
4.100000000000000346e-03 1.460187682707130286e+00
4.120000000000000398e-03 1.379439185528246181e+00
4.140000000000000450e-03 1.498931652565724360e+00
4.160000000000000503e-03 1.795887406412951970e+00
4.180000000000000555e-03 2.022625415347871769e+00
4.200000000000000608e-03 2.062112933526433434e+00
4.220000000000000660e-03 2.024947023816650926e+00
4.240000000000000713e-03 1.823004775486935181e+00
4.260000000000000765e-03 1.836999866728644903e+00
4.279999999999999950e-03 2.000625752975851324e+00
4.300000000000000003e-03 2.043691201065355845e+00
4.320000000000000055e-03 2.067722015582970307e+00
4.340000000000000108e-03 2.109786692316029111e+00
4.360000000000000160e-03 2.112267740671093019e+00
4.380000000000000213e-03 1.952866250818256155e+00
4.400000000000000265e-03 1.681962994609205841e+00
4.420000000000000318e-03 1.668583006953107351e+00
4.440000000000000370e-03 1.765875037865568320e+00
4.460000000000000422e-03 1.719435233338944879e+00
4.480000000000000475e-03 1.676994917635297178e+00
4.500000000000000527e-03 1.686972848681639547e+00
4.520000000000000580e-03 1.744643203380406238e+00
4.540000000000000632e-03 1.736498343527406618e+00
4.560000000000000685e-03 1.690738037423825446e+00
4.580000000000000737e-03 1.666584375015457642e+00
4.600000000000000790e-03 1.668759797362389330e+00
4.619999999999999975e-03 1.748696163890118838e+00
4.640000000000000027e-03 1.861934152788721875e+00
4.660000000000000080e-03 1.872027659965850521e+00
4.680000000000000132e-03 1.777043321259545117e+00
4.700000000000000185e-03 1.625243512434958681e+00
4.720000000000000237e-03 1.563380939957173421e+00
4.740000000000000289e-03 1.602723306350242405e+00
4.760000000000000342e-03 1.641946118755928774e+00
4.780000000000000394e-03 1.651210284654387017e+00
4.800000000000000447e-03 1.732801237193075661e+00
4.820000000000000499e-03 1.728742982382884374e+00
4.840000000000000552e-03 1.546142210121673299e+00
4.860000000000000604e-03 1.661828312211166336e+00
4.880000000000000657e-03 1.894887779737895128e+00
4.900000000000000709e-03 1.988120722881161928e+00
4.920000000000000762e-03 1.773238609794727916e+00
4.940000000000000814e-03 1.413086701100238596e+00
4.959999999999999999e-03 1.172537953374291009e+00
4.980000000000000052e-03 1.137117178202043055e+00
5.000000000000000104e-03 1.424673041710660337e+00
5.020000000000000157e-03 1.559263169700374707e+00
5.040000000000000209e-03 1.335528217771527304e+00
5.060000000000000261e-03 1.308204624448317865e+00
5.080000000000000314e-03 1.370028131819217343e+00
5.100000000000000366e-03 1.436842185838471897e+00
5.120000000000000419e-03 1.498605166566239877e+00
5.140000000000000471e-03 1.559857400103154434e+00
5.160000000000000524e-03 1.634921130152513502e+00
5.180000000000000576e-03 1.762980698881051023e+00
5.200000000000000629e-03 1.963817088629554508e+00
5.220000000000000681e-03 1.983692484461574868e+00
5.240000000000000734e-03 1.825471926864238981e+00
5.260000000000000786e-03 1.612788716345588735e+00
5.280000000000000838e-03 1.589914257289370969e+00
5.300000000000000024e-03 1.655206103725150868e+00
5.320000000000000076e-03 1.679349163845745618e+00
5.340000000000000129e-03 1.729244850199640471e+00
5.360000000000000181e-03 1.738455946702156307e+00
5.380000000000000233e-03 1.686049033900232530e+00
5.400000000000000286e-03 1.613156835603799744e+00
5.420000000000000338e-03 1.513374694179307589e+00
5.440000000000000391e-03 1.364044682458172231e+00
5.460000000000000443e-03 1.388289145274629099e+00
5.480000000000000496e-03 1.565495994123262236e+00
5.500000000000000548e-03 1.633224279797897083e+00
5.520000000000000601e-03 1.637145375830027838e+00
5.540000000000000653e-03 1.578333538464898211e+00
5.560000000000000706e-03 1.561297499244573839e+00
5.580000000000000758e-03 1.754751782808417371e+00
5.600000000000000810e-03 1.820201429074830290e+00
5.620000000000000863e-03 1.782100840739565317e+00
5.640000000000000048e-03 1.634514331210593863e+00
5.660000000000000100e-03 1.548551256745000826e+00
5.680000000000000153e-03 1.593405769965367202e+00
5.700000000000000205e-03 1.660617839611361113e+00
5.720000000000000258e-03 1.737033516720594140e+00
5.740000000000000310e-03 1.843187641860623671e+00
5.760000000000000363e-03 1.912374684278404402e+00
5.780000000000000415e-03 1.909335295549672074e+00
5.800000000000000468e-03 1.862432994797732722e+00
5.820000000000000520e-03 1.871134122043931480e+00
5.840000000000000573e-03 1.858286736706982634e+00
5.860000000000000625e-03 1.834827030845495477e+00
5.880000000000000678e-03 1.826703058171110339e+00
5.900000000000000730e-03 1.562190278897486184e+00
5.920000000000000782e-03 1.677159322529229613e+00
5.940000000000000835e-03 1.752962049113421905e+00
5.960000000000000887e-03 1.809174731118162960e+00
5.980000000000000072e-03 1.847911899903987631e+00
6.000000000000000125e-03 1.873508916484454501e+00
6.020000000000000177e-03 1.896993043009412405e+00
6.040000000000000230e-03 1.941986436581172537e+00
6.060000000000000282e-03 2.029527207972930292e+00
6.080000000000000335e-03 2.023029509467964893e+00
6.100000000000000387e-03 1.771753340375373131e+00
6.120000000000000440e-03 1.795877197612222087e+00
6.140000000000000492e-03 1.837757606414339495e+00
6.160000000000000545e-03 1.638373338280195490e+00
6.180000000000000597e-03 1.519373745858040969e+00
6.200000000000000649e-03 1.719709153301224758e+00
6.220000000000000702e-03 1.876991476154732386e+00
6.240000000000000754e-03 1.972446400763471885e+00
6.260000000000000807e-03 1.847163943195511138e+00
6.280000000000000859e-03 1.760726813064011465e+00
6.300000000000000912e-03 1.914580709564265959e+00
6.320000000000000097e-03 2.034905596354406487e+00
6.340000000000000149e-03 2.043394884076210616e+00
6.360000000000000202e-03 1.842743946632486640e+00
6.380000000000000254e-03 1.494059784950590997e+00
6.400000000000000307e-03 1.222251186760274777e+00
6.420000000000000359e-03 1.338516218027346660e+00
6.440000000000000412e-03 1.610156441715215436e+00
6.460000000000000464e-03 1.640984722570423937e+00
6.480000000000000517e-03 1.537238749062900256e+00
6.500000000000000569e-03 1.799057101813037018e+00
6.520000000000000621e-03 1.843146305083263048e+00
6.540000000000000674e-03 1.725869258972243747e+00
6.560000000000000726e-03 1.908452551976846490e+00
6.580000000000000779e-03 1.966896147300481790e+00
6.600000000000000831e-03 1.909078025908518939e+00
6.620000000000000884e-03 1.815687862010071818e+00
6.640000000000000936e-03 1.776633624154676294e+00
6.660000000000000121e-03 1.765946749654543346e+00
6.680000000000000174e-03 1.749115003615088426e+00
6.700000000000000226e-03 1.661670768586380298e+00
6.720000000000000279e-03 1.473779218449286166e+00
6.740000000000000331e-03 1.267439550469845022e+00
6.760000000000000384e-03 1.214803845146886552e+00
6.780000000000000436e-03 1.422872592008453285e+00
6.800000000000000488e-03 1.656520720367496091e+00
6.820000000000000541e-03 1.529436583632118873e+00
6.840000000000000593e-03 1.418245590254071153e+00
6.860000000000000646e-03 1.391458241016728881e+00
6.880000000000000698e-03 1.418205073187395637e+00
6.900000000000000751e-03 1.476929978830058721e+00
6.920000000000000803e-03 1.558921165929109787e+00
6.940000000000000856e-03 1.657021480578250827e+00
6.960000000000000908e-03 1.715960864682532394e+00
6.980000000000000961e-03 1.708113952582193118e+00
7.000000000000000146e-03 1.675590989478378923e+00
7.020000000000000198e-03 1.647417918117245472e+00
7.040000000000000251e-03 1.654847685163182591e+00
7.060000000000000303e-03 1.664148052538618749e+00
7.080000000000000356e-03 1.645963921760365434e+00
7.100000000000000408e-03 1.747988041768836709e+00
7.120000000000000460e-03 1.893773459870900844e+00
7.140000000000000513e-03 1.794284613948362139e+00
7.160000000000000565e-03 1.668145499972211843e+00
7.180000000000000618e-03 1.701138010124345401e+00
7.200000000000000670e-03 1.810023620043220038e+00
7.220000000000000723e-03 1.859085516812643224e+00
7.240000000000000775e-03 1.985603494120127044e+00
7.260000000000000828e-03 2.130580995315606518e+00
7.280000000000000880e-03 2.182453223054757530e+00
7.300000000000000933e-03 2.247008412764310847e+00
7.320000000000000985e-03 2.051200566160714445e+00
7.340000000000000170e-03 1.784785150107113028e+00
7.360000000000000223e-03 1.572797988452904416e+00
7.380000000000000275e-03 1.658728791106051759e+00
7.400000000000000328e-03 1.602151895882863109e+00
7.420000000000000380e-03 1.559581288158579770e+00
7.440000000000000432e-03 1.642183595432795240e+00
7.460000000000000485e-03 1.697848147847969447e+00
7.480000000000000537e-03 1.767309509234621823e+00
7.500000000000000590e-03 1.651303769482066475e+00
7.520000000000000642e-03 1.562212054599601885e+00
7.540000000000000695e-03 1.519151660694438410e+00
7.560000000000000747e-03 1.526772654881282110e+00
7.580000000000000800e-03 1.596990098138977743e+00
7.600000000000000852e-03 1.636582193689395837e+00
7.620000000000000905e-03 1.577865149103931941e+00
7.640000000000000957e-03 1.470715917723486088e+00
7.660000000000001009e-03 1.351664958890191670e+00
7.680000000000001062e-03 1.325009238908667619e+00
7.700000000000000247e-03 1.294162603888540097e+00
7.720000000000000299e-03 1.246093663329867596e+00
7.740000000000000352e-03 1.327256096280025499e+00
7.760000000000000404e-03 1.560286415850006048e+00
7.780000000000000457e-03 1.721348233239076819e+00
7.800000000000000509e-03 1.895804779829302733e+00
7.820000000000000562e-03 1.783374207437522063e+00
7.840000000000001482e-03 1.695453078616758091e+00
7.860000000000000667e-03 1.709421044427494873e+00
7.879999999999999852e-03 1.685374013508174063e+00
7.900000000000000772e-03 1.538298614736343328e+00
7.919999999999999957e-03 1.479418429342074681e+00
7.940000000000000877e-03 1.615432842940349945e+00
7.960000000000000062e-03 1.773904212738074859e+00
7.980000000000000981e-03 1.853499659360074991e+00
8.000000000000000167e-03 1.857401107629387926e+00
8.020000000000001086e-03 1.825163614844155235e+00
8.040000000000000271e-03 1.844916933715238905e+00
8.060000000000001191e-03 1.873930733749415323e+00
8.080000000000000376e-03 1.818654418294857411e+00
8.100000000000001296e-03 1.666180219202515911e+00
8.120000000000000481e-03 1.519169018907541968e+00
8.140000000000001401e-03 1.456402347723360302e+00
8.160000000000000586e-03 1.363092030128310483e+00
8.180000000000001506e-03 1.309017162480890395e+00
8.200000000000000691e-03 1.347283076732850526e+00
8.219999999999999876e-03 1.404535055646032760e+00
8.240000000000000796e-03 1.449880045465156364e+00
8.259999999999999981e-03 1.633257292995070165e+00
8.280000000000000901e-03 1.702463266944496123e+00
8.300000000000000086e-03 1.815501934043729282e+00
8.320000000000001006e-03 1.951806786714546993e+00
8.340000000000000191e-03 1.810110171282043545e+00
8.360000000000001111e-03 1.614326695890074159e+00
8.380000000000000296e-03 1.558881716417658714e+00
8.400000000000001216e-03 1.795683320647160519e+00
8.420000000000000401e-03 1.686957222511484389e+00
8.440000000000001321e-03 1.596022918086701381e+00
8.460000000000000506e-03 1.599798278185341704e+00
8.480000000000001426e-03 1.654603769134441293e+00
8.500000000000000611e-03 1.695436751765098338e+00
8.520000000000001530e-03 1.692352905098955862e+00
8.540000000000000716e-03 1.698705721600441976e+00
8.559999999999999901e-03 1.863744482689946746e+00
8.580000000000000820e-03 2.075952461264240156e+00
8.600000000000000006e-03 2.079973797308839689e+00
8.620000000000000925e-03 2.039071217766277755e+00
8.640000000000000110e-03 1.881272302572037702e+00
8.660000000000001030e-03 1.731032470136522283e+00
8.680000000000000215e-03 1.692149122726674726e+00
8.700000000000001135e-03 1.676502762585934558e+00
8.720000000000000320e-03 1.634852000901799496e+00
8.740000000000001240e-03 1.587384664764312170e+00
8.760000000000000425e-03 1.560577430927838405e+00
8.780000000000001345e-03 1.569260176359861481e+00
8.800000000000000530e-03 1.648843812164600742e+00
8.820000000000001450e-03 1.851989270318028291e+00
8.840000000000000635e-03 2.067888957390462856e+00
8.860000000000001555e-03 2.183291108960009552e+00
8.880000000000000740e-03 2.109914204277124838e+00
8.899999999999999925e-03 1.872567892011528734e+00
8.920000000000000845e-03 1.785076921901140201e+00
8.940000000000000030e-03 1.803940722316631717e+00
8.960000000000000950e-03 1.912029943427847822e+00
8.980000000000000135e-03 2.028457631107072334e+00
9.000000000000001055e-03 1.954086603255276833e+00
9.020000000000000240e-03 1.790293525377536943e+00
9.040000000000001160e-03 1.705631004636212200e+00
9.060000000000000345e-03 1.684280612428352031e+00
9.080000000000001265e-03 1.693611077093153838e+00
9.100000000000000450e-03 1.724425410139250214e+00
9.120000000000001369e-03 1.778209412224289521e+00
9.140000000000000555e-03 1.855606325087807207e+00
9.160000000000001474e-03 1.951384230611768356e+00
9.180000000000000659e-03 2.054897923179600294e+00
9.200000000000001579e-03 2.152925098976561813e+00
9.220000000000000764e-03 2.236181512763582457e+00
9.239999999999999949e-03 2.310226915436764283e+00
9.260000000000000869e-03 2.388633435864464527e+00
9.280000000000000054e-03 2.455311195185140072e+00
9.300000000000000974e-03 2.486573441578058929e+00
9.320000000000000159e-03 2.524251521511364338e+00
9.340000000000001079e-03 2.503203828927861974e+00
9.360000000000000264e-03 2.348323427527692964e+00
9.380000000000001184e-03 2.199766493151897429e+00
9.400000000000000369e-03 2.108244493345015513e+00
9.420000000000001289e-03 2.060234010491189593e+00
9.440000000000000474e-03 2.039715387114138245e+00
9.460000000000001394e-03 2.034474231694654911e+00
9.480000000000000579e-03 2.029624756196144020e+00
9.500000000000001499e-03 2.003041066910988377e+00
9.520000000000000684e-03 1.936563935727058983e+00
9.540000000000001604e-03 1.852089967215129196e+00
9.560000000000000789e-03 1.824862233699600100e+00
9.579999999999999974e-03 1.919469610423379491e+00
9.600000000000000894e-03 2.057342897411154947e+00
9.620000000000000079e-03 1.995990512375428683e+00
9.640000000000000999e-03 1.958517790316207430e+00
9.660000000000000184e-03 1.981019768094975042e+00
9.680000000000001104e-03 1.943513915204895248e+00
9.700000000000000289e-03 1.872540060077093393e+00
9.720000000000001208e-03 1.859658769822064350e+00
9.740000000000000394e-03 1.791790075010588179e+00
9.760000000000001313e-03 1.691400711855497008e+00
9.780000000000000498e-03 1.602996520154058357e+00
9.800000000000001418e-03 1.547836904055716056e+00
9.820000000000000603e-03 1.535037646389164845e+00
9.840000000000001523e-03 1.557402340330308110e+00
9.860000000000000708e-03 1.586749723847466598e+00
9.880000000000001628e-03 1.591280823958548307e+00
9.900000000000000813e-03 1.566248651048581131e+00
9.919999999999999998e-03 1.540480346693339664e+00
9.940000000000000918e-03 1.566239277295380594e+00
9.960000000000000103e-03 1.690317250636431901e+00
9.980000000000001023e-03 1.936396218804469216e+00
