0.000000000000000000e+00 2.091251024896177313e+00
2.000000000000000164e-05 2.045143651908489790e+00
4.000000000000000327e-05 2.001435848520066507e+00
6.000000000000000830e-05 2.078181933833905148e+00
8.000000000000000654e-05 2.095915583534157633e+00
1.000000000000000048e-04 1.838677921805246918e+00
1.200000000000000166e-04 1.703176310050070530e+00
1.400000000000000148e-04 1.809156606894847918e+00
1.600000000000000131e-04 1.862778025011582850e+00
1.800000000000000113e-04 1.796514294425365810e+00
2.000000000000000096e-04 1.788564972943102793e+00
2.200000000000000078e-04 1.799579620577892225e+00
2.400000000000000332e-04 1.748957875246257565e+00
2.600000000000000314e-04 1.791549240695193612e+00
2.800000000000000297e-04 1.894471539296843421e+00
3.000000000000000279e-04 1.843233387847282190e+00
3.200000000000000262e-04 1.839035197105497899e+00
3.400000000000000244e-04 1.919165791248539588e+00
3.600000000000000227e-04 2.049778370005413741e+00
3.800000000000000209e-04 2.116263286413821554e+00
4.000000000000000192e-04 2.147987120057012422e+00
4.200000000000000174e-04 2.198063103013800479e+00
4.400000000000000157e-04 2.042908622883627956e+00
4.600000000000000139e-04 1.774595633749136647e+00
4.800000000000000664e-04 1.607521490754898474e+00
5.000000000000000104e-04 1.629671410812904453e+00
5.200000000000000629e-04 1.836192842037297268e+00
5.400000000000000069e-04 2.033586836255325991e+00
5.600000000000000594e-04 2.064179407887687834e+00
5.800000000000000034e-04 2.109726922314068442e+00
6.000000000000000559e-04 2.097183431340361892e+00
6.199999999999999999e-04 2.080307368097955134e+00
6.400000000000000524e-04 2.069849792552308720e+00
6.600000000000001048e-04 2.011622276814120980e+00
6.800000000000000488e-04 1.799701000945771678e+00
7.000000000000001013e-04 1.796398384179242136e+00
7.200000000000000453e-04 1.894827512916683609e+00
7.400000000000000978e-04 1.405926991423073869e+00
7.600000000000000418e-04 1.281778392474659078e+00
7.800000000000000943e-04 1.487406821749674091e+00
8.000000000000000383e-04 1.789652032268190585e+00
8.200000000000000908e-04 1.903119484421750940e+00
8.400000000000000348e-04 2.078771187669016474e+00
8.600000000000000873e-04 2.133319590984617875e+00
8.800000000000000313e-04 2.108578379825938320e+00
9.000000000000000838e-04 2.083244733509941327e+00
9.200000000000000278e-04 2.085537577400310205e+00
9.400000000000000803e-04 2.085174994138351057e+00
9.600000000000001327e-04 2.013999509374909458e+00
9.800000000000001852e-04 1.898014286559865038e+00
1.000000000000000021e-03 1.844403475626035460e+00
1.020000000000000073e-03 1.864113179539510279e+00
1.040000000000000126e-03 1.935952051652350958e+00
1.060000000000000178e-03 2.069354898346941862e+00
1.080000000000000014e-03 2.042851338550347950e+00
1.100000000000000066e-03 2.029031884058536406e+00
1.120000000000000119e-03 2.087386395518518345e+00
1.140000000000000171e-03 2.110121150652401134e+00
1.160000000000000007e-03 1.831651430763125976e+00
1.180000000000000059e-03 1.824662416388465935e+00
1.200000000000000112e-03 1.842955878222028776e+00
1.220000000000000164e-03 1.867800118604685089e+00
1.240000000000000000e-03 1.908703534307286453e+00
1.260000000000000052e-03 1.985842776810130328e+00
1.280000000000000105e-03 2.113115499608840153e+00
1.300000000000000157e-03 1.802744734826477568e+00
1.320000000000000210e-03 1.605613563532652943e+00
1.340000000000000045e-03 1.596469339713256552e+00
1.360000000000000098e-03 1.606575781045271434e+00
1.380000000000000150e-03 1.586875955241274117e+00
1.400000000000000203e-03 1.539234201747403663e+00
1.420000000000000038e-03 1.472466924397413557e+00
1.440000000000000091e-03 1.458762063811255949e+00
1.460000000000000143e-03 1.567323814795287262e+00
1.480000000000000196e-03 1.623652474322286432e+00
1.500000000000000031e-03 1.557948389456885074e+00
1.520000000000000084e-03 1.596286851432286102e+00
1.540000000000000136e-03 1.653648981333936563e+00
1.560000000000000189e-03 1.639995471595025123e+00
1.580000000000000024e-03 1.559151042630284145e+00
1.600000000000000077e-03 1.435281726625404985e+00
1.620000000000000129e-03 1.303268231122540310e+00
1.640000000000000182e-03 1.217861804667229819e+00
1.660000000000000234e-03 1.226327970825581426e+00
1.680000000000000070e-03 1.417117217572753773e+00
1.700000000000000122e-03 1.748466333018831698e+00
1.720000000000000175e-03 1.743585804064220035e+00
1.740000000000000227e-03 1.877560818350803240e+00
1.760000000000000063e-03 1.854182095048639400e+00
1.780000000000000115e-03 1.772886169724912975e+00
1.800000000000000168e-03 1.732066960717159709e+00
1.820000000000000220e-03 1.819883472021353921e+00
1.840000000000000056e-03 1.811627641993438731e+00
1.860000000000000108e-03 2.005463884241481143e+00
1.880000000000000161e-03 2.079950039224613967e+00
1.900000000000000213e-03 2.030113076824285212e+00
1.920000000000000265e-03 1.942234009258762217e+00
1.940000000000000101e-03 2.018304253803316684e+00
1.960000000000000370e-03 2.136362851183254641e+00
1.979999999999999989e-03 2.048130458543162558e+00
2.000000000000000042e-03 1.867348655207375252e+00
2.020000000000000094e-03 1.721942419835437832e+00
2.040000000000000147e-03 1.639678673774280337e+00
2.060000000000000199e-03 1.602869452107865023e+00
2.080000000000000251e-03 1.583759822835246522e+00
2.100000000000000304e-03 1.582035576963537249e+00
2.120000000000000356e-03 1.632566200030257875e+00
2.139999999999999975e-03 1.752645918669652580e+00
2.160000000000000028e-03 1.901573329654325129e+00
2.180000000000000080e-03 2.011707646408154471e+00
2.200000000000000133e-03 2.049460296876429055e+00
2.220000000000000185e-03 2.039911702582727138e+00
2.240000000000000237e-03 2.031142946284162143e+00
2.260000000000000290e-03 2.043070247211551838e+00
2.280000000000000342e-03 2.077176956399696905e+00
2.300000000000000395e-03 2.122022120605699058e+00
2.320000000000000014e-03 2.130525246386199445e+00
2.340000000000000066e-03 2.139665953127995124e+00
2.360000000000000119e-03 2.189984571654561396e+00
2.380000000000000171e-03 2.220454711246369062e+00
2.400000000000000223e-03 2.085216519644668587e+00
2.420000000000000276e-03 1.985310710237831122e+00
2.440000000000000328e-03 1.974427862089103591e+00
2.460000000000000381e-03 1.730091103109950623e+00
2.480000000000000000e-03 1.513575913388998995e+00
2.500000000000000052e-03 1.482016268707255557e+00
2.520000000000000104e-03 1.580560862180191872e+00
2.540000000000000157e-03 1.827755802991488432e+00
2.560000000000000209e-03 2.020582112259729168e+00
2.580000000000000262e-03 2.065929691135212298e+00
2.600000000000000314e-03 2.084728959463243214e+00
2.620000000000000367e-03 2.071598520577356162e+00
2.640000000000000419e-03 1.899344268045455308e+00
2.660000000000000038e-03 1.744748299373745315e+00
2.680000000000000090e-03 1.679079857593579028e+00
2.700000000000000143e-03 1.658623090208241280e+00
2.720000000000000195e-03 1.766294520530971912e+00
2.740000000000000248e-03 1.975743570937328331e+00
2.760000000000000300e-03 1.932686718909630397e+00
2.780000000000000353e-03 1.869694209477153368e+00
2.800000000000000405e-03 1.881761004809199056e+00
2.820000000000000024e-03 1.929286030906873783e+00
2.840000000000000076e-03 1.993876646911640460e+00
2.860000000000000129e-03 2.061158081355508820e+00
2.880000000000000181e-03 2.037198164240926701e+00
2.900000000000000234e-03 1.885336892897161665e+00
2.920000000000000286e-03 1.705842577945823280e+00
2.940000000000000339e-03 1.324688475658790665e+00
2.960000000000000391e-03 1.241018971530949866e+00
2.980000000000000444e-03 1.359323788936680710e+00
3.000000000000000062e-03 1.481203725490570999e+00
3.020000000000000115e-03 1.619756697821376434e+00
3.040000000000000167e-03 2.016160744681680939e+00
3.060000000000000220e-03 1.779171457797214195e+00
3.080000000000000272e-03 1.489011970003918606e+00
3.100000000000000325e-03 1.475888837769882000e+00
3.120000000000000377e-03 1.535056297297771266e+00
3.140000000000000430e-03 1.605470064100712690e+00
3.160000000000000048e-03 1.786321182468182833e+00
3.180000000000000101e-03 2.072747766461648489e+00
3.200000000000000153e-03 2.088054117405435672e+00
3.220000000000000206e-03 2.071894121558832236e+00
3.240000000000000258e-03 2.130252270247557700e+00
3.260000000000000311e-03 2.148314960724606149e+00
3.280000000000000363e-03 2.008170062319104332e+00
3.300000000000000416e-03 1.839563703683189999e+00
3.320000000000000468e-03 1.749637259979364812e+00
3.340000000000000087e-03 1.747406161487534249e+00
3.360000000000000139e-03 1.769349491798326346e+00
3.380000000000000192e-03 1.721664067410016763e+00
3.400000000000000244e-03 1.643796346475744130e+00
3.420000000000000297e-03 1.584861566979204550e+00
3.440000000000000349e-03 1.621781506352424795e+00
3.460000000000000402e-03 1.680281970761668742e+00
3.480000000000000454e-03 1.671185727440169799e+00
3.500000000000000073e-03 1.632575604658352164e+00
3.520000000000000125e-03 1.670827005762641981e+00
3.540000000000000178e-03 1.783237914881927288e+00
3.560000000000000230e-03 1.700662641573437384e+00
3.580000000000000283e-03 1.477011587583198615e+00
3.600000000000000335e-03 1.550961747825281289e+00
3.620000000000000388e-03 1.703413202191871978e+00
3.640000000000000440e-03 1.807365935070445850e+00
3.660000000000000493e-03 1.907526430175482846e+00
3.680000000000000111e-03 1.971559750736572969e+00
3.700000000000000164e-03 1.892443554853075804e+00
3.720000000000000216e-03 1.757865318319042913e+00
3.740000000000000269e-03 1.674314442710660433e+00
3.760000000000000321e-03 1.602130296700742029e+00
3.780000000000000374e-03 1.512848336054417597e+00
3.800000000000000426e-03 1.553225770607491008e+00
3.820000000000000479e-03 1.524083013753190663e+00
3.840000000000000531e-03 1.448276648552670576e+00
3.860000000000000150e-03 1.554391520284567951e+00
3.880000000000000202e-03 1.683450645344266361e+00
3.900000000000000255e-03 1.788854842765093212e+00
3.920000000000000741e-03 1.875147995311394311e+00
3.939999999999999926e-03 1.809893983088343150e+00
3.959999999999999978e-03 1.712696557505713812e+00
3.980000000000000031e-03 1.640350512340972067e+00
4.000000000000000083e-03 1.627181974166085343e+00
4.020000000000000136e-03 1.629720605561026048e+00
4.040000000000000188e-03 1.686112122340936548e+00
4.060000000000000241e-03 1.786709835394073131e+00
4.080000000000000293e-03 1.771877602725192347e+00
4.100000000000000346e-03 1.763997880501765980e+00
4.120000000000000398e-03 1.768425558655335461e+00
4.140000000000000450e-03 1.776187993114474839e+00
4.160000000000000503e-03 1.785780202297400976e+00
4.180000000000000555e-03 1.801278060201336295e+00
4.200000000000000608e-03 1.831019566962657663e+00
4.220000000000000660e-03 1.873361205660274642e+00
4.240000000000000713e-03 1.900765317535878296e+00
4.260000000000000765e-03 1.864089679598392113e+00
4.279999999999999950e-03 1.988994828315947982e+00
4.300000000000000003e-03 2.103890973453668600e+00
4.320000000000000055e-03 2.094507978131733061e+00
4.340000000000000108e-03 1.985179316536478389e+00
4.360000000000000160e-03 1.863858978480634088e+00
4.380000000000000213e-03 1.838581957059882033e+00
4.400000000000000265e-03 1.719764686748204374e+00
4.420000000000000318e-03 2.019194901702775269e+00
4.440000000000000370e-03 1.974260820441468667e+00
4.460000000000000422e-03 1.895048337543471906e+00
4.480000000000000475e-03 1.984550615720561240e+00
4.500000000000000527e-03 1.916760399015827065e+00
4.520000000000000580e-03 1.854508322894469208e+00
4.540000000000000632e-03 1.754209760451468370e+00
4.560000000000000685e-03 1.669899491051561213e+00
4.580000000000000737e-03 1.630596844317950822e+00
4.600000000000000790e-03 1.499125244929153222e+00
4.619999999999999975e-03 1.460887932852999338e+00
4.640000000000000027e-03 1.473273089422107329e+00
4.660000000000000080e-03 1.502961653756750060e+00
4.680000000000000132e-03 1.774493011389944641e+00
4.700000000000000185e-03 1.684633364820704804e+00
4.720000000000000237e-03 1.588538558236329834e+00
4.740000000000000289e-03 1.552152538284856664e+00
4.760000000000000342e-03 1.545627392037106418e+00
4.780000000000000394e-03 1.768877596277434794e+00
4.800000000000000447e-03 1.688772435606505695e+00
4.820000000000000499e-03 1.459899487215147840e+00
4.840000000000000552e-03 1.469459607847969806e+00
4.860000000000000604e-03 1.542150833238091989e+00
4.880000000000000657e-03 1.629530290653802949e+00
4.900000000000000709e-03 1.726479875844476153e+00
4.920000000000000762e-03 1.784073659863582684e+00
4.940000000000000814e-03 1.610723257531842201e+00
4.959999999999999999e-03 1.379078514376323561e+00
4.980000000000000052e-03 1.360028781161257250e+00
5.000000000000000104e-03 1.480996135209071696e+00
5.020000000000000157e-03 1.678718655751917144e+00
5.040000000000000209e-03 1.867693859182308902e+00
5.060000000000000261e-03 1.996643087803666283e+00
5.080000000000000314e-03 2.086221747019832762e+00
5.100000000000000366e-03 2.178724830261297818e+00
5.120000000000000419e-03 2.271383618197251320e+00
5.140000000000000471e-03 2.268812210955330144e+00
5.160000000000000524e-03 2.079451795630729460e+00
5.180000000000000576e-03 1.901300684150843523e+00
5.200000000000000629e-03 1.836727182741359599e+00
5.220000000000000681e-03 1.833687321756169553e+00
5.240000000000000734e-03 1.776348965723009599e+00
5.260000000000000786e-03 1.652542360005202049e+00
5.280000000000000838e-03 1.746163889163677929e+00
5.300000000000000024e-03 1.849235407736692816e+00
5.320000000000000076e-03 1.896757853928043636e+00
5.340000000000000129e-03 1.840859480966581918e+00
5.360000000000000181e-03 1.789024347303469042e+00
5.380000000000000233e-03 1.817022459045937177e+00
5.400000000000000286e-03 1.879842106817521952e+00
5.420000000000000338e-03 2.014294166552606402e+00
5.440000000000000391e-03 2.167462125462735312e+00
5.460000000000000443e-03 2.235809599203058440e+00
5.480000000000000496e-03 2.224267650868514412e+00
5.500000000000000548e-03 2.202040999848756009e+00
5.520000000000000601e-03 2.189719341338959957e+00
5.540000000000000653e-03 2.123411337387279829e+00
5.560000000000000706e-03 2.082659688968795386e+00
5.580000000000000758e-03 2.114791743745297659e+00
5.600000000000000810e-03 2.157236752623439280e+00
5.620000000000000863e-03 2.174704499291468807e+00
5.640000000000000048e-03 2.181992934276907103e+00
5.660000000000000100e-03 2.194194550224579210e+00
5.680000000000000153e-03 2.203624695177022641e+00
5.700000000000000205e-03 2.196600581863725310e+00
5.720000000000000258e-03 2.164641834096440398e+00
5.740000000000000310e-03 2.092040913698711257e+00
5.760000000000000363e-03 1.963524118652717032e+00
5.780000000000000415e-03 1.909459708790527177e+00
5.800000000000000468e-03 2.096066098396260458e+00
5.820000000000000520e-03 2.026405408883869441e+00
5.840000000000000573e-03 2.027429691451136495e+00
5.860000000000000625e-03 2.063846600865048675e+00
5.880000000000000678e-03 2.089942639986596351e+00
5.900000000000000730e-03 2.087267121447549556e+00
5.920000000000000782e-03 2.019120766024508740e+00
5.940000000000000835e-03 1.853932060225276679e+00
5.960000000000000887e-03 1.641932274039286987e+00
5.980000000000000072e-03 1.498156216161469434e+00
6.000000000000000125e-03 1.467361592664817582e+00
6.020000000000000177e-03 1.522187126270706958e+00
6.040000000000000230e-03 1.624874548288490317e+00
6.060000000000000282e-03 1.739417083148909082e+00
6.080000000000000335e-03 1.832667213785039051e+00
6.100000000000000387e-03 1.883078810198872688e+00
6.120000000000000440e-03 1.887690701189422615e+00
6.140000000000000492e-03 1.868531659366792219e+00
6.160000000000000545e-03 1.884951369468457205e+00
6.180000000000000597e-03 1.902719151528407870e+00
6.200000000000000649e-03 1.891659620597528235e+00
6.220000000000000702e-03 1.904954588277740779e+00
6.240000000000000754e-03 1.948909628020741192e+00
6.260000000000000807e-03 1.985630583128276783e+00
6.280000000000000859e-03 1.979038963573372945e+00
6.300000000000000912e-03 1.927291082994711191e+00
6.320000000000000097e-03 1.968431053480641957e+00
6.340000000000000149e-03 2.213324399798310083e+00
6.360000000000000202e-03 2.346478322270546091e+00
6.380000000000000254e-03 2.336473138439261632e+00
6.400000000000000307e-03 2.316841164859037239e+00
6.420000000000000359e-03 2.326876671688110854e+00
6.440000000000000412e-03 2.329097930919440174e+00
6.460000000000000464e-03 2.266210577429196515e+00
6.480000000000000517e-03 2.142028405664568425e+00
6.500000000000000569e-03 2.175063943963436053e+00
6.520000000000000621e-03 1.961902403203181322e+00
6.540000000000000674e-03 2.086462833146646823e+00
6.560000000000000726e-03 2.157602385474908679e+00
6.580000000000000779e-03 2.197635340359011646e+00
6.600000000000000831e-03 2.212149230802435529e+00
6.620000000000000884e-03 2.195810884990363032e+00
6.640000000000000936e-03 2.152232942990409015e+00
6.660000000000000121e-03 2.099820077963980847e+00
6.680000000000000174e-03 2.060907117292793522e+00
6.700000000000000226e-03 1.988310073493624541e+00
6.720000000000000279e-03 1.741071082066346865e+00
6.740000000000000331e-03 1.672015112462637898e+00
6.760000000000000384e-03 1.796883436851491656e+00
6.780000000000000436e-03 1.976045240001258918e+00
6.800000000000000488e-03 2.151771013846707881e+00
6.820000000000000541e-03 2.191519927157508540e+00
6.840000000000000593e-03 2.030168266012034817e+00
6.860000000000000646e-03 1.705160536480202715e+00
6.880000000000000698e-03 1.565802489608083770e+00
6.900000000000000751e-03 1.680349335034173386e+00
6.920000000000000803e-03 1.702362226038733883e+00
6.940000000000000856e-03 1.639658992944662330e+00
6.960000000000000908e-03 1.450070571749396686e+00
6.980000000000000961e-03 1.725189141250638158e+00
7.000000000000000146e-03 1.895161293347127351e+00
7.020000000000000198e-03 1.907169610870950160e+00
7.040000000000000251e-03 1.792791736792746615e+00
7.060000000000000303e-03 1.603581189035824028e+00
7.080000000000000356e-03 1.677520822746785267e+00
7.100000000000000408e-03 1.800639805330209509e+00
7.120000000000000460e-03 1.764331563112931267e+00
7.140000000000000513e-03 1.726673803843471688e+00
7.160000000000000565e-03 1.730034924386776085e+00
7.180000000000000618e-03 1.748498432999811669e+00
7.200000000000000670e-03 1.835330603801740956e+00
7.220000000000000723e-03 1.845436397285474595e+00
7.240000000000000775e-03 1.804317632712646668e+00
7.260000000000000828e-03 1.762662888024076890e+00
7.280000000000000880e-03 1.812665515708052233e+00
7.300000000000000933e-03 1.996350721242977411e+00
7.320000000000000985e-03 1.790059651886335645e+00
7.340000000000000170e-03 1.739284601442993239e+00
7.360000000000000223e-03 1.729436624763795782e+00
7.380000000000000275e-03 1.723480174705374957e+00
7.400000000000000328e-03 1.722380483348478597e+00
7.420000000000000380e-03 1.759479535931958161e+00
7.440000000000000432e-03 1.813752151545962032e+00
7.460000000000000485e-03 1.817003865296470400e+00
7.480000000000000537e-03 1.846133062857346019e+00
7.500000000000000590e-03 1.949778832213485691e+00
7.520000000000000642e-03 2.150140262734890673e+00
7.540000000000000695e-03 2.261937210232873863e+00
7.560000000000000747e-03 2.175794644180698345e+00
7.580000000000000800e-03 2.098141584362164913e+00
7.600000000000000852e-03 2.062948985527230050e+00
7.620000000000000905e-03 2.036477251073334660e+00
7.640000000000000957e-03 1.965533813777902594e+00
7.660000000000001009e-03 1.964925083933468208e+00
7.680000000000001062e-03 2.029297808494479938e+00
7.700000000000000247e-03 1.913965597313554312e+00
7.720000000000000299e-03 1.853087607241259871e+00
7.740000000000000352e-03 1.799829260527930241e+00
7.760000000000000404e-03 1.686944508796524467e+00
7.780000000000000457e-03 1.584633255927143658e+00
7.800000000000000509e-03 1.526549228410706505e+00
7.820000000000000562e-03 1.552856836751593139e+00
7.840000000000001482e-03 1.656967554951137345e+00
7.860000000000000667e-03 1.779665117480657699e+00
7.879999999999999852e-03 1.854509783829106917e+00
7.900000000000000772e-03 1.858173083016759097e+00
7.919999999999999957e-03 1.822818992789652093e+00
7.940000000000000877e-03 1.785066913147012713e+00
7.960000000000000062e-03 1.759211311076175122e+00
7.980000000000000981e-03 1.744681815907842992e+00
8.000000000000000167e-03 1.737146122669438686e+00
8.020000000000001086e-03 1.733113218671936462e+00
8.040000000000000271e-03 1.730630639397244597e+00
8.060000000000001191e-03 1.728947423587610110e+00
8.080000000000000376e-03 1.728645770183156127e+00
8.100000000000001296e-03 1.734087969411585384e+00
8.120000000000000481e-03 1.762802052983039935e+00
8.140000000000001401e-03 1.864149268936072801e+00
8.160000000000000586e-03 2.075043658789283541e+00
8.180000000000001506e-03 2.243237117890705790e+00
8.200000000000000691e-03 2.287079413721387233e+00
8.219999999999999876e-03 2.321468525984237363e+00
8.240000000000000796e-03 2.356911346869622115e+00
8.259999999999999981e-03 2.355245585020974808e+00
8.280000000000000901e-03 2.315725732048646623e+00
8.300000000000000086e-03 2.255388747013399087e+00
8.320000000000001006e-03 2.186708005629875551e+00
8.340000000000000191e-03 2.122300421204723619e+00
8.360000000000001111e-03 2.082679965992877413e+00
8.380000000000000296e-03 2.085441405712402663e+00
8.400000000000001216e-03 2.137720875745319660e+00
8.420000000000000401e-03 2.220464949657048770e+00
8.440000000000001321e-03 2.268681845338319736e+00
8.460000000000000506e-03 2.277760265797432737e+00
8.480000000000001426e-03 2.295926742814422106e+00
8.500000000000000611e-03 2.394296458488665458e+00
8.520000000000001530e-03 2.485358015430016554e+00
8.540000000000000716e-03 2.411717317562184881e+00
8.559999999999999901e-03 2.326867267118334581e+00
8.580000000000000820e-03 2.228833125734382747e+00
8.600000000000000006e-03 2.113291372499328080e+00
8.620000000000000925e-03 1.951547087541126935e+00
8.640000000000000110e-03 1.910001124555168683e+00
8.660000000000001030e-03 1.976902620698636870e+00
8.680000000000000215e-03 2.094835136308481172e+00
8.700000000000001135e-03 2.097902961685511158e+00
8.720000000000000320e-03 1.977322539142876590e+00
8.740000000000001240e-03 1.869588487870523341e+00
8.760000000000000425e-03 1.702399733536990034e+00
8.780000000000001345e-03 1.544614958202682242e+00
8.800000000000000530e-03 1.535176577276831100e+00
8.820000000000001450e-03 1.596327486279771168e+00
8.840000000000000635e-03 1.690410494383180584e+00
8.860000000000001555e-03 1.805320793680857738e+00
8.880000000000000740e-03 1.890057241632149720e+00
8.899999999999999925e-03 1.934430551721946667e+00
8.920000000000000845e-03 1.986460052882879745e+00
8.940000000000000030e-03 2.172441005508831235e+00
8.960000000000000950e-03 2.329522401795830699e+00
8.980000000000000135e-03 2.315463994872752895e+00
9.000000000000001055e-03 2.095561546525047003e+00
9.020000000000000240e-03 1.923899743048639976e+00
9.040000000000001160e-03 1.885399258499644626e+00
9.060000000000000345e-03 1.907635311734983130e+00
9.080000000000001265e-03 1.945322236664714932e+00
9.100000000000000450e-03 1.944758167954659722e+00
9.120000000000001369e-03 1.925622087017440531e+00
9.140000000000000555e-03 1.940791974990463409e+00
9.160000000000001474e-03 1.988195194084803274e+00
9.180000000000000659e-03 2.040157238520988070e+00
9.200000000000001579e-03 2.069571348465974570e+00
9.220000000000000764e-03 2.053967986340196727e+00
9.239999999999999949e-03 1.994882760587725956e+00
9.260000000000000869e-03 1.941193514982104906e+00
9.280000000000000054e-03 1.948062101689793657e+00
9.300000000000000974e-03 2.016389348676836946e+00
9.320000000000000159e-03 2.109380062070506767e+00
9.340000000000001079e-03 2.170942313827583625e+00
9.360000000000000264e-03 2.092051677563369516e+00
9.380000000000001184e-03 1.898296240460032536e+00
9.400000000000000369e-03 1.848317123134232798e+00
9.420000000000001289e-03 1.921503010030416680e+00
9.440000000000000474e-03 1.686443211421435606e+00
9.460000000000001394e-03 1.742650645041162960e+00
9.480000000000000579e-03 1.889255414980587133e+00
9.500000000000001499e-03 1.797859568376204420e+00
9.520000000000000684e-03 1.799650656452451036e+00
9.540000000000001604e-03 1.870417998970697937e+00
9.560000000000000789e-03 1.934766859905842740e+00
9.579999999999999974e-03 1.983805273726096940e+00
9.600000000000000894e-03 1.979240493616061247e+00
9.620000000000000079e-03 1.857661022412564922e+00
9.640000000000000999e-03 1.720203376552118746e+00
9.660000000000000184e-03 1.668490950401077644e+00
9.680000000000001104e-03 1.702524315672290012e+00
9.700000000000000289e-03 1.848945005359629468e+00
9.720000000000001208e-03 1.887181137493280980e+00
9.740000000000000394e-03 1.787844519721403458e+00
9.760000000000001313e-03 1.773652157675719376e+00
9.780000000000000498e-03 1.849259911929473033e+00
9.800000000000001418e-03 1.973838432960255851e+00
9.820000000000000603e-03 2.063398152598159729e+00
9.840000000000001523e-03 2.096776986354414785e+00
9.860000000000000708e-03 2.096694325598082109e+00
9.880000000000001628e-03 2.078514902981390300e+00
9.900000000000000813e-03 2.049007908111707188e+00
9.919999999999999998e-03 2.013082083437351066e+00
9.940000000000000918e-03 1.974292245264306578e+00
9.960000000000000103e-03 1.931511435550330447e+00
9.980000000000001023e-03 1.881037908321403052e+00
