0.000000e+00 3.677815e+00
6.000000e-02 3.555062e+00
1.200000e-01 3.366603e+00
1.800000e-01 3.318633e+00
2.400000e-01 3.328888e+00
3.000000e-01 3.528660e+00
3.600000e-01 3.313687e+00
4.200000e-01 2.986455e+00
4.800000e-01 3.112268e+00
5.400000e-01 3.344378e+00
6.000000e-01 3.517631e+00
6.600000e-01 3.618286e+00
7.200000e-01 3.378124e+00
7.800000e-01 3.093508e+00
8.400000e-01 2.940259e+00
9.000000e-01 1.294121e+00
9.600000e-01 2.693434e+00
1.020000e+00 2.015133e+00
1.080000e+00 1.283487e+00
1.140000e+00 1.927037e+00
1.200000e+00 1.975366e+00
1.260000e+00 2.437128e+00
1.320000e+00 1.196413e+00
1.380000e+00 1.738748e+00
1.440000e+00 2.803248e-01
1.500000e+00 1.721812e+00
1.560000e+00 1.876308e+00
1.620000e+00 1.107454e+00
1.680000e+00 2.338250e+00
1.740000e+00 2.354309e+00
1.800000e+00 1.122116e+00
1.860000e+00 1.864647e+00
1.920000e+00 1.265742e+00
1.980000e+00 1.635966e+00
2.040000e+00 1.541418e+00
2.100000e+00 1.395428e+00
2.160000e+00 1.136146e+00
2.220000e+00 3.588970e-01
2.280000e+00 2.874684e-01
2.340000e+00 4.273958e-01
2.400000e+00 7.115800e-01
2.460000e+00 1.617320e+00
2.520000e+00 2.938627e+00
2.580000e+00 2.071154e+00
2.640000e+00 1.488265e+00
2.700000e+00 8.540659e-01
2.760000e+00 6.678738e-01
2.820000e+00 1.008144e+00
2.880000e+00 6.734265e-01
2.940000e+00 6.752417e-01
3.000000e+00 7.586966e-01
3.060000e+00 8.245543e-01
3.120000e+00 1.086033e+00
3.180000e+00 8.929378e-01
3.240000e+00 8.720097e-01
3.300000e+00 8.625855e-01
3.360000e+00 7.905913e-01
3.420000e+00 6.450433e-01
3.480000e+00 4.570151e-01
3.540000e+00 5.804453e-01
3.600000e+00 1.459632e+00
3.660000e+00 5.615316e-01
3.720000e+00 1.187401e+00
3.780000e+00 1.287626e+00
3.840000e+00 4.950298e-01
3.900000e+00 5.977405e-01
3.960000e+00 6.297717e-01
4.020000e+00 3.640542e-02
4.080000e+00 1.833858e-01
4.140000e+00 1.849778e+00
4.200000e+00 1.606886e+00
4.260000e+00 1.129782e-01
4.320000e+00 5.397516e-01
4.380000e+00 3.357252e-01
4.440000e+00 4.280729e-01
4.500000e+00 1.327922e-01
4.560000e+00 1.769262e+00
4.620000e+00 1.423597e-02
4.680000e+00 2.566649e-02
4.740000e+00 1.071194e+00
4.800000e+00 1.186350e-01
4.860000e+00 5.443886e-01
4.920000e+00 1.412112e+00
4.980000e+00 3.146895e-01
5.040000e+00 3.917246e-01
5.100000e+00 1.853702e-01
5.160000e+00 1.106939e-01
5.220000e+00 2.752902e-02
5.280000e+00 1.379071e-01
5.340000e+00 9.620199e-01
5.400000e+00 2.071563e-01
5.460000e+00 8.271046e-01
5.520000e+00 1.802705e-02
5.580000e+00 3.330631e-03
5.640000e+00 1.147204e-02
5.700000e+00 1.196185e-03
5.760000e+00 2.214802e-03
5.820000e+00 2.191683e-03
5.880000e+00 4.021114e-03
5.940000e+00 3.899465e-03
