0.000000e+00 2.412608e+00
6.000000e-02 3.169345e+00
1.200000e-01 2.158786e+00
1.800000e-01 2.632810e+00
2.400000e-01 1.609645e+00
3.000000e-01 2.896969e+00
3.600000e-01 1.933033e+00
4.200000e-01 2.579097e+00
4.800000e-01 1.355917e+00
5.400000e-01 2.605065e+00
6.000000e-01 3.022607e+00
6.600000e-01 1.234049e+00
7.200000e-01 3.132411e+00
7.800000e-01 2.061900e+00
8.400000e-01 2.816640e+00
9.000000e-01 2.753583e+00
9.600000e-01 2.509592e+00
1.020000e+00 2.912211e+00
1.080000e+00 1.813288e+00
1.140000e+00 2.345915e+00
1.200000e+00 1.938065e+00
1.260000e+00 2.664077e+00
1.320000e+00 2.483868e+00
1.380000e+00 2.461045e+00
1.440000e+00 2.361412e+00
1.500000e+00 2.228213e+00
1.560000e+00 1.899750e+00
1.620000e+00 1.905335e+00
1.680000e+00 2.719563e+00
1.740000e+00 2.910747e+00
1.800000e+00 2.675316e+00
1.860000e+00 2.365592e+00
1.920000e+00 2.149209e+00
1.980000e+00 2.237952e+00
2.040000e+00 2.417540e+00
2.100000e+00 2.622306e+00
2.160000e+00 2.671041e+00
2.220000e+00 2.354284e+00
2.280000e+00 1.967432e+00
2.340000e+00 1.756498e+00
2.400000e+00 1.678194e+00
2.460000e+00 1.761601e+00
2.520000e+00 1.882673e+00
2.580000e+00 1.998231e+00
2.640000e+00 7.148999e-01
2.700000e+00 1.112144e+00
2.760000e+00 8.993199e-01
2.820000e+00 5.961833e-01
2.880000e+00 6.569479e-01
2.940000e+00 9.349457e-01
3.000000e+00 8.756708e-01
3.060000e+00 1.458325e+00
3.120000e+00 2.028351e+00
3.180000e+00 2.000156e+00
3.240000e+00 1.639790e+00
3.300000e+00 1.534423e+00
3.360000e+00 1.150697e+00
3.420000e+00 1.477253e+00
3.480000e+00 7.664755e-01
3.540000e+00 1.043617e+00
3.600000e+00 1.435548e+00
3.660000e+00 1.296297e+00
3.720000e+00 9.924933e-01
3.780000e+00 1.813521e+00
3.840000e+00 1.786170e+00
3.900000e+00 9.074350e-01
3.960000e+00 1.762300e+00
4.020000e+00 3.345306e-01
4.080000e+00 7.898673e-01
4.140000e+00 9.274277e-02
4.200000e+00 3.270316e-01
4.260000e+00 1.156315e+00
4.320000e+00 9.037124e-02
4.380000e+00 3.184099e-01
4.440000e+00 8.514547e-01
4.500000e+00 1.005900e-01
4.560000e+00 7.068492e-01
4.620000e+00 1.124271e-01
4.680000e+00 3.628929e-02
4.740000e+00 8.991229e-02
4.800000e+00 2.272807e-01
4.860000e+00 3.075678e-01
4.920000e+00 6.800225e-01
4.980000e+00 1.905138e-01
5.040000e+00 9.644822e-01
5.100000e+00 6.352225e-02
5.160000e+00 3.797821e-01
5.220000e+00 2.016947e-02
5.280000e+00 2.174185e-01
5.340000e+00 5.425600e-01
5.400000e+00 8.779982e-02
5.460000e+00 1.608777e-01
5.520000e+00 4.548358e-01
5.580000e+00 6.628656e-01
5.640000e+00 1.970279e+00
5.700000e+00 5.178374e-02
5.760000e+00 1.764945e-01
5.820000e+00 5.537957e-01
5.880000e+00 3.450758e-02
5.940000e+00 5.624672e-01
