0.000000e+00 2.412608e+00
6.000000e-02 3.323859e+00
1.200000e-01 3.011621e+00
1.800000e-01 1.807586e+00
2.400000e-01 1.703701e+00
3.000000e-01 3.249095e+00
3.600000e-01 1.937127e+00
4.200000e-01 3.023364e+00
4.800000e-01 2.555566e+00
5.400000e-01 2.479257e+00
6.000000e-01 2.277466e+00
6.600000e-01 2.608129e+00
7.200000e-01 1.965503e+00
7.800000e-01 2.423719e+00
8.400000e-01 2.202172e+00
9.000000e-01 2.340750e+00
9.600000e-01 1.916477e+00
1.020000e+00 1.638683e+00
1.080000e+00 3.488168e+00
1.140000e+00 2.208077e+00
1.200000e+00 2.714483e+00
1.260000e+00 3.295353e+00
1.320000e+00 2.371779e+00
1.380000e+00 1.573483e+00
1.440000e+00 2.513795e+00
1.500000e+00 2.408730e+00
1.560000e+00 2.554570e+00
1.620000e+00 2.581677e+00
1.680000e+00 2.095810e+00
1.740000e+00 1.191866e+00
1.800000e+00 1.283562e+00
1.860000e+00 1.052294e+00
1.920000e+00 1.627930e+00
1.980000e+00 1.878310e+00
2.040000e+00 2.085075e+00
2.100000e+00 1.700908e+00
2.160000e+00 1.476848e+00
2.220000e+00 1.521075e+00
2.280000e+00 2.119810e+00
2.340000e+00 1.160806e+00
2.400000e+00 1.267798e+00
2.460000e+00 1.452724e+00
2.520000e+00 1.038634e+00
2.580000e+00 7.135665e-01
2.640000e+00 1.698089e+00
2.700000e+00 3.027373e-01
2.760000e+00 5.046276e-01
2.820000e+00 1.964208e+00
2.880000e+00 1.416403e+00
2.940000e+00 5.947676e-01
3.000000e+00 1.266166e+00
3.060000e+00 1.852201e+00
3.120000e+00 4.595445e-01
3.180000e+00 1.952455e+00
3.240000e+00 2.129466e+00
3.300000e+00 1.553790e+00
3.360000e+00 7.239811e-01
3.420000e+00 4.237204e-01
3.480000e+00 5.835051e-01
3.540000e+00 1.366606e+00
3.600000e+00 5.701345e-01
3.660000e+00 1.899071e+00
3.720000e+00 1.819035e+00
3.780000e+00 3.338792e-01
3.840000e+00 1.171894e+00
3.900000e+00 1.311447e-01
3.960000e+00 8.596857e-01
4.020000e+00 2.124795e-01
4.080000e+00 1.390806e-01
4.140000e+00 6.533102e-01
4.200000e+00 6.579125e-02
4.260000e+00 1.935475e-01
4.320000e+00 1.222282e+00
4.380000e+00 7.854564e-01
4.440000e+00 9.059944e-01
4.500000e+00 1.025033e-01
4.560000e+00 1.472110e+00
4.620000e+00 2.350682e-01
4.680000e+00 8.089102e-02
4.740000e+00 2.834660e-01
4.800000e+00 5.522197e-01
4.860000e+00 9.013753e-01
4.920000e+00 2.770947e-01
4.980000e+00 1.155328e+00
5.040000e+00 6.551429e-01
5.100000e+00 1.974660e+00
5.160000e+00 3.925148e-01
5.220000e+00 3.150530e-01
5.280000e+00 1.740191e-01
5.340000e+00 1.292221e+00
5.400000e+00 6.481490e-02
5.460000e+00 2.783247e-01
5.520000e+00 8.069604e-01
5.580000e+00 2.706505e-01
5.640000e+00 3.183736e-02
5.700000e+00 4.062458e-01
5.760000e+00 8.842685e-02
5.820000e+00 9.490612e-02
5.880000e+00 1.253591e-01
5.940000e+00 4.036290e-01
