0.000000e+00 2.412608e+00
6.000000e-02 2.566058e+00
1.200000e-01 2.447888e+00
1.800000e-01 2.347012e+00
2.400000e-01 2.801561e+00
3.000000e-01 2.863329e+00
3.600000e-01 2.263296e+00
4.200000e-01 1.947217e+00
4.800000e-01 2.045374e+00
5.400000e-01 2.282844e+00
6.000000e-01 2.230090e+00
6.600000e-01 2.208805e+00
7.200000e-01 1.389215e+00
7.800000e-01 1.420018e+00
8.400000e-01 1.668988e+00
9.000000e-01 2.212092e+00
9.600000e-01 1.525012e+00
1.020000e+00 2.176564e+00
1.080000e+00 1.151529e+00
1.140000e+00 1.681791e+00
1.200000e+00 2.111452e+00
1.260000e+00 2.165676e+00
1.320000e+00 7.513590e-01
1.380000e+00 8.541497e-01
1.440000e+00 1.613714e+00
1.500000e+00 2.016573e+00
1.560000e+00 9.516435e-01
1.620000e+00 8.085698e-01
1.680000e+00 9.309383e-01
1.740000e+00 2.015721e+00
1.800000e+00 2.284818e+00
1.860000e+00 2.067696e+00
1.920000e+00 2.099647e+00
1.980000e+00 2.769171e+00
2.040000e+00 3.425597e+00
2.100000e+00 3.761459e+00
2.160000e+00 2.536339e+00
2.220000e+00 2.292631e+00
2.280000e+00 2.787994e+00
2.340000e+00 2.362653e+00
2.400000e+00 1.876564e+00
2.460000e+00 2.218059e+00
2.520000e+00 2.770766e+00
2.580000e+00 2.370480e+00
2.640000e+00 1.357907e+00
2.700000e+00 1.088482e+00
2.760000e+00 2.026361e+00
2.820000e+00 1.916549e+00
2.880000e+00 1.483618e+00
2.940000e+00 1.488247e+00
3.000000e+00 1.953315e+00
3.060000e+00 1.646039e+00
3.120000e+00 2.405763e+00
3.180000e+00 1.894695e+00
3.240000e+00 1.997933e+00
3.300000e+00 1.883326e+00
3.360000e+00 1.483488e+00
3.420000e+00 8.612211e-01
3.480000e+00 1.419949e+00
3.540000e+00 1.576719e+00
3.600000e+00 1.943615e+00
3.660000e+00 1.479832e+00
3.720000e+00 1.688789e+00
3.780000e+00 1.809442e+00
3.840000e+00 1.992205e+00
3.900000e+00 1.823997e+00
3.960000e+00 1.590847e+00
4.020000e+00 1.117343e+00
4.080000e+00 1.621145e+00
4.140000e+00 1.907933e+00
4.200000e+00 1.480196e+00
4.260000e+00 1.778805e+00
4.320000e+00 1.370882e+00
4.380000e+00 6.147271e-01
4.440000e+00 1.260313e+00
4.500000e+00 1.961948e+00
4.560000e+00 1.161096e+00
4.620000e+00 7.512298e-01
4.680000e+00 3.195898e-01
4.740000e+00 4.130168e-01
4.800000e+00 1.531387e+00
4.860000e+00 5.714156e-01
4.920000e+00 3.657494e-01
4.980000e+00 8.340657e-02
5.040000e+00 3.945083e-01
5.100000e+00 3.091624e-02
5.160000e+00 5.968574e-02
5.220000e+00 1.156525e-01
5.280000e+00 2.098283e-02
5.340000e+00 4.983724e-02
5.400000e+00 1.676493e-01
5.460000e+00 2.026022e-01
5.520000e+00 7.439382e-02
5.580000e+00 1.291585e+00
5.640000e+00 2.284070e-01
5.700000e+00 8.921871e-01
5.760000e+00 6.291597e-01
5.820000e+00 7.199731e-01
5.880000e+00 3.906614e-01
5.940000e+00 2.959378e-01
