0.000000e+00 2.412608e+00
6.000000e-02 2.588824e+00
1.200000e-01 1.745609e+00
1.800000e-01 2.315958e+00
2.400000e-01 2.467142e+00
3.000000e-01 1.839541e+00
3.600000e-01 2.603389e+00
4.200000e-01 2.477646e+00
4.800000e-01 2.385350e+00
5.400000e-01 1.623507e+00
6.000000e-01 2.470897e+00
6.600000e-01 2.962325e+00
7.200000e-01 1.658743e+00
7.800000e-01 2.536106e+00
8.400000e-01 2.986935e+00
9.000000e-01 1.945245e+00
9.600000e-01 1.522958e+00
1.020000e+00 1.555511e+00
1.080000e+00 1.926227e+00
1.140000e+00 1.548284e+00
1.200000e+00 2.220167e+00
1.260000e+00 2.917460e+00
1.320000e+00 2.511723e+00
1.380000e+00 2.334947e+00
1.440000e+00 2.038150e+00
1.500000e+00 1.771747e+00
1.560000e+00 1.828976e+00
1.620000e+00 2.025821e+00
1.680000e+00 2.086705e+00
1.740000e+00 1.634196e+00
1.800000e+00 1.247589e+00
1.860000e+00 1.149775e+00
1.920000e+00 1.134091e+00
1.980000e+00 1.113853e+00
2.040000e+00 1.139869e+00
2.100000e+00 1.311337e+00
2.160000e+00 1.510132e+00
2.220000e+00 1.540946e+00
2.280000e+00 1.638991e+00
2.340000e+00 1.736525e+00
2.400000e+00 2.221664e+00
2.460000e+00 1.938540e+00
2.520000e+00 4.579916e-01
2.580000e+00 2.079253e-01
2.640000e+00 9.495665e-01
2.700000e+00 1.271432e+00
2.760000e+00 5.337944e-01
2.820000e+00 9.104925e-01
2.880000e+00 1.337157e+00
2.940000e+00 1.263042e+00
3.000000e+00 1.884257e+00
3.060000e+00 4.885339e-01
3.120000e+00 6.327850e-01
3.180000e+00 1.702563e+00
3.240000e+00 7.632644e-01
3.300000e+00 6.876526e-01
3.360000e+00 1.129010e+00
3.420000e+00 7.340098e-01
3.480000e+00 2.455531e-01
3.540000e+00 8.171721e-01
3.600000e+00 1.903803e+00
3.660000e+00 1.990044e-01
3.720000e+00 2.294020e+00
3.780000e+00 1.965224e+00
3.840000e+00 1.891289e+00
3.900000e+00 1.111287e+00
3.960000e+00 2.002276e+00
4.020000e+00 1.836292e+00
4.080000e+00 1.690551e+00
4.140000e+00 5.073848e-01
4.200000e+00 6.875888e-01
4.260000e+00 2.208222e+00
4.320000e+00 2.152149e+00
4.380000e+00 1.733524e+00
4.440000e+00 7.353674e-01
4.500000e+00 8.793793e-01
4.560000e+00 1.936484e+00
4.620000e+00 1.209572e+00
4.680000e+00 2.635450e-01
4.740000e+00 1.599945e-01
4.800000e+00 4.883442e-02
4.860000e+00 1.022068e+00
4.920000e+00 4.386256e-01
4.980000e+00 1.261912e-01
5.040000e+00 2.001008e-01
5.100000e+00 1.854570e+00
5.160000e+00 1.611025e-01
5.220000e+00 8.361168e-02
5.280000e+00 5.555374e-02
5.340000e+00 3.796482e-02
5.400000e+00 3.380961e-01
5.460000e+00 1.605472e+00
5.520000e+00 1.280396e+00
5.580000e+00 7.665486e-01
5.640000e+00 6.148294e-01
5.700000e+00 1.946664e-01
5.760000e+00 4.737191e-01
5.820000e+00 1.452665e-02
5.880000e+00 1.847783e-01
5.940000e+00 4.555106e-02
