0.000000e+00 2.412608e+00
6.000000e-02 2.476983e+00
1.200000e-01 2.337669e+00
1.800000e-01 1.663649e+00
2.400000e-01 1.471187e+00
3.000000e-01 2.251966e+00
3.600000e-01 2.906889e+00
4.200000e-01 2.121228e+00
4.800000e-01 2.529036e+00
5.400000e-01 1.617404e+00
6.000000e-01 1.473585e+00
6.600000e-01 3.389994e+00
7.200000e-01 2.580064e+00
7.800000e-01 1.856585e+00
8.400000e-01 2.997757e+00
9.000000e-01 2.851088e+00
9.600000e-01 2.525233e+00
1.020000e+00 1.513612e+00
1.080000e+00 1.676520e+00
1.140000e+00 2.348984e+00
1.200000e+00 2.393955e+00
1.260000e+00 1.465032e+00
1.320000e+00 1.934174e+00
1.380000e+00 1.902688e+00
1.440000e+00 2.171795e+00
1.500000e+00 2.058845e+00
1.560000e+00 2.337294e+00
1.620000e+00 2.446574e+00
1.680000e+00 2.190946e+00
1.740000e+00 2.879386e+00
1.800000e+00 2.054838e+00
1.860000e+00 1.937469e+00
1.920000e+00 1.993707e+00
1.980000e+00 2.118963e+00
2.040000e+00 2.287459e+00
2.100000e+00 2.507902e+00
2.160000e+00 2.336465e+00
2.220000e+00 2.081254e+00
2.280000e+00 1.945635e+00
2.340000e+00 1.904182e+00
2.400000e+00 2.996933e+00
2.460000e+00 2.208794e+00
2.520000e+00 1.965132e+00
2.580000e+00 2.257045e+00
2.640000e+00 2.622919e+00
2.700000e+00 2.018158e+00
2.760000e+00 2.097729e+00
2.820000e+00 2.314398e+00
2.880000e+00 2.733438e+00
2.940000e+00 2.309686e+00
3.000000e+00 9.998725e-01
3.060000e+00 2.009269e+00
3.120000e+00 2.166684e+00
3.180000e+00 1.800497e+00
3.240000e+00 1.443347e+00
3.300000e+00 8.942551e-01
3.360000e+00 1.410324e+00
3.420000e+00 3.677343e-01
3.480000e+00 4.807611e-01
3.540000e+00 7.526583e-01
3.600000e+00 1.383093e+00
3.660000e+00 9.191661e-01
3.720000e+00 1.929893e+00
3.780000e+00 1.931219e+00
3.840000e+00 1.267026e+00
3.900000e+00 1.243414e+00
3.960000e+00 4.077261e-01
4.020000e+00 2.573571e-01
4.080000e+00 4.193394e-01
4.140000e+00 8.360944e-01
4.200000e+00 3.658854e-01
4.260000e+00 3.186003e-01
4.320000e+00 6.481120e-01
4.380000e+00 1.959057e+00
4.440000e+00 6.484523e-01
4.500000e+00 4.489057e-01
4.560000e+00 1.570480e+00
4.620000e+00 1.284141e+00
4.680000e+00 9.374934e-01
4.740000e+00 1.381927e+00
4.800000e+00 1.192032e+00
4.860000e+00 8.300776e-02
4.920000e+00 2.016917e-01
4.980000e+00 2.459707e-01
5.040000e+00 8.430904e-02
5.100000e+00 5.928750e-01
5.160000e+00 9.572730e-02
5.220000e+00 3.071205e-02
5.280000e+00 7.430256e-01
5.340000e+00 1.299778e-02
5.400000e+00 3.420894e-02
5.460000e+00 8.486529e-03
5.520000e+00 5.103694e-02
5.580000e+00 2.927411e-01
5.640000e+00 6.073203e-02
5.700000e+00 1.402757e-01
5.760000e+00 3.269975e-01
5.820000e+00 1.094702e+00
5.880000e+00 5.167663e-03
5.940000e+00 1.211971e-02
