0.000000e+00 2.412608e+00
6.000000e-02 3.733747e+00
1.200000e-01 1.405798e+00
1.800000e-01 1.288539e+00
2.400000e-01 2.350555e+00
3.000000e-01 2.767166e+00
3.600000e-01 2.274756e+00
4.200000e-01 1.661834e+00
4.800000e-01 1.723702e+00
5.400000e-01 1.693787e+00
6.000000e-01 9.820381e-01
6.600000e-01 2.277784e+00
7.200000e-01 2.312893e+00
7.800000e-01 2.196751e+00
8.400000e-01 2.262722e+00
9.000000e-01 2.654972e+00
9.600000e-01 2.032265e+00
1.020000e+00 1.485588e+00
1.080000e+00 2.462077e+00
1.140000e+00 2.364178e+00
1.200000e+00 2.196401e+00
1.260000e+00 1.659600e+00
1.320000e+00 2.401019e+00
1.380000e+00 2.925447e+00
1.440000e+00 2.810290e+00
1.500000e+00 2.561726e+00
1.560000e+00 2.637466e+00
1.620000e+00 1.701509e+00
1.680000e+00 1.862584e+00
1.740000e+00 2.504523e+00
1.800000e+00 2.538704e+00
1.860000e+00 2.215955e+00
1.920000e+00 1.900980e+00
1.980000e+00 1.747688e+00
2.040000e+00 1.740001e+00
2.100000e+00 1.871377e+00
2.160000e+00 2.241442e+00
2.220000e+00 2.417581e+00
2.280000e+00 1.989386e+00
2.340000e+00 1.962157e+00
2.400000e+00 1.944230e+00
2.460000e+00 1.965049e+00
2.520000e+00 1.852260e+00
2.580000e+00 2.017341e+00
2.640000e+00 1.729346e+00
2.700000e+00 1.622859e+00
2.760000e+00 5.649392e-01
2.820000e+00 2.097255e+00
2.880000e+00 4.716887e-01
2.940000e+00 1.008754e+00
3.000000e+00 2.814759e-01
3.060000e+00 8.041350e-01
3.120000e+00 1.237515e+00
3.180000e+00 1.819103e+00
3.240000e+00 1.959606e+00
3.300000e+00 1.918446e+00
3.360000e+00 1.829279e+00
3.420000e+00 1.738793e+00
3.480000e+00 1.262233e+00
3.540000e+00 1.591071e+00
3.600000e+00 1.658606e+00
3.660000e+00 1.851110e+00
3.720000e+00 1.665485e+00
3.780000e+00 1.546299e+00
3.840000e+00 1.631503e+00
3.900000e+00 1.994994e+00
3.960000e+00 7.071588e-01
4.020000e+00 7.306315e-01
4.080000e+00 1.995537e+00
4.140000e+00 1.004954e+00
4.200000e+00 4.954384e-01
4.260000e+00 8.873383e-01
4.320000e+00 1.235499e+00
4.380000e+00 9.091237e-01
4.440000e+00 8.784639e-01
4.500000e+00 1.014199e+00
4.560000e+00 6.337166e-01
4.620000e+00 6.301474e-02
4.680000e+00 1.272122e+00
4.740000e+00 8.714314e-01
4.800000e+00 1.013347e+00
4.860000e+00 2.557593e-01
4.920000e+00 8.052055e-01
4.980000e+00 5.743238e-01
5.040000e+00 5.420591e-01
5.100000e+00 1.864417e+00
5.160000e+00 3.960915e-01
5.220000e+00 1.734033e+00
5.280000e+00 3.067013e-01
5.340000e+00 1.727724e+00
5.400000e+00 1.142713e+00
5.460000e+00 1.844155e+00
5.520000e+00 9.825013e-01
5.580000e+00 7.422528e-01
5.640000e+00 3.675889e-01
5.700000e+00 2.982390e-01
5.760000e+00 5.872575e-01
5.820000e+00 3.440121e-01
5.880000e+00 1.729205e+00
5.940000e+00 9.468910e-01
