0.000000e+00 2.412608e+00
6.000000e-02 2.025225e+00
1.200000e-01 1.339913e+00
1.800000e-01 2.237081e+00
2.400000e-01 2.374504e+00
3.000000e-01 3.206095e+00
3.600000e-01 2.872973e+00
4.200000e-01 2.090837e+00
4.800000e-01 1.897307e+00
5.400000e-01 3.178353e+00
6.000000e-01 3.175544e+00
6.600000e-01 2.471610e+00
7.200000e-01 2.456157e+00
7.800000e-01 2.528262e+00
8.400000e-01 1.664775e+00
9.000000e-01 2.179417e+00
9.600000e-01 2.010370e+00
1.020000e+00 1.570538e+00
1.080000e+00 1.743293e+00
1.140000e+00 2.058716e+00
1.200000e+00 2.435761e+00
1.260000e+00 2.680551e+00
1.320000e+00 2.466452e+00
1.380000e+00 2.497410e+00
1.440000e+00 2.371733e+00
1.500000e+00 2.177699e+00
1.560000e+00 2.238932e+00
1.620000e+00 1.482877e+00
1.680000e+00 1.246893e+00
1.740000e+00 2.005207e+00
1.800000e+00 1.333781e+00
1.860000e+00 2.249760e+00
1.920000e+00 1.948567e+00
1.980000e+00 2.234999e+00
2.040000e+00 2.228081e+00
2.100000e+00 2.134221e+00
2.160000e+00 2.097310e+00
2.220000e+00 1.787899e+00
2.280000e+00 1.253942e+00
2.340000e+00 8.170843e-01
2.400000e+00 1.708328e+00
2.460000e+00 3.579960e-01
2.520000e+00 3.020976e-01
2.580000e+00 4.807849e-01
2.640000e+00 1.172015e+00
2.700000e+00 6.600098e-01
2.760000e+00 7.973994e-01
2.820000e+00 1.836664e+00
2.880000e+00 1.056964e+00
2.940000e+00 4.943810e-01
3.000000e+00 1.253741e+00
3.060000e+00 1.307344e+00
3.120000e+00 2.052280e+00
3.180000e+00 1.652541e+00
3.240000e+00 1.283726e+00
3.300000e+00 1.176445e+00
3.360000e+00 1.551873e+00
3.420000e+00 1.033845e+00
3.480000e+00 7.031721e-01
3.540000e+00 1.407740e+00
3.600000e+00 9.078934e-01
3.660000e+00 1.912569e+00
3.720000e+00 7.199638e-01
3.780000e+00 1.756322e+00
3.840000e+00 6.671890e-01
3.900000e+00 1.291219e+00
3.960000e+00 1.171766e+00
4.020000e+00 1.766143e+00
4.080000e+00 1.905287e+00
4.140000e+00 1.800780e+00
4.200000e+00 8.894238e-01
4.260000e+00 1.083798e+00
4.320000e+00 1.968178e+00
4.380000e+00 9.114703e-01
4.440000e+00 7.534081e-01
4.500000e+00 3.448587e-01
4.560000e+00 1.293300e+00
4.620000e+00 3.987231e-01
4.680000e+00 1.300030e+00
4.740000e+00 9.846341e-02
4.800000e+00 3.163166e-01
4.860000e+00 4.353448e-01
4.920000e+00 1.577810e-01
4.980000e+00 5.990565e-01
5.040000e+00 6.795591e-01
5.100000e+00 8.021378e-01
5.160000e+00 5.168821e-01
5.220000e+00 2.077127e-01
5.280000e+00 4.229307e-01
5.340000e+00 1.800385e-01
5.400000e+00 1.202509e+00
5.460000e+00 1.453150e-01
5.520000e+00 1.244779e+00
5.580000e+00 1.714067e-01
5.640000e+00 4.939170e-01
5.700000e+00 5.237214e-01
5.760000e+00 4.364155e-01
5.820000e+00 1.408919e-01
5.880000e+00 1.442404e-01
5.940000e+00 7.583128e-02
