0.000000e+00 2.412608e+00
6.000000e-02 3.244012e+00
1.200000e-01 2.713384e+00
1.800000e-01 3.056185e+00
2.400000e-01 3.220044e+00
3.000000e-01 2.944560e+00
3.600000e-01 2.760153e+00
4.200000e-01 2.132855e+00
4.800000e-01 3.160843e+00
5.400000e-01 2.627624e+00
6.000000e-01 2.486377e+00
6.600000e-01 2.264320e+00
7.200000e-01 2.391267e+00
7.800000e-01 2.992216e+00
8.400000e-01 3.162473e+00
9.000000e-01 1.965000e+00
9.600000e-01 2.473691e+00
1.020000e+00 2.760758e+00
1.080000e+00 2.245708e+00
1.140000e+00 2.421254e+00
1.200000e+00 1.119035e+00
1.260000e+00 2.013936e+00
1.320000e+00 1.629830e+00
1.380000e+00 2.329947e+00
1.440000e+00 1.564451e+00
1.500000e+00 2.057921e+00
1.560000e+00 2.122990e+00
1.620000e+00 1.486988e+00
1.680000e+00 2.118503e+00
1.740000e+00 1.973367e+00
1.800000e+00 2.442158e+00
1.860000e+00 2.714163e+00
1.920000e+00 2.068647e+00
1.980000e+00 2.170723e+00
2.040000e+00 2.453409e+00
2.100000e+00 2.372360e+00
2.160000e+00 2.084538e+00
2.220000e+00 1.737814e+00
2.280000e+00 1.770090e+00
2.340000e+00 2.177095e+00
2.400000e+00 2.335029e+00
2.460000e+00 2.525371e+00
2.520000e+00 1.962100e+00
2.580000e+00 2.134114e+00
2.640000e+00 2.111308e+00
2.700000e+00 2.564807e+00
2.760000e+00 1.681041e+00
2.820000e+00 1.295114e+00
2.880000e+00 9.402711e-01
2.940000e+00 8.872212e-01
3.000000e+00 2.111743e+00
3.060000e+00 2.076037e+00
3.120000e+00 2.030331e+00
3.180000e+00 1.642260e+00
3.240000e+00 1.275937e+00
3.300000e+00 1.640754e+00
3.360000e+00 1.912574e+00
3.420000e+00 1.365394e+00
3.480000e+00 1.051223e+00
3.540000e+00 1.868772e+00
3.600000e+00 1.826873e+00
3.660000e+00 1.959206e+00
3.720000e+00 1.610489e+00
3.780000e+00 1.110749e+00
3.840000e+00 1.928706e+00
3.900000e+00 8.796145e-01
3.960000e+00 1.837625e+00
4.020000e+00 1.116683e+00
4.080000e+00 4.573504e-01
4.140000e+00 1.576493e+00
4.200000e+00 1.934890e+00
4.260000e+00 1.573111e+00
4.320000e+00 1.532645e+00
4.380000e+00 9.659459e-01
4.440000e+00 7.614559e-01
4.500000e+00 2.623574e-01
4.560000e+00 4.108317e-01
4.620000e+00 1.056949e+00
4.680000e+00 2.694984e+00
4.740000e+00 1.892992e+00
4.800000e+00 7.225965e-01
4.860000e+00 1.900825e+00
4.920000e+00 3.797438e-01
4.980000e+00 1.001892e+00
5.040000e+00 1.553452e+00
5.100000e+00 7.683047e-01
5.160000e+00 1.746892e+00
5.220000e+00 6.009028e-01
5.280000e+00 2.999108e-01
5.340000e+00 5.181020e-02
5.400000e+00 3.484338e-01
5.460000e+00 2.864196e-02
5.520000e+00 7.778029e-02
5.580000e+00 6.746967e-02
5.640000e+00 5.947583e-02
5.700000e+00 3.263336e-02
5.760000e+00 4.675807e-02
5.820000e+00 1.238542e+00
5.880000e+00 8.927070e-01
5.940000e+00 3.282621e-01
