0.000000e+00 2.412608e+00
6.000000e-02 3.138490e+00
1.200000e-01 2.631535e+00
1.800000e-01 2.634947e+00
2.400000e-01 2.704105e+00
3.000000e-01 2.576123e+00
3.600000e-01 1.542819e+00
4.200000e-01 2.436306e+00
4.800000e-01 3.111193e+00
5.400000e-01 3.000082e+00
6.000000e-01 2.234979e+00
6.600000e-01 2.071265e+00
7.200000e-01 2.750593e+00
7.800000e-01 2.239940e+00
8.400000e-01 1.897027e+00
9.000000e-01 2.041860e+00
9.600000e-01 2.630082e+00
1.020000e+00 2.822664e+00
1.080000e+00 2.787642e+00
1.140000e+00 2.739343e+00
1.200000e+00 2.300597e+00
1.260000e+00 2.625090e+00
1.320000e+00 2.433671e+00
1.380000e+00 2.205359e+00
1.440000e+00 1.827941e+00
1.500000e+00 2.599833e+00
1.560000e+00 1.816048e+00
1.620000e+00 1.945926e+00
1.680000e+00 2.923100e+00
1.740000e+00 2.869639e+00
1.800000e+00 2.503180e+00
1.860000e+00 2.163271e+00
1.920000e+00 2.145775e+00
1.980000e+00 1.108502e+00
2.040000e+00 6.961718e-01
2.100000e+00 5.468634e-01
2.160000e+00 6.280672e-01
2.220000e+00 9.939531e-01
2.280000e+00 1.139380e+00
2.340000e+00 6.118759e-01
2.400000e+00 5.030140e-01
2.460000e+00 4.395927e-01
2.520000e+00 3.023121e-01
2.580000e+00 8.417351e-01
2.640000e+00 1.007861e+00
2.700000e+00 2.072307e+00
2.760000e+00 2.119766e+00
2.820000e+00 2.031940e+00
2.880000e+00 1.142816e+00
2.940000e+00 1.961336e+00
3.000000e+00 9.938130e-01
3.060000e+00 1.931415e+00
3.120000e+00 1.109005e+00
3.180000e+00 2.077207e+00
3.240000e+00 1.645187e+00
3.300000e+00 1.721848e+00
3.360000e+00 8.129629e-01
3.420000e+00 1.987821e+00
3.480000e+00 1.546869e+00
3.540000e+00 8.422427e-01
3.600000e+00 1.193019e+00
3.660000e+00 1.374241e+00
3.720000e+00 1.590040e+00
3.780000e+00 1.066278e+00
3.840000e+00 5.306406e-01
3.900000e+00 1.181311e+00
3.960000e+00 7.234619e-01
4.020000e+00 1.052424e+00
4.080000e+00 1.446269e+00
4.140000e+00 3.985477e-01
4.200000e+00 1.833631e+00
4.260000e+00 1.663220e+00
4.320000e+00 1.964801e+00
4.380000e+00 6.446780e-01
4.440000e+00 6.944879e-01
4.500000e+00 2.031234e+00
4.560000e+00 8.532562e-01
4.620000e+00 1.438466e+00
4.680000e+00 5.984021e-01
4.740000e+00 9.561560e-01
4.800000e+00 3.003910e-01
4.860000e+00 3.899156e-01
4.920000e+00 1.277819e+00
4.980000e+00 4.943696e-01
5.040000e+00 1.706180e+00
5.100000e+00 5.699622e-01
5.160000e+00 5.537426e-01
5.220000e+00 8.793900e-01
5.280000e+00 1.030050e-01
5.340000e+00 1.718988e+00
5.400000e+00 2.227779e-01
5.460000e+00 3.368955e-01
5.520000e+00 1.155627e+00
5.580000e+00 9.420557e-02
5.640000e+00 3.971362e-03
5.700000e+00 1.718437e-01
5.760000e+00 7.145942e-02
5.820000e+00 5.011469e-02
5.880000e+00 7.251908e-02
5.940000e+00 7.423291e-01
