-5.000000e-02 1.063184e+00
-4.990000e-02 1.032494e+00
-4.980000e-02 9.983020e-01
-4.970000e-02 9.614097e-01
-4.960000e-02 9.228683e-01
-4.950000e-02 8.839661e-01
-4.940000e-02 8.461964e-01
-4.930000e-02 8.112107e-01
-4.920000e-02 7.807646e-01
-4.910000e-02 7.566708e-01
-4.900000e-02 7.407745e-01
-4.890000e-02 7.349719e-01
-4.880000e-02 7.412824e-01
-4.870000e-02 7.619599e-01
-4.860000e-02 7.995350e-01
-4.850000e-02 8.564395e-01
-4.840000e-02 9.333400e-01
-4.830000e-02 1.024851e+00
-4.820000e-02 1.113424e+00
-4.810000e-02 1.170999e+00
-4.800000e-02 1.179798e+00
-4.790000e-02 1.150310e+00
-4.780000e-02 1.106667e+00
-4.770000e-02 1.065587e+00
-4.760000e-02 1.033194e+00
-4.750000e-02 1.009886e+00
-4.740000e-02 9.941137e-01
-4.730000e-02 9.840801e-01
-4.720000e-02 9.783201e-01
-4.710000e-02 9.758116e-01
-4.700000e-02 9.759277e-01
-4.690000e-02 9.783394e-01
-4.680000e-02 9.828906e-01
-4.670000e-02 9.894237e-01
-4.660000e-02 9.975051e-01
-4.650000e-02 1.005986e+00
-4.640000e-02 1.012415e+00
-4.630000e-02 1.012730e+00
-4.620000e-02 1.002814e+00
-4.610000e-02 9.850932e-01
-4.600000e-02 9.799086e-01
-4.590000e-02 1.023981e+00
-4.580000e-02 1.133103e+00
-4.570000e-02 1.269795e+00
-4.560000e-02 1.378179e+00
-4.550000e-02 1.432936e+00
-4.540000e-02 1.439574e+00
-4.530000e-02 1.413025e+00
-4.520000e-02 1.366034e+00
-4.510000e-02 1.307693e+00
-4.500000e-02 1.244801e+00
-4.490000e-02 1.182677e+00
-4.480000e-02 1.125226e+00
-4.470000e-02 1.074850e+00
-4.460000e-02 1.032582e+00
-4.450000e-02 9.984243e-01
-4.440000e-02 9.717549e-01
-4.430000e-02 9.516637e-01
-4.420000e-02 9.371850e-01
-4.410000e-02 9.274264e-01
-4.400000e-02 9.216249e-01
-4.390000e-02 9.191583e-01
-4.380000e-02 9.195321e-01
-4.370000e-02 9.223573e-01
-4.360000e-02 9.273242e-01
-4.350000e-02 9.341765e-01
-4.340000e-02 9.426869e-01
-4.330000e-02 9.526344e-01
-4.320000e-02 9.637820e-01
-4.310000e-02 9.758558e-01
-4.300000e-02 9.885244e-01
-4.290000e-02 1.001379e+00
-4.280000e-02 1.013915e+00
-4.270000e-02 1.025512e+00
-4.260000e-02 1.035420e+00
-4.250000e-02 1.042746e+00
-4.240000e-02 1.046435e+00
-4.230000e-02 1.045259e+00
-4.220000e-02 1.037789e+00
-4.210000e-02 1.022377e+00
-4.200000e-02 9.971409e-01
-4.190000e-02 9.600539e-01
-4.180000e-02 9.093397e-01
-4.170000e-02 8.446632e-01
-4.160000e-02 7.697275e-01
-4.150000e-02 6.956890e-01
-4.140000e-02 6.407812e-01
-4.130000e-02 6.201996e-01
-4.120000e-02 6.332546e-01
-4.110000e-02 6.647906e-01
-4.100000e-02 6.983175e-01
-4.090000e-02 7.243108e-01
-4.080000e-02 7.399442e-01
-4.070000e-02 7.459645e-01
-4.060000e-02 7.443384e-01
-4.050000e-02 7.371274e-01
-4.040000e-02 7.260987e-01
-4.030000e-02 7.126590e-01
-4.020000e-02 6.978966e-01
-4.010000e-02 6.826489e-01
-4.000000e-02 6.675630e-01
-3.990000e-02 6.531440e-01
-3.980000e-02 6.397903e-01
-3.970000e-02 6.278189e-01
-3.960000e-02 6.174836e-01
-3.950000e-02 6.089864e-01
-3.940000e-02 6.024856e-01
-3.930000e-02 5.981003e-01
-3.920000e-02 5.959135e-01
-3.910000e-02 5.959721e-01
-3.900000e-02 5.982875e-01
-3.890000e-02 6.028346e-01
-3.880000e-02 6.095499e-01
-3.870000e-02 6.183309e-01
-3.860000e-02 6.290344e-01
-3.850000e-02 6.414757e-01
-3.840000e-02 6.554295e-01
-3.830000e-02 6.706303e-01
-3.820000e-02 6.867759e-01
-3.810000e-02 7.035320e-01
-3.800000e-02 7.205398e-01
-3.790000e-02 7.374262e-01
-3.780000e-02 7.538182e-01
-3.770000e-02 7.693614e-01
-3.760000e-02 7.837443e-01
-3.750000e-02 7.967282e-01
-3.740000e-02 8.081837e-01
-3.730000e-02 8.181344e-01
-3.720000e-02 8.268050e-01
-3.710000e-02 8.346708e-01
-3.700000e-02 8.424985e-01
-3.690000e-02 8.513588e-01
-3.680000e-02 8.625808e-01
-3.670000e-02 8.775951e-01
-3.660000e-02 8.976065e-01
-3.650000e-02 9.230471e-01
-3.640000e-02 9.528436e-01
-3.630000e-02 9.837214e-01
-3.620000e-02 1.010036e+00
-3.610000e-02 1.024744e+00
-3.600000e-02 1.021723e+00
-3.590000e-02 9.986043e-01
-3.580000e-02 9.583414e-01
-3.570000e-02 9.082269e-01
-3.560000e-02 8.569017e-01
-3.550000e-02 8.113426e-01
-3.540000e-02 7.754070e-01
-3.530000e-02 7.500559e-01
-3.520000e-02 7.344216e-01
-3.510000e-02 7.268891e-01
-3.500000e-02 7.258097e-01
-3.490000e-02 7.298311e-01
-3.480000e-02 7.379722e-01
-3.470000e-02 7.495746e-01
-3.460000e-02 7.642167e-01
-3.450000e-02 7.816317e-01
-3.440000e-02 8.016466e-01
-3.430000e-02 8.241397e-01
-3.420000e-02 8.490091e-01
-3.410000e-02 8.761341e-01
-3.400000e-02 9.053011e-01
-3.390000e-02 9.360492e-01
-3.380000e-02 9.673914e-01
-3.370000e-02 9.974157e-01
-3.360000e-02 1.022949e+00
-3.350000e-02 1.039763e+00
-3.340000e-02 1.043865e+00
-3.330000e-02 1.033650e+00
-3.320000e-02 1.011306e+00
-3.310000e-02 9.818397e-01
-3.300000e-02 9.503739e-01
-3.290000e-02 9.200544e-01
-3.280000e-02 8.917950e-01
-3.270000e-02 8.651983e-01
-3.260000e-02 8.395422e-01
-3.250000e-02 8.143324e-01
-3.240000e-02 7.894495e-01
-3.230000e-02 7.650812e-01
-3.220000e-02 7.415900e-01
-3.210000e-02 7.193892e-01
-3.200000e-02 6.988577e-01
-3.190000e-02 6.802911e-01
-3.180000e-02 6.638832e-01
-3.170000e-02 6.497280e-01
-3.160000e-02 6.378335e-01
-3.150000e-02 6.281395e-01
-3.140000e-02 6.205382e-01
-3.130000e-02 6.148912e-01
-3.120000e-02 6.110456e-01
-3.110000e-02 6.088456e-01
-3.100000e-02 6.081420e-01
-3.090000e-02 6.087990e-01
-3.080000e-02 6.106987e-01
-3.070000e-02 6.137450e-01
-3.060000e-02 6.178656e-01
-3.050000e-02 6.230145e-01
-3.040000e-02 6.291737e-01
-3.030000e-02 6.363552e-01
-3.020000e-02 6.446037e-01
-3.010000e-02 6.539991e-01
-3.000000e-02 6.646607e-01
-2.990000e-02 6.767497e-01
-2.980000e-02 6.904723e-01
-2.970000e-02 7.060777e-01
-2.960000e-02 7.238482e-01
-2.950000e-02 7.440690e-01
-2.940000e-02 7.669580e-01
-2.930000e-02 7.925164e-01
-2.920000e-02 8.202383e-01
-2.910000e-02 8.485971e-01
-2.900000e-02 8.742736e-01
-2.890000e-02 8.913651e-01
-2.880000e-02 8.914799e-01
-2.870000e-02 8.662697e-01
-2.860000e-02 8.126987e-01
-2.850000e-02 7.372509e-01
-2.840000e-02 6.536993e-01
-2.830000e-02 5.755097e-01
-2.820000e-02 5.101803e-01
-2.810000e-02 4.591173e-01
-2.800000e-02 4.203609e-01
-2.790000e-02 3.909830e-01
-2.780000e-02 3.682875e-01
-2.770000e-02 3.501778e-01
-2.760000e-02 3.351527e-01
-2.750000e-02 3.221933e-01
-2.740000e-02 3.106440e-01
-2.730000e-02 3.001189e-01
-2.720000e-02 2.904369e-01
-2.710000e-02 2.815798e-01
-2.700000e-02 2.736659e-01
-2.690000e-02 2.669357e-01
-2.680000e-02 2.617425e-01
-2.670000e-02 2.585450e-01
-2.660000e-02 2.578974e-01
-2.650000e-02 2.604336e-01
-2.640000e-02 2.668392e-01
-2.630000e-02 2.778091e-01
-2.620000e-02 2.939861e-01
-2.610000e-02 3.158799e-01
-2.600000e-02 3.437691e-01
-2.590000e-02 3.775964e-01
-2.580000e-02 4.168719e-01
-2.570000e-02 4.606103e-01
-2.560000e-02 5.073285e-01
-2.550000e-02 5.551278e-01
-2.540000e-02 6.018718e-01
-2.530000e-02 6.454445e-01
-2.520000e-02 6.840480e-01
-2.510000e-02 7.164745e-01
-2.500000e-02 7.422824e-01
-2.490000e-02 7.618275e-01
-2.480000e-02 7.761385e-01
-2.470000e-02 7.866689e-01
-2.460000e-02 7.949943e-01
-2.450000e-02 8.025279e-01
-2.440000e-02 8.103164e-01
-2.430000e-02 8.189424e-01
-2.420000e-02 8.285327e-01
-2.410000e-02 8.388435e-01
-2.400000e-02 8.493879e-01
-2.390000e-02 8.595701e-01
-2.380000e-02 8.688020e-01
-2.370000e-02 8.765879e-01
-2.360000e-02 8.825755e-01
-2.350000e-02 8.865746e-01
-2.340000e-02 8.885527e-01
-2.330000e-02 8.886154e-01
-2.320000e-02 8.869784e-01
-2.310000e-02 8.839376e-01
-2.300000e-02 8.798412e-01
-2.290000e-02 8.750651e-01
-2.280000e-02 8.699935e-01
-2.270000e-02 8.650038e-01
-2.260000e-02 8.604556e-01
-2.250000e-02 8.566824e-01
-2.240000e-02 8.539859e-01
-2.230000e-02 8.526307e-01
-2.220000e-02 8.528410e-01
-2.210000e-02 8.547966e-01
-2.200000e-02 8.586302e-01
-2.190000e-02 8.644251e-01
-2.180000e-02 8.722138e-01
-2.170000e-02 8.819797e-01
-2.160000e-02 8.936592e-01
-2.150000e-02 9.071482e-01
-2.140000e-02 9.223097e-01
-2.130000e-02 9.389846e-01
-2.120000e-02 9.570023e-01
-2.110000e-02 9.761918e-01
-2.100000e-02 9.963897e-01
-2.090000e-02 1.017444e+00
-2.080000e-02 1.039214e+00
-2.070000e-02 1.061554e+00
-2.060000e-02 1.084296e+00
-2.050000e-02 1.107216e+00
-2.040000e-02 1.129980e+00
-2.030000e-02 1.152093e+00
-2.020000e-02 1.172837e+00
-2.010000e-02 1.191230e+00
-2.000000e-02 1.206041e+00
-1.990000e-02 1.215894e+00
-1.980000e-02 1.219521e+00
-1.970000e-02 1.216151e+00
-1.960000e-02 1.205955e+00
-1.950000e-02 1.190365e+00
-1.940000e-02 1.172029e+00
-1.930000e-02 1.154286e+00
-1.920000e-02 1.140321e+00
-1.910000e-02 1.132353e+00
-1.900000e-02 1.131236e+00
-1.890000e-02 1.136554e+00
-1.880000e-02 1.147070e+00
-1.870000e-02 1.161237e+00
-1.860000e-02 1.177571e+00
-1.850000e-02 1.194840e+00
-1.840000e-02 1.212097e+00
-1.830000e-02 1.228620e+00
-1.820000e-02 1.243845e+00
-1.810000e-02 1.257293e+00
-1.800000e-02 1.268545e+00
-1.790000e-02 1.277242e+00
-1.780000e-02 1.283119e+00
-1.770000e-02 1.286061e+00
-1.760000e-02 1.286157e+00
-1.750000e-02 1.283749e+00
-1.740000e-02 1.279451e+00
-1.730000e-02 1.274117e+00
-1.720000e-02 1.268773e+00
-1.710000e-02 1.264499e+00
-1.700000e-02 1.262289e+00
-1.690000e-02 1.262908e+00
-1.680000e-02 1.266767e+00
-1.670000e-02 1.273849e+00
-1.660000e-02 1.283686e+00
-1.650000e-02 1.295406e+00
-1.640000e-02 1.307845e+00
-1.630000e-02 1.319704e+00
-1.620000e-02 1.329730e+00
-1.610000e-02 1.336887e+00
-1.600000e-02 1.340478e+00
-1.590000e-02 1.340204e+00
-1.580000e-02 1.336143e+00
-1.570000e-02 1.328682e+00
-1.560000e-02 1.318396e+00
-1.550000e-02 1.305940e+00
-1.540000e-02 1.291944e+00
-1.530000e-02 1.276933e+00
-1.520000e-02 1.261290e+00
-1.510000e-02 1.245228e+00
-1.500000e-02 1.228792e+00
-1.490000e-02 1.211867e+00
-1.480000e-02 1.194189e+00
-1.470000e-02 1.175369e+00
-1.460000e-02 1.154906e+00
-1.450000e-02 1.132216e+00
-1.440000e-02 1.106659e+00
-1.430000e-02 1.077588e+00
-1.420000e-02 1.044415e+00
-1.410000e-02 1.006695e+00
-1.400000e-02 9.642487e-01
-1.390000e-02 9.172929e-01
-1.380000e-02 8.665821e-01
-1.370000e-02 8.135200e-01
-1.360000e-02 7.602008e-01
-1.350000e-02 7.093360e-01
-1.340000e-02 6.640312e-01
-1.330000e-02 6.274175e-01
-1.320000e-02 6.021877e-01
-1.310000e-02 5.901375e-01
-1.300000e-02 5.918330e-01
-1.290000e-02 6.064996e-01
-1.280000e-02 6.321677e-01
-1.270000e-02 6.660291e-01
-1.260000e-02 7.049017e-01
-1.250000e-02 7.456857e-01
-1.240000e-02 7.857169e-01
-1.230000e-02 8.229734e-01
-1.220000e-02 8.561382e-01
-1.210000e-02 8.845497e-01
-1.200000e-02 9.080857e-01
-1.190000e-02 9.270200e-01
-1.180000e-02 9.418835e-01
-1.170000e-02 9.533445e-01
-1.160000e-02 9.621160e-01
-1.150000e-02 9.688905e-01
-1.140000e-02 9.742969e-01
-1.130000e-02 9.788763e-01
-1.120000e-02 9.830699e-01
-1.110000e-02 9.872152e-01
-1.100000e-02 9.915477e-01
-1.090000e-02 9.962049e-01
-1.080000e-02 1.001231e+00
-1.070000e-02 1.006583e+00
-1.060000e-02 1.012133e+00
-1.050000e-02 1.017680e+00
-1.040000e-02 1.022950e+00
-1.030000e-02 1.027608e+00
-1.020000e-02 1.031272e+00
-1.010000e-02 1.033530e+00
-1.000000e-02 1.033961e+00
-9.900000e-03 1.032170e+00
-9.800000e-03 1.027824e+00
-9.700000e-03 1.020689e+00
-9.600000e-03 1.010674e+00
-9.500000e-03 9.978606e-01
-9.400000e-03 9.825230e-01
-9.300000e-03 9.651222e-01
-9.200000e-03 9.462761e-01
-9.100000e-03 9.267021e-01
-9.000000e-03 9.071383e-01
-8.900000e-03 8.882570e-01
-8.800000e-03 8.705823e-01
-8.700000e-03 8.544286e-01
-8.600000e-03 8.398698e-01
-8.500000e-03 8.267428e-01
-8.400000e-03 8.146847e-01
-8.300000e-03 8.032019e-01
-8.200000e-03 7.917707e-01
-8.100000e-03 7.799883e-01
-8.000000e-03 7.678119e-01
-7.900000e-03 7.559696e-01
-7.800000e-03 7.466581e-01
-7.700000e-03 7.445996e-01
-7.600000e-03 7.581253e-01
-7.500000e-03 7.986868e-01
-7.400000e-03 8.752995e-01
-7.300000e-03 9.823798e-01
-7.200000e-03 1.092117e+00
-7.100000e-03 1.169970e+00
-7.000000e-03 1.201709e+00
-6.900000e-03 1.197476e+00
-6.800000e-03 1.174848e+00
-6.700000e-03 1.146369e+00
-6.600000e-03 1.117914e+00
-6.500000e-03 1.091262e+00
-6.400000e-03 1.066386e+00
-6.300000e-03 1.042680e+00
-6.200000e-03 1.019464e+00
-6.100000e-03 9.961693e-01
-6.000000e-03 9.723879e-01
-5.900000e-03 9.478859e-01
-5.800000e-03 9.226055e-01
-5.700000e-03 8.966676e-01
-5.600000e-03 8.703722e-01
-5.500000e-03 8.441922e-01
-5.400000e-03 8.187553e-01
-5.300000e-03 7.948098e-01
-5.200000e-03 7.731715e-01
-5.100000e-03 7.546568e-01
-5.000000e-03 7.400054e-01
-4.900000e-03 7.298071e-01
-4.800000e-03 7.244417e-01
-4.700000e-03 7.240441e-01
-4.600000e-03 7.285008e-01
-4.500000e-03 7.374753e-01
-4.400000e-03 7.504584e-01
-4.300000e-03 7.668307e-01
-4.200000e-03 7.859272e-01
-4.100000e-03 8.070932e-01
-4.000000e-03 8.297258e-01
-3.900000e-03 8.532992e-01
-3.800000e-03 8.773742e-01
-3.700000e-03 9.015952e-01
-3.600000e-03 9.256784e-01
-3.500000e-03 9.493950e-01
-3.400000e-03 9.725517e-01
-3.300000e-03 9.949718e-01
-3.200000e-03 1.016475e+00
-3.100000e-03 1.036861e+00
-3.000000e-03 1.055889e+00
-2.900000e-03 1.073262e+00
-2.800000e-03 1.088610e+00
-2.700000e-03 1.101471e+00
-2.600000e-03 1.111277e+00
-2.500000e-03 1.117346e+00
-2.400000e-03 1.118895e+00
-2.300000e-03 1.115112e+00
-2.200000e-03 1.105332e+00
-2.100000e-03 1.089456e+00
-2.000000e-03 1.068814e+00
-1.900000e-03 1.047726e+00
-1.800000e-03 1.035759e+00
-1.700000e-03 1.049208e+00
-1.600000e-03 1.106753e+00
-1.500000e-03 1.211755e+00
-1.400000e-03 1.328063e+00
-1.300000e-03 1.389237e+00
-1.200000e-03 1.358151e+00
-1.100000e-03 1.260984e+00
-1.000000e-03 1.149549e+00
-9.000000e-04 1.057497e+00
-8.000000e-04 9.938844e-01
-7.000000e-04 9.550439e-01
-6.000000e-04 9.343199e-01
-5.000000e-04 9.260549e-01
-4.000000e-04 9.263161e-01
-3.000000e-04 9.324960e-01
-2.000000e-04 9.427401e-01
-1.000000e-04 9.554989e-01
1.429412e-15 9.692437e-01
1.000000e-04 9.823083e-01
2.000000e-04 9.927971e-01
3.000000e-04 9.985039e-01
4.000000e-04 9.968119e-01
5.000000e-04 9.846452e-01
6.000000e-04 9.589003e-01
7.000000e-04 9.188607e-01
8.000000e-04 8.737914e-01
9.000000e-04 8.532586e-01
1.000000e-03 8.892546e-01
1.100000e-03 9.669839e-01
1.200000e-03 1.043902e+00
1.300000e-03 1.100016e+00
1.400000e-03 1.136052e+00
1.500000e-03 1.157885e+00
1.600000e-03 1.170525e+00
1.700000e-03 1.177334e+00
1.800000e-03 1.180443e+00
1.900000e-03 1.181185e+00
2.000000e-03 1.180386e+00
2.100000e-03 1.178533e+00
2.200000e-03 1.175868e+00
2.300000e-03 1.172440e+00
2.400000e-03 1.168134e+00
2.500000e-03 1.162697e+00
2.600000e-03 1.155764e+00
2.700000e-03 1.146883e+00
2.800000e-03 1.135553e+00
2.900000e-03 1.121265e+00
3.000000e-03 1.103547e+00
3.100000e-03 1.082014e+00
3.200000e-03 1.056425e+00
3.300000e-03 1.026757e+00
3.400000e-03 9.932974e-01
3.500000e-03 9.567762e-01
3.600000e-03 9.185153e-01
3.700000e-03 8.805825e-01
3.800000e-03 8.458633e-01
3.900000e-03 8.179262e-01
4.000000e-03 8.005343e-01
4.100000e-03 7.967438e-01
4.200000e-03 8.077737e-01
4.300000e-03 8.321402e-01
4.400000e-03 8.656501e-01
4.500000e-03 9.024867e-01
4.600000e-03 9.369499e-01
4.700000e-03 9.650003e-01
4.800000e-03 9.849661e-01
4.900000e-03 9.973654e-01
5.000000e-03 1.004239e+00
5.100000e-03 1.008445e+00
5.200000e-03 1.013166e+00
5.300000e-03 1.021658e+00
5.400000e-03 1.037081e+00
5.500000e-03 1.062065e+00
5.600000e-03 1.097328e+00
5.700000e-03 1.138265e+00
5.800000e-03 1.169673e+00
5.900000e-03 1.166666e+00
6.000000e-03 1.120352e+00
6.100000e-03 1.067659e+00
6.200000e-03 1.046854e+00
6.300000e-03 1.044697e+00
6.400000e-03 1.035098e+00
6.500000e-03 1.012187e+00
6.600000e-03 9.815965e-01
6.700000e-03 9.493424e-01
6.800000e-03 9.189361e-01
6.900000e-03 8.919018e-01
7.000000e-03 8.686813e-01
7.100000e-03 8.492325e-01
7.200000e-03 8.333428e-01
7.300000e-03 8.207768e-01
7.400000e-03 8.113405e-01
7.500000e-03 8.049061e-01
7.600000e-03 8.014194e-01
7.700000e-03 8.008999e-01
7.800000e-03 8.034359e-01
7.900000e-03 8.091733e-01
8.000000e-03 8.182923e-01
8.100000e-03 8.309625e-01
8.200000e-03 8.472618e-01
8.300000e-03 8.670477e-01
8.400000e-03 8.897802e-01
8.500000e-03 9.143306e-01
8.600000e-03 9.388570e-01
8.700000e-03 9.608703e-01
8.800000e-03 9.775848e-01
8.900000e-03 9.865218e-01
9.000000e-03 9.861589e-01
9.100000e-03 9.763385e-01
9.200000e-03 9.582546e-01
9.300000e-03 9.340649e-01
9.400000e-03 9.063400e-01
9.500000e-03 8.775743e-01
9.600000e-03 8.498786e-01
9.700000e-03 8.248629e-01
9.800000e-03 8.036532e-01
9.900000e-03 7.869763e-01
1.000000e-02 7.752602e-01
1.010000e-02 7.687221e-01
1.020000e-02 7.674276e-01
1.030000e-02 7.713168e-01
1.040000e-02 7.801944e-01
1.050000e-02 7.936893e-01
1.060000e-02 8.111978e-01
1.070000e-02 8.318388e-01
1.080000e-02 8.544568e-01
1.090000e-02 8.776993e-01
1.100000e-02 9.001688e-01
1.110000e-02 9.206101e-01
1.120000e-02 9.380763e-01
1.130000e-02 9.520254e-01
1.140000e-02 9.623286e-01
1.150000e-02 9.692064e-01
1.160000e-02 9.731257e-01
1.170000e-02 9.746909e-01
1.180000e-02 9.745518e-01
1.190000e-02 9.733369e-01
1.200000e-02 9.716142e-01
1.210000e-02 9.698717e-01
1.220000e-02 9.685117e-01
1.230000e-02 9.678541e-01
1.240000e-02 9.681411e-01
1.250000e-02 9.695422e-01
1.260000e-02 9.721543e-01
1.270000e-02 9.759954e-01
1.280000e-02 9.809886e-01
1.290000e-02 9.869311e-01
1.300000e-02 9.934446e-01
1.310000e-02 9.998982e-01
1.320000e-02 1.005300e+00
1.330000e-02 1.008155e+00
1.340000e-02 1.006318e+00
1.350000e-02 9.969197e-01
1.360000e-02 9.765953e-01
1.370000e-02 9.424622e-01
1.380000e-02 8.945345e-01
1.390000e-02 8.398914e-01
1.400000e-02 7.966917e-01
1.410000e-02 7.917257e-01
1.420000e-02 8.448511e-01
1.430000e-02 9.482392e-01
1.440000e-02 1.065324e+00
1.450000e-02 1.156437e+00
1.460000e-02 1.202992e+00
1.470000e-02 1.208851e+00
1.480000e-02 1.188056e+00
1.490000e-02 1.154442e+00
1.500000e-02 1.117635e+00
1.510000e-02 1.083054e+00
1.520000e-02 1.053179e+00
1.530000e-02 1.028759e+00
1.540000e-02 1.009654e+00
1.550000e-02 9.953221e-01
1.560000e-02 9.850853e-01
1.570000e-02 9.782539e-01
1.580000e-02 9.741833e-01
1.590000e-02 9.722911e-01
1.600000e-02 9.720575e-01
1.610000e-02 9.730183e-01
1.620000e-02 9.747563e-01
1.630000e-02 9.768931e-01
1.640000e-02 9.790825e-01
1.650000e-02 9.810061e-01
1.660000e-02 9.823704e-01
1.670000e-02 9.829071e-01
1.680000e-02 9.823733e-01
1.690000e-02 9.805545e-01
1.700000e-02 9.772674e-01
1.710000e-02 9.723636e-01
1.720000e-02 9.657333e-01
1.730000e-02 9.573088e-01
1.740000e-02 9.470664e-01
1.750000e-02 9.350282e-01
1.760000e-02 9.212624e-01
1.770000e-02 9.058817e-01
1.780000e-02 8.890417e-01
1.790000e-02 8.709366e-01
1.800000e-02 8.517961e-01
1.810000e-02 8.318801e-01
1.820000e-02 8.114742e-01
1.830000e-02 7.908853e-01
1.840000e-02 7.704377e-01
1.850000e-02 7.504697e-01
1.860000e-02 7.313314e-01
1.870000e-02 7.133827e-01
1.880000e-02 6.969926e-01
1.890000e-02 6.825385e-01
1.900000e-02 6.704057e-01
1.910000e-02 6.609855e-01
1.920000e-02 6.546724e-01
1.930000e-02 6.518577e-01
1.940000e-02 6.529187e-01
1.950000e-02 6.582013e-01
1.960000e-02 6.679927e-01
1.970000e-02 6.824842e-01
1.980000e-02 7.017212e-01
1.990000e-02 7.255441e-01
2.000000e-02 7.535293e-01
2.010000e-02 7.849491e-01
2.020000e-02 8.187808e-01
2.030000e-02 8.537953e-01
2.040000e-02 8.887423e-01
2.050000e-02 9.225982e-01
2.060000e-02 9.547934e-01
2.070000e-02 9.853084e-01
2.080000e-02 1.014579e+00
2.090000e-02 1.043249e+00
2.100000e-02 1.071900e+00
2.110000e-02 1.100852e+00
2.120000e-02 1.130109e+00
2.130000e-02 1.159413e+00
2.140000e-02 1.188344e+00
2.150000e-02 1.216404e+00
2.160000e-02 1.243025e+00
2.170000e-02 1.267465e+00
2.180000e-02 1.288563e+00
2.190000e-02 1.304341e+00
2.200000e-02 1.311498e+00
2.210000e-02 1.304970e+00
2.220000e-02 1.278110e+00
2.230000e-02 1.224507e+00
2.240000e-02 1.142821e+00
2.250000e-02 1.044305e+00
2.260000e-02 9.574070e-01
2.270000e-02 9.188531e-01
2.280000e-02 9.497783e-01
2.290000e-02 1.037918e+00
2.300000e-02 1.146982e+00
2.310000e-02 1.242068e+00
2.320000e-02 1.305285e+00
2.330000e-02 1.334915e+00
2.340000e-02 1.337662e+00
2.350000e-02 1.322217e+00
2.360000e-02 1.296129e+00
2.370000e-02 1.264950e+00
2.380000e-02 1.232405e+00
2.390000e-02 1.200842e+00
2.400000e-02 1.171672e+00
2.410000e-02 1.145698e+00
2.420000e-02 1.123360e+00
2.430000e-02 1.104892e+00
2.440000e-02 1.090434e+00
2.450000e-02 1.080106e+00
2.460000e-02 1.074053e+00
2.470000e-02 1.072476e+00
2.480000e-02 1.075633e+00
2.490000e-02 1.083809e+00
2.500000e-02 1.097232e+00
2.510000e-02 1.115916e+00
2.520000e-02 1.139390e+00
2.530000e-02 1.166331e+00
2.540000e-02 1.194184e+00
2.550000e-02 1.219042e+00
2.560000e-02 1.236218e+00
2.570000e-02 1.241776e+00
2.580000e-02 1.234430e+00
2.590000e-02 1.216283e+00
2.600000e-02 1.191425e+00
2.610000e-02 1.163566e+00
2.620000e-02 1.134763e+00
2.630000e-02 1.105738e+00
2.640000e-02 1.076726e+00
2.650000e-02 1.047990e+00
2.660000e-02 1.019915e+00
2.670000e-02 9.929117e-01
2.680000e-02 9.673366e-01
2.690000e-02 9.434464e-01
2.700000e-02 9.213993e-01
2.710000e-02 9.012704e-01
2.720000e-02 8.830692e-01
2.730000e-02 8.667517e-01
2.740000e-02 8.522266e-01
2.750000e-02 8.393574e-01
2.760000e-02 8.279633e-01
2.770000e-02 8.178216e-01
2.780000e-02 8.086755e-01
2.790000e-02 8.002484e-01
2.800000e-02 7.922652e-01
2.810000e-02 7.844772e-01
2.820000e-02 7.766894e-01
2.830000e-02 7.687838e-01
2.840000e-02 7.607362e-01
2.850000e-02 7.526224e-01
2.860000e-02 7.446146e-01
2.870000e-02 7.369676e-01
2.880000e-02 7.299989e-01
2.890000e-02 7.240632e-01
2.900000e-02 7.195248e-01
2.910000e-02 7.167266e-01
2.920000e-02 7.159534e-01
2.930000e-02 7.173830e-01
2.940000e-02 7.210150e-01
2.950000e-02 7.265615e-01
2.960000e-02 7.332798e-01
2.970000e-02 7.397294e-01
2.980000e-02 7.434511e-01
2.990000e-02 7.406335e-01
3.000000e-02 7.259867e-01
3.010000e-02 6.933268e-01
3.020000e-02 6.376826e-01
3.030000e-02 5.594931e-01
3.040000e-02 4.696339e-01
3.050000e-02 3.905895e-01
3.060000e-02 3.483970e-01
3.070000e-02 3.578486e-01
3.080000e-02 4.135771e-01
3.090000e-02 4.954728e-01
3.100000e-02 5.816179e-01
3.110000e-02 6.570947e-01
3.120000e-02 7.152331e-01
3.130000e-02 7.547736e-01
3.140000e-02 7.766960e-01
3.150000e-02 7.822394e-01
3.160000e-02 7.721823e-01
3.170000e-02 7.470693e-01
3.180000e-02 7.081201e-01
3.190000e-02 6.585545e-01
3.200000e-02 6.048262e-01
3.210000e-02 5.568577e-01
3.220000e-02 5.262834e-01
3.230000e-02 5.225893e-01
3.240000e-02 5.488237e-01
3.250000e-02 5.996984e-01
3.260000e-02 6.636500e-01
3.270000e-02 7.275366e-01
3.280000e-02 7.809947e-01
3.290000e-02 8.184437e-01
3.300000e-02 8.387524e-01
3.310000e-02 8.437327e-01
3.320000e-02 8.365562e-01
3.330000e-02 8.206241e-01
3.340000e-02 7.989557e-01
3.350000e-02 7.739586e-01
3.360000e-02 7.474170e-01
3.370000e-02 7.205796e-01
3.380000e-02 6.942741e-01
3.390000e-02 6.690172e-01
3.400000e-02 6.451046e-01
3.410000e-02 6.226809e-01
3.420000e-02 6.017914e-01
3.430000e-02 5.824187e-01
3.440000e-02 5.645097e-01
3.450000e-02 5.479930e-01
3.460000e-02 5.327931e-01
3.470000e-02 5.188389e-01
3.480000e-02 5.060706e-01
3.490000e-02 4.944447e-01
3.500000e-02 4.839374e-01
3.510000e-02 4.745465e-01
3.520000e-02 4.662923e-01
3.530000e-02 4.592175e-01
3.540000e-02 4.533854e-01
3.550000e-02 4.488781e-01
3.560000e-02 4.457946e-01
3.570000e-02 4.442504e-01
3.580000e-02 4.443783e-01
3.590000e-02 4.463340e-01
3.600000e-02 4.503059e-01
3.610000e-02 4.565311e-01
3.620000e-02 4.653208e-01
3.630000e-02 4.770958e-01
3.640000e-02 4.924402e-01
3.650000e-02 5.121773e-01
3.660000e-02 5.374796e-01
3.670000e-02 5.700110e-01
3.680000e-02 6.120498e-01
3.690000e-02 6.662920e-01
3.700000e-02 7.340010e-01
3.710000e-02 8.062533e-01
3.720000e-02 8.336102e-01
3.730000e-02 6.937675e-01
3.740000e-02 4.695788e-01
3.750000e-02 6.018488e-01
3.760000e-02 8.215622e-01
3.770000e-02 8.993509e-01
3.780000e-02 9.086139e-01
3.790000e-02 9.035638e-01
3.800000e-02 9.022781e-01
3.810000e-02 9.091102e-01
3.820000e-02 9.214961e-01
3.830000e-02 9.338802e-01
3.840000e-02 9.422487e-01
3.850000e-02 9.461287e-01
3.860000e-02 9.475466e-01
3.870000e-02 9.491691e-01
3.880000e-02 9.531160e-01
3.890000e-02 9.605412e-01
3.900000e-02 9.715833e-01
3.910000e-02 9.853705e-01
3.920000e-02 9.999401e-01
3.930000e-02 1.012069e+00
3.940000e-02 1.017130e+00
3.950000e-02 1.009261e+00
3.960000e-02 9.823301e-01
3.970000e-02 9.322930e-01
3.980000e-02 8.610114e-01
3.990000e-02 7.799728e-01
4.000000e-02 7.101841e-01
4.010000e-02 6.749438e-01
4.020000e-02 6.879727e-01
4.030000e-02 7.457865e-01
4.040000e-02 8.306924e-01
4.050000e-02 9.208715e-01
4.060000e-02 9.991555e-01
4.070000e-02 1.056277e+00
4.080000e-02 1.089915e+00
4.090000e-02 1.102430e+00
4.100000e-02 1.098937e+00
4.110000e-02 1.085968e+00
4.120000e-02 1.070318e+00
4.130000e-02 1.057788e+00
4.140000e-02 1.051985e+00
4.150000e-02 1.053668e+00
4.160000e-02 1.061043e+00
4.170000e-02 1.070870e+00
4.180000e-02 1.079821e+00
4.190000e-02 1.085485e+00
4.200000e-02 1.086755e+00
4.210000e-02 1.083699e+00
4.220000e-02 1.077175e+00
4.230000e-02 1.068414e+00
4.240000e-02 1.058708e+00
4.250000e-02 1.049206e+00
4.260000e-02 1.040824e+00
4.270000e-02 1.034209e+00
4.280000e-02 1.029743e+00
4.290000e-02 1.027547e+00
4.300000e-02 1.027500e+00
4.310000e-02 1.029242e+00
4.320000e-02 1.032192e+00
4.330000e-02 1.035576e+00
4.340000e-02 1.038491e+00
4.350000e-02 1.040024e+00
4.360000e-02 1.039438e+00
4.370000e-02 1.036401e+00
4.380000e-02 1.031210e+00
4.390000e-02 1.024899e+00
4.400000e-02 1.019118e+00
4.410000e-02 1.015737e+00
4.420000e-02 1.016272e+00
4.430000e-02 1.021359e+00
4.440000e-02 1.030520e+00
4.450000e-02 1.042327e+00
4.460000e-02 1.054850e+00
4.470000e-02 1.066166e+00
4.480000e-02 1.074726e+00
4.490000e-02 1.079507e+00
4.500000e-02 1.079974e+00
4.510000e-02 1.075939e+00
4.520000e-02 1.067389e+00
4.530000e-02 1.054341e+00
4.540000e-02 1.036735e+00
4.550000e-02 1.014384e+00
4.560000e-02 9.869656e-01
4.570000e-02 9.540679e-01
4.580000e-02 9.152869e-01
4.590000e-02 8.703898e-01
4.600000e-02 8.195467e-01
4.610000e-02 7.636183e-01
4.620000e-02 7.044505e-01
4.630000e-02 6.450628e-01
4.640000e-02 5.895641e-01
4.650000e-02 5.426282e-01
4.660000e-02 5.084985e-01
4.670000e-02 4.897726e-01
4.680000e-02 4.864833e-01
4.690000e-02 4.959783e-01
4.700000e-02 5.137042e-01
4.710000e-02 5.344893e-01
4.720000e-02 5.537254e-01
4.730000e-02 5.680620e-01
4.740000e-02 5.755937e-01
4.750000e-02 5.757251e-01
4.760000e-02 5.689125e-01
4.770000e-02 5.563891e-01
4.780000e-02 5.399087e-01
4.790000e-02 5.215055e-01
4.800000e-02 5.032696e-01
4.810000e-02 4.871488e-01
4.820000e-02 4.747912e-01
4.830000e-02 4.674465e-01
4.840000e-02 4.659321e-01
4.850000e-02 4.706637e-01
4.860000e-02 4.817382e-01
4.870000e-02 4.990531e-01
4.880000e-02 5.224476e-01
4.890000e-02 5.518537e-01
4.900000e-02 5.874498e-01
4.910000e-02 6.298092e-01
4.920000e-02 6.800122e-01
4.930000e-02 7.395998e-01
4.940000e-02 8.099333e-01
4.950000e-02 8.895621e-01
4.960000e-02 9.657838e-01
4.970000e-02 9.952589e-01
4.980000e-02 9.029688e-01
4.990000e-02 7.546148e-01
