0.000000e+00 1.385853e+01
6.000000e-02 1.391481e+01
1.200000e-01 1.405086e+01
1.800000e-01 1.416344e+01
2.400000e-01 1.379251e+01
3.000000e-01 1.335135e+01
3.600000e-01 1.311617e+01
4.200000e-01 1.271100e+01
4.800000e-01 1.218391e+01
5.400000e-01 1.161235e+01
6.000000e-01 1.091879e+01
6.600000e-01 1.020546e+01
7.200000e-01 9.855155e+00
7.800000e-01 9.340040e+00
8.400000e-01 8.836498e+00
9.000000e-01 8.713340e+00
9.600000e-01 8.831309e+00
1.020000e+00 9.101365e+00
1.080000e+00 8.571895e+00
1.140000e+00 8.158318e+00
1.200000e+00 7.232904e+00
1.260000e+00 6.625216e+00
1.320000e+00 6.384923e+00
1.380000e+00 6.101261e+00
1.440000e+00 6.184217e+00
1.500000e+00 5.943070e+00
1.560000e+00 5.597353e+00
1.620000e+00 4.768122e+00
1.680000e+00 4.759145e+00
1.740000e+00 3.939349e+00
1.800000e+00 4.033237e+00
1.860000e+00 3.812514e+00
1.920000e+00 3.316228e+00
1.980000e+00 4.066658e+00
2.040000e+00 5.316763e+00
2.100000e+00 5.177295e+00
2.160000e+00 4.185060e+00
2.220000e+00 4.086079e+00
2.280000e+00 2.131436e+00
2.340000e+00 1.723836e+00
2.400000e+00 1.674949e+00
2.460000e+00 2.454735e+00
2.520000e+00 3.446888e+00
2.580000e+00 1.875075e+00
2.640000e+00 2.474791e+00
2.700000e+00 1.851706e+00
2.760000e+00 2.874514e+00
2.820000e+00 3.170201e+00
2.880000e+00 2.378364e+00
2.940000e+00 2.299375e+00
3.000000e+00 7.832685e-01
3.060000e+00 1.575667e+00
3.120000e+00 2.305807e+00
3.180000e+00 6.592686e-01
3.240000e+00 1.117198e+00
3.300000e+00 1.741177e+00
3.360000e+00 2.109526e+00
3.420000e+00 8.262775e-01
3.480000e+00 1.735556e-01
3.540000e+00 1.956567e+00
3.600000e+00 2.826278e+00
3.660000e+00 1.512014e+00
3.720000e+00 7.057291e-01
3.780000e+00 7.240332e-02
3.840000e+00 3.308189e-02
3.900000e+00 4.068762e-02
3.960000e+00 2.182563e-01
4.020000e+00 4.175386e-01
4.080000e+00 3.476626e-01
4.140000e+00 4.518538e-02
4.200000e+00 4.032893e-01
4.260000e+00 3.027059e-01
4.320000e+00 1.791943e-01
4.380000e+00 2.135821e-01
4.440000e+00 1.590900e+00
4.500000e+00 3.799277e-01
4.560000e+00 1.890801e-02
4.620000e+00 8.771124e-03
4.680000e+00 2.984128e-02
4.740000e+00 1.208266e-02
4.800000e+00 1.985604e+00
4.860000e+00 9.344920e-02
4.920000e+00 8.768925e-03
4.980000e+00 2.932727e-02
5.040000e+00 2.644306e-03
5.100000e+00 1.162392e-02
5.160000e+00 5.765200e-04
5.220000e+00 1.341912e-03
5.280000e+00 8.754574e-03
5.340000e+00 6.222056e-04
5.400000e+00 2.403116e-02
5.460000e+00 1.691875e-01
5.520000e+00 2.256821e-01
5.580000e+00 9.783779e-03
5.640000e+00 3.879068e-01
5.700000e+00 5.390317e-01
5.760000e+00 5.969121e-01
5.820000e+00 5.471174e-02
5.880000e+00 8.764709e-03
5.940000e+00 8.876315e-03
