0.000000e+00 7.975405e+00
5.000000e-02 8.474875e+00
1.000000e-01 9.485354e+00
1.500000e-01 9.766287e+00
2.000000e-01 9.977016e+00
2.500000e-01 8.881739e+00
3.000000e-01 8.904326e+00
3.500000e-01 8.718030e+00
4.000000e-01 8.503004e+00
4.500000e-01 7.534344e+00
5.000000e-01 7.309431e+00
5.500000e-01 6.637484e+00
6.000000e-01 6.509002e+00
6.500000e-01 7.003271e+00
7.000000e-01 7.598302e+00
7.500000e-01 6.905426e+00
8.000000e-01 5.433829e+00
8.500000e-01 5.451036e+00
9.000000e-01 4.911318e+00
9.500000e-01 6.083575e+00
