0.000000e+00 7.975405e+00
5.000000e-02 8.667069e+00
1.000000e-01 9.458044e+00
1.500000e-01 9.862531e+00
2.000000e-01 9.821152e+00
2.500000e-01 8.460495e+00
3.000000e-01 8.128671e+00
3.500000e-01 8.309139e+00
4.000000e-01 7.702299e+00
4.500000e-01 7.276314e+00
5.000000e-01 8.567383e+00
5.500000e-01 7.332870e+00
6.000000e-01 6.591363e+00
6.500000e-01 5.992294e+00
7.000000e-01 5.857489e+00
7.500000e-01 6.544495e+00
8.000000e-01 5.757058e+00
8.500000e-01 6.936836e+00
9.000000e-01 5.600742e+00
9.500000e-01 5.443414e+00
