0.000000e+00 7.975405e+00
5.000000e-02 9.112723e+00
1.000000e-01 1.003442e+01
1.500000e-01 1.008423e+01
2.000000e-01 9.380710e+00
2.500000e-01 8.417236e+00
3.000000e-01 8.333369e+00
3.500000e-01 7.208556e+00
4.000000e-01 8.115269e+00
4.500000e-01 7.127201e+00
5.000000e-01 7.166089e+00
5.500000e-01 6.259669e+00
6.000000e-01 7.092110e+00
6.500000e-01 7.627825e+00
7.000000e-01 6.660577e+00
7.500000e-01 8.253833e+00
8.000000e-01 6.882755e+00
8.500000e-01 4.980324e+00
9.000000e-01 5.140592e+00
9.500000e-01 4.868001e+00
