0.000000e+00 7.975405e+00
5.000000e-02 8.205141e+00
1.000000e-01 8.221706e+00
1.500000e-01 8.589150e+00
2.000000e-01 8.748171e+00
2.500000e-01 9.437968e+00
3.000000e-01 8.493458e+00
3.500000e-01 8.455859e+00
4.000000e-01 8.406099e+00
4.500000e-01 7.427105e+00
5.000000e-01 7.854689e+00
5.500000e-01 6.285743e+00
6.000000e-01 5.098687e+00
6.500000e-01 5.488064e+00
7.000000e-01 7.725926e+00
7.500000e-01 5.469417e+00
8.000000e-01 5.798588e+00
8.500000e-01 5.842436e+00
9.000000e-01 5.630652e+00
9.500000e-01 4.730278e+00
