0.000000e+00 9.218645e-01
3.000000e-02 1.869245e+00
6.000000e-02 1.684620e+00
9.000000e-02 1.527155e+00
1.200000e-01 2.351509e+00
1.500000e-01 3.123951e+00
1.800000e-01 2.189574e+00
2.100000e-01 1.910566e+00
2.400000e-01 1.858360e+00
2.700000e-01 1.921984e+00
3.000000e-01 2.025270e+00
3.300000e-01 2.132973e+00
3.600000e-01 2.238320e+00
3.900000e-01 2.338848e+00
4.200000e-01 2.419132e+00
4.500000e-01 2.442074e+00
4.800000e-01 2.362587e+00
5.100000e-01 2.166235e+00
5.400000e-01 1.889528e+00
5.700000e-01 1.599125e+00
6.000000e-01 1.373285e+00
6.300000e-01 1.313588e+00
6.600000e-01 1.489461e+00
6.900000e-01 1.760518e+00
7.200000e-01 1.915636e+00
7.500000e-01 1.902301e+00
7.800000e-01 1.768315e+00
8.100000e-01 1.617659e+00
8.400000e-01 1.541337e+00
8.700000e-01 1.547070e+00
9.000000e-01 1.544881e+00
9.300000e-01 1.490148e+00
9.600000e-01 1.492191e+00
9.900000e-01 1.522294e+00
1.020000e+00 1.541340e+00
1.050000e+00 1.424179e+00
1.080000e+00 1.154208e+00
1.110000e+00 1.005960e+00
1.140000e+00 9.272352e-01
1.170000e+00 8.919300e-01
1.200000e+00 9.163858e-01
1.230000e+00 1.157849e+00
1.260000e+00 1.697025e+00
1.290000e+00 1.682341e+00
1.320000e+00 1.489315e+00
1.350000e+00 1.325644e+00
1.380000e+00 1.305576e+00
1.410000e+00 1.356325e+00
1.440000e+00 1.418677e+00
1.470000e+00 1.401907e+00
1.500000e+00 1.378851e+00
1.530000e+00 1.689912e+00
1.560000e+00 1.580723e+00
1.590000e+00 1.492570e+00
1.620000e+00 1.683629e+00
1.650000e+00 1.922594e+00
1.680000e+00 1.549546e+00
1.710000e+00 2.240893e+00
1.740000e+00 1.211053e+00
1.770000e+00 6.728122e-01
1.800000e+00 4.237455e-01
1.830000e+00 3.139885e-01
1.860000e+00 4.362205e-01
1.890000e+00 1.971715e+00
1.920000e+00 2.036278e+00
1.950000e+00 2.221337e+00
1.980000e+00 1.641204e+00
2.010000e+00 9.837900e-01
2.040000e+00 8.128648e-01
2.070000e+00 9.910316e-01
2.100000e+00 9.707554e-01
2.130000e+00 3.096760e-01
2.160000e+00 2.288612e-01
2.190000e+00 1.612506e-01
2.220000e+00 9.893789e-01
2.250000e+00 1.897025e+00
2.280000e+00 1.966303e+00
2.310000e+00 1.555540e+00
2.340000e+00 1.917761e+00
2.370000e+00 3.947410e-01
2.400000e+00 1.076424e-01
2.430000e+00 1.715714e+00
2.460000e+00 3.908204e-02
2.490000e+00 2.333015e-02
2.520000e+00 2.246280e-02
2.550000e+00 4.577354e-02
2.580000e+00 1.035536e-01
2.610000e+00 1.508124e+00
2.640000e+00 2.694073e-01
2.670000e+00 2.464877e-01
2.700000e+00 3.145899e-01
2.730000e+00 1.394231e+00
2.760000e+00 9.610944e-01
2.790000e+00 1.207305e+00
2.820000e+00 2.899828e+00
2.850000e+00 2.105699e+00
2.880000e+00 1.619579e+00
2.910000e+00 1.846055e+00
2.940000e+00 2.079461e+00
2.970000e+00 1.594863e+00
