0.000000e+00 1.503700e+00
5.000000e-02 2.472084e+00
1.000000e-01 1.803634e+00
1.500000e-01 2.351749e+00
2.000000e-01 2.694806e+00
2.500000e-01 2.364895e+00
3.000000e-01 1.961276e+00
3.500000e-01 1.925840e+00
4.000000e-01 2.792751e+00
4.500000e-01 2.347608e+00
5.000000e-01 1.745281e+00
5.500000e-01 2.208005e+00
6.000000e-01 2.013513e+00
6.500000e-01 8.905628e-01
7.000000e-01 2.363524e+00
7.500000e-01 2.100589e+00
8.000000e-01 1.607526e+00
8.500000e-01 1.734091e+00
9.000000e-01 1.139912e+00
9.500000e-01 1.749397e+00
