0.000000e+00 3.137793e+01
5.000000e-02 3.013081e+01
1.000000e-01 3.079289e+01
1.500000e-01 3.016963e+01
2.000000e-01 2.942598e+01
2.500000e-01 2.776888e+01
3.000000e-01 2.734761e+01
3.500000e-01 2.696220e+01
4.000000e-01 2.438451e+01
4.500000e-01 2.437503e+01
5.000000e-01 2.381479e+01
5.500000e-01 2.181419e+01
6.000000e-01 2.242127e+01
6.500000e-01 2.033100e+01
7.000000e-01 2.066790e+01
7.500000e-01 1.965582e+01
8.000000e-01 1.966525e+01
8.500000e-01 1.821929e+01
9.000000e-01 1.742776e+01
9.500000e-01 1.683619e+01
