0.000000e+00 3.137793e+01
5.000000e-02 3.164651e+01
1.000000e-01 3.087270e+01
1.500000e-01 3.042370e+01
2.000000e-01 2.975958e+01
2.500000e-01 2.821015e+01
3.000000e-01 2.709970e+01
3.500000e-01 2.623999e+01
4.000000e-01 2.517423e+01
4.500000e-01 2.367851e+01
5.000000e-01 2.362780e+01
5.500000e-01 2.210281e+01
6.000000e-01 2.093003e+01
6.500000e-01 2.058335e+01
7.000000e-01 2.053629e+01
7.500000e-01 1.830470e+01
8.000000e-01 1.731785e+01
8.500000e-01 1.733199e+01
9.000000e-01 1.638836e+01
9.500000e-01 1.581398e+01
