0.000000e+00 3.137793e+01
5.000000e-02 3.120197e+01
1.000000e-01 3.016438e+01
1.500000e-01 2.981066e+01
2.000000e-01 2.829413e+01
2.500000e-01 2.778594e+01
3.000000e-01 2.585852e+01
3.500000e-01 2.553946e+01
4.000000e-01 2.478127e+01
4.500000e-01 2.432761e+01
5.000000e-01 2.369212e+01
5.500000e-01 2.371191e+01
6.000000e-01 2.193607e+01
6.500000e-01 1.995642e+01
7.000000e-01 1.922778e+01
7.500000e-01 1.852241e+01
8.000000e-01 1.698942e+01
8.500000e-01 1.776100e+01
9.000000e-01 1.719387e+01
9.500000e-01 1.630628e+01
