0.000000e+00 3.137793e+01
5.000000e-02 3.066400e+01
1.000000e-01 3.007197e+01
1.500000e-01 2.986689e+01
2.000000e-01 2.964386e+01
2.500000e-01 2.855618e+01
3.000000e-01 2.714703e+01
3.500000e-01 2.668754e+01
4.000000e-01 2.512555e+01
4.500000e-01 2.455896e+01
5.000000e-01 2.523662e+01
5.500000e-01 2.373236e+01
6.000000e-01 2.210599e+01
6.500000e-01 2.091061e+01
7.000000e-01 2.061798e+01
7.500000e-01 1.964200e+01
8.000000e-01 1.815358e+01
8.500000e-01 1.771646e+01
9.000000e-01 1.647993e+01
9.500000e-01 1.636104e+01
