0.000000e+00 3.137793e+01
5.000000e-02 3.065347e+01
1.000000e-01 3.138778e+01
1.500000e-01 2.956746e+01
2.000000e-01 2.968219e+01
2.500000e-01 2.890456e+01
3.000000e-01 2.750558e+01
3.500000e-01 2.633232e+01
4.000000e-01 2.593813e+01
4.500000e-01 2.432477e+01
5.000000e-01 2.337056e+01
5.500000e-01 2.287687e+01
6.000000e-01 2.197988e+01
6.500000e-01 2.197165e+01
7.000000e-01 2.132089e+01
7.500000e-01 1.991116e+01
8.000000e-01 1.934505e+01
8.500000e-01 1.810840e+01
9.000000e-01 1.672756e+01
9.500000e-01 1.578989e+01
