0.000000e+00 3.137793e+01
5.000000e-02 3.105606e+01
1.000000e-01 3.021280e+01
1.500000e-01 2.885580e+01
2.000000e-01 2.856840e+01
2.500000e-01 2.773845e+01
3.000000e-01 2.686471e+01
3.500000e-01 2.580630e+01
4.000000e-01 2.527709e+01
4.500000e-01 2.516462e+01
5.000000e-01 2.327339e+01
5.500000e-01 2.224973e+01
6.000000e-01 2.157277e+01
6.500000e-01 2.199079e+01
7.000000e-01 2.060474e+01
7.500000e-01 1.882391e+01
8.000000e-01 1.864866e+01
8.500000e-01 1.745337e+01
9.000000e-01 1.698849e+01
9.500000e-01 1.632684e+01
