0.000000e+00 3.137793e+01
5.000000e-02 3.057230e+01
1.000000e-01 2.961128e+01
1.500000e-01 2.873454e+01
2.000000e-01 2.866786e+01
2.500000e-01 2.831684e+01
3.000000e-01 2.790400e+01
3.500000e-01 2.629942e+01
4.000000e-01 2.491843e+01
4.500000e-01 2.488104e+01
5.000000e-01 2.399302e+01
5.500000e-01 2.351159e+01
6.000000e-01 2.189453e+01
6.500000e-01 2.117228e+01
7.000000e-01 2.166272e+01
7.500000e-01 2.032833e+01
8.000000e-01 1.831212e+01
8.500000e-01 1.739278e+01
9.000000e-01 1.643465e+01
9.500000e-01 1.663547e+01
