0.000000e+00 3.137793e+01
5.000000e-02 3.034838e+01
1.000000e-01 3.130146e+01
1.500000e-01 2.999799e+01
2.000000e-01 2.893105e+01
2.500000e-01 2.852784e+01
3.000000e-01 2.666294e+01
3.500000e-01 2.585888e+01
4.000000e-01 2.476586e+01
4.500000e-01 2.471841e+01
5.000000e-01 2.323770e+01
5.500000e-01 2.379630e+01
6.000000e-01 2.200704e+01
6.500000e-01 2.101792e+01
7.000000e-01 2.066208e+01
7.500000e-01 1.890922e+01
8.000000e-01 1.844545e+01
8.500000e-01 1.827403e+01
9.000000e-01 1.795642e+01
9.500000e-01 1.764108e+01
