0.000000e+00 3.137793e+01
5.000000e-02 3.098296e+01
1.000000e-01 3.082447e+01
1.500000e-01 3.026427e+01
2.000000e-01 2.910818e+01
2.500000e-01 2.727439e+01
3.000000e-01 2.718884e+01
3.500000e-01 2.688862e+01
4.000000e-01 2.514497e+01
4.500000e-01 2.438705e+01
5.000000e-01 2.316821e+01
5.500000e-01 2.211346e+01
6.000000e-01 2.119807e+01
6.500000e-01 1.997922e+01
7.000000e-01 2.049117e+01
7.500000e-01 1.823156e+01
8.000000e-01 1.816301e+01
8.500000e-01 1.606574e+01
9.000000e-01 1.648667e+01
9.500000e-01 1.473657e+01
