0.000000e+00 1.218314e+00
3.000000e-02 1.229882e+00
6.000000e-02 1.286234e+00
9.000000e-02 1.316394e+00
1.200000e-01 1.274669e+00
1.500000e-01 1.196797e+00
1.800000e-01 1.195977e+00
2.100000e-01 1.218704e+00
2.400000e-01 1.088308e+00
2.700000e-01 1.172616e+00
3.000000e-01 1.387171e+00
3.300000e-01 1.399962e+00
3.600000e-01 1.477392e+00
3.900000e-01 1.675862e+00
4.200000e-01 1.880055e+00
4.500000e-01 2.191547e+00
4.800000e-01 2.940623e+00
5.100000e-01 1.999607e+00
5.400000e-01 1.947680e+00
5.700000e-01 2.168660e+00
6.000000e-01 2.297365e+00
6.300000e-01 2.295018e+00
6.600000e-01 2.232382e+00
6.900000e-01 2.013724e+00
7.200000e-01 1.644347e+00
7.500000e-01 1.601865e+00
7.800000e-01 1.822242e+00
8.100000e-01 2.168178e+00
8.400000e-01 2.202825e+00
8.700000e-01 1.734531e+00
9.000000e-01 1.421298e+00
9.300000e-01 1.327583e+00
9.600000e-01 1.339649e+00
9.900000e-01 1.410813e+00
1.020000e+00 1.534337e+00
1.050000e+00 1.716263e+00
1.080000e+00 1.956761e+00
1.110000e+00 2.234299e+00
1.140000e+00 2.609879e+00
1.170000e+00 2.632058e+00
1.200000e+00 1.622933e+00
1.230000e+00 1.292256e+00
1.260000e+00 1.567152e+00
1.290000e+00 2.115312e+00
1.320000e+00 1.268483e+00
1.350000e+00 1.622684e+00
1.380000e+00 1.712957e+00
1.410000e+00 9.440492e-01
1.440000e+00 9.560143e-01
1.470000e+00 1.424629e+00
1.500000e+00 2.241058e+00
1.530000e+00 2.318558e+00
1.560000e+00 2.368351e+00
1.590000e+00 2.550017e+00
1.620000e+00 1.302284e+00
1.650000e+00 1.022073e+00
1.680000e+00 1.070865e+00
1.710000e+00 1.726541e+00
1.740000e+00 1.075545e+00
1.770000e+00 5.365230e-01
1.800000e+00 5.619155e-01
1.830000e+00 6.393770e-01
1.860000e+00 7.590595e-01
1.890000e+00 1.117627e+00
1.920000e+00 9.498377e-01
1.950000e+00 1.071419e+00
1.980000e+00 6.137618e-01
2.010000e+00 5.550919e-01
2.040000e+00 5.905798e-01
2.070000e+00 3.996888e-01
2.100000e+00 1.891715e-01
2.130000e+00 4.137631e-01
2.160000e+00 1.656898e+00
2.190000e+00 4.607014e-01
2.220000e+00 2.525799e-01
2.250000e+00 1.711857e+00
2.280000e+00 4.836962e-01
2.310000e+00 5.511893e-01
2.340000e+00 1.200772e+00
2.370000e+00 1.612906e+00
2.400000e+00 1.879874e+00
2.430000e+00 1.498893e+00
2.460000e+00 1.884572e+00
2.490000e+00 1.345570e+00
2.520000e+00 7.291327e-01
2.550000e+00 4.797179e-01
2.580000e+00 6.005906e-01
2.610000e+00 1.141958e+00
2.640000e+00 1.601094e+00
2.670000e+00 1.623373e+00
2.700000e+00 1.033870e+00
2.730000e+00 2.457958e-01
2.760000e+00 8.584686e-02
2.790000e+00 1.469715e+00
2.820000e+00 8.142901e-01
2.850000e+00 2.200590e-01
2.880000e+00 2.103629e-01
2.910000e+00 3.859094e-01
2.940000e+00 1.496212e+00
2.970000e+00 1.921289e+00
