0.000000e+00 3.062166e+00
5.000000e-02 1.548376e+00
1.000000e-01 2.210217e+00
1.500000e-01 1.991799e+00
2.000000e-01 2.100385e+00
2.500000e-01 2.312403e+00
3.000000e-01 6.304421e-01
3.500000e-01 1.775546e+00
4.000000e-01 1.116275e+00
4.500000e-01 1.403768e+00
5.000000e-01 4.954810e-01
5.500000e-01 5.190204e-01
6.000000e-01 1.202442e+00
6.500000e-01 4.076919e-01
7.000000e-01 6.554949e-01
7.500000e-01 1.634600e+00
8.000000e-01 1.496763e+00
8.500000e-01 1.942267e-01
9.000000e-01 1.794468e+00
9.500000e-01 9.672724e-01
