0.000000e+00 3.062166e+00
5.000000e-02 1.231823e+00
1.000000e-01 6.881963e-01
1.500000e-01 1.638714e+00
2.000000e-01 3.848949e-01
2.500000e-01 5.020163e-01
3.000000e-01 1.326003e+00
3.500000e-01 3.756280e-01
4.000000e-01 1.158237e+00
4.500000e-01 1.563364e+00
5.000000e-01 1.905050e+00
5.500000e-01 5.600347e-01
6.000000e-01 9.142933e-01
6.500000e-01 1.299858e-01
7.000000e-01 1.129352e+00
7.500000e-01 1.160627e+00
8.000000e-01 1.998801e+00
8.500000e-01 8.437364e-01
9.000000e-01 3.936812e-01
9.500000e-01 4.066673e-01
