-5.000000e-02 3.752264e+01
-4.990000e-02 3.752522e+01
-4.980000e-02 3.752838e+01
-4.970000e-02 3.753223e+01
-4.960000e-02 3.753687e+01
-4.950000e-02 3.754240e+01
-4.940000e-02 3.754889e+01
-4.930000e-02 3.755641e+01
-4.920000e-02 3.756501e+01
-4.910000e-02 3.757473e+01
-4.900000e-02 3.758559e+01
-4.890000e-02 3.759758e+01
-4.880000e-02 3.761069e+01
-4.870000e-02 3.762488e+01
-4.860000e-02 3.764009e+01
-4.850000e-02 3.765625e+01
-4.840000e-02 3.767327e+01
-4.830000e-02 3.769104e+01
-4.820000e-02 3.770943e+01
-4.810000e-02 3.772830e+01
-4.800000e-02 3.774750e+01
-4.790000e-02 3.776688e+01
-4.780000e-02 3.778624e+01
-4.770000e-02 3.780542e+01
-4.760000e-02 3.782423e+01
-4.750000e-02 3.784247e+01
-4.740000e-02 3.785996e+01
-4.730000e-02 3.787649e+01
-4.720000e-02 3.789187e+01
-4.710000e-02 3.790592e+01
-4.700000e-02 3.791845e+01
-4.690000e-02 3.792927e+01
-4.680000e-02 3.793823e+01
-4.670000e-02 3.794516e+01
-4.660000e-02 3.794992e+01
-4.650000e-02 3.795238e+01
-4.640000e-02 3.795242e+01
-4.630000e-02 3.794995e+01
-4.620000e-02 3.794491e+01
-4.610000e-02 3.793724e+01
-4.600000e-02 3.792692e+01
-4.590000e-02 3.791397e+01
-4.580000e-02 3.789841e+01
-4.570000e-02 3.788031e+01
-4.560000e-02 3.785978e+01
-4.550000e-02 3.783694e+01
-4.540000e-02 3.781196e+01
-4.530000e-02 3.778504e+01
-4.520000e-02 3.775641e+01
-4.510000e-02 3.772632e+01
-4.500000e-02 3.769508e+01
-4.490000e-02 3.766299e+01
-4.480000e-02 3.763042e+01
-4.470000e-02 3.759773e+01
-4.460000e-02 3.756531e+01
-4.450000e-02 3.753356e+01
-4.440000e-02 3.750290e+01
-4.430000e-02 3.747372e+01
-4.420000e-02 3.744643e+01
-4.410000e-02 3.742139e+01
-4.400000e-02 3.739893e+01
-4.390000e-02 3.737936e+01
-4.380000e-02 3.736290e+01
-4.370000e-02 3.734973e+01
-4.360000e-02 3.733998e+01
-4.350000e-02 3.733368e+01
-4.340000e-02 3.733083e+01
-4.330000e-02 3.733134e+01
-4.320000e-02 3.733508e+01
-4.310000e-02 3.734187e+01
-4.300000e-02 3.735151e+01
-4.290000e-02 3.736375e+01
-4.280000e-02 3.737833e+01
-4.270000e-02 3.739500e+01
-4.260000e-02 3.741350e+01
-4.250000e-02 3.743358e+01
-4.240000e-02 3.745501e+01
-4.230000e-02 3.747756e+01
-4.220000e-02 3.750105e+01
-4.210000e-02 3.752530e+01
-4.200000e-02 3.755015e+01
-4.190000e-02 3.757547e+01
-4.180000e-02 3.760113e+01
-4.170000e-02 3.762701e+01
-4.160000e-02 3.765302e+01
-4.150000e-02 3.767907e+01
-4.140000e-02 3.770505e+01
-4.130000e-02 3.773088e+01
-4.120000e-02 3.775646e+01
-4.110000e-02 3.778170e+01
-4.100000e-02 3.780652e+01
-4.090000e-02 3.783081e+01
-4.080000e-02 3.785448e+01
-4.070000e-02 3.787746e+01
-4.060000e-02 3.789964e+01
-4.050000e-02 3.792096e+01
-4.040000e-02 3.794134e+01
-4.030000e-02 3.796070e+01
-4.020000e-02 3.797900e+01
-4.010000e-02 3.799618e+01
-4.000000e-02 3.801221e+01
-3.990000e-02 3.802704e+01
-3.980000e-02 3.804065e+01
-3.970000e-02 3.805303e+01
-3.960000e-02 3.806416e+01
-3.950000e-02 3.807405e+01
-3.940000e-02 3.808269e+01
-3.930000e-02 3.809010e+01
-3.920000e-02 3.809630e+01
-3.910000e-02 3.810130e+01
-3.900000e-02 3.810513e+01
-3.890000e-02 3.810784e+01
-3.880000e-02 3.810944e+01
-3.870000e-02 3.810999e+01
-3.860000e-02 3.810953e+01
-3.850000e-02 3.810811e+01
-3.840000e-02 3.810579e+01
-3.830000e-02 3.810263e+01
-3.820000e-02 3.809869e+01
-3.810000e-02 3.809405e+01
-3.800000e-02 3.808876e+01
-3.790000e-02 3.808292e+01
-3.780000e-02 3.807659e+01
-3.770000e-02 3.806987e+01
-3.760000e-02 3.806283e+01
-3.750000e-02 3.805556e+01
-3.740000e-02 3.804814e+01
-3.730000e-02 3.804067e+01
-3.720000e-02 3.803322e+01
-3.710000e-02 3.802586e+01
-3.700000e-02 3.801867e+01
-3.690000e-02 3.801171e+01
-3.680000e-02 3.800501e+01
-3.670000e-02 3.799863e+01
-3.660000e-02 3.799257e+01
-3.650000e-02 3.798683e+01
-3.640000e-02 3.798139e+01
-3.630000e-02 3.797621e+01
-3.620000e-02 3.797123e+01
-3.610000e-02 3.796635e+01
-3.600000e-02 3.796147e+01
-3.590000e-02 3.795648e+01
-3.580000e-02 3.795122e+01
-3.570000e-02 3.794557e+01
-3.560000e-02 3.793937e+01
-3.550000e-02 3.793249e+01
-3.540000e-02 3.792479e+01
-3.530000e-02 3.791617e+01
-3.520000e-02 3.790653e+01
-3.510000e-02 3.789583e+01
-3.500000e-02 3.788404e+01
-3.490000e-02 3.787117e+01
-3.480000e-02 3.785729e+01
-3.470000e-02 3.784247e+01
-3.460000e-02 3.782686e+01
-3.450000e-02 3.781061e+01
-3.440000e-02 3.779391e+01
-3.430000e-02 3.777700e+01
-3.420000e-02 3.776010e+01
-3.410000e-02 3.774348e+01
-3.400000e-02 3.772740e+01
-3.390000e-02 3.771214e+01
-3.380000e-02 3.769794e+01
-3.370000e-02 3.768508e+01
-3.360000e-02 3.767379e+01
-3.350000e-02 3.766431e+01
-3.340000e-02 3.765682e+01
-3.330000e-02 3.765151e+01
-3.320000e-02 3.764853e+01
-3.310000e-02 3.764797e+01
-3.300000e-02 3.764991e+01
-3.290000e-02 3.765439e+01
-3.280000e-02 3.766139e+01
-3.270000e-02 3.767089e+01
-3.260000e-02 3.768278e+01
-3.250000e-02 3.769695e+01
-3.240000e-02 3.771323e+01
-3.230000e-02 3.773144e+01
-3.220000e-02 3.775135e+01
-3.210000e-02 3.777273e+01
-3.200000e-02 3.779530e+01
-3.190000e-02 3.781879e+01
-3.180000e-02 3.784294e+01
-3.170000e-02 3.786748e+01
-3.160000e-02 3.789213e+01
-3.150000e-02 3.791668e+01
-3.140000e-02 3.794090e+01
-3.130000e-02 3.796461e+01
-3.120000e-02 3.798766e+01
-3.110000e-02 3.800996e+01
-3.100000e-02 3.803142e+01
-3.090000e-02 3.805202e+01
-3.080000e-02 3.807177e+01
-3.070000e-02 3.809070e+01
-3.060000e-02 3.810889e+01
-3.050000e-02 3.812644e+01
-3.040000e-02 3.814346e+01
-3.030000e-02 3.816007e+01
-3.020000e-02 3.817643e+01
-3.010000e-02 3.819266e+01
-3.000000e-02 3.820892e+01
-2.990000e-02 3.822533e+01
-2.980000e-02 3.824203e+01
-2.970000e-02 3.825914e+01
-2.960000e-02 3.827676e+01
-2.950000e-02 3.829499e+01
-2.940000e-02 3.831390e+01
-2.930000e-02 3.833357e+01
-2.920000e-02 3.835405e+01
-2.910000e-02 3.837539e+01
-2.900000e-02 3.839760e+01
-2.890000e-02 3.842071e+01
-2.880000e-02 3.844473e+01
-2.870000e-02 3.846966e+01
-2.860000e-02 3.849549e+01
-2.850000e-02 3.852219e+01
-2.840000e-02 3.854974e+01
-2.830000e-02 3.857811e+01
-2.820000e-02 3.860726e+01
-2.810000e-02 3.863715e+01
-2.800000e-02 3.866771e+01
-2.790000e-02 3.869890e+01
-2.780000e-02 3.873063e+01
-2.770000e-02 3.876285e+01
-2.760000e-02 3.879546e+01
-2.750000e-02 3.882838e+01
-2.740000e-02 3.886150e+01
-2.730000e-02 3.889472e+01
-2.720000e-02 3.892792e+01
-2.710000e-02 3.896096e+01
-2.700000e-02 3.899370e+01
-2.690000e-02 3.902598e+01
-2.680000e-02 3.905763e+01
-2.670000e-02 3.908844e+01
-2.660000e-02 3.911821e+01
-2.650000e-02 3.914670e+01
-2.640000e-02 3.917367e+01
-2.630000e-02 3.919883e+01
-2.620000e-02 3.922189e+01
-2.610000e-02 3.924253e+01
-2.600000e-02 3.926039e+01
-2.590000e-02 3.927514e+01
-2.580000e-02 3.928638e+01
-2.570000e-02 3.929376e+01
-2.560000e-02 3.929690e+01
-2.550000e-02 3.929546e+01
-2.540000e-02 3.928915e+01
-2.530000e-02 3.927774e+01
-2.520000e-02 3.926110e+01
-2.510000e-02 3.923922e+01
-2.500000e-02 3.921225e+01
-2.490000e-02 3.918055e+01
-2.480000e-02 3.914467e+01
-2.470000e-02 3.910536e+01
-2.460000e-02 3.906360e+01
-2.450000e-02 3.902055e+01
-2.440000e-02 3.897750e+01
-2.430000e-02 3.893580e+01
-2.420000e-02 3.889681e+01
-2.410000e-02 3.886181e+01
-2.400000e-02 3.883191e+01
-2.390000e-02 3.880800e+01
-2.380000e-02 3.879075e+01
-2.370000e-02 3.878052e+01
-2.360000e-02 3.877743e+01
-2.350000e-02 3.878135e+01
-2.340000e-02 3.879195e+01
-2.330000e-02 3.880873e+01
-2.320000e-02 3.883109e+01
-2.310000e-02 3.885835e+01
-2.300000e-02 3.888979e+01
-2.290000e-02 3.892469e+01
-2.280000e-02 3.896236e+01
-2.270000e-02 3.900214e+01
-2.260000e-02 3.904343e+01
-2.250000e-02 3.908568e+01
-2.240000e-02 3.912841e+01
-2.230000e-02 3.917117e+01
-2.220000e-02 3.921361e+01
-2.210000e-02 3.925539e+01
-2.200000e-02 3.929626e+01
-2.190000e-02 3.933597e+01
-2.180000e-02 3.937434e+01
-2.170000e-02 3.941120e+01
-2.160000e-02 3.944642e+01
-2.150000e-02 3.947987e+01
-2.140000e-02 3.951145e+01
-2.130000e-02 3.954108e+01
-2.120000e-02 3.956868e+01
-2.110000e-02 3.959417e+01
-2.100000e-02 3.961748e+01
-2.090000e-02 3.963855e+01
-2.080000e-02 3.965729e+01
-2.070000e-02 3.967364e+01
-2.060000e-02 3.968752e+01
-2.050000e-02 3.969885e+01
-2.040000e-02 3.970752e+01
-2.030000e-02 3.971345e+01
-2.020000e-02 3.971653e+01
-2.010000e-02 3.971664e+01
-2.000000e-02 3.971367e+01
-1.990000e-02 3.970750e+01
-1.980000e-02 3.969800e+01
-1.970000e-02 3.968505e+01
-1.960000e-02 3.966854e+01
-1.950000e-02 3.964838e+01
-1.940000e-02 3.962450e+01
-1.930000e-02 3.959689e+01
-1.920000e-02 3.956558e+01
-1.910000e-02 3.953071e+01
-1.900000e-02 3.949252e+01
-1.890000e-02 3.945137e+01
-1.880000e-02 3.940784e+01
-1.870000e-02 3.936266e+01
-1.860000e-02 3.931681e+01
-1.850000e-02 3.927150e+01
-1.840000e-02 3.922812e+01
-1.830000e-02 3.918825e+01
-1.820000e-02 3.915353e+01
-1.810000e-02 3.912552e+01
-1.800000e-02 3.910562e+01
-1.790000e-02 3.909484e+01
-1.780000e-02 3.909370e+01
-1.770000e-02 3.910215e+01
-1.760000e-02 3.911959e+01
-1.750000e-02 3.914496e+01
-1.740000e-02 3.917687e+01
-1.730000e-02 3.921384e+01
-1.720000e-02 3.925447e+01
-1.710000e-02 3.929760e+01
-1.700000e-02 3.934238e+01
-1.690000e-02 3.938830e+01
-1.680000e-02 3.943508e+01
-1.670000e-02 3.948261e+01
-1.660000e-02 3.953079e+01
-1.650000e-02 3.957945e+01
-1.640000e-02 3.962827e+01
-1.630000e-02 3.967680e+01
-1.620000e-02 3.972443e+01
-1.610000e-02 3.977049e+01
-1.600000e-02 3.981424e+01
-1.590000e-02 3.985501e+01
-1.580000e-02 3.989214e+01
-1.570000e-02 3.992505e+01
-1.560000e-02 3.995321e+01
-1.550000e-02 3.997616e+01
-1.540000e-02 3.999346e+01
-1.530000e-02 4.000466e+01
-1.520000e-02 4.000927e+01
-1.510000e-02 4.000671e+01
-1.500000e-02 3.999620e+01
-1.490000e-02 3.997659e+01
-1.480000e-02 3.994590e+01
-1.470000e-02 3.989978e+01
-1.460000e-02 3.981800e+01
-1.450000e-02 3.986388e+01
-1.440000e-02 3.989581e+01
-1.430000e-02 3.991409e+01
-1.420000e-02 3.992529e+01
-1.410000e-02 3.993167e+01
-1.400000e-02 3.993434e+01
-1.390000e-02 3.993393e+01
-1.380000e-02 3.993085e+01
-1.370000e-02 3.992538e+01
-1.360000e-02 3.991772e+01
-1.350000e-02 3.990802e+01
-1.340000e-02 3.989636e+01
-1.330000e-02 3.988280e+01
-1.320000e-02 3.986730e+01
-1.310000e-02 3.984979e+01
-1.300000e-02 3.983008e+01
-1.290000e-02 3.980787e+01
-1.280000e-02 3.978271e+01
-1.270000e-02 3.975400e+01
-1.260000e-02 3.972089e+01
-1.250000e-02 3.968234e+01
-1.240000e-02 3.963709e+01
-1.230000e-02 3.958370e+01
-1.220000e-02 3.952072e+01
-1.210000e-02 3.944696e+01
-1.200000e-02 3.936188e+01
-1.190000e-02 3.926619e+01
-1.180000e-02 3.916231e+01
-1.170000e-02 3.905456e+01
-1.160000e-02 3.894868e+01
-1.150000e-02 3.885059e+01
-1.140000e-02 3.876482e+01
-1.130000e-02 3.869330e+01
-1.120000e-02 3.863511e+01
-1.110000e-02 3.858713e+01
-1.100000e-02 3.854511e+01
-1.090000e-02 3.850460e+01
-1.080000e-02 3.846155e+01
-1.070000e-02 3.841246e+01
-1.060000e-02 3.835434e+01
-1.050000e-02 3.828470e+01
-1.040000e-02 3.820172e+01
-1.030000e-02 3.810505e+01
-1.020000e-02 3.799704e+01
-1.010000e-02 3.788422e+01
-1.000000e-02 3.777759e+01
-9.900000e-03 3.769067e+01
-9.800000e-03 3.763495e+01
-9.700000e-03 3.761528e+01
-9.600000e-03 3.762840e+01
-9.500000e-03 3.766537e+01
-9.400000e-03 3.771558e+01
-9.300000e-03 3.776978e+01
-9.200000e-03 3.782145e+01
-9.100000e-03 3.786674e+01
-9.000000e-03 3.790397e+01
-8.900000e-03 3.793300e+01
-8.800000e-03 3.795479e+01
-8.700000e-03 3.797093e+01
-8.600000e-03 3.798340e+01
-8.500000e-03 3.799419e+01
-8.400000e-03 3.800493e+01
-8.300000e-03 3.801658e+01
-8.200000e-03 3.802920e+01
-8.100000e-03 3.804202e+01
-8.000000e-03 3.805387e+01
-7.900000e-03 3.806375e+01
-7.800000e-03 3.807155e+01
-7.700000e-03 3.807833e+01
-7.600000e-03 3.808616e+01
-7.500000e-03 3.809749e+01
-7.400000e-03 3.811425e+01
-7.300000e-03 3.813720e+01
-7.200000e-03 3.816582e+01
-7.100000e-03 3.819877e+01
-7.000000e-03 3.823458e+01
-6.900000e-03 3.827232e+01
-6.800000e-03 3.831172e+01
-6.700000e-03 3.835293e+01
-6.600000e-03 3.839590e+01
-6.500000e-03 3.843983e+01
-6.400000e-03 3.848291e+01
-6.300000e-03 3.852242e+01
-6.200000e-03 3.855508e+01
-6.100000e-03 3.857753e+01
-6.000000e-03 3.858675e+01
-5.900000e-03 3.858022e+01
-5.800000e-03 3.855609e+01
-5.700000e-03 3.851311e+01
-5.600000e-03 3.845073e+01
-5.500000e-03 3.836908e+01
-5.400000e-03 3.826903e+01
-5.300000e-03 3.815236e+01
-5.200000e-03 3.802179e+01
-5.100000e-03 3.788096e+01
-5.000000e-03 3.773427e+01
-4.900000e-03 3.758651e+01
-4.800000e-03 3.744241e+01
-4.700000e-03 3.730635e+01
-4.600000e-03 3.718235e+01
-4.500000e-03 3.707458e+01
-4.400000e-03 3.698824e+01
-4.300000e-03 3.693020e+01
-4.200000e-03 3.690887e+01
-4.100000e-03 3.693187e+01
-4.000000e-03 3.700153e+01
-3.900000e-03 3.711002e+01
-3.800000e-03 3.724021e+01
-3.700000e-03 3.737417e+01
-3.600000e-03 3.750202e+01
-3.500000e-03 3.762305e+01
-3.400000e-03 3.774101e+01
-3.300000e-03 3.785921e+01
-3.200000e-03 3.797798e+01
-3.100000e-03 3.809435e+01
-3.000000e-03 3.820324e+01
-2.900000e-03 3.829926e+01
-2.800000e-03 3.837817e+01
-2.700000e-03 3.843770e+01
-2.600000e-03 3.847786e+01
-2.500000e-03 3.850085e+01
-2.400000e-03 3.851070e+01
-2.300000e-03 3.851251e+01
-2.200000e-03 3.851113e+01
-2.100000e-03 3.850953e+01
-2.000000e-03 3.850754e+01
-1.900000e-03 3.850184e+01
-1.800000e-03 3.848721e+01
-1.700000e-03 3.845846e+01
-1.600000e-03 3.841199e+01
-1.500000e-03 3.834668e+01
-1.400000e-03 3.826404e+01
-1.300000e-03 3.816810e+01
-1.200000e-03 3.806502e+01
-1.100000e-03 3.796255e+01
-1.000000e-03 3.786920e+01
-9.000000e-04 3.779300e+01
-8.000000e-04 3.774007e+01
-7.000000e-04 3.771319e+01
-6.000000e-04 3.771114e+01
-5.000000e-04 3.772892e+01
-4.000000e-04 3.775893e+01
-3.000000e-04 3.779277e+01
-2.000000e-04 3.782284e+01
-1.000000e-04 3.784374e+01
1.429412e-15 3.785315e+01
1.000000e-04 3.785226e+01
2.000000e-04 3.784569e+01
3.000000e-04 3.784054e+01
4.000000e-04 3.784456e+01
5.000000e-04 3.786349e+01
6.000000e-04 3.789868e+01
7.000000e-04 3.794602e+01
8.000000e-04 3.799696e+01
9.000000e-04 3.804102e+01
1.000000e-03 3.806852e+01
1.100000e-03 3.807266e+01
1.200000e-03 3.805038e+01
1.300000e-03 3.800245e+01
1.400000e-03 3.793288e+01
1.500000e-03 3.784771e+01
1.600000e-03 3.775364e+01
1.700000e-03 3.765655e+01
1.800000e-03 3.756083e+01
1.900000e-03 3.746975e+01
2.000000e-03 3.738658e+01
2.100000e-03 3.731536e+01
2.200000e-03 3.726036e+01
2.300000e-03 3.722426e+01
2.400000e-03 3.720636e+01
2.500000e-03 3.720206e+01
2.600000e-03 3.720413e+01
2.700000e-03 3.720483e+01
2.800000e-03 3.719774e+01
2.900000e-03 3.717881e+01
3.000000e-03 3.714649e+01
3.100000e-03 3.710158e+01
3.200000e-03 3.704681e+01
3.300000e-03 3.698644e+01
3.400000e-03 3.692598e+01
3.500000e-03 3.687177e+01
3.600000e-03 3.683049e+01
3.700000e-03 3.680853e+01
3.800000e-03 3.681115e+01
3.900000e-03 3.684155e+01
4.000000e-03 3.690020e+01
4.100000e-03 3.698462e+01
4.200000e-03 3.708974e+01
4.300000e-03 3.720880e+01
4.400000e-03 3.733447e+01
4.500000e-03 3.745989e+01
4.600000e-03 3.757932e+01
4.700000e-03 3.768848e+01
4.800000e-03 3.778457e+01
4.900000e-03 3.786603e+01
5.000000e-03 3.793233e+01
5.100000e-03 3.798367e+01
5.200000e-03 3.802078e+01
5.300000e-03 3.804466e+01
5.400000e-03 3.805650e+01
5.500000e-03 3.805755e+01
5.600000e-03 3.804906e+01
5.700000e-03 3.803232e+01
5.800000e-03 3.800867e+01
5.900000e-03 3.797963e+01
6.000000e-03 3.794691e+01
6.100000e-03 3.791246e+01
6.200000e-03 3.787825e+01
6.300000e-03 3.784596e+01
6.400000e-03 3.781661e+01
6.500000e-03 3.779040e+01
6.600000e-03 3.776693e+01
6.700000e-03 3.774565e+01
6.800000e-03 3.772639e+01
6.900000e-03 3.770973e+01
7.000000e-03 3.769696e+01
7.100000e-03 3.768988e+01
7.200000e-03 3.769048e+01
7.300000e-03 3.770075e+01
7.400000e-03 3.772268e+01
7.500000e-03 3.775839e+01
7.600000e-03 3.781011e+01
7.700000e-03 3.787967e+01
7.800000e-03 3.796762e+01
7.900000e-03 3.807237e+01
8.000000e-03 3.818990e+01
8.100000e-03 3.831428e+01
8.200000e-03 3.843877e+01
8.300000e-03 3.855699e+01
8.400000e-03 3.866376e+01
8.500000e-03 3.875547e+01
8.600000e-03 3.883002e+01
8.700000e-03 3.888664e+01
8.800000e-03 3.892561e+01
8.900000e-03 3.894809e+01
9.000000e-03 3.895601e+01
9.100000e-03 3.895200e+01
9.200000e-03 3.893940e+01
9.300000e-03 3.892205e+01
9.400000e-03 3.890403e+01
9.500000e-03 3.888910e+01
9.600000e-03 3.888003e+01
9.700000e-03 3.887799e+01
9.800000e-03 3.888229e+01
9.900000e-03 3.889060e+01
1.000000e-02 3.889963e+01
1.010000e-02 3.890597e+01
1.020000e-02 3.890680e+01
1.030000e-02 3.890032e+01
1.040000e-02 3.888584e+01
1.050000e-02 3.886366e+01
1.060000e-02 3.883498e+01
1.070000e-02 3.880162e+01
1.080000e-02 3.876598e+01
1.090000e-02 3.873080e+01
1.100000e-02 3.869909e+01
1.110000e-02 3.867387e+01
1.120000e-02 3.865790e+01
1.130000e-02 3.865336e+01
1.140000e-02 3.866153e+01
1.150000e-02 3.868257e+01
1.160000e-02 3.871551e+01
1.170000e-02 3.875840e+01
1.180000e-02 3.880871e+01
1.190000e-02 3.886368e+01
1.200000e-02 3.892071e+01
1.210000e-02 3.897759e+01
1.220000e-02 3.903266e+01
1.230000e-02 3.908476e+01
1.240000e-02 3.913318e+01
1.250000e-02 3.917758e+01
1.260000e-02 3.921787e+01
1.270000e-02 3.925409e+01
1.280000e-02 3.928638e+01
1.290000e-02 3.931491e+01
1.300000e-02 3.933981e+01
1.310000e-02 3.936117e+01
1.320000e-02 3.937902e+01
1.330000e-02 3.939331e+01
1.340000e-02 3.940389e+01
1.350000e-02 3.941053e+01
1.360000e-02 3.941288e+01
1.370000e-02 3.941046e+01
1.380000e-02 3.940263e+01
1.390000e-02 3.938855e+01
1.400000e-02 3.936705e+01
1.410000e-02 3.933645e+01
1.420000e-02 3.929415e+01
1.430000e-02 3.923563e+01
1.440000e-02 3.915158e+01
1.450000e-02 3.901496e+01
1.460000e-02 3.871593e+01
1.470000e-02 3.888076e+01
1.480000e-02 3.899970e+01
1.490000e-02 3.910112e+01
1.500000e-02 3.919012e+01
1.510000e-02 3.926884e+01
1.520000e-02 3.933861e+01
1.530000e-02 3.940042e+01
1.540000e-02 3.945512e+01
1.550000e-02 3.950342e+01
1.560000e-02 3.954597e+01
1.570000e-02 3.958332e+01
1.580000e-02 3.961595e+01
1.590000e-02 3.964427e+01
1.600000e-02 3.966864e+01
1.610000e-02 3.968938e+01
1.620000e-02 3.970675e+01
1.630000e-02 3.972098e+01
1.640000e-02 3.973227e+01
1.650000e-02 3.974079e+01
1.660000e-02 3.974671e+01
1.670000e-02 3.975016e+01
1.680000e-02 3.975128e+01
1.690000e-02 3.975021e+01
1.700000e-02 3.974709e+01
1.710000e-02 3.974205e+01
1.720000e-02 3.973526e+01
1.730000e-02 3.972690e+01
1.740000e-02 3.971715e+01
1.750000e-02 3.970624e+01
1.760000e-02 3.969438e+01
1.770000e-02 3.968185e+01
1.780000e-02 3.966889e+01
1.790000e-02 3.965578e+01
1.800000e-02 3.964278e+01
1.810000e-02 3.963012e+01
1.820000e-02 3.961803e+01
1.830000e-02 3.960669e+01
1.840000e-02 3.959623e+01
1.850000e-02 3.958673e+01
1.860000e-02 3.957822e+01
1.870000e-02 3.957068e+01
1.880000e-02 3.956404e+01
1.890000e-02 3.955818e+01
1.900000e-02 3.955297e+01
1.910000e-02 3.954825e+01
1.920000e-02 3.954387e+01
1.930000e-02 3.953966e+01
1.940000e-02 3.953548e+01
1.950000e-02 3.953120e+01
1.960000e-02 3.952670e+01
1.970000e-02 3.952189e+01
1.980000e-02 3.951673e+01
1.990000e-02 3.951115e+01
2.000000e-02 3.950516e+01
2.010000e-02 3.949874e+01
2.020000e-02 3.949190e+01
2.030000e-02 3.948469e+01
2.040000e-02 3.947711e+01
2.050000e-02 3.946923e+01
2.060000e-02 3.946107e+01
2.070000e-02 3.945267e+01
2.080000e-02 3.944408e+01
2.090000e-02 3.943532e+01
2.100000e-02 3.942641e+01
2.110000e-02 3.941737e+01
2.120000e-02 3.940821e+01
2.130000e-02 3.939893e+01
2.140000e-02 3.938951e+01
2.150000e-02 3.937993e+01
2.160000e-02 3.937017e+01
2.170000e-02 3.936019e+01
2.180000e-02 3.934996e+01
2.190000e-02 3.933941e+01
2.200000e-02 3.932850e+01
2.210000e-02 3.931717e+01
2.220000e-02 3.930536e+01
2.230000e-02 3.929300e+01
2.240000e-02 3.928004e+01
2.250000e-02 3.926640e+01
2.260000e-02 3.925202e+01
2.270000e-02 3.923683e+01
2.280000e-02 3.922078e+01
2.290000e-02 3.920379e+01
2.300000e-02 3.918582e+01
2.310000e-02 3.916680e+01
2.320000e-02 3.914669e+01
2.330000e-02 3.912543e+01
2.340000e-02 3.910300e+01
2.350000e-02 3.907934e+01
2.360000e-02 3.905445e+01
2.370000e-02 3.902829e+01
2.380000e-02 3.900086e+01
2.390000e-02 3.897215e+01
2.400000e-02 3.894216e+01
2.410000e-02 3.891092e+01
2.420000e-02 3.887845e+01
2.430000e-02 3.884477e+01
2.440000e-02 3.880994e+01
2.450000e-02 3.877400e+01
2.460000e-02 3.873701e+01
2.470000e-02 3.869904e+01
2.480000e-02 3.866016e+01
2.490000e-02 3.862046e+01
2.500000e-02 3.858002e+01
2.510000e-02 3.853897e+01
2.520000e-02 3.849743e+01
2.530000e-02 3.845556e+01
2.540000e-02 3.841359e+01
2.550000e-02 3.837179e+01
2.560000e-02 3.833055e+01
2.570000e-02 3.829036e+01
2.580000e-02 3.825187e+01
2.590000e-02 3.821587e+01
2.600000e-02 3.818328e+01
2.610000e-02 3.815515e+01
2.620000e-02 3.813254e+01
2.630000e-02 3.811644e+01
2.640000e-02 3.810765e+01
2.650000e-02 3.810669e+01
2.660000e-02 3.811371e+01
2.670000e-02 3.812849e+01
2.680000e-02 3.815045e+01
2.690000e-02 3.817875e+01
2.700000e-02 3.821236e+01
2.710000e-02 3.825020e+01
2.720000e-02 3.829120e+01
2.730000e-02 3.833436e+01
2.740000e-02 3.837879e+01
2.750000e-02 3.842375e+01
2.760000e-02 3.846859e+01
2.770000e-02 3.851281e+01
2.780000e-02 3.855600e+01
2.790000e-02 3.859784e+01
2.800000e-02 3.863808e+01
2.810000e-02 3.867652e+01
2.820000e-02 3.871302e+01
2.830000e-02 3.874746e+01
2.840000e-02 3.877977e+01
2.850000e-02 3.880989e+01
2.860000e-02 3.883777e+01
2.870000e-02 3.886340e+01
2.880000e-02 3.888674e+01
2.890000e-02 3.890781e+01
2.900000e-02 3.892660e+01
2.910000e-02 3.894312e+01
2.920000e-02 3.895739e+01
2.930000e-02 3.896943e+01
2.940000e-02 3.897926e+01
2.950000e-02 3.898694e+01
2.960000e-02 3.899250e+01
2.970000e-02 3.899599e+01
2.980000e-02 3.899749e+01
2.990000e-02 3.899705e+01
3.000000e-02 3.899478e+01
3.010000e-02 3.899076e+01
3.020000e-02 3.898513e+01
3.030000e-02 3.897802e+01
3.040000e-02 3.896958e+01
3.050000e-02 3.896000e+01
3.060000e-02 3.894946e+01
3.070000e-02 3.893820e+01
3.080000e-02 3.892645e+01
3.090000e-02 3.891449e+01
3.100000e-02 3.890260e+01
3.110000e-02 3.889107e+01
3.120000e-02 3.888023e+01
3.130000e-02 3.887037e+01
3.140000e-02 3.886182e+01
3.150000e-02 3.885486e+01
3.160000e-02 3.884976e+01
3.170000e-02 3.884677e+01
3.180000e-02 3.884607e+01
3.190000e-02 3.884779e+01
3.200000e-02 3.885201e+01
3.210000e-02 3.885872e+01
3.220000e-02 3.886785e+01
3.230000e-02 3.887926e+01
3.240000e-02 3.889272e+01
3.250000e-02 3.890796e+01
3.260000e-02 3.892464e+01
3.270000e-02 3.894241e+01
3.280000e-02 3.896085e+01
3.290000e-02 3.897958e+01
3.300000e-02 3.899818e+01
3.310000e-02 3.901627e+01
3.320000e-02 3.903349e+01
3.330000e-02 3.904952e+01
3.340000e-02 3.906409e+01
3.350000e-02 3.907696e+01
3.360000e-02 3.908794e+01
3.370000e-02 3.909690e+01
3.380000e-02 3.910375e+01
3.390000e-02 3.910844e+01
3.400000e-02 3.911095e+01
3.410000e-02 3.911129e+01
3.420000e-02 3.910952e+01
3.430000e-02 3.910570e+01
3.440000e-02 3.909992e+01
3.450000e-02 3.909226e+01
3.460000e-02 3.908283e+01
3.470000e-02 3.907175e+01
3.480000e-02 3.905912e+01
3.490000e-02 3.904507e+01
3.500000e-02 3.902969e+01
3.510000e-02 3.901310e+01
3.520000e-02 3.899541e+01
3.530000e-02 3.897671e+01
3.540000e-02 3.895710e+01
3.550000e-02 3.893667e+01
3.560000e-02 3.891551e+01
3.570000e-02 3.889369e+01
3.580000e-02 3.887130e+01
3.590000e-02 3.884839e+01
3.600000e-02 3.882505e+01
3.610000e-02 3.880133e+01
3.620000e-02 3.877729e+01
3.630000e-02 3.875299e+01
3.640000e-02 3.872849e+01
3.650000e-02 3.870384e+01
3.660000e-02 3.867907e+01
3.670000e-02 3.865425e+01
3.680000e-02 3.862942e+01
3.690000e-02 3.860462e+01
3.700000e-02 3.857989e+01
3.710000e-02 3.855527e+01
3.720000e-02 3.853080e+01
3.730000e-02 3.850652e+01
3.740000e-02 3.848247e+01
3.750000e-02 3.845868e+01
3.760000e-02 3.843520e+01
3.770000e-02 3.841207e+01
3.780000e-02 3.838933e+01
3.790000e-02 3.836704e+01
3.800000e-02 3.834524e+01
3.810000e-02 3.832400e+01
3.820000e-02 3.830339e+01
3.830000e-02 3.828350e+01
3.840000e-02 3.826442e+01
3.850000e-02 3.824626e+01
3.860000e-02 3.822913e+01
3.870000e-02 3.821319e+01
3.880000e-02 3.819856e+01
3.890000e-02 3.818542e+01
3.900000e-02 3.817392e+01
3.910000e-02 3.816422e+01
3.920000e-02 3.815648e+01
3.930000e-02 3.815083e+01
3.940000e-02 3.814738e+01
3.950000e-02 3.814620e+01
3.960000e-02 3.814732e+01
3.970000e-02 3.815072e+01
3.980000e-02 3.815632e+01
3.990000e-02 3.816398e+01
4.000000e-02 3.817351e+01
4.010000e-02 3.818468e+01
4.020000e-02 3.819720e+01
4.030000e-02 3.821077e+01
4.040000e-02 3.822506e+01
4.050000e-02 3.823974e+01
4.060000e-02 3.825450e+01
4.070000e-02 3.826902e+01
4.080000e-02 3.828303e+01
4.090000e-02 3.829625e+01
4.100000e-02 3.830848e+01
4.110000e-02 3.831951e+01
4.120000e-02 3.832919e+01
4.130000e-02 3.833738e+01
4.140000e-02 3.834398e+01
4.150000e-02 3.834890e+01
4.160000e-02 3.835210e+01
4.170000e-02 3.835353e+01
4.180000e-02 3.835317e+01
4.190000e-02 3.835100e+01
4.200000e-02 3.834703e+01
4.210000e-02 3.834127e+01
4.220000e-02 3.833374e+01
4.230000e-02 3.832444e+01
4.240000e-02 3.831342e+01
4.250000e-02 3.830070e+01
4.260000e-02 3.828631e+01
4.270000e-02 3.827029e+01
4.280000e-02 3.825267e+01
4.290000e-02 3.823351e+01
4.300000e-02 3.821283e+01
4.310000e-02 3.819068e+01
4.320000e-02 3.816710e+01
4.330000e-02 3.814215e+01
4.340000e-02 3.811586e+01
4.350000e-02 3.808829e+01
4.360000e-02 3.805949e+01
4.370000e-02 3.802952e+01
4.380000e-02 3.799843e+01
4.390000e-02 3.796627e+01
4.400000e-02 3.793312e+01
4.410000e-02 3.789902e+01
4.420000e-02 3.786405e+01
4.430000e-02 3.782828e+01
4.440000e-02 3.779177e+01
4.450000e-02 3.775460e+01
4.460000e-02 3.771684e+01
4.470000e-02 3.767859e+01
4.480000e-02 3.763991e+01
4.490000e-02 3.760090e+01
4.500000e-02 3.756164e+01
4.510000e-02 3.752224e+01
4.520000e-02 3.748278e+01
4.530000e-02 3.744336e+01
4.540000e-02 3.740410e+01
4.550000e-02 3.736508e+01
4.560000e-02 3.732643e+01
4.570000e-02 3.728824e+01
4.580000e-02 3.725063e+01
4.590000e-02 3.721370e+01
4.600000e-02 3.717757e+01
4.610000e-02 3.714235e+01
4.620000e-02 3.710813e+01
4.630000e-02 3.707502e+01
4.640000e-02 3.704312e+01
4.650000e-02 3.701252e+01
4.660000e-02 3.698332e+01
4.670000e-02 3.695560e+01
4.680000e-02 3.692943e+01
4.690000e-02 3.690489e+01
4.700000e-02 3.688205e+01
4.710000e-02 3.686095e+01
4.720000e-02 3.684166e+01
4.730000e-02 3.682421e+01
4.740000e-02 3.680865e+01
4.750000e-02 3.679501e+01
4.760000e-02 3.678331e+01
4.770000e-02 3.677356e+01
4.780000e-02 3.676579e+01
4.790000e-02 3.675998e+01
4.800000e-02 3.675613e+01
4.810000e-02 3.675422e+01
4.820000e-02 3.675422e+01
4.830000e-02 3.675608e+01
4.840000e-02 3.675975e+01
4.850000e-02 3.676515e+01
4.860000e-02 3.677220e+01
4.870000e-02 3.678080e+01
4.880000e-02 3.679084e+01
4.890000e-02 3.680217e+01
4.900000e-02 3.681468e+01
4.910000e-02 3.682820e+01
4.920000e-02 3.684258e+01
4.930000e-02 3.685766e+01
4.940000e-02 3.687328e+01
4.950000e-02 3.688927e+01
4.960000e-02 3.690548e+01
4.970000e-02 3.692176e+01
4.980000e-02 3.693796e+01
4.990000e-02 3.695396e+01
