0.000000e+00 3.794932e+00
6.000000e-02 3.590930e+00
1.200000e-01 3.852179e+00
1.800000e-01 3.583642e+00
2.400000e-01 3.927536e+00
3.000000e-01 4.046913e+00
3.600000e-01 3.995482e+00
4.200000e-01 3.848928e+00
4.800000e-01 3.653698e+00
5.400000e-01 4.112960e+00
6.000000e-01 3.559808e+00
6.600000e-01 3.240797e+00
7.200000e-01 2.856503e+00
7.800000e-01 3.148355e+00
8.400000e-01 3.499843e+00
9.000000e-01 2.781837e+00
9.600000e-01 2.804514e+00
1.020000e+00 3.064057e+00
1.080000e+00 3.094792e+00
1.140000e+00 2.912786e+00
1.200000e+00 2.539811e+00
1.260000e+00 3.079971e+00
1.320000e+00 2.804728e+00
1.380000e+00 3.183555e+00
1.440000e+00 2.714160e+00
1.500000e+00 2.263833e+00
1.560000e+00 2.176060e+00
1.620000e+00 2.062530e+00
1.680000e+00 2.070589e+00
1.740000e+00 1.814894e+00
1.800000e+00 2.090824e+00
1.860000e+00 2.213405e+00
1.920000e+00 1.926482e+00
1.980000e+00 1.889911e+00
2.040000e+00 1.503009e+00
2.100000e+00 2.148803e+00
2.160000e+00 1.627348e+00
2.220000e+00 1.532482e+00
2.280000e+00 1.514702e+00
2.340000e+00 7.700627e-01
2.400000e+00 1.085345e+00
2.460000e+00 1.418173e+00
2.520000e+00 1.407360e+00
2.580000e+00 1.065570e+00
2.640000e+00 1.289660e+00
2.700000e+00 1.814817e+00
2.760000e+00 1.309295e+00
2.820000e+00 1.188696e+00
2.880000e+00 3.641490e-01
2.940000e+00 4.071756e-01
3.000000e+00 4.082571e-01
3.060000e+00 9.053439e-01
3.120000e+00 7.580784e-01
3.180000e+00 6.270841e-01
3.240000e+00 5.161927e-01
3.300000e+00 3.988582e-01
3.360000e+00 2.795057e-01
3.420000e+00 9.442693e-01
3.480000e+00 4.591994e-01
3.540000e+00 8.385818e-01
3.600000e+00 1.651149e-01
3.660000e+00 1.712712e-01
3.720000e+00 2.949028e-01
3.780000e+00 2.781655e-01
3.840000e+00 2.330590e-02
3.900000e+00 8.743144e-01
3.960000e+00 4.352506e-02
4.020000e+00 4.796735e-02
4.080000e+00 4.743920e-01
4.140000e+00 4.370386e-01
4.200000e+00 2.411008e-01
4.260000e+00 7.910472e-01
4.320000e+00 5.247765e-02
4.380000e+00 9.833701e-03
4.440000e+00 3.411297e-01
4.500000e+00 1.203399e-01
4.560000e+00 6.123843e-01
4.620000e+00 1.721833e-02
4.680000e+00 2.504615e-02
4.740000e+00 1.804384e-03
4.800000e+00 1.164152e-01
4.860000e+00 6.311269e-06
4.920000e+00 1.858452e-04
4.980000e+00 1.280222e-06
5.040000e+00 1.410501e-04
5.100000e+00 4.027195e-03
5.160000e+00 1.384977e-02
5.220000e+00 1.370137e-02
5.280000e+00 1.143128e-03
5.340000e+00 4.955450e-04
5.400000e+00 8.706857e-07
5.460000e+00 1.038485e-04
5.520000e+00 2.324061e-03
5.580000e+00 9.555171e-05
5.640000e+00 3.005270e-03
5.700000e+00 9.192269e-07
5.760000e+00 2.330068e-05
5.820000e+00 3.944254e-04
5.880000e+00 2.080274e-05
5.940000e+00 4.830692e-09
