0.000000e+00 2.402405e+01
5.000000e-02 2.364579e+01
1.000000e-01 2.325650e+01
1.500000e-01 2.345792e+01
2.000000e-01 2.404398e+01
2.500000e-01 2.439475e+01
3.000000e-01 2.204187e+01
3.500000e-01 2.167561e+01
4.000000e-01 2.054355e+01
4.500000e-01 2.019314e+01
5.000000e-01 2.152746e+01
5.500000e-01 1.999866e+01
6.000000e-01 1.729488e+01
6.500000e-01 1.699009e+01
7.000000e-01 1.700334e+01
7.500000e-01 1.594470e+01
8.000000e-01 1.576309e+01
8.500000e-01 1.436835e+01
9.000000e-01 1.323530e+01
9.500000e-01 1.303793e+01
