0.000000e+00 2.402405e+01
5.000000e-02 2.415107e+01
1.000000e-01 2.370539e+01
1.500000e-01 2.380970e+01
2.000000e-01 2.339179e+01
2.500000e-01 2.361550e+01
3.000000e-01 2.253484e+01
3.500000e-01 2.102370e+01
4.000000e-01 1.951025e+01
4.500000e-01 1.909478e+01
5.000000e-01 1.993295e+01
5.500000e-01 1.900119e+01
6.000000e-01 1.808459e+01
6.500000e-01 1.710485e+01
7.000000e-01 1.622135e+01
7.500000e-01 1.550984e+01
8.000000e-01 1.506548e+01
8.500000e-01 1.335164e+01
9.000000e-01 1.303936e+01
9.500000e-01 1.213589e+01
