0.000000e+00 2.402405e+01
5.000000e-02 2.286613e+01
1.000000e-01 2.264135e+01
1.500000e-01 2.344777e+01
2.000000e-01 2.296941e+01
2.500000e-01 2.306671e+01
3.000000e-01 2.302891e+01
3.500000e-01 2.221990e+01
4.000000e-01 2.192991e+01
4.500000e-01 2.068540e+01
5.000000e-01 1.913561e+01
5.500000e-01 1.796671e+01
6.000000e-01 1.815867e+01
6.500000e-01 1.776333e+01
7.000000e-01 1.639064e+01
7.500000e-01 1.579112e+01
8.000000e-01 1.630428e+01
8.500000e-01 1.356322e+01
9.000000e-01 1.472896e+01
9.500000e-01 1.306383e+01
