-5.000000e-02 5.058557e-01
-4.990000e-02 5.182994e-01
-4.980000e-02 5.290155e-01
-4.970000e-02 5.379251e-01
-4.960000e-02 5.450311e-01
-4.950000e-02 5.504056e-01
-4.940000e-02 5.541732e-01
-4.930000e-02 5.564940e-01
-4.920000e-02 5.575460e-01
-4.910000e-02 5.575130e-01
-4.900000e-02 5.565750e-01
-4.890000e-02 5.549036e-01
-4.880000e-02 5.526605e-01
-4.870000e-02 5.499984e-01
-4.860000e-02 5.470626e-01
-4.850000e-02 5.439935e-01
-4.840000e-02 5.409269e-01
-4.830000e-02 5.379940e-01
-4.820000e-02 5.353191e-01
-4.810000e-02 5.330161e-01
-4.800000e-02 5.311833e-01
-4.790000e-02 5.298985e-01
-4.780000e-02 5.292143e-01
-4.770000e-02 5.291550e-01
-4.760000e-02 5.297147e-01
-4.750000e-02 5.308592e-01
-4.740000e-02 5.325291e-01
-4.730000e-02 5.346452e-01
-4.720000e-02 5.371154e-01
-4.710000e-02 5.398417e-01
-4.700000e-02 5.427268e-01
-4.690000e-02 5.456794e-01
-4.680000e-02 5.486185e-01
-4.670000e-02 5.514749e-01
-4.660000e-02 5.541922e-01
-4.650000e-02 5.567250e-01
-4.640000e-02 5.590371e-01
-4.630000e-02 5.610981e-01
-4.620000e-02 5.628796e-01
-4.610000e-02 5.643515e-01
-4.600000e-02 5.654779e-01
-4.590000e-02 5.662136e-01
-4.580000e-02 5.665003e-01
-4.570000e-02 5.662633e-01
-4.560000e-02 5.654091e-01
-4.550000e-02 5.638224e-01
-4.540000e-02 5.613649e-01
-4.530000e-02 5.578735e-01
-4.520000e-02 5.531602e-01
-4.510000e-02 5.470132e-01
-4.500000e-02 5.391997e-01
-4.490000e-02 5.294705e-01
-4.480000e-02 5.175683e-01
-4.470000e-02 5.032394e-01
-4.460000e-02 4.862504e-01
-4.450000e-02 4.664106e-01
-4.440000e-02 4.436013e-01
-4.430000e-02 4.178113e-01
-4.420000e-02 3.891798e-01
-4.410000e-02 3.580436e-01
-4.400000e-02 3.249853e-01
-4.390000e-02 2.908770e-01
-4.380000e-02 2.569100e-01
-4.370000e-02 2.246002e-01
-4.360000e-02 1.957548e-01
-4.350000e-02 1.723928e-01
-4.340000e-02 1.566092e-01
-4.330000e-02 1.503899e-01
-4.320000e-02 1.553926e-01
-4.310000e-02 1.727253e-01
-4.300000e-02 2.027637e-01
-4.290000e-02 2.450512e-01
-4.280000e-02 2.983148e-01
-4.270000e-02 3.606072e-01
-4.260000e-02 4.295603e-01
-4.250000e-02 5.027087e-01
-4.240000e-02 5.778255e-01
-4.230000e-02 6.531992e-01
-4.220000e-02 7.277515e-01
-4.210000e-02 8.007759e-01
-4.200000e-02 8.707544e-01
-4.190000e-02 9.322589e-01
-4.180000e-02 9.717022e-01
-4.170000e-02 9.733131e-01
-4.160000e-02 9.456104e-01
-4.150000e-02 9.194898e-01
-4.140000e-02 9.096067e-01
-4.130000e-02 9.115888e-01
-4.120000e-02 9.159316e-01
-4.110000e-02 9.135448e-01
-4.100000e-02 8.973998e-01
-4.090000e-02 8.633874e-01
-4.080000e-02 8.114329e-01
-4.070000e-02 7.465471e-01
-4.060000e-02 6.769187e-01
-4.050000e-02 6.098501e-01
-4.040000e-02 5.494939e-01
-4.030000e-02 4.971504e-01
-4.020000e-02 4.524773e-01
-4.010000e-02 4.144734e-01
-4.000000e-02 3.820174e-01
-3.990000e-02 3.540953e-01
-3.980000e-02 3.298657e-01
-3.970000e-02 3.086567e-01
-3.960000e-02 2.899401e-01
-3.950000e-02 2.733019e-01
-3.940000e-02 2.584164e-01
-3.930000e-02 2.450252e-01
-3.920000e-02 2.329216e-01
-3.910000e-02 2.219380e-01
-3.900000e-02 2.119370e-01
-3.890000e-02 2.028049e-01
-3.880000e-02 1.944465e-01
-3.870000e-02 1.867812e-01
-3.860000e-02 1.797402e-01
-3.850000e-02 1.732643e-01
-3.840000e-02 1.673022e-01
-3.830000e-02 1.618091e-01
-3.820000e-02 1.567457e-01
-3.810000e-02 1.520774e-01
-3.800000e-02 1.477735e-01
-3.790000e-02 1.438066e-01
-3.780000e-02 1.401524e-01
-3.770000e-02 1.367892e-01
-3.760000e-02 1.336973e-01
-3.750000e-02 1.308592e-01
-3.740000e-02 1.282592e-01
-3.730000e-02 1.258829e-01
-3.720000e-02 1.237176e-01
-3.710000e-02 1.217515e-01
-3.700000e-02 1.199742e-01
-3.690000e-02 1.183763e-01
-3.680000e-02 1.169490e-01
-3.670000e-02 1.156846e-01
-3.660000e-02 1.145759e-01
-3.650000e-02 1.136166e-01
-3.640000e-02 1.128008e-01
-3.630000e-02 1.121231e-01
-3.620000e-02 1.115787e-01
-3.610000e-02 1.111629e-01
-3.600000e-02 1.108716e-01
-3.590000e-02 1.107010e-01
-3.580000e-02 1.106473e-01
-3.570000e-02 1.107071e-01
-3.560000e-02 1.108770e-01
-3.550000e-02 1.111537e-01
-3.540000e-02 1.115341e-01
-3.530000e-02 1.120148e-01
-3.520000e-02 1.125925e-01
-3.510000e-02 1.132639e-01
-3.500000e-02 1.140254e-01
-3.490000e-02 1.148733e-01
-3.480000e-02 1.158036e-01
-3.470000e-02 1.168122e-01
-3.460000e-02 1.178948e-01
-3.450000e-02 1.190466e-01
-3.440000e-02 1.202630e-01
-3.430000e-02 1.215389e-01
-3.420000e-02 1.228691e-01
-3.410000e-02 1.242485e-01
-3.400000e-02 1.256718e-01
-3.390000e-02 1.271341e-01
-3.380000e-02 1.286304e-01
-3.370000e-02 1.301566e-01
-3.360000e-02 1.317089e-01
-3.350000e-02 1.332842e-01
-3.340000e-02 1.348806e-01
-3.330000e-02 1.364972e-01
-3.320000e-02 1.381347e-01
-3.310000e-02 1.397952e-01
-3.300000e-02 1.414825e-01
-3.290000e-02 1.432025e-01
-3.280000e-02 1.449629e-01
-3.270000e-02 1.467738e-01
-3.260000e-02 1.486473e-01
-3.250000e-02 1.505981e-01
-3.240000e-02 1.526429e-01
-3.230000e-02 1.548010e-01
-3.220000e-02 1.570942e-01
-3.210000e-02 1.595465e-01
-3.200000e-02 1.621847e-01
-3.190000e-02 1.650377e-01
-3.180000e-02 1.681374e-01
-3.170000e-02 1.715182e-01
-3.160000e-02 1.752176e-01
-3.150000e-02 1.792760e-01
-3.140000e-02 1.837370e-01
-3.130000e-02 1.886480e-01
-3.120000e-02 1.940602e-01
-3.110000e-02 2.000290e-01
-3.100000e-02 2.066142e-01
-3.090000e-02 2.138804e-01
-3.080000e-02 2.218973e-01
-3.070000e-02 2.307394e-01
-3.060000e-02 2.404861e-01
-3.050000e-02 2.512210e-01
-3.040000e-02 2.630304e-01
-3.030000e-02 2.760016e-01
-3.020000e-02 2.902189e-01
-3.010000e-02 3.057586e-01
-3.000000e-02 3.226808e-01
-2.990000e-02 3.410177e-01
-2.980000e-02 3.607560e-01
-2.970000e-02 3.818139e-01
-2.960000e-02 4.040072e-01
-2.950000e-02 4.270058e-01
-2.940000e-02 4.502761e-01
-2.930000e-02 4.730108e-01
-2.920000e-02 4.940491e-01
-2.910000e-02 5.117992e-01
-2.900000e-02 5.241873e-01
-2.890000e-02 5.286779e-01
-2.880000e-02 5.224360e-01
-2.870000e-02 5.027162e-01
-2.860000e-02 4.675543e-01
-2.850000e-02 4.167486e-01
-2.840000e-02 3.529282e-01
-2.830000e-02 2.822457e-01
-2.820000e-02 2.140650e-01
-2.810000e-02 1.592257e-01
-2.800000e-02 1.271700e-01
-2.790000e-02 1.230729e-01
-2.780000e-02 1.463867e-01
-2.770000e-02 1.914871e-01
-2.760000e-02 2.499112e-01
-2.750000e-02 3.129514e-01
-2.740000e-02 3.735442e-01
-2.730000e-02 4.270707e-01
-2.720000e-02 4.712699e-01
-2.710000e-02 5.056896e-01
-2.700000e-02 5.310342e-01
-2.690000e-02 5.486110e-01
-2.680000e-02 5.599410e-01
-2.670000e-02 5.665247e-01
-2.660000e-02 5.697223e-01
-2.650000e-02 5.707103e-01
-2.640000e-02 5.704812e-01
-2.630000e-02 5.698658e-01
-2.620000e-02 5.695642e-01
-2.610000e-02 5.701784e-01
-2.600000e-02 5.722421e-01
-2.590000e-02 5.762448e-01
-2.580000e-02 5.826467e-01
-2.570000e-02 5.918804e-01
-2.560000e-02 6.043285e-01
-2.550000e-02 6.202618e-01
-2.540000e-02 6.397111e-01
-2.530000e-02 6.622359e-01
-2.520000e-02 6.865624e-01
-2.510000e-02 7.101362e-01
-2.500000e-02 7.288766e-01
-2.490000e-02 7.379103e-01
-2.480000e-02 7.344039e-01
-2.470000e-02 7.221081e-01
-2.460000e-02 7.124820e-01
-2.450000e-02 7.160069e-01
-2.440000e-02 7.305100e-01
-2.430000e-02 7.430961e-01
-2.420000e-02 7.431460e-01
-2.410000e-02 7.291036e-01
-2.400000e-02 7.055685e-01
-2.390000e-02 6.783699e-01
-2.380000e-02 6.520261e-01
-2.370000e-02 6.293266e-01
-2.360000e-02 6.117510e-01
-2.350000e-02 5.999769e-01
-2.340000e-02 5.942286e-01
-2.330000e-02 5.944338e-01
-2.320000e-02 6.002028e-01
-2.310000e-02 6.106559e-01
-2.300000e-02 6.241563e-01
-2.290000e-02 6.381478e-01
-2.280000e-02 6.494814e-01
-2.270000e-02 6.555074e-01
-2.260000e-02 6.552150e-01
-2.250000e-02 6.487842e-01
-2.240000e-02 6.358821e-01
-2.230000e-02 6.156738e-01
-2.220000e-02 5.886822e-01
-2.210000e-02 5.573818e-01
-2.200000e-02 5.249403e-01
-2.190000e-02 4.939088e-01
-2.180000e-02 4.657829e-01
-2.170000e-02 4.411717e-01
-2.160000e-02 4.201281e-01
-2.150000e-02 4.024241e-01
-2.140000e-02 3.877242e-01
-2.130000e-02 3.756801e-01
-2.120000e-02 3.659753e-01
-2.110000e-02 3.583417e-01
-2.100000e-02 3.525631e-01
-2.090000e-02 3.484728e-01
-2.080000e-02 3.459483e-01
-2.070000e-02 3.449069e-01
-2.060000e-02 3.453004e-01
-2.050000e-02 3.471119e-01
-2.040000e-02 3.503524e-01
-2.030000e-02 3.550581e-01
-2.020000e-02 3.612873e-01
-2.010000e-02 3.691174e-01
-2.000000e-02 3.786390e-01
-1.990000e-02 3.899469e-01
-1.980000e-02 4.031247e-01
-1.970000e-02 4.182176e-01
-1.960000e-02 4.351872e-01
-1.950000e-02 4.538342e-01
-1.940000e-02 4.736715e-01
-1.930000e-02 4.937200e-01
-1.920000e-02 5.121919e-01
-1.910000e-02 5.260371e-01
-1.900000e-02 5.303864e-01
-1.890000e-02 5.181305e-01
-1.880000e-02 4.803666e-01
-1.870000e-02 4.092910e-01
-1.860000e-02 3.055539e-01
-1.850000e-02 1.891774e-01
-1.840000e-02 1.035272e-01
-1.830000e-02 9.489878e-02
-1.820000e-02 1.733705e-01
-1.810000e-02 2.994682e-01
-1.800000e-02 4.177103e-01
-1.790000e-02 4.947601e-01
-1.780000e-02 5.262778e-01
-1.770000e-02 5.234272e-01
-1.760000e-02 5.000343e-01
-1.750000e-02 4.668970e-01
-1.740000e-02 4.308929e-01
-1.730000e-02 3.958464e-01
-1.720000e-02 3.636141e-01
-1.710000e-02 3.349122e-01
-1.700000e-02 3.098479e-01
-1.690000e-02 2.882325e-01
-1.680000e-02 2.697539e-01
-1.670000e-02 2.540683e-01
-1.660000e-02 2.408447e-01
-1.650000e-02 2.297855e-01
-1.640000e-02 2.206333e-01
-1.630000e-02 2.131712e-01
-1.620000e-02 2.072205e-01
-1.610000e-02 2.026371e-01
-1.600000e-02 1.993078e-01
-1.590000e-02 1.971474e-01
-1.580000e-02 1.960954e-01
-1.570000e-02 1.961145e-01
-1.560000e-02 1.971891e-01
-1.550000e-02 1.993239e-01
-1.540000e-02 2.025444e-01
-1.530000e-02 2.068968e-01
-1.520000e-02 2.124482e-01
-1.510000e-02 2.192882e-01
-1.500000e-02 2.275292e-01
-1.490000e-02 2.373067e-01
-1.480000e-02 2.487788e-01
-1.470000e-02 2.621220e-01
-1.460000e-02 2.775234e-01
-1.450000e-02 2.951634e-01
-1.440000e-02 3.151861e-01
-1.430000e-02 3.376478e-01
-1.420000e-02 3.624372e-01
-1.410000e-02 3.891620e-01
-1.400000e-02 4.170114e-01
-1.390000e-02 4.446415e-01
-1.380000e-02 4.701934e-01
-1.370000e-02 4.916044e-01
-1.360000e-02 5.072842e-01
-1.350000e-02 5.168260e-01
-1.340000e-02 5.209489e-01
-1.330000e-02 5.202767e-01
-1.320000e-02 5.141474e-01
-1.310000e-02 5.011350e-01
-1.300000e-02 4.807984e-01
-1.290000e-02 4.545982e-01
-1.280000e-02 4.252812e-01
-1.270000e-02 3.957144e-01
-1.260000e-02 3.681186e-01
-1.250000e-02 3.438742e-01
-1.240000e-02 3.236612e-01
-1.230000e-02 3.076953e-01
-1.220000e-02 2.959348e-01
-1.210000e-02 2.882275e-01
-1.200000e-02 2.844008e-01
-1.190000e-02 2.843134e-01
-1.180000e-02 2.878796e-01
-1.170000e-02 2.950779e-01
-1.160000e-02 3.059470e-01
-1.150000e-02 3.205688e-01
-1.140000e-02 3.390326e-01
-1.130000e-02 3.613693e-01
-1.120000e-02 3.874314e-01
-1.110000e-02 4.166834e-01
-1.100000e-02 4.478464e-01
-1.090000e-02 4.783333e-01
-1.080000e-02 5.034521e-01
-1.070000e-02 5.155714e-01
-1.060000e-02 5.040847e-01
-1.050000e-02 4.582873e-01
-1.040000e-02 3.762110e-01
-1.030000e-02 2.784036e-01
-1.020000e-02 2.114159e-01
-1.010000e-02 2.188463e-01
-1.000000e-02 2.977145e-01
-9.900000e-03 3.993097e-01
-9.800000e-03 4.754654e-01
-9.700000e-03 5.085632e-01
-9.600000e-03 5.054542e-01
-9.500000e-03 4.808380e-01
-9.400000e-03 4.475354e-01
-9.300000e-03 4.140133e-01
-9.200000e-03 3.850646e-01
-9.100000e-03 3.630921e-01
-9.000000e-03 3.491163e-01
-8.900000e-03 3.433833e-01
-8.800000e-03 3.456575e-01
-8.700000e-03 3.553091e-01
-8.600000e-03 3.712838e-01
-8.500000e-03 3.920428e-01
-8.400000e-03 4.155617e-01
-8.300000e-03 4.394806e-01
-8.200000e-03 4.614495e-01
-8.100000e-03 4.796102e-01
-8.000000e-03 4.930212e-01
-7.900000e-03 5.017947e-01
-7.800000e-03 5.068461e-01
-7.700000e-03 5.093947e-01
-7.600000e-03 5.104956e-01
-7.500000e-03 5.108069e-01
-7.400000e-03 5.106071e-01
-7.300000e-03 5.099446e-01
-7.200000e-03 5.087940e-01
-7.100000e-03 5.071552e-01
-7.000000e-03 5.050893e-01
-6.900000e-03 5.027146e-01
-6.800000e-03 5.001845e-01
-6.700000e-03 4.976648e-01
-6.600000e-03 4.953152e-01
-6.500000e-03 4.932785e-01
-6.400000e-03 4.916743e-01
-6.300000e-03 4.905971e-01
-6.200000e-03 4.901164e-01
-6.100000e-03 4.902771e-01
-6.000000e-03 4.911010e-01
-5.900000e-03 4.925865e-01
-5.800000e-03 4.947091e-01
-5.700000e-03 4.974202e-01
-5.600000e-03 5.006465e-01
-5.500000e-03 5.042884e-01
-5.400000e-03 5.082201e-01
-5.300000e-03 5.122902e-01
-5.200000e-03 5.163248e-01
-5.100000e-03 5.201332e-01
-5.000000e-03 5.235168e-01
-4.900000e-03 5.262802e-01
-4.800000e-03 5.282436e-01
-4.700000e-03 5.292527e-01
-4.600000e-03 5.291855e-01
-4.500000e-03 5.279525e-01
-4.400000e-03 5.254933e-01
-4.300000e-03 5.217772e-01
-4.200000e-03 5.168239e-01
-4.100000e-03 5.107650e-01
-4.000000e-03 5.039703e-01
-3.900000e-03 4.972429e-01
-3.800000e-03 4.920268e-01
-3.700000e-03 4.904442e-01
-3.600000e-03 4.948294e-01
-3.500000e-03 5.064729e-01
-3.400000e-03 5.238739e-01
-3.300000e-03 5.418103e-01
-3.200000e-03 5.527452e-01
-3.100000e-03 5.502986e-01
-3.000000e-03 5.322804e-01
-2.900000e-03 5.010841e-01
-2.800000e-03 4.617702e-01
-2.700000e-03 4.197174e-01
-2.600000e-03 3.791769e-01
-2.500000e-03 3.428875e-01
-2.400000e-03 3.123169e-01
-2.300000e-03 2.881008e-01
-2.200000e-03 2.704523e-01
-2.100000e-03 2.594733e-01
-2.000000e-03 2.553785e-01
-1.900000e-03 2.586668e-01
-1.800000e-03 2.702713e-01
-1.700000e-03 2.917058e-01
-1.600000e-03 3.251918e-01
-1.500000e-03 3.736633e-01
-1.400000e-03 4.403373e-01
-1.300000e-03 5.270609e-01
-1.200000e-03 6.298616e-01
-1.100000e-03 7.301782e-01
-1.000000e-03 7.867533e-01
-9.000000e-04 7.541546e-01
-8.000000e-04 6.524027e-01
-7.000000e-04 5.918790e-01
-6.000000e-04 6.407484e-01
-5.000000e-04 7.498825e-01
-4.000000e-04 8.495118e-01
-3.000000e-04 9.134621e-01
-2.000000e-04 9.452745e-01
-1.000000e-04 9.553252e-01
1.429412e-15 9.515833e-01
1.000000e-04 9.384510e-01
2.000000e-04 9.181020e-01
3.000000e-04 8.922237e-01
4.000000e-04 8.634714e-01
5.000000e-04 8.360563e-01
6.000000e-04 8.148567e-01
7.000000e-04 8.031354e-01
8.000000e-04 8.003223e-01
9.000000e-04 8.018485e-01
1.000000e-03 8.014591e-01
1.100000e-03 7.942308e-01
1.200000e-03 7.782259e-01
1.300000e-03 7.542894e-01
1.400000e-03 7.248527e-01
1.500000e-03 6.927368e-01
1.600000e-03 6.604132e-01
1.700000e-03 6.297205e-01
1.800000e-03 6.018641e-01
1.900000e-03 5.775375e-01
2.000000e-03 5.570690e-01
2.100000e-03 5.405472e-01
2.200000e-03 5.279156e-01
2.300000e-03 5.190356e-01
2.400000e-03 5.137254e-01
2.500000e-03 5.117809e-01
2.600000e-03 5.129837e-01
2.700000e-03 5.171007e-01
2.800000e-03 5.238781e-01
2.900000e-03 5.330320e-01
3.000000e-03 5.442381e-01
3.100000e-03 5.571231e-01
3.200000e-03 5.712596e-01
3.300000e-03 5.861687e-01
3.400000e-03 6.013305e-01
3.500000e-03 6.162047e-01
3.600000e-03 6.302583e-01
3.700000e-03 6.429972e-01
3.800000e-03 6.539939e-01
3.900000e-03 6.629072e-01
4.000000e-03 6.694895e-01
4.100000e-03 6.735861e-01
4.200000e-03 6.751285e-01
4.300000e-03 6.741308e-01
4.400000e-03 6.706878e-01
4.500000e-03 6.649739e-01
4.600000e-03 6.572374e-01
4.700000e-03 6.477879e-01
4.800000e-03 6.369762e-01
4.900000e-03 6.251700e-01
5.000000e-03 6.127297e-01
5.100000e-03 5.999888e-01
5.200000e-03 5.872400e-01
5.300000e-03 5.747282e-01
5.400000e-03 5.626496e-01
5.500000e-03 5.511550e-01
5.600000e-03 5.403564e-01
5.700000e-03 5.303361e-01
5.800000e-03 5.211570e-01
5.900000e-03 5.128748e-01
6.000000e-03 5.055517e-01
6.100000e-03 4.992733e-01
6.200000e-03 4.941668e-01
6.300000e-03 4.904188e-01
6.400000e-03 4.882835e-01
6.500000e-03 4.880602e-01
6.600000e-03 4.900127e-01
6.700000e-03 4.942133e-01
6.800000e-03 5.003618e-01
6.900000e-03 5.077275e-01
7.000000e-03 5.153449e-01
7.100000e-03 5.223775e-01
7.200000e-03 5.283796e-01
7.300000e-03 5.333022e-01
7.400000e-03 5.373338e-01
7.500000e-03 5.407320e-01
7.600000e-03 5.437218e-01
7.700000e-03 5.464571e-01
7.800000e-03 5.490166e-01
7.900000e-03 5.514144e-01
8.000000e-03 5.536113e-01
8.100000e-03 5.555248e-01
8.200000e-03 5.570352e-01
8.300000e-03 5.579901e-01
8.400000e-03 5.582061e-01
8.500000e-03 5.574705e-01
8.600000e-03 5.555424e-01
8.700000e-03 5.521543e-01
8.800000e-03 5.470153e-01
8.900000e-03 5.398161e-01
9.000000e-03 5.302377e-01
9.100000e-03 5.179628e-01
9.200000e-03 5.026927e-01
9.300000e-03 4.841698e-01
9.400000e-03 4.622051e-01
9.500000e-03 4.367122e-01
9.600000e-03 4.077451e-01
9.700000e-03 3.755393e-01
9.800000e-03 3.405507e-01
9.900000e-03 3.034886e-01
1.000000e-02 2.653359e-01
1.010000e-02 2.273492e-01
1.020000e-02 1.910323e-01
1.030000e-02 1.580768e-01
1.040000e-02 1.302676e-01
1.050000e-02 1.093514e-01
1.060000e-02 9.687215e-02
1.070000e-02 9.397960e-02
1.080000e-02 1.012243e-01
1.090000e-02 1.183673e-01
1.100000e-02 1.442537e-01
1.110000e-02 1.768230e-01
1.120000e-02 2.133235e-01
1.130000e-02 2.507398e-01
1.140000e-02 2.863288e-01
1.150000e-02 3.180744e-01
1.160000e-02 3.448880e-01
1.170000e-02 3.665228e-01
1.180000e-02 3.833038e-01
1.190000e-02 3.958320e-01
1.200000e-02 4.047664e-01
1.210000e-02 4.107247e-01
1.220000e-02 4.142944e-01
1.230000e-02 4.161449e-01
1.240000e-02 4.172546e-01
1.250000e-02 4.192927e-01
1.260000e-02 4.251776e-01
1.270000e-02 4.396225e-01
1.280000e-02 4.687938e-01
1.290000e-02 5.170314e-01
1.300000e-02 5.791548e-01
1.310000e-02 6.343981e-01
1.320000e-02 6.565205e-01
1.330000e-02 6.368706e-01
1.340000e-02 5.902104e-01
1.350000e-02 5.375247e-01
1.360000e-02 4.917299e-01
1.370000e-02 4.566520e-01
1.380000e-02 4.313504e-01
1.390000e-02 4.135047e-01
1.400000e-02 4.009143e-01
1.410000e-02 3.919045e-01
1.420000e-02 3.853111e-01
1.430000e-02 3.803576e-01
1.440000e-02 3.765368e-01
1.450000e-02 3.735198e-01
1.460000e-02 3.710946e-01
1.470000e-02 3.691245e-01
1.480000e-02 3.675221e-01
1.490000e-02 3.662319e-01
1.500000e-02 3.652191e-01
1.510000e-02 3.644625e-01
1.520000e-02 3.639498e-01
1.530000e-02 3.636749e-01
1.540000e-02 3.636354e-01
1.550000e-02 3.638317e-01
1.560000e-02 3.642658e-01
1.570000e-02 3.649413e-01
1.580000e-02 3.658623e-01
1.590000e-02 3.670339e-01
1.600000e-02 3.684616e-01
1.610000e-02 3.701515e-01
1.620000e-02 3.721103e-01
1.630000e-02 3.743451e-01
1.640000e-02 3.768637e-01
1.650000e-02 3.796746e-01
1.660000e-02 3.827873e-01
1.670000e-02 3.862124e-01
1.680000e-02 3.899616e-01
1.690000e-02 3.940486e-01
1.700000e-02 3.984888e-01
1.710000e-02 4.033004e-01
1.720000e-02 4.085050e-01
1.730000e-02 4.141282e-01
1.740000e-02 4.202010e-01
1.750000e-02 4.267615e-01
1.760000e-02 4.338565e-01
1.770000e-02 4.415445e-01
1.780000e-02 4.498992e-01
1.790000e-02 4.590140e-01
1.800000e-02 4.690085e-01
1.810000e-02 4.800367e-01
1.820000e-02 4.922986e-01
1.830000e-02 5.060544e-01
1.840000e-02 5.216444e-01
1.850000e-02 5.395135e-01
1.860000e-02 5.602391e-01
1.870000e-02 5.845593e-01
1.880000e-02 6.133817e-01
1.890000e-02 6.477313e-01
1.900000e-02 6.885336e-01
1.910000e-02 7.360155e-01
1.920000e-02 7.883801e-01
1.930000e-02 8.396264e-01
1.940000e-02 8.782227e-01
1.950000e-02 8.928897e-01
1.960000e-02 8.894488e-01
1.970000e-02 8.935450e-01
1.980000e-02 9.147649e-01
1.990000e-02 9.334049e-01
2.000000e-02 9.338701e-01
2.010000e-02 9.183010e-01
2.020000e-02 8.953812e-01
2.030000e-02 8.718768e-01
2.040000e-02 8.512590e-01
2.050000e-02 8.347820e-01
2.060000e-02 8.225810e-01
2.070000e-02 8.143287e-01
2.080000e-02 8.095592e-01
2.090000e-02 8.078076e-01
2.100000e-02 8.086600e-01
2.110000e-02 8.117636e-01
2.120000e-02 8.168204e-01
2.130000e-02 8.235741e-01
2.140000e-02 8.317947e-01
2.150000e-02 8.412630e-01
2.160000e-02 8.517522e-01
2.170000e-02 8.630084e-01
2.180000e-02 8.747266e-01
2.190000e-02 8.865227e-01
2.200000e-02 8.979002e-01
2.210000e-02 9.082168e-01
2.220000e-02 9.166637e-01
2.230000e-02 9.222847e-01
2.240000e-02 9.240864e-01
2.250000e-02 9.213038e-01
2.260000e-02 9.138471e-01
2.270000e-02 9.028039e-01
2.280000e-02 8.905836e-01
2.290000e-02 8.801592e-01
2.300000e-02 8.733946e-01
2.310000e-02 8.696192e-01
2.320000e-02 8.659762e-01
2.330000e-02 8.594587e-01
2.340000e-02 8.487500e-01
2.350000e-02 8.344415e-01
2.360000e-02 8.180068e-01
2.370000e-02 8.007095e-01
2.380000e-02 7.831120e-01
2.390000e-02 7.651459e-01
2.400000e-02 7.464300e-01
2.410000e-02 7.265765e-01
2.420000e-02 7.053750e-01
2.430000e-02 6.828488e-01
2.440000e-02 6.592274e-01
2.450000e-02 6.348785e-01
2.460000e-02 6.102364e-01
2.470000e-02 5.857427e-01
2.480000e-02 5.618075e-01
2.490000e-02 5.387887e-01
2.500000e-02 5.169867e-01
2.510000e-02 4.966493e-01
2.520000e-02 4.779835e-01
2.530000e-02 4.611704e-01
2.540000e-02 4.463824e-01
2.550000e-02 4.338005e-01
2.560000e-02 4.236302e-01
2.570000e-02 4.161134e-01
2.580000e-02 4.115311e-01
2.590000e-02 4.101888e-01
2.600000e-02 4.123705e-01
2.610000e-02 4.182449e-01
2.620000e-02 4.277147e-01
2.630000e-02 4.402293e-01
2.640000e-02 4.546425e-01
2.650000e-02 4.692531e-01
2.660000e-02 4.821393e-01
2.670000e-02 4.917037e-01
2.680000e-02 4.971342e-01
2.690000e-02 4.985059e-01
2.700000e-02 4.965323e-01
2.710000e-02 4.921949e-01
2.720000e-02 4.864547e-01
2.730000e-02 4.801048e-01
2.740000e-02 4.737324e-01
2.750000e-02 4.677375e-01
2.760000e-02 4.623727e-01
2.770000e-02 4.577839e-01
2.780000e-02 4.540449e-01
2.790000e-02 4.511833e-01
2.800000e-02 4.491987e-01
2.810000e-02 4.480751e-01
2.820000e-02 4.477894e-01
2.830000e-02 4.483161e-01
2.840000e-02 4.496307e-01
2.850000e-02 4.517110e-01
2.860000e-02 4.545390e-01
2.870000e-02 4.581004e-01
2.880000e-02 4.623850e-01
2.890000e-02 4.673867e-01
2.900000e-02 4.731030e-01
2.910000e-02 4.795347e-01
2.920000e-02 4.866853e-01
2.930000e-02 4.945603e-01
2.940000e-02 5.031667e-01
2.950000e-02 5.125120e-01
2.960000e-02 5.226031e-01
2.970000e-02 5.334452e-01
2.980000e-02 5.450400e-01
2.990000e-02 5.573841e-01
3.000000e-02 5.704669e-01
3.010000e-02 5.842675e-01
3.020000e-02 5.987519e-01
3.030000e-02 6.138694e-01
3.040000e-02 6.295481e-01
3.050000e-02 6.456904e-01
3.060000e-02 6.621679e-01
3.070000e-02 6.788164e-01
3.080000e-02 6.954311e-01
3.090000e-02 7.117635e-01
3.100000e-02 7.275208e-01
3.110000e-02 7.423685e-01
3.120000e-02 7.559406e-01
3.130000e-02 7.678580e-01
3.140000e-02 7.777572e-01
3.150000e-02 7.853327e-01
3.160000e-02 7.903899e-01
3.170000e-02 7.929045e-01
3.180000e-02 7.930790e-01
3.190000e-02 7.913760e-01
3.200000e-02 7.885109e-01
3.210000e-02 7.853822e-01
3.220000e-02 7.829330e-01
3.230000e-02 7.819611e-01
3.240000e-02 7.829211e-01
3.250000e-02 7.857807e-01
3.260000e-02 7.899888e-01
3.270000e-02 7.945781e-01
3.280000e-02 7.983772e-01
3.290000e-02 8.002642e-01
3.300000e-02 7.993859e-01
3.310000e-02 7.952870e-01
3.320000e-02 7.879309e-01
3.330000e-02 7.776340e-01
3.340000e-02 7.649473e-01
3.350000e-02 7.505271e-01
3.360000e-02 7.350199e-01
3.370000e-02 7.189759e-01
3.380000e-02 7.027951e-01
3.390000e-02 6.867001e-01
3.400000e-02 6.707315e-01
3.410000e-02 6.547596e-01
3.420000e-02 6.385094e-01
3.430000e-02 6.215992e-01
3.440000e-02 6.035938e-01
3.450000e-02 5.840767e-01
3.460000e-02 5.627432e-01
3.470000e-02 5.395133e-01
3.480000e-02 5.146557e-01
3.490000e-02 4.889008e-01
3.500000e-02 4.635065e-01
3.510000e-02 4.402285e-01
3.520000e-02 4.211519e-01
3.530000e-02 4.083666e-01
3.540000e-02 4.035266e-01
3.550000e-02 4.074016e-01
3.560000e-02 4.195677e-01
3.570000e-02 4.383695e-01
3.580000e-02 4.611923e-01
3.590000e-02 4.849663e-01
3.600000e-02 5.067393e-01
3.610000e-02 5.241460e-01
3.620000e-02 5.356687e-01
3.630000e-02 5.406755e-01
3.640000e-02 5.392892e-01
3.650000e-02 5.321722e-01
3.660000e-02 5.202978e-01
3.670000e-02 5.047570e-01
3.680000e-02 4.866190e-01
3.690000e-02 4.668454e-01
3.700000e-02 4.462481e-01
3.710000e-02 4.254794e-01
3.720000e-02 4.050391e-01
3.730000e-02 3.852938e-01
3.740000e-02 3.664983e-01
3.750000e-02 3.488179e-01
3.760000e-02 3.323484e-01
3.770000e-02 3.171330e-01
3.780000e-02 3.031769e-01
3.790000e-02 2.904577e-01
3.800000e-02 2.789347e-01
3.810000e-02 2.685552e-01
3.820000e-02 2.592594e-01
3.830000e-02 2.509840e-01
3.840000e-02 2.436650e-01
3.850000e-02 2.372389e-01
3.860000e-02 2.316445e-01
3.870000e-02 2.268232e-01
3.880000e-02 2.227198e-01
3.890000e-02 2.192822e-01
3.900000e-02 2.164618e-01
3.910000e-02 2.142136e-01
3.920000e-02 2.124953e-01
3.930000e-02 2.112680e-01
3.940000e-02 2.104951e-01
3.950000e-02 2.101427e-01
3.960000e-02 2.101791e-01
3.970000e-02 2.105742e-01
3.980000e-02 2.112999e-01
3.990000e-02 2.123292e-01
4.000000e-02 2.136362e-01
4.010000e-02 2.151962e-01
4.020000e-02 2.169848e-01
4.030000e-02 2.189783e-01
4.040000e-02 2.211532e-01
4.050000e-02 2.234862e-01
4.060000e-02 2.259539e-01
4.070000e-02 2.285328e-01
4.080000e-02 2.311991e-01
4.090000e-02 2.339287e-01
4.100000e-02 2.366974e-01
4.110000e-02 2.394805e-01
4.120000e-02 2.422529e-01
4.130000e-02 2.449895e-01
4.140000e-02 2.476649e-01
4.150000e-02 2.502538e-01
4.160000e-02 2.527311e-01
4.170000e-02 2.550720e-01
4.180000e-02 2.572524e-01
4.190000e-02 2.592490e-01
4.200000e-02 2.610395e-01
4.210000e-02 2.626033e-01
4.220000e-02 2.639213e-01
4.230000e-02 2.649762e-01
4.240000e-02 2.657533e-01
4.250000e-02 2.662399e-01
4.260000e-02 2.664263e-01
4.270000e-02 2.663055e-01
4.280000e-02 2.658733e-01
4.290000e-02 2.651288e-01
4.300000e-02 2.640741e-01
4.310000e-02 2.627142e-01
4.320000e-02 2.610571e-01
4.330000e-02 2.591139e-01
4.340000e-02 2.568981e-01
4.350000e-02 2.544256e-01
4.360000e-02 2.517150e-01
4.370000e-02 2.487862e-01
4.380000e-02 2.456613e-01
4.390000e-02 2.423634e-01
4.400000e-02 2.389170e-01
4.410000e-02 2.353470e-01
4.420000e-02 2.316792e-01
4.430000e-02 2.279394e-01
4.440000e-02 2.241536e-01
4.450000e-02 2.203479e-01
4.460000e-02 2.165479e-01
4.470000e-02 2.127791e-01
4.480000e-02 2.090668e-01
4.490000e-02 2.054359e-01
4.500000e-02 2.019111e-01
4.510000e-02 1.985173e-01
4.520000e-02 1.952794e-01
4.530000e-02 1.922225e-01
4.540000e-02 1.893728e-01
4.550000e-02 1.867571e-01
4.560000e-02 1.844040e-01
4.570000e-02 1.823439e-01
4.580000e-02 1.806097e-01
4.590000e-02 1.792376e-01
4.600000e-02 1.782674e-01
4.610000e-02 1.777441e-01
4.620000e-02 1.777184e-01
4.630000e-02 1.782477e-01
4.640000e-02 1.793980e-01
4.650000e-02 1.812450e-01
4.660000e-02 1.838757e-01
4.670000e-02 1.873905e-01
4.680000e-02 1.919052e-01
4.690000e-02 1.975531e-01
4.700000e-02 2.044870e-01
4.710000e-02 2.128812e-01
4.720000e-02 2.229323e-01
4.730000e-02 2.348594e-01
4.740000e-02 2.489016e-01
4.750000e-02 2.653114e-01
4.760000e-02 2.843421e-01
4.770000e-02 3.062263e-01
4.780000e-02 3.311402e-01
4.790000e-02 3.591494e-01
4.800000e-02 3.901310e-01
4.810000e-02 4.236708e-01
4.820000e-02 4.589393e-01
4.830000e-02 4.945709e-01
4.840000e-02 5.285936e-01
4.850000e-02 5.584945e-01
4.860000e-02 5.815236e-01
4.870000e-02 5.953099e-01
4.880000e-02 5.987253e-01
4.890000e-02 5.927005e-01
4.900000e-02 5.805093e-01
4.910000e-02 5.671360e-01
4.920000e-02 5.578386e-01
4.930000e-02 5.566011e-01
4.940000e-02 5.652890e-01
4.950000e-02 5.838371e-01
4.960000e-02 6.111339e-01
4.970000e-02 6.459346e-01
4.980000e-02 6.870808e-01
4.990000e-02 7.319563e-01
