-5.000000e-02 1.005624e+00
-4.990000e-02 9.993340e-01
-4.980000e-02 9.952697e-01
-4.970000e-02 9.934936e-01
-4.960000e-02 9.940241e-01
-4.950000e-02 9.968455e-01
-4.940000e-02 1.001910e+00
-4.930000e-02 1.009137e+00
-4.920000e-02 1.018422e+00
-4.910000e-02 1.029633e+00
-4.900000e-02 1.042625e+00
-4.890000e-02 1.057242e+00
-4.880000e-02 1.073328e+00
-4.870000e-02 1.090732e+00
-4.860000e-02 1.109316e+00
-4.850000e-02 1.128959e+00
-4.840000e-02 1.149557e+00
-4.830000e-02 1.171028e+00
-4.820000e-02 1.193307e+00
-4.810000e-02 1.216350e+00
-4.800000e-02 1.240124e+00
-4.790000e-02 1.264612e+00
-4.780000e-02 1.289803e+00
-4.770000e-02 1.315692e+00
-4.760000e-02 1.342278e+00
-4.750000e-02 1.369561e+00
-4.740000e-02 1.397535e+00
-4.730000e-02 1.426193e+00
-4.720000e-02 1.455521e+00
-4.710000e-02 1.485496e+00
-4.700000e-02 1.516087e+00
-4.690000e-02 1.547253e+00
-4.680000e-02 1.578943e+00
-4.670000e-02 1.611092e+00
-4.660000e-02 1.643626e+00
-4.650000e-02 1.676458e+00
-4.640000e-02 1.709489e+00
-4.630000e-02 1.742608e+00
-4.620000e-02 1.775695e+00
-4.610000e-02 1.808617e+00
-4.600000e-02 1.841235e+00
-4.590000e-02 1.873400e+00
-4.580000e-02 1.904958e+00
-4.570000e-02 1.935749e+00
-4.560000e-02 1.965613e+00
-4.550000e-02 1.994387e+00
-4.540000e-02 2.021911e+00
-4.530000e-02 2.048031e+00
-4.520000e-02 2.072596e+00
-4.510000e-02 2.095466e+00
-4.500000e-02 2.116511e+00
-4.490000e-02 2.135615e+00
-4.480000e-02 2.152675e+00
-4.470000e-02 2.167604e+00
-4.460000e-02 2.180334e+00
-4.450000e-02 2.190810e+00
-4.440000e-02 2.199000e+00
-4.430000e-02 2.204886e+00
-4.420000e-02 2.208469e+00
-4.410000e-02 2.209767e+00
-4.400000e-02 2.208811e+00
-4.390000e-02 2.205651e+00
-4.380000e-02 2.200343e+00
-4.370000e-02 2.192961e+00
-4.360000e-02 2.183582e+00
-4.350000e-02 2.172296e+00
-4.340000e-02 2.159193e+00
-4.330000e-02 2.144371e+00
-4.320000e-02 2.127927e+00
-4.310000e-02 2.109961e+00
-4.300000e-02 2.090571e+00
-4.290000e-02 2.069850e+00
-4.280000e-02 2.047890e+00
-4.270000e-02 2.024776e+00
-4.260000e-02 2.000588e+00
-4.250000e-02 1.975398e+00
-4.240000e-02 1.949272e+00
-4.230000e-02 1.922264e+00
-4.220000e-02 1.894420e+00
-4.210000e-02 1.865777e+00
-4.200000e-02 1.836359e+00
-4.190000e-02 1.806179e+00
-4.180000e-02 1.775239e+00
-4.170000e-02 1.743524e+00
-4.160000e-02 1.711009e+00
-4.150000e-02 1.677651e+00
-4.140000e-02 1.643393e+00
-4.130000e-02 1.608162e+00
-4.120000e-02 1.571869e+00
-4.110000e-02 1.534414e+00
-4.100000e-02 1.495689e+00
-4.090000e-02 1.455585e+00
-4.080000e-02 1.414018e+00
-4.070000e-02 1.370950e+00
-4.060000e-02 1.326449e+00
-4.050000e-02 1.280759e+00
-4.040000e-02 1.234415e+00
-4.030000e-02 1.188385e+00
-4.020000e-02 1.144206e+00
-4.010000e-02 1.104053e+00
-4.000000e-02 1.070574e+00
-3.990000e-02 1.046378e+00
-3.980000e-02 1.033170e+00
-3.970000e-02 1.030879e+00
-3.960000e-02 1.037355e+00
-3.950000e-02 1.048962e+00
-3.940000e-02 1.061753e+00
-3.930000e-02 1.072529e+00
-3.920000e-02 1.079313e+00
-3.910000e-02 1.081280e+00
-3.900000e-02 1.078420e+00
-3.890000e-02 1.071176e+00
-3.880000e-02 1.060178e+00
-3.870000e-02 1.046084e+00
-3.860000e-02 1.029500e+00
-3.850000e-02 1.010948e+00
-3.840000e-02 9.908630e-01
-3.830000e-02 9.696010e-01
-3.820000e-02 9.474512e-01
-3.810000e-02 9.246482e-01
-3.800000e-02 9.013832e-01
-3.790000e-02 8.778135e-01
-3.780000e-02 8.540698e-01
-3.770000e-02 8.302624e-01
-3.760000e-02 8.064859e-01
-3.750000e-02 7.828227e-01
-3.740000e-02 7.593459e-01
-3.730000e-02 7.361216e-01
-3.720000e-02 7.132101e-01
-3.710000e-02 6.906675e-01
-3.700000e-02 6.685466e-01
-3.690000e-02 6.468977e-01
-3.680000e-02 6.257686e-01
-3.670000e-02 6.052053e-01
-3.660000e-02 5.852521e-01
-3.650000e-02 5.659517e-01
-3.640000e-02 5.473446e-01
-3.630000e-02 5.294698e-01
-3.620000e-02 5.123638e-01
-3.610000e-02 4.960606e-01
-3.600000e-02 4.805912e-01
-3.590000e-02 4.659835e-01
-3.580000e-02 4.522612e-01
-3.570000e-02 4.394438e-01
-3.560000e-02 4.275460e-01
-3.550000e-02 4.165770e-01
-3.540000e-02 4.065403e-01
-3.530000e-02 3.974330e-01
-3.520000e-02 3.892454e-01
-3.510000e-02 3.819607e-01
-3.500000e-02 3.755550e-01
-3.490000e-02 3.699964e-01
-3.480000e-02 3.652453e-01
-3.470000e-02 3.612544e-01
-3.460000e-02 3.579683e-01
-3.450000e-02 3.553236e-01
-3.440000e-02 3.532492e-01
-3.430000e-02 3.516660e-01
-3.420000e-02 3.504872e-01
-3.410000e-02 3.496179e-01
-3.400000e-02 3.489555e-01
-3.390000e-02 3.483895e-01
-3.380000e-02 3.478011e-01
-3.370000e-02 3.470637e-01
-3.360000e-02 3.460423e-01
-3.350000e-02 3.445945e-01
-3.340000e-02 3.425713e-01
-3.330000e-02 3.398193e-01
-3.320000e-02 3.361852e-01
-3.310000e-02 3.315230e-01
-3.300000e-02 3.257064e-01
-3.290000e-02 3.186483e-01
-3.280000e-02 3.103313e-01
-3.270000e-02 3.008519e-01
-3.260000e-02 2.904818e-01
-3.250000e-02 2.797481e-01
-3.240000e-02 2.695261e-01
-3.230000e-02 2.611262e-01
-3.220000e-02 2.563390e-01
-3.210000e-02 2.573795e-01
-3.200000e-02 2.666631e-01
-3.190000e-02 2.863730e-01
-3.180000e-02 3.178539e-01
-3.170000e-02 3.609634e-01
-3.160000e-02 4.135619e-01
-3.150000e-02 4.712499e-01
-3.140000e-02 5.273372e-01
-3.130000e-02 5.730156e-01
-3.120000e-02 5.980177e-01
-3.110000e-02 5.925785e-01
-3.100000e-02 5.515447e-01
-3.090000e-02 4.795543e-01
-3.080000e-02 3.927071e-01
-3.070000e-02 3.124880e-01
-3.060000e-02 2.553561e-01
-3.050000e-02 2.265853e-01
-3.040000e-02 2.213888e-01
-3.030000e-02 2.295545e-01
-3.020000e-02 2.400051e-01
-3.010000e-02 2.444579e-01
-3.000000e-02 2.397749e-01
-2.990000e-02 2.278766e-01
-2.980000e-02 2.132500e-01
-2.970000e-02 2.000839e-01
-2.960000e-02 1.908467e-01
-2.950000e-02 1.863362e-01
-2.940000e-02 1.863227e-01
-2.930000e-02 1.901428e-01
-2.920000e-02 1.970591e-01
-2.910000e-02 2.064226e-01
-2.900000e-02 2.177236e-01
-2.890000e-02 2.305888e-01
-2.880000e-02 2.447593e-01
-2.870000e-02 2.600661e-01
-2.860000e-02 2.764066e-01
-2.850000e-02 2.937262e-01
-2.840000e-02 3.120034e-01
-2.830000e-02 3.312390e-01
-2.820000e-02 3.514474e-01
-2.810000e-02 3.726511e-01
-2.800000e-02 3.948763e-01
-2.790000e-02 4.181508e-01
-2.780000e-02 4.425037e-01
-2.770000e-02 4.679667e-01
-2.760000e-02 4.945768e-01
-2.750000e-02 5.223822e-01
-2.740000e-02 5.514490e-01
-2.730000e-02 5.818717e-01
-2.720000e-02 6.137852e-01
-2.710000e-02 6.473810e-01
-2.700000e-02 6.829263e-01
-2.690000e-02 7.207881e-01
-2.680000e-02 7.614614e-01
-2.670000e-02 8.056054e-01
-2.660000e-02 8.540855e-01
-2.650000e-02 9.080247e-01
-2.640000e-02 9.688606e-01
-2.630000e-02 1.038405e+00
-2.620000e-02 1.118892e+00
-2.610000e-02 1.212976e+00
-2.600000e-02 1.323624e+00
-2.590000e-02 1.453763e+00
-2.580000e-02 1.605495e+00
-2.570000e-02 1.778618e+00
-2.560000e-02 1.968341e+00
-2.550000e-02 2.162661e+00
-2.540000e-02 2.341142e+00
-2.530000e-02 2.477904e+00
-2.520000e-02 2.550146e+00
-2.510000e-02 2.548312e+00
-2.500000e-02 2.480247e+00
-2.490000e-02 2.366034e+00
-2.480000e-02 2.228477e+00
-2.470000e-02 2.086017e+00
-2.460000e-02 1.950408e+00
-2.450000e-02 1.827594e+00
-2.440000e-02 1.719602e+00
-2.430000e-02 1.626247e+00
-2.420000e-02 1.546282e+00
-2.410000e-02 1.478086e+00
-2.400000e-02 1.420013e+00
-2.390000e-02 1.370553e+00
-2.380000e-02 1.328392e+00
-2.370000e-02 1.292419e+00
-2.360000e-02 1.261711e+00
-2.350000e-02 1.235506e+00
-2.340000e-02 1.213184e+00
-2.330000e-02 1.194241e+00
-2.320000e-02 1.178271e+00
-2.310000e-02 1.164950e+00
-2.300000e-02 1.154025e+00
-2.290000e-02 1.145304e+00
-2.280000e-02 1.138651e+00
-2.270000e-02 1.133979e+00
-2.260000e-02 1.131254e+00
-2.250000e-02 1.130487e+00
-2.240000e-02 1.131748e+00
-2.230000e-02 1.135160e+00
-2.220000e-02 1.140917e+00
-2.210000e-02 1.149293e+00
-2.200000e-02 1.160655e+00
-2.190000e-02 1.175484e+00
-2.180000e-02 1.194398e+00
-2.170000e-02 1.218176e+00
-2.160000e-02 1.247775e+00
-2.150000e-02 1.284339e+00
-2.140000e-02 1.329165e+00
-2.130000e-02 1.383613e+00
-2.120000e-02 1.448888e+00
-2.110000e-02 1.525649e+00
-2.100000e-02 1.613399e+00
-2.090000e-02 1.709720e+00
-2.080000e-02 1.809633e+00
-2.070000e-02 1.905600e+00
-2.060000e-02 1.988709e+00
-2.050000e-02 2.051008e+00
-2.040000e-02 2.087979e+00
-2.030000e-02 2.099728e+00
-2.020000e-02 2.090289e+00
-2.010000e-02 2.065718e+00
-2.000000e-02 2.032189e+00
-1.990000e-02 1.994810e+00
-1.980000e-02 1.957243e+00
-1.970000e-02 1.921815e+00
-1.960000e-02 1.889823e+00
-1.950000e-02 1.861862e+00
-1.940000e-02 1.838087e+00
-1.930000e-02 1.818395e+00
-1.920000e-02 1.802547e+00
-1.910000e-02 1.790250e+00
-1.900000e-02 1.781192e+00
-1.890000e-02 1.775072e+00
-1.880000e-02 1.771611e+00
-1.870000e-02 1.770554e+00
-1.860000e-02 1.771676e+00
-1.850000e-02 1.774777e+00
-1.840000e-02 1.779679e+00
-1.830000e-02 1.786229e+00
-1.820000e-02 1.794288e+00
-1.810000e-02 1.803736e+00
-1.800000e-02 1.814465e+00
-1.790000e-02 1.826378e+00
-1.780000e-02 1.839388e+00
-1.770000e-02 1.853416e+00
-1.760000e-02 1.868389e+00
-1.750000e-02 1.884239e+00
-1.740000e-02 1.900901e+00
-1.730000e-02 1.918317e+00
-1.720000e-02 1.936427e+00
-1.710000e-02 1.955175e+00
-1.700000e-02 1.974506e+00
-1.690000e-02 1.994367e+00
-1.680000e-02 2.014704e+00
-1.670000e-02 2.035462e+00
-1.660000e-02 2.056590e+00
-1.650000e-02 2.078033e+00
-1.640000e-02 2.099739e+00
-1.630000e-02 2.121653e+00
-1.620000e-02 2.143723e+00
-1.610000e-02 2.165895e+00
-1.600000e-02 2.188115e+00
-1.590000e-02 2.210330e+00
-1.580000e-02 2.232488e+00
-1.570000e-02 2.254534e+00
-1.560000e-02 2.276416e+00
-1.550000e-02 2.298081e+00
-1.540000e-02 2.319475e+00
-1.530000e-02 2.340544e+00
-1.520000e-02 2.361232e+00
-1.510000e-02 2.381480e+00
-1.500000e-02 2.401228e+00
-1.490000e-02 2.420410e+00
-1.480000e-02 2.438957e+00
-1.470000e-02 2.456796e+00
-1.460000e-02 2.473846e+00
-1.450000e-02 2.490023e+00
-1.440000e-02 2.505239e+00
-1.430000e-02 2.519403e+00
-1.420000e-02 2.532422e+00
-1.410000e-02 2.544211e+00
-1.400000e-02 2.554691e+00
-1.390000e-02 2.563801e+00
-1.380000e-02 2.571500e+00
-1.370000e-02 2.577781e+00
-1.360000e-02 2.582679e+00
-1.350000e-02 2.586278e+00
-1.340000e-02 2.588723e+00
-1.330000e-02 2.590227e+00
-1.320000e-02 2.591079e+00
-1.310000e-02 2.591646e+00
-1.300000e-02 2.592375e+00
-1.290000e-02 2.593789e+00
-1.280000e-02 2.596477e+00
-1.270000e-02 2.601078e+00
-1.260000e-02 2.608256e+00
-1.250000e-02 2.618658e+00
-1.240000e-02 2.632861e+00
-1.230000e-02 2.651300e+00
-1.220000e-02 2.674175e+00
-1.210000e-02 2.701358e+00
-1.200000e-02 2.732318e+00
-1.190000e-02 2.766137e+00
-1.180000e-02 2.801695e+00
-1.170000e-02 2.838120e+00
-1.160000e-02 2.875526e+00
-1.150000e-02 2.915876e+00
-1.140000e-02 2.963597e+00
-1.130000e-02 3.025397e+00
-1.120000e-02 3.108648e+00
-1.110000e-02 3.217449e+00
-1.100000e-02 3.344938e+00
-1.090000e-02 3.461596e+00
-1.080000e-02 3.508435e+00
-1.070000e-02 3.421073e+00
-1.060000e-02 3.191143e+00
-1.050000e-02 2.890461e+00
-1.040000e-02 2.609044e+00
-1.030000e-02 2.395223e+00
-1.020000e-02 2.255586e+00
-1.010000e-02 2.178202e+00
-1.000000e-02 2.147916e+00
-9.900000e-03 2.151664e+00
-9.800000e-03 2.179086e+00
-9.700000e-03 2.221752e+00
-9.600000e-03 2.272299e+00
-9.500000e-03 2.323865e+00
-9.400000e-03 2.369939e+00
-9.300000e-03 2.404650e+00
-9.200000e-03 2.423374e+00
-9.100000e-03 2.423447e+00
-9.000000e-03 2.404651e+00
-8.900000e-03 2.369198e+00
-8.800000e-03 2.321160e+00
-8.700000e-03 2.265536e+00
-8.600000e-03 2.207295e+00
-8.500000e-03 2.150661e+00
-8.400000e-03 2.098760e+00
-8.300000e-03 2.053572e+00
-8.200000e-03 2.016092e+00
-8.100000e-03 1.986560e+00
-8.000000e-03 1.964704e+00
-7.900000e-03 1.949939e+00
-7.800000e-03 1.941517e+00
-7.700000e-03 1.938633e+00
-7.600000e-03 1.940496e+00
-7.500000e-03 1.946366e+00
-7.400000e-03 1.955580e+00
-7.300000e-03 1.967568e+00
-7.200000e-03 1.981857e+00
-7.100000e-03 1.998076e+00
-7.000000e-03 2.015958e+00
-6.900000e-03 2.035343e+00
-6.800000e-03 2.056185e+00
-6.700000e-03 2.078553e+00
-6.600000e-03 2.102649e+00
-6.500000e-03 2.128815e+00
-6.400000e-03 2.157556e+00
-6.300000e-03 2.189555e+00
-6.200000e-03 2.225703e+00
-6.100000e-03 2.267108e+00
-6.000000e-03 2.315085e+00
-5.900000e-03 2.371082e+00
-5.800000e-03 2.436443e+00
-5.700000e-03 2.511871e+00
-5.600000e-03 2.596312e+00
-5.500000e-03 2.685011e+00
-5.400000e-03 2.766893e+00
-5.300000e-03 2.822989e+00
-5.200000e-03 2.829968e+00
-5.100000e-03 2.771852e+00
-5.000000e-03 2.653170e+00
-4.900000e-03 2.498815e+00
-4.800000e-03 2.338893e+00
-4.700000e-03 2.194463e+00
-4.600000e-03 2.074321e+00
-4.500000e-03 1.978924e+00
-4.400000e-03 1.905015e+00
-4.300000e-03 1.848476e+00
-4.200000e-03 1.805575e+00
-4.100000e-03 1.773330e+00
-4.000000e-03 1.749496e+00
-3.900000e-03 1.732442e+00
-3.800000e-03 1.721006e+00
-3.700000e-03 1.714379e+00
-3.600000e-03 1.712011e+00
-3.500000e-03 1.713544e+00
-3.400000e-03 1.718758e+00
-3.300000e-03 1.727533e+00
-3.200000e-03 1.739819e+00
-3.100000e-03 1.755593e+00
-3.000000e-03 1.774825e+00
-2.900000e-03 1.797414e+00
-2.800000e-03 1.823094e+00
-2.700000e-03 1.851276e+00
-2.600000e-03 1.880803e+00
-2.500000e-03 1.909581e+00
-2.400000e-03 1.934110e+00
-2.300000e-03 1.949124e+00
-2.200000e-03 1.947991e+00
-2.100000e-03 1.924992e+00
-2.000000e-03 1.879973e+00
-1.900000e-03 1.822481e+00
-1.800000e-03 1.769529e+00
-1.700000e-03 1.736553e+00
-1.600000e-03 1.730158e+00
-1.500000e-03 1.748434e+00
-1.400000e-03 1.785366e+00
-1.300000e-03 1.834409e+00
-1.200000e-03 1.889951e+00
-1.100000e-03 1.947448e+00
-1.000000e-03 2.003126e+00
-9.000000e-04 2.053657e+00
-8.000000e-04 2.095967e+00
-7.000000e-04 2.127201e+00
-6.000000e-04 2.144803e+00
-5.000000e-04 2.146704e+00
-4.000000e-04 2.131536e+00
-3.000000e-04 2.098830e+00
-2.000000e-04 2.049133e+00
-1.000000e-04 1.983995e+00
1.429412e-15 1.905821e+00
1.000000e-04 1.817625e+00
2.000000e-04 1.722712e+00
3.000000e-04 1.624378e+00
4.000000e-04 1.525663e+00
5.000000e-04 1.429187e+00
6.000000e-04 1.337078e+00
7.000000e-04 1.250972e+00
8.000000e-04 1.172069e+00
9.000000e-04 1.101218e+00
1.000000e-03 1.039020e+00
1.100000e-03 9.859268e-01
1.200000e-03 9.423387e-01
1.300000e-03 9.086900e-01
1.400000e-03 8.855286e-01
1.500000e-03 8.735833e-01
1.600000e-03 8.738157e-01
1.700000e-03 8.874425e-01
1.800000e-03 9.159012e-01
1.900000e-03 9.607066e-01
2.000000e-03 1.023116e+00
2.100000e-03 1.103494e+00
2.200000e-03 1.200296e+00
2.300000e-03 1.308745e+00
2.400000e-03 1.419714e+00
2.500000e-03 1.519817e+00
2.600000e-03 1.593864e+00
2.700000e-03 1.629527e+00
2.800000e-03 1.621937e+00
2.900000e-03 1.575100e+00
3.000000e-03 1.499333e+00
3.100000e-03 1.406875e+00
3.200000e-03 1.308395e+00
3.300000e-03 1.211474e+00
3.400000e-03 1.120641e+00
3.500000e-03 1.038094e+00
3.600000e-03 9.645178e-01
3.700000e-03 8.997205e-01
3.800000e-03 8.430736e-01
3.900000e-03 7.937739e-01
4.000000e-03 7.509899e-01
4.100000e-03 7.139369e-01
4.200000e-03 6.819091e-01
4.300000e-03 6.542893e-01
4.400000e-03 6.305470e-01
4.500000e-03 6.102306e-01
4.600000e-03 5.929592e-01
4.700000e-03 5.784123e-01
4.800000e-03 5.663220e-01
4.900000e-03 5.564653e-01
5.000000e-03 5.486578e-01
5.100000e-03 5.427483e-01
5.200000e-03 5.386145e-01
5.300000e-03 5.361598e-01
5.400000e-03 5.353104e-01
5.500000e-03 5.360132e-01
5.600000e-03 5.382346e-01
5.700000e-03 5.419591e-01
5.800000e-03 5.471892e-01
5.900000e-03 5.539451e-01
6.000000e-03 5.622653e-01
6.100000e-03 5.722073e-01
6.200000e-03 5.838491e-01
6.300000e-03 5.972911e-01
6.400000e-03 6.126584e-01
6.500000e-03 6.301044e-01
6.600000e-03 6.498147e-01
6.700000e-03 6.720118e-01
6.800000e-03 6.969613e-01
6.900000e-03 7.249792e-01
7.000000e-03 7.564399e-01
7.100000e-03 7.917857e-01
7.200000e-03 8.315372e-01
7.300000e-03 8.763032e-01
7.400000e-03 9.267886e-01
7.500000e-03 9.837966e-01
7.600000e-03 1.048219e+00
7.700000e-03 1.121002e+00
7.800000e-03 1.203066e+00
7.900000e-03 1.295150e+00
8.000000e-03 1.397521e+00
8.100000e-03 1.509489e+00
8.200000e-03 1.628652e+00
8.300000e-03 1.749864e+00
8.400000e-03 1.864134e+00
8.500000e-03 1.958095e+00
8.600000e-03 2.015216e+00
8.700000e-03 2.019875e+00
8.800000e-03 1.963794e+00
8.900000e-03 1.851358e+00
9.000000e-03 1.699446e+00
9.100000e-03 1.531143e+00
9.200000e-03 1.367730e+00
9.300000e-03 1.223741e+00
9.400000e-03 1.106229e+00
9.500000e-03 1.016505e+00
9.600000e-03 9.523259e-01
9.700000e-03 9.095437e-01
9.800000e-03 8.830475e-01
9.900000e-03 8.672535e-01
1.000000e-02 8.564501e-01
1.010000e-02 8.452400e-01
1.020000e-02 8.291506e-01
1.030000e-02 8.052714e-01
1.040000e-02 7.726375e-01
1.050000e-02 7.321352e-01
1.060000e-02 6.859475e-01
1.070000e-02 6.367923e-01
1.080000e-02 5.872522e-01
1.090000e-02 5.393723e-01
1.100000e-02 4.945302e-01
1.110000e-02 4.534921e-01
1.120000e-02 4.165510e-01
1.130000e-02 3.836780e-01
1.140000e-02 3.546492e-01
1.150000e-02 3.291396e-01
1.160000e-02 3.067851e-01
1.170000e-02 2.872212e-01
1.180000e-02 2.701041e-01
1.190000e-02 2.551210e-01
1.200000e-02 2.419941e-01
1.210000e-02 2.304799e-01
1.220000e-02 2.203676e-01
1.230000e-02 2.114752e-01
1.240000e-02 2.036468e-01
1.250000e-02 1.967488e-01
1.260000e-02 1.906670e-01
1.270000e-02 1.853037e-01
1.280000e-02 1.805755e-01
1.290000e-02 1.764113e-01
1.300000e-02 1.727501e-01
1.310000e-02 1.695404e-01
1.320000e-02 1.667378e-01
1.330000e-02 1.643053e-01
1.340000e-02 1.622114e-01
1.350000e-02 1.604299e-01
1.360000e-02 1.589394e-01
1.370000e-02 1.577228e-01
1.380000e-02 1.567669e-01
1.390000e-02 1.560622e-01
1.400000e-02 1.556025e-01
1.410000e-02 1.553851e-01
1.420000e-02 1.554100e-01
1.430000e-02 1.556798e-01
1.440000e-02 1.561991e-01
1.450000e-02 1.569737e-01
1.460000e-02 1.580100e-01
1.470000e-02 1.593132e-01
1.480000e-02 1.608868e-01
1.490000e-02 1.627311e-01
1.500000e-02 1.648426e-01
1.510000e-02 1.672144e-01
1.520000e-02 1.698368e-01
1.530000e-02 1.726989e-01
1.540000e-02 1.757908e-01
1.550000e-02 1.791060e-01
1.560000e-02 1.826431e-01
1.570000e-02 1.864075e-01
1.580000e-02 1.904114e-01
1.590000e-02 1.946746e-01
1.600000e-02 1.992240e-01
1.610000e-02 2.040928e-01
1.620000e-02 2.093209e-01
1.630000e-02 2.149544e-01
1.640000e-02 2.210460e-01
1.650000e-02 2.276552e-01
1.660000e-02 2.348501e-01
1.670000e-02 2.427077e-01
1.680000e-02 2.513167e-01
1.690000e-02 2.607789e-01
1.700000e-02 2.712126e-01
1.710000e-02 2.827562e-01
1.720000e-02 2.955719e-01
1.730000e-02 3.098520e-01
1.740000e-02 3.258253e-01
1.750000e-02 3.437660e-01
1.760000e-02 3.640041e-01
1.770000e-02 3.869396e-01
1.780000e-02 4.130597e-01
1.790000e-02 4.429602e-01
1.800000e-02 4.773730e-01
1.810000e-02 5.171990e-01
1.820000e-02 5.635472e-01
1.830000e-02 6.177785e-01
1.840000e-02 6.815466e-01
1.850000e-02 7.568234e-01
1.860000e-02 8.458732e-01
1.870000e-02 9.511120e-01
1.880000e-02 1.074726e+00
1.890000e-02 1.217849e+00
1.900000e-02 1.379029e+00
1.910000e-02 1.551841e+00
1.920000e-02 1.722117e+00
1.930000e-02 1.866785e+00
1.940000e-02 1.957777e+00
1.950000e-02 1.972855e+00
1.960000e-02 1.908013e+00
1.970000e-02 1.780762e+00
1.980000e-02 1.620725e+00
1.990000e-02 1.456251e+00
2.000000e-02 1.306721e+00
2.010000e-02 1.181990e+00
2.020000e-02 1.085277e+00
2.030000e-02 1.016326e+00
2.040000e-02 9.735860e-01
2.050000e-02 9.554366e-01
2.060000e-02 9.607261e-01
2.070000e-02 9.889027e-01
2.080000e-02 1.039844e+00
2.090000e-02 1.113370e+00
2.100000e-02 1.208333e+00
2.110000e-02 1.321152e+00
2.120000e-02 1.443881e+00
2.130000e-02 1.562541e+00
2.140000e-02 1.657464e+00
2.150000e-02 1.707674e+00
2.160000e-02 1.698969e+00
2.170000e-02 1.630882e+00
2.180000e-02 1.516737e+00
2.190000e-02 1.376743e+00
2.200000e-02 1.229895e+00
2.210000e-02 1.089501e+00
2.220000e-02 9.627305e-01
2.230000e-02 8.521935e-01
2.240000e-02 7.577894e-01
2.250000e-02 6.781044e-01
2.260000e-02 6.112604e-01
2.270000e-02 5.553614e-01
2.280000e-02 5.086940e-01
2.290000e-02 4.697964e-01
2.300000e-02 4.374630e-01
2.310000e-02 4.107229e-01
2.320000e-02 3.888100e-01
2.330000e-02 3.711346e-01
2.340000e-02 3.572588e-01
2.350000e-02 3.468793e-01
2.360000e-02 3.398157e-01
2.370000e-02 3.360070e-01
2.380000e-02 3.355151e-01
2.390000e-02 3.385391e-01
2.400000e-02 3.454409e-01
2.410000e-02 3.567895e-01
2.420000e-02 3.734287e-01
2.430000e-02 3.965807e-01
2.440000e-02 4.279947e-01
2.450000e-02 4.701416e-01
2.460000e-02 5.264067e-01
2.470000e-02 6.010672e-01
2.480000e-02 6.984168e-01
2.490000e-02 8.196169e-01
2.500000e-02 9.557951e-01
2.510000e-02 1.080866e+00
2.520000e-02 1.158660e+00
2.530000e-02 1.170537e+00
2.540000e-02 1.130616e+00
2.550000e-02 1.067076e+00
2.560000e-02 1.000467e+00
2.570000e-02 9.396233e-01
2.580000e-02 8.863584e-01
2.590000e-02 8.398145e-01
2.600000e-02 7.986191e-01
2.610000e-02 7.616355e-01
2.620000e-02 7.280950e-01
2.630000e-02 6.975245e-01
2.640000e-02 6.696400e-01
2.650000e-02 6.442606e-01
2.660000e-02 6.212525e-01
2.670000e-02 6.004994e-01
2.680000e-02 5.818877e-01
2.690000e-02 5.653027e-01
2.700000e-02 5.506286e-01
2.710000e-02 5.377509e-01
2.720000e-02 5.265584e-01
2.730000e-02 5.169459e-01
2.740000e-02 5.088150e-01
2.750000e-02 5.020757e-01
2.760000e-02 4.966463e-01
2.770000e-02 4.924533e-01
2.780000e-02 4.894316e-01
2.790000e-02 4.875235e-01
2.800000e-02 4.866782e-01
2.810000e-02 4.868513e-01
2.820000e-02 4.880041e-01
2.830000e-02 4.901027e-01
2.840000e-02 4.931176e-01
2.850000e-02 4.970228e-01
2.860000e-02 5.017956e-01
2.870000e-02 5.074158e-01
2.880000e-02 5.138654e-01
2.890000e-02 5.211281e-01
2.900000e-02 5.291887e-01
2.910000e-02 5.380330e-01
2.920000e-02 5.476476e-01
2.930000e-02 5.580190e-01
2.940000e-02 5.691336e-01
2.950000e-02 5.809774e-01
2.960000e-02 5.935351e-01
2.970000e-02 6.067900e-01
2.980000e-02 6.207231e-01
2.990000e-02 6.353120e-01
3.000000e-02 6.505304e-01
3.010000e-02 6.663465e-01
3.020000e-02 6.827220e-01
3.030000e-02 6.996103e-01
3.040000e-02 7.169551e-01
3.050000e-02 7.346892e-01
3.060000e-02 7.527331e-01
3.070000e-02 7.709950e-01
3.080000e-02 7.893705e-01
3.090000e-02 8.077456e-01
3.100000e-02 8.259995e-01
3.110000e-02 8.440116e-01
3.120000e-02 8.616700e-01
3.130000e-02 8.788831e-01
3.140000e-02 8.955937e-01
3.150000e-02 9.117954e-01
3.160000e-02 9.275488e-01
3.170000e-02 9.429970e-01
3.180000e-02 9.583791e-01
3.190000e-02 9.740376e-01
3.200000e-02 9.904207e-01
3.210000e-02 1.008077e+00
3.220000e-02 1.027641e+00
3.230000e-02 1.049812e+00
3.240000e-02 1.075321e+00
3.250000e-02 1.104885e+00
3.260000e-02 1.139156e+00
3.270000e-02 1.178644e+00
3.280000e-02 1.223628e+00
3.290000e-02 1.274046e+00
3.300000e-02 1.329383e+00
3.310000e-02 1.388558e+00
3.320000e-02 1.449859e+00
3.330000e-02 1.510961e+00
3.340000e-02 1.569071e+00
3.350000e-02 1.621225e+00
3.360000e-02 1.664712e+00
3.370000e-02 1.697550e+00
3.380000e-02 1.718875e+00
3.390000e-02 1.729160e+00
3.400000e-02 1.730198e+00
3.410000e-02 1.724886e+00
3.420000e-02 1.716929e+00
3.430000e-02 1.710553e+00
3.440000e-02 1.710319e+00
3.450000e-02 1.721046e+00
3.460000e-02 1.747816e+00
3.470000e-02 1.795923e+00
3.480000e-02 1.870575e+00
3.490000e-02 1.975974e+00
3.500000e-02 2.113324e+00
3.510000e-02 2.277505e+00
3.520000e-02 2.453295e+00
3.530000e-02 2.614277e+00
3.540000e-02 2.728861e+00
3.550000e-02 2.773466e+00
3.560000e-02 2.743984e+00
3.570000e-02 2.655602e+00
3.580000e-02 2.532464e+00
3.590000e-02 2.396943e+00
3.600000e-02 2.264598e+00
3.610000e-02 2.144105e+00
3.620000e-02 2.039211e+00
3.630000e-02 1.950768e+00
3.640000e-02 1.878175e+00
3.650000e-02 1.820251e+00
3.660000e-02 1.775691e+00
3.670000e-02 1.743282e+00
3.680000e-02 1.721996e+00
3.690000e-02 1.711006e+00
3.700000e-02 1.709669e+00
3.710000e-02 1.717495e+00
3.720000e-02 1.734106e+00
3.730000e-02 1.759182e+00
3.740000e-02 1.792402e+00
3.750000e-02 1.833367e+00
3.760000e-02 1.881522e+00
3.770000e-02 1.936049e+00
3.780000e-02 1.995775e+00
3.790000e-02 2.059077e+00
3.800000e-02 2.123831e+00
3.810000e-02 2.187423e+00
3.820000e-02 2.246868e+00
3.830000e-02 2.299046e+00
3.840000e-02 2.341048e+00
3.850000e-02 2.370583e+00
3.860000e-02 2.386336e+00
3.870000e-02 2.388193e+00
3.880000e-02 2.377254e+00
3.890000e-02 2.355631e+00
3.900000e-02 2.326109e+00
3.910000e-02 2.291748e+00
3.920000e-02 2.255537e+00
3.930000e-02 2.220138e+00
3.940000e-02 2.187738e+00
3.950000e-02 2.159993e+00
3.960000e-02 2.138028e+00
3.970000e-02 2.122460e+00
3.980000e-02 2.113413e+00
3.990000e-02 2.110524e+00
4.000000e-02 2.112913e+00
4.010000e-02 2.119137e+00
4.020000e-02 2.127142e+00
4.030000e-02 2.134246e+00
4.040000e-02 2.137214e+00
4.050000e-02 2.132464e+00
4.060000e-02 2.116460e+00
4.070000e-02 2.086257e+00
4.080000e-02 2.040094e+00
4.090000e-02 1.977860e+00
4.100000e-02 1.901225e+00
4.110000e-02 1.813378e+00
4.120000e-02 1.718422e+00
4.130000e-02 1.620657e+00
4.140000e-02 1.523957e+00
4.150000e-02 1.431379e+00
4.160000e-02 1.345036e+00
4.170000e-02 1.266159e+00
4.180000e-02 1.195264e+00
4.190000e-02 1.132351e+00
4.200000e-02 1.077087e+00
4.210000e-02 1.028951e+00
4.220000e-02 9.873430e-01
4.230000e-02 9.516504e-01
4.240000e-02 9.212970e-01
4.250000e-02 8.957675e-01
4.260000e-02 8.746214e-01
4.270000e-02 8.575007e-01
4.280000e-02 8.441342e-01
4.290000e-02 8.343405e-01
4.300000e-02 8.280337e-01
4.310000e-02 8.252324e-01
4.320000e-02 8.260742e-01
4.330000e-02 8.308385e-01
4.340000e-02 8.399822e-01
4.350000e-02 8.541913e-01
4.360000e-02 8.744589e-01
4.370000e-02 9.021980e-01
4.380000e-02 9.394057e-01
4.390000e-02 9.888938e-01
4.400000e-02 1.054593e+00
4.410000e-02 1.141885e+00
4.420000e-02 1.257743e+00
4.430000e-02 1.409934e+00
4.440000e-02 1.603266e+00
4.450000e-02 1.828915e+00
4.460000e-02 2.044836e+00
4.470000e-02 2.166228e+00
4.480000e-02 2.114742e+00
4.490000e-02 1.904847e+00
4.500000e-02 1.631800e+00
4.510000e-02 1.377995e+00
4.520000e-02 1.175107e+00
4.530000e-02 1.022901e+00
4.540000e-02 9.109518e-01
4.550000e-02 8.284933e-01
4.560000e-02 7.670766e-01
4.570000e-02 7.206353e-01
4.580000e-02 6.849409e-01
4.590000e-02 6.570607e-01
4.600000e-02 6.349473e-01
4.610000e-02 6.171557e-01
4.620000e-02 6.026521e-01
4.630000e-02 5.906866e-01
4.640000e-02 5.807082e-01
4.650000e-02 5.723067e-01
4.660000e-02 5.651735e-01
4.670000e-02 5.590741e-01
4.680000e-02 5.538288e-01
4.690000e-02 5.492994e-01
4.700000e-02 5.453790e-01
4.710000e-02 5.419850e-01
4.720000e-02 5.390538e-01
4.730000e-02 5.365371e-01
4.740000e-02 5.343987e-01
4.750000e-02 5.326126e-01
4.760000e-02 5.311611e-01
4.770000e-02 5.300338e-01
4.780000e-02 5.292265e-01
4.790000e-02 5.287404e-01
4.800000e-02 5.285818e-01
4.810000e-02 5.287616e-01
4.820000e-02 5.292950e-01
4.830000e-02 5.302014e-01
4.840000e-02 5.315040e-01
4.850000e-02 5.332300e-01
4.860000e-02 5.354106e-01
4.870000e-02 5.380807e-01
4.880000e-02 5.412792e-01
4.890000e-02 5.450488e-01
4.900000e-02 5.494362e-01
4.910000e-02 5.544917e-01
4.920000e-02 5.602699e-01
4.930000e-02 5.668286e-01
4.940000e-02 5.742295e-01
4.950000e-02 5.825372e-01
4.960000e-02 5.918188e-01
4.970000e-02 6.021429e-01
4.980000e-02 6.135771e-01
4.990000e-02 6.261836e-01
