-5.000000e-02 1.550002e+00
-4.990000e-02 1.545849e+00
-4.980000e-02 1.542691e+00
-4.970000e-02 1.540514e+00
-4.960000e-02 1.539312e+00
-4.950000e-02 1.539093e+00
-4.940000e-02 1.539869e+00
-4.930000e-02 1.541658e+00
-4.920000e-02 1.544480e+00
-4.910000e-02 1.548354e+00
-4.900000e-02 1.553290e+00
-4.890000e-02 1.559293e+00
-4.880000e-02 1.566357e+00
-4.870000e-02 1.574463e+00
-4.860000e-02 1.583584e+00
-4.850000e-02 1.593677e+00
-4.840000e-02 1.604692e+00
-4.830000e-02 1.616571e+00
-4.820000e-02 1.629247e+00
-4.810000e-02 1.642655e+00
-4.800000e-02 1.656727e+00
-4.790000e-02 1.671398e+00
-4.780000e-02 1.686609e+00
-4.770000e-02 1.702305e+00
-4.760000e-02 1.718444e+00
-4.750000e-02 1.734987e+00
-4.740000e-02 1.751910e+00
-4.730000e-02 1.769196e+00
-4.720000e-02 1.786837e+00
-4.710000e-02 1.804832e+00
-4.700000e-02 1.823189e+00
-4.690000e-02 1.841922e+00
-4.680000e-02 1.861049e+00
-4.670000e-02 1.880589e+00
-4.660000e-02 1.900565e+00
-4.650000e-02 1.920999e+00
-4.640000e-02 1.941913e+00
-4.630000e-02 1.963325e+00
-4.620000e-02 1.985248e+00
-4.610000e-02 2.007691e+00
-4.600000e-02 2.030657e+00
-4.590000e-02 2.054139e+00
-4.580000e-02 2.078123e+00
-4.570000e-02 2.102584e+00
-4.560000e-02 2.127488e+00
-4.550000e-02 2.152787e+00
-4.540000e-02 2.178423e+00
-4.530000e-02 2.204326e+00
-4.520000e-02 2.230411e+00
-4.510000e-02 2.256582e+00
-4.500000e-02 2.282730e+00
-4.490000e-02 2.308734e+00
-4.480000e-02 2.334463e+00
-4.470000e-02 2.359774e+00
-4.460000e-02 2.384517e+00
-4.450000e-02 2.408535e+00
-4.440000e-02 2.431666e+00
-4.430000e-02 2.453746e+00
-4.420000e-02 2.474612e+00
-4.410000e-02 2.494105e+00
-4.400000e-02 2.512070e+00
-4.390000e-02 2.528364e+00
-4.380000e-02 2.542856e+00
-4.370000e-02 2.555428e+00
-4.360000e-02 2.565984e+00
-4.350000e-02 2.574443e+00
-4.340000e-02 2.580752e+00
-4.330000e-02 2.584875e+00
-4.320000e-02 2.586805e+00
-4.310000e-02 2.586556e+00
-4.300000e-02 2.584168e+00
-4.290000e-02 2.579704e+00
-4.280000e-02 2.573249e+00
-4.270000e-02 2.564907e+00
-4.260000e-02 2.554801e+00
-4.250000e-02 2.543072e+00
-4.240000e-02 2.529874e+00
-4.230000e-02 2.515373e+00
-4.220000e-02 2.499743e+00
-4.210000e-02 2.483168e+00
-4.200000e-02 2.465837e+00
-4.190000e-02 2.447944e+00
-4.180000e-02 2.429685e+00
-4.170000e-02 2.411260e+00
-4.160000e-02 2.392871e+00
-4.150000e-02 2.374722e+00
-4.140000e-02 2.357022e+00
-4.130000e-02 2.339982e+00
-4.120000e-02 2.323822e+00
-4.110000e-02 2.308769e+00
-4.100000e-02 2.295063e+00
-4.090000e-02 2.282959e+00
-4.080000e-02 2.272734e+00
-4.070000e-02 2.264686e+00
-4.060000e-02 2.259148e+00
-4.050000e-02 2.256482e+00
-4.040000e-02 2.257093e+00
-4.030000e-02 2.261417e+00
-4.020000e-02 2.269914e+00
-4.010000e-02 2.283036e+00
-4.000000e-02 2.301151e+00
-3.990000e-02 2.324392e+00
-3.980000e-02 2.352365e+00
-3.970000e-02 2.383598e+00
-3.960000e-02 2.414571e+00
-3.950000e-02 2.438180e+00
-3.940000e-02 2.441790e+00
-3.930000e-02 2.406206e+00
-3.920000e-02 2.309111e+00
-3.910000e-02 2.137232e+00
-3.900000e-02 1.903088e+00
-3.890000e-02 1.647283e+00
-3.880000e-02 1.415871e+00
-3.870000e-02 1.235351e+00
-3.860000e-02 1.108658e+00
-3.850000e-02 1.025829e+00
-3.840000e-02 9.742065e-01
-3.830000e-02 9.431697e-01
-3.820000e-02 9.251171e-01
-3.810000e-02 9.150056e-01
-3.800000e-02 9.096145e-01
-3.790000e-02 9.069282e-01
-3.780000e-02 9.057008e-01
-3.770000e-02 9.051709e-01
-3.760000e-02 9.048804e-01
-3.750000e-02 9.045601e-01
-3.740000e-02 9.040590e-01
-3.730000e-02 9.032995e-01
-3.720000e-02 9.022490e-01
-3.710000e-02 9.009029e-01
-3.700000e-02 8.992725e-01
-3.690000e-02 8.973788e-01
-3.680000e-02 8.952475e-01
-3.670000e-02 8.929064e-01
-3.660000e-02 8.903837e-01
-3.650000e-02 8.877068e-01
-3.640000e-02 8.849020e-01
-3.630000e-02 8.819943e-01
-3.620000e-02 8.790067e-01
-3.610000e-02 8.759608e-01
-3.600000e-02 8.728767e-01
-3.590000e-02 8.697728e-01
-3.580000e-02 8.666665e-01
-3.570000e-02 8.635736e-01
-3.560000e-02 8.605092e-01
-3.550000e-02 8.574873e-01
-3.540000e-02 8.545208e-01
-3.530000e-02 8.516222e-01
-3.520000e-02 8.488032e-01
-3.510000e-02 8.460750e-01
-3.500000e-02 8.434481e-01
-3.490000e-02 8.409328e-01
-3.480000e-02 8.385389e-01
-3.470000e-02 8.362759e-01
-3.460000e-02 8.341530e-01
-3.450000e-02 8.321793e-01
-3.440000e-02 8.303635e-01
-3.430000e-02 8.287141e-01
-3.420000e-02 8.272397e-01
-3.410000e-02 8.259484e-01
-3.400000e-02 8.248486e-01
-3.390000e-02 8.239481e-01
-3.380000e-02 8.232550e-01
-3.370000e-02 8.227772e-01
-3.360000e-02 8.225224e-01
-3.350000e-02 8.224984e-01
-3.340000e-02 8.227129e-01
-3.330000e-02 8.231734e-01
-3.320000e-02 8.238876e-01
-3.310000e-02 8.248629e-01
-3.300000e-02 8.261070e-01
-3.290000e-02 8.276274e-01
-3.280000e-02 8.294314e-01
-3.270000e-02 8.315265e-01
-3.260000e-02 8.339204e-01
-3.250000e-02 8.366204e-01
-3.240000e-02 8.396342e-01
-3.230000e-02 8.429693e-01
-3.220000e-02 8.466335e-01
-3.210000e-02 8.506346e-01
-3.200000e-02 8.549804e-01
-3.190000e-02 8.596791e-01
-3.180000e-02 8.647389e-01
-3.170000e-02 8.701684e-01
-3.160000e-02 8.759763e-01
-3.150000e-02 8.821717e-01
-3.140000e-02 8.887642e-01
-3.130000e-02 8.957637e-01
-3.120000e-02 9.031807e-01
-3.110000e-02 9.110262e-01
-3.100000e-02 9.193120e-01
-3.090000e-02 9.280506e-01
-3.080000e-02 9.372554e-01
-3.070000e-02 9.469405e-01
-3.060000e-02 9.571214e-01
-3.050000e-02 9.678144e-01
-3.040000e-02 9.790369e-01
-3.030000e-02 9.908076e-01
-3.020000e-02 1.003146e+00
-3.010000e-02 1.016073e+00
-3.000000e-02 1.029609e+00
-2.990000e-02 1.043777e+00
-2.980000e-02 1.058597e+00
-2.970000e-02 1.074090e+00
-2.960000e-02 1.090273e+00
-2.950000e-02 1.107160e+00
-2.940000e-02 1.124760e+00
-2.930000e-02 1.143070e+00
-2.920000e-02 1.162079e+00
-2.910000e-02 1.181757e+00
-2.900000e-02 1.202054e+00
-2.890000e-02 1.222898e+00
-2.880000e-02 1.244184e+00
-2.870000e-02 1.265778e+00
-2.860000e-02 1.287512e+00
-2.850000e-02 1.309192e+00
-2.840000e-02 1.330602e+00
-2.830000e-02 1.351524e+00
-2.820000e-02 1.371757e+00
-2.810000e-02 1.391144e+00
-2.800000e-02 1.409601e+00
-2.790000e-02 1.427135e+00
-2.780000e-02 1.443863e+00
-2.770000e-02 1.460003e+00
-2.760000e-02 1.475869e+00
-2.750000e-02 1.491838e+00
-2.740000e-02 1.508321e+00
-2.730000e-02 1.525731e+00
-2.720000e-02 1.544456e+00
-2.710000e-02 1.564841e+00
-2.700000e-02 1.587177e+00
-2.690000e-02 1.611700e+00
-2.680000e-02 1.638587e+00
-2.670000e-02 1.667965e+00
-2.660000e-02 1.699913e+00
-2.650000e-02 1.734464e+00
-2.640000e-02 1.771607e+00
-2.630000e-02 1.811288e+00
-2.620000e-02 1.853401e+00
-2.610000e-02 1.897789e+00
-2.600000e-02 1.944231e+00
-2.590000e-02 1.992440e+00
-2.580000e-02 2.042050e+00
-2.570000e-02 2.092613e+00
-2.560000e-02 2.143593e+00
-2.550000e-02 2.194367e+00
-2.540000e-02 2.244236e+00
-2.530000e-02 2.292431e+00
-2.520000e-02 2.338144e+00
-2.510000e-02 2.380554e+00
-2.500000e-02 2.418867e+00
-2.490000e-02 2.452361e+00
-2.480000e-02 2.480428e+00
-2.470000e-02 2.502619e+00
-2.460000e-02 2.518670e+00
-2.450000e-02 2.528529e+00
-2.440000e-02 2.532353e+00
-2.430000e-02 2.530503e+00
-2.420000e-02 2.523509e+00
-2.410000e-02 2.512040e+00
-2.400000e-02 2.496859e+00
-2.390000e-02 2.478773e+00
-2.380000e-02 2.458597e+00
-2.370000e-02 2.437117e+00
-2.360000e-02 2.415059e+00
-2.350000e-02 2.393076e+00
-2.340000e-02 2.371732e+00
-2.330000e-02 2.351500e+00
-2.320000e-02 2.332763e+00
-2.310000e-02 2.315820e+00
-2.300000e-02 2.300891e+00
-2.290000e-02 2.288129e+00
-2.280000e-02 2.277627e+00
-2.270000e-02 2.269426e+00
-2.260000e-02 2.263526e+00
-2.250000e-02 2.259888e+00
-2.240000e-02 2.258446e+00
-2.230000e-02 2.259108e+00
-2.220000e-02 2.261759e+00
-2.210000e-02 2.266270e+00
-2.200000e-02 2.272492e+00
-2.190000e-02 2.280264e+00
-2.180000e-02 2.289412e+00
-2.170000e-02 2.299751e+00
-2.160000e-02 2.311081e+00
-2.150000e-02 2.323192e+00
-2.140000e-02 2.335863e+00
-2.130000e-02 2.348860e+00
-2.120000e-02 2.361939e+00
-2.110000e-02 2.374844e+00
-2.100000e-02 2.387313e+00
-2.090000e-02 2.399077e+00
-2.080000e-02 2.409875e+00
-2.070000e-02 2.419465e+00
-2.060000e-02 2.427659e+00
-2.050000e-02 2.434381e+00
-2.040000e-02 2.439780e+00
-2.030000e-02 2.444438e+00
-2.020000e-02 2.449745e+00
-2.010000e-02 2.458516e+00
-2.000000e-02 2.475809e+00
-1.990000e-02 2.509298e+00
-1.980000e-02 2.567105e+00
-1.970000e-02 2.650393e+00
-1.960000e-02 2.744768e+00
-1.950000e-02 2.825366e+00
-1.940000e-02 2.875660e+00
-1.930000e-02 2.895629e+00
-1.920000e-02 2.893868e+00
-1.910000e-02 2.879026e+00
-1.900000e-02 2.856945e+00
-1.890000e-02 2.830959e+00
-1.880000e-02 2.802814e+00
-1.870000e-02 2.773385e+00
-1.860000e-02 2.743103e+00
-1.850000e-02 2.712180e+00
-1.840000e-02 2.680735e+00
-1.830000e-02 2.648849e+00
-1.820000e-02 2.616594e+00
-1.810000e-02 2.584046e+00
-1.800000e-02 2.551286e+00
-1.790000e-02 2.518406e+00
-1.780000e-02 2.485504e+00
-1.770000e-02 2.452683e+00
-1.760000e-02 2.420049e+00
-1.750000e-02 2.387709e+00
-1.740000e-02 2.355769e+00
-1.730000e-02 2.324333e+00
-1.720000e-02 2.293503e+00
-1.710000e-02 2.263376e+00
-1.700000e-02 2.234046e+00
-1.690000e-02 2.205601e+00
-1.680000e-02 2.178126e+00
-1.670000e-02 2.151702e+00
-1.660000e-02 2.126406e+00
-1.650000e-02 2.102310e+00
-1.640000e-02 2.079486e+00
-1.630000e-02 2.058002e+00
-1.620000e-02 2.037927e+00
-1.610000e-02 2.019327e+00
-1.600000e-02 2.002271e+00
-1.590000e-02 1.986829e+00
-1.580000e-02 1.973073e+00
-1.570000e-02 1.961080e+00
-1.560000e-02 1.950931e+00
-1.550000e-02 1.942713e+00
-1.540000e-02 1.936522e+00
-1.530000e-02 1.932459e+00
-1.520000e-02 1.930637e+00
-1.510000e-02 1.931178e+00
-1.500000e-02 1.934214e+00
-1.490000e-02 1.939889e+00
-1.480000e-02 1.948354e+00
-1.470000e-02 1.959769e+00
-1.460000e-02 1.974299e+00
-1.450000e-02 1.992104e+00
-1.440000e-02 2.013332e+00
-1.430000e-02 2.038108e+00
-1.420000e-02 2.066504e+00
-1.410000e-02 2.098521e+00
-1.400000e-02 2.134043e+00
-1.390000e-02 2.172790e+00
-1.380000e-02 2.214263e+00
-1.370000e-02 2.257677e+00
-1.360000e-02 2.301902e+00
-1.350000e-02 2.345426e+00
-1.340000e-02 2.386362e+00
-1.330000e-02 2.422534e+00
-1.320000e-02 2.451657e+00
-1.310000e-02 2.471620e+00
-1.300000e-02 2.480832e+00
-1.290000e-02 2.478553e+00
-1.280000e-02 2.465104e+00
-1.270000e-02 2.441879e+00
-1.260000e-02 2.411131e+00
-1.250000e-02 2.375605e+00
-1.240000e-02 2.338099e+00
-1.230000e-02 2.301091e+00
-1.220000e-02 2.266465e+00
-1.210000e-02 2.235370e+00
-1.200000e-02 2.208174e+00
-1.190000e-02 2.184479e+00
-1.180000e-02 2.163172e+00
-1.170000e-02 2.142497e+00
-1.160000e-02 2.120164e+00
-1.150000e-02 2.093514e+00
-1.140000e-02 2.059782e+00
-1.130000e-02 2.016468e+00
-1.120000e-02 1.961774e+00
-1.110000e-02 1.895036e+00
-1.100000e-02 1.816998e+00
-1.090000e-02 1.729815e+00
-1.080000e-02 1.636737e+00
-1.070000e-02 1.541564e+00
-1.060000e-02 1.448026e+00
-1.050000e-02 1.359292e+00
-1.040000e-02 1.277681e+00
-1.030000e-02 1.204608e+00
-1.020000e-02 1.140683e+00
-1.010000e-02 1.085899e+00
-1.000000e-02 1.039834e+00
-9.900000e-03 1.001820e+00
-9.800000e-03 9.710801e-01
-9.700000e-03 9.468181e-01
-9.600000e-03 9.282755e-01
-9.500000e-03 9.147619e-01
-9.400000e-03 9.056684e-01
-9.300000e-03 9.004696e-01
-9.200000e-03 8.987201e-01
-9.100000e-03 9.000473e-01
-9.000000e-03 9.041427e-01
-8.900000e-03 9.107539e-01
-8.800000e-03 9.196755e-01
-8.700000e-03 9.307422e-01
-8.600000e-03 9.438216e-01
-8.500000e-03 9.588081e-01
-8.400000e-03 9.756166e-01
-8.300000e-03 9.941774e-01
-8.200000e-03 1.014430e+00
-8.100000e-03 1.036318e+00
-8.000000e-03 1.059781e+00
-7.900000e-03 1.084750e+00
-7.800000e-03 1.111136e+00
-7.700000e-03 1.138821e+00
-7.600000e-03 1.167645e+00
-7.500000e-03 1.197389e+00
-7.400000e-03 1.227763e+00
-7.300000e-03 1.258378e+00
-7.200000e-03 1.288729e+00
-7.100000e-03 1.318172e+00
-7.000000e-03 1.345906e+00
-6.900000e-03 1.370966e+00
-6.800000e-03 1.392237e+00
-6.700000e-03 1.408500e+00
-6.600000e-03 1.418520e+00
-6.500000e-03 1.421198e+00
-6.400000e-03 1.415763e+00
-6.300000e-03 1.401997e+00
-6.200000e-03 1.380434e+00
-6.100000e-03 1.352465e+00
-6.000000e-03 1.320279e+00
-5.900000e-03 1.286624e+00
-5.800000e-03 1.254422e+00
-5.700000e-03 1.226339e+00
-5.600000e-03 1.204429e+00
-5.500000e-03 1.189922e+00
-5.400000e-03 1.183185e+00
-5.300000e-03 1.183821e+00
-5.200000e-03 1.190842e+00
-5.100000e-03 1.202877e+00
-5.000000e-03 1.218354e+00
-4.900000e-03 1.235661e+00
-4.800000e-03 1.253272e+00
-4.700000e-03 1.269844e+00
-4.600000e-03 1.284288e+00
-4.500000e-03 1.295821e+00
-4.400000e-03 1.303996e+00
-4.300000e-03 1.308708e+00
-4.200000e-03 1.310189e+00
-4.100000e-03 1.308968e+00
-4.000000e-03 1.305833e+00
-3.900000e-03 1.301765e+00
-3.800000e-03 1.297876e+00
-3.700000e-03 1.295345e+00
-3.600000e-03 1.295357e+00
-3.500000e-03 1.299049e+00
-3.400000e-03 1.307465e+00
-3.300000e-03 1.321514e+00
-3.200000e-03 1.341932e+00
-3.100000e-03 1.369244e+00
-3.000000e-03 1.403717e+00
-2.900000e-03 1.445308e+00
-2.800000e-03 1.493604e+00
-2.700000e-03 1.547762e+00
-2.600000e-03 1.606439e+00
-2.500000e-03 1.667754e+00
-2.400000e-03 1.729272e+00
-2.300000e-03 1.788053e+00
-2.200000e-03 1.840771e+00
-2.100000e-03 1.883921e+00
-2.000000e-03 1.914101e+00
-1.900000e-03 1.928348e+00
-1.800000e-03 1.924464e+00
-1.700000e-03 1.901278e+00
-1.600000e-03 1.858791e+00
-1.500000e-03 1.798174e+00
-1.400000e-03 1.721628e+00
-1.300000e-03 1.632134e+00
-1.200000e-03 1.533157e+00
-1.100000e-03 1.428341e+00
-1.000000e-03 1.321243e+00
-9.000000e-04 1.215114e+00
-8.000000e-04 1.112754e+00
-7.000000e-04 1.016411e+00
-6.000000e-04 9.277419e-01
-5.000000e-04 8.478172e-01
-4.000000e-04 7.771633e-01
-3.000000e-04 7.158368e-01
-2.000000e-04 6.635185e-01
-1.000000e-04 6.196153e-01
1.429412e-15 5.833599e-01
1.000000e-04 5.538993e-01
2.000000e-04 5.303662e-01
3.000000e-04 5.119313e-01
4.000000e-04 4.978377e-01
5.000000e-04 4.874190e-01
6.000000e-04 4.801063e-01
7.000000e-04 4.754263e-01
8.000000e-04 4.729941e-01
9.000000e-04 4.725038e-01
1.000000e-03 4.737173e-01
1.100000e-03 4.764539e-01
1.200000e-03 4.805810e-01
1.300000e-03 4.860053e-01
1.400000e-03 4.926655e-01
1.500000e-03 5.005267e-01
1.600000e-03 5.095754e-01
1.700000e-03 5.198158e-01
1.800000e-03 5.312667e-01
1.900000e-03 5.439589e-01
2.000000e-03 5.579341e-01
2.100000e-03 5.732425e-01
2.200000e-03 5.899425e-01
2.300000e-03 6.080995e-01
2.400000e-03 6.277849e-01
2.500000e-03 6.490756e-01
2.600000e-03 6.720531e-01
2.700000e-03 6.968030e-01
2.800000e-03 7.234136e-01
2.900000e-03 7.519748e-01
3.000000e-03 7.825766e-01
3.100000e-03 8.153076e-01
3.200000e-03 8.502518e-01
3.300000e-03 8.874866e-01
3.400000e-03 9.270784e-01
3.500000e-03 9.690790e-01
3.600000e-03 1.013520e+00
3.700000e-03 1.060407e+00
3.800000e-03 1.109713e+00
3.900000e-03 1.161368e+00
4.000000e-03 1.215256e+00
4.100000e-03 1.271200e+00
4.200000e-03 1.328958e+00
4.300000e-03 1.388207e+00
4.400000e-03 1.448546e+00
4.500000e-03 1.509481e+00
4.600000e-03 1.570426e+00
4.700000e-03 1.630709e+00
4.800000e-03 1.689573e+00
4.900000e-03 1.746196e+00
5.000000e-03 1.799707e+00
5.100000e-03 1.849219e+00
5.200000e-03 1.893860e+00
5.300000e-03 1.932812e+00
5.400000e-03 1.965352e+00
5.500000e-03 1.990885e+00
5.600000e-03 2.008984e+00
5.700000e-03 2.019406e+00
5.800000e-03 2.022111e+00
5.900000e-03 2.017258e+00
6.000000e-03 2.005193e+00
6.100000e-03 1.986432e+00
6.200000e-03 1.961622e+00
6.300000e-03 1.931512e+00
6.400000e-03 1.896914e+00
6.500000e-03 1.858667e+00
6.600000e-03 1.817606e+00
6.700000e-03 1.774536e+00
6.800000e-03 1.730214e+00
6.900000e-03 1.685330e+00
7.000000e-03 1.640507e+00
7.100000e-03 1.596290e+00
7.200000e-03 1.553155e+00
7.300000e-03 1.511505e+00
7.400000e-03 1.471682e+00
7.500000e-03 1.433973e+00
7.600000e-03 1.398614e+00
7.700000e-03 1.365803e+00
7.800000e-03 1.335706e+00
7.900000e-03 1.308461e+00
8.000000e-03 1.284188e+00
8.100000e-03 1.262994e+00
8.200000e-03 1.244977e+00
8.300000e-03 1.230228e+00
8.400000e-03 1.218840e+00
8.500000e-03 1.210899e+00
8.600000e-03 1.206497e+00
8.700000e-03 1.205718e+00
8.800000e-03 1.208644e+00
8.900000e-03 1.215343e+00
9.000000e-03 1.225865e+00
9.100000e-03 1.240226e+00
9.200000e-03 1.258397e+00
9.300000e-03 1.280280e+00
9.400000e-03 1.305694e+00
9.500000e-03 1.334345e+00
9.600000e-03 1.365812e+00
9.700000e-03 1.399525e+00
9.800000e-03 1.434766e+00
9.900000e-03 1.470673e+00
1.000000e-02 1.506273e+00
1.010000e-02 1.540527e+00
1.020000e-02 1.572397e+00
1.030000e-02 1.600921e+00
1.040000e-02 1.625281e+00
1.050000e-02 1.644860e+00
1.060000e-02 1.659270e+00
1.070000e-02 1.668351e+00
1.080000e-02 1.672142e+00
1.090000e-02 1.670843e+00
1.100000e-02 1.664752e+00
1.110000e-02 1.654225e+00
1.120000e-02 1.639635e+00
1.130000e-02 1.621347e+00
1.140000e-02 1.599706e+00
1.150000e-02 1.575043e+00
1.160000e-02 1.547676e+00
1.170000e-02 1.517929e+00
1.180000e-02 1.486135e+00
1.190000e-02 1.452652e+00
1.200000e-02 1.417861e+00
1.210000e-02 1.382170e+00
1.220000e-02 1.346007e+00
1.230000e-02 1.309808e+00
1.240000e-02 1.274012e+00
1.250000e-02 1.239042e+00
1.260000e-02 1.205301e+00
1.270000e-02 1.173160e+00
1.280000e-02 1.142948e+00
1.290000e-02 1.114957e+00
1.300000e-02 1.089436e+00
1.310000e-02 1.066596e+00
1.320000e-02 1.046614e+00
1.330000e-02 1.029639e+00
1.340000e-02 1.015799e+00
1.350000e-02 1.005210e+00
1.360000e-02 9.979801e-01
1.370000e-02 9.942179e-01
1.380000e-02 9.940402e-01
1.390000e-02 9.975765e-01
1.400000e-02 1.004974e+00
1.410000e-02 1.016404e+00
1.420000e-02 1.032059e+00
1.430000e-02 1.052157e+00
1.440000e-02 1.076937e+00
1.450000e-02 1.106645e+00
1.460000e-02 1.141516e+00
1.470000e-02 1.181734e+00
1.480000e-02 1.227373e+00
1.490000e-02 1.278299e+00
1.500000e-02 1.334023e+00
1.510000e-02 1.393503e+00
1.520000e-02 1.454890e+00
1.530000e-02 1.515262e+00
1.540000e-02 1.570457e+00
1.550000e-02 1.615199e+00
1.560000e-02 1.643745e+00
1.570000e-02 1.651180e+00
1.580000e-02 1.635087e+00
1.590000e-02 1.596849e+00
1.600000e-02 1.541741e+00
1.610000e-02 1.477566e+00
1.620000e-02 1.412535e+00
1.630000e-02 1.353458e+00
1.640000e-02 1.304884e+00
1.650000e-02 1.269148e+00
1.660000e-02 1.246912e+00
1.670000e-02 1.237818e+00
1.680000e-02 1.241026e+00
1.690000e-02 1.255599e+00
1.700000e-02 1.280739e+00
1.710000e-02 1.315942e+00
1.720000e-02 1.361097e+00
1.730000e-02 1.416572e+00
1.740000e-02 1.483281e+00
1.750000e-02 1.562711e+00
1.760000e-02 1.656800e+00
1.770000e-02 1.767451e+00
1.780000e-02 1.895294e+00
1.790000e-02 2.037387e+00
1.800000e-02 2.184413e+00
1.810000e-02 2.320034e+00
1.820000e-02 2.426098e+00
1.830000e-02 2.492337e+00
1.840000e-02 2.521739e+00
1.850000e-02 2.526335e+00
1.860000e-02 2.519117e+00
1.870000e-02 2.509257e+00
1.880000e-02 2.501528e+00
1.890000e-02 2.497587e+00
1.900000e-02 2.497354e+00
1.910000e-02 2.499954e+00
1.920000e-02 2.504229e+00
1.930000e-02 2.508993e+00
1.940000e-02 2.513142e+00
1.950000e-02 2.515689e+00
1.960000e-02 2.515774e+00
1.970000e-02 2.512654e+00
1.980000e-02 2.505689e+00
1.990000e-02 2.494330e+00
2.000000e-02 2.478099e+00
2.010000e-02 2.456579e+00
2.020000e-02 2.429399e+00
2.030000e-02 2.396227e+00
2.040000e-02 2.356769e+00
2.050000e-02 2.310778e+00
2.060000e-02 2.258066e+00
2.070000e-02 2.198533e+00
2.080000e-02 2.132201e+00
2.090000e-02 2.059244e+00
2.100000e-02 1.980032e+00
2.110000e-02 1.895149e+00
2.120000e-02 1.805405e+00
2.130000e-02 1.711828e+00
2.140000e-02 1.615618e+00
2.150000e-02 1.518097e+00
2.160000e-02 1.420630e+00
2.170000e-02 1.324546e+00
2.180000e-02 1.231063e+00
2.190000e-02 1.141227e+00
2.200000e-02 1.055873e+00
2.210000e-02 9.756088e-01
2.220000e-02 9.008160e-01
2.230000e-02 8.316725e-01
2.240000e-02 7.681812e-01
2.250000e-02 7.102060e-01
2.260000e-02 6.575068e-01
2.270000e-02 6.097730e-01
2.280000e-02 5.666512e-01
2.290000e-02 5.277680e-01
2.300000e-02 4.927476e-01
2.310000e-02 4.612239e-01
2.320000e-02 4.328495e-01
2.330000e-02 4.073003e-01
2.340000e-02 3.842785e-01
2.350000e-02 3.635134e-01
2.360000e-02 3.447612e-01
2.370000e-02 3.278037e-01
2.380000e-02 3.124464e-01
2.390000e-02 2.985172e-01
2.400000e-02 2.858636e-01
2.410000e-02 2.743514e-01
2.420000e-02 2.638623e-01
2.430000e-02 2.542927e-01
2.440000e-02 2.455512e-01
2.450000e-02 2.375583e-01
2.460000e-02 2.302439e-01
2.470000e-02 2.235473e-01
2.480000e-02 2.174153e-01
2.490000e-02 2.118019e-01
2.500000e-02 2.066674e-01
2.510000e-02 2.019775e-01
2.520000e-02 1.977033e-01
2.530000e-02 1.938205e-01
2.540000e-02 1.903089e-01
2.550000e-02 1.871525e-01
2.560000e-02 1.843390e-01
2.570000e-02 1.818595e-01
2.580000e-02 1.797087e-01
2.590000e-02 1.778845e-01
2.600000e-02 1.763880e-01
2.610000e-02 1.752235e-01
2.620000e-02 1.743986e-01
2.630000e-02 1.739240e-01
2.640000e-02 1.738135e-01
2.650000e-02 1.740841e-01
2.660000e-02 1.747562e-01
2.670000e-02 1.758538e-01
2.680000e-02 1.774042e-01
2.690000e-02 1.794391e-01
2.700000e-02 1.819948e-01
2.710000e-02 1.851137e-01
2.720000e-02 1.888455e-01
2.730000e-02 1.932502e-01
2.740000e-02 1.984017e-01
2.750000e-02 2.043925e-01
2.760000e-02 2.113410e-01
2.770000e-02 2.193992e-01
2.780000e-02 2.287641e-01
2.790000e-02 2.396882e-01
2.800000e-02 2.524923e-01
2.810000e-02 2.675759e-01
2.820000e-02 2.854231e-01
2.830000e-02 3.065988e-01
2.840000e-02 3.317284e-01
2.850000e-02 3.614500e-01
2.860000e-02 3.963317e-01
2.870000e-02 4.367443e-01
2.880000e-02 4.826993e-01
2.890000e-02 5.336774e-01
2.900000e-02 5.885063e-01
2.910000e-02 6.453617e-01
2.920000e-02 7.019480e-01
2.930000e-02 7.558503e-01
2.940000e-02 8.049607e-01
2.950000e-02 8.478313e-01
2.960000e-02 8.838361e-01
2.970000e-02 9.131160e-01
2.980000e-02 9.363709e-01
2.990000e-02 9.546002e-01
3.000000e-02 9.688725e-01
3.010000e-02 9.801639e-01
3.020000e-02 9.892688e-01
3.030000e-02 9.967665e-01
3.040000e-02 1.003024e+00
3.050000e-02 1.008221e+00
3.060000e-02 1.012383e+00
3.070000e-02 1.015416e+00
3.080000e-02 1.017149e+00
3.090000e-02 1.017369e+00
3.100000e-02 1.015858e+00
3.110000e-02 1.012424e+00
3.120000e-02 1.006930e+00
3.130000e-02 9.993146e-01
3.140000e-02 9.896021e-01
3.150000e-02 9.779075e-01
3.160000e-02 9.644285e-01
3.170000e-02 9.494320e-01
3.180000e-02 9.332347e-01
3.190000e-02 9.161815e-01
3.200000e-02 8.986248e-01
3.210000e-02 8.809060e-01
3.220000e-02 8.633406e-01
3.230000e-02 8.462087e-01
3.240000e-02 8.297494e-01
3.250000e-02 8.141588e-01
3.260000e-02 7.995915e-01
3.270000e-02 7.861636e-01
3.280000e-02 7.739571e-01
3.290000e-02 7.630250e-01
3.300000e-02 7.533964e-01
3.310000e-02 7.450809e-01
3.320000e-02 7.380733e-01
3.330000e-02 7.323569e-01
3.340000e-02 7.279069e-01
3.350000e-02 7.246927e-01
3.360000e-02 7.226801e-01
3.370000e-02 7.218329e-01
3.380000e-02 7.221141e-01
3.390000e-02 7.234867e-01
3.400000e-02 7.259150e-01
3.410000e-02 7.293646e-01
3.420000e-02 7.338032e-01
3.430000e-02 7.392008e-01
3.440000e-02 7.455303e-01
3.450000e-02 7.527678e-01
3.460000e-02 7.608929e-01
3.470000e-02 7.698892e-01
3.480000e-02 7.797447e-01
3.490000e-02 7.904524e-01
3.500000e-02 8.020109e-01
3.510000e-02 8.144250e-01
3.520000e-02 8.277066e-01
3.530000e-02 8.418752e-01
3.540000e-02 8.569592e-01
3.550000e-02 8.729966e-01
3.560000e-02 8.900360e-01
3.570000e-02 9.081381e-01
3.580000e-02 9.273767e-01
3.590000e-02 9.478397e-01
3.600000e-02 9.696313e-01
3.610000e-02 9.928723e-01
3.620000e-02 1.017702e+00
3.630000e-02 1.044281e+00
3.640000e-02 1.072788e+00
3.650000e-02 1.103423e+00
3.660000e-02 1.136407e+00
3.670000e-02 1.171974e+00
3.680000e-02 1.210370e+00
3.690000e-02 1.251836e+00
3.700000e-02 1.296588e+00
3.710000e-02 1.344781e+00
3.720000e-02 1.396456e+00
3.730000e-02 1.451456e+00
3.740000e-02 1.509315e+00
3.750000e-02 1.569096e+00
3.760000e-02 1.629210e+00
3.770000e-02 1.687239e+00
3.780000e-02 1.739827e+00
3.790000e-02 1.782796e+00
3.800000e-02 1.811612e+00
3.810000e-02 1.822291e+00
3.820000e-02 1.812573e+00
3.830000e-02 1.782936e+00
3.840000e-02 1.736855e+00
3.850000e-02 1.680073e+00
3.860000e-02 1.619163e+00
3.870000e-02 1.560087e+00
3.880000e-02 1.507271e+00
3.890000e-02 1.463367e+00
3.900000e-02 1.429490e+00
3.910000e-02 1.405660e+00
3.920000e-02 1.391229e+00
3.930000e-02 1.385220e+00
3.940000e-02 1.386545e+00
3.950000e-02 1.394133e+00
3.960000e-02 1.406989e+00
3.970000e-02 1.424220e+00
3.980000e-02 1.445033e+00
3.990000e-02 1.468724e+00
4.000000e-02 1.494667e+00
4.010000e-02 1.522295e+00
4.020000e-02 1.551091e+00
4.030000e-02 1.580574e+00
4.040000e-02 1.610291e+00
4.050000e-02 1.639814e+00
4.060000e-02 1.668735e+00
4.070000e-02 1.696661e+00
4.080000e-02 1.723221e+00
4.090000e-02 1.748061e+00
4.100000e-02 1.770854e+00
4.110000e-02 1.791297e+00
4.120000e-02 1.809120e+00
4.130000e-02 1.824088e+00
4.140000e-02 1.836006e+00
4.150000e-02 1.844724e+00
4.160000e-02 1.850135e+00
4.170000e-02 1.852181e+00
4.180000e-02 1.850855e+00
4.190000e-02 1.846195e+00
4.200000e-02 1.838287e+00
4.210000e-02 1.827263e+00
4.220000e-02 1.813297e+00
4.230000e-02 1.796604e+00
4.240000e-02 1.777437e+00
4.250000e-02 1.756090e+00
4.260000e-02 1.732901e+00
4.270000e-02 1.708255e+00
4.280000e-02 1.682608e+00
4.290000e-02 1.656509e+00
4.300000e-02 1.630653e+00
4.310000e-02 1.605962e+00
4.320000e-02 1.583740e+00
4.330000e-02 1.565927e+00
4.340000e-02 1.555543e+00
4.350000e-02 1.557376e+00
4.360000e-02 1.578497e+00
4.370000e-02 1.625372e+00
4.380000e-02 1.683474e+00
4.390000e-02 1.670759e+00
4.400000e-02 1.513478e+00
4.410000e-02 1.315033e+00
4.420000e-02 1.166679e+00
4.430000e-02 1.065480e+00
4.440000e-02 9.914644e-01
4.450000e-02 9.322041e-01
4.460000e-02 8.816370e-01
4.470000e-02 8.371506e-01
4.480000e-02 7.979836e-01
4.490000e-02 7.644934e-01
4.500000e-02 7.378349e-01
4.510000e-02 7.198075e-01
4.520000e-02 7.127332e-01
4.530000e-02 7.192645e-01
4.540000e-02 7.420438e-01
4.550000e-02 7.831673e-01
4.560000e-02 8.434880e-01
4.570000e-02 9.219233e-01
4.580000e-02 1.015056e+00
4.590000e-02 1.117324e+00
4.600000e-02 1.221884e+00
4.610000e-02 1.321900e+00
4.620000e-02 1.411773e+00
4.630000e-02 1.487876e+00
4.640000e-02 1.548674e+00
4.650000e-02 1.594363e+00
4.660000e-02 1.626317e+00
4.670000e-02 1.646543e+00
4.680000e-02 1.657286e+00
4.690000e-02 1.660764e+00
4.700000e-02 1.659038e+00
4.710000e-02 1.653927e+00
4.720000e-02 1.646971e+00
4.730000e-02 1.639391e+00
4.740000e-02 1.632077e+00
4.750000e-02 1.625595e+00
4.760000e-02 1.620227e+00
4.770000e-02 1.616042e+00
4.780000e-02 1.612974e+00
4.790000e-02 1.610894e+00
4.800000e-02 1.609663e+00
4.810000e-02 1.609160e+00
4.820000e-02 1.609298e+00
4.830000e-02 1.610023e+00
4.840000e-02 1.611312e+00
4.850000e-02 1.613163e+00
4.860000e-02 1.615588e+00
4.870000e-02 1.618611e+00
4.880000e-02 1.622261e+00
4.890000e-02 1.626569e+00
4.900000e-02 1.631565e+00
4.910000e-02 1.637279e+00
4.920000e-02 1.643737e+00
4.930000e-02 1.650960e+00
4.940000e-02 1.658967e+00
4.950000e-02 1.667769e+00
4.960000e-02 1.677372e+00
4.970000e-02 1.687778e+00
4.980000e-02 1.698984e+00
4.990000e-02 1.710992e+00
