0.000000e+00 3.649546e+00
6.000000e-02 3.617593e+00
1.200000e-01 3.595186e+00
1.800000e-01 3.442261e+00
2.400000e-01 3.317327e+00
3.000000e-01 3.273684e+00
3.600000e-01 3.260908e+00
4.200000e-01 3.230683e+00
4.800000e-01 3.126176e+00
5.400000e-01 2.897500e+00
6.000000e-01 2.640711e+00
6.600000e-01 2.755320e+00
7.200000e-01 3.433413e+00
7.800000e-01 3.159264e+00
8.400000e-01 2.998562e+00
9.000000e-01 2.349362e+00
9.600000e-01 2.538863e+00
1.020000e+00 2.927870e+00
1.080000e+00 1.863300e+00
1.140000e+00 2.108812e+00
1.200000e+00 2.081423e+00
1.260000e+00 1.018969e+00
1.320000e+00 2.120520e+00
1.380000e+00 1.237690e+00
1.440000e+00 1.617627e+00
1.500000e+00 1.694062e+00
1.560000e+00 1.158554e+00
1.620000e+00 1.498298e+00
1.680000e+00 1.964330e+00
1.740000e+00 1.541665e+00
1.800000e+00 1.337624e+00
1.860000e+00 7.565173e-01
1.920000e+00 4.345531e-01
1.980000e+00 1.140548e+00
2.040000e+00 1.491821e+00
2.100000e+00 1.090409e+00
2.160000e+00 4.270296e-01
2.220000e+00 1.670040e+00
2.280000e+00 4.197964e-01
2.340000e+00 3.878274e-01
2.400000e+00 4.752289e-01
2.460000e+00 2.827579e-01
2.520000e+00 4.927547e-01
2.580000e+00 9.332928e-02
2.640000e+00 4.806521e-01
2.700000e+00 1.005139e+00
2.760000e+00 7.147017e-01
2.820000e+00 1.514447e+00
2.880000e+00 1.616493e+00
2.940000e+00 1.867631e+00
3.000000e+00 2.031175e+00
3.060000e+00 1.414187e+00
3.120000e+00 6.909834e-01
3.180000e+00 1.270763e+00
3.240000e+00 1.066479e+00
3.300000e+00 6.679226e-01
3.360000e+00 1.353996e+00
3.420000e+00 1.395253e+00
3.480000e+00 1.451527e+00
3.540000e+00 4.052130e-01
3.600000e+00 2.691362e-01
3.660000e+00 7.671551e-01
3.720000e+00 1.689836e+00
3.780000e+00 8.619475e-01
3.840000e+00 1.157239e+00
3.900000e+00 3.549852e-01
3.960000e+00 2.950507e-01
4.020000e+00 5.780242e-01
4.080000e+00 5.511846e-01
4.140000e+00 1.725524e+00
4.200000e+00 7.600842e-01
4.260000e+00 1.982907e-01
4.320000e+00 7.864130e-01
4.380000e+00 6.344759e-02
4.440000e+00 6.314828e-01
4.500000e+00 2.088831e-01
4.560000e+00 3.073393e-01
4.620000e+00 4.927636e-02
4.680000e+00 1.335729e-01
4.740000e+00 1.887792e+00
4.800000e+00 1.189317e-01
4.860000e+00 4.449198e-01
4.920000e+00 8.909732e-01
4.980000e+00 1.357199e-01
5.040000e+00 2.162260e-01
5.100000e+00 2.065452e-01
5.160000e+00 8.776192e-01
5.220000e+00 1.970054e-01
5.280000e+00 1.684558e-01
5.340000e+00 1.502633e-01
5.400000e+00 9.578524e-01
5.460000e+00 4.353114e-01
5.520000e+00 1.219191e+00
5.580000e+00 3.773197e-01
5.640000e+00 1.091077e-02
5.700000e+00 5.237738e-03
5.760000e+00 4.148299e-03
5.820000e+00 1.603121e-01
5.880000e+00 2.011119e-01
5.940000e+00 1.632107e-02
