0.000000e+00 3.649546e+00
6.000000e-02 3.678860e+00
1.200000e-01 3.747943e+00
1.800000e-01 3.835247e+00
2.400000e-01 3.594759e+00
3.000000e-01 3.385567e+00
3.600000e-01 3.384718e+00
4.200000e-01 3.380286e+00
4.800000e-01 3.301604e+00
5.400000e-01 3.161627e+00
6.000000e-01 3.018873e+00
6.600000e-01 2.934862e+00
7.200000e-01 3.058741e+00
7.800000e-01 3.364466e+00
8.400000e-01 3.723978e+00
9.000000e-01 2.868639e+00
9.600000e-01 2.681137e+00
1.020000e+00 2.180203e+00
1.080000e+00 2.791108e+00
1.140000e+00 1.957620e+00
1.200000e+00 2.378268e+00
1.260000e+00 2.069164e+00
1.320000e+00 2.682579e+00
1.380000e+00 3.192439e+00
1.440000e+00 1.967469e+00
1.500000e+00 1.373649e+00
1.560000e+00 2.167270e+00
1.620000e+00 2.478576e+00
1.680000e+00 2.183722e+00
1.740000e+00 1.309589e+00
1.800000e+00 2.182718e+00
1.860000e+00 2.663705e+00
1.920000e+00 1.362915e+00
1.980000e+00 1.177289e+00
2.040000e+00 2.169746e+00
2.100000e+00 1.676986e+00
2.160000e+00 1.104417e+00
2.220000e+00 1.101808e+00
2.280000e+00 1.340302e+00
2.340000e+00 1.982501e+00
2.400000e+00 1.962204e+00
2.460000e+00 1.800853e+00
2.520000e+00 1.604717e+00
2.580000e+00 1.627758e+00
2.640000e+00 1.679460e+00
2.700000e+00 2.062995e+00
2.760000e+00 2.228372e+00
2.820000e+00 2.473511e+00
2.880000e+00 2.358100e+00
2.940000e+00 1.769392e+00
3.000000e+00 1.250547e+00
3.060000e+00 1.273113e+00
3.120000e+00 1.397583e+00
3.180000e+00 1.416528e+00
3.240000e+00 1.120568e+00
3.300000e+00 7.165906e-01
3.360000e+00 4.634849e-01
3.420000e+00 3.708342e-01
3.480000e+00 1.152521e+00
3.540000e+00 1.132571e+00
3.600000e+00 1.853693e+00
3.660000e+00 1.215038e+00
3.720000e+00 7.504920e-01
3.780000e+00 1.073146e+00
3.840000e+00 1.735403e+00
3.900000e+00 1.365538e+00
3.960000e+00 1.687707e+00
4.020000e+00 1.547046e+00
4.080000e+00 8.731687e-01
4.140000e+00 1.558865e+00
4.200000e+00 1.800852e+00
4.260000e+00 1.935719e+00
4.320000e+00 9.938301e-01
4.380000e+00 1.025061e+00
4.440000e+00 9.486460e-01
4.500000e+00 1.579107e+00
4.560000e+00 3.101790e-01
4.620000e+00 9.743226e-01
4.680000e+00 1.933305e+00
4.740000e+00 1.670200e-01
4.800000e+00 2.455957e-01
4.860000e+00 2.070453e-01
4.920000e+00 1.723685e+00
4.980000e+00 1.318866e+00
5.040000e+00 1.301325e-01
5.100000e+00 1.471852e+00
5.160000e+00 1.862035e-01
5.220000e+00 2.455171e-01
5.280000e+00 9.771465e-01
5.340000e+00 1.199451e+00
5.400000e+00 1.133337e-01
5.460000e+00 8.823160e-02
5.520000e+00 1.636917e-01
5.580000e+00 1.286459e+00
5.640000e+00 4.575109e-03
5.700000e+00 3.164080e-02
5.760000e+00 4.942071e-03
5.820000e+00 1.046358e-02
5.880000e+00 1.715347e-02
5.940000e+00 1.121244e-03
