0.000000e+00 3.649546e+00
6.000000e-02 3.758284e+00
1.200000e-01 3.783490e+00
1.800000e-01 3.699829e+00
2.400000e-01 3.450252e+00
3.000000e-01 3.739829e+00
3.600000e-01 3.698700e+00
4.200000e-01 3.550140e+00
4.800000e-01 3.467479e+00
5.400000e-01 3.378936e+00
6.000000e-01 3.252752e+00
6.600000e-01 3.086073e+00
7.200000e-01 2.983776e+00
7.800000e-01 3.081931e+00
8.400000e-01 2.651541e+00
9.000000e-01 2.920235e+00
9.600000e-01 2.861506e+00
1.020000e+00 2.112527e+00
1.080000e+00 2.266088e+00
1.140000e+00 2.156561e+00
1.200000e+00 2.539479e+00
1.260000e+00 1.284021e+00
1.320000e+00 2.535796e+00
1.380000e+00 1.892870e+00
1.440000e+00 1.986354e+00
1.500000e+00 2.307065e+00
1.560000e+00 1.457825e+00
1.620000e+00 1.894623e+00
1.680000e+00 1.625161e+00
1.740000e+00 1.832710e+00
1.800000e+00 2.011005e+00
1.860000e+00 2.325682e+00
1.920000e+00 2.559942e+00
1.980000e+00 1.866854e+00
2.040000e+00 2.288737e+00
2.100000e+00 1.722622e+00
2.160000e+00 2.595871e+00
2.220000e+00 2.084910e+00
2.280000e+00 1.982823e+00
2.340000e+00 2.185499e+00
2.400000e+00 2.016428e+00
2.460000e+00 1.849254e+00
2.520000e+00 1.419999e+00
2.580000e+00 1.863160e+00
2.640000e+00 2.121334e+00
2.700000e+00 1.784500e+00
2.760000e+00 1.468935e+00
2.820000e+00 2.161003e+00
2.880000e+00 2.178558e+00
2.940000e+00 1.897526e+00
3.000000e+00 1.758721e+00
3.060000e+00 1.773433e+00
3.120000e+00 1.839090e+00
3.180000e+00 1.829809e+00
3.240000e+00 1.810667e+00
3.300000e+00 1.047889e+00
3.360000e+00 1.105262e+00
3.420000e+00 1.746493e+00
3.480000e+00 2.031080e+00
3.540000e+00 1.597901e+00
3.600000e+00 1.252787e+00
3.660000e+00 9.517692e-01
3.720000e+00 9.777309e-01
3.780000e+00 1.227286e+00
3.840000e+00 1.320113e+00
3.900000e+00 7.563295e-01
3.960000e+00 1.379068e+00
4.020000e+00 7.368864e-01
4.080000e+00 6.332246e-01
4.140000e+00 4.654515e-02
4.200000e+00 1.517710e-01
4.260000e+00 1.369292e-01
4.320000e+00 1.115544e-01
4.380000e+00 1.111326e+00
4.440000e+00 5.176143e-01
4.500000e+00 4.493232e-02
4.560000e+00 3.111400e-01
4.620000e+00 8.046400e-03
4.680000e+00 1.355756e+00
4.740000e+00 3.820609e-01
4.800000e+00 1.375182e-01
4.860000e+00 2.108160e-01
4.920000e+00 1.588709e-01
4.980000e+00 3.294956e-01
5.040000e+00 2.881960e-01
5.100000e+00 9.283759e-02
5.160000e+00 7.404485e-02
5.220000e+00 2.150063e-01
5.280000e+00 4.859764e-02
5.340000e+00 2.528265e-01
5.400000e+00 9.352529e-02
5.460000e+00 3.072760e-02
5.520000e+00 1.141248e-01
5.580000e+00 5.854027e-02
5.640000e+00 1.726223e-01
5.700000e+00 5.204048e-02
5.760000e+00 1.078898e-02
5.820000e+00 1.836754e-02
5.880000e+00 2.782590e-03
5.940000e+00 2.656322e-01
