0.000000e+00 3.649546e+00
6.000000e-02 3.765268e+00
1.200000e-01 3.537540e+00
1.800000e-01 3.085192e+00
2.400000e-01 3.398665e+00
3.000000e-01 3.476660e+00
3.600000e-01 3.489895e+00
4.200000e-01 3.399884e+00
4.800000e-01 3.249188e+00
5.400000e-01 3.442581e+00
6.000000e-01 3.615761e+00
6.600000e-01 2.987643e+00
7.200000e-01 3.248291e+00
7.800000e-01 3.457887e+00
8.400000e-01 2.637023e+00
9.000000e-01 2.937872e+00
9.600000e-01 2.165231e+00
1.020000e+00 2.314839e+00
1.080000e+00 2.571578e+00
1.140000e+00 2.619350e+00
1.200000e+00 1.352612e+00
1.260000e+00 1.547591e+00
1.320000e+00 1.415130e+00
1.380000e+00 1.993783e+00
1.440000e+00 1.528799e+00
1.500000e+00 1.258923e+00
1.560000e+00 1.928929e+00
1.620000e+00 2.349149e+00
1.680000e+00 3.204568e+00
1.740000e+00 1.935957e+00
1.800000e+00 1.575828e+00
1.860000e+00 1.624790e+00
1.920000e+00 1.898168e+00
1.980000e+00 1.577979e+00
2.040000e+00 7.800132e-01
2.100000e+00 2.212287e+00
2.160000e+00 2.189312e+00
2.220000e+00 1.368289e+00
2.280000e+00 1.964566e+00
2.340000e+00 2.628726e+00
2.400000e+00 2.245680e+00
2.460000e+00 1.979589e+00
2.520000e+00 1.164554e+00
2.580000e+00 6.202896e-01
2.640000e+00 1.234895e+00
2.700000e+00 1.534837e+00
2.760000e+00 1.536377e+00
2.820000e+00 1.481960e+00
2.880000e+00 1.377177e+00
2.940000e+00 1.229587e+00
3.000000e+00 1.052361e+00
3.060000e+00 1.292006e+00
3.120000e+00 4.859062e-01
3.180000e+00 1.186469e+00
3.240000e+00 1.221863e+00
3.300000e+00 3.840245e-01
3.360000e+00 5.101429e-01
3.420000e+00 1.935952e+00
3.480000e+00 4.270007e-01
3.540000e+00 5.055215e-01
3.600000e+00 1.646196e+00
3.660000e+00 9.684880e-01
3.720000e+00 1.268904e+00
3.780000e+00 7.971486e-01
3.840000e+00 8.738150e-01
3.900000e+00 1.767954e-01
3.960000e+00 5.915333e-01
4.020000e+00 1.608886e+00
4.080000e+00 1.389271e+00
4.140000e+00 7.613609e-01
4.200000e+00 1.288525e-01
4.260000e+00 3.552089e-01
4.320000e+00 6.726851e-01
4.380000e+00 1.749336e-01
4.440000e+00 3.535016e-01
4.500000e+00 5.722732e-02
4.560000e+00 1.069421e+00
4.620000e+00 4.658230e-01
4.680000e+00 6.771110e-01
4.740000e+00 4.506044e-02
4.800000e+00 5.032801e-01
4.860000e+00 1.722324e-02
4.920000e+00 6.876905e-02
4.980000e+00 2.207866e-02
5.040000e+00 5.238298e-02
5.100000e+00 2.650470e-01
5.160000e+00 6.531748e-03
5.220000e+00 5.194166e-01
5.280000e+00 6.670571e-03
5.340000e+00 9.291113e-03
5.400000e+00 2.511779e-02
5.460000e+00 5.779685e-03
5.520000e+00 1.168687e-01
5.580000e+00 7.294207e-02
5.640000e+00 2.240591e-01
5.700000e+00 8.718158e-04
5.760000e+00 1.459053e-03
5.820000e+00 3.325137e-02
5.880000e+00 4.766121e-04
5.940000e+00 2.460132e-03
