0.000000e+00 3.649546e+00
6.000000e-02 3.744788e+00
1.200000e-01 3.831747e+00
1.800000e-01 3.750893e+00
2.400000e-01 3.567916e+00
3.000000e-01 3.556591e+00
3.600000e-01 2.918514e+00
4.200000e-01 2.578661e+00
4.800000e-01 2.718846e+00
5.400000e-01 3.243605e+00
6.000000e-01 3.453467e+00
6.600000e-01 3.630791e+00
7.200000e-01 3.049319e+00
7.800000e-01 2.817759e+00
8.400000e-01 3.327432e+00
9.000000e-01 2.712310e+00
9.600000e-01 2.847709e+00
1.020000e+00 2.632874e+00
1.080000e+00 3.054021e+00
1.140000e+00 1.248012e+00
1.200000e+00 1.960263e+00
1.260000e+00 1.916641e+00
1.320000e+00 1.555033e+00
1.380000e+00 2.087580e+00
1.440000e+00 2.368403e+00
1.500000e+00 1.871678e+00
1.560000e+00 1.154746e+00
1.620000e+00 2.246339e+00
1.680000e+00 1.869572e+00
1.740000e+00 2.019990e+00
1.800000e+00 1.546307e+00
1.860000e+00 1.537247e+00
1.920000e+00 1.416550e+00
1.980000e+00 1.899856e+00
2.040000e+00 1.116550e+00
2.100000e+00 1.716937e+00
2.160000e+00 9.908829e-01
2.220000e+00 2.670494e+00
2.280000e+00 2.691589e+00
2.340000e+00 1.893271e+00
2.400000e+00 2.141032e+00
2.460000e+00 1.845065e+00
2.520000e+00 1.594804e+00
2.580000e+00 1.211723e+00
2.640000e+00 1.344439e+00
2.700000e+00 2.062956e+00
2.760000e+00 1.295938e+00
2.820000e+00 1.359232e+00
2.880000e+00 1.547777e+00
2.940000e+00 1.677341e+00
3.000000e+00 9.906350e-01
3.060000e+00 8.756716e-01
3.120000e+00 8.625466e-01
3.180000e+00 8.498272e-01
3.240000e+00 8.038985e-01
3.300000e+00 7.197219e-01
3.360000e+00 6.350448e-01
3.420000e+00 6.881217e-01
3.480000e+00 1.296733e+00
3.540000e+00 1.276817e+00
3.600000e+00 7.181105e-01
3.660000e+00 1.476212e+00
3.720000e+00 5.995918e-01
3.780000e+00 3.167876e-01
3.840000e+00 1.234727e-01
3.900000e+00 5.233511e-02
3.960000e+00 4.665959e-02
4.020000e+00 6.718028e-01
4.080000e+00 1.908554e+00
4.140000e+00 4.813352e-01
4.200000e+00 9.668977e-01
4.260000e+00 8.930888e-01
4.320000e+00 4.191625e-01
4.380000e+00 7.266129e-01
4.440000e+00 1.891261e+00
4.500000e+00 1.681388e+00
4.560000e+00 7.694287e-01
4.620000e+00 1.886733e+00
4.680000e+00 1.206101e+00
4.740000e+00 2.821855e-01
4.800000e+00 7.769086e-01
4.860000e+00 2.480437e-02
4.920000e+00 1.751432e+00
4.980000e+00 1.198377e+00
5.040000e+00 6.114084e-01
5.100000e+00 4.909573e-01
5.160000e+00 8.492599e-01
5.220000e+00 2.798650e-01
5.280000e+00 3.565721e-02
5.340000e+00 2.118137e-01
5.400000e+00 1.297260e+00
5.460000e+00 1.457050e-01
5.520000e+00 2.001511e-01
5.580000e+00 6.812086e-01
5.640000e+00 1.255215e-01
5.700000e+00 2.330761e-01
5.760000e+00 1.742031e-01
5.820000e+00 5.222905e-02
5.880000e+00 2.405831e-02
5.940000e+00 1.541536e-01
