0.000000e+00 3.649546e+00
6.000000e-02 3.666759e+00
1.200000e-01 3.738813e+00
1.800000e-01 3.366368e+00
2.400000e-01 3.121730e+00
3.000000e-01 3.139345e+00
3.600000e-01 3.200992e+00
4.200000e-01 3.741455e+00
4.800000e-01 3.717310e+00
5.400000e-01 3.522789e+00
6.000000e-01 3.330329e+00
6.600000e-01 3.144735e+00
7.200000e-01 3.029893e+00
7.800000e-01 3.020564e+00
8.400000e-01 3.287686e+00
9.000000e-01 3.529459e+00
9.600000e-01 2.885971e+00
1.020000e+00 3.168154e+00
1.080000e+00 2.904189e+00
1.140000e+00 1.690774e+00
1.200000e+00 1.351935e+00
1.260000e+00 1.386667e+00
1.320000e+00 1.022455e+00
1.380000e+00 1.973365e+00
1.440000e+00 1.583299e+00
1.500000e+00 2.741389e+00
1.560000e+00 2.267151e+00
1.620000e+00 1.679632e+00
1.680000e+00 2.441562e+00
1.740000e+00 8.678128e-01
1.800000e+00 1.500693e+00
1.860000e+00 1.728862e+00
1.920000e+00 9.382091e-01
1.980000e+00 2.535468e+00
2.040000e+00 1.555582e+00
2.100000e+00 1.033061e+00
2.160000e+00 1.455913e+00
2.220000e+00 2.083634e+00
2.280000e+00 2.321361e+00
2.340000e+00 1.974031e+00
2.400000e+00 1.768002e+00
2.460000e+00 1.462613e+00
2.520000e+00 1.512649e+00
2.580000e+00 1.401648e+00
2.640000e+00 1.260833e+00
2.700000e+00 7.660509e-01
2.760000e+00 3.022802e-01
2.820000e+00 3.115758e-01
2.880000e+00 3.905280e-01
2.940000e+00 6.442211e-01
3.000000e+00 8.537215e-01
3.060000e+00 8.421130e-01
3.120000e+00 1.581915e+00
3.180000e+00 9.249447e-01
3.240000e+00 7.730668e-01
3.300000e+00 1.747114e+00
3.360000e+00 5.506110e-01
3.420000e+00 9.893559e-01
3.480000e+00 2.229017e-01
3.540000e+00 6.811796e-01
3.600000e+00 1.218233e+00
3.660000e+00 6.518387e-01
3.720000e+00 1.997429e+00
3.780000e+00 4.620036e-01
3.840000e+00 1.456149e+00
3.900000e+00 1.265930e+00
3.960000e+00 1.858518e+00
4.020000e+00 1.042492e+00
4.080000e+00 1.000145e+00
4.140000e+00 1.460671e-01
4.200000e+00 2.003502e-01
4.260000e+00 5.590259e-01
4.320000e+00 8.444744e-01
4.380000e+00 5.738067e-02
4.440000e+00 7.062173e-02
4.500000e+00 1.132829e-02
4.560000e+00 1.970311e-01
4.620000e+00 9.859625e-01
4.680000e+00 1.043050e+00
4.740000e+00 1.451944e-01
4.800000e+00 1.965970e-01
4.860000e+00 1.128498e-01
4.920000e+00 8.963653e-02
4.980000e+00 2.470971e-01
5.040000e+00 3.598553e-02
5.100000e+00 7.888141e-01
5.160000e+00 1.044725e+00
5.220000e+00 1.574348e-01
5.280000e+00 3.454780e-02
5.340000e+00 2.701922e-02
5.400000e+00 3.529980e-01
5.460000e+00 1.608775e-01
5.520000e+00 8.878328e-02
5.580000e+00 1.490661e-01
5.640000e+00 5.468488e-01
5.700000e+00 7.154854e-01
5.760000e+00 8.553893e-01
5.820000e+00 1.617893e-01
5.880000e+00 1.021867e-01
5.940000e+00 1.446962e-02
