0.000000e+00 3.649546e+00
6.000000e-02 3.710985e+00
1.200000e-01 3.782511e+00
1.800000e-01 3.670983e+00
2.400000e-01 3.425981e+00
3.000000e-01 3.175976e+00
3.600000e-01 3.097292e+00
4.200000e-01 3.127850e+00
4.800000e-01 3.167402e+00
5.400000e-01 3.188573e+00
6.000000e-01 3.152168e+00
6.600000e-01 3.178801e+00
7.200000e-01 2.916119e+00
7.800000e-01 3.221947e+00
8.400000e-01 2.362347e+00
9.000000e-01 2.819956e+00
9.600000e-01 2.520147e+00
1.020000e+00 2.535849e+00
1.080000e+00 2.953636e+00
1.140000e+00 2.147986e+00
1.200000e+00 2.229344e+00
1.260000e+00 2.124072e+00
1.320000e+00 2.840103e+00
1.380000e+00 2.250482e+00
1.440000e+00 1.509785e+00
1.500000e+00 1.059415e+00
1.560000e+00 1.572401e+00
1.620000e+00 1.854824e+00
1.680000e+00 2.131245e+00
1.740000e+00 1.726922e+00
1.800000e+00 2.148900e+00
1.860000e+00 2.175611e+00
1.920000e+00 2.095344e+00
1.980000e+00 1.872510e+00
2.040000e+00 1.795682e+00
2.100000e+00 1.155007e+00
2.160000e+00 1.325754e+00
2.220000e+00 1.898575e+00
2.280000e+00 1.396253e+00
2.340000e+00 1.577123e+00
2.400000e+00 1.501898e+00
2.460000e+00 1.002302e+00
2.520000e+00 8.342485e-01
2.580000e+00 1.114357e+00
2.640000e+00 1.751748e+00
2.700000e+00 1.988658e+00
2.760000e+00 2.075770e+00
2.820000e+00 2.189071e+00
2.880000e+00 2.177866e+00
2.940000e+00 1.910016e+00
3.000000e+00 1.963749e+00
3.060000e+00 2.061066e+00
3.120000e+00 2.135079e+00
3.180000e+00 2.121618e+00
3.240000e+00 1.878399e+00
3.300000e+00 1.401608e+00
3.360000e+00 1.069075e+00
3.420000e+00 1.467366e+00
3.480000e+00 1.431419e+00
3.540000e+00 1.711463e+00
3.600000e+00 1.566993e+00
3.660000e+00 2.562232e-01
3.720000e+00 7.659930e-01
3.780000e+00 7.823673e-01
3.840000e+00 5.353541e-01
3.900000e+00 1.926062e+00
3.960000e+00 9.567800e-01
4.020000e+00 9.852592e-01
4.080000e+00 4.898963e-01
4.140000e+00 4.851468e-01
4.200000e+00 6.216034e-01
4.260000e+00 1.941829e+00
4.320000e+00 2.421153e-01
4.380000e+00 3.293905e-01
4.440000e+00 2.077156e-01
4.500000e+00 6.590116e-01
4.560000e+00 1.415062e+00
4.620000e+00 1.809354e-01
4.680000e+00 1.466407e+00
4.740000e+00 6.535220e-01
4.800000e+00 9.093298e-02
4.860000e+00 8.446919e-01
4.920000e+00 2.709231e-02
4.980000e+00 1.505878e+00
5.040000e+00 9.042534e-01
5.100000e+00 1.940500e+00
5.160000e+00 1.292433e+00
5.220000e+00 9.099828e-01
5.280000e+00 9.464370e-01
5.340000e+00 7.510278e-03
5.400000e+00 1.359428e-01
5.460000e+00 4.246961e-01
5.520000e+00 1.798107e-01
5.580000e+00 3.967261e-02
5.640000e+00 3.251366e-02
5.700000e+00 3.868041e-01
5.760000e+00 8.337734e-02
5.820000e+00 6.030109e-02
5.880000e+00 5.882372e-01
5.940000e+00 2.800687e-02
