0.000000e+00 3.649546e+00
6.000000e-02 3.552079e+00
1.200000e-01 3.506086e+00
1.800000e-01 3.602296e+00
2.400000e-01 3.685123e+00
3.000000e-01 3.533469e+00
3.600000e-01 3.341801e+00
4.200000e-01 3.284536e+00
4.800000e-01 3.397089e+00
5.400000e-01 3.549297e+00
6.000000e-01 3.343695e+00
6.600000e-01 2.974476e+00
7.200000e-01 3.172895e+00
7.800000e-01 2.535729e+00
8.400000e-01 2.025784e+00
9.000000e-01 1.311303e+00
9.600000e-01 2.053435e+00
1.020000e+00 1.611984e+00
1.080000e+00 2.289874e+00
1.140000e+00 1.858429e+00
1.200000e+00 6.772213e-01
1.260000e+00 7.021230e-01
1.320000e+00 1.784748e+00
1.380000e+00 9.047876e-01
1.440000e+00 1.422635e+00
1.500000e+00 2.516059e+00
1.560000e+00 2.009001e+00
1.620000e+00 1.970313e+00
1.680000e+00 2.116390e+00
1.740000e+00 1.388898e+00
1.800000e+00 1.861360e+00
1.860000e+00 1.117434e+00
1.920000e+00 1.452881e+00
1.980000e+00 1.852241e+00
2.040000e+00 1.505794e+00
2.100000e+00 4.784990e-01
2.160000e+00 7.940804e-01
2.220000e+00 9.147856e-01
2.280000e+00 1.532716e+00
2.340000e+00 7.787574e-01
2.400000e+00 1.077418e+00
2.460000e+00 1.362754e+00
2.520000e+00 2.449205e+00
2.580000e+00 2.211224e+00
2.640000e+00 1.212577e+00
2.700000e+00 2.046956e+00
2.760000e+00 6.320220e-01
2.820000e+00 4.924690e-01
2.880000e+00 6.687901e-01
2.940000e+00 6.398852e-01
3.000000e+00 6.034407e-01
3.060000e+00 5.180280e-01
3.120000e+00 4.714735e-01
3.180000e+00 4.076936e-01
3.240000e+00 2.758286e-01
3.300000e+00 2.203633e-01
3.360000e+00 3.298574e-01
3.420000e+00 1.158372e+00
3.480000e+00 1.640222e+00
3.540000e+00 8.579769e-01
3.600000e+00 1.303665e+00
3.660000e+00 6.159991e-01
3.720000e+00 1.513323e+00
3.780000e+00 1.721657e+00
3.840000e+00 9.853148e-01
3.900000e+00 5.974233e-01
3.960000e+00 2.133692e-01
4.020000e+00 2.987433e-01
4.080000e+00 3.681111e-01
4.140000e+00 1.278601e+00
4.200000e+00 7.470821e-01
4.260000e+00 1.001081e+00
4.320000e+00 8.232431e-02
4.380000e+00 3.806754e-02
4.440000e+00 1.580312e-01
4.500000e+00 4.951000e-01
4.560000e+00 1.193976e+00
4.620000e+00 6.559840e-01
4.680000e+00 7.165458e-01
4.740000e+00 2.315411e-01
4.800000e+00 1.419092e-01
4.860000e+00 4.033381e-02
4.920000e+00 1.790503e-01
4.980000e+00 6.215447e-02
5.040000e+00 8.074443e-01
5.100000e+00 2.259344e-01
5.160000e+00 1.601154e-01
5.220000e+00 6.700841e-03
5.280000e+00 1.580275e-03
5.340000e+00 2.383222e-02
5.400000e+00 7.445475e-02
5.460000e+00 5.219649e-02
5.520000e+00 1.324330e-04
5.580000e+00 3.692251e-04
5.640000e+00 2.092796e-01
5.700000e+00 1.735324e-03
5.760000e+00 2.120988e-02
5.820000e+00 3.491088e-04
5.880000e+00 7.932478e-05
5.940000e+00 9.393882e-04
