0.000000e+00 3.649546e+00
6.000000e-02 3.787389e+00
1.200000e-01 3.881429e+00
1.800000e-01 3.585954e+00
2.400000e-01 3.173491e+00
3.000000e-01 2.942539e+00
3.600000e-01 2.983662e+00
4.200000e-01 3.022064e+00
4.800000e-01 2.916102e+00
5.400000e-01 2.737296e+00
6.000000e-01 2.626838e+00
6.600000e-01 2.634164e+00
7.200000e-01 2.304675e+00
7.800000e-01 2.623490e+00
8.400000e-01 1.392146e+00
9.000000e-01 2.397236e+00
9.600000e-01 2.201622e+00
1.020000e+00 2.316033e+00
1.080000e+00 2.622435e+00
1.140000e+00 2.162319e+00
1.200000e+00 1.644045e+00
1.260000e+00 1.538836e+00
1.320000e+00 2.504059e+00
1.380000e+00 2.030078e+00
1.440000e+00 9.389833e-01
1.500000e+00 1.225428e+00
1.560000e+00 8.762191e-01
1.620000e+00 1.884500e+00
1.680000e+00 5.406041e-01
1.740000e+00 1.555103e+00
1.800000e+00 1.623784e+00
1.860000e+00 2.741580e-01
1.920000e+00 1.830925e+00
1.980000e+00 1.759611e+00
2.040000e+00 1.969526e+00
2.100000e+00 1.297406e+00
2.160000e+00 6.408137e-01
2.220000e+00 1.482394e+00
2.280000e+00 1.710558e+00
2.340000e+00 1.584898e+00
2.400000e+00 1.025514e+00
2.460000e+00 4.551093e-01
2.520000e+00 1.446790e+00
2.580000e+00 1.008391e+00
2.640000e+00 1.598459e+00
2.700000e+00 7.901331e-01
2.760000e+00 8.349455e-01
2.820000e+00 9.997930e-01
2.880000e+00 1.279475e+00
2.940000e+00 1.459384e+00
3.000000e+00 1.588585e+00
3.060000e+00 1.615656e+00
3.120000e+00 1.488397e+00
3.180000e+00 1.288807e+00
3.240000e+00 1.259134e+00
3.300000e+00 1.495901e+00
3.360000e+00 1.513956e+00
3.420000e+00 1.543783e+00
3.480000e+00 1.541248e+00
3.540000e+00 1.123143e+00
3.600000e+00 1.481078e+00
3.660000e+00 2.288724e+00
3.720000e+00 1.218709e+00
3.780000e+00 1.893003e+00
3.840000e+00 3.456758e-01
3.900000e+00 1.549927e+00
3.960000e+00 8.275531e-01
4.020000e+00 1.603804e+00
4.080000e+00 2.521583e-01
4.140000e+00 3.916095e-01
4.200000e+00 4.583948e-01
4.260000e+00 1.463961e+00
4.320000e+00 6.132742e-01
4.380000e+00 4.653954e-01
4.440000e+00 1.514368e+00
4.500000e+00 1.955783e+00
4.560000e+00 1.244152e+00
4.620000e+00 1.946285e+00
4.680000e+00 1.553184e+00
4.740000e+00 1.332196e+00
4.800000e+00 1.868165e+00
4.860000e+00 1.085229e+00
4.920000e+00 3.866731e-01
4.980000e+00 3.737020e-01
5.040000e+00 8.743098e-01
5.100000e+00 1.348707e-01
5.160000e+00 7.599978e-02
5.220000e+00 3.976332e-01
5.280000e+00 6.365406e-01
5.340000e+00 2.134502e-02
5.400000e+00 2.266923e-01
5.460000e+00 9.918047e-01
5.520000e+00 2.841021e-02
5.580000e+00 1.233353e-01
5.640000e+00 8.164691e-01
5.700000e+00 1.363473e-02
5.760000e+00 3.387571e-03
5.820000e+00 4.207339e-03
5.880000e+00 3.676858e-01
5.940000e+00 3.657172e-02
