0.000000e+00 3.649546e+00
6.000000e-02 3.575494e+00
1.200000e-01 3.419328e+00
1.800000e-01 3.399077e+00
2.400000e-01 3.586726e+00
3.000000e-01 3.607438e+00
3.600000e-01 3.682280e+00
4.200000e-01 3.622712e+00
4.800000e-01 3.383234e+00
5.400000e-01 3.273710e+00
6.000000e-01 3.262034e+00
6.600000e-01 3.271929e+00
7.200000e-01 3.199321e+00
7.800000e-01 3.186490e+00
8.400000e-01 3.409537e+00
9.000000e-01 1.704699e+00
9.600000e-01 2.199735e+00
1.020000e+00 2.981032e+00
1.080000e+00 2.571459e+00
1.140000e+00 1.814697e+00
1.200000e+00 9.057210e-01
1.260000e+00 1.934272e+00
1.320000e+00 1.514232e+00
1.380000e+00 2.040625e+00
1.440000e+00 1.947450e+00
1.500000e+00 1.963733e+00
1.560000e+00 1.278197e+00
1.620000e+00 2.193513e+00
1.680000e+00 2.093048e+00
1.740000e+00 1.688368e+00
1.800000e+00 2.272172e+00
1.860000e+00 1.490375e+00
1.920000e+00 2.019165e+00
1.980000e+00 8.088932e-01
2.040000e+00 1.027781e+00
2.100000e+00 1.055106e+00
2.160000e+00 1.342103e+00
2.220000e+00 2.033803e+00
2.280000e+00 1.923893e+00
2.340000e+00 2.325954e+00
2.400000e+00 2.337030e+00
2.460000e+00 1.816890e+00
2.520000e+00 1.793873e+00
2.580000e+00 1.787688e+00
2.640000e+00 1.576552e+00
2.700000e+00 1.381955e+00
2.760000e+00 1.836103e+00
2.820000e+00 1.605919e+00
2.880000e+00 1.685907e+00
2.940000e+00 1.870100e+00
3.000000e+00 1.669164e+00
3.060000e+00 1.641906e+00
3.120000e+00 1.839760e+00
3.180000e+00 1.708007e+00
3.240000e+00 1.883049e+00
3.300000e+00 1.648841e+00
3.360000e+00 1.463823e+00
3.420000e+00 1.108721e+00
3.480000e+00 7.490693e-01
3.540000e+00 1.268617e+00
3.600000e+00 4.150583e-01
3.660000e+00 5.896046e-01
3.720000e+00 9.642075e-01
3.780000e+00 1.295198e+00
3.840000e+00 1.294010e+00
3.900000e+00 1.939667e+00
3.960000e+00 2.385208e-01
4.020000e+00 3.431625e-01
4.080000e+00 1.387868e+00
4.140000e+00 5.902533e-01
4.200000e+00 2.729087e-01
4.260000e+00 3.903095e-01
4.320000e+00 1.759631e+00
4.380000e+00 1.127851e+00
4.440000e+00 5.059674e-01
4.500000e+00 3.631355e-01
4.560000e+00 1.991883e-01
4.620000e+00 1.980368e+00
4.680000e+00 8.260319e-02
4.740000e+00 3.467880e-01
4.800000e+00 1.394593e-01
4.860000e+00 3.778585e-01
4.920000e+00 1.262188e+00
4.980000e+00 2.721427e-01
5.040000e+00 5.658184e-02
5.100000e+00 1.983715e-01
5.160000e+00 1.002594e+00
5.220000e+00 2.645008e-01
5.280000e+00 1.016314e-01
5.340000e+00 5.276266e-02
5.400000e+00 8.082040e-03
5.460000e+00 6.621484e-01
5.520000e+00 5.000576e-02
5.580000e+00 4.096607e-01
5.640000e+00 1.784612e+00
5.700000e+00 1.049831e-01
5.760000e+00 9.229125e-02
5.820000e+00 1.235103e-01
5.880000e+00 2.446837e-01
5.940000e+00 9.292911e-02
