0.000000e+00 3.649546e+00
6.000000e-02 3.432472e+00
1.200000e-01 3.122834e+00
1.800000e-01 2.864192e+00
2.400000e-01 2.736172e+00
3.000000e-01 2.710128e+00
3.600000e-01 2.743924e+00
4.200000e-01 2.815019e+00
4.800000e-01 3.006518e+00
5.400000e-01 3.167336e+00
6.000000e-01 2.799747e+00
6.600000e-01 2.550447e+00
7.200000e-01 2.928094e+00
7.800000e-01 2.685373e+00
8.400000e-01 1.539631e+00
9.000000e-01 2.508122e+00
9.600000e-01 1.873703e+00
1.020000e+00 2.030890e+00
1.080000e+00 2.018562e+00
1.140000e+00 2.608812e+00
1.200000e+00 2.106579e+00
1.260000e+00 1.871215e+00
1.320000e+00 2.083472e+00
1.380000e+00 1.183588e+00
1.440000e+00 1.550304e+00
1.500000e+00 2.313421e+00
1.560000e+00 1.335441e+00
1.620000e+00 1.352146e+00
1.680000e+00 1.688994e+00
1.740000e+00 1.839232e+00
1.800000e+00 2.025274e+00
1.860000e+00 1.273335e+00
1.920000e+00 2.695243e+00
1.980000e+00 2.168755e+00
2.040000e+00 1.742937e+00
2.100000e+00 1.333011e+00
2.160000e+00 1.423343e+00
2.220000e+00 2.239592e+00
2.280000e+00 2.216977e+00
2.340000e+00 1.718922e+00
2.400000e+00 9.480074e-01
2.460000e+00 1.125974e+00
2.520000e+00 1.204942e+00
2.580000e+00 8.931295e-01
2.640000e+00 9.856465e-01
2.700000e+00 9.588821e-01
2.760000e+00 1.332462e+00
2.820000e+00 1.818871e+00
2.880000e+00 1.727693e+00
2.940000e+00 1.752276e+00
3.000000e+00 1.514188e+00
3.060000e+00 1.843441e+00
3.120000e+00 1.328412e+00
3.180000e+00 6.407818e-01
3.240000e+00 3.656419e-01
3.300000e+00 4.541854e-01
3.360000e+00 4.495004e-01
3.420000e+00 1.580422e+00
3.480000e+00 1.666726e+00
3.540000e+00 1.517361e+00
3.600000e+00 1.643544e+00
3.660000e+00 2.059226e+00
3.720000e+00 1.161640e+00
3.780000e+00 6.567529e-01
3.840000e+00 2.820028e-01
3.900000e+00 1.524690e+00
3.960000e+00 7.201135e-01
4.020000e+00 1.854202e+00
4.080000e+00 6.106286e-01
4.140000e+00 3.814929e-01
4.200000e+00 1.999317e-01
4.260000e+00 3.719944e-01
4.320000e+00 1.649431e+00
4.380000e+00 6.478279e-01
4.440000e+00 7.148617e-01
4.500000e+00 1.253516e+00
4.560000e+00 4.779084e-02
4.620000e+00 1.661806e-01
4.680000e+00 4.391430e-01
4.740000e+00 2.315912e-01
4.800000e+00 1.492373e-02
4.860000e+00 1.473893e-01
4.920000e+00 2.801942e-02
4.980000e+00 1.009039e-01
5.040000e+00 2.223484e-02
5.100000e+00 1.135366e+00
5.160000e+00 9.651445e-01
5.220000e+00 1.879836e-01
5.280000e+00 1.001012e-02
5.340000e+00 8.186684e-02
5.400000e+00 1.850615e-02
5.460000e+00 7.520053e-02
5.520000e+00 4.530286e-02
5.580000e+00 5.055246e-02
5.640000e+00 7.361214e-01
5.700000e+00 4.445804e-01
5.760000e+00 9.778745e-02
5.820000e+00 1.928806e-03
5.880000e+00 1.327214e-03
5.940000e+00 3.015307e-03
