0.000000e+00 3.649546e+00
6.000000e-02 3.549389e+00
1.200000e-01 3.485494e+00
1.800000e-01 3.428761e+00
2.400000e-01 3.369420e+00
3.000000e-01 3.336756e+00
3.600000e-01 3.227070e+00
4.200000e-01 3.228207e+00
4.800000e-01 3.414887e+00
5.400000e-01 3.444172e+00
6.000000e-01 3.270007e+00
6.600000e-01 3.183166e+00
7.200000e-01 3.321338e+00
7.800000e-01 2.752317e+00
8.400000e-01 3.283394e+00
9.000000e-01 3.062289e+00
9.600000e-01 2.522459e+00
1.020000e+00 3.231267e+00
1.080000e+00 2.047165e+00
1.140000e+00 2.516920e+00
1.200000e+00 2.000175e+00
1.260000e+00 2.283483e+00
1.320000e+00 2.165457e+00
1.380000e+00 2.698555e+00
1.440000e+00 2.807469e+00
1.500000e+00 1.532554e+00
1.560000e+00 2.040906e+00
1.620000e+00 1.908926e+00
1.680000e+00 2.038945e+00
1.740000e+00 1.164444e+00
1.800000e+00 5.762468e-01
1.860000e+00 2.046829e+00
1.920000e+00 1.875528e+00
1.980000e+00 1.444060e+00
2.040000e+00 6.196899e-01
2.100000e+00 1.879521e+00
2.160000e+00 2.490539e+00
2.220000e+00 1.800972e+00
2.280000e+00 2.394140e+00
2.340000e+00 1.909045e+00
2.400000e+00 1.190100e+00
2.460000e+00 2.030161e+00
2.520000e+00 1.205587e+00
2.580000e+00 1.709303e+00
2.640000e+00 1.900902e+00
2.700000e+00 2.186184e+00
2.760000e+00 2.246630e+00
2.820000e+00 2.028830e+00
2.880000e+00 1.817709e+00
2.940000e+00 1.802493e+00
3.000000e+00 1.792693e+00
3.060000e+00 1.602788e+00
3.120000e+00 1.468887e+00
3.180000e+00 2.018023e+00
3.240000e+00 2.559227e+00
3.300000e+00 1.870935e+00
3.360000e+00 1.316641e+00
3.420000e+00 1.353681e+00
3.480000e+00 1.753261e+00
3.540000e+00 8.657207e-01
3.600000e+00 7.625747e-01
3.660000e+00 1.616056e+00
3.720000e+00 1.467447e+00
3.780000e+00 1.298109e+00
3.840000e+00 1.551714e+00
3.900000e+00 1.760441e+00
3.960000e+00 1.635576e+00
4.020000e+00 1.733640e+00
4.080000e+00 1.317281e+00
4.140000e+00 1.032476e+00
4.200000e+00 1.832335e+00
4.260000e+00 6.314874e-01
4.320000e+00 1.317505e+00
4.380000e+00 2.876395e-01
4.440000e+00 1.453522e-01
4.500000e+00 2.643488e-01
4.560000e+00 1.704171e-01
4.620000e+00 1.926284e-02
4.680000e+00 8.141863e-01
4.740000e+00 1.428681e-02
4.800000e+00 1.851707e-02
4.860000e+00 3.813536e-02
4.920000e+00 5.086131e-01
4.980000e+00 4.010719e-01
5.040000e+00 1.143102e+00
5.100000e+00 1.135319e+00
5.160000e+00 1.680700e-01
5.220000e+00 8.430969e-01
5.280000e+00 1.481970e+00
5.340000e+00 8.603050e-03
5.400000e+00 6.550936e-02
5.460000e+00 1.441813e-01
5.520000e+00 6.605007e-01
5.580000e+00 4.080421e-03
5.640000e+00 5.530963e-03
5.700000e+00 3.808821e-02
5.760000e+00 1.159086e-01
5.820000e+00 8.445979e-03
5.880000e+00 7.268418e-03
5.940000e+00 4.230654e-01
