0.000000e+00 3.649546e+00
6.000000e-02 3.553073e+00
1.200000e-01 3.467616e+00
1.800000e-01 3.398615e+00
2.400000e-01 3.330623e+00
3.000000e-01 3.255935e+00
3.600000e-01 3.182207e+00
4.200000e-01 3.120622e+00
4.800000e-01 3.080567e+00
5.400000e-01 3.062273e+00
6.000000e-01 2.985915e+00
6.600000e-01 2.847825e+00
7.200000e-01 2.999848e+00
7.800000e-01 2.933395e+00
8.400000e-01 2.964425e+00
9.000000e-01 2.522244e+00
9.600000e-01 2.326162e+00
1.020000e+00 2.865456e+00
1.080000e+00 2.577159e+00
1.140000e+00 3.291124e+00
1.200000e+00 1.480140e+00
1.260000e+00 2.417425e+00
1.320000e+00 2.271321e+00
1.380000e+00 2.111436e+00
1.440000e+00 2.424759e+00
1.500000e+00 1.880463e+00
1.560000e+00 2.279762e+00
1.620000e+00 2.238411e+00
1.680000e+00 1.394584e+00
1.740000e+00 1.778279e+00
1.800000e+00 1.780814e+00
1.860000e+00 1.397216e+00
1.920000e+00 1.191924e+00
1.980000e+00 1.586719e+00
2.040000e+00 1.810754e+00
2.100000e+00 8.513572e-01
2.160000e+00 1.276239e+00
2.220000e+00 1.392000e+00
2.280000e+00 1.216568e+00
2.340000e+00 2.167646e+00
2.400000e+00 1.864480e+00
2.460000e+00 2.008044e+00
2.520000e+00 2.139767e+00
2.580000e+00 2.068176e+00
2.640000e+00 1.523555e+00
2.700000e+00 1.771888e+00
2.760000e+00 2.153988e+00
2.820000e+00 2.440042e+00
2.880000e+00 2.230177e+00
2.940000e+00 2.080756e+00
3.000000e+00 1.946423e+00
3.060000e+00 1.717623e+00
3.120000e+00 1.533177e+00
3.180000e+00 1.588874e+00
3.240000e+00 1.896678e+00
3.300000e+00 2.118235e+00
3.360000e+00 2.639035e+00
3.420000e+00 1.028909e+00
3.480000e+00 7.796155e-01
3.540000e+00 1.440045e+00
3.600000e+00 1.601381e-01
3.660000e+00 1.348676e+00
3.720000e+00 1.246706e+00
3.780000e+00 6.673081e-01
3.840000e+00 6.504276e-01
3.900000e+00 8.763498e-01
3.960000e+00 7.215378e-01
4.020000e+00 1.527016e+00
4.080000e+00 4.566769e-01
4.140000e+00 6.858203e-01
4.200000e+00 6.037257e-01
4.260000e+00 8.868637e-01
4.320000e+00 4.807457e-01
4.380000e+00 1.544009e+00
4.440000e+00 1.310025e+00
4.500000e+00 9.134788e-01
4.560000e+00 1.029936e+00
4.620000e+00 5.850805e-01
4.680000e+00 1.987139e+00
4.740000e+00 1.177744e+00
4.800000e+00 1.011766e+00
4.860000e+00 5.736936e-01
4.920000e+00 6.096057e-01
4.980000e+00 1.304625e+00
5.040000e+00 3.905446e-01
5.100000e+00 9.748327e-01
5.160000e+00 6.062482e-01
5.220000e+00 1.689450e+00
5.280000e+00 9.283750e-01
5.340000e+00 7.874091e-01
5.400000e+00 3.144798e-01
5.460000e+00 6.709655e-01
5.520000e+00 8.128267e-01
5.580000e+00 1.769124e+00
5.640000e+00 9.705724e-02
5.700000e+00 2.150885e-01
5.760000e+00 9.441356e-02
5.820000e+00 6.287072e-01
5.880000e+00 1.203034e-01
5.940000e+00 4.553932e-01
