0.000000e+00 3.652458e+00
6.000000e-02 2.376226e+00
1.200000e-01 1.371747e+00
1.800000e-01 2.156276e+00
2.400000e-01 2.195280e+00
3.000000e-01 3.975815e+00
3.600000e-01 2.544137e+00
4.200000e-01 1.348299e+00
4.800000e-01 1.767288e+00
5.400000e-01 1.909768e+00
6.000000e-01 8.407511e-01
6.600000e-01 1.224547e+00
7.200000e-01 2.840857e-01
7.800000e-01 1.119628e+00
8.400000e-01 1.703458e+00
9.000000e-01 1.246136e+00
9.600000e-01 7.655719e-01
1.020000e+00 3.973296e-01
1.080000e+00 1.793482e+00
1.140000e+00 1.157929e+00
1.200000e+00 2.011490e+00
1.260000e+00 5.952170e-01
1.320000e+00 1.196573e+00
1.380000e+00 6.214426e-01
1.440000e+00 2.774883e-01
1.500000e+00 3.786742e-01
1.560000e+00 2.030674e-01
1.620000e+00 1.646771e-01
1.680000e+00 7.412120e-02
1.740000e+00 3.313535e-01
1.800000e+00 3.122613e-01
1.860000e+00 8.548209e-02
1.920000e+00 1.227206e+00
1.980000e+00 3.767263e-01
2.040000e+00 1.624140e-01
2.100000e+00 2.341732e-01
2.160000e+00 4.740415e-01
2.220000e+00 1.060528e-01
2.280000e+00 7.266123e-03
2.340000e+00 2.258489e-01
2.400000e+00 1.223039e-01
2.460000e+00 2.386289e-02
2.520000e+00 5.001491e-01
2.580000e+00 2.976304e-03
2.640000e+00 8.401099e-05
2.700000e+00 4.029809e-02
2.760000e+00 7.914883e-03
2.820000e+00 4.421976e-04
2.880000e+00 1.545662e-03
2.940000e+00 6.513058e-03
3.000000e+00 4.322362e-04
3.060000e+00 6.102994e-04
3.120000e+00 1.455435e-02
3.180000e+00 6.659353e-04
3.240000e+00 6.142479e-06
3.300000e+00 2.035663e-04
3.360000e+00 4.792596e-07
3.420000e+00 2.910690e-02
3.480000e+00 1.926324e-06
3.540000e+00 1.900888e-06
3.600000e+00 5.709057e-08
3.660000e+00 1.765862e-04
3.720000e+00 1.794626e-08
3.780000e+00 1.337167e-05
3.840000e+00 4.660750e-09
3.900000e+00 1.910017e-06
3.960000e+00 1.323867e-06
4.020000e+00 8.832515e-05
4.080000e+00 1.214859e-05
4.140000e+00 3.396540e-05
4.200000e+00 5.441077e-04
4.260000e+00 2.695247e-07
4.320000e+00 1.923004e-10
4.380000e+00 1.717539e-11
4.440000e+00 2.806376e-09
4.500000e+00 1.894374e-07
4.560000e+00 5.041578e-08
4.620000e+00 9.529223e-09
4.680000e+00 1.973105e-08
4.740000e+00 1.335421e-05
4.800000e+00 1.823198e-05
4.860000e+00 9.142420e-10
4.920000e+00 3.060374e-06
4.980000e+00 7.469848e-10
5.040000e+00 3.638197e-09
5.100000e+00 6.017454e-11
5.160000e+00 1.025689e-10
5.220000e+00 3.001010e-10
5.280000e+00 3.990827e-11
5.340000e+00 1.339711e-12
5.400000e+00 1.839903e-16
5.460000e+00 3.851341e-15
5.520000e+00 6.723149e-15
5.580000e+00 8.492142e-12
5.640000e+00 3.907281e-13
5.700000e+00 2.431676e-09
5.760000e+00 2.614791e-13
5.820000e+00 4.082477e-16
5.880000e+00 2.343910e-15
5.940000e+00 1.750766e-15
