0.000000e+00 3.652458e+00
6.000000e-02 3.870822e+00
1.200000e-01 3.782993e+00
1.800000e-01 2.102370e+00
2.400000e-01 1.817156e+00
3.000000e-01 1.735424e+00
3.600000e-01 2.088249e+00
4.200000e-01 2.779303e+00
4.800000e-01 2.688905e+00
5.400000e-01 1.908072e+00
6.000000e-01 1.280003e+00
6.600000e-01 1.614252e+00
7.200000e-01 1.480354e+00
7.800000e-01 1.619396e+00
8.400000e-01 1.813139e+00
9.000000e-01 1.278744e+00
9.600000e-01 1.284329e+00
1.020000e+00 2.927011e+00
1.080000e+00 2.895382e-01
1.140000e+00 1.870970e+00
1.200000e+00 2.147326e+00
1.260000e+00 2.137466e+00
1.320000e+00 2.225486e+00
1.380000e+00 2.056389e+00
1.440000e+00 2.304167e-01
1.500000e+00 1.240081e+00
1.560000e+00 3.669659e-01
1.620000e+00 9.468888e-02
1.680000e+00 2.035908e-02
1.740000e+00 1.707942e-01
1.800000e+00 1.823372e+00
1.860000e+00 1.330792e+00
1.920000e+00 1.567417e-01
1.980000e+00 1.247524e+00
2.040000e+00 1.780701e-01
2.100000e+00 2.711793e-01
2.160000e+00 1.118530e+00
2.220000e+00 1.317392e+00
2.280000e+00 2.537747e-02
2.340000e+00 1.370328e+00
2.400000e+00 6.106350e-02
2.460000e+00 2.031756e-02
2.520000e+00 3.385512e-01
2.580000e+00 9.939250e-02
2.640000e+00 6.749346e-01
2.700000e+00 4.075120e-04
2.760000e+00 2.791400e-03
2.820000e+00 5.837385e-02
2.880000e+00 2.743260e-04
2.940000e+00 9.616530e-02
3.000000e+00 1.282846e-02
3.060000e+00 3.528458e-02
3.120000e+00 6.975799e-02
3.180000e+00 1.245035e-04
3.240000e+00 9.641051e-01
3.300000e+00 2.247074e-02
3.360000e+00 8.326123e-06
3.420000e+00 1.873592e-04
3.480000e+00 1.823790e-07
3.540000e+00 3.455062e-06
3.600000e+00 1.028047e-08
3.660000e+00 1.060160e-04
3.720000e+00 4.902947e-06
3.780000e+00 3.294569e-04
3.840000e+00 8.721456e-04
3.900000e+00 1.410715e-04
3.960000e+00 2.639675e-02
4.020000e+00 7.212685e-07
4.080000e+00 7.196252e-07
4.140000e+00 7.504121e-08
4.200000e+00 1.750141e-05
4.260000e+00 1.907941e-07
4.320000e+00 1.013096e-08
4.380000e+00 6.316341e-08
4.440000e+00 3.404761e-06
4.500000e+00 3.909218e-09
4.560000e+00 2.780664e-13
4.620000e+00 2.206069e-13
4.680000e+00 6.245714e-10
4.740000e+00 8.788488e-10
4.800000e+00 1.863704e-06
4.860000e+00 5.907085e-12
4.920000e+00 3.710645e-08
4.980000e+00 5.926770e-08
5.040000e+00 1.036736e-04
5.100000e+00 1.390874e-09
5.160000e+00 7.484325e-12
5.220000e+00 6.489037e-13
5.280000e+00 4.004559e-11
5.340000e+00 1.194049e-12
5.400000e+00 3.896793e-10
5.460000e+00 2.629479e-15
5.520000e+00 2.230943e-14
5.580000e+00 6.111954e-12
5.640000e+00 3.460286e-12
5.700000e+00 6.527120e-16
5.760000e+00 9.946522e-15
5.820000e+00 4.200200e-13
5.880000e+00 3.589026e-15
5.940000e+00 5.973021e-16
