0.000000e+00 7.059862e+00
6.000000e-02 6.536608e+00
1.200000e-01 5.901924e+00
1.800000e-01 5.480545e+00
2.400000e-01 5.284008e+00
3.000000e-01 5.235029e+00
3.600000e-01 5.270081e+00
4.200000e-01 5.344320e+00
4.800000e-01 5.484779e+00
5.400000e-01 5.854197e+00
6.000000e-01 5.443846e+00
6.600000e-01 5.616829e+00
7.200000e-01 5.890780e+00
7.800000e-01 5.832482e+00
8.400000e-01 5.728834e+00
9.000000e-01 5.975087e+00
9.600000e-01 6.216115e+00
1.020000e+00 5.093572e+00
1.080000e+00 3.975834e+00
1.140000e+00 3.461364e+00
1.200000e+00 3.458834e+00
1.260000e+00 3.622149e+00
1.320000e+00 3.700411e+00
1.380000e+00 3.989249e+00
1.440000e+00 3.128645e+00
1.500000e+00 3.218813e+00
1.560000e+00 3.851282e+00
1.620000e+00 2.610077e+00
1.680000e+00 2.489878e+00
1.740000e+00 3.469371e+00
1.800000e+00 2.737243e+00
1.860000e+00 2.375791e+00
1.920000e+00 2.663751e+00
1.980000e+00 3.704077e+00
2.040000e+00 3.239361e+00
2.100000e+00 2.652247e+00
2.160000e+00 8.496407e-01
2.220000e+00 1.408792e+00
2.280000e+00 9.588103e-01
2.340000e+00 1.844757e+00
2.400000e+00 1.062835e+00
2.460000e+00 2.476418e+00
2.520000e+00 1.960326e+00
2.580000e+00 1.710816e+00
2.640000e+00 2.077274e+00
2.700000e+00 1.466663e+00
2.760000e+00 1.498634e+00
2.820000e+00 1.469416e+00
2.880000e+00 1.180605e+00
2.940000e+00 1.754977e+00
3.000000e+00 1.463528e+00
3.060000e+00 1.876825e-01
3.120000e+00 2.673159e-01
3.180000e+00 1.590698e+00
3.240000e+00 8.429135e-01
3.300000e+00 7.751601e-01
3.360000e+00 1.170557e+00
3.420000e+00 8.147688e-01
3.480000e+00 1.326183e+00
3.540000e+00 1.269490e-01
3.600000e+00 1.231784e-01
3.660000e+00 3.523344e-01
3.720000e+00 8.369073e-02
3.780000e+00 4.291632e-02
3.840000e+00 4.138578e-02
3.900000e+00 1.431447e-01
3.960000e+00 4.236084e-02
4.020000e+00 4.670925e-01
4.080000e+00 7.922000e-02
4.140000e+00 1.517826e+00
4.200000e+00 5.493854e-01
4.260000e+00 5.316185e-01
4.320000e+00 3.662727e-01
4.380000e+00 5.917343e-02
4.440000e+00 5.842675e-02
4.500000e+00 1.045099e-01
4.560000e+00 7.179872e-01
4.620000e+00 3.151328e-01
4.680000e+00 1.858301e-02
4.740000e+00 6.449403e-03
4.800000e+00 4.902009e-03
4.860000e+00 8.460141e-02
4.920000e+00 1.074640e+00
4.980000e+00 1.260958e-02
5.040000e+00 2.334696e-02
5.100000e+00 4.189565e-01
5.160000e+00 7.758935e-03
5.220000e+00 1.461301e-03
5.280000e+00 6.079498e-04
5.340000e+00 3.630803e-01
5.400000e+00 1.232175e-03
5.460000e+00 4.001924e-04
5.520000e+00 1.982234e-04
5.580000e+00 4.246664e-02
5.640000e+00 5.091298e-04
5.700000e+00 6.286027e-03
5.760000e+00 5.109459e-05
5.820000e+00 1.421129e-05
5.880000e+00 9.989594e-06
5.940000e+00 1.262800e-05
