0.000000e+00 7.059862e+00
6.000000e-02 6.961672e+00
1.200000e-01 6.910314e+00
1.800000e-01 6.682568e+00
2.400000e-01 6.334919e+00
3.000000e-01 5.970856e+00
3.600000e-01 5.598552e+00
4.200000e-01 5.297070e+00
4.800000e-01 5.259541e+00
5.400000e-01 5.735828e+00
6.000000e-01 5.857174e+00
6.600000e-01 5.401550e+00
7.200000e-01 5.389105e+00
7.800000e-01 5.308746e+00
8.400000e-01 4.370524e+00
9.000000e-01 3.703673e+00
9.600000e-01 3.419469e+00
1.020000e+00 3.548127e+00
1.080000e+00 4.214374e+00
1.140000e+00 4.075908e+00
1.200000e+00 3.727985e+00
1.260000e+00 3.617217e+00
1.320000e+00 4.006778e+00
1.380000e+00 3.800529e+00
1.440000e+00 4.726254e+00
1.500000e+00 4.107698e+00
1.560000e+00 3.760517e+00
1.620000e+00 3.236502e+00
1.680000e+00 3.536179e+00
1.740000e+00 3.295622e+00
1.800000e+00 2.508385e+00
1.860000e+00 1.927216e+00
1.920000e+00 2.631033e+00
1.980000e+00 2.252159e+00
2.040000e+00 3.205645e+00
2.100000e+00 4.191955e+00
2.160000e+00 1.542868e+00
2.220000e+00 3.436267e+00
2.280000e+00 3.016901e+00
2.340000e+00 1.671227e+00
2.400000e+00 2.386323e+00
2.460000e+00 1.814511e+00
2.520000e+00 1.910660e+00
2.580000e+00 2.081940e+00
2.640000e+00 1.662491e+00
2.700000e+00 1.526268e+00
2.760000e+00 2.474566e+00
2.820000e+00 8.067635e-01
2.880000e+00 1.515086e+00
2.940000e+00 1.136305e+00
3.000000e+00 1.275432e+00
3.060000e+00 5.027672e-01
3.120000e+00 3.050464e-01
3.180000e+00 1.266325e+00
3.240000e+00 5.520180e-01
3.300000e+00 3.187535e-01
3.360000e+00 3.394676e-01
3.420000e+00 1.241986e-02
3.480000e+00 2.081394e-01
3.540000e+00 5.225948e-02
3.600000e+00 2.445827e-03
3.660000e+00 1.211437e-03
3.720000e+00 4.444984e-02
3.780000e+00 2.699063e-02
3.840000e+00 1.343110e-02
3.900000e+00 1.704529e+00
3.960000e+00 1.357883e-01
4.020000e+00 6.468623e-03
4.080000e+00 3.007221e-01
4.140000e+00 2.555431e-01
4.200000e+00 6.327490e-02
4.260000e+00 4.572316e-02
4.320000e+00 9.307779e-02
4.380000e+00 6.345665e-01
4.440000e+00 1.322835e-01
4.500000e+00 1.027498e-01
4.560000e+00 1.272573e-01
4.620000e+00 1.291825e-01
4.680000e+00 1.876839e-02
4.740000e+00 6.283794e-01
4.800000e+00 4.499269e-03
4.860000e+00 3.181684e-03
4.920000e+00 3.078092e-03
4.980000e+00 4.351923e-04
5.040000e+00 5.414447e-04
5.100000e+00 2.612803e-05
5.160000e+00 1.690525e-03
5.220000e+00 5.524656e-04
5.280000e+00 1.438933e-04
5.340000e+00 2.609879e-04
5.400000e+00 1.305487e-03
5.460000e+00 5.638199e-05
5.520000e+00 2.779768e-04
5.580000e+00 1.362439e-02
5.640000e+00 1.025112e-03
5.700000e+00 1.738652e-03
5.760000e+00 4.779665e-04
5.820000e+00 2.394230e-04
5.880000e+00 4.232319e-04
5.940000e+00 2.421414e-04
