0.000000e+00 7.059862e+00
6.000000e-02 6.785875e+00
1.200000e-01 6.475397e+00
1.800000e-01 6.133437e+00
2.400000e-01 5.775937e+00
3.000000e-01 5.437534e+00
3.600000e-01 5.188913e+00
4.200000e-01 5.180994e+00
4.800000e-01 5.506272e+00
5.400000e-01 5.975400e+00
6.000000e-01 6.158882e+00
6.600000e-01 6.166564e+00
7.200000e-01 6.205127e+00
7.800000e-01 6.218778e+00
8.400000e-01 6.007391e+00
9.000000e-01 5.247052e+00
9.600000e-01 4.273609e+00
1.020000e+00 3.954525e+00
1.080000e+00 4.452452e+00
1.140000e+00 5.087601e+00
1.200000e+00 4.708455e+00
1.260000e+00 4.318027e+00
1.320000e+00 3.733740e+00
1.380000e+00 3.707790e+00
1.440000e+00 3.439762e+00
1.500000e+00 2.131232e+00
1.560000e+00 2.801972e+00
1.620000e+00 2.251583e+00
1.680000e+00 2.146126e+00
1.740000e+00 2.411762e+00
1.800000e+00 2.222457e+00
1.860000e+00 1.733141e+00
1.920000e+00 2.259775e+00
1.980000e+00 1.733515e+00
2.040000e+00 1.623155e+00
2.100000e+00 1.237714e+00
2.160000e+00 1.759446e+00
2.220000e+00 2.085109e+00
2.280000e+00 2.408387e+00
2.340000e+00 4.976630e-01
2.400000e+00 1.844256e-01
2.460000e+00 1.312042e+00
2.520000e+00 1.176081e+00
2.580000e+00 2.150562e+00
2.640000e+00 7.594752e-01
2.700000e+00 2.881291e+00
2.760000e+00 1.440747e+00
2.820000e+00 4.584797e-01
2.880000e+00 1.233879e+00
2.940000e+00 2.590261e-01
3.000000e+00 3.586793e-01
3.060000e+00 4.234052e-01
3.120000e+00 1.355778e-01
3.180000e+00 3.204573e-02
3.240000e+00 5.683219e-03
3.300000e+00 8.059822e-01
3.360000e+00 2.789075e-01
3.420000e+00 1.481756e-01
3.480000e+00 9.007904e-01
3.540000e+00 2.372669e-01
3.600000e+00 1.555277e-01
3.660000e+00 4.561906e-01
3.720000e+00 3.294055e-01
3.780000e+00 2.298516e-02
3.840000e+00 5.427268e-01
3.900000e+00 4.970411e-01
3.960000e+00 1.083263e-01
4.020000e+00 3.051794e-02
4.080000e+00 2.733389e-01
4.140000e+00 1.323530e+00
4.200000e+00 4.268483e-02
4.260000e+00 2.347252e-01
4.320000e+00 4.965028e-02
4.380000e+00 5.923734e-02
4.440000e+00 1.352002e-02
4.500000e+00 4.903183e-03
4.560000e+00 3.087993e-03
4.620000e+00 1.028941e-02
4.680000e+00 1.538459e-02
4.740000e+00 4.072482e-03
4.800000e+00 1.230623e-01
4.860000e+00 5.204319e-03
4.920000e+00 1.229892e-02
4.980000e+00 2.509756e-03
5.040000e+00 4.213311e-02
5.100000e+00 8.889524e-04
5.160000e+00 1.572886e-04
5.220000e+00 1.344531e-04
5.280000e+00 2.564444e-01
5.340000e+00 2.845571e-02
5.400000e+00 7.740504e-02
5.460000e+00 1.081249e-02
5.520000e+00 1.249155e-02
5.580000e+00 9.436337e-02
5.640000e+00 4.250846e-04
5.700000e+00 7.174311e-05
5.760000e+00 2.322451e-05
5.820000e+00 5.166824e-06
5.880000e+00 6.601770e-04
5.940000e+00 3.871058e-06
