0.000000e+00 7.059862e+00
6.000000e-02 7.074715e+00
1.200000e-01 7.071794e+00
1.800000e-01 7.032701e+00
2.400000e-01 6.945420e+00
3.000000e-01 6.803845e+00
3.600000e-01 6.642474e+00
4.200000e-01 6.553773e+00
4.800000e-01 6.547933e+00
5.400000e-01 6.537043e+00
6.000000e-01 6.514768e+00
6.600000e-01 6.494547e+00
7.200000e-01 6.196474e+00
7.800000e-01 5.891008e+00
8.400000e-01 5.881434e+00
9.000000e-01 5.854758e+00
9.600000e-01 5.840913e+00
1.020000e+00 4.910257e+00
1.080000e+00 5.006476e+00
1.140000e+00 5.351283e+00
1.200000e+00 4.617146e+00
1.260000e+00 3.629730e+00
1.320000e+00 3.130997e+00
1.380000e+00 3.520485e+00
1.440000e+00 4.062532e+00
1.500000e+00 3.701352e+00
1.560000e+00 2.813487e+00
1.620000e+00 3.615989e+00
1.680000e+00 2.674960e+00
1.740000e+00 2.693798e+00
1.800000e+00 2.242324e+00
1.860000e+00 1.745218e+00
1.920000e+00 1.714189e+00
1.980000e+00 1.966985e+00
2.040000e+00 1.116254e+00
2.100000e+00 1.804956e+00
2.160000e+00 1.064622e+00
2.220000e+00 1.889103e+00
2.280000e+00 1.680989e+00
2.340000e+00 8.978389e-01
2.400000e+00 1.571059e+00
2.460000e+00 9.778409e-01
2.520000e+00 2.438395e+00
2.580000e+00 1.114054e+00
2.640000e+00 2.758958e+00
2.700000e+00 2.240284e+00
2.760000e+00 2.476556e+00
2.820000e+00 2.503717e+00
2.880000e+00 2.668144e+00
2.940000e+00 1.298526e+00
3.000000e+00 2.223806e+00
3.060000e+00 1.735938e+00
3.120000e+00 1.243809e+00
3.180000e+00 9.816614e-01
3.240000e+00 1.255861e+00
3.300000e+00 1.689252e-01
3.360000e+00 1.831689e+00
3.420000e+00 2.363363e-01
3.480000e+00 2.403979e+00
3.540000e+00 1.421146e+00
3.600000e+00 6.368879e-01
3.660000e+00 1.070911e-01
3.720000e+00 1.034111e-01
3.780000e+00 2.486269e-01
3.840000e+00 2.080869e-02
3.900000e+00 8.399275e-01
3.960000e+00 1.715186e-01
4.020000e+00 1.820057e-01
4.080000e+00 6.216955e-01
4.140000e+00 2.016370e-01
4.200000e+00 1.838708e-01
4.260000e+00 7.605596e-01
4.320000e+00 9.662948e-03
4.380000e+00 1.638703e-02
4.440000e+00 3.889641e-03
4.500000e+00 8.051468e-03
4.560000e+00 2.473242e-01
4.620000e+00 6.999679e-03
4.680000e+00 1.062667e-03
4.740000e+00 5.521514e-04
4.800000e+00 1.740987e-04
4.860000e+00 3.854342e-05
4.920000e+00 3.578462e-05
4.980000e+00 7.510825e-05
5.040000e+00 4.266550e-04
5.100000e+00 8.085099e-03
5.160000e+00 2.267349e-01
5.220000e+00 5.621559e-03
5.280000e+00 1.023157e-04
5.340000e+00 5.535520e-03
5.400000e+00 9.483216e-03
5.460000e+00 1.205300e+00
5.520000e+00 5.357825e-05
5.580000e+00 6.387029e-06
5.640000e+00 1.566120e-06
5.700000e+00 9.320359e-06
5.760000e+00 3.136142e-07
5.820000e+00 5.716143e-06
5.880000e+00 3.125527e-06
5.940000e+00 1.061081e-05
