0.000000e+00 7.059862e+00
6.000000e-02 6.876540e+00
1.200000e-01 6.577587e+00
1.800000e-01 6.243952e+00
2.400000e-01 6.012766e+00
3.000000e-01 5.899072e+00
3.600000e-01 5.837416e+00
4.200000e-01 5.814261e+00
4.800000e-01 5.876343e+00
5.400000e-01 6.108114e+00
6.000000e-01 6.648377e+00
6.600000e-01 7.423691e+00
7.200000e-01 7.001724e+00
7.800000e-01 6.399846e+00
8.400000e-01 5.809385e+00
9.000000e-01 5.301964e+00
9.600000e-01 4.992917e+00
1.020000e+00 5.500327e+00
1.080000e+00 4.985612e+00
1.140000e+00 4.601951e+00
1.200000e+00 4.822008e+00
1.260000e+00 4.077702e+00
1.320000e+00 3.536423e+00
1.380000e+00 3.413158e+00
1.440000e+00 3.706326e+00
1.500000e+00 3.541315e+00
1.560000e+00 3.491487e+00
1.620000e+00 2.625917e+00
1.680000e+00 2.223192e+00
1.740000e+00 2.951607e+00
1.800000e+00 2.967800e+00
1.860000e+00 3.365973e+00
1.920000e+00 3.064738e+00
1.980000e+00 2.686339e+00
2.040000e+00 3.154010e+00
2.100000e+00 3.674881e+00
2.160000e+00 2.729558e+00
2.220000e+00 3.489293e+00
2.280000e+00 2.360251e+00
2.340000e+00 1.852811e+00
2.400000e+00 2.319398e+00
2.460000e+00 2.329774e+00
2.520000e+00 1.672813e+00
2.580000e+00 1.667202e+00
2.640000e+00 1.956155e+00
2.700000e+00 1.745246e+00
2.760000e+00 1.379339e+00
2.820000e+00 1.272499e+00
2.880000e+00 1.072327e+00
2.940000e+00 1.643699e+00
3.000000e+00 1.357385e+00
3.060000e+00 6.889347e-01
3.120000e+00 8.641693e-01
3.180000e+00 2.560161e-01
3.240000e+00 1.009456e+00
3.300000e+00 1.887655e+00
3.360000e+00 1.844354e+00
3.420000e+00 1.115507e+00
3.480000e+00 4.984613e-01
3.540000e+00 9.071958e-01
3.600000e+00 1.815505e+00
3.660000e+00 7.530031e-01
3.720000e+00 1.930882e-01
3.780000e+00 4.748373e-01
3.840000e+00 1.455634e-01
3.900000e+00 2.603429e-02
3.960000e+00 1.429955e-01
4.020000e+00 1.716913e+00
4.080000e+00 8.605677e-01
4.140000e+00 1.115598e+00
4.200000e+00 1.252140e-01
4.260000e+00 1.961252e-01
4.320000e+00 3.600263e-02
4.380000e+00 5.969330e-01
4.440000e+00 7.748778e-02
4.500000e+00 7.571107e-01
4.560000e+00 7.613492e-03
4.620000e+00 2.647682e-01
4.680000e+00 8.860532e-03
4.740000e+00 8.989849e-03
4.800000e+00 8.712270e-02
4.860000e+00 3.339369e-03
4.920000e+00 7.168588e-03
4.980000e+00 4.424486e-03
5.040000e+00 4.408600e-03
5.100000e+00 8.481229e-01
5.160000e+00 4.135828e-01
5.220000e+00 4.523215e-04
5.280000e+00 2.878835e-04
5.340000e+00 5.340734e-04
5.400000e+00 4.244964e-02
5.460000e+00 5.527146e-04
5.520000e+00 4.178046e-04
5.580000e+00 4.391154e-05
5.640000e+00 1.210763e-03
5.700000e+00 3.349368e-04
5.760000e+00 5.719627e-04
5.820000e+00 7.087380e-02
5.880000e+00 3.503705e-04
5.940000e+00 2.670133e-03
