0.000000e+00 7.059862e+00
6.000000e-02 7.078685e+00
1.200000e-01 6.789970e+00
1.800000e-01 6.729003e+00
2.400000e-01 6.764467e+00
3.000000e-01 6.789589e+00
3.600000e-01 6.810302e+00
4.200000e-01 6.755232e+00
4.800000e-01 6.167687e+00
5.400000e-01 5.831843e+00
6.000000e-01 6.000557e+00
6.600000e-01 6.576859e+00
7.200000e-01 7.019727e+00
7.800000e-01 6.797454e+00
8.400000e-01 6.231244e+00
9.000000e-01 5.187786e+00
9.600000e-01 4.653361e+00
1.020000e+00 4.474858e+00
1.080000e+00 3.914929e+00
1.140000e+00 4.890125e+00
1.200000e+00 4.905328e+00
1.260000e+00 5.208445e+00
1.320000e+00 4.390033e+00
1.380000e+00 3.221878e+00
1.440000e+00 2.614898e+00
1.500000e+00 2.598411e+00
1.560000e+00 2.207725e+00
1.620000e+00 1.998831e+00
1.680000e+00 3.008963e+00
1.740000e+00 3.317388e+00
1.800000e+00 3.158576e+00
1.860000e+00 2.782956e+00
1.920000e+00 1.637842e+00
1.980000e+00 1.102516e+00
2.040000e+00 9.956758e-01
2.100000e+00 2.241601e+00
2.160000e+00 2.258229e+00
2.220000e+00 7.385910e-01
2.280000e+00 1.757160e+00
2.340000e+00 2.547465e+00
2.400000e+00 1.735780e+00
2.460000e+00 9.148629e-01
2.520000e+00 1.377022e+00
2.580000e+00 1.472055e+00
2.640000e+00 6.832124e-01
2.700000e+00 1.115769e+00
2.760000e+00 4.388082e-01
2.820000e+00 6.449697e-01
2.880000e+00 1.748708e+00
2.940000e+00 3.416382e-01
3.000000e+00 7.484384e-01
3.060000e+00 5.676244e-01
3.120000e+00 1.209974e-01
3.180000e+00 2.351972e+00
3.240000e+00 1.482893e+00
3.300000e+00 6.409630e-02
3.360000e+00 7.730941e-02
3.420000e+00 6.300805e-02
3.480000e+00 5.299371e-01
3.540000e+00 2.918705e-02
3.600000e+00 6.431597e-02
3.660000e+00 5.473305e-01
3.720000e+00 2.866636e-02
3.780000e+00 7.729886e-02
3.840000e+00 3.776807e-01
3.900000e+00 3.772874e-01
3.960000e+00 6.044542e-01
4.020000e+00 3.610187e-01
4.080000e+00 8.603651e-02
4.140000e+00 8.733723e-02
4.200000e+00 6.531022e-02
4.260000e+00 1.196942e+00
4.320000e+00 4.621890e-02
4.380000e+00 3.151368e-03
4.440000e+00 6.917255e-01
4.500000e+00 4.743953e-01
4.560000e+00 9.151097e-02
4.620000e+00 5.646458e-02
4.680000e+00 1.386650e-01
4.740000e+00 5.406563e-01
4.800000e+00 1.990918e-02
4.860000e+00 2.231292e-04
4.920000e+00 3.142907e-02
4.980000e+00 2.786774e-03
5.040000e+00 3.509036e-04
5.100000e+00 1.230333e-04
5.160000e+00 2.859713e-04
5.220000e+00 2.800649e-04
5.280000e+00 1.298006e-04
5.340000e+00 7.280045e-04
5.400000e+00 8.507493e-04
5.460000e+00 1.329388e-02
5.520000e+00 8.501335e-03
5.580000e+00 1.650268e-01
5.640000e+00 4.393347e-03
5.700000e+00 2.503369e-03
5.760000e+00 5.041294e-03
5.820000e+00 1.355180e-01
5.880000e+00 1.682405e-03
5.940000e+00 2.034186e-02
