0.000000e+00 7.059862e+00
6.000000e-02 6.582857e+00
1.200000e-01 6.300639e+00
1.800000e-01 6.157400e+00
2.400000e-01 6.037863e+00
3.000000e-01 5.887788e+00
3.600000e-01 5.675181e+00
4.200000e-01 5.426480e+00
4.800000e-01 5.301795e+00
5.400000e-01 5.354617e+00
6.000000e-01 5.822616e+00
6.600000e-01 6.454650e+00
7.200000e-01 6.730916e+00
7.800000e-01 7.098132e+00
8.400000e-01 7.154907e+00
9.000000e-01 6.390295e+00
9.600000e-01 6.537953e+00
1.020000e+00 6.528841e+00
1.080000e+00 6.198756e+00
1.140000e+00 6.624991e+00
1.200000e+00 6.405123e+00
1.260000e+00 6.323143e+00
1.320000e+00 4.356122e+00
1.380000e+00 2.866857e+00
1.440000e+00 2.671673e+00
1.500000e+00 3.094682e+00
1.560000e+00 3.458733e+00
1.620000e+00 3.928307e+00
1.680000e+00 4.298199e+00
1.740000e+00 4.499051e+00
1.800000e+00 2.911631e+00
1.860000e+00 2.778186e+00
1.920000e+00 1.854839e+00
1.980000e+00 3.345217e+00
2.040000e+00 2.682363e+00
2.100000e+00 2.833912e+00
2.160000e+00 2.418610e+00
2.220000e+00 1.106543e+00
2.280000e+00 6.432922e-01
2.340000e+00 7.734182e-01
2.400000e+00 8.313357e-01
2.460000e+00 1.369677e+00
2.520000e+00 2.395964e+00
2.580000e+00 1.167681e+00
2.640000e+00 7.338729e-01
2.700000e+00 1.482523e+00
2.760000e+00 1.725562e+00
2.820000e+00 2.106079e+00
2.880000e+00 1.754291e+00
2.940000e+00 1.269621e+00
3.000000e+00 2.455996e+00
3.060000e+00 4.576170e-01
3.120000e+00 1.161161e+00
3.180000e+00 1.602945e+00
3.240000e+00 9.742307e-01
3.300000e+00 4.987587e-01
3.360000e+00 2.774381e-01
3.420000e+00 2.594673e-01
3.480000e+00 3.816232e-01
3.540000e+00 3.677005e-01
3.600000e+00 1.050583e+00
3.660000e+00 1.634396e+00
3.720000e+00 4.351704e-01
3.780000e+00 1.355802e+00
3.840000e+00 7.596904e-02
3.900000e+00 1.922786e-01
3.960000e+00 1.089122e+00
4.020000e+00 5.554359e-01
4.080000e+00 3.728588e-01
4.140000e+00 8.053161e-02
4.200000e+00 1.827922e-02
4.260000e+00 1.318637e-01
4.320000e+00 3.684331e-02
4.380000e+00 1.731343e-01
4.440000e+00 1.483983e+00
4.500000e+00 3.151598e-01
4.560000e+00 3.047015e-02
4.620000e+00 4.340142e-02
4.680000e+00 3.572323e-02
4.740000e+00 1.635609e-02
4.800000e+00 5.833658e-02
4.860000e+00 1.294227e-01
4.920000e+00 9.101010e-01
4.980000e+00 4.508138e-02
5.040000e+00 2.769551e-02
5.100000e+00 2.898529e-02
5.160000e+00 1.546303e+00
5.220000e+00 5.796191e-01
5.280000e+00 2.406378e-02
5.340000e+00 4.008273e-03
5.400000e+00 1.865444e-03
5.460000e+00 3.833960e-03
5.520000e+00 1.270176e-02
5.580000e+00 2.357394e-04
5.640000e+00 8.409762e-04
5.700000e+00 7.656657e-03
5.760000e+00 6.098583e-03
5.820000e+00 1.415643e-02
5.880000e+00 1.506340e-03
5.940000e+00 1.031513e-03
