0.000000e+00 7.059862e+00
6.000000e-02 6.893005e+00
1.200000e-01 6.721667e+00
1.800000e-01 6.583877e+00
2.400000e-01 6.473213e+00
3.000000e-01 6.405660e+00
3.600000e-01 6.393328e+00
4.200000e-01 6.421122e+00
4.800000e-01 6.454240e+00
5.400000e-01 6.472484e+00
6.000000e-01 6.534694e+00
6.600000e-01 6.589165e+00
7.200000e-01 5.466390e+00
7.800000e-01 5.358848e+00
8.400000e-01 5.839499e+00
9.000000e-01 5.867358e+00
9.600000e-01 5.174831e+00
1.020000e+00 4.684924e+00
1.080000e+00 4.382008e+00
1.140000e+00 3.876950e+00
1.200000e+00 3.457773e+00
1.260000e+00 3.476519e+00
1.320000e+00 3.870542e+00
1.380000e+00 3.885833e+00
1.440000e+00 2.837931e+00
1.500000e+00 3.086274e+00
1.560000e+00 3.695445e+00
1.620000e+00 3.500419e+00
1.680000e+00 2.387712e+00
1.740000e+00 1.897712e+00
1.800000e+00 2.890102e+00
1.860000e+00 3.771965e+00
1.920000e+00 3.250962e+00
1.980000e+00 2.915978e+00
2.040000e+00 1.974428e+00
2.100000e+00 3.204948e+00
2.160000e+00 2.586233e+00
2.220000e+00 1.854913e+00
2.280000e+00 1.729326e+00
2.340000e+00 1.408745e+00
2.400000e+00 2.462020e+00
2.460000e+00 2.422385e+00
2.520000e+00 1.971622e+00
2.580000e+00 1.625346e+00
2.640000e+00 1.600731e+00
2.700000e+00 1.838323e+00
2.760000e+00 1.955993e-01
2.820000e+00 6.975573e-01
2.880000e+00 1.488474e+00
2.940000e+00 8.606481e-01
3.000000e+00 2.009349e+00
3.060000e+00 1.840820e+00
3.120000e+00 1.738866e+00
3.180000e+00 1.361455e+00
3.240000e+00 3.435132e-01
3.300000e+00 1.199587e+00
3.360000e+00 4.142146e-01
3.420000e+00 6.917547e-01
3.480000e+00 1.418686e-01
3.540000e+00 4.761593e-01
3.600000e+00 4.877761e-02
3.660000e+00 4.172953e-02
3.720000e+00 1.199735e-01
3.780000e+00 6.215789e-02
3.840000e+00 5.040572e-02
3.900000e+00 4.105370e-02
3.960000e+00 7.413366e-02
4.020000e+00 4.188746e-02
4.080000e+00 3.518482e-02
4.140000e+00 1.753546e-01
4.200000e+00 4.337569e-01
4.260000e+00 7.354315e-02
4.320000e+00 6.103456e-02
4.380000e+00 1.111198e-01
4.440000e+00 1.036351e+00
4.500000e+00 6.513469e-02
4.560000e+00 3.977252e-03
4.620000e+00 1.449318e-03
4.680000e+00 9.489038e-03
4.740000e+00 2.137860e-03
4.800000e+00 1.293423e-03
4.860000e+00 4.075916e-03
4.920000e+00 3.275475e-03
4.980000e+00 4.150575e-03
5.040000e+00 7.405423e-04
5.100000e+00 2.995550e-02
5.160000e+00 1.117935e-02
5.220000e+00 4.099157e-05
5.280000e+00 6.032308e-05
5.340000e+00 6.138120e-05
5.400000e+00 2.787930e-04
5.460000e+00 1.402212e-02
5.520000e+00 1.384978e-02
5.580000e+00 1.085489e-04
5.640000e+00 7.440604e-07
5.700000e+00 8.196989e-06
5.760000e+00 5.054776e-06
5.820000e+00 1.389875e-03
5.880000e+00 6.893330e-05
5.940000e+00 4.896941e-05
