0.000000e+00 7.059862e+00
6.000000e-02 6.723186e+00
1.200000e-01 6.422782e+00
1.800000e-01 6.184136e+00
2.400000e-01 5.991004e+00
3.000000e-01 5.867105e+00
3.600000e-01 5.825743e+00
4.200000e-01 5.817717e+00
4.800000e-01 5.763453e+00
5.400000e-01 5.536229e+00
6.000000e-01 5.295339e+00
6.600000e-01 5.550100e+00
7.200000e-01 6.088630e+00
7.800000e-01 6.263650e+00
8.400000e-01 5.700340e+00
9.000000e-01 5.675692e+00
9.600000e-01 5.266349e+00
1.020000e+00 5.168102e+00
1.080000e+00 4.984696e+00
1.140000e+00 4.364930e+00
1.200000e+00 4.510657e+00
1.260000e+00 4.803491e+00
1.320000e+00 4.845321e+00
1.380000e+00 4.463410e+00
1.440000e+00 4.153596e+00
1.500000e+00 3.505074e+00
1.560000e+00 2.663351e+00
1.620000e+00 2.695894e+00
1.680000e+00 3.410700e+00
1.740000e+00 4.220062e+00
1.800000e+00 3.596852e+00
1.860000e+00 1.992148e+00
1.920000e+00 1.249617e+00
1.980000e+00 1.442553e+00
2.040000e+00 2.352043e+00
2.100000e+00 1.715012e+00
2.160000e+00 1.713997e+00
2.220000e+00 2.856337e+00
2.280000e+00 1.700225e+00
2.340000e+00 6.911231e-01
2.400000e+00 1.148074e+00
2.460000e+00 3.771160e-01
2.520000e+00 2.834999e-01
2.580000e+00 2.376042e-01
2.640000e+00 3.140999e-01
2.700000e+00 4.144677e-01
2.760000e+00 1.379018e+00
2.820000e+00 6.772099e-01
2.880000e+00 2.184873e-01
2.940000e+00 1.642050e-01
3.000000e+00 2.543944e-01
3.060000e+00 1.969699e+00
3.120000e+00 4.794506e-01
3.180000e+00 3.208332e-01
3.240000e+00 7.379022e-02
3.300000e+00 1.077961e+00
3.360000e+00 8.180826e-01
3.420000e+00 2.959913e-01
3.480000e+00 2.336330e-01
3.540000e+00 1.070412e+00
3.600000e+00 1.250477e+00
3.660000e+00 3.302471e-01
3.720000e+00 2.391025e-01
3.780000e+00 1.122804e+00
3.840000e+00 5.468014e-02
3.900000e+00 5.705799e-02
3.960000e+00 1.030642e+00
4.020000e+00 1.892556e-02
4.080000e+00 4.884319e-03
4.140000e+00 2.692535e-03
4.200000e+00 1.414671e-03
4.260000e+00 4.482463e-03
4.320000e+00 6.451950e-04
4.380000e+00 2.100771e-03
4.440000e+00 6.508397e-03
4.500000e+00 8.466992e-04
4.560000e+00 5.229699e-04
4.620000e+00 2.073377e-04
4.680000e+00 2.973923e-04
4.740000e+00 5.124837e-04
4.800000e+00 1.542632e-03
4.860000e+00 6.533366e-03
4.920000e+00 1.799547e-04
4.980000e+00 2.213142e-03
5.040000e+00 2.649527e-04
5.100000e+00 3.558314e-04
5.160000e+00 3.523650e-05
5.220000e+00 1.488152e-04
5.280000e+00 2.126222e-04
5.340000e+00 2.393279e-04
5.400000e+00 4.817537e-05
5.460000e+00 5.237616e-04
5.520000e+00 1.462577e-04
5.580000e+00 6.305686e-02
5.640000e+00 1.489421e-03
5.700000e+00 1.336394e-02
5.760000e+00 1.008046e-03
5.820000e+00 6.795039e-06
5.880000e+00 2.661391e-06
5.940000e+00 3.086692e-07
