0.000000e+00 7.059862e+00
6.000000e-02 6.682225e+00
1.200000e-01 6.253146e+00
1.800000e-01 5.977072e+00
2.400000e-01 5.826827e+00
3.000000e-01 5.737177e+00
3.600000e-01 5.666647e+00
4.200000e-01 5.586058e+00
4.800000e-01 5.466756e+00
5.400000e-01 5.278449e+00
6.000000e-01 5.013250e+00
6.600000e-01 4.733047e+00
7.200000e-01 4.598992e+00
7.800000e-01 4.741422e+00
8.400000e-01 4.533180e+00
9.000000e-01 4.908961e+00
9.600000e-01 4.734883e+00
1.020000e+00 4.751322e+00
1.080000e+00 4.499489e+00
1.140000e+00 3.923146e+00
1.200000e+00 4.014616e+00
1.260000e+00 3.946752e+00
1.320000e+00 4.634483e+00
1.380000e+00 4.727436e+00
1.440000e+00 3.664186e+00
1.500000e+00 3.555136e+00
1.560000e+00 3.617733e+00
1.620000e+00 3.538692e+00
1.680000e+00 3.300895e+00
1.740000e+00 3.025336e+00
1.800000e+00 3.933276e+00
1.860000e+00 2.631716e+00
1.920000e+00 2.089049e+00
1.980000e+00 2.142306e+00
2.040000e+00 1.276901e+00
2.100000e+00 1.802093e+00
2.160000e+00 1.287623e+00
2.220000e+00 2.514083e+00
2.280000e+00 2.756773e+00
2.340000e+00 9.437665e-01
2.400000e+00 1.321015e+00
2.460000e+00 2.357954e+00
2.520000e+00 1.160245e+00
2.580000e+00 6.641360e-01
2.640000e+00 4.318750e-01
2.700000e+00 1.928794e+00
2.760000e+00 2.037742e+00
2.820000e+00 8.794671e-01
2.880000e+00 1.060874e+00
2.940000e+00 4.080052e-01
3.000000e+00 1.392220e+00
3.060000e+00 1.689355e+00
3.120000e+00 3.397648e-01
3.180000e+00 7.642717e-01
3.240000e+00 8.377576e-01
3.300000e+00 2.058363e+00
3.360000e+00 5.708882e-01
3.420000e+00 2.201002e+00
3.480000e+00 1.361187e+00
3.540000e+00 3.751209e-01
3.600000e+00 1.771246e+00
3.660000e+00 1.267706e+00
3.720000e+00 1.359762e+00
3.780000e+00 9.960767e-01
3.840000e+00 7.955301e-01
3.900000e+00 2.533066e-01
3.960000e+00 1.911901e-01
4.020000e+00 1.727928e-02
4.080000e+00 3.029700e-02
4.140000e+00 4.441432e-02
4.200000e+00 8.120072e-02
4.260000e+00 4.468402e-01
4.320000e+00 5.587267e-01
4.380000e+00 8.393100e-01
4.440000e+00 7.002679e-03
4.500000e+00 6.023813e-03
4.560000e+00 8.325682e-03
4.620000e+00 7.905945e-03
4.680000e+00 8.034894e-03
4.740000e+00 1.574223e+00
4.800000e+00 8.602788e-03
4.860000e+00 2.825629e-02
4.920000e+00 2.276857e-03
4.980000e+00 2.763939e-03
5.040000e+00 1.623188e-04
5.100000e+00 6.818896e-04
5.160000e+00 3.468485e-01
5.220000e+00 1.167398e-04
5.280000e+00 2.925255e-03
5.340000e+00 4.000885e-02
5.400000e+00 1.409154e-01
5.460000e+00 1.273859e-03
5.520000e+00 4.363046e-04
5.580000e+00 3.701266e-04
5.640000e+00 7.808861e-04
5.700000e+00 2.515817e-06
5.760000e+00 1.831771e-04
5.820000e+00 1.173902e-04
5.880000e+00 6.674870e-04
5.940000e+00 2.073889e-03
