0.000000e+00 7.059862e+00
6.000000e-02 6.908939e+00
1.200000e-01 6.634186e+00
1.800000e-01 6.462583e+00
2.400000e-01 6.447258e+00
3.000000e-01 6.490978e+00
3.600000e-01 6.492960e+00
4.200000e-01 6.462861e+00
4.800000e-01 6.396387e+00
5.400000e-01 6.008312e+00
6.000000e-01 5.559810e+00
6.600000e-01 5.568704e+00
7.200000e-01 5.608900e+00
7.800000e-01 5.643540e+00
8.400000e-01 5.031274e+00
9.000000e-01 4.422786e+00
9.600000e-01 4.103925e+00
1.020000e+00 5.091929e+00
1.080000e+00 4.621632e+00
1.140000e+00 4.481280e+00
1.200000e+00 4.707251e+00
1.260000e+00 4.660246e+00
1.320000e+00 4.269192e+00
1.380000e+00 3.921608e+00
1.440000e+00 4.844056e+00
1.500000e+00 4.106704e+00
1.560000e+00 3.015923e+00
1.620000e+00 3.116113e+00
1.680000e+00 3.756685e+00
1.740000e+00 3.474006e+00
1.800000e+00 2.348877e+00
1.860000e+00 2.717805e+00
1.920000e+00 2.502045e+00
1.980000e+00 2.635998e+00
2.040000e+00 3.044195e+00
2.100000e+00 2.874846e+00
2.160000e+00 2.757195e+00
2.220000e+00 2.126501e+00
2.280000e+00 2.463156e+00
2.340000e+00 2.145617e+00
2.400000e+00 1.669325e+00
2.460000e+00 1.849903e+00
2.520000e+00 1.964890e+00
2.580000e+00 1.321116e+00
2.640000e+00 1.600440e+00
2.700000e+00 4.926633e-01
2.760000e+00 1.253767e+00
2.820000e+00 5.208194e-01
2.880000e+00 6.474750e-01
2.940000e+00 1.466642e+00
3.000000e+00 4.997443e-01
3.060000e+00 9.179643e-02
3.120000e+00 8.554215e-01
3.180000e+00 2.148574e-01
3.240000e+00 9.136920e-02
3.300000e+00 1.777800e-01
3.360000e+00 5.434473e-02
3.420000e+00 8.358172e-02
3.480000e+00 1.597562e+00
3.540000e+00 8.131188e-01
3.600000e+00 1.869051e+00
3.660000e+00 1.134626e-01
3.720000e+00 6.873651e-02
3.780000e+00 6.751211e-02
3.840000e+00 1.671383e-01
3.900000e+00 4.094896e-01
3.960000e+00 1.777917e-02
4.020000e+00 2.456931e-02
4.080000e+00 4.460233e-04
4.140000e+00 5.629491e-03
4.200000e+00 1.324519e-03
4.260000e+00 1.757729e-02
4.320000e+00 5.906764e-02
4.380000e+00 2.027694e-02
4.440000e+00 6.494444e-02
4.500000e+00 5.229853e-04
4.560000e+00 1.510773e-04
4.620000e+00 9.627725e-03
4.680000e+00 8.123600e-03
4.740000e+00 2.156790e-02
4.800000e+00 1.864253e-03
4.860000e+00 2.268618e-02
4.920000e+00 8.608165e-02
4.980000e+00 3.773343e-03
5.040000e+00 1.854540e-02
5.100000e+00 7.441909e-03
5.160000e+00 2.798656e-03
5.220000e+00 5.312917e-03
5.280000e+00 1.292101e-03
5.340000e+00 4.528173e-04
5.400000e+00 6.055419e-02
5.460000e+00 1.016767e-05
5.520000e+00 1.073615e-05
5.580000e+00 5.204553e-05
5.640000e+00 9.216676e-07
5.700000e+00 5.255929e-05
5.760000e+00 2.074821e-03
5.820000e+00 2.505596e-04
5.880000e+00 1.546116e-05
5.940000e+00 4.898957e-05
