0.000000e+00 7.059862e+00
6.000000e-02 6.979361e+00
1.200000e-01 6.808778e+00
1.800000e-01 6.621425e+00
2.400000e-01 6.472385e+00
3.000000e-01 6.456098e+00
3.600000e-01 6.828972e+00
4.200000e-01 7.104837e+00
4.800000e-01 6.402800e+00
5.400000e-01 6.451587e+00
6.000000e-01 6.769119e+00
6.600000e-01 6.894834e+00
7.200000e-01 6.171047e+00
7.800000e-01 5.730025e+00
8.400000e-01 5.814245e+00
9.000000e-01 5.530541e+00
9.600000e-01 5.473237e+00
1.020000e+00 5.057806e+00
1.080000e+00 4.428640e+00
1.140000e+00 4.229417e+00
1.200000e+00 4.266087e+00
1.260000e+00 4.727765e+00
1.320000e+00 4.591934e+00
1.380000e+00 3.919012e+00
1.440000e+00 3.329531e+00
1.500000e+00 2.757389e+00
1.560000e+00 2.279867e+00
1.620000e+00 3.229201e+00
1.680000e+00 4.152792e+00
1.740000e+00 3.240021e+00
1.800000e+00 3.358873e+00
1.860000e+00 2.662718e+00
1.920000e+00 2.855703e+00
1.980000e+00 2.893038e+00
2.040000e+00 2.550803e+00
2.100000e+00 3.376278e+00
2.160000e+00 2.039038e+00
2.220000e+00 2.924245e+00
2.280000e+00 2.507389e+00
2.340000e+00 2.506304e+00
2.400000e+00 2.027696e+00
2.460000e+00 2.191115e+00
2.520000e+00 2.420030e+00
2.580000e+00 9.935217e-01
2.640000e+00 2.424736e+00
2.700000e+00 1.402719e+00
2.760000e+00 7.959940e-01
2.820000e+00 1.543271e+00
2.880000e+00 3.138053e+00
2.940000e+00 1.910352e+00
3.000000e+00 1.073159e+00
3.060000e+00 9.923070e-01
3.120000e+00 2.831150e-01
3.180000e+00 2.132149e-01
3.240000e+00 5.336302e-01
3.300000e+00 4.199151e-01
3.360000e+00 2.084365e+00
3.420000e+00 5.663034e-01
3.480000e+00 7.351451e-01
3.540000e+00 2.785566e-01
3.600000e+00 2.416258e-01
3.660000e+00 1.234892e-01
3.720000e+00 4.839900e-02
3.780000e+00 1.592263e-01
3.840000e+00 9.972862e-01
3.900000e+00 5.303315e-02
3.960000e+00 4.407358e-03
4.020000e+00 4.575951e-02
4.080000e+00 3.743682e-04
4.140000e+00 2.581832e-02
4.200000e+00 8.668065e-02
4.260000e+00 1.877086e-03
4.320000e+00 3.268610e-02
4.380000e+00 1.788727e-02
4.440000e+00 2.210071e-01
4.500000e+00 2.317706e-01
4.560000e+00 9.896563e-01
4.620000e+00 1.761773e-01
4.680000e+00 2.959327e-02
4.740000e+00 3.664954e-03
4.800000e+00 5.730409e-04
4.860000e+00 6.364268e-05
4.920000e+00 6.767655e-06
4.980000e+00 1.076121e-04
5.040000e+00 1.020730e-04
5.100000e+00 5.174006e-03
5.160000e+00 1.356796e-02
5.220000e+00 2.874515e-03
5.280000e+00 4.869062e-04
5.340000e+00 2.877190e-05
5.400000e+00 2.276958e-06
5.460000e+00 5.565955e-03
5.520000e+00 2.060682e-04
5.580000e+00 4.417305e-05
5.640000e+00 8.834146e-06
5.700000e+00 7.065875e-05
5.760000e+00 1.791808e-03
5.820000e+00 8.462828e-05
5.880000e+00 3.585249e-05
5.940000e+00 4.645186e-05
