0.000000e+00 7.059862e+00
6.000000e-02 5.956254e+00
1.200000e-01 5.316440e+00
1.800000e-01 5.174533e+00
2.400000e-01 5.203200e+00
3.000000e-01 5.325942e+00
3.600000e-01 5.482619e+00
4.200000e-01 5.623542e+00
4.800000e-01 5.735675e+00
5.400000e-01 5.847576e+00
6.000000e-01 5.961549e+00
6.600000e-01 5.991079e+00
7.200000e-01 6.009608e+00
7.800000e-01 6.305557e+00
8.400000e-01 5.993590e+00
9.000000e-01 5.842126e+00
9.600000e-01 6.350528e+00
1.020000e+00 6.391977e+00
1.080000e+00 5.587055e+00
1.140000e+00 5.055758e+00
1.200000e+00 4.351311e+00
1.260000e+00 3.577364e+00
1.320000e+00 3.425568e+00
1.380000e+00 3.462346e+00
1.440000e+00 2.550348e+00
1.500000e+00 2.930579e+00
1.560000e+00 3.336543e+00
1.620000e+00 2.981774e+00
1.680000e+00 2.282990e+00
1.740000e+00 2.425551e+00
1.800000e+00 2.276987e+00
1.860000e+00 3.068989e+00
1.920000e+00 3.329078e+00
1.980000e+00 2.718034e+00
2.040000e+00 1.723655e+00
2.100000e+00 1.138649e+00
2.160000e+00 1.143914e+00
2.220000e+00 1.542757e+00
2.280000e+00 2.063667e+00
2.340000e+00 1.633510e+00
2.400000e+00 7.620269e-01
2.460000e+00 1.177890e+00
2.520000e+00 1.829326e+00
2.580000e+00 2.290118e+00
2.640000e+00 1.894902e+00
2.700000e+00 4.514393e-01
2.760000e+00 3.050651e-01
2.820000e+00 3.804066e-01
2.880000e+00 1.177226e+00
2.940000e+00 1.059450e+00
3.000000e+00 1.314923e+00
3.060000e+00 4.579526e-01
3.120000e+00 3.599869e-01
3.180000e+00 3.935730e-01
3.240000e+00 1.350172e+00
3.300000e+00 1.593816e+00
3.360000e+00 3.815905e-01
3.420000e+00 1.257635e+00
3.480000e+00 4.792437e-01
3.540000e+00 2.896227e-01
3.600000e+00 2.575222e-01
3.660000e+00 8.758495e-01
3.720000e+00 8.968769e-01
3.780000e+00 1.319153e-02
3.840000e+00 3.175565e-02
3.900000e+00 3.856735e-02
3.960000e+00 1.968868e-01
4.020000e+00 1.409163e+00
4.080000e+00 2.807822e-03
4.140000e+00 8.223120e-03
4.200000e+00 8.488000e-01
4.260000e+00 9.807785e-03
4.320000e+00 1.458579e-02
4.380000e+00 2.343904e-02
4.440000e+00 1.599211e-01
4.500000e+00 8.543362e-01
4.560000e+00 1.080301e-01
4.620000e+00 8.369764e-03
4.680000e+00 2.156649e-02
4.740000e+00 1.340842e-01
4.800000e+00 7.465788e-03
4.860000e+00 9.104074e-01
4.920000e+00 4.119033e-01
4.980000e+00 7.283244e-01
5.040000e+00 1.031553e-01
5.100000e+00 5.997352e-02
5.160000e+00 6.277835e-02
5.220000e+00 3.222678e-02
5.280000e+00 1.018571e-03
5.340000e+00 1.722473e-03
5.400000e+00 8.396501e-04
5.460000e+00 2.807727e-05
5.520000e+00 2.605713e-02
5.580000e+00 2.233845e-03
5.640000e+00 7.367113e-05
5.700000e+00 4.110299e-06
5.760000e+00 1.100185e-04
5.820000e+00 6.506894e-03
5.880000e+00 1.569755e-06
5.940000e+00 9.736819e-07
