0.000000e+00 7.059862e+00
6.000000e-02 6.856728e+00
1.200000e-01 6.673499e+00
1.800000e-01 6.507998e+00
2.400000e-01 6.353110e+00
3.000000e-01 6.212904e+00
3.600000e-01 6.080733e+00
4.200000e-01 5.944510e+00
4.800000e-01 5.813873e+00
5.400000e-01 5.677374e+00
6.000000e-01 5.482023e+00
6.600000e-01 5.341706e+00
7.200000e-01 4.950136e+00
7.800000e-01 4.469903e+00
8.400000e-01 4.269108e+00
9.000000e-01 4.453824e+00
9.600000e-01 4.045341e+00
1.020000e+00 3.479424e+00
1.080000e+00 2.610320e+00
1.140000e+00 2.375089e+00
1.200000e+00 3.268665e+00
1.260000e+00 3.685338e+00
1.320000e+00 4.657386e+00
1.380000e+00 4.287792e+00
1.440000e+00 4.378163e+00
1.500000e+00 4.017429e+00
1.560000e+00 3.364543e+00
1.620000e+00 3.981229e+00
1.680000e+00 4.244280e+00
1.740000e+00 4.375988e+00
1.800000e+00 3.614441e+00
1.860000e+00 2.386692e+00
1.920000e+00 1.622800e+00
1.980000e+00 1.652660e+00
2.040000e+00 2.187221e+00
2.100000e+00 2.417672e+00
2.160000e+00 1.919128e+00
2.220000e+00 2.012309e+00
2.280000e+00 2.512882e+00
2.340000e+00 1.296649e+00
2.400000e+00 2.219422e+00
2.460000e+00 1.913769e+00
2.520000e+00 3.521413e-01
2.580000e+00 8.467749e-01
2.640000e+00 1.138956e+00
2.700000e+00 1.991564e+00
2.760000e+00 1.665959e+00
2.820000e+00 1.077901e+00
2.880000e+00 6.436163e-01
2.940000e+00 3.703742e-01
3.000000e+00 8.735187e-01
3.060000e+00 9.977007e-01
3.120000e+00 2.437496e-01
3.180000e+00 6.375162e-02
3.240000e+00 1.088700e-02
3.300000e+00 1.185539e-02
3.360000e+00 3.936595e-02
3.420000e+00 2.328052e-01
3.480000e+00 4.347772e-01
3.540000e+00 2.156084e-01
3.600000e+00 3.297989e-02
3.660000e+00 7.579739e-01
3.720000e+00 2.888522e-01
3.780000e+00 3.030250e-02
3.840000e+00 2.703717e-01
3.900000e+00 1.428824e+00
3.960000e+00 2.349910e-01
4.020000e+00 1.015690e+00
4.080000e+00 7.186858e-01
4.140000e+00 3.409215e-02
4.200000e+00 5.146935e-01
4.260000e+00 1.245683e-02
4.320000e+00 6.378063e-03
4.380000e+00 9.965770e-03
4.440000e+00 3.396934e-02
4.500000e+00 5.847215e-03
4.560000e+00 6.100251e-03
4.620000e+00 2.788503e-02
4.680000e+00 1.128444e-01
4.740000e+00 9.025949e-01
4.800000e+00 1.355468e-01
4.860000e+00 1.016332e-02
4.920000e+00 1.685521e-01
4.980000e+00 3.074920e-01
5.040000e+00 4.154052e-01
5.100000e+00 5.862900e-02
5.160000e+00 8.613440e-03
5.220000e+00 3.417254e-03
5.280000e+00 8.214886e-02
5.340000e+00 3.958303e-02
5.400000e+00 6.484150e-02
5.460000e+00 1.378215e-01
5.520000e+00 3.528169e-02
5.580000e+00 3.106662e-03
5.640000e+00 5.439227e-03
5.700000e+00 2.206634e-02
5.760000e+00 2.053618e-02
5.820000e+00 5.805084e-04
5.880000e+00 1.044216e-03
5.940000e+00 7.806806e-04
