0.000000e+00 2.106156e-01
3.000000e-02 1.500818e-01
6.000000e-02 1.383070e-01
9.000000e-02 1.507695e-01
1.200000e-01 1.728454e-01
1.500000e-01 1.874621e-01
1.800000e-01 1.804366e-01
2.100000e-01 1.481840e-01
2.400000e-01 1.257067e-01
2.700000e-01 3.338809e-01
3.000000e-01 4.261031e-01
3.300000e-01 4.666840e-01
3.600000e-01 6.435829e-01
3.900000e-01 2.741662e-01
4.200000e-01 1.361692e-01
4.500000e-01 2.321295e-01
4.800000e-01 6.653673e-01
5.100000e-01 9.783538e-01
5.400000e-01 4.270112e-01
5.700000e-01 6.211902e-01
6.000000e-01 1.280742e+00
6.300000e-01 8.738755e-01
6.600000e-01 3.147604e-01
6.900000e-01 2.177376e-01
7.200000e-01 2.671091e-01
7.500000e-01 3.541181e-01
7.800000e-01 4.081585e-01
8.100000e-01 8.644423e-01
8.400000e-01 5.856867e-01
8.700000e-01 6.138847e-01
9.000000e-01 1.676149e+00
9.300000e-01 2.036814e+00
9.600000e-01 2.061456e+00
9.900000e-01 1.889403e+00
1.020000e+00 1.670798e+00
1.050000e+00 1.410759e+00
1.080000e+00 6.917865e-01
1.110000e+00 1.347611e+00
1.140000e+00 1.994244e+00
1.170000e+00 9.723576e-01
1.200000e+00 8.382767e-01
1.230000e+00 7.167252e-01
1.260000e+00 5.774915e-01
1.290000e+00 7.339869e-01
1.320000e+00 7.172506e-01
1.350000e+00 1.184796e+00
1.380000e+00 2.665284e+00
1.410000e+00 2.298688e+00
1.440000e+00 9.583490e-01
1.470000e+00 5.883333e-01
1.500000e+00 1.044317e+00
1.530000e+00 6.897071e-01
1.560000e+00 3.743951e-02
1.590000e+00 2.834265e-02
1.620000e+00 7.977124e-02
1.650000e+00 1.899275e-01
1.680000e+00 6.606397e-01
1.710000e+00 6.674107e-01
1.740000e+00 5.767222e-01
1.770000e+00 6.287328e-01
1.800000e+00 1.156979e+00
1.830000e+00 1.372546e+00
1.860000e+00 5.331667e-01
1.890000e+00 1.653354e-01
1.920000e+00 4.256342e-01
1.950000e+00 1.174666e-01
1.980000e+00 4.366050e-01
2.010000e+00 1.617796e+00
2.040000e+00 1.546237e+00
2.070000e+00 9.607188e-01
2.100000e+00 1.256582e+00
2.130000e+00 4.980779e-01
2.160000e+00 8.853544e-01
2.190000e+00 4.133993e-01
2.220000e+00 7.642191e-02
2.250000e+00 1.750723e-01
2.280000e+00 8.041014e-02
2.310000e+00 6.639844e-02
2.340000e+00 1.927802e-02
2.370000e+00 4.725338e-03
2.400000e+00 1.156276e-01
2.430000e+00 2.629505e-02
2.460000e+00 2.870764e-02
2.490000e+00 9.609864e-02
2.520000e+00 1.822068e-02
2.550000e+00 4.369312e-02
2.580000e+00 1.464032e-02
2.610000e+00 1.125944e-01
2.640000e+00 2.531006e-02
2.670000e+00 1.582326e-03
2.700000e+00 1.257824e-02
2.730000e+00 4.571680e-02
2.760000e+00 1.767290e-01
2.790000e+00 5.745367e-02
2.820000e+00 2.988369e-02
2.850000e+00 6.282449e-03
2.880000e+00 1.451777e-01
2.910000e+00 7.879213e-03
2.940000e+00 1.323758e-01
2.970000e+00 5.762073e-02
