0.000000e+00 1.343225e+00
3.000000e-02 1.692048e+00
6.000000e-02 1.881115e+00
9.000000e-02 1.906371e+00
1.200000e-01 1.861979e+00
1.500000e-01 1.806026e+00
1.800000e-01 1.776144e+00
2.100000e-01 1.827917e+00
2.400000e-01 1.986347e+00
2.700000e-01 2.143756e+00
3.000000e-01 2.216888e+00
3.300000e-01 2.199842e+00
3.600000e-01 2.084164e+00
3.900000e-01 1.887622e+00
4.200000e-01 1.832888e+00
4.500000e-01 2.299753e+00
4.800000e-01 2.068866e+00
5.100000e-01 1.600137e+00
5.400000e-01 1.297618e+00
5.700000e-01 1.413153e+00
6.000000e-01 1.854788e+00
6.300000e-01 7.409741e-01
6.600000e-01 7.056949e-01
6.900000e-01 7.614852e-01
7.200000e-01 7.356274e-01
7.500000e-01 7.258242e-01
7.800000e-01 7.793049e-01
8.100000e-01 9.050667e-01
8.400000e-01 1.079314e+00
8.700000e-01 1.186112e+00
9.000000e-01 9.597304e-01
9.300000e-01 6.683334e-01
9.600000e-01 7.184944e-01
9.900000e-01 1.488271e+00
1.020000e+00 1.789825e+00
1.050000e+00 1.576223e+00
1.080000e+00 1.672274e+00
1.110000e+00 1.268387e+00
1.140000e+00 5.820568e-01
1.170000e+00 5.567074e-01
1.200000e+00 1.540836e+00
1.230000e+00 1.055674e+00
1.260000e+00 4.519892e-01
1.290000e+00 4.012898e-01
1.320000e+00 1.916949e+00
1.350000e+00 1.131526e+00
1.380000e+00 1.787201e+00
1.410000e+00 1.618964e+00
1.440000e+00 1.417920e+00
1.470000e+00 2.103727e+00
1.500000e+00 2.098786e+00
1.530000e+00 1.944807e+00
1.560000e+00 9.220679e-01
1.590000e+00 1.161215e+00
1.620000e+00 1.124686e+00
1.650000e+00 2.179432e+00
1.680000e+00 1.997163e+00
1.710000e+00 8.073788e-01
1.740000e+00 6.953824e-01
1.770000e+00 6.934322e-01
1.800000e+00 6.687883e-01
1.830000e+00 8.762642e-01
1.860000e+00 1.007695e+00
1.890000e+00 1.926040e+00
1.920000e+00 1.753275e+00
1.950000e+00 7.641685e-01
1.980000e+00 5.473952e-01
2.010000e+00 1.117649e+00
2.040000e+00 1.885031e+00
2.070000e+00 4.820835e-01
2.100000e+00 4.210309e-01
2.130000e+00 1.123424e+00
2.160000e+00 9.583782e-01
2.190000e+00 5.763250e-01
2.220000e+00 1.869585e+00
2.250000e+00 1.000535e+00
2.280000e+00 9.145135e-01
2.310000e+00 9.738530e-01
2.340000e+00 9.810558e-01
2.370000e+00 1.414160e+00
2.400000e+00 7.454611e-01
2.430000e+00 1.277575e+00
2.460000e+00 2.595055e+00
2.490000e+00 1.482496e+00
2.520000e+00 1.305654e+00
2.550000e+00 1.742931e+00
2.580000e+00 8.140981e-01
2.610000e+00 1.636185e-01
2.640000e+00 1.239755e-01
2.670000e+00 1.973724e-01
2.700000e+00 1.845547e+00
2.730000e+00 8.674225e-02
2.760000e+00 2.046428e-01
2.790000e+00 2.904748e-01
2.820000e+00 9.177480e-03
2.850000e+00 1.252574e-02
2.880000e+00 2.361760e-02
2.910000e+00 6.476948e-01
2.940000e+00 8.005586e-01
2.970000e+00 2.121029e-01
