0.000000e+00 3.507682e+00
3.000000e-02 3.499017e+00
6.000000e-02 3.487739e+00
9.000000e-02 3.421513e+00
1.200000e-01 3.285787e+00
1.500000e-01 3.106509e+00
1.800000e-01 2.938824e+00
2.100000e-01 2.791991e+00
2.400000e-01 2.659149e+00
2.700000e-01 2.548683e+00
3.000000e-01 2.460104e+00
3.300000e-01 2.402793e+00
3.600000e-01 2.403003e+00
3.900000e-01 2.354162e+00
4.200000e-01 2.196262e+00
4.500000e-01 2.244729e+00
4.800000e-01 2.495091e+00
5.100000e-01 2.758965e+00
5.400000e-01 2.922301e+00
5.700000e-01 3.000460e+00
6.000000e-01 2.986540e+00
6.300000e-01 2.888411e+00
6.600000e-01 2.731594e+00
6.900000e-01 2.548298e+00
7.200000e-01 2.462094e+00
7.500000e-01 2.557849e+00
7.800000e-01 2.694617e+00
8.100000e-01 2.831947e+00
8.400000e-01 2.915874e+00
8.700000e-01 2.857993e+00
9.000000e-01 2.668261e+00
9.300000e-01 2.574089e+00
9.600000e-01 2.376185e+00
9.900000e-01 2.149275e+00
1.020000e+00 2.080282e+00
1.050000e+00 2.144597e+00
1.080000e+00 2.475828e+00
1.110000e+00 2.135031e+00
1.140000e+00 1.855044e+00
1.170000e+00 1.754428e+00
1.200000e+00 1.884394e+00
1.230000e+00 1.964324e+00
1.260000e+00 1.909550e+00
1.290000e+00 1.979669e+00
1.320000e+00 2.008679e+00
1.350000e+00 1.881399e+00
1.380000e+00 1.855886e+00
1.410000e+00 1.895778e+00
1.440000e+00 1.898680e+00
1.470000e+00 1.932185e+00
1.500000e+00 1.981236e+00
1.530000e+00 1.884604e+00
1.560000e+00 2.005112e+00
1.590000e+00 2.142180e+00
1.620000e+00 1.981067e+00
1.650000e+00 1.285249e+00
1.680000e+00 1.167699e+00
1.710000e+00 1.587895e+00
1.740000e+00 1.560480e+00
1.770000e+00 1.051216e+00
1.800000e+00 1.231661e+00
1.830000e+00 1.673630e+00
1.860000e+00 1.346284e+00
1.890000e+00 1.681792e+00
1.920000e+00 1.775036e+00
1.950000e+00 1.803416e+00
1.980000e+00 1.557930e+00
2.010000e+00 1.326691e+00
2.040000e+00 1.114247e+00
2.070000e+00 1.496675e+00
2.100000e+00 1.389471e+00
2.130000e+00 1.756918e+00
2.160000e+00 1.241084e+00
2.190000e+00 7.542967e-01
2.220000e+00 9.036517e-01
2.250000e+00 1.258067e+00
2.280000e+00 1.133674e+00
2.310000e+00 1.411527e+00
2.340000e+00 1.589374e+00
2.370000e+00 9.023837e-01
2.400000e+00 1.465438e+00
2.430000e+00 1.392471e+00
2.460000e+00 1.775688e+00
2.490000e+00 1.293307e+00
2.520000e+00 9.223808e-01
2.550000e+00 9.096614e-01
2.580000e+00 4.829100e-01
2.610000e+00 1.145909e+00
2.640000e+00 1.361039e+00
2.670000e+00 1.161166e+00
2.700000e+00 8.928217e-01
2.730000e+00 1.397852e+00
2.760000e+00 1.264777e+00
2.790000e+00 7.520534e-01
2.820000e+00 1.346372e+00
2.850000e+00 1.697340e+00
2.880000e+00 1.519449e+00
2.910000e+00 1.355799e+00
2.940000e+00 9.224241e-01
2.970000e+00 1.607253e+00
