0.000000e+00 2.087686e+00
3.000000e-02 2.584648e+00
6.000000e-02 2.336672e+00
9.000000e-02 2.192724e+00
1.200000e-01 2.207457e+00
1.500000e-01 2.116737e+00
1.800000e-01 2.317095e+00
2.100000e-01 2.229858e+00
2.400000e-01 2.476087e+00
2.700000e-01 2.445641e+00
3.000000e-01 2.131531e+00
3.300000e-01 1.910021e+00
3.600000e-01 1.897070e+00
3.900000e-01 2.180771e+00
4.200000e-01 2.040391e+00
4.500000e-01 1.850806e+00
4.800000e-01 2.175243e+00
5.100000e-01 2.116706e+00
5.400000e-01 2.121327e+00
5.700000e-01 2.075607e+00
6.000000e-01 2.046649e+00
6.300000e-01 1.343907e+00
6.600000e-01 1.735495e+00
6.900000e-01 2.014268e+00
7.200000e-01 1.580394e+00
7.500000e-01 1.915536e+00
7.800000e-01 1.294567e+00
8.100000e-01 1.571929e+00
8.400000e-01 1.447370e+00
8.700000e-01 1.821110e+00
9.000000e-01 1.564262e+00
9.300000e-01 1.785081e+00
9.600000e-01 1.448132e+00
9.900000e-01 1.396176e+00
1.020000e+00 1.336592e+00
1.050000e+00 1.401305e+00
1.080000e+00 1.331761e+00
1.110000e+00 1.902078e+00
1.140000e+00 1.334890e+00
1.170000e+00 1.822741e+00
1.200000e+00 1.287993e+00
1.230000e+00 1.178834e+00
1.260000e+00 1.533108e+00
1.290000e+00 1.355856e+00
1.320000e+00 1.472305e+00
1.350000e+00 1.181359e+00
1.380000e+00 1.443931e+00
1.410000e+00 1.365709e+00
1.440000e+00 1.442515e+00
1.470000e+00 1.471666e+00
1.500000e+00 2.066863e+00
1.530000e+00 1.555913e+00
1.560000e+00 1.732129e+00
1.590000e+00 1.151982e+00
1.620000e+00 1.362840e+00
1.650000e+00 9.393045e-01
1.680000e+00 1.321185e+00
1.710000e+00 8.205914e-01
1.740000e+00 1.022939e+00
1.770000e+00 6.929381e-01
1.800000e+00 7.436329e-01
1.830000e+00 4.472070e-01
1.860000e+00 9.871455e-01
1.890000e+00 1.332446e+00
1.920000e+00 1.262368e+00
1.950000e+00 1.329121e+00
1.980000e+00 1.349668e+00
2.010000e+00 9.084716e-01
2.040000e+00 1.169901e+00
2.070000e+00 6.309920e-01
2.100000e+00 1.029337e+00
2.130000e+00 1.359493e+00
2.160000e+00 8.072481e-01
2.190000e+00 9.090707e-01
2.220000e+00 9.635615e-01
2.250000e+00 9.533651e-01
2.280000e+00 8.289821e-01
2.310000e+00 1.114867e+00
2.340000e+00 1.208575e+00
2.370000e+00 5.656070e-01
2.400000e+00 9.944168e-01
2.430000e+00 1.121733e+00
2.460000e+00 8.300726e-01
2.490000e+00 7.597696e-01
2.520000e+00 9.934248e-01
2.550000e+00 8.034560e-01
2.580000e+00 8.820839e-01
2.610000e+00 5.011601e-01
2.640000e+00 4.947457e-01
2.670000e+00 1.578955e-01
2.700000e+00 1.109304e+00
2.730000e+00 6.127685e-01
2.760000e+00 5.427993e-01
2.790000e+00 5.579196e-01
2.820000e+00 8.125555e-01
2.850000e+00 3.425961e-01
2.880000e+00 1.317494e+00
2.910000e+00 7.854623e-01
2.940000e+00 7.670927e-01
2.970000e+00 4.926743e-01
