-5.000000e-02 2.524828e+00
-4.990000e-02 1.768166e+00
-4.980000e-02 1.425542e+00
-4.970000e-02 1.421217e+00
-4.960000e-02 1.410479e+00
-4.950000e-02 1.607517e+00
-4.940000e-02 2.109967e+00
-4.930000e-02 1.683256e+00
-4.920000e-02 1.328111e+00
-4.910000e-02 1.089772e+00
-4.900000e-02 1.282665e+00
-4.890000e-02 5.731129e-01
-4.880000e-02 1.657258e+00
-4.870000e-02 2.199603e+00
-4.860000e-02 1.824840e+00
-4.850000e-02 1.758466e+00
-4.840000e-02 1.937572e+00
-4.830000e-02 1.888497e+00
-4.820000e-02 1.778278e+00
-4.810000e-02 1.790237e+00
-4.800000e-02 2.306261e+00
-4.790000e-02 2.051704e+00
-4.780000e-02 2.013716e+00
-4.770000e-02 2.456292e+00
-4.760000e-02 2.160268e+00
-4.750000e-02 2.148363e+00
-4.740000e-02 1.624440e+00
-4.730000e-02 1.207263e+00
-4.720000e-02 1.293219e+00
-4.710000e-02 1.849352e+00
-4.700000e-02 2.710080e+00
-4.690000e-02 2.268211e+00
-4.680000e-02 2.098198e+00
-4.670000e-02 1.915226e+00
-4.660000e-02 2.153476e+00
-4.650000e-02 2.642701e+00
-4.640000e-02 2.536889e+00
-4.630000e-02 2.222835e+00
-4.620000e-02 2.015930e+00
-4.610000e-02 2.117721e+00
-4.600000e-02 2.542333e+00
-4.590000e-02 2.842176e+00
-4.580000e-02 2.786513e+00
-4.570000e-02 2.600125e+00
-4.560000e-02 2.625800e+00
-4.550000e-02 2.848913e+00
-4.540000e-02 2.732120e+00
-4.530000e-02 2.283027e+00
-4.520000e-02 2.606343e+00
-4.510000e-02 2.649863e+00
-4.500000e-02 3.247464e+00
-4.490000e-02 2.987322e+00
-4.480000e-02 2.733483e+00
-4.470000e-02 2.764730e+00
-4.460000e-02 2.487409e+00
-4.450000e-02 2.413557e+00
-4.440000e-02 2.898559e+00
-4.430000e-02 3.154013e+00
-4.420000e-02 3.113620e+00
-4.410000e-02 2.947283e+00
-4.400000e-02 2.728469e+00
-4.390000e-02 2.529629e+00
-4.380000e-02 2.401443e+00
-4.370000e-02 2.363241e+00
-4.360000e-02 2.517818e+00
-4.350000e-02 2.941002e+00
-4.340000e-02 2.745061e+00
-4.330000e-02 1.939809e+00
-4.320000e-02 1.274058e+00
-4.310000e-02 1.334866e+00
-4.300000e-02 2.027450e+00
-4.290000e-02 1.850918e+00
-4.280000e-02 1.676269e+00
-4.270000e-02 1.315315e+00
-4.260000e-02 9.981404e-01
-4.250000e-02 9.001307e-01
-4.240000e-02 1.423734e+00
-4.230000e-02 2.187268e+00
-4.220000e-02 2.076803e+00
-4.210000e-02 3.082864e+00
-4.200000e-02 2.021905e+00
-4.190000e-02 2.028939e+00
-4.180000e-02 2.354792e+00
-4.170000e-02 2.172979e+00
-4.160000e-02 2.139803e+00
-4.150000e-02 2.488800e+00
-4.140000e-02 2.239462e+00
-4.130000e-02 2.045185e+00
-4.120000e-02 1.949584e+00
-4.110000e-02 1.763242e+00
-4.100000e-02 1.041751e+00
-4.090000e-02 1.050584e+00
-4.080000e-02 1.616668e+00
-4.070000e-02 2.031181e+00
-4.060000e-02 2.355680e+00
-4.050000e-02 2.500210e+00
-4.040000e-02 2.567972e+00
-4.030000e-02 2.722922e+00
-4.020000e-02 2.860892e+00
-4.010000e-02 2.770503e+00
-4.000000e-02 2.453025e+00
-3.990000e-02 2.350323e+00
-3.980000e-02 2.363620e+00
-3.970000e-02 2.190022e+00
-3.960000e-02 1.959794e+00
-3.950000e-02 2.067691e+00
-3.940000e-02 2.397940e+00
-3.930000e-02 2.726405e+00
-3.920000e-02 2.943112e+00
-3.910000e-02 2.998254e+00
-3.900000e-02 2.337475e+00
-3.890000e-02 2.751663e+00
-3.880000e-02 3.384801e+00
-3.870000e-02 3.902184e+00
-3.860000e-02 3.738790e+00
-3.850000e-02 3.627590e+00
-3.840000e-02 3.530409e+00
-3.830000e-02 3.018627e+00
-3.820000e-02 2.189978e+00
-3.810000e-02 1.881974e+00
-3.800000e-02 2.021947e+00
-3.790000e-02 2.342276e+00
-3.780000e-02 2.866249e+00
-3.770000e-02 2.715391e+00
-3.760000e-02 2.727022e+00
-3.750000e-02 2.207238e+00
-3.740000e-02 2.018129e+00
-3.730000e-02 2.462853e+00
-3.720000e-02 1.163318e+00
-3.710000e-02 6.951220e-01
-3.700000e-02 6.614660e-01
-3.690000e-02 8.868895e-01
-3.680000e-02 1.815827e+00
-3.670000e-02 2.301377e+00
-3.660000e-02 1.726156e+00
-3.650000e-02 1.072360e+00
-3.640000e-02 7.968224e-01
-3.630000e-02 6.360019e-01
-3.620000e-02 5.138064e-01
-3.610000e-02 6.055671e-01
-3.600000e-02 1.588453e+00
-3.590000e-02 8.387810e-01
-3.580000e-02 6.396019e-01
-3.570000e-02 6.311337e-01
-3.560000e-02 7.283925e-01
-3.550000e-02 8.438065e-01
-3.540000e-02 8.381654e-01
-3.530000e-02 5.213590e-01
-3.520000e-02 2.344235e-01
-3.510000e-02 1.786899e-01
-3.500000e-02 2.127540e-01
-3.490000e-02 4.739358e-01
-3.480000e-02 1.589807e+00
-3.470000e-02 1.796457e+00
-3.460000e-02 1.289624e+00
-3.450000e-02 1.055174e+00
-3.440000e-02 9.068984e-01
-3.430000e-02 8.027606e-01
-3.420000e-02 9.859239e-01
-3.410000e-02 1.738744e+00
-3.400000e-02 2.396224e+00
-3.390000e-02 1.539324e+00
-3.380000e-02 1.090087e+00
-3.370000e-02 1.175846e+00
-3.360000e-02 1.382345e+00
-3.350000e-02 1.636081e+00
-3.340000e-02 2.027694e+00
-3.330000e-02 2.571709e+00
-3.320000e-02 1.759544e+00
-3.310000e-02 1.814953e+00
-3.300000e-02 1.953456e+00
-3.290000e-02 1.998784e+00
-3.280000e-02 1.451348e+00
-3.270000e-02 1.067777e+00
-3.260000e-02 8.592781e-01
-3.250000e-02 8.848857e-01
-3.240000e-02 2.137557e+00
-3.230000e-02 2.158092e+00
-3.220000e-02 2.354800e+00
-3.210000e-02 2.541581e+00
-3.200000e-02 2.114211e+00
-3.190000e-02 1.379684e+00
-3.180000e-02 1.088321e+00
-3.170000e-02 9.787238e-01
-3.160000e-02 1.009582e+00
-3.150000e-02 1.210891e+00
-3.140000e-02 1.611476e+00
-3.130000e-02 2.012914e+00
-3.120000e-02 2.231989e+00
-3.110000e-02 2.347935e+00
-3.100000e-02 2.135340e+00
-3.090000e-02 1.785175e+00
-3.080000e-02 1.605838e+00
-3.070000e-02 1.870446e+00
-3.060000e-02 2.421327e+00
-3.050000e-02 2.113268e+00
-3.040000e-02 1.674498e+00
-3.030000e-02 1.471664e+00
-3.020000e-02 1.489858e+00
-3.010000e-02 1.850687e+00
-3.000000e-02 1.560668e+00
-2.990000e-02 2.297708e+00
-2.980000e-02 2.554590e+00
-2.970000e-02 2.464663e+00
-2.960000e-02 2.315794e+00
-2.950000e-02 2.345855e+00
-2.940000e-02 2.630616e+00
-2.930000e-02 2.481224e+00
-2.920000e-02 2.426045e+00
-2.910000e-02 2.250079e+00
-2.900000e-02 1.529073e+00
-2.890000e-02 7.970238e-01
-2.880000e-02 7.579714e-01
-2.870000e-02 1.132170e+00
-2.860000e-02 1.664217e+00
-2.850000e-02 2.062333e+00
-2.840000e-02 2.235217e+00
-2.830000e-02 2.306466e+00
-2.820000e-02 2.263595e+00
-2.810000e-02 2.218929e+00
-2.800000e-02 2.402660e+00
-2.790000e-02 2.794967e+00
-2.780000e-02 3.199840e+00
-2.770000e-02 3.417991e+00
-2.760000e-02 3.367593e+00
-2.750000e-02 3.206971e+00
-2.740000e-02 2.303051e+00
-2.730000e-02 2.430166e+00
-2.720000e-02 2.536835e+00
-2.710000e-02 2.499767e+00
-2.700000e-02 2.434431e+00
-2.690000e-02 2.435136e+00
-2.680000e-02 2.503326e+00
-2.670000e-02 2.619679e+00
-2.660000e-02 2.781899e+00
-2.650000e-02 2.940535e+00
-2.640000e-02 2.982997e+00
-2.630000e-02 2.817794e+00
-2.620000e-02 2.503218e+00
-2.610000e-02 2.293784e+00
-2.600000e-02 2.351260e+00
-2.590000e-02 2.577138e+00
-2.580000e-02 2.862026e+00
-2.570000e-02 3.360540e+00
-2.560000e-02 3.720927e+00
-2.550000e-02 3.429652e+00
-2.540000e-02 3.202173e+00
-2.530000e-02 3.056868e+00
-2.520000e-02 2.421495e+00
-2.510000e-02 1.996594e+00
-2.500000e-02 2.474362e+00
-2.490000e-02 2.630021e+00
-2.480000e-02 2.473047e+00
-2.470000e-02 2.538501e+00
-2.460000e-02 2.451504e+00
-2.450000e-02 2.108796e+00
-2.440000e-02 1.903624e+00
-2.430000e-02 2.133904e+00
-2.420000e-02 2.236905e+00
-2.410000e-02 2.301972e+00
-2.400000e-02 2.348600e+00
-2.390000e-02 1.966611e+00
-2.380000e-02 1.565220e+00
-2.370000e-02 2.025939e+00
-2.360000e-02 2.598592e+00
-2.350000e-02 2.752990e+00
-2.340000e-02 2.600566e+00
-2.330000e-02 2.280261e+00
-2.320000e-02 2.170766e+00
-2.310000e-02 2.720240e+00
-2.300000e-02 3.650160e+00
-2.290000e-02 3.267292e+00
-2.280000e-02 2.876891e+00
-2.270000e-02 2.727170e+00
-2.260000e-02 2.100147e+00
-2.250000e-02 1.272643e+00
-2.240000e-02 9.324198e-01
-2.230000e-02 1.409879e+00
-2.220000e-02 1.952643e+00
-2.210000e-02 1.906380e+00
-2.200000e-02 1.803838e+00
-2.190000e-02 1.674141e+00
-2.180000e-02 1.498444e+00
-2.170000e-02 1.322526e+00
-2.160000e-02 1.308561e+00
-2.150000e-02 1.296621e+00
-2.140000e-02 5.873298e-01
-2.130000e-02 4.980735e-01
-2.120000e-02 4.406102e-01
-2.110000e-02 3.954645e-01
-2.100000e-02 3.653954e-01
-2.090000e-02 3.606774e-01
-2.080000e-02 4.030380e-01
-2.070000e-02 5.572085e-01
-2.060000e-02 1.205272e+00
-2.050000e-02 2.116176e+00
-2.040000e-02 1.353170e+00
-2.030000e-02 1.723667e+00
-2.020000e-02 2.046627e+00
-2.010000e-02 1.956536e+00
-2.000000e-02 1.867771e+00
-1.990000e-02 1.780029e+00
-1.980000e-02 2.140624e+00
-1.970000e-02 1.399254e+00
-1.960000e-02 1.957227e+00
-1.950000e-02 1.496704e+00
-1.940000e-02 9.896975e-01
-1.930000e-02 1.219105e+00
-1.920000e-02 1.583466e+00
-1.910000e-02 8.830894e-01
-1.900000e-02 8.370675e-01
-1.890000e-02 1.206544e+00
-1.880000e-02 2.069896e+00
-1.870000e-02 2.937529e+00
-1.860000e-02 3.243985e+00
-1.850000e-02 3.126840e+00
-1.840000e-02 2.368207e+00
-1.830000e-02 1.200879e+00
-1.820000e-02 6.728000e-01
-1.810000e-02 8.172331e-01
-1.800000e-02 1.346822e+00
-1.790000e-02 1.839228e+00
-1.780000e-02 1.882002e+00
-1.770000e-02 1.675173e+00
-1.760000e-02 1.532094e+00
-1.750000e-02 1.577462e+00
-1.740000e-02 1.520192e+00
-1.730000e-02 1.288336e+00
-1.720000e-02 1.182761e+00
-1.710000e-02 1.442277e+00
-1.700000e-02 1.619974e+00
-1.690000e-02 7.717630e-01
-1.680000e-02 6.376591e-01
-1.670000e-02 5.217874e-01
-1.660000e-02 5.781075e-01
-1.650000e-02 6.332618e-01
-1.640000e-02 1.082820e+00
-1.630000e-02 6.784528e-01
-1.620000e-02 1.435924e+00
-1.610000e-02 1.120530e+00
-1.600000e-02 1.177362e+00
-1.590000e-02 1.390516e+00
-1.580000e-02 1.754606e+00
-1.570000e-02 2.088887e+00
-1.560000e-02 1.405182e+00
-1.550000e-02 8.098819e-01
-1.540000e-02 1.958533e+00
-1.530000e-02 1.507604e+00
-1.520000e-02 1.664049e+00
-1.510000e-02 1.975371e+00
-1.500000e-02 2.440222e+00
-1.490000e-02 2.575722e+00
-1.480000e-02 2.018693e+00
-1.470000e-02 1.786150e+00
-1.460000e-02 2.036226e+00
-1.450000e-02 1.762971e+00
-1.440000e-02 1.181239e+00
-1.430000e-02 1.119616e+00
-1.420000e-02 1.061751e+00
-1.410000e-02 7.533018e-01
-1.400000e-02 8.986758e-01
-1.390000e-02 1.521346e+00
-1.380000e-02 9.303251e-01
-1.370000e-02 6.301259e-01
-1.360000e-02 4.635512e-01
-1.350000e-02 7.747289e-01
-1.340000e-02 9.693289e-01
-1.330000e-02 6.279849e-01
-1.320000e-02 5.534562e-01
-1.310000e-02 7.979617e-01
-1.300000e-02 1.986599e+00
-1.290000e-02 2.229466e+00
-1.280000e-02 2.071725e+00
-1.270000e-02 1.730488e+00
-1.260000e-02 1.440092e+00
-1.250000e-02 1.397027e+00
-1.240000e-02 1.877969e+00
-1.230000e-02 2.611037e+00
-1.220000e-02 1.856894e+00
-1.210000e-02 1.241312e+00
-1.200000e-02 1.241174e+00
-1.190000e-02 1.443780e+00
-1.180000e-02 2.195760e+00
-1.170000e-02 2.468964e+00
-1.160000e-02 2.250246e+00
-1.150000e-02 2.136827e+00
-1.140000e-02 1.695854e+00
-1.130000e-02 1.420494e+00
-1.120000e-02 1.956233e+00
-1.110000e-02 7.829043e-01
-1.100000e-02 8.522957e-01
-1.090000e-02 1.113415e+00
-1.080000e-02 1.569861e+00
-1.070000e-02 1.891626e+00
-1.060000e-02 1.337546e+00
-1.050000e-02 1.164228e+00
-1.040000e-02 1.346314e+00
-1.030000e-02 1.880967e+00
-1.020000e-02 2.391812e+00
-1.010000e-02 2.240374e+00
-1.000000e-02 1.789620e+00
-9.900000e-03 1.520189e+00
-9.800000e-03 2.327833e+00
-9.700000e-03 3.292593e+00
-9.600000e-03 3.867351e+00
-9.500000e-03 2.837110e+00
-9.400000e-03 2.395717e+00
-9.300000e-03 2.216643e+00
-9.200000e-03 2.019288e+00
-9.100000e-03 1.751348e+00
-9.000000e-03 1.489802e+00
-8.900000e-03 1.508983e+00
-8.800000e-03 2.307746e+00
-8.700000e-03 2.905149e+00
-8.600000e-03 2.124588e+00
-8.500000e-03 1.943244e+00
-8.400000e-03 1.314637e+00
-8.300000e-03 8.401988e-01
-8.200000e-03 7.159508e-01
-8.100000e-03 6.949882e-01
-8.000000e-03 7.415986e-01
-7.900000e-03 8.793684e-01
-7.800000e-03 1.195631e+00
-7.700000e-03 1.593653e+00
-7.600000e-03 1.231329e+00
-7.500000e-03 1.029408e+00
-7.400000e-03 1.240811e+00
-7.300000e-03 1.585601e+00
-7.200000e-03 1.769463e+00
-7.100000e-03 1.730169e+00
-7.000000e-03 1.727424e+00
-6.900000e-03 1.969016e+00
-6.800000e-03 2.158246e+00
-6.700000e-03 1.927182e+00
-6.600000e-03 1.841430e+00
-6.500000e-03 2.054672e+00
-6.400000e-03 1.944845e+00
-6.300000e-03 1.612100e+00
-6.200000e-03 1.520994e+00
-6.100000e-03 1.560217e+00
-6.000000e-03 1.658680e+00
-5.900000e-03 1.813603e+00
-5.800000e-03 2.177801e+00
-5.700000e-03 1.977113e+00
-5.600000e-03 1.983422e+00
-5.500000e-03 2.162265e+00
-5.400000e-03 2.303291e+00
-5.300000e-03 2.588883e+00
-5.200000e-03 3.075108e+00
-5.100000e-03 2.460345e+00
-5.000000e-03 2.069857e+00
-4.900000e-03 2.718898e+00
-4.800000e-03 2.761905e+00
-4.700000e-03 2.346422e+00
-4.600000e-03 2.140654e+00
-4.500000e-03 2.803086e+00
-4.400000e-03 2.347001e+00
-4.300000e-03 2.274483e+00
-4.200000e-03 2.167646e+00
-4.100000e-03 1.901116e+00
-4.000000e-03 1.710545e+00
-3.900000e-03 1.893342e+00
-3.800000e-03 2.459605e+00
-3.700000e-03 2.697326e+00
-3.600000e-03 1.971222e+00
-3.500000e-03 1.608909e+00
-3.400000e-03 1.685310e+00
-3.300000e-03 1.882617e+00
-3.200000e-03 2.024599e+00
-3.100000e-03 1.573628e+00
-3.000000e-03 1.318291e+00
-2.900000e-03 1.173130e+00
-2.800000e-03 9.830303e-01
-2.700000e-03 1.392364e+00
-2.600000e-03 1.736553e+00
-2.500000e-03 2.184280e+00
-2.400000e-03 2.220291e+00
-2.300000e-03 1.869729e+00
-2.200000e-03 1.755380e+00
-2.100000e-03 2.065040e+00
-2.000000e-03 2.783169e+00
-1.900000e-03 2.382921e+00
-1.800000e-03 1.611404e+00
-1.700000e-03 1.023823e+00
-1.600000e-03 8.958403e-01
-1.500000e-03 8.687664e-01
-1.400000e-03 2.694835e+00
-1.300000e-03 2.682226e+00
-1.200000e-03 2.980916e+00
-1.100000e-03 2.673627e+00
-1.000000e-03 2.291554e+00
-9.000000e-04 1.667003e+00
-8.000000e-04 1.896951e+00
-7.000000e-04 2.126903e+00
-6.000000e-04 2.106513e+00
-5.000000e-04 1.818565e+00
-4.000000e-04 1.994447e+00
-3.000000e-04 2.530430e+00
-2.000000e-04 2.244718e+00
-1.000000e-04 2.174661e+00
1.429412e-15 2.504969e+00
1.000000e-04 2.768803e+00
2.000000e-04 2.522034e+00
3.000000e-04 2.432780e+00
4.000000e-04 2.458031e+00
5.000000e-04 1.739233e+00
6.000000e-04 1.737137e+00
7.000000e-04 2.151881e+00
8.000000e-04 2.111596e+00
9.000000e-04 2.986020e+00
1.000000e-03 2.928771e+00
1.100000e-03 1.361395e+00
1.200000e-03 8.048573e-01
1.300000e-03 5.953697e-01
1.400000e-03 5.152392e-01
1.500000e-03 4.955952e-01
1.600000e-03 5.763877e-01
1.700000e-03 9.458288e-01
1.800000e-03 1.698196e+00
1.900000e-03 2.543112e+00
2.000000e-03 3.384002e+00
2.100000e-03 2.912266e+00
2.200000e-03 2.943367e+00
2.300000e-03 3.276197e+00
2.400000e-03 3.192101e+00
2.500000e-03 3.196094e+00
2.600000e-03 3.053742e+00
2.700000e-03 2.788974e+00
2.800000e-03 2.553924e+00
2.900000e-03 2.471657e+00
3.000000e-03 2.729713e+00
3.100000e-03 3.407780e+00
3.200000e-03 2.940178e+00
3.300000e-03 2.573217e+00
3.400000e-03 2.084244e+00
3.500000e-03 1.302878e+00
3.600000e-03 1.254068e+00
3.700000e-03 1.553282e+00
3.800000e-03 1.919663e+00
3.900000e-03 2.199563e+00
4.000000e-03 1.928259e+00
4.100000e-03 2.327634e+00
4.200000e-03 1.833338e+00
4.300000e-03 1.173583e+00
4.400000e-03 7.763610e-01
4.500000e-03 6.538182e-01
4.600000e-03 1.173954e+00
4.700000e-03 2.220614e+00
4.800000e-03 1.035903e+00
4.900000e-03 7.879247e-01
5.000000e-03 1.277457e+00
5.100000e-03 1.871219e+00
5.200000e-03 2.088617e+00
5.300000e-03 2.688966e+00
5.400000e-03 2.824174e+00
5.500000e-03 2.277515e+00
5.600000e-03 2.178259e+00
5.700000e-03 3.048240e+00
5.800000e-03 2.001114e+00
5.900000e-03 3.093077e+00
6.000000e-03 3.157700e+00
6.100000e-03 2.773370e+00
6.200000e-03 2.412014e+00
6.300000e-03 2.309761e+00
6.400000e-03 2.616987e+00
6.500000e-03 2.650555e+00
6.600000e-03 2.388917e+00
6.700000e-03 2.663854e+00
6.800000e-03 2.632974e+00
6.900000e-03 2.507570e+00
7.000000e-03 2.494671e+00
7.100000e-03 2.496282e+00
7.200000e-03 2.307205e+00
7.300000e-03 2.090241e+00
7.400000e-03 2.094397e+00
7.500000e-03 2.455601e+00
7.600000e-03 2.815861e+00
7.700000e-03 2.558462e+00
7.800000e-03 2.485796e+00
7.900000e-03 3.038074e+00
8.000000e-03 3.501537e+00
8.100000e-03 3.196981e+00
8.200000e-03 3.051832e+00
8.300000e-03 2.801051e+00
8.400000e-03 2.291489e+00
8.500000e-03 1.612359e+00
8.600000e-03 1.035104e+00
8.700000e-03 7.864196e-01
8.800000e-03 8.075268e-01
8.900000e-03 1.149556e+00
9.000000e-03 1.925391e+00
9.100000e-03 2.000167e+00
9.200000e-03 1.371335e+00
9.300000e-03 1.267570e+00
9.400000e-03 1.382292e+00
9.500000e-03 1.607493e+00
9.600000e-03 2.021046e+00
9.700000e-03 2.552494e+00
9.800000e-03 1.735419e+00
9.900000e-03 1.690610e+00
1.000000e-02 1.682495e+00
1.010000e-02 1.590056e+00
1.020000e-02 1.699456e+00
1.030000e-02 6.799144e-01
1.040000e-02 9.683968e-01
1.050000e-02 1.383130e+00
1.060000e-02 1.592072e+00
1.070000e-02 2.230167e+00
1.080000e-02 2.596656e+00
1.090000e-02 2.651263e+00
1.100000e-02 2.707727e+00
1.110000e-02 2.765303e+00
1.120000e-02 2.737018e+00
1.130000e-02 2.491771e+00
1.140000e-02 2.152774e+00
1.150000e-02 2.131360e+00
1.160000e-02 2.545696e+00
1.170000e-02 3.035031e+00
1.180000e-02 2.877700e+00
1.190000e-02 2.526358e+00
1.200000e-02 2.353416e+00
1.210000e-02 2.312920e+00
1.220000e-02 2.356244e+00
1.230000e-02 2.401341e+00
1.240000e-02 2.218762e+00
1.250000e-02 1.975916e+00
1.260000e-02 2.318850e+00
1.270000e-02 2.669467e+00
1.280000e-02 2.596934e+00
1.290000e-02 2.354893e+00
1.300000e-02 2.253232e+00
1.310000e-02 1.468544e+00
1.320000e-02 1.620016e+00
1.330000e-02 2.077801e+00
1.340000e-02 2.463681e+00
1.350000e-02 2.727580e+00
1.360000e-02 2.891594e+00
1.370000e-02 2.987057e+00
1.380000e-02 3.037762e+00
1.390000e-02 3.044069e+00
1.400000e-02 2.865854e+00
1.410000e-02 2.637435e+00
1.420000e-02 2.622054e+00
1.430000e-02 2.575317e+00
1.440000e-02 2.507118e+00
1.450000e-02 2.572528e+00
1.460000e-02 2.784775e+00
1.470000e-02 2.753038e+00
1.480000e-02 2.648145e+00
1.490000e-02 2.475655e+00
1.500000e-02 2.174995e+00
1.510000e-02 1.673080e+00
1.520000e-02 1.498432e+00
1.530000e-02 2.685712e+00
1.540000e-02 2.816932e+00
1.550000e-02 2.984500e+00
1.560000e-02 2.686655e+00
1.570000e-02 2.099219e+00
1.580000e-02 3.169940e+00
1.590000e-02 2.746483e+00
1.600000e-02 2.324988e+00
1.610000e-02 2.847855e+00
1.620000e-02 3.129038e+00
1.630000e-02 3.191437e+00
1.640000e-02 3.114909e+00
1.650000e-02 2.928786e+00
1.660000e-02 2.668829e+00
1.670000e-02 2.470910e+00
1.680000e-02 2.559043e+00
1.690000e-02 2.823797e+00
1.700000e-02 3.011408e+00
1.710000e-02 3.409583e+00
1.720000e-02 3.756392e+00
1.730000e-02 3.575007e+00
1.740000e-02 3.133959e+00
1.750000e-02 2.910026e+00
1.760000e-02 2.614177e+00
1.770000e-02 3.809661e+00
1.780000e-02 3.881075e+00
1.790000e-02 3.823697e+00
1.800000e-02 3.775901e+00
1.810000e-02 3.730278e+00
1.820000e-02 3.670313e+00
1.830000e-02 3.527221e+00
1.840000e-02 2.980953e+00
1.850000e-02 2.994142e+00
1.860000e-02 2.958678e+00
1.870000e-02 2.727423e+00
1.880000e-02 2.549631e+00
1.890000e-02 2.576013e+00
1.900000e-02 2.777192e+00
1.910000e-02 3.206613e+00
1.920000e-02 3.479955e+00
1.930000e-02 2.998617e+00
1.940000e-02 2.739591e+00
1.950000e-02 2.723787e+00
1.960000e-02 2.978895e+00
1.970000e-02 2.585673e+00
1.980000e-02 2.029202e+00
1.990000e-02 2.228042e+00
2.000000e-02 2.525176e+00
2.010000e-02 2.210882e+00
2.020000e-02 2.009839e+00
2.030000e-02 2.237578e+00
2.040000e-02 2.399917e+00
2.050000e-02 1.606632e+00
2.060000e-02 1.726517e+00
2.070000e-02 2.265713e+00
2.080000e-02 2.455786e+00
2.090000e-02 2.517603e+00
2.100000e-02 2.154688e+00
2.110000e-02 1.649086e+00
2.120000e-02 1.368279e+00
2.130000e-02 1.312534e+00
2.140000e-02 1.940003e+00
2.150000e-02 2.232771e+00
2.160000e-02 2.253537e+00
2.170000e-02 2.401691e+00
2.180000e-02 2.725110e+00
2.190000e-02 3.061653e+00
2.200000e-02 3.109076e+00
2.210000e-02 3.139662e+00
2.220000e-02 3.196297e+00
2.230000e-02 2.273218e+00
2.240000e-02 1.470256e+00
2.250000e-02 1.145427e+00
2.260000e-02 1.174417e+00
2.270000e-02 1.395837e+00
2.280000e-02 1.731660e+00
2.290000e-02 2.461171e+00
2.300000e-02 2.956989e+00
2.310000e-02 2.582660e+00
2.320000e-02 2.505264e+00
2.330000e-02 2.632446e+00
2.340000e-02 2.834536e+00
2.350000e-02 3.008375e+00
2.360000e-02 3.061041e+00
2.370000e-02 2.972303e+00
2.380000e-02 2.835796e+00
2.390000e-02 2.831160e+00
2.400000e-02 2.741318e+00
2.410000e-02 2.498208e+00
2.420000e-02 2.389854e+00
2.430000e-02 2.404461e+00
2.440000e-02 2.331483e+00
2.450000e-02 2.594927e+00
2.460000e-02 3.015300e+00
2.470000e-02 3.742664e+00
2.480000e-02 3.791158e+00
2.490000e-02 3.178597e+00
2.500000e-02 3.119908e+00
2.510000e-02 3.290869e+00
2.520000e-02 3.574739e+00
2.530000e-02 4.373295e+00
2.540000e-02 3.957890e+00
2.550000e-02 3.471712e+00
2.560000e-02 3.033658e+00
2.570000e-02 2.482835e+00
2.580000e-02 1.764831e+00
2.590000e-02 1.290243e+00
2.600000e-02 2.085825e+00
2.610000e-02 1.709272e+00
2.620000e-02 2.012927e+00
2.630000e-02 2.700970e+00
2.640000e-02 2.851053e+00
2.650000e-02 2.548110e+00
2.660000e-02 3.061514e+00
2.670000e-02 2.531187e+00
2.680000e-02 2.186132e+00
2.690000e-02 2.071044e+00
2.700000e-02 2.081751e+00
2.710000e-02 2.061671e+00
2.720000e-02 2.004325e+00
2.730000e-02 1.905699e+00
2.740000e-02 1.749409e+00
2.750000e-02 1.543674e+00
2.760000e-02 1.992554e+00
2.770000e-02 2.319873e+00
2.780000e-02 2.257514e+00
2.790000e-02 2.150291e+00
2.800000e-02 2.013707e+00
2.810000e-02 2.053208e+00
2.820000e-02 2.566316e+00
2.830000e-02 2.934146e+00
2.840000e-02 2.741624e+00
2.850000e-02 2.511222e+00
2.860000e-02 2.523911e+00
2.870000e-02 2.270412e+00
2.880000e-02 2.186789e+00
2.890000e-02 2.163066e+00
2.900000e-02 2.125525e+00
2.910000e-02 2.059390e+00
2.920000e-02 1.950793e+00
2.930000e-02 1.615825e+00
2.940000e-02 2.127685e+00
2.950000e-02 2.979240e+00
2.960000e-02 2.683149e+00
2.970000e-02 2.562769e+00
2.980000e-02 2.267547e+00
2.990000e-02 1.479683e+00
3.000000e-02 9.948454e-01
3.010000e-02 1.834751e+00
3.020000e-02 1.541962e+00
3.030000e-02 1.797397e+00
3.040000e-02 2.164035e+00
3.050000e-02 2.072525e+00
3.060000e-02 1.804269e+00
3.070000e-02 1.454974e+00
3.080000e-02 1.205410e+00
3.090000e-02 1.241616e+00
3.100000e-02 4.844991e-01
3.110000e-02 3.805786e-01
3.120000e-02 6.335343e-01
3.130000e-02 1.313938e+00
3.140000e-02 1.988783e+00
3.150000e-02 2.362235e+00
3.160000e-02 2.039352e+00
3.170000e-02 1.251311e+00
3.180000e-02 6.969696e-01
3.190000e-02 4.799412e-01
3.200000e-02 4.562632e-01
3.210000e-02 5.504553e-01
3.220000e-02 7.613439e-01
3.230000e-02 1.129817e+00
3.240000e-02 1.633305e+00
3.250000e-02 1.501722e+00
3.260000e-02 8.675792e-01
3.270000e-02 4.763192e-01
3.280000e-02 4.516998e-01
3.290000e-02 8.096265e-01
3.300000e-02 1.385696e+00
3.310000e-02 1.556156e+00
3.320000e-02 9.341994e-01
3.330000e-02 1.014585e+00
3.340000e-02 1.179435e+00
3.350000e-02 1.641564e+00
3.360000e-02 1.375819e+00
3.370000e-02 5.121947e-01
3.380000e-02 5.600721e-01
3.390000e-02 6.953240e-01
3.400000e-02 9.133313e-01
3.410000e-02 1.233121e+00
3.420000e-02 1.616210e+00
3.430000e-02 2.019582e+00
3.440000e-02 2.317886e+00
3.450000e-02 2.158655e+00
3.460000e-02 2.274603e+00
3.470000e-02 1.554919e+00
3.480000e-02 5.764501e-01
3.490000e-02 3.846356e-01
3.500000e-02 6.625814e-01
3.510000e-02 1.268620e+00
3.520000e-02 2.313554e+00
3.530000e-02 2.125498e+00
3.540000e-02 7.654267e-01
3.550000e-02 3.404136e-01
3.560000e-02 1.845959e+00
3.570000e-02 2.106189e+00
3.580000e-02 1.582300e+00
3.590000e-02 1.247202e+00
3.600000e-02 1.247391e+00
3.610000e-02 1.301108e+00
3.620000e-02 1.327922e+00
3.630000e-02 1.385499e+00
3.640000e-02 1.537103e+00
3.650000e-02 1.826279e+00
3.660000e-02 2.143953e+00
3.670000e-02 2.003173e+00
3.680000e-02 1.434483e+00
3.690000e-02 1.234523e+00
3.700000e-02 1.876179e+00
3.710000e-02 1.159796e+00
3.720000e-02 7.677700e-01
3.730000e-02 8.159878e-01
3.740000e-02 1.141330e+00
3.750000e-02 1.592469e+00
3.760000e-02 2.783952e-01
3.770000e-02 4.357643e-01
3.780000e-02 6.441886e-01
3.790000e-02 1.202752e+00
3.800000e-02 1.601672e+00
3.810000e-02 1.295506e+00
3.820000e-02 1.880664e+00
3.830000e-02 1.258068e+00
3.840000e-02 6.889902e-01
3.850000e-02 5.374700e-01
3.860000e-02 5.321990e-01
3.870000e-02 5.953041e-01
3.880000e-02 7.009309e-01
3.890000e-02 8.523859e-01
3.900000e-02 1.058395e+00
3.910000e-02 1.289414e+00
3.920000e-02 1.451372e+00
3.930000e-02 1.587605e+00
3.940000e-02 1.301180e+00
3.950000e-02 8.522851e-01
3.960000e-02 1.642576e+00
3.970000e-02 1.666157e+00
3.980000e-02 2.179157e+00
3.990000e-02 2.521495e+00
4.000000e-02 2.167087e+00
4.010000e-02 2.000139e+00
4.020000e-02 2.243477e+00
4.030000e-02 3.168183e+00
4.040000e-02 2.346434e+00
4.050000e-02 2.130468e+00
4.060000e-02 1.884918e+00
4.070000e-02 1.676313e+00
4.080000e-02 1.721739e+00
4.090000e-02 2.441514e+00
4.100000e-02 1.737434e+00
4.110000e-02 1.490656e+00
4.120000e-02 2.129498e+00
4.130000e-02 2.158099e+00
4.140000e-02 1.756717e+00
4.150000e-02 1.225353e+00
4.160000e-02 9.055224e-01
4.170000e-02 7.487917e-01
4.180000e-02 6.904555e-01
4.190000e-02 7.648977e-01
4.200000e-02 1.157752e+00
4.210000e-02 1.942121e+00
4.220000e-02 1.300071e+00
4.230000e-02 9.495344e-01
4.240000e-02 7.518366e-01
4.250000e-02 6.155857e-01
4.260000e-02 5.143035e-01
4.270000e-02 4.911034e-01
4.280000e-02 7.042872e-01
4.290000e-02 1.249477e+00
4.300000e-02 1.818764e+00
4.310000e-02 1.723966e+00
4.320000e-02 1.788426e+00
4.330000e-02 1.175313e+00
4.340000e-02 7.742328e-01
4.350000e-02 1.057955e+00
4.360000e-02 1.629620e+00
4.370000e-02 1.962970e+00
4.380000e-02 1.449479e+00
4.390000e-02 1.270500e+00
4.400000e-02 1.428898e+00
4.410000e-02 1.738015e+00
4.420000e-02 1.486704e+00
4.430000e-02 1.375347e+00
4.440000e-02 6.345250e-01
4.450000e-02 5.263783e-01
4.460000e-02 5.476189e-01
4.470000e-02 5.670582e-01
4.480000e-02 5.401843e-01
4.490000e-02 4.995062e-01
4.500000e-02 5.466207e-01
4.510000e-02 8.731641e-01
4.520000e-02 7.220451e-01
4.530000e-02 5.446855e-01
4.540000e-02 1.055495e+00
4.550000e-02 1.631418e+00
4.560000e-02 1.403453e+00
4.570000e-02 1.907553e+00
4.580000e-02 1.862813e+00
4.590000e-02 1.631204e+00
4.600000e-02 1.821206e+00
4.610000e-02 2.374057e+00
4.620000e-02 2.541808e+00
4.630000e-02 2.212836e+00
4.640000e-02 1.983893e+00
4.650000e-02 4.129480e-01
4.660000e-02 4.480344e-01
4.670000e-02 5.549919e-01
4.680000e-02 6.084567e-01
4.690000e-02 1.977671e+00
4.700000e-02 9.030582e-01
4.710000e-02 5.612869e-01
4.720000e-02 6.058480e-01
4.730000e-02 1.185146e+00
4.740000e-02 1.779539e+00
4.750000e-02 1.138739e+00
4.760000e-02 1.243354e+00
4.770000e-02 1.324115e+00
4.780000e-02 1.292515e+00
4.790000e-02 1.180108e+00
4.800000e-02 1.026343e+00
4.810000e-02 8.611241e-01
4.820000e-02 7.245447e-01
4.830000e-02 1.366634e+00
4.840000e-02 9.167330e-01
4.850000e-02 7.110564e-01
4.860000e-02 6.312687e-01
4.870000e-02 6.160119e-01
4.880000e-02 7.161333e-01
4.890000e-02 1.286063e+00
4.900000e-02 9.928710e-01
4.910000e-02 1.088312e+00
4.920000e-02 1.674511e+00
4.930000e-02 1.575567e+00
4.940000e-02 2.090818e+00
4.950000e-02 1.834159e+00
4.960000e-02 1.996567e+00
4.970000e-02 1.893994e+00
4.980000e-02 1.723362e+00
4.990000e-02 1.590542e+00
