-5.000000e-02 1.028305e-01
-4.990000e-02 1.040017e-01
-4.980000e-02 1.056461e-01
-4.970000e-02 1.078280e-01
-4.960000e-02 1.106356e-01
-4.950000e-02 1.141873e-01
-4.940000e-02 1.186421e-01
-4.930000e-02 1.242123e-01
-4.920000e-02 1.311796e-01
-4.910000e-02 1.399112e-01
-4.900000e-02 1.508692e-01
-4.890000e-02 1.645917e-01
-4.880000e-02 1.815982e-01
-4.870000e-02 2.021286e-01
-4.860000e-02 2.256093e-01
-4.850000e-02 2.498916e-01
-4.840000e-02 2.708674e-01
-4.830000e-02 2.836453e-01
-4.820000e-02 2.854209e-01
-4.810000e-02 2.774820e-01
-4.800000e-02 2.640261e-01
-4.790000e-02 2.493643e-01
-4.780000e-02 2.362777e-01
-4.770000e-02 2.259846e-01
-4.760000e-02 2.187372e-01
-4.750000e-02 2.143526e-01
-4.740000e-02 2.125188e-01
-4.730000e-02 2.129338e-01
-4.720000e-02 2.153555e-01
-4.710000e-02 2.196129e-01
-4.700000e-02 2.256019e-01
-4.690000e-02 2.332763e-01
-4.680000e-02 2.426398e-01
-4.670000e-02 2.537382e-01
-4.660000e-02 2.666514e-01
-4.650000e-02 2.814860e-01
-4.640000e-02 2.983651e-01
-4.630000e-02 3.174132e-01
-4.620000e-02 3.387350e-01
-4.610000e-02 3.623831e-01
-4.600000e-02 3.883136e-01
-4.590000e-02 4.163257e-01
-4.580000e-02 4.459931e-01
-4.570000e-02 4.765971e-01
-4.560000e-02 5.070917e-01
-4.550000e-02 5.361421e-01
-4.540000e-02 5.622785e-01
-4.530000e-02 5.841728e-01
-4.520000e-02 6.009710e-01
-4.510000e-02 6.125392e-01
-4.500000e-02 6.194776e-01
-4.490000e-02 6.228710e-01
-4.480000e-02 6.239039e-01
-4.470000e-02 6.235278e-01
-4.460000e-02 6.222974e-01
-4.450000e-02 6.203623e-01
-4.440000e-02 6.175418e-01
-4.430000e-02 6.134163e-01
-4.420000e-02 6.074107e-01
-4.410000e-02 5.988743e-01
-4.400000e-02 5.871705e-01
-4.390000e-02 5.717904e-01
-4.380000e-02 5.524926e-01
-4.370000e-02 5.294597e-01
-4.360000e-02 5.034450e-01
-4.350000e-02 4.758696e-01
-4.340000e-02 4.488208e-01
-4.330000e-02 4.249109e-01
-4.320000e-02 4.069845e-01
-4.310000e-02 3.977076e-01
-4.300000e-02 3.991216e-01
-4.290000e-02 4.122669e-01
-4.280000e-02 4.369763e-01
-4.270000e-02 4.718881e-01
-4.260000e-02 5.146683e-01
-4.250000e-02 5.623819e-01
-4.240000e-02 6.119209e-01
-4.230000e-02 6.604000e-01
-4.220000e-02 7.054439e-01
-4.210000e-02 7.453267e-01
-4.200000e-02 7.789629e-01
-4.190000e-02 8.057976e-01
-4.180000e-02 8.256666e-01
-4.170000e-02 8.386963e-01
-4.160000e-02 8.452787e-01
-4.150000e-02 8.461197e-01
-4.140000e-02 8.423362e-01
-4.130000e-02 8.355679e-01
-4.120000e-02 8.280641e-01
-4.110000e-02 8.226773e-01
-4.100000e-02 8.226481e-01
-4.090000e-02 8.310271e-01
-4.080000e-02 8.496354e-01
-4.070000e-02 8.777230e-01
-4.060000e-02 9.109448e-01
-4.050000e-02 9.416057e-01
-4.040000e-02 9.607472e-01
-4.030000e-02 9.614083e-01
-4.020000e-02 9.412601e-01
-4.010000e-02 9.030856e-01
-4.000000e-02 8.531201e-01
-3.990000e-02 7.985594e-01
-3.980000e-02 7.455590e-01
-3.970000e-02 6.982380e-01
-3.960000e-02 6.584777e-01
-3.950000e-02 6.260401e-01
-3.940000e-02 5.986614e-01
-3.930000e-02 5.722411e-01
-3.920000e-02 5.425084e-01
-3.910000e-02 5.116979e-01
-3.900000e-02 4.984913e-01
-3.890000e-02 5.156827e-01
-3.880000e-02 5.083628e-01
-3.870000e-02 4.218412e-01
-3.860000e-02 3.005698e-01
-3.850000e-02 2.026616e-01
-3.840000e-02 1.434542e-01
-3.830000e-02 1.159477e-01
-3.820000e-02 1.103996e-01
-3.810000e-02 1.199901e-01
-3.800000e-02 1.409991e-01
-3.790000e-02 1.719657e-01
-3.780000e-02 2.129532e-01
-3.770000e-02 2.649020e-01
-3.760000e-02 3.285686e-01
-3.750000e-02 4.018653e-01
-3.740000e-02 4.735292e-01
-3.730000e-02 5.145872e-01
-3.720000e-02 4.958196e-01
-3.710000e-02 4.691385e-01
-3.700000e-02 5.059334e-01
-3.690000e-02 5.119178e-01
-3.680000e-02 4.420247e-01
-3.670000e-02 3.505862e-01
-3.660000e-02 2.745792e-01
-3.650000e-02 2.217677e-01
-3.640000e-02 1.892514e-01
-3.630000e-02 1.726088e-01
-3.620000e-02 1.683812e-01
-3.610000e-02 1.743507e-01
-3.600000e-02 1.893063e-01
-3.590000e-02 2.127595e-01
-3.580000e-02 2.446752e-01
-3.570000e-02 2.851668e-01
-3.560000e-02 3.340363e-01
-3.550000e-02 3.899810e-01
-3.540000e-02 4.492308e-01
-3.530000e-02 5.034864e-01
-3.520000e-02 5.377498e-01
-3.510000e-02 5.308186e-01
-3.500000e-02 4.646375e-01
-3.490000e-02 3.467014e-01
-3.480000e-02 2.285336e-01
-3.470000e-02 1.800862e-01
-3.460000e-02 2.265345e-01
-3.450000e-02 3.290852e-01
-3.440000e-02 4.315802e-01
-3.430000e-02 5.021333e-01
-3.420000e-02 5.358940e-01
-3.410000e-02 5.410237e-01
-3.400000e-02 5.279257e-01
-3.390000e-02 5.049310e-01
-3.380000e-02 4.776123e-01
-3.370000e-02 4.493345e-01
-3.360000e-02 4.219740e-01
-3.350000e-02 3.964862e-01
-3.340000e-02 3.732872e-01
-3.330000e-02 3.524921e-01
-3.320000e-02 3.340577e-01
-3.310000e-02 3.178660e-01
-3.300000e-02 3.037718e-01
-3.290000e-02 2.916302e-01
-3.280000e-02 2.813107e-01
-3.270000e-02 2.727061e-01
-3.260000e-02 2.657368e-01
-3.250000e-02 2.603538e-01
-3.240000e-02 2.565404e-01
-3.230000e-02 2.543131e-01
-3.220000e-02 2.537205e-01
-3.210000e-02 2.548390e-01
-3.200000e-02 2.577590e-01
-3.190000e-02 2.625553e-01
-3.180000e-02 2.692284e-01
-3.170000e-02 2.775990e-01
-3.160000e-02 2.871481e-01
-3.150000e-02 2.968293e-01
-3.140000e-02 3.049676e-01
-3.130000e-02 3.094620e-01
-3.120000e-02 3.084534e-01
-3.110000e-02 3.012407e-01
-3.100000e-02 2.887757e-01
-3.090000e-02 2.732380e-01
-3.080000e-02 2.570220e-01
-3.070000e-02 2.419255e-01
-3.060000e-02 2.289179e-01
-3.050000e-02 2.183121e-01
-3.040000e-02 2.100376e-01
-3.030000e-02 2.038557e-01
-3.020000e-02 1.994856e-01
-3.010000e-02 1.966645e-01
-3.000000e-02 1.951706e-01
-2.990000e-02 1.948273e-01
-2.980000e-02 1.954992e-01
-2.970000e-02 1.970862e-01
-2.960000e-02 1.995175e-01
-2.950000e-02 2.027462e-01
-2.940000e-02 2.067451e-01
-2.930000e-02 2.115033e-01
-2.920000e-02 2.170241e-01
-2.910000e-02 2.233223e-01
-2.900000e-02 2.304238e-01
-2.890000e-02 2.383636e-01
-2.880000e-02 2.471856e-01
-2.870000e-02 2.569411e-01
-2.860000e-02 2.676885e-01
-2.850000e-02 2.794914e-01
-2.840000e-02 2.924174e-01
-2.830000e-02 3.065350e-01
-2.820000e-02 3.219105e-01
-2.810000e-02 3.386020e-01
-2.800000e-02 3.566519e-01
-2.790000e-02 3.760753e-01
-2.780000e-02 3.968449e-01
-2.770000e-02 4.188685e-01
-2.760000e-02 4.419599e-01
-2.750000e-02 4.658001e-01
-2.740000e-02 4.898870e-01
-2.730000e-02 5.134761e-01
-2.720000e-02 5.355133e-01
-2.710000e-02 5.545718e-01
-2.700000e-02 5.688143e-01
-2.690000e-02 5.760170e-01
-2.680000e-02 5.737148e-01
-2.670000e-02 5.595366e-01
-2.660000e-02 5.317898e-01
-2.650000e-02 4.902822e-01
-2.640000e-02 4.372141e-01
-2.630000e-02 3.777629e-01
-2.620000e-02 3.198452e-01
-2.610000e-02 2.727001e-01
-2.600000e-02 2.444991e-01
-2.590000e-02 2.399015e-01
-2.580000e-02 2.587386e-01
-2.570000e-02 2.964609e-01
-2.560000e-02 3.459858e-01
-2.550000e-02 3.999205e-01
-2.540000e-02 4.522288e-01
-2.530000e-02 4.989672e-01
-2.520000e-02 5.382351e-01
-2.510000e-02 5.697009e-01
-2.500000e-02 5.940221e-01
-2.490000e-02 6.123451e-01
-2.480000e-02 6.259447e-01
-2.470000e-02 6.359964e-01
-2.460000e-02 6.434426e-01
-2.450000e-02 6.489154e-01
-2.440000e-02 6.526845e-01
-2.430000e-02 6.546078e-01
-2.420000e-02 6.540779e-01
-2.410000e-02 6.499684e-01
-2.400000e-02 6.406074e-01
-2.390000e-02 6.238421e-01
-2.380000e-02 5.973014e-01
-2.370000e-02 5.590056e-01
-2.360000e-02 5.084457e-01
-2.350000e-02 4.480545e-01
-2.340000e-02 3.845172e-01
-2.330000e-02 3.287806e-01
-2.320000e-02 2.935819e-01
-2.310000e-02 2.886519e-01
-2.300000e-02 3.160406e-01
-2.290000e-02 3.688765e-01
-2.280000e-02 4.345878e-01
-2.270000e-02 5.001972e-01
-2.260000e-02 5.563368e-01
-2.250000e-02 5.984967e-01
-2.240000e-02 6.261602e-01
-2.230000e-02 6.411851e-01
-2.220000e-02 6.463803e-01
-2.210000e-02 6.446007e-01
-2.200000e-02 6.383082e-01
-2.190000e-02 6.294372e-01
-2.180000e-02 6.194166e-01
-2.170000e-02 6.092549e-01
-2.160000e-02 5.996363e-01
-2.150000e-02 5.910074e-01
-2.140000e-02 5.836459e-01
-2.130000e-02 5.777132e-01
-2.120000e-02 5.732915e-01
-2.110000e-02 5.704102e-01
-2.100000e-02 5.690636e-01
-2.090000e-02 5.692220e-01
-2.080000e-02 5.708384e-01
-2.070000e-02 5.738517e-01
-2.060000e-02 5.781865e-01
-2.050000e-02 5.837512e-01
-2.040000e-02 5.904334e-01
-2.030000e-02 5.980939e-01
-2.020000e-02 6.065582e-01
-2.010000e-02 6.156067e-01
-2.000000e-02 6.249639e-01
-1.990000e-02 6.342873e-01
-1.980000e-02 6.431577e-01
-1.970000e-02 6.510742e-01
-1.960000e-02 6.574572e-01
-1.950000e-02 6.616648e-01
-1.940000e-02 6.630290e-01
-1.930000e-02 6.609142e-01
-1.920000e-02 6.548010e-01
-1.910000e-02 6.443873e-01
-1.900000e-02 6.296913e-01
-1.890000e-02 6.111302e-01
-1.880000e-02 5.895477e-01
-1.870000e-02 5.661680e-01
-1.860000e-02 5.424773e-01
-1.850000e-02 5.200550e-01
-1.840000e-02 5.003934e-01
-1.830000e-02 4.847413e-01
-1.820000e-02 4.739882e-01
-1.810000e-02 4.685856e-01
-1.800000e-02 4.684935e-01
-1.790000e-02 4.731520e-01
-1.780000e-02 4.814951e-01
-1.770000e-02 4.920355e-01
-1.760000e-02 5.030331e-01
-1.750000e-02 5.127287e-01
-1.740000e-02 5.195873e-01
-1.730000e-02 5.224851e-01
-1.720000e-02 5.207942e-01
-1.710000e-02 5.143604e-01
-1.700000e-02 5.034020e-01
-1.690000e-02 4.883786e-01
-1.680000e-02 4.698668e-01
-1.670000e-02 4.484686e-01
-1.660000e-02 4.247571e-01
-1.650000e-02 3.992555e-01
-1.640000e-02 3.724375e-01
-1.630000e-02 3.447387e-01
-1.620000e-02 3.165713e-01
-1.610000e-02 2.883354e-01
-1.600000e-02 2.604250e-01
-1.590000e-02 2.332271e-01
-1.580000e-02 2.071169e-01
-1.570000e-02 1.824487e-01
-1.560000e-02 1.595476e-01
-1.550000e-02 1.387012e-01
-1.540000e-02 1.201543e-01
-1.530000e-02 1.041079e-01
-1.520000e-02 9.071992e-02
-1.510000e-02 8.011031e-02
-1.500000e-02 7.236702e-02
-1.490000e-02 6.755371e-02
-1.480000e-02 6.571739e-02
-1.470000e-02 6.689549e-02
-1.460000e-02 7.112178e-02
-1.450000e-02 7.843043e-02
-1.440000e-02 8.885789e-02
-1.430000e-02 1.024421e-01
-1.420000e-02 1.192183e-01
-1.410000e-02 1.392115e-01
-1.400000e-02 1.624231e-01
-1.390000e-02 1.888133e-01
-1.380000e-02 2.182758e-01
-1.370000e-02 2.506052e-01
-1.360000e-02 2.854564e-01
-1.350000e-02 3.222967e-01
-1.340000e-02 3.603519e-01
-1.330000e-02 3.985539e-01
-1.320000e-02 4.354976e-01
-1.310000e-02 4.694234e-01
-1.300000e-02 4.982456e-01
-1.290000e-02 5.196509e-01
-1.280000e-02 5.312886e-01
-1.270000e-02 5.310591e-01
-1.260000e-02 5.174830e-01
-1.250000e-02 4.900919e-01
-1.240000e-02 4.497449e-01
-1.230000e-02 3.987569e-01
-1.220000e-02 3.407484e-01
-1.210000e-02 2.802007e-01
-1.200000e-02 2.217986e-01
-1.190000e-02 1.697253e-01
-1.180000e-02 1.270921e-01
-1.170000e-02 9.563621e-02
-1.160000e-02 7.571702e-02
-1.150000e-02 6.655404e-02
-1.140000e-02 6.659399e-02
-1.130000e-02 7.389667e-02
-1.120000e-02 8.646073e-02
-1.110000e-02 1.024537e-01
-1.100000e-02 1.203452e-01
-1.090000e-02 1.389618e-01
-1.080000e-02 1.574901e-01
-1.070000e-02 1.754495e-01
-1.060000e-02 1.926532e-01
-1.050000e-02 2.091653e-01
-1.040000e-02 2.252584e-01
-1.030000e-02 2.413689e-01
-1.020000e-02 2.580456e-01
-1.010000e-02 2.758837e-01
-1.000000e-02 2.954431e-01
-9.900000e-03 3.171508e-01
-9.800000e-03 3.411998e-01
-9.700000e-03 3.674642e-01
-9.600000e-03 3.954562e-01
-9.500000e-03 4.243454e-01
-9.400000e-03 4.530476e-01
-9.300000e-03 4.803698e-01
-9.200000e-03 5.051770e-01
-9.100000e-03 5.265435e-01
-9.000000e-03 5.438541e-01
-8.900000e-03 5.568411e-01
-8.800000e-03 5.655626e-01
-8.700000e-03 5.703381e-01
-8.600000e-03 5.716657e-01
-8.500000e-03 5.701405e-01
-8.400000e-03 5.663848e-01
-8.300000e-03 5.609986e-01
-8.200000e-03 5.545282e-01
-8.100000e-03 5.474512e-01
-8.000000e-03 5.401730e-01
-7.900000e-03 5.330314e-01
-7.800000e-03 5.263056e-01
-7.700000e-03 5.202279e-01
-7.600000e-03 5.149954e-01
-7.500000e-03 5.107828e-01
-7.400000e-03 5.077526e-01
-7.300000e-03 5.060665e-01
-7.200000e-03 5.058921e-01
-7.100000e-03 5.074058e-01
-7.000000e-03 5.107833e-01
-6.900000e-03 5.161605e-01
-6.800000e-03 5.235270e-01
-6.700000e-03 5.324644e-01
-6.600000e-03 5.415665e-01
-6.500000e-03 5.474081e-01
-6.400000e-03 5.439464e-01
-6.300000e-03 5.276584e-01
-6.200000e-03 5.132204e-01
-6.100000e-03 5.196800e-01
-6.000000e-03 5.253831e-01
-5.900000e-03 5.068932e-01
-5.800000e-03 5.051058e-01
-5.700000e-03 5.420996e-01
-5.600000e-03 4.899090e-01
-5.500000e-03 4.221384e-01
-5.400000e-03 3.787155e-01
-5.300000e-03 3.545908e-01
-5.200000e-03 3.417721e-01
-5.100000e-03 3.353645e-01
-5.000000e-03 3.326767e-01
-4.900000e-03 3.322225e-01
-4.800000e-03 3.331548e-01
-4.700000e-03 3.349720e-01
-4.600000e-03 3.373652e-01
-4.500000e-03 3.401362e-01
-4.400000e-03 3.431524e-01
-4.300000e-03 3.463201e-01
-4.200000e-03 3.495702e-01
-4.100000e-03 3.528479e-01
-4.000000e-03 3.561077e-01
-3.900000e-03 3.593094e-01
-3.800000e-03 3.624159e-01
-3.700000e-03 3.653918e-01
-3.600000e-03 3.682026e-01
-3.500000e-03 3.708140e-01
-3.400000e-03 3.731924e-01
-3.300000e-03 3.753042e-01
-3.200000e-03 3.771172e-01
-3.100000e-03 3.786009e-01
-3.000000e-03 3.797280e-01
-2.900000e-03 3.804760e-01
-2.800000e-03 3.808297e-01
-2.700000e-03 3.807839e-01
-2.600000e-03 3.803483e-01
-2.500000e-03 3.795517e-01
-2.400000e-03 3.784492e-01
-2.300000e-03 3.771300e-01
-2.200000e-03 3.757266e-01
-2.100000e-03 3.744273e-01
-2.000000e-03 3.734896e-01
-1.900000e-03 3.732586e-01
-1.800000e-03 3.741901e-01
-1.700000e-03 3.768829e-01
-1.600000e-03 3.821205e-01
-1.500000e-03 3.909212e-01
-1.400000e-03 4.045661e-01
-1.300000e-03 4.245029e-01
-1.200000e-03 4.517817e-01
-1.100000e-03 4.850491e-01
-1.000000e-03 5.148060e-01
-9.000000e-04 5.113616e-01
-8.000000e-04 4.185043e-01
-7.000000e-04 2.170616e-01
-6.000000e-04 5.766363e-02
-5.000000e-04 1.063494e-01
-4.000000e-04 2.718083e-01
-3.000000e-04 4.093964e-01
-2.000000e-04 4.840198e-01
-1.000000e-04 5.135030e-01
1.429412e-15 5.183111e-01
1.000000e-04 5.110863e-01
2.000000e-04 4.984301e-01
3.000000e-04 4.835697e-01
4.000000e-04 4.680234e-01
5.000000e-04 4.524751e-01
6.000000e-04 4.372095e-01
7.000000e-04 4.223245e-01
8.000000e-04 4.078355e-01
9.000000e-04 3.937252e-01
1.000000e-03 3.799671e-01
1.100000e-03 3.665364e-01
1.200000e-03 3.534136e-01
1.300000e-03 3.405862e-01
1.400000e-03 3.280475e-01
1.500000e-03 3.157964e-01
1.600000e-03 3.038359e-01
1.700000e-03 2.921718e-01
1.800000e-03 2.808120e-01
1.900000e-03 2.697657e-01
2.000000e-03 2.590426e-01
2.100000e-03 2.486523e-01
2.200000e-03 2.386041e-01
2.300000e-03 2.289068e-01
2.400000e-03 2.195681e-01
2.500000e-03 2.105950e-01
2.600000e-03 2.019933e-01
2.700000e-03 1.937680e-01
2.800000e-03 1.859229e-01
2.900000e-03 1.784611e-01
3.000000e-03 1.713848e-01
3.100000e-03 1.646956e-01
3.200000e-03 1.583945e-01
3.300000e-03 1.524819e-01
3.400000e-03 1.469580e-01
3.500000e-03 1.418228e-01
3.600000e-03 1.370764e-01
3.700000e-03 1.327187e-01
3.800000e-03 1.287503e-01
3.900000e-03 1.251717e-01
4.000000e-03 1.219844e-01
4.100000e-03 1.191905e-01
4.200000e-03 1.167928e-01
4.300000e-03 1.147954e-01
4.400000e-03 1.132035e-01
4.500000e-03 1.120239e-01
4.600000e-03 1.112647e-01
4.700000e-03 1.109361e-01
4.800000e-03 1.110501e-01
4.900000e-03 1.116212e-01
5.000000e-03 1.126661e-01
5.100000e-03 1.142045e-01
5.200000e-03 1.162589e-01
5.300000e-03 1.188550e-01
5.400000e-03 1.220222e-01
5.500000e-03 1.257934e-01
5.600000e-03 1.302055e-01
5.700000e-03 1.352994e-01
5.800000e-03 1.411200e-01
5.900000e-03 1.477161e-01
6.000000e-03 1.551401e-01
6.100000e-03 1.634472e-01
6.200000e-03 1.726944e-01
6.300000e-03 1.829383e-01
6.400000e-03 1.942334e-01
6.500000e-03 2.066275e-01
6.600000e-03 2.201576e-01
6.700000e-03 2.348425e-01
6.800000e-03 2.506754e-01
6.900000e-03 2.676132e-01
7.000000e-03 2.855649e-01
7.100000e-03 3.043792e-01
7.200000e-03 3.238337e-01
7.300000e-03 3.436265e-01
7.400000e-03 3.633764e-01
7.500000e-03 3.826349e-01
7.600000e-03 4.009136e-01
7.700000e-03 4.177285e-01
7.800000e-03 4.326573e-01
7.900000e-03 4.453986e-01
8.000000e-03 4.558174e-01
8.100000e-03 4.639641e-01
8.200000e-03 4.700627e-01
8.300000e-03 4.744666e-01
8.400000e-03 4.775398e-01
8.500000e-03 4.791899e-01
8.600000e-03 4.771697e-01
8.700000e-03 4.643034e-01
8.800000e-03 4.362932e-01
8.900000e-03 4.058426e-01
9.000000e-03 3.817000e-01
9.100000e-03 3.619341e-01
9.200000e-03 3.439446e-01
9.300000e-03 3.266047e-01
9.400000e-03 3.096066e-01
9.500000e-03 2.929600e-01
9.600000e-03 2.767704e-01
9.700000e-03 2.611527e-01
9.800000e-03 2.462002e-01
9.900000e-03 2.319771e-01
1.000000e-02 2.185191e-01
1.010000e-02 2.058385e-01
1.020000e-02 1.939293e-01
1.030000e-02 1.827718e-01
1.040000e-02 1.723370e-01
1.050000e-02 1.625899e-01
1.060000e-02 1.534917e-01
1.070000e-02 1.450024e-01
1.080000e-02 1.370814e-01
1.090000e-02 1.296890e-01
1.100000e-02 1.227868e-01
1.110000e-02 1.163384e-01
1.120000e-02 1.103091e-01
1.130000e-02 1.046667e-01
1.140000e-02 9.938093e-02
1.150000e-02 9.442368e-02
1.160000e-02 8.976894e-02
1.170000e-02 8.539263e-02
1.180000e-02 8.127248e-02
1.190000e-02 7.738792e-02
1.200000e-02 7.371992e-02
1.210000e-02 7.025089e-02
1.220000e-02 6.696456e-02
1.230000e-02 6.384584e-02
1.240000e-02 6.088072e-02
1.250000e-02 5.805617e-02
1.260000e-02 5.536009e-02
1.270000e-02 5.278119e-02
1.280000e-02 5.030896e-02
1.290000e-02 4.793365e-02
1.300000e-02 4.564629e-02
1.310000e-02 4.343875e-02
1.320000e-02 4.130389e-02
1.330000e-02 3.923586e-02
1.340000e-02 3.723060e-02
1.350000e-02 3.528670e-02
1.360000e-02 3.340679e-02
1.370000e-02 3.160002e-02
1.380000e-02 2.988621e-02
1.390000e-02 2.830317e-02
1.400000e-02 2.691977e-02
1.410000e-02 2.586008e-02
1.420000e-02 2.534910e-02
1.430000e-02 2.580194e-02
1.440000e-02 2.800160e-02
1.450000e-02 3.345181e-02
1.460000e-02 4.502171e-02
1.470000e-02 6.771400e-02
1.480000e-02 1.073166e-01
1.490000e-02 1.595932e-01
1.500000e-02 1.965987e-01
1.510000e-02 1.970470e-01
1.520000e-02 1.754003e-01
1.530000e-02 1.506964e-01
1.540000e-02 1.300885e-01
1.550000e-02 1.143099e-01
1.560000e-02 1.024439e-01
1.570000e-02 9.348917e-02
1.580000e-02 8.667744e-02
1.590000e-02 8.146877e-02
1.600000e-02 7.749351e-02
1.610000e-02 7.450081e-02
1.620000e-02 7.232238e-02
1.630000e-02 7.084854e-02
1.640000e-02 7.001308e-02
1.650000e-02 6.978390e-02
1.660000e-02 7.015783e-02
1.670000e-02 7.115839e-02
1.680000e-02 7.283597e-02
1.690000e-02 7.527020e-02
1.700000e-02 7.857441e-02
1.710000e-02 8.290258e-02
1.720000e-02 8.845880e-02
1.730000e-02 9.550988e-02
1.740000e-02 1.044007e-01
1.750000e-02 1.155722e-01
1.760000e-02 1.295777e-01
1.770000e-02 1.470920e-01
1.780000e-02 1.688946e-01
1.790000e-02 1.957973e-01
1.800000e-02 2.284609e-01
1.810000e-02 2.670367e-01
1.820000e-02 3.106110e-01
1.830000e-02 3.566261e-01
1.840000e-02 4.008286e-01
1.850000e-02 4.384519e-01
1.860000e-02 4.664488e-01
1.870000e-02 4.849834e-01
1.880000e-02 4.967211e-01
1.890000e-02 5.049914e-01
1.900000e-02 5.125438e-01
1.910000e-02 5.208945e-01
1.920000e-02 5.296439e-01
1.930000e-02 5.363406e-01
1.940000e-02 5.391884e-01
1.950000e-02 5.412913e-01
1.960000e-02 5.415362e-01
1.970000e-02 5.213931e-01
1.980000e-02 4.708358e-01
1.990000e-02 4.050169e-01
2.000000e-02 3.420301e-01
2.010000e-02 2.898953e-01
2.020000e-02 2.493758e-01
2.030000e-02 2.185904e-01
2.040000e-02 1.952951e-01
2.050000e-02 1.776048e-01
2.060000e-02 1.640977e-01
2.070000e-02 1.537410e-01
2.080000e-02 1.457906e-01
2.090000e-02 1.397078e-01
2.100000e-02 1.350969e-01
2.110000e-02 1.316623e-01
2.120000e-02 1.291785e-01
2.130000e-02 1.274695e-01
2.140000e-02 1.263952e-01
2.150000e-02 1.258413e-01
2.160000e-02 1.257132e-01
2.170000e-02 1.259310e-01
2.180000e-02 1.264271e-01
2.190000e-02 1.271436e-01
2.200000e-02 1.280311e-01
2.210000e-02 1.290476e-01
2.220000e-02 1.301575e-01
2.230000e-02 1.313315e-01
2.240000e-02 1.325452e-01
2.250000e-02 1.337794e-01
2.260000e-02 1.350189e-01
2.270000e-02 1.362523e-01
2.280000e-02 1.374717e-01
2.290000e-02 1.386716e-01
2.300000e-02 1.398492e-01
2.310000e-02 1.410035e-01
2.320000e-02 1.421352e-01
2.330000e-02 1.432464e-01
2.340000e-02 1.443400e-01
2.350000e-02 1.454202e-01
2.360000e-02 1.464916e-01
2.370000e-02 1.475594e-01
2.380000e-02 1.486294e-01
2.390000e-02 1.497076e-01
2.400000e-02 1.508002e-01
2.410000e-02 1.519135e-01
2.420000e-02 1.530536e-01
2.430000e-02 1.542257e-01
2.440000e-02 1.554337e-01
2.450000e-02 1.566791e-01
2.460000e-02 1.579583e-01
2.470000e-02 1.592593e-01
2.480000e-02 1.605549e-01
2.490000e-02 1.617906e-01
2.500000e-02 1.628622e-01
2.510000e-02 1.635729e-01
2.520000e-02 1.635513e-01
2.530000e-02 1.620909e-01
2.540000e-02 1.578502e-01
2.550000e-02 1.483723e-01
2.560000e-02 1.297686e-01
2.570000e-02 9.860526e-02
2.580000e-02 5.981846e-02
2.590000e-02 3.196276e-02
2.600000e-02 2.754045e-02
2.610000e-02 3.914014e-02
2.620000e-02 5.539956e-02
2.630000e-02 7.076874e-02
2.640000e-02 8.381181e-02
2.650000e-02 9.461050e-02
2.660000e-02 1.036086e-01
2.670000e-02 1.112485e-01
2.680000e-02 1.178884e-01
2.690000e-02 1.238018e-01
2.700000e-02 1.291946e-01
2.710000e-02 1.342231e-01
2.720000e-02 1.390075e-01
2.730000e-02 1.436424e-01
2.740000e-02 1.482039e-01
2.750000e-02 1.527551e-01
2.760000e-02 1.573495e-01
2.770000e-02 1.620341e-01
2.780000e-02 1.668509e-01
2.790000e-02 1.718388e-01
2.800000e-02 1.770347e-01
2.810000e-02 1.824744e-01
2.820000e-02 1.881931e-01
2.830000e-02 1.942262e-01
2.840000e-02 2.006100e-01
2.850000e-02 2.073816e-01
2.860000e-02 2.145795e-01
2.870000e-02 2.222442e-01
2.880000e-02 2.304178e-01
2.890000e-02 2.391444e-01
2.900000e-02 2.484699e-01
2.910000e-02 2.584422e-01
2.920000e-02 2.691102e-01
2.930000e-02 2.805231e-01
2.940000e-02 2.927292e-01
2.950000e-02 3.057737e-01
2.960000e-02 3.196955e-01
2.970000e-02 3.345225e-01
2.980000e-02 3.502649e-01
2.990000e-02 3.669056e-01
3.000000e-02 3.843856e-01
3.010000e-02 4.025852e-01
3.020000e-02 4.212956e-01
3.030000e-02 4.401806e-01
3.040000e-02 4.587248e-01
3.050000e-02 4.761642e-01
3.060000e-02 4.913989e-01
3.070000e-02 5.028903e-01
3.080000e-02 5.085574e-01
3.090000e-02 5.057084e-01
3.100000e-02 4.910856e-01
3.110000e-02 4.611623e-01
3.120000e-02 4.128981e-01
3.130000e-02 3.451657e-01
3.140000e-02 2.608645e-01
3.150000e-02 1.691216e-01
3.160000e-02 8.599393e-02
3.170000e-02 3.151573e-02
3.180000e-02 2.239482e-02
3.190000e-02 6.355554e-02
3.200000e-02 1.446310e-01
3.210000e-02 2.447258e-01
3.220000e-02 3.419787e-01
3.230000e-02 4.212285e-01
3.240000e-02 4.762708e-01
3.250000e-02 5.078851e-01
3.260000e-02 5.205326e-01
3.270000e-02 5.196787e-01
3.280000e-02 5.102834e-01
3.290000e-02 4.962263e-01
3.300000e-02 4.802633e-01
3.310000e-02 4.642084e-01
3.320000e-02 4.491675e-01
3.330000e-02 4.357491e-01
3.340000e-02 4.242285e-01
3.350000e-02 4.146664e-01
3.360000e-02 4.069905e-01
3.370000e-02 4.010500e-01
3.380000e-02 3.966516e-01
3.390000e-02 3.935826e-01
3.400000e-02 3.916275e-01
3.410000e-02 3.905776e-01
3.420000e-02 3.902393e-01
3.430000e-02 3.904390e-01
3.440000e-02 3.910264e-01
3.450000e-02 3.918765e-01
3.460000e-02 3.928895e-01
3.470000e-02 3.939902e-01
3.480000e-02 3.951254e-01
3.490000e-02 3.962614e-01
3.500000e-02 3.973807e-01
3.510000e-02 3.984783e-01
3.520000e-02 3.995592e-01
3.530000e-02 4.006353e-01
3.540000e-02 4.017233e-01
3.550000e-02 4.028427e-01
3.560000e-02 4.040150e-01
3.570000e-02 4.052621e-01
3.580000e-02 4.066057e-01
3.590000e-02 4.080672e-01
3.600000e-02 4.096664e-01
3.610000e-02 4.114214e-01
3.620000e-02 4.133471e-01
3.630000e-02 4.154535e-01
3.640000e-02 4.177431e-01
3.650000e-02 4.202059e-01
3.660000e-02 4.228121e-01
3.670000e-02 4.254995e-01
3.680000e-02 4.281535e-01
3.690000e-02 4.305770e-01
3.700000e-02 4.324427e-01
3.710000e-02 4.332281e-01
3.720000e-02 4.321397e-01
3.730000e-02 4.280673e-01
3.740000e-02 4.196810e-01
3.750000e-02 4.058550e-01
3.760000e-02 3.865097e-01
3.770000e-02 3.634422e-01
3.780000e-02 3.401562e-01
3.790000e-02 3.203299e-01
3.800000e-02 3.061448e-01
3.810000e-02 2.978497e-01
3.820000e-02 2.944444e-01
3.830000e-02 2.945505e-01
3.840000e-02 2.969343e-01
3.850000e-02 3.006767e-01
3.860000e-02 3.051590e-01
3.870000e-02 3.099908e-01
3.880000e-02 3.149371e-01
3.890000e-02 3.198633e-01
3.900000e-02 3.246967e-01
3.910000e-02 3.294019e-01
3.920000e-02 3.339659e-01
3.930000e-02 3.383880e-01
3.940000e-02 3.426744e-01
3.950000e-02 3.468345e-01
3.960000e-02 3.508791e-01
3.970000e-02 3.548191e-01
3.980000e-02 3.586645e-01
3.990000e-02 3.624247e-01
4.000000e-02 3.661078e-01
4.010000e-02 3.697211e-01
4.020000e-02 3.732705e-01
4.030000e-02 3.767610e-01
4.040000e-02 3.801967e-01
4.050000e-02 3.835807e-01
4.060000e-02 3.869155e-01
4.070000e-02 3.902027e-01
4.080000e-02 3.934434e-01
4.090000e-02 3.966383e-01
4.100000e-02 3.997874e-01
4.110000e-02 4.028905e-01
4.120000e-02 4.059468e-01
4.130000e-02 4.089554e-01
4.140000e-02 4.119151e-01
4.150000e-02 4.148246e-01
4.160000e-02 4.176824e-01
4.170000e-02 4.204868e-01
4.180000e-02 4.232363e-01
4.190000e-02 4.259291e-01
4.200000e-02 4.285636e-01
4.210000e-02 4.311382e-01
4.220000e-02 4.336515e-01
4.230000e-02 4.361019e-01
4.240000e-02 4.384884e-01
4.250000e-02 4.408098e-01
4.260000e-02 4.430653e-01
4.270000e-02 4.452543e-01
4.280000e-02 4.473763e-01
4.290000e-02 4.494312e-01
4.300000e-02 4.514191e-01
4.310000e-02 4.533405e-01
4.320000e-02 4.551959e-01
4.330000e-02 4.569865e-01
4.340000e-02 4.587135e-01
4.350000e-02 4.603783e-01
4.360000e-02 4.619831e-01
4.370000e-02 4.635297e-01
4.380000e-02 4.650208e-01
4.390000e-02 4.664590e-01
4.400000e-02 4.678473e-01
4.410000e-02 4.691889e-01
4.420000e-02 4.704872e-01
4.430000e-02 4.717458e-01
4.440000e-02 4.729685e-01
4.450000e-02 4.741592e-01
4.460000e-02 4.753221e-01
4.470000e-02 4.764610e-01
4.480000e-02 4.775800e-01
4.490000e-02 4.786833e-01
4.500000e-02 4.797745e-01
4.510000e-02 4.808573e-01
4.520000e-02 4.819350e-01
4.530000e-02 4.830104e-01
4.540000e-02 4.840859e-01
4.550000e-02 4.851630e-01
4.560000e-02 4.862425e-01
4.570000e-02 4.873242e-01
4.580000e-02 4.884066e-01
4.590000e-02 4.894872e-01
4.600000e-02 4.905619e-01
4.610000e-02 4.916248e-01
4.620000e-02 4.926690e-01
4.630000e-02 4.936856e-01
4.640000e-02 4.946646e-01
4.650000e-02 4.955949e-01
4.660000e-02 4.964651e-01
4.670000e-02 4.972637e-01
4.680000e-02 4.979811e-01
4.690000e-02 4.986097e-01
4.700000e-02 4.991461e-01
4.710000e-02 4.995920e-01
4.720000e-02 4.999548e-01
4.730000e-02 5.002478e-01
4.740000e-02 5.004873e-01
4.750000e-02 5.006886e-01
4.760000e-02 5.008572e-01
4.770000e-02 5.009779e-01
4.780000e-02 5.010012e-01
4.790000e-02 5.008327e-01
4.800000e-02 5.003349e-01
4.810000e-02 4.993604e-01
4.820000e-02 4.978589e-01
4.830000e-02 4.961686e-01
4.840000e-02 4.958439e-01
4.850000e-02 5.023924e-01
4.860000e-02 5.362512e-01
4.870000e-02 6.741148e-01
4.880000e-02 8.355324e-01
4.890000e-02 6.977619e-01
4.900000e-02 5.539765e-01
4.910000e-02 4.705467e-01
4.920000e-02 4.155393e-01
4.930000e-02 3.729103e-01
4.940000e-02 3.366772e-01
4.950000e-02 3.044841e-01
4.960000e-02 2.753404e-01
4.970000e-02 2.487982e-01
4.980000e-02 2.246267e-01
4.990000e-02 2.026765e-01
