0.000000e+00 5.050677e+00
6.000000e-02 4.722278e+00
1.200000e-01 4.349041e+00
1.800000e-01 4.130157e+00
2.400000e-01 3.756064e+00
3.000000e-01 3.084912e+00
3.600000e-01 2.595129e+00
4.200000e-01 2.381364e+00
4.800000e-01 2.239664e+00
5.400000e-01 2.106367e+00
6.000000e-01 1.990929e+00
6.600000e-01 1.909265e+00
7.200000e-01 1.850402e+00
7.800000e-01 1.737151e+00
8.400000e-01 1.524497e+00
9.000000e-01 1.699367e+00
9.600000e-01 2.053784e+00
1.020000e+00 2.142244e+00
1.080000e+00 1.772897e+00
1.140000e+00 1.118327e+00
1.200000e+00 5.381173e-01
1.260000e+00 2.665470e-01
1.320000e+00 2.112040e-01
1.380000e+00 4.223844e-01
1.440000e+00 1.113561e+00
1.500000e+00 1.211652e+00
1.560000e+00 7.670133e-01
1.620000e+00 2.170473e+00
1.680000e+00 2.706575e+00
1.740000e+00 1.258175e+00
1.800000e+00 1.577551e+00
1.860000e+00 1.473491e+00
1.920000e+00 1.599731e-01
1.980000e+00 9.956067e-01
2.040000e+00 4.690649e-01
2.100000e+00 1.714259e-01
2.160000e+00 9.675129e-02
2.220000e+00 1.857223e+00
2.280000e+00 1.218744e-01
2.340000e+00 1.548156e+00
2.400000e+00 3.018273e-02
2.460000e+00 1.519232e-02
2.520000e+00 7.145084e-03
2.580000e+00 2.443856e-03
2.640000e+00 1.640159e-03
2.700000e+00 2.637244e-01
2.760000e+00 1.108216e-03
2.820000e+00 2.033283e-03
2.880000e+00 1.386791e-02
2.940000e+00 9.402874e-02
3.000000e+00 2.553969e-03
3.060000e+00 3.059638e-03
3.120000e+00 4.608302e-03
3.180000e+00 5.078807e-02
3.240000e+00 3.455678e-03
3.300000e+00 1.535492e-03
3.360000e+00 2.185273e-03
3.420000e+00 6.227321e-02
3.480000e+00 6.939722e-02
3.540000e+00 6.089725e-05
3.600000e+00 5.080372e-04
3.660000e+00 3.139113e-04
3.720000e+00 4.953978e-04
3.780000e+00 7.893532e-02
3.840000e+00 2.724968e-04
3.900000e+00 1.229472e-03
3.960000e+00 5.605288e-04
4.020000e+00 7.504303e-05
4.080000e+00 1.622252e-05
4.140000e+00 9.670331e-07
4.200000e+00 1.130647e-05
4.260000e+00 4.133825e-08
4.320000e+00 2.353928e-05
4.380000e+00 7.536931e-06
4.440000e+00 7.539500e-06
4.500000e+00 1.521139e-06
4.560000e+00 4.739920e-08
4.620000e+00 1.506326e-08
4.680000e+00 5.536714e-09
4.740000e+00 1.096278e-08
4.800000e+00 1.480284e-07
4.860000e+00 4.885129e-08
4.920000e+00 2.133397e-08
4.980000e+00 2.630220e-07
5.040000e+00 5.923670e-05
5.100000e+00 3.154208e-06
5.160000e+00 1.549168e-06
5.220000e+00 4.345090e-05
5.280000e+00 1.457069e-07
5.340000e+00 8.436707e-07
5.400000e+00 3.032073e-02
5.460000e+00 6.941826e-06
5.520000e+00 4.159428e-07
5.580000e+00 2.055443e-08
5.640000e+00 1.678046e-08
5.700000e+00 4.759036e-08
5.760000e+00 1.693067e-09
5.820000e+00 6.339391e-10
5.880000e+00 1.337741e-10
5.940000e+00 1.156182e-10
