0.000000e+00 5.050677e+00
6.000000e-02 5.054908e+00
1.200000e-01 4.891001e+00
1.800000e-01 4.241239e+00
2.400000e-01 4.469242e+00
3.000000e-01 4.563565e+00
3.600000e-01 4.184306e+00
4.200000e-01 3.421277e+00
4.800000e-01 2.847683e+00
5.400000e-01 2.528866e+00
6.000000e-01 2.389743e+00
6.600000e-01 2.408843e+00
7.200000e-01 2.596842e+00
7.800000e-01 2.953027e+00
8.400000e-01 2.960907e+00
9.000000e-01 2.104481e+00
9.600000e-01 1.585446e+00
1.020000e+00 1.487939e+00
1.080000e+00 1.381182e+00
1.140000e+00 1.309402e+00
1.200000e+00 1.469649e+00
1.260000e+00 1.280014e+00
1.320000e+00 1.360169e+00
1.380000e+00 3.728454e-01
1.440000e+00 7.708143e-02
1.500000e+00 3.547180e-02
1.560000e+00 3.088089e-02
1.620000e+00 2.190940e-01
1.680000e+00 1.039149e-01
1.740000e+00 2.711896e-01
1.800000e+00 1.310402e+00
1.860000e+00 2.715039e-01
1.920000e+00 3.424026e-01
1.980000e+00 7.608279e-02
2.040000e+00 7.324148e-01
2.100000e+00 1.465934e-01
2.160000e+00 2.360874e-02
2.220000e+00 1.364096e-02
2.280000e+00 1.318161e-02
2.340000e+00 8.928768e-03
2.400000e+00 9.481990e-02
2.460000e+00 1.246337e-01
2.520000e+00 1.656114e+00
2.580000e+00 3.313124e-03
2.640000e+00 1.609865e-03
2.700000e+00 1.886299e-03
2.760000e+00 5.738086e-01
2.820000e+00 1.196553e-01
2.880000e+00 3.552403e-02
2.940000e+00 3.002547e-02
3.000000e+00 7.512334e-03
3.060000e+00 2.483905e-03
3.120000e+00 1.016281e-02
3.180000e+00 1.136971e-03
3.240000e+00 4.535697e-03
3.300000e+00 2.334459e-04
3.360000e+00 1.256183e-02
3.420000e+00 2.700671e-05
3.480000e+00 5.628771e-06
3.540000e+00 2.334901e-05
3.600000e+00 6.237699e-06
3.660000e+00 1.251895e-06
3.720000e+00 9.640264e-06
3.780000e+00 8.208689e-02
3.840000e+00 5.311715e-06
3.900000e+00 7.981616e-07
3.960000e+00 2.747349e-06
4.020000e+00 9.729700e-06
4.080000e+00 1.662567e-03
4.140000e+00 1.990178e-03
4.200000e+00 1.181869e-06
4.260000e+00 2.136579e-08
4.320000e+00 2.729119e-09
4.380000e+00 5.945451e-09
4.440000e+00 3.098239e-07
4.500000e+00 1.377389e-06
4.560000e+00 4.257386e-09
4.620000e+00 1.611021e-07
4.680000e+00 4.280616e-08
4.740000e+00 2.331310e-09
4.800000e+00 5.118448e-07
4.860000e+00 3.608927e-08
4.920000e+00 2.231177e-07
4.980000e+00 1.984884e-08
5.040000e+00 4.350148e-08
5.100000e+00 1.341812e-08
5.160000e+00 2.133295e-09
5.220000e+00 5.915056e-09
5.280000e+00 5.255861e-08
5.340000e+00 3.441581e-09
5.400000e+00 1.203495e-09
5.460000e+00 9.297585e-10
5.520000e+00 3.645333e-07
5.580000e+00 1.188361e-08
5.640000e+00 1.189027e-09
5.700000e+00 1.393340e-10
5.760000e+00 6.577186e-12
5.820000e+00 7.388065e-13
5.880000e+00 4.385340e-13
5.940000e+00 3.477068e-13
