0.000000e+00 5.050677e+00
6.000000e-02 5.031674e+00
1.200000e-01 4.795280e+00
1.800000e-01 3.892258e+00
2.400000e-01 3.242804e+00
3.000000e-01 3.007360e+00
3.600000e-01 2.834065e+00
4.200000e-01 2.731944e+00
4.800000e-01 2.689590e+00
5.400000e-01 2.558374e+00
6.000000e-01 2.377379e+00
6.600000e-01 2.206594e+00
7.200000e-01 1.869023e+00
7.800000e-01 2.197102e+00
8.400000e-01 7.634989e-01
9.000000e-01 5.127229e-01
9.600000e-01 4.766802e-01
1.020000e+00 5.078441e-01
1.080000e+00 6.576675e-01
1.140000e+00 1.087398e+00
1.200000e+00 1.976297e+00
1.260000e+00 1.106149e+00
1.320000e+00 3.050163e-01
1.380000e+00 1.361521e-01
1.440000e+00 1.541124e-01
1.500000e+00 3.508961e-01
1.560000e+00 1.468757e+00
1.620000e+00 1.315630e+00
1.680000e+00 6.625215e-01
1.740000e+00 1.713428e-01
1.800000e+00 1.220648e-01
1.860000e+00 1.705734e-02
1.920000e+00 1.935393e-02
1.980000e+00 8.143045e-03
2.040000e+00 1.064962e-02
2.100000e+00 1.021079e-02
2.160000e+00 1.070450e+00
2.220000e+00 1.174814e-02
2.280000e+00 1.446345e-02
2.340000e+00 8.180973e-02
2.400000e+00 1.023749e-02
2.460000e+00 3.810585e-03
2.520000e+00 1.998882e-02
2.580000e+00 8.825405e-04
2.640000e+00 1.381640e-01
2.700000e+00 2.479793e-02
2.760000e+00 5.713250e-02
2.820000e+00 1.070656e-02
2.880000e+00 1.013203e-04
2.940000e+00 4.000368e-05
3.000000e+00 7.633627e-05
3.060000e+00 2.597895e-04
3.120000e+00 9.486594e-03
3.180000e+00 7.236416e-06
3.240000e+00 1.316320e-04
3.300000e+00 4.752491e-06
3.360000e+00 3.868174e-05
3.420000e+00 5.908911e-07
3.480000e+00 1.183194e-07
3.540000e+00 2.678589e-06
3.600000e+00 9.581731e-08
3.660000e+00 1.889332e-04
3.720000e+00 2.075677e-04
3.780000e+00 2.214561e-05
3.840000e+00 5.743824e-05
3.900000e+00 8.390113e-06
3.960000e+00 1.139719e-05
4.020000e+00 3.207880e-07
4.080000e+00 2.355673e-04
4.140000e+00 1.754407e-06
4.200000e+00 1.436404e-02
4.260000e+00 4.849312e-07
4.320000e+00 9.161474e-08
4.380000e+00 2.868868e-08
4.440000e+00 5.508435e-07
4.500000e+00 3.292534e-06
4.560000e+00 2.243352e-05
4.620000e+00 5.199403e-08
4.680000e+00 2.726304e-07
4.740000e+00 3.976432e-04
4.800000e+00 2.263362e-08
4.860000e+00 3.992072e-09
4.920000e+00 1.977784e-08
4.980000e+00 2.497500e-09
5.040000e+00 1.867588e-10
5.100000e+00 3.552017e-10
5.160000e+00 1.174630e-07
5.220000e+00 3.123440e-10
5.280000e+00 1.144241e-10
5.340000e+00 1.299381e-09
5.400000e+00 8.521122e-08
5.460000e+00 3.406332e-11
5.520000e+00 2.380069e-11
5.580000e+00 7.394666e-12
5.640000e+00 6.613736e-11
5.700000e+00 5.050211e-09
5.760000e+00 2.995654e-09
5.820000e+00 3.468010e-13
5.880000e+00 6.264214e-10
5.940000e+00 1.149029e-12
