0.000000e+00 5.050677e+00
6.000000e-02 4.746117e+00
1.200000e-01 4.047644e+00
1.800000e-01 3.791919e+00
2.400000e-01 3.515328e+00
3.000000e-01 3.578402e+00
3.600000e-01 3.510694e+00
4.200000e-01 3.000503e+00
4.800000e-01 2.524845e+00
5.400000e-01 2.179300e+00
6.000000e-01 2.299932e+00
6.600000e-01 2.559967e+00
7.200000e-01 2.426511e+00
7.800000e-01 1.383925e+00
8.400000e-01 1.343695e+00
9.000000e-01 1.773371e+00
9.600000e-01 2.252890e+00
1.020000e+00 3.449950e+00
1.080000e+00 3.298109e+00
1.140000e+00 2.314165e+00
1.200000e+00 2.111229e+00
1.260000e+00 1.059703e+00
1.320000e+00 9.722646e-01
1.380000e+00 1.190167e+00
1.440000e+00 1.497197e+00
1.500000e+00 1.188823e+00
1.560000e+00 8.246612e-01
1.620000e+00 2.063835e+00
1.680000e+00 7.052379e-01
1.740000e+00 1.310863e+00
1.800000e+00 1.605397e+00
1.860000e+00 7.726432e-01
1.920000e+00 5.206758e-01
1.980000e+00 1.007290e+00
2.040000e+00 1.817338e-01
2.100000e+00 1.791583e-01
2.160000e+00 3.460119e-01
2.220000e+00 6.698868e-01
2.280000e+00 5.667183e-01
2.340000e+00 3.908230e-01
2.400000e+00 5.549973e-01
2.460000e+00 5.210648e-01
2.520000e+00 4.806864e-01
2.580000e+00 5.866494e-01
2.640000e+00 7.009101e-01
2.700000e+00 1.583561e-01
2.760000e+00 3.241891e-01
2.820000e+00 9.737682e-01
2.880000e+00 1.436472e-01
2.940000e+00 1.764052e-02
3.000000e+00 5.750206e-02
3.060000e+00 5.718207e-02
3.120000e+00 7.424682e-03
3.180000e+00 1.489690e-02
3.240000e+00 1.872361e-02
3.300000e+00 2.484992e-01
3.360000e+00 1.145064e-03
3.420000e+00 1.446151e-02
3.480000e+00 3.641989e-02
3.540000e+00 2.156664e-02
3.600000e+00 1.027327e-05
3.660000e+00 2.895828e-06
3.720000e+00 5.329083e-06
3.780000e+00 6.591551e-05
3.840000e+00 1.438929e-04
3.900000e+00 2.284974e-02
3.960000e+00 2.869376e-03
4.020000e+00 2.018255e-04
4.080000e+00 1.106232e-04
4.140000e+00 2.839206e-05
4.200000e+00 5.001819e-06
4.260000e+00 3.245133e-05
4.320000e+00 1.677389e-06
4.380000e+00 7.545105e-01
4.440000e+00 1.400497e-05
4.500000e+00 3.761539e-06
4.560000e+00 5.228606e-05
4.620000e+00 4.813532e-05
4.680000e+00 3.719669e-06
4.740000e+00 7.844051e-07
4.800000e+00 6.146060e-05
4.860000e+00 1.956987e-07
4.920000e+00 1.218540e-05
4.980000e+00 6.953712e-08
5.040000e+00 2.703334e-08
5.100000e+00 2.221013e-07
5.160000e+00 1.445094e-08
5.220000e+00 3.338283e-09
5.280000e+00 7.254740e-10
5.340000e+00 1.712704e-09
5.400000e+00 6.902337e-09
5.460000e+00 8.131691e-06
5.520000e+00 7.313789e-06
5.580000e+00 4.117393e-08
5.640000e+00 5.234268e-07
5.700000e+00 1.227341e-05
5.760000e+00 7.885584e-09
5.820000e+00 3.042557e-10
5.880000e+00 1.839223e-10
5.940000e+00 3.191327e-09
