0.000000e+00 5.050677e+00
6.000000e-02 4.561888e+00
1.200000e-01 4.034282e+00
1.800000e-01 3.771970e+00
2.400000e-01 3.748204e+00
3.000000e-01 3.771811e+00
3.600000e-01 3.630497e+00
4.200000e-01 3.294251e+00
4.800000e-01 2.985101e+00
5.400000e-01 2.818467e+00
6.000000e-01 2.019617e+00
6.600000e-01 1.721648e+00
7.200000e-01 1.626848e+00
7.800000e-01 1.809805e+00
8.400000e-01 1.166631e+00
9.000000e-01 5.077763e-01
9.600000e-01 4.695290e-01
1.020000e+00 5.169277e-01
1.080000e+00 5.260770e-01
1.140000e+00 5.703417e-01
1.200000e+00 6.962614e-01
1.260000e+00 8.447500e-01
1.320000e+00 8.713840e-01
1.380000e+00 9.483692e-01
1.440000e+00 1.206137e+00
1.500000e+00 1.750972e+00
1.560000e+00 1.858435e+00
1.620000e+00 1.032574e+00
1.680000e+00 6.727053e-01
1.740000e+00 9.536795e-01
1.800000e+00 8.229749e-01
1.860000e+00 1.898664e+00
1.920000e+00 1.174280e+00
1.980000e+00 3.233618e-01
2.040000e+00 4.649295e-01
2.100000e+00 3.646486e-01
2.160000e+00 1.179458e+00
2.220000e+00 1.082115e-01
2.280000e+00 3.377836e-01
2.340000e+00 1.227917e-01
2.400000e+00 5.011749e-02
2.460000e+00 1.654479e-01
2.520000e+00 3.893487e-02
2.580000e+00 1.172647e-02
2.640000e+00 2.557003e-01
2.700000e+00 1.015245e-02
2.760000e+00 1.321445e-02
2.820000e+00 3.188632e-03
2.880000e+00 4.844282e-03
2.940000e+00 8.148217e-03
3.000000e+00 5.506659e-03
3.060000e+00 9.461800e-04
3.120000e+00 1.211934e-03
3.180000e+00 7.788514e-03
3.240000e+00 5.556986e-02
3.300000e+00 2.377241e-03
3.360000e+00 4.616306e-02
3.420000e+00 2.365550e-04
3.480000e+00 1.638543e-03
3.540000e+00 7.744352e-07
3.600000e+00 2.901227e-06
3.660000e+00 5.880887e-05
3.720000e+00 2.182951e-06
3.780000e+00 2.003350e-04
3.840000e+00 8.091010e-05
3.900000e+00 1.182362e-04
3.960000e+00 1.139124e-06
4.020000e+00 6.069510e-07
4.080000e+00 5.676385e-04
4.140000e+00 4.598052e-06
4.200000e+00 1.558326e-06
4.260000e+00 9.261786e-05
4.320000e+00 1.556072e-06
4.380000e+00 3.274990e-07
4.440000e+00 5.747092e-08
4.500000e+00 4.936777e-08
4.560000e+00 1.585972e-09
4.620000e+00 4.295632e-06
4.680000e+00 9.902242e-09
4.740000e+00 4.200581e-09
4.800000e+00 3.086561e-06
4.860000e+00 3.990574e-04
4.920000e+00 5.867297e-07
4.980000e+00 1.987141e-07
5.040000e+00 7.741136e-08
5.100000e+00 2.794199e-07
5.160000e+00 1.345802e-07
5.220000e+00 6.870641e-09
5.280000e+00 6.009993e-10
5.340000e+00 5.989727e-08
5.400000e+00 1.211653e-07
5.460000e+00 1.655777e-10
5.520000e+00 1.963411e-11
5.580000e+00 3.997288e-10
5.640000e+00 2.308772e-08
5.700000e+00 3.337517e-11
5.760000e+00 7.546606e-11
5.820000e+00 1.498876e-10
5.880000e+00 3.218441e-09
5.940000e+00 4.531569e-10
