0.000000e+00 5.050677e+00
6.000000e-02 5.122198e+00
1.200000e-01 5.236447e+00
1.800000e-01 5.422125e+00
2.400000e-01 4.988064e+00
3.000000e-01 4.552550e+00
3.600000e-01 4.036953e+00
4.200000e-01 3.459825e+00
4.800000e-01 3.073475e+00
5.400000e-01 2.867694e+00
6.000000e-01 2.581109e+00
6.600000e-01 2.161746e+00
7.200000e-01 1.841605e+00
7.800000e-01 1.715903e+00
8.400000e-01 1.816389e+00
9.000000e-01 2.120865e+00
9.600000e-01 1.938566e+00
1.020000e+00 2.254015e+00
1.080000e+00 1.808184e+00
1.140000e+00 1.728540e+00
1.200000e+00 2.095257e+00
1.260000e+00 1.932767e+00
1.320000e+00 5.063772e-01
1.380000e+00 6.853645e-01
1.440000e+00 1.988215e+00
1.500000e+00 1.435882e+00
1.560000e+00 1.002325e+00
1.620000e+00 1.035530e+00
1.680000e+00 1.225221e-01
1.740000e+00 1.112612e-01
1.800000e+00 1.369506e+00
1.860000e+00 7.542240e-01
1.920000e+00 1.036444e+00
1.980000e+00 1.318419e-01
2.040000e+00 4.756882e-01
2.100000e+00 7.806238e-01
2.160000e+00 1.194929e-01
2.220000e+00 6.076501e-03
2.280000e+00 1.202262e-01
2.340000e+00 2.257301e-03
2.400000e+00 3.108308e-03
2.460000e+00 2.525311e-04
2.520000e+00 9.242597e-05
2.580000e+00 9.820001e-03
2.640000e+00 1.411268e-03
2.700000e+00 2.091434e-04
2.760000e+00 6.822583e-04
2.820000e+00 4.949166e-05
2.880000e+00 2.903200e-04
2.940000e+00 3.106570e-04
3.000000e+00 9.775907e-04
3.060000e+00 4.338933e-04
3.120000e+00 4.117354e-02
3.180000e+00 5.616033e-04
3.240000e+00 2.311830e-05
3.300000e+00 1.610494e-04
3.360000e+00 2.720781e-04
3.420000e+00 1.317410e-04
3.480000e+00 1.570302e-03
3.540000e+00 3.378832e-05
3.600000e+00 2.895777e-05
3.660000e+00 3.640182e-04
3.720000e+00 5.590773e-07
3.780000e+00 2.180369e-02
3.840000e+00 1.752716e-03
3.900000e+00 1.339219e-06
3.960000e+00 2.602179e-07
4.020000e+00 1.238300e-05
4.080000e+00 2.925125e-08
4.140000e+00 1.431427e-07
4.200000e+00 1.185304e-06
4.260000e+00 1.428302e-08
4.320000e+00 6.465078e-07
4.380000e+00 3.821166e-06
4.440000e+00 2.575438e-09
4.500000e+00 1.036757e-08
4.560000e+00 1.839980e-08
4.620000e+00 5.717712e-10
4.680000e+00 2.075209e-09
4.740000e+00 7.630765e-10
4.800000e+00 2.988531e-08
4.860000e+00 1.357557e-08
4.920000e+00 1.266416e-09
4.980000e+00 1.121892e-09
5.040000e+00 4.215340e-08
5.100000e+00 7.832453e-07
5.160000e+00 2.030743e-05
5.220000e+00 1.231248e-06
5.280000e+00 5.780736e-06
5.340000e+00 5.839987e-08
5.400000e+00 3.344617e-08
5.460000e+00 8.210599e-09
5.520000e+00 3.176770e-08
5.580000e+00 6.483097e-10
5.640000e+00 4.235212e-10
5.700000e+00 5.859114e-08
5.760000e+00 4.530453e-11
5.820000e+00 4.822711e-11
5.880000e+00 2.228540e-10
5.940000e+00 1.910003e-07
