0.000000e+00 5.050677e+00
6.000000e-02 4.701805e+00
1.200000e-01 4.234362e+00
1.800000e-01 3.884899e+00
2.400000e-01 3.570595e+00
3.000000e-01 3.167413e+00
3.600000e-01 2.867395e+00
4.200000e-01 2.719359e+00
4.800000e-01 3.261220e+00
5.400000e-01 2.661080e+00
6.000000e-01 2.011145e+00
6.600000e-01 1.703629e+00
7.200000e-01 1.322306e+00
7.800000e-01 1.168246e+00
8.400000e-01 1.059071e+00
9.000000e-01 7.198696e-01
9.600000e-01 4.971497e-01
1.020000e+00 3.618154e-01
1.080000e+00 3.055099e-01
1.140000e+00 1.664619e-01
1.200000e+00 4.334608e-01
1.260000e+00 2.745900e-01
1.320000e+00 2.253397e-01
1.380000e+00 2.417662e-01
1.440000e+00 3.582044e-01
1.500000e+00 1.600438e+00
1.560000e+00 1.711477e-01
1.620000e+00 6.339421e-02
1.680000e+00 8.929275e-02
1.740000e+00 1.453204e-01
1.800000e+00 5.517558e-02
1.860000e+00 4.836941e-01
1.920000e+00 1.003890e+00
1.980000e+00 1.673569e+00
2.040000e+00 6.176358e-01
2.100000e+00 1.500911e-01
2.160000e+00 1.152019e-01
2.220000e+00 7.831347e-01
2.280000e+00 6.750173e-03
2.340000e+00 5.493467e-03
2.400000e+00 4.370146e-04
2.460000e+00 9.644296e-04
2.520000e+00 2.311250e-03
2.580000e+00 3.432107e-03
2.640000e+00 4.207100e-03
2.700000e+00 9.257270e-04
2.760000e+00 7.472455e-03
2.820000e+00 1.114258e-03
2.880000e+00 2.884131e-04
2.940000e+00 2.268786e-04
3.000000e+00 4.032101e-04
3.060000e+00 3.837669e-04
3.120000e+00 5.763322e-05
3.180000e+00 4.312513e-05
3.240000e+00 7.029348e-05
3.300000e+00 9.898354e-04
3.360000e+00 3.540261e-04
3.420000e+00 3.911605e-05
3.480000e+00 1.387052e-05
3.540000e+00 5.116731e-06
3.600000e+00 2.142246e-05
3.660000e+00 3.494093e-04
3.720000e+00 9.070619e-05
3.780000e+00 1.771560e-05
3.840000e+00 2.781273e-05
3.900000e+00 9.298485e-06
3.960000e+00 2.052952e-06
4.020000e+00 3.719985e-07
4.080000e+00 3.502958e-06
4.140000e+00 4.849899e-07
4.200000e+00 1.169946e-07
4.260000e+00 1.309592e-07
4.320000e+00 1.510830e-07
4.380000e+00 6.198899e-06
4.440000e+00 1.214873e-04
4.500000e+00 2.309968e-06
4.560000e+00 4.431892e-08
4.620000e+00 9.810537e-08
4.680000e+00 2.913979e-08
4.740000e+00 1.281286e-08
4.800000e+00 4.911325e-09
4.860000e+00 4.921947e-07
4.920000e+00 1.009922e-09
4.980000e+00 4.777537e-10
5.040000e+00 3.220930e-10
5.100000e+00 1.599243e-09
5.160000e+00 2.257574e-10
5.220000e+00 1.235379e-08
5.280000e+00 8.909566e-11
5.340000e+00 2.146213e-11
5.400000e+00 1.454774e-11
5.460000e+00 1.594093e-11
5.520000e+00 2.370113e-11
5.580000e+00 6.299952e-11
5.640000e+00 9.969289e-09
5.700000e+00 7.610802e-10
5.760000e+00 7.443323e-11
5.820000e+00 2.083732e-08
5.880000e+00 3.419846e-10
5.940000e+00 5.496913e-11
