0.000000e+00 5.050677e+00
6.000000e-02 5.109219e+00
1.200000e-01 4.655835e+00
1.800000e-01 5.097328e+00
2.400000e-01 4.471103e+00
3.000000e-01 4.076763e+00
3.600000e-01 3.581509e+00
4.200000e-01 3.032185e+00
4.800000e-01 2.573662e+00
5.400000e-01 2.254443e+00
6.000000e-01 2.048850e+00
6.600000e-01 1.872376e+00
7.200000e-01 1.722867e+00
7.800000e-01 1.637136e+00
8.400000e-01 1.493770e+00
9.000000e-01 9.190809e-01
9.600000e-01 1.002935e+00
1.020000e+00 1.384686e+00
1.080000e+00 1.786091e+00
1.140000e+00 1.800329e+00
1.200000e+00 7.733849e-01
1.260000e+00 3.415367e-01
1.320000e+00 3.882760e-01
1.380000e+00 1.943029e-01
1.440000e+00 1.053988e-01
1.500000e+00 4.255668e-01
1.560000e+00 9.034053e-01
1.620000e+00 1.759160e-01
1.680000e+00 1.793672e-01
1.740000e+00 3.799783e-01
1.800000e+00 6.741914e-01
1.860000e+00 1.110191e+00
1.920000e+00 1.352928e+00
1.980000e+00 2.851537e-01
2.040000e+00 1.419533e-01
2.100000e+00 2.570341e-01
2.160000e+00 1.909033e-01
2.220000e+00 7.461604e-02
2.280000e+00 7.004977e-02
2.340000e+00 7.255529e-02
2.400000e+00 4.948552e-03
2.460000e+00 1.442312e-03
2.520000e+00 2.613764e-02
2.580000e+00 1.318622e-02
2.640000e+00 2.984098e-03
2.700000e+00 2.382239e-03
2.760000e+00 2.920000e-01
2.820000e+00 7.757008e-04
2.880000e+00 1.293337e-04
2.940000e+00 1.196800e-04
3.000000e+00 6.021386e-04
3.060000e+00 5.643201e-03
3.120000e+00 5.618191e-04
3.180000e+00 7.009395e-02
3.240000e+00 1.179659e-04
3.300000e+00 2.044518e-04
3.360000e+00 4.227474e-04
3.420000e+00 7.607410e-05
3.480000e+00 1.487985e-04
3.540000e+00 4.317209e-03
3.600000e+00 5.196440e-04
3.660000e+00 4.525613e-04
3.720000e+00 4.447049e-03
3.780000e+00 1.191478e-02
3.840000e+00 4.652581e-03
3.900000e+00 2.574493e-04
3.960000e+00 3.311948e-05
4.020000e+00 1.841696e-04
4.080000e+00 9.368926e-03
4.140000e+00 2.544412e-05
4.200000e+00 1.672435e-05
4.260000e+00 1.394993e-03
4.320000e+00 6.370355e-05
4.380000e+00 2.692872e-06
4.440000e+00 1.082888e-07
4.500000e+00 9.652822e-09
4.560000e+00 2.372171e-09
4.620000e+00 5.060747e-08
4.680000e+00 7.662428e-05
4.740000e+00 9.000047e-07
4.800000e+00 9.842444e-07
4.860000e+00 8.208732e-08
4.920000e+00 3.637902e-06
4.980000e+00 9.836905e-07
5.040000e+00 3.114574e-06
5.100000e+00 9.471774e-11
5.160000e+00 4.174900e-11
5.220000e+00 2.666842e-08
5.280000e+00 2.809769e-09
5.340000e+00 1.182621e-08
5.400000e+00 9.177293e-09
5.460000e+00 1.659779e-12
5.520000e+00 3.583861e-10
5.580000e+00 9.289886e-12
5.640000e+00 1.953030e-10
5.700000e+00 2.469960e-11
5.760000e+00 1.043186e-11
5.820000e+00 6.718078e-11
5.880000e+00 6.742506e-12
5.940000e+00 2.013573e-13
