0.000000e+00 5.050677e+00
6.000000e-02 5.314634e+00
1.200000e-01 5.640484e+00
1.800000e-01 5.693603e+00
2.400000e-01 4.928262e+00
3.000000e-01 4.966977e+00
3.600000e-01 4.755230e+00
4.200000e-01 4.257120e+00
4.800000e-01 3.632423e+00
5.400000e-01 3.125426e+00
6.000000e-01 2.811487e+00
6.600000e-01 2.585572e+00
7.200000e-01 2.348183e+00
7.800000e-01 2.081121e+00
8.400000e-01 1.834622e+00
9.000000e-01 1.656093e+00
9.600000e-01 1.545555e+00
1.020000e+00 1.444248e+00
1.080000e+00 1.277665e+00
1.140000e+00 1.082690e+00
1.200000e+00 9.730648e-01
1.260000e+00 9.688493e-01
1.320000e+00 1.004133e+00
1.380000e+00 1.086404e+00
1.440000e+00 1.297209e+00
1.500000e+00 1.818188e+00
1.560000e+00 1.559986e+00
1.620000e+00 1.361920e+00
1.680000e+00 1.585481e+00
1.740000e+00 8.708362e-01
1.800000e+00 1.385983e-01
1.860000e+00 7.294004e-02
1.920000e+00 1.380551e-01
1.980000e+00 9.020873e-01
2.040000e+00 1.855828e+00
2.100000e+00 5.740052e-01
2.160000e+00 2.317527e-01
2.220000e+00 1.160519e-01
2.280000e+00 1.266930e-01
2.340000e+00 2.411860e-01
2.400000e+00 1.030786e-01
2.460000e+00 5.180204e-01
2.520000e+00 5.980693e-02
2.580000e+00 5.508248e-02
2.640000e+00 1.237571e-01
2.700000e+00 1.525387e+00
2.760000e+00 7.814811e-02
2.820000e+00 2.886229e-02
2.880000e+00 3.098341e-03
2.940000e+00 5.022920e-04
3.000000e+00 6.296250e-03
3.060000e+00 4.037704e-01
3.120000e+00 4.697112e-03
3.180000e+00 1.268438e-02
3.240000e+00 1.435118e-02
3.300000e+00 3.495451e-03
3.360000e+00 4.646938e-03
3.420000e+00 1.768709e-02
3.480000e+00 6.410491e-03
3.540000e+00 1.977981e-02
3.600000e+00 4.245942e-01
3.660000e+00 1.925152e+00
3.720000e+00 2.051802e-02
3.780000e+00 4.932507e-03
3.840000e+00 9.637925e-04
3.900000e+00 2.582069e-04
3.960000e+00 8.756498e-05
4.020000e+00 6.706289e-04
4.080000e+00 1.141249e-02
4.140000e+00 2.447351e-01
4.200000e+00 1.814224e-01
4.260000e+00 2.269924e-01
4.320000e+00 2.962339e-02
4.380000e+00 2.581260e-03
4.440000e+00 8.491792e-04
4.500000e+00 1.312468e-01
4.560000e+00 1.622404e-04
4.620000e+00 2.717057e-04
4.680000e+00 5.619195e-05
4.740000e+00 1.038991e-04
4.800000e+00 4.021473e-05
4.860000e+00 1.180441e-06
4.920000e+00 2.401543e-07
4.980000e+00 1.413474e-07
5.040000e+00 8.118754e-06
5.100000e+00 2.416963e-07
5.160000e+00 2.018478e-06
5.220000e+00 3.833921e-09
5.280000e+00 1.146229e-09
5.340000e+00 5.723236e-10
5.400000e+00 7.313836e-10
5.460000e+00 3.966994e-10
5.520000e+00 4.960711e-10
5.580000e+00 5.040854e-10
5.640000e+00 1.663202e-08
5.700000e+00 5.024863e-08
5.760000e+00 1.125936e-10
5.820000e+00 1.145300e-11
5.880000e+00 2.197384e-11
5.940000e+00 1.431915e-10
