0.000000e+00 5.050677e+00
6.000000e-02 4.934210e+00
1.200000e-01 4.618889e+00
1.800000e-01 4.226318e+00
2.400000e-01 3.847948e+00
3.000000e-01 3.456682e+00
3.600000e-01 3.026571e+00
4.200000e-01 2.566076e+00
4.800000e-01 2.200606e+00
5.400000e-01 2.963063e+00
6.000000e-01 2.033338e+00
6.600000e-01 2.344927e+00
7.200000e-01 1.617059e+00
7.800000e-01 1.554260e+00
8.400000e-01 1.097050e+00
9.000000e-01 5.678540e-01
9.600000e-01 3.996353e-01
1.020000e+00 8.957930e-01
1.080000e+00 1.404841e+00
1.140000e+00 5.421579e-01
1.200000e+00 1.780602e+00
1.260000e+00 2.330236e-01
1.320000e+00 8.826858e-01
1.380000e+00 4.876082e-01
1.440000e+00 4.250589e-01
1.500000e+00 1.644780e-01
1.560000e+00 1.472554e-01
1.620000e+00 9.869645e-01
1.680000e+00 6.019243e-01
1.740000e+00 4.300898e-02
1.800000e+00 2.714579e-02
1.860000e+00 2.425481e-02
1.920000e+00 2.888765e-02
1.980000e+00 5.323501e-02
2.040000e+00 8.349120e-01
2.100000e+00 4.380542e-02
2.160000e+00 9.310273e-02
2.220000e+00 1.153612e+00
2.280000e+00 2.344435e-01
2.340000e+00 3.030084e-02
2.400000e+00 1.649745e-01
2.460000e+00 2.709942e-02
2.520000e+00 1.422987e-02
2.580000e+00 4.071013e-01
2.640000e+00 2.562082e-02
2.700000e+00 3.518342e-03
2.760000e+00 4.755911e-03
2.820000e+00 1.554846e-01
2.880000e+00 9.867383e-02
2.940000e+00 6.459656e-02
3.000000e+00 3.041553e-02
3.060000e+00 6.077050e-02
3.120000e+00 4.520326e-02
3.180000e+00 2.384554e-02
3.240000e+00 2.566349e-01
3.300000e+00 4.317781e-02
3.360000e+00 1.136030e-02
3.420000e+00 2.777688e-03
3.480000e+00 2.147327e-03
3.540000e+00 3.433966e-04
3.600000e+00 7.550057e-04
3.660000e+00 2.320234e-04
3.720000e+00 2.012821e-04
3.780000e+00 7.790365e-04
3.840000e+00 2.705910e-04
3.900000e+00 6.377481e-05
3.960000e+00 8.787276e-06
4.020000e+00 2.358604e-03
4.080000e+00 2.902088e-05
4.140000e+00 9.755577e-06
4.200000e+00 5.446310e-06
4.260000e+00 5.233091e-03
4.320000e+00 2.270662e-04
4.380000e+00 7.785601e-05
4.440000e+00 1.082839e-04
4.500000e+00 4.605858e-06
4.560000e+00 6.192678e-08
4.620000e+00 2.238127e-08
4.680000e+00 2.132637e-08
4.740000e+00 1.416088e-07
4.800000e+00 8.560757e-07
4.860000e+00 6.230496e-07
4.920000e+00 2.777455e-06
4.980000e+00 3.439882e-08
5.040000e+00 3.087532e-06
5.100000e+00 1.025631e-07
5.160000e+00 3.161881e-08
5.220000e+00 4.120950e-09
5.280000e+00 3.247412e-09
5.340000e+00 4.768499e-09
5.400000e+00 1.318415e-08
5.460000e+00 4.846123e-08
5.520000e+00 2.650993e-07
5.580000e+00 1.991447e-06
5.640000e+00 1.323515e-06
5.700000e+00 2.740692e-08
5.760000e+00 3.501237e-08
5.820000e+00 2.151396e-08
5.880000e+00 4.050665e-09
5.940000e+00 1.903135e-08
