-5.000000e-02 1.491785e+00
-4.990000e-02 1.083039e+00
-4.980000e-02 9.999305e-01
-4.970000e-02 1.842670e+00
-4.960000e-02 7.213016e-01
-4.950000e-02 4.255052e-01
-4.940000e-02 3.539082e-01
-4.930000e-02 3.637118e-01
-4.920000e-02 4.672336e-01
-4.910000e-02 1.194626e+00
-4.900000e-02 2.087971e-01
-4.890000e-02 3.582871e-01
-4.880000e-02 6.054854e-01
-4.870000e-02 9.666661e-01
-4.860000e-02 1.172015e+00
-4.850000e-02 1.632077e+00
-4.840000e-02 1.785137e+00
-4.830000e-02 1.012605e+00
-4.820000e-02 1.198450e+00
-4.810000e-02 4.777358e-01
-4.800000e-02 8.224742e-01
-4.790000e-02 1.359236e+00
-4.780000e-02 1.537004e+00
-4.770000e-02 1.484208e+00
-4.760000e-02 1.474976e+00
-4.750000e-02 1.629261e+00
-4.740000e-02 2.133024e+00
-4.730000e-02 1.413857e+00
-4.720000e-02 1.376306e+00
-4.710000e-02 1.382838e+00
-4.700000e-02 1.608723e+00
-4.690000e-02 1.715026e+00
-4.680000e-02 1.573199e+00
-4.670000e-02 1.458715e+00
-4.660000e-02 1.506544e+00
-4.650000e-02 1.829205e+00
-4.640000e-02 2.090822e+00
-4.630000e-02 1.748183e+00
-4.620000e-02 1.508660e+00
-4.610000e-02 1.443848e+00
-4.600000e-02 1.400404e+00
-4.590000e-02 1.290843e+00
-4.580000e-02 1.288630e+00
-4.570000e-02 1.918337e+00
-4.560000e-02 6.702783e-01
-4.550000e-02 5.765448e-01
-4.540000e-02 1.093556e+00
-4.530000e-02 6.977032e-01
-4.520000e-02 6.673367e-01
-4.510000e-02 1.242609e+00
-4.500000e-02 2.173637e+00
-4.490000e-02 2.123005e+00
-4.480000e-02 1.337055e+00
-4.470000e-02 8.533341e-01
-4.460000e-02 6.446057e-01
-4.450000e-02 5.612665e-01
-4.440000e-02 5.702614e-01
-4.430000e-02 8.953063e-01
-4.420000e-02 1.514875e+00
-4.410000e-02 1.131612e+00
-4.400000e-02 2.053159e+00
-4.390000e-02 2.204618e+00
-4.380000e-02 1.624994e+00
-4.370000e-02 1.646243e+00
-4.360000e-02 1.497867e+00
-4.350000e-02 1.128225e+00
-4.340000e-02 8.119145e-01
-4.330000e-02 6.309422e-01
-4.320000e-02 5.705714e-01
-4.310000e-02 7.447276e-01
-4.300000e-02 1.733684e+00
-4.290000e-02 2.030854e+00
-4.280000e-02 1.649203e+00
-4.270000e-02 2.082280e+00
-4.260000e-02 1.808888e+00
-4.250000e-02 9.520645e-01
-4.240000e-02 7.663476e-01
-4.230000e-02 1.481533e+00
-4.220000e-02 1.772640e+00
-4.210000e-02 1.147584e+00
-4.200000e-02 1.216045e+00
-4.190000e-02 1.552674e+00
-4.180000e-02 1.526105e+00
-4.170000e-02 1.103301e+00
-4.160000e-02 8.395658e-01
-4.150000e-02 6.338383e-01
-4.140000e-02 5.595598e-01
-4.130000e-02 9.290123e-01
-4.120000e-02 2.099893e+00
-4.110000e-02 1.442198e+00
-4.100000e-02 1.458517e+00
-4.090000e-02 1.550188e+00
-4.080000e-02 1.734875e+00
-4.070000e-02 2.136613e+00
-4.060000e-02 1.742229e+00
-4.050000e-02 1.773803e+00
-4.040000e-02 2.124475e+00
-4.030000e-02 1.462439e+00
-4.020000e-02 1.059090e+00
-4.010000e-02 1.057063e+00
-4.000000e-02 1.477763e+00
-3.990000e-02 1.505526e+00
-3.980000e-02 8.990794e-01
-3.970000e-02 6.185113e-01
-3.960000e-02 4.168585e-01
-3.950000e-02 2.876719e-01
-3.940000e-02 2.237114e-01
-3.930000e-02 2.428579e-01
-3.920000e-02 6.645855e-01
-3.910000e-02 6.537415e-01
-3.900000e-02 3.059183e-01
-3.890000e-02 4.906398e-01
-3.880000e-02 7.811524e-01
-3.870000e-02 1.015197e+00
-3.860000e-02 1.167579e+00
-3.850000e-02 1.527082e+00
-3.840000e-02 2.313056e+00
-3.830000e-02 2.289758e+00
-3.820000e-02 2.035186e+00
-3.810000e-02 1.198690e+00
-3.800000e-02 9.983830e-01
-3.790000e-02 1.749122e+00
-3.780000e-02 1.168459e+00
-3.770000e-02 1.378820e+00
-3.760000e-02 2.143212e+00
-3.750000e-02 2.138505e+00
-3.740000e-02 1.711338e+00
-3.730000e-02 1.785864e+00
-3.720000e-02 2.019272e+00
-3.710000e-02 2.034521e+00
-3.700000e-02 2.127802e+00
-3.690000e-02 2.143643e+00
-3.680000e-02 2.099777e+00
-3.670000e-02 2.040241e+00
-3.660000e-02 1.947419e+00
-3.650000e-02 1.986099e+00
-3.640000e-02 1.985418e+00
-3.630000e-02 2.418658e+00
-3.620000e-02 1.967163e+00
-3.610000e-02 1.423370e+00
-3.600000e-02 1.300475e+00
-3.590000e-02 1.403623e+00
-3.580000e-02 1.727573e+00
-3.570000e-02 2.144538e+00
-3.560000e-02 2.230135e+00
-3.550000e-02 1.990645e+00
-3.540000e-02 2.218945e+00
-3.530000e-02 1.617456e+00
-3.520000e-02 1.326694e+00
-3.510000e-02 1.269619e+00
-3.500000e-02 1.152403e+00
-3.490000e-02 8.963958e-01
-3.480000e-02 8.768251e-01
-3.470000e-02 1.052422e+00
-3.460000e-02 1.317240e+00
-3.450000e-02 1.686346e+00
-3.440000e-02 2.136776e+00
-3.430000e-02 1.825514e+00
-3.420000e-02 1.152024e+00
-3.410000e-02 1.431594e+00
-3.400000e-02 1.937552e+00
-3.390000e-02 2.136364e+00
-3.380000e-02 1.984474e+00
-3.370000e-02 1.882235e+00
-3.360000e-02 1.940620e+00
-3.350000e-02 1.984444e+00
-3.340000e-02 2.172248e+00
-3.330000e-02 2.136347e+00
-3.320000e-02 2.023084e+00
-3.310000e-02 1.504734e+00
-3.300000e-02 1.606049e+00
-3.290000e-02 1.831434e+00
-3.280000e-02 1.757186e+00
-3.270000e-02 1.525784e+00
-3.260000e-02 8.599469e-01
-3.250000e-02 6.544106e-01
-3.240000e-02 1.143653e+00
-3.230000e-02 7.437154e-01
-3.220000e-02 6.434098e-01
-3.210000e-02 7.638592e-01
-3.200000e-02 1.103069e+00
-3.190000e-02 1.628062e+00
-3.180000e-02 1.985037e+00
-3.170000e-02 1.748649e+00
-3.160000e-02 3.865154e-01
-3.150000e-02 1.209087e+00
-3.140000e-02 1.349132e+00
-3.130000e-02 8.669625e-01
-3.120000e-02 8.954489e-01
-3.110000e-02 2.147842e+00
-3.100000e-02 7.034960e-01
-3.090000e-02 1.441621e+00
-3.080000e-02 1.716238e+00
-3.070000e-02 1.609426e+00
-3.060000e-02 1.502341e+00
-3.050000e-02 1.219320e+00
-3.040000e-02 7.061346e-01
-3.030000e-02 6.866399e-01
-3.020000e-02 7.985374e-01
-3.010000e-02 9.396580e-01
-3.000000e-02 1.106861e+00
-2.990000e-02 1.357050e+00
-2.980000e-02 2.211254e+00
-2.970000e-02 2.140938e+00
-2.960000e-02 1.645285e+00
-2.950000e-02 1.330397e+00
-2.940000e-02 1.509065e+00
-2.930000e-02 1.725326e+00
-2.920000e-02 1.430846e+00
-2.910000e-02 9.918815e-01
-2.900000e-02 7.365796e-01
-2.890000e-02 5.775109e-01
-2.880000e-02 5.431117e-01
-2.870000e-02 7.413820e-01
-2.860000e-02 1.240313e+00
-2.850000e-02 1.600244e+00
-2.840000e-02 1.288168e+00
-2.830000e-02 9.403830e-01
-2.820000e-02 8.825330e-01
-2.810000e-02 9.646046e-01
-2.800000e-02 1.309825e+00
-2.790000e-02 2.024795e+00
-2.780000e-02 2.419665e+00
-2.770000e-02 2.338822e+00
-2.760000e-02 1.531040e+00
-2.750000e-02 1.352531e+00
-2.740000e-02 1.333861e+00
-2.730000e-02 8.560777e-01
-2.720000e-02 7.356999e-01
-2.710000e-02 1.675416e+00
-2.700000e-02 1.888049e+00
-2.690000e-02 7.956332e-01
-2.680000e-02 4.531841e-01
-2.670000e-02 3.588352e-01
-2.660000e-02 3.668535e-01
-2.650000e-02 5.159440e-01
-2.640000e-02 1.127080e+00
-2.630000e-02 1.739719e+00
-2.620000e-02 8.367170e-01
-2.610000e-02 5.846011e-01
-2.600000e-02 6.392149e-01
-2.590000e-02 8.150963e-01
-2.580000e-02 1.184337e+00
-2.570000e-02 1.854033e+00
-2.560000e-02 2.033180e+00
-2.550000e-02 1.610943e+00
-2.540000e-02 8.853128e-01
-2.530000e-02 4.379511e-01
-2.520000e-02 2.671552e-01
-2.510000e-02 2.252492e-01
-2.500000e-02 3.051152e-01
-2.490000e-02 7.772371e-01
-2.480000e-02 2.052669e+00
-2.470000e-02 1.721124e+00
-2.460000e-02 1.873852e+00
-2.450000e-02 1.836313e+00
-2.440000e-02 1.634607e+00
-2.430000e-02 2.366512e+00
-2.420000e-02 2.778583e+00
-2.410000e-02 2.236696e+00
-2.400000e-02 1.260224e+00
-2.390000e-02 1.350241e+00
-2.380000e-02 1.917014e+00
-2.370000e-02 1.865985e+00
-2.360000e-02 1.961772e+00
-2.350000e-02 2.157273e+00
-2.340000e-02 2.062877e+00
-2.330000e-02 1.590399e+00
-2.320000e-02 1.209616e+00
-2.310000e-02 1.159969e+00
-2.300000e-02 1.465383e+00
-2.290000e-02 1.867343e+00
-2.280000e-02 1.730777e+00
-2.270000e-02 2.431810e+00
-2.260000e-02 1.479322e+00
-2.250000e-02 1.766446e+00
-2.240000e-02 2.136619e+00
-2.230000e-02 1.689503e+00
-2.220000e-02 1.155685e+00
-2.210000e-02 9.166003e-01
-2.200000e-02 5.710211e-01
-2.190000e-02 6.254666e-01
-2.180000e-02 7.916163e-01
-2.170000e-02 1.050574e+00
-2.160000e-02 1.326304e+00
-2.150000e-02 1.493430e+00
-2.140000e-02 1.536272e+00
-2.130000e-02 1.571010e+00
-2.120000e-02 1.708875e+00
-2.110000e-02 1.978745e+00
-2.100000e-02 2.176136e+00
-2.090000e-02 2.398158e+00
-2.080000e-02 2.164164e+00
-2.070000e-02 8.476921e-01
-2.060000e-02 4.576946e-01
-2.050000e-02 3.551968e-01
-2.040000e-02 3.280176e-01
-2.030000e-02 3.979945e-01
-2.020000e-02 5.882534e-01
-2.010000e-02 6.563635e-01
-2.000000e-02 9.640488e-01
-1.990000e-02 1.960360e+00
-1.980000e-02 1.609161e+00
-1.970000e-02 7.386945e-01
-1.960000e-02 5.063168e-01
-1.950000e-02 4.612458e-01
-1.940000e-02 5.742234e-01
-1.930000e-02 1.236439e+00
-1.920000e-02 1.067543e+00
-1.910000e-02 4.834395e-01
-1.900000e-02 4.067817e-01
-1.890000e-02 4.841939e-01
-1.880000e-02 7.705729e-01
-1.870000e-02 1.580257e+00
-1.860000e-02 1.254988e+00
-1.850000e-02 1.366779e+00
-1.840000e-02 1.225457e+00
-1.830000e-02 1.953657e+00
-1.820000e-02 7.826831e-01
-1.810000e-02 1.972752e+00
-1.800000e-02 2.113711e+00
-1.790000e-02 2.258621e+00
-1.780000e-02 1.560196e+00
-1.770000e-02 1.930453e+00
-1.760000e-02 1.483590e+00
-1.750000e-02 1.385645e+00
-1.740000e-02 2.102174e+00
-1.730000e-02 6.356843e-01
-1.720000e-02 3.694879e-01
-1.710000e-02 5.280331e-01
-1.700000e-02 8.009702e-01
-1.690000e-02 1.103359e+00
-1.680000e-02 1.290966e+00
-1.670000e-02 1.261491e+00
-1.660000e-02 6.729703e-01
-1.650000e-02 7.727192e-01
-1.640000e-02 1.520336e+00
-1.630000e-02 1.421723e+00
-1.620000e-02 7.999324e-01
-1.610000e-02 5.323523e-01
-1.600000e-02 4.758909e-01
-1.590000e-02 6.309139e-01
-1.580000e-02 9.685622e-01
-1.570000e-02 9.725868e-01
-1.560000e-02 7.047276e-01
-1.550000e-02 7.327786e-01
-1.540000e-02 1.314386e+00
-1.530000e-02 1.476085e+00
-1.520000e-02 1.628704e+00
-1.510000e-02 1.746479e+00
-1.500000e-02 1.917274e+00
-1.490000e-02 2.002156e+00
-1.480000e-02 1.195637e+00
-1.470000e-02 6.881768e-01
-1.460000e-02 4.691748e-01
-1.450000e-02 3.859933e-01
-1.440000e-02 3.741924e-01
-1.430000e-02 4.187980e-01
-1.420000e-02 5.417675e-01
-1.410000e-02 8.323612e-01
-1.400000e-02 1.241915e+00
-1.390000e-02 4.385175e-01
-1.380000e-02 4.769373e-01
-1.370000e-02 7.197346e-01
-1.360000e-02 8.713848e-01
-1.350000e-02 1.266965e+00
-1.340000e-02 2.392450e+00
-1.330000e-02 1.865560e+00
-1.320000e-02 1.894006e+00
-1.310000e-02 2.236200e+00
-1.300000e-02 2.103342e+00
-1.290000e-02 1.744641e+00
-1.280000e-02 1.593509e+00
-1.270000e-02 1.793435e+00
-1.260000e-02 9.823996e-01
-1.250000e-02 4.085532e-01
-1.240000e-02 3.770971e-01
-1.230000e-02 4.671119e-01
-1.220000e-02 7.043139e-01
-1.210000e-02 9.564957e-01
-1.200000e-02 9.414706e-01
-1.190000e-02 1.136433e+00
-1.180000e-02 1.789908e+00
-1.170000e-02 1.475596e+00
-1.160000e-02 1.008930e+00
-1.150000e-02 7.957940e-01
-1.140000e-02 7.867869e-01
-1.130000e-02 8.618283e-01
-1.120000e-02 1.066447e+00
-1.110000e-02 1.371218e+00
-1.100000e-02 1.645029e+00
-1.090000e-02 1.675991e+00
-1.080000e-02 1.610315e+00
-1.070000e-02 2.068633e+00
-1.060000e-02 1.234986e+00
-1.050000e-02 7.757206e-01
-1.040000e-02 8.740032e-01
-1.030000e-02 1.340087e+00
-1.020000e-02 1.928145e+00
-1.010000e-02 2.125645e+00
-1.000000e-02 1.865778e+00
-9.900000e-03 1.385614e+00
-9.800000e-03 1.000273e+00
-9.700000e-03 9.101103e-01
-9.600000e-03 7.291411e-01
-9.500000e-03 9.867303e-01
-9.400000e-03 1.168932e+00
-9.300000e-03 1.285636e+00
-9.200000e-03 1.291101e+00
-9.100000e-03 1.149349e+00
-9.000000e-03 1.206995e+00
-8.900000e-03 1.755335e+00
-8.800000e-03 2.056192e+00
-8.700000e-03 1.827402e+00
-8.600000e-03 1.351610e+00
-8.500000e-03 9.358578e-01
-8.400000e-03 7.087278e-01
-8.300000e-03 6.391023e-01
-8.200000e-03 7.250806e-01
-8.100000e-03 1.045318e+00
-8.000000e-03 1.663242e+00
-7.900000e-03 2.079978e+00
-7.800000e-03 1.980482e+00
-7.700000e-03 1.104936e+00
-7.600000e-03 1.444342e+00
-7.500000e-03 2.482865e+00
-7.400000e-03 1.967298e+00
-7.300000e-03 1.565632e+00
-7.200000e-03 1.842213e+00
-7.100000e-03 2.506225e+00
-7.000000e-03 2.161260e+00
-6.900000e-03 1.627015e+00
-6.800000e-03 1.048091e+00
-6.700000e-03 7.053206e-01
-6.600000e-03 5.954122e-01
-6.500000e-03 7.550105e-01
-6.400000e-03 1.608262e+00
-6.300000e-03 2.119719e+00
-6.200000e-03 1.400564e+00
-6.100000e-03 1.295379e+00
-6.000000e-03 1.182600e+00
-5.900000e-03 1.030395e+00
-5.800000e-03 1.017122e+00
-5.700000e-03 1.379880e+00
-5.600000e-03 2.267946e+00
-5.500000e-03 2.197270e+00
-5.400000e-03 2.161749e+00
-5.300000e-03 2.114371e+00
-5.200000e-03 1.734577e+00
-5.100000e-03 1.621669e+00
-5.000000e-03 1.293548e+00
-4.900000e-03 8.897027e-01
-4.800000e-03 1.169872e+00
-4.700000e-03 1.694911e+00
-4.600000e-03 7.838109e-01
-4.500000e-03 9.047639e-01
-4.400000e-03 1.371985e+00
-4.300000e-03 1.654466e+00
-4.200000e-03 1.823148e+00
-4.100000e-03 1.699545e+00
-4.000000e-03 7.283599e-01
-3.900000e-03 8.327194e-01
-3.800000e-03 1.214607e+00
-3.700000e-03 9.234698e-01
-3.600000e-03 9.855464e-01
-3.500000e-03 9.639601e-01
-3.400000e-03 8.674253e-01
-3.300000e-03 7.727594e-01
-3.200000e-03 7.363059e-01
-3.100000e-03 7.098335e-01
-3.000000e-03 6.825687e-01
-2.900000e-03 6.756022e-01
-2.800000e-03 7.422530e-01
-2.700000e-03 1.074623e+00
-2.600000e-03 1.786381e+00
-2.500000e-03 2.633139e+00
-2.400000e-03 2.754883e+00
-2.300000e-03 2.272049e+00
-2.200000e-03 1.841876e+00
-2.100000e-03 1.657255e+00
-2.000000e-03 1.393966e+00
-1.900000e-03 1.192615e+00
-1.800000e-03 1.316909e+00
-1.700000e-03 2.584911e+00
-1.600000e-03 2.398385e+00
-1.500000e-03 2.427047e+00
-1.400000e-03 1.753930e+00
-1.300000e-03 1.024233e+00
-1.200000e-03 7.913619e-01
-1.100000e-03 8.822289e-01
-1.000000e-03 9.909556e-01
-9.000000e-04 1.569172e+00
-8.000000e-04 1.095880e+00
-7.000000e-04 9.237913e-01
-6.000000e-04 9.121551e-01
-5.000000e-04 1.309016e+00
-4.000000e-04 2.059518e+00
-3.000000e-04 2.186316e+00
-2.000000e-04 1.806323e+00
-1.000000e-04 2.150219e+00
1.429412e-15 2.010055e+00
1.000000e-04 1.989246e+00
2.000000e-04 2.006536e+00
3.000000e-04 2.030936e+00
4.000000e-04 2.056636e+00
5.000000e-04 2.099187e+00
6.000000e-04 2.177332e+00
7.000000e-04 2.119754e+00
8.000000e-04 1.845240e+00
9.000000e-04 1.609267e+00
1.000000e-03 1.088370e+00
1.100000e-03 2.290604e+00
1.200000e-03 2.544941e+00
1.300000e-03 2.405246e+00
1.400000e-03 2.378016e+00
1.500000e-03 2.361469e+00
1.600000e-03 2.259366e+00
1.700000e-03 2.082119e+00
1.800000e-03 2.021082e+00
1.900000e-03 2.120022e+00
2.000000e-03 2.067105e+00
2.100000e-03 1.831464e+00
2.200000e-03 1.464705e+00
2.300000e-03 1.150673e+00
2.400000e-03 9.545799e-01
2.500000e-03 8.383987e-01
2.600000e-03 7.783565e-01
2.700000e-03 7.699843e-01
2.800000e-03 8.365432e-01
2.900000e-03 1.205245e+00
3.000000e-03 3.580660e-01
3.100000e-03 5.543363e-01
3.200000e-03 7.812889e-01
3.300000e-03 2.155425e+00
3.400000e-03 8.427169e-01
3.500000e-03 7.002424e-01
3.600000e-03 6.864353e-01
3.700000e-03 6.991649e-01
3.800000e-03 7.505563e-01
3.900000e-03 8.842554e-01
4.000000e-03 1.162196e+00
4.100000e-03 1.603454e+00
4.200000e-03 2.113517e+00
4.300000e-03 2.862902e+00
4.400000e-03 2.246292e+00
4.500000e-03 2.165922e+00
4.600000e-03 2.605446e+00
4.700000e-03 2.892681e+00
4.800000e-03 2.986261e+00
4.900000e-03 2.459222e+00
5.000000e-03 2.209951e+00
5.100000e-03 2.377890e+00
5.200000e-03 2.447250e+00
5.300000e-03 2.454657e+00
5.400000e-03 2.390515e+00
5.500000e-03 2.205083e+00
5.600000e-03 1.937576e+00
5.700000e-03 1.419228e+00
5.800000e-03 9.234057e-01
5.900000e-03 6.871653e-01
6.000000e-03 1.811405e+00
6.100000e-03 8.948467e-01
6.200000e-03 2.511009e-01
6.300000e-03 2.064932e+00
6.400000e-03 7.978244e-01
6.500000e-03 4.505217e-01
6.600000e-03 3.431071e-01
6.700000e-03 3.287021e-01
6.800000e-03 4.031698e-01
6.900000e-03 6.771942e-01
7.000000e-03 1.601406e+00
7.100000e-03 1.771316e+00
7.200000e-03 7.965205e-01
7.300000e-03 4.706199e-01
7.400000e-03 3.550125e-01
7.500000e-03 3.090006e-01
7.600000e-03 2.960393e-01
7.700000e-03 3.063239e-01
7.800000e-03 3.407046e-01
7.900000e-03 4.104542e-01
8.000000e-03 5.506987e-01
8.100000e-03 8.745053e-01
8.200000e-03 1.691736e+00
8.300000e-03 2.211494e+00
8.400000e-03 1.457947e+00
8.500000e-03 9.331767e-01
8.600000e-03 7.068664e-01
8.700000e-03 5.936481e-01
8.800000e-03 5.298915e-01
8.900000e-03 5.293420e-01
9.000000e-03 1.112756e+00
9.100000e-03 1.351580e+00
9.200000e-03 1.741608e+00
9.300000e-03 1.455179e+00
9.400000e-03 1.157802e+00
9.500000e-03 1.106409e+00
9.600000e-03 1.346298e+00
9.700000e-03 2.046106e+00
9.800000e-03 1.157269e+00
9.900000e-03 9.568805e-01
1.000000e-02 1.178233e+00
1.010000e-02 2.232324e+00
1.020000e-02 1.293066e+00
1.030000e-02 1.705372e+00
1.040000e-02 2.485422e+00
1.050000e-02 1.792564e+00
1.060000e-02 2.127673e+00
1.070000e-02 2.219535e+00
1.080000e-02 1.990833e+00
1.090000e-02 1.731168e+00
1.100000e-02 1.309532e+00
1.110000e-02 9.201083e-01
1.120000e-02 7.361648e-01
1.130000e-02 6.839875e-01
1.140000e-02 6.952673e-01
1.150000e-02 8.402729e-01
1.160000e-02 1.285422e+00
1.170000e-02 1.497343e+00
1.180000e-02 1.986843e+00
1.190000e-02 1.706536e+00
1.200000e-02 1.553600e+00
1.210000e-02 8.281148e-01
1.220000e-02 5.021616e-01
1.230000e-02 6.171303e-01
1.240000e-02 9.511550e-01
1.250000e-02 1.549645e+00
1.260000e-02 2.364391e+00
1.270000e-02 2.189004e+00
1.280000e-02 1.705166e+00
1.290000e-02 1.463853e+00
1.300000e-02 1.287997e+00
1.310000e-02 8.246313e-01
1.320000e-02 8.973099e-01
1.330000e-02 1.268815e+00
1.340000e-02 1.692036e+00
1.350000e-02 2.004342e+00
1.360000e-02 2.206782e+00
1.370000e-02 2.303085e+00
1.380000e-02 2.018257e+00
1.390000e-02 1.438332e+00
1.400000e-02 1.362951e+00
1.410000e-02 1.759871e+00
1.420000e-02 2.191878e+00
1.430000e-02 2.159365e+00
1.440000e-02 1.760644e+00
1.450000e-02 1.398959e+00
1.460000e-02 1.272450e+00
1.470000e-02 1.888880e+00
1.480000e-02 1.234620e+00
1.490000e-02 1.128242e+00
1.500000e-02 8.253150e-01
1.510000e-02 7.039613e-01
1.520000e-02 6.592803e-01
1.530000e-02 7.236475e-01
1.540000e-02 1.025756e+00
1.550000e-02 7.742780e-01
1.560000e-02 6.797414e-01
1.570000e-02 1.340527e+00
1.580000e-02 1.477688e+00
1.590000e-02 1.105925e+00
1.600000e-02 8.169802e-01
1.610000e-02 8.240879e-01
1.620000e-02 7.373705e-01
1.630000e-02 1.460321e+00
1.640000e-02 1.838636e+00
1.650000e-02 1.456460e+00
1.660000e-02 1.945402e+00
1.670000e-02 1.486558e+00
1.680000e-02 1.341262e+00
1.690000e-02 1.257688e+00
1.700000e-02 1.297862e+00
1.710000e-02 1.528592e+00
1.720000e-02 1.731460e+00
1.730000e-02 1.540449e+00
1.740000e-02 1.296902e+00
1.750000e-02 1.439080e+00
1.760000e-02 2.012420e+00
1.770000e-02 1.430453e+00
1.780000e-02 8.459584e-01
1.790000e-02 1.930974e+00
1.800000e-02 1.067376e+00
1.810000e-02 4.951648e-01
1.820000e-02 3.732272e-01
1.830000e-02 7.556997e-01
1.840000e-02 1.838959e+00
1.850000e-02 9.717733e-01
1.860000e-02 9.561311e-01
1.870000e-02 8.886590e-01
1.880000e-02 8.326926e-01
1.890000e-02 1.322601e+00
1.900000e-02 2.589412e+00
1.910000e-02 3.429339e+00
1.920000e-02 2.489265e+00
1.930000e-02 1.787184e+00
1.940000e-02 1.551965e+00
1.950000e-02 1.768248e+00
1.960000e-02 2.045815e+00
1.970000e-02 1.819246e+00
1.980000e-02 1.303850e+00
1.990000e-02 1.311194e+00
2.000000e-02 1.895881e+00
2.010000e-02 2.152888e+00
2.020000e-02 1.776088e+00
2.030000e-02 6.290154e-01
2.040000e-02 3.040065e-01
2.050000e-02 2.290562e-01
2.060000e-02 2.318390e-01
2.070000e-02 2.797564e-01
2.080000e-02 3.726174e-01
2.090000e-02 4.630519e-01
2.100000e-02 3.929555e-01
2.110000e-02 2.883305e-01
2.120000e-02 2.761672e-01
2.130000e-02 3.900027e-01
2.140000e-02 8.932432e-01
2.150000e-02 1.476244e+00
2.160000e-02 1.398267e+00
2.170000e-02 1.491974e+00
2.180000e-02 1.747860e+00
2.190000e-02 2.007901e+00
2.200000e-02 1.617769e+00
2.210000e-02 6.655878e-01
2.220000e-02 7.466531e-01
2.230000e-02 8.087262e-01
2.240000e-02 8.748554e-01
2.250000e-02 1.411737e+00
2.260000e-02 1.267486e+00
2.270000e-02 1.311038e+00
2.280000e-02 1.447939e+00
2.290000e-02 1.594943e+00
2.300000e-02 1.778141e+00
2.310000e-02 1.335322e+00
2.320000e-02 1.245044e+00
2.330000e-02 1.403730e+00
2.340000e-02 1.707053e+00
2.350000e-02 1.587769e+00
2.360000e-02 1.170284e+00
2.370000e-02 8.569366e-01
2.380000e-02 7.394599e-01
2.390000e-02 1.139958e+00
2.400000e-02 2.082528e+00
2.410000e-02 1.000622e+00
2.420000e-02 4.217909e-01
2.430000e-02 5.321173e-01
2.440000e-02 9.228875e-01
2.450000e-02 9.747104e-01
2.460000e-02 1.271622e+00
2.470000e-02 1.854954e+00
2.480000e-02 3.101592e+00
2.490000e-02 2.420187e+00
2.500000e-02 1.683126e+00
2.510000e-02 2.011571e+00
2.520000e-02 1.672424e+00
2.530000e-02 1.253375e+00
2.540000e-02 1.187387e+00
2.550000e-02 1.493370e+00
2.560000e-02 1.940887e+00
2.570000e-02 1.310000e+00
2.580000e-02 1.311182e+00
2.590000e-02 9.355880e-01
2.600000e-02 6.462558e-01
2.610000e-02 6.430078e-01
2.620000e-02 1.797845e+00
2.630000e-02 6.348692e-01
2.640000e-02 6.716744e-01
2.650000e-02 1.149034e+00
2.660000e-02 9.616273e-01
2.670000e-02 7.691134e-01
2.680000e-02 1.432689e+00
2.690000e-02 1.237923e+00
2.700000e-02 7.406754e-01
2.710000e-02 8.553398e-01
2.720000e-02 6.671542e-01
2.730000e-02 7.850511e-01
2.740000e-02 6.638938e-01
2.750000e-02 5.712701e-01
2.760000e-02 1.240924e+00
2.770000e-02 8.927580e-01
2.780000e-02 5.910287e-01
2.790000e-02 5.050748e-01
2.800000e-02 4.651721e-01
2.810000e-02 4.317368e-01
2.820000e-02 4.301468e-01
2.830000e-02 5.017822e-01
2.840000e-02 7.795683e-01
2.850000e-02 2.266114e+00
2.860000e-02 2.008601e+00
2.870000e-02 1.886592e+00
2.880000e-02 1.873001e+00
2.890000e-02 1.718076e+00
2.900000e-02 1.883552e+00
2.910000e-02 2.744722e+00
2.920000e-02 2.051806e+00
2.930000e-02 2.155651e+00
2.940000e-02 1.851374e+00
2.950000e-02 1.482829e+00
2.960000e-02 1.220398e+00
2.970000e-02 9.999828e-01
2.980000e-02 9.996103e-01
2.990000e-02 1.718037e+00
3.000000e-02 1.057999e+00
3.010000e-02 9.035127e-01
3.020000e-02 9.835107e-01
3.030000e-02 1.262685e+00
3.040000e-02 1.803830e+00
3.050000e-02 2.073523e+00
3.060000e-02 1.915655e+00
3.070000e-02 1.300528e+00
3.080000e-02 1.134188e+00
3.090000e-02 1.860469e+00
3.100000e-02 1.061141e+00
3.110000e-02 1.175629e+00
3.120000e-02 1.647902e+00
3.130000e-02 1.842496e+00
3.140000e-02 1.541787e+00
3.150000e-02 1.290989e+00
3.160000e-02 1.340626e+00
3.170000e-02 1.648565e+00
3.180000e-02 1.907047e+00
3.190000e-02 1.735027e+00
3.200000e-02 1.561032e+00
3.210000e-02 1.029272e+00
3.220000e-02 7.838420e-01
3.230000e-02 8.075034e-01
3.240000e-02 1.107227e+00
3.250000e-02 7.593201e-01
3.260000e-02 5.897722e-01
3.270000e-02 3.848484e-01
3.280000e-02 4.477620e-01
3.290000e-02 1.364518e+00
3.300000e-02 8.748126e-01
3.310000e-02 5.816340e-01
3.320000e-02 1.072604e+00
3.330000e-02 1.006302e+00
3.340000e-02 6.479516e-01
3.350000e-02 4.927439e-01
3.360000e-02 4.199937e-01
3.370000e-02 3.930610e-01
3.380000e-02 4.155549e-01
3.390000e-02 5.806710e-01
3.400000e-02 9.547965e-01
3.410000e-02 1.757623e+00
3.420000e-02 5.686709e-01
3.430000e-02 5.968677e-01
3.440000e-02 1.310682e+00
3.450000e-02 1.060224e+00
3.460000e-02 7.403347e-01
3.470000e-02 8.091747e-01
3.480000e-02 1.189703e+00
3.490000e-02 1.265283e+00
3.500000e-02 1.093315e+00
3.510000e-02 1.531384e+00
3.520000e-02 1.429373e+00
3.530000e-02 6.755831e-01
3.540000e-02 5.360368e-01
3.550000e-02 1.461991e+00
3.560000e-02 1.747687e+00
3.570000e-02 1.573205e+00
3.580000e-02 1.290180e+00
3.590000e-02 1.112725e+00
3.600000e-02 2.076534e+00
3.610000e-02 1.292363e+00
3.620000e-02 1.014893e+00
3.630000e-02 1.198776e+00
3.640000e-02 1.660920e+00
3.650000e-02 2.119052e+00
3.660000e-02 1.844151e+00
3.670000e-02 2.058840e+00
3.680000e-02 1.743560e+00
3.690000e-02 1.007718e+00
3.700000e-02 1.064741e+00
3.710000e-02 1.720961e+00
3.720000e-02 5.186311e-01
3.730000e-02 3.502245e-01
3.740000e-02 3.852713e-01
3.750000e-02 1.446055e+00
3.760000e-02 5.609201e-01
3.770000e-02 4.283389e-01
3.780000e-02 1.247242e+00
3.790000e-02 4.673666e-01
3.800000e-02 5.704927e-01
3.810000e-02 8.940804e-01
3.820000e-02 1.068285e+00
3.830000e-02 8.373793e-01
3.840000e-02 1.848419e+00
3.850000e-02 1.696908e+00
3.860000e-02 1.155683e+00
3.870000e-02 1.146688e+00
3.880000e-02 1.931695e+00
3.890000e-02 1.533411e+00
3.900000e-02 7.976479e-01
3.910000e-02 5.528598e-01
3.920000e-02 5.752295e-01
3.930000e-02 1.100535e+00
3.940000e-02 1.271640e+00
3.950000e-02 7.851367e-01
3.960000e-02 4.905320e-01
3.970000e-02 3.414655e-01
3.980000e-02 3.101586e-01
3.990000e-02 7.504418e-01
4.000000e-02 2.715277e-01
4.010000e-02 3.741688e-01
4.020000e-02 1.105104e-01
4.030000e-02 1.088740e-01
4.040000e-02 1.460640e-01
4.050000e-02 2.021845e-01
4.060000e-02 3.090978e-01
4.070000e-02 6.357015e-01
4.080000e-02 1.647079e+00
4.090000e-02 1.715885e+00
4.100000e-02 2.015747e+00
4.110000e-02 2.242723e+00
4.120000e-02 1.561545e+00
4.130000e-02 9.795118e-01
4.140000e-02 5.966755e-01
4.150000e-02 6.825594e-01
4.160000e-02 1.361392e+00
4.170000e-02 1.583154e+00
4.180000e-02 9.619438e-01
4.190000e-02 1.737384e+00
4.200000e-02 1.678327e+00
4.210000e-02 8.809733e-01
4.220000e-02 6.188928e-01
4.230000e-02 5.777119e-01
4.240000e-02 6.769371e-01
4.250000e-02 9.507960e-01
4.260000e-02 1.454154e+00
4.270000e-02 1.976788e+00
4.280000e-02 2.339783e+00
4.290000e-02 2.503727e+00
4.300000e-02 1.898734e+00
4.310000e-02 1.333025e+00
4.320000e-02 2.045538e+00
4.330000e-02 1.422052e+00
4.340000e-02 2.043004e+00
4.350000e-02 1.283358e+00
4.360000e-02 1.279851e+00
4.370000e-02 1.479557e+00
4.380000e-02 1.882822e+00
4.390000e-02 2.087353e+00
4.400000e-02 1.635467e+00
4.410000e-02 1.160840e+00
4.420000e-02 9.666483e-01
4.430000e-02 9.946205e-01
4.440000e-02 1.164139e+00
4.450000e-02 1.341343e+00
4.460000e-02 1.081183e+00
4.470000e-02 9.321353e-01
4.480000e-02 1.860048e+00
4.490000e-02 1.142658e+00
4.500000e-02 5.251286e-01
4.510000e-02 3.400842e-01
4.520000e-02 3.299596e-01
4.530000e-02 6.651754e-01
4.540000e-02 1.187161e+00
4.550000e-02 1.743544e+00
4.560000e-02 2.139762e+00
4.570000e-02 2.317799e+00
4.580000e-02 2.254095e+00
4.590000e-02 1.489425e+00
4.600000e-02 8.443214e-01
4.610000e-02 1.768444e+00
4.620000e-02 1.961197e+00
4.630000e-02 9.505718e-01
4.640000e-02 1.129343e+00
4.650000e-02 1.598088e+00
4.660000e-02 1.562114e+00
4.670000e-02 2.383927e+00
4.680000e-02 5.950204e-01
4.690000e-02 2.150629e-01
4.700000e-02 1.206477e-01
4.710000e-02 1.173986e-01
4.720000e-02 2.058722e-01
4.730000e-02 5.423034e-01
4.740000e-02 1.063415e+00
4.750000e-02 8.771333e-01
4.760000e-02 8.382118e-01
4.770000e-02 1.557886e+00
4.780000e-02 3.574292e-01
4.790000e-02 4.595614e-01
4.800000e-02 1.004184e+00
4.810000e-02 5.401465e-01
4.820000e-02 1.374699e+00
4.830000e-02 9.372277e-01
4.840000e-02 5.891672e-01
4.850000e-02 6.639783e-01
4.860000e-02 9.568998e-01
4.870000e-02 1.159086e+00
4.880000e-02 9.438741e-01
4.890000e-02 6.899901e-01
4.900000e-02 4.874168e-01
4.910000e-02 5.173697e-01
4.920000e-02 7.926445e-01
4.930000e-02 8.792895e-01
4.940000e-02 8.956851e-01
4.950000e-02 9.041355e-01
4.960000e-02 9.130263e-01
4.970000e-02 9.391512e-01
4.980000e-02 1.009524e+00
4.990000e-02 1.180489e+00
