-5.000000e-02 5.119331e-01
-4.990000e-02 5.046905e-01
-4.980000e-02 4.969684e-01
-4.970000e-02 4.890478e-01
-4.960000e-02 4.811789e-01
-4.950000e-02 4.735754e-01
-4.940000e-02 4.664151e-01
-4.930000e-02 4.598421e-01
-4.920000e-02 4.539707e-01
-4.910000e-02 4.488904e-01
-4.900000e-02 4.446698e-01
-4.890000e-02 4.413608e-01
-4.880000e-02 4.390016e-01
-4.870000e-02 4.376200e-01
-4.860000e-02 4.372345e-01
-4.850000e-02 4.378559e-01
-4.840000e-02 4.394878e-01
-4.830000e-02 4.421254e-01
-4.820000e-02 4.457550e-01
-4.810000e-02 4.503511e-01
-4.800000e-02 4.558730e-01
-4.790000e-02 4.622600e-01
-4.780000e-02 4.694247e-01
-4.770000e-02 4.772449e-01
-4.760000e-02 4.855526e-01
-4.750000e-02 4.941206e-01
-4.740000e-02 5.026470e-01
-4.730000e-02 5.107364e-01
-4.720000e-02 5.178795e-01
-4.710000e-02 5.234317e-01
-4.700000e-02 5.265956e-01
-4.690000e-02 5.264099e-01
-4.680000e-02 5.217555e-01
-4.670000e-02 5.113895e-01
-4.660000e-02 4.940225e-01
-4.650000e-02 4.684581e-01
-4.640000e-02 4.338066e-01
-4.630000e-02 3.897759e-01
-4.620000e-02 3.370147e-01
-4.610000e-02 2.774392e-01
-4.600000e-02 2.144326e-01
-4.590000e-02 1.527745e-01
-4.580000e-02 9.818462e-02
-4.570000e-02 5.647052e-02
-4.560000e-02 3.243537e-02
-4.550000e-02 2.885759e-02
-4.540000e-02 4.589014e-02
-4.530000e-02 8.109477e-02
-4.520000e-02 1.300804e-01
-4.510000e-02 1.874923e-01
-4.500000e-02 2.480163e-01
-4.490000e-02 3.071360e-01
-4.480000e-02 3.615305e-01
-4.470000e-02 4.091451e-01
-4.460000e-02 4.490375e-01
-4.450000e-02 4.811191e-01
-4.440000e-02 5.058803e-01
-4.430000e-02 5.241513e-01
-4.420000e-02 5.369220e-01
-4.410000e-02 5.452183e-01
-4.400000e-02 5.500282e-01
-4.390000e-02 5.522627e-01
-4.380000e-02 5.527411e-01
-4.370000e-02 5.521897e-01
-4.360000e-02 5.512441e-01
-4.350000e-02 5.504474e-01
-4.340000e-02 5.502350e-01
-4.330000e-02 5.508997e-01
-4.320000e-02 5.525337e-01
-4.310000e-02 5.549636e-01
-4.300000e-02 5.577151e-01
-4.290000e-02 5.600648e-01
-4.280000e-02 5.612166e-01
-4.270000e-02 5.605552e-01
-4.260000e-02 5.578511e-01
-4.250000e-02 5.532996e-01
-4.240000e-02 5.473944e-01
-4.230000e-02 5.407371e-01
-4.220000e-02 5.338851e-01
-4.210000e-02 5.272758e-01
-4.200000e-02 5.212140e-01
-4.190000e-02 5.158923e-01
-4.180000e-02 5.114214e-01
-4.170000e-02 5.078582e-01
-4.160000e-02 5.052273e-01
-4.150000e-02 5.035371e-01
-4.140000e-02 5.027903e-01
-4.130000e-02 5.029917e-01
-4.120000e-02 5.041541e-01
-4.110000e-02 5.063037e-01
-4.100000e-02 5.094859e-01
-4.090000e-02 5.137732e-01
-4.080000e-02 5.192765e-01
-4.070000e-02 5.261622e-01
-4.060000e-02 5.346792e-01
-4.050000e-02 5.452030e-01
-4.040000e-02 5.583072e-01
-4.030000e-02 5.748837e-01
-4.020000e-02 5.963438e-01
-4.010000e-02 6.249429e-01
-4.000000e-02 6.642332e-01
-3.990000e-02 7.192827e-01
-3.980000e-02 7.943495e-01
-3.970000e-02 8.784458e-01
-3.960000e-02 9.084790e-01
-3.950000e-02 8.256372e-01
-3.940000e-02 7.434883e-01
-3.930000e-02 6.937309e-01
-3.920000e-02 6.491863e-01
-3.910000e-02 6.143760e-01
-3.900000e-02 5.908762e-01
-3.890000e-02 5.762650e-01
-3.880000e-02 5.676345e-01
-3.870000e-02 5.623480e-01
-3.860000e-02 5.579456e-01
-3.850000e-02 5.520906e-01
-3.840000e-02 5.427305e-01
-3.830000e-02 5.283903e-01
-3.820000e-02 5.084272e-01
-3.810000e-02 4.831076e-01
-3.800000e-02 4.534649e-01
-3.790000e-02 4.210049e-01
-3.780000e-02 3.873743e-01
-3.770000e-02 3.540887e-01
-3.760000e-02 3.223684e-01
-3.750000e-02 2.930779e-01
-3.740000e-02 2.667423e-01
-3.730000e-02 2.436033e-01
-3.720000e-02 2.236909e-01
-3.710000e-02 2.068903e-01
-3.700000e-02 1.929984e-01
-3.690000e-02 1.817660e-01
-3.680000e-02 1.729278e-01
-3.670000e-02 1.662216e-01
-3.660000e-02 1.614005e-01
-3.650000e-02 1.582390e-01
-3.640000e-02 1.565358e-01
-3.630000e-02 1.561141e-01
-3.620000e-02 1.568211e-01
-3.610000e-02 1.585258e-01
-3.600000e-02 1.611175e-01
-3.590000e-02 1.645037e-01
-3.580000e-02 1.686083e-01
-3.570000e-02 1.733704e-01
-3.560000e-02 1.787426e-01
-3.550000e-02 1.846902e-01
-3.540000e-02 1.911910e-01
-3.530000e-02 1.982353e-01
-3.520000e-02 2.058258e-01
-3.510000e-02 2.139794e-01
-3.500000e-02 2.227288e-01
-3.490000e-02 2.321254e-01
-3.480000e-02 2.422433e-01
-3.470000e-02 2.531856e-01
-3.460000e-02 2.650927e-01
-3.450000e-02 2.781535e-01
-3.440000e-02 2.926209e-01
-3.430000e-02 3.088324e-01
-3.420000e-02 3.272348e-01
-3.410000e-02 3.484092e-01
-3.400000e-02 3.730808e-01
-3.390000e-02 4.020681e-01
-3.380000e-02 4.360408e-01
-3.370000e-02 4.747560e-01
-3.360000e-02 5.150063e-01
-3.350000e-02 5.459817e-01
-3.340000e-02 5.423002e-01
-3.330000e-02 4.674365e-01
-3.320000e-02 3.242071e-01
-3.310000e-02 2.209678e-01
-3.300000e-02 2.579164e-01
-3.290000e-02 3.772128e-01
-3.280000e-02 4.840705e-01
-3.270000e-02 5.503227e-01
-3.260000e-02 5.856566e-01
-3.250000e-02 6.038549e-01
-3.240000e-02 6.138346e-01
-3.230000e-02 6.201817e-01
-3.220000e-02 6.249277e-01
-3.210000e-02 6.287878e-01
-3.200000e-02 6.318473e-01
-3.190000e-02 6.338967e-01
-3.180000e-02 6.345691e-01
-3.170000e-02 6.334188e-01
-3.160000e-02 6.300450e-01
-3.150000e-02 6.242518e-01
-3.140000e-02 6.161136e-01
-3.130000e-02 6.058603e-01
-3.120000e-02 5.936637e-01
-3.110000e-02 5.794893e-01
-3.100000e-02 5.631449e-01
-3.090000e-02 5.446149e-01
-3.080000e-02 5.247788e-01
-3.070000e-02 5.065635e-01
-3.060000e-02 4.960916e-01
-3.050000e-02 5.019016e-01
-3.040000e-02 5.286565e-01
-3.030000e-02 5.659676e-01
-3.020000e-02 5.875201e-01
-3.010000e-02 5.740281e-01
-3.000000e-02 5.336895e-01
-2.990000e-02 4.903084e-01
-2.980000e-02 4.609857e-01
-2.970000e-02 4.499110e-01
-2.960000e-02 4.537034e-01
-2.950000e-02 4.670620e-01
-2.940000e-02 4.854338e-01
-2.930000e-02 5.056665e-01
-2.920000e-02 5.258736e-01
-2.910000e-02 5.451095e-01
-2.900000e-02 5.630334e-01
-2.890000e-02 5.795451e-01
-2.880000e-02 5.943111e-01
-2.870000e-02 6.060941e-01
-2.860000e-02 6.119297e-01
-2.850000e-02 6.066167e-01
-2.840000e-02 5.836661e-01
-2.830000e-02 5.388232e-01
-2.820000e-02 4.750011e-01
-2.810000e-02 4.042043e-01
-2.800000e-02 3.430626e-01
-2.790000e-02 3.048439e-01
-2.780000e-02 2.942905e-01
-2.770000e-02 3.079987e-01
-2.760000e-02 3.381275e-01
-2.750000e-02 3.761698e-01
-2.740000e-02 4.151967e-01
-2.730000e-02 4.505846e-01
-2.720000e-02 4.798339e-01
-2.710000e-02 5.020355e-01
-2.700000e-02 5.173097e-01
-2.690000e-02 5.263519e-01
-2.680000e-02 5.301162e-01
-2.670000e-02 5.296144e-01
-2.660000e-02 5.258034e-01
-2.650000e-02 5.195300e-01
-2.640000e-02 5.115117e-01
-2.630000e-02 5.023374e-01
-2.620000e-02 4.924792e-01
-2.610000e-02 4.823081e-01
-2.600000e-02 4.721103e-01
-2.590000e-02 4.621029e-01
-2.580000e-02 4.524477e-01
-2.570000e-02 4.432629e-01
-2.560000e-02 4.346328e-01
-2.550000e-02 4.266158e-01
-2.540000e-02 4.192503e-01
-2.530000e-02 4.125604e-01
-2.520000e-02 4.065595e-01
-2.510000e-02 4.012537e-01
-2.500000e-02 3.966439e-01
-2.490000e-02 3.927282e-01
-2.480000e-02 3.895033e-01
-2.470000e-02 3.869659e-01
-2.460000e-02 3.851139e-01
-2.450000e-02 3.839471e-01
-2.440000e-02 3.834691e-01
-2.430000e-02 3.836878e-01
-2.420000e-02 3.846177e-01
-2.410000e-02 3.862816e-01
-2.400000e-02 3.887139e-01
-2.390000e-02 3.919649e-01
-2.380000e-02 3.961069e-01
-2.370000e-02 4.012437e-01
-2.360000e-02 4.075234e-01
-2.350000e-02 4.151573e-01
-2.340000e-02 4.244453e-01
-2.330000e-02 4.358076e-01
-2.320000e-02 4.498172e-01
-2.310000e-02 4.672129e-01
-2.300000e-02 4.888438e-01
-2.290000e-02 5.154516e-01
-2.280000e-02 5.471669e-01
-2.270000e-02 5.827248e-01
-2.260000e-02 6.188451e-01
-2.250000e-02 6.507312e-01
-2.240000e-02 6.740956e-01
-2.230000e-02 6.872653e-01
-2.220000e-02 6.914013e-01
-2.210000e-02 6.890144e-01
-2.200000e-02 6.824835e-01
-2.190000e-02 6.734715e-01
-2.180000e-02 6.630114e-01
-2.170000e-02 6.518115e-01
-2.160000e-02 6.405299e-01
-2.150000e-02 6.299417e-01
-2.140000e-02 6.209879e-01
-2.130000e-02 6.147100e-01
-2.120000e-02 6.120926e-01
-2.110000e-02 6.138532e-01
-2.100000e-02 6.202421e-01
-2.090000e-02 6.309216e-01
-2.080000e-02 6.449652e-01
-2.070000e-02 6.609749e-01
-2.060000e-02 6.772633e-01
-2.050000e-02 6.920223e-01
-2.040000e-02 7.034086e-01
-2.030000e-02 7.095119e-01
-2.020000e-02 7.082166e-01
-2.010000e-02 6.970256e-01
-2.000000e-02 6.729896e-01
-1.990000e-02 6.330344e-01
-1.980000e-02 5.752176e-01
-1.970000e-02 5.016722e-01
-1.960000e-02 4.235625e-01
-1.950000e-02 3.655497e-01
-1.940000e-02 3.608082e-01
-1.930000e-02 4.260845e-01
-1.920000e-02 5.327723e-01
-1.910000e-02 6.249364e-01
-1.900000e-02 6.796748e-01
-1.890000e-02 7.193374e-01
-1.880000e-02 7.641337e-01
-1.870000e-02 8.058864e-01
-1.860000e-02 8.253944e-01
-1.850000e-02 8.157066e-01
-1.840000e-02 7.863346e-01
-1.830000e-02 7.528929e-01
-1.820000e-02 7.266412e-01
-1.810000e-02 7.112533e-01
-1.800000e-02 7.050561e-01
-1.790000e-02 7.044377e-01
-1.780000e-02 7.060738e-01
-1.770000e-02 7.077412e-01
-1.760000e-02 7.083005e-01
-1.750000e-02 7.073829e-01
-1.740000e-02 7.050655e-01
-1.730000e-02 7.016318e-01
-1.720000e-02 6.974231e-01
-1.710000e-02 6.927586e-01
-1.700000e-02 6.878986e-01
-1.690000e-02 6.830333e-01
-1.680000e-02 6.782837e-01
-1.670000e-02 6.737082e-01
-1.660000e-02 6.693116e-01
-1.650000e-02 6.650542e-01
-1.640000e-02 6.608609e-01
-1.630000e-02 6.566310e-01
-1.620000e-02 6.522481e-01
-1.610000e-02 6.475917e-01
-1.600000e-02 6.425493e-01
-1.590000e-02 6.370297e-01
-1.580000e-02 6.309744e-01
-1.570000e-02 6.243663e-01
-1.560000e-02 6.172325e-01
-1.550000e-02 6.096402e-01
-1.540000e-02 6.016849e-01
-1.530000e-02 5.934737e-01
-1.520000e-02 5.851050e-01
-1.510000e-02 5.766507e-01
-1.500000e-02 5.681428e-01
-1.490000e-02 5.595686e-01
-1.480000e-02 5.508727e-01
-1.470000e-02 5.419670e-01
-1.460000e-02 5.327432e-01
-1.450000e-02 5.230872e-01
-1.440000e-02 5.128924e-01
-1.430000e-02 5.020704e-01
-1.420000e-02 4.905606e-01
-1.410000e-02 4.783371e-01
-1.400000e-02 4.654138e-01
-1.390000e-02 4.518459e-01
-1.380000e-02 4.377277e-01
-1.370000e-02 4.231857e-01
-1.360000e-02 4.083691e-01
-1.350000e-02 3.934384e-01
-1.340000e-02 3.785535e-01
-1.330000e-02 3.638649e-01
-1.320000e-02 3.495063e-01
-1.310000e-02 3.355902e-01
-1.300000e-02 3.222065e-01
-1.290000e-02 3.094226e-01
-1.280000e-02 2.972854e-01
-1.270000e-02 2.858236e-01
-1.260000e-02 2.750504e-01
-1.250000e-02 2.649669e-01
-1.240000e-02 2.555645e-01
-1.230000e-02 2.468275e-01
-1.220000e-02 2.387351e-01
-1.210000e-02 2.312628e-01
-1.200000e-02 2.243844e-01
-1.190000e-02 2.180727e-01
-1.180000e-02 2.123000e-01
-1.170000e-02 2.070395e-01
-1.160000e-02 2.022652e-01
-1.150000e-02 1.979521e-01
-1.140000e-02 1.940768e-01
-1.130000e-02 1.906176e-01
-1.120000e-02 1.875540e-01
-1.110000e-02 1.848675e-01
-1.100000e-02 1.825409e-01
-1.090000e-02 1.805587e-01
-1.080000e-02 1.789068e-01
-1.070000e-02 1.775726e-01
-1.060000e-02 1.765447e-01
-1.050000e-02 1.758130e-01
-1.040000e-02 1.753685e-01
-1.030000e-02 1.752031e-01
-1.020000e-02 1.753099e-01
-1.010000e-02 1.756824e-01
-1.000000e-02 1.763152e-01
-9.900000e-03 1.772031e-01
-9.800000e-03 1.783417e-01
-9.700000e-03 1.797266e-01
-9.600000e-03 1.813536e-01
-9.500000e-03 1.832187e-01
-9.400000e-03 1.853173e-01
-9.300000e-03 1.876449e-01
-9.200000e-03 1.901961e-01
-9.100000e-03 1.929647e-01
-9.000000e-03 1.959435e-01
-8.900000e-03 1.991240e-01
-8.800000e-03 2.024961e-01
-8.700000e-03 2.060477e-01
-8.600000e-03 2.097649e-01
-8.500000e-03 2.136310e-01
-8.400000e-03 2.176266e-01
-8.300000e-03 2.217298e-01
-8.200000e-03 2.259150e-01
-8.100000e-03 2.301538e-01
-8.000000e-03 2.344143e-01
-7.900000e-03 2.386616e-01
-7.800000e-03 2.428574e-01
-7.700000e-03 2.469611e-01
-7.600000e-03 2.509300e-01
-7.500000e-03 2.547198e-01
-7.400000e-03 2.582858e-01
-7.300000e-03 2.615837e-01
-7.200000e-03 2.645711e-01
-7.100000e-03 2.672089e-01
-7.000000e-03 2.694623e-01
-6.900000e-03 2.713029e-01
-6.800000e-03 2.727100e-01
-6.700000e-03 2.736722e-01
-6.600000e-03 2.741886e-01
-6.500000e-03 2.742709e-01
-6.400000e-03 2.739442e-01
-6.300000e-03 2.732484e-01
-6.200000e-03 2.722403e-01
-6.100000e-03 2.709946e-01
-6.000000e-03 2.696064e-01
-5.900000e-03 2.681940e-01
-5.800000e-03 2.669028e-01
-5.700000e-03 2.659110e-01
-5.600000e-03 2.654372e-01
-5.500000e-03 2.657516e-01
-5.400000e-03 2.671912e-01
-5.300000e-03 2.701795e-01
-5.200000e-03 2.752533e-01
-5.100000e-03 2.830930e-01
-5.000000e-03 2.945548e-01
-4.900000e-03 3.106874e-01
-4.800000e-03 3.326995e-01
-4.700000e-03 3.618001e-01
-4.600000e-03 3.987714e-01
-4.500000e-03 4.430966e-01
-4.400000e-03 4.916576e-01
-4.300000e-03 5.378519e-01
-4.200000e-03 5.732695e-01
-4.100000e-03 5.928794e-01
-4.000000e-03 5.983740e-01
-3.900000e-03 5.938341e-01
-3.800000e-03 5.807468e-01
-3.700000e-03 5.596559e-01
-3.600000e-03 5.327918e-01
-3.500000e-03 5.035307e-01
-3.400000e-03 4.749249e-01
-3.300000e-03 4.491107e-01
-3.200000e-03 4.274957e-01
-3.100000e-03 4.112773e-01
-3.000000e-03 4.021964e-01
-2.900000e-03 4.039853e-01
-2.800000e-03 4.263684e-01
-2.700000e-03 4.981008e-01
-2.600000e-03 6.232762e-01
-2.500000e-03 4.677205e-01
-2.400000e-03 4.263597e-01
-2.300000e-03 2.900304e-01
-2.200000e-03 2.505814e-01
-2.100000e-03 2.342832e-01
-2.000000e-03 2.254789e-01
-1.900000e-03 2.198482e-01
-1.800000e-03 2.159024e-01
-1.700000e-03 2.130401e-01
-1.600000e-03 2.109878e-01
-1.500000e-03 2.096111e-01
-1.400000e-03 2.088406e-01
-1.300000e-03 2.086421e-01
-1.200000e-03 2.090014e-01
-1.100000e-03 2.099182e-01
-1.000000e-03 2.114029e-01
-9.000000e-04 2.134745e-01
-8.000000e-04 2.161608e-01
-7.000000e-04 2.194978e-01
-6.000000e-04 2.235309e-01
-5.000000e-04 2.283154e-01
-4.000000e-04 2.339178e-01
-3.000000e-04 2.404179e-01
-2.000000e-04 2.479105e-01
-1.000000e-04 2.565084e-01
1.429412e-15 2.663462e-01
1.000000e-04 2.775849e-01
2.000000e-04 2.904176e-01
3.000000e-04 3.050780e-01
4.000000e-04 3.218499e-01
5.000000e-04 3.410818e-01
6.000000e-04 3.632038e-01
7.000000e-04 3.887498e-01
8.000000e-04 4.183825e-01
9.000000e-04 4.529139e-01
1.000000e-03 4.932991e-01
1.100000e-03 5.405408e-01
1.200000e-03 5.953501e-01
1.300000e-03 6.572402e-01
1.400000e-03 7.226295e-01
1.500000e-03 7.825737e-01
1.600000e-03 8.253440e-01
1.700000e-03 8.495265e-01
1.800000e-03 8.611271e-01
1.900000e-03 8.467041e-01
2.000000e-03 8.014174e-01
2.100000e-03 7.471554e-01
2.200000e-03 7.023226e-01
2.300000e-03 6.710243e-01
2.400000e-03 6.492132e-01
2.500000e-03 6.303296e-01
2.600000e-03 6.090172e-01
2.700000e-03 5.845527e-01
2.800000e-03 5.620782e-01
2.900000e-03 5.485143e-01
3.000000e-03 5.461651e-01
3.100000e-03 5.512561e-01
3.200000e-03 5.579007e-01
3.300000e-03 5.619257e-01
3.400000e-03 5.617864e-01
3.500000e-03 5.577200e-01
3.600000e-03 5.507109e-01
3.700000e-03 5.418518e-01
3.800000e-03 5.320724e-01
3.900000e-03 5.220742e-01
4.000000e-03 5.123516e-01
4.100000e-03 5.032371e-01
4.200000e-03 4.949459e-01
4.300000e-03 4.876126e-01
4.400000e-03 4.813179e-01
4.500000e-03 4.761081e-01
4.600000e-03 4.720089e-01
4.700000e-03 4.690352e-01
4.800000e-03 4.671981e-01
4.900000e-03 4.665097e-01
5.000000e-03 4.669878e-01
5.100000e-03 4.686594e-01
5.200000e-03 4.715642e-01
5.300000e-03 4.757597e-01
5.400000e-03 4.813255e-01
5.500000e-03 4.883713e-01
5.600000e-03 4.970459e-01
5.700000e-03 5.075496e-01
5.800000e-03 5.201482e-01
5.900000e-03 5.351842e-01
6.000000e-03 5.530627e-01
6.100000e-03 5.741426e-01
6.200000e-03 5.982994e-01
6.300000e-03 6.234352e-01
6.400000e-03 6.409867e-01
6.500000e-03 6.265576e-01
6.600000e-03 5.497934e-01
6.700000e-03 4.896276e-01
6.800000e-03 5.619434e-01
6.900000e-03 6.157329e-01
7.000000e-03 6.026299e-01
7.100000e-03 5.698340e-01
7.200000e-03 5.365027e-01
7.300000e-03 5.040847e-01
7.400000e-03 4.706214e-01
7.500000e-03 4.351306e-01
7.600000e-03 3.989269e-01
7.700000e-03 3.662383e-01
7.800000e-03 3.441538e-01
7.900000e-03 3.410819e-01
8.000000e-03 3.629712e-01
8.100000e-03 4.080135e-01
8.200000e-03 4.631605e-01
8.300000e-03 5.068257e-01
8.400000e-03 5.184003e-01
8.500000e-03 4.888298e-01
8.600000e-03 4.249300e-01
8.700000e-03 3.456893e-01
8.800000e-03 2.747252e-01
8.900000e-03 2.335435e-01
9.000000e-03 2.369537e-01
9.100000e-03 2.891958e-01
9.200000e-03 3.791220e-01
9.300000e-03 4.757675e-01
9.400000e-03 5.315622e-01
9.500000e-03 5.033831e-01
9.600000e-03 3.872373e-01
9.700000e-03 2.331045e-01
9.800000e-03 1.119029e-01
9.900000e-03 6.501570e-02
1.000000e-02 8.865918e-02
1.010000e-02 1.545980e-01
1.020000e-02 2.344273e-01
1.030000e-02 3.100599e-01
1.040000e-02 3.735009e-01
1.050000e-02 4.231613e-01
1.060000e-02 4.605534e-01
1.070000e-02 4.882550e-01
1.080000e-02 5.088890e-01
1.090000e-02 5.247026e-01
1.100000e-02 5.374436e-01
1.110000e-02 5.483764e-01
1.120000e-02 5.583960e-01
1.130000e-02 5.682964e-01
1.140000e-02 5.792833e-01
1.150000e-02 5.935439e-01
1.160000e-02 6.137155e-01
1.170000e-02 6.395654e-01
1.180000e-02 6.641335e-01
1.190000e-02 6.770353e-01
1.200000e-02 6.739523e-01
1.210000e-02 6.595094e-01
1.220000e-02 6.414971e-01
1.230000e-02 6.255178e-01
1.240000e-02 6.137767e-01
1.250000e-02 6.059960e-01
1.260000e-02 6.004997e-01
1.270000e-02 5.949512e-01
1.280000e-02 5.869085e-01
1.290000e-02 5.744814e-01
1.300000e-02 5.572383e-01
1.310000e-02 5.371558e-01
1.320000e-02 5.188705e-01
1.330000e-02 5.082500e-01
1.340000e-02 5.092184e-01
1.350000e-02 5.207526e-01
1.360000e-02 5.367690e-01
1.370000e-02 5.493357e-01
1.380000e-02 5.525696e-01
1.390000e-02 5.444761e-01
1.400000e-02 5.263785e-01
1.410000e-02 5.012856e-01
1.420000e-02 4.724586e-01
1.430000e-02 4.426252e-01
1.440000e-02 4.137412e-01
1.450000e-02 3.870518e-01
1.460000e-02 3.632601e-01
1.470000e-02 3.427025e-01
1.480000e-02 3.254905e-01
1.490000e-02 3.116133e-01
1.500000e-02 3.010074e-01
1.510000e-02 2.936017e-01
1.520000e-02 2.893453e-01
1.530000e-02 2.882258e-01
1.540000e-02 2.902795e-01
1.550000e-02 2.955984e-01
1.560000e-02 3.043325e-01
1.570000e-02 3.166890e-01
1.580000e-02 3.329248e-01
1.590000e-02 3.533282e-01
1.600000e-02 3.781839e-01
1.610000e-02 4.077061e-01
1.620000e-02 4.419269e-01
1.630000e-02 4.805156e-01
1.640000e-02 5.225192e-01
1.650000e-02 5.660469e-01
1.660000e-02 6.080335e-01
1.670000e-02 6.444355e-01
1.680000e-02 6.714707e-01
1.690000e-02 6.883504e-01
1.700000e-02 7.003909e-01
1.710000e-02 7.184125e-01
1.720000e-02 7.502036e-01
1.730000e-02 7.878546e-01
1.740000e-02 8.033460e-01
1.750000e-02 7.607571e-01
1.760000e-02 6.453344e-01
1.770000e-02 4.961313e-01
1.780000e-02 3.943126e-01
1.790000e-02 3.889107e-01
1.800000e-02 4.553392e-01
1.810000e-02 5.386554e-01
1.820000e-02 6.026927e-01
1.830000e-02 6.376057e-01
1.840000e-02 6.475547e-01
1.850000e-02 6.403297e-01
1.860000e-02 6.228387e-01
1.870000e-02 6.000359e-01
1.880000e-02 5.751291e-01
1.890000e-02 5.500645e-01
1.900000e-02 5.259568e-01
1.910000e-02 5.033994e-01
1.920000e-02 4.826694e-01
1.930000e-02 4.638580e-01
1.940000e-02 4.469519e-01
1.950000e-02 4.318833e-01
1.960000e-02 4.185616e-01
1.970000e-02 4.068946e-01
1.980000e-02 3.968053e-01
1.990000e-02 3.882489e-01
2.000000e-02 3.812365e-01
2.010000e-02 3.758736e-01
2.020000e-02 3.724284e-01
2.030000e-02 3.714560e-01
2.040000e-02 3.740237e-01
2.050000e-02 3.821080e-01
2.060000e-02 3.992191e-01
2.070000e-02 4.310434e-01
2.080000e-02 4.846335e-01
2.090000e-02 5.610846e-01
2.100000e-02 6.352864e-01
2.110000e-02 6.464323e-01
2.120000e-02 5.645879e-01
2.130000e-02 4.500132e-01
2.140000e-02 3.661070e-01
2.150000e-02 3.200317e-01
2.160000e-02 2.961403e-01
2.170000e-02 2.826745e-01
2.180000e-02 2.751128e-01
2.190000e-02 2.733421e-01
2.200000e-02 2.791151e-01
2.210000e-02 2.942718e-01
2.220000e-02 3.194411e-01
2.230000e-02 3.532728e-01
2.240000e-02 3.924215e-01
2.250000e-02 4.323084e-01
2.260000e-02 4.683180e-01
2.270000e-02 4.968916e-01
2.280000e-02 5.161085e-01
2.290000e-02 5.256786e-01
2.300000e-02 5.265381e-01
2.310000e-02 5.203143e-01
2.320000e-02 5.088584e-01
2.330000e-02 4.939292e-01
2.340000e-02 4.770271e-01
2.350000e-02 4.593395e-01
2.360000e-02 4.417534e-01
2.370000e-02 4.249002e-01
2.380000e-02 4.092100e-01
2.390000e-02 3.949635e-01
2.400000e-02 3.823370e-01
2.410000e-02 3.714380e-01
2.420000e-02 3.623329e-01
2.430000e-02 3.550691e-01
2.440000e-02 3.496906e-01
2.450000e-02 3.462511e-01
2.460000e-02 3.448245e-01
2.470000e-02 3.455130e-01
2.480000e-02 3.484547e-01
2.490000e-02 3.538277e-01
2.500000e-02 3.618522e-01
2.510000e-02 3.727833e-01
2.520000e-02 3.868891e-01
2.530000e-02 4.043965e-01
2.540000e-02 4.253777e-01
2.550000e-02 4.495265e-01
2.560000e-02 4.757451e-01
2.570000e-02 5.014451e-01
2.580000e-02 5.215367e-01
2.590000e-02 5.274686e-01
2.600000e-02 5.078151e-01
2.610000e-02 4.537423e-01
2.620000e-02 3.719660e-01
2.630000e-02 2.963468e-01
2.640000e-02 2.730392e-01
2.650000e-02 3.179041e-01
2.660000e-02 4.003168e-01
2.670000e-02 4.770923e-01
2.680000e-02 5.254584e-01
2.690000e-02 5.446514e-01
2.700000e-02 5.435800e-01
2.710000e-02 5.319053e-01
2.720000e-02 5.169419e-01
2.730000e-02 5.035488e-01
2.740000e-02 4.948571e-01
2.750000e-02 4.929588e-01
2.760000e-02 4.992983e-01
2.770000e-02 5.146456e-01
2.780000e-02 5.383954e-01
2.790000e-02 5.666319e-01
2.800000e-02 5.882374e-01
2.810000e-02 5.800696e-01
2.820000e-02 5.112397e-01
2.830000e-02 3.815943e-01
2.840000e-02 2.791550e-01
2.850000e-02 3.117633e-01
2.860000e-02 4.442334e-01
2.870000e-02 5.615684e-01
2.880000e-02 6.152999e-01
2.890000e-02 6.187890e-01
2.900000e-02 5.969483e-01
2.910000e-02 5.667554e-01
2.920000e-02 5.368866e-01
2.930000e-02 5.110639e-01
2.940000e-02 4.905694e-01
2.950000e-02 4.756198e-01
2.960000e-02 4.660329e-01
2.970000e-02 4.615298e-01
2.980000e-02 4.618603e-01
2.990000e-02 4.668454e-01
3.000000e-02 4.763754e-01
3.010000e-02 4.903775e-01
3.020000e-02 5.087473e-01
3.030000e-02 5.312231e-01
3.040000e-02 5.571607e-01
3.050000e-02 5.851359e-01
3.060000e-02 6.122688e-01
3.070000e-02 6.331605e-01
3.080000e-02 6.385047e-01
3.090000e-02 6.141896e-01
3.100000e-02 5.438046e-01
3.110000e-02 4.207394e-01
3.120000e-02 2.733183e-01
3.130000e-02 1.793920e-01
3.140000e-02 2.152504e-01
3.150000e-02 3.633899e-01
3.160000e-02 5.236378e-01
3.170000e-02 6.196459e-01
3.180000e-02 6.423172e-01
3.190000e-02 6.173276e-01
3.200000e-02 5.716375e-01
3.210000e-02 5.226047e-01
3.220000e-02 4.790238e-01
3.230000e-02 4.445243e-01
3.240000e-02 4.201548e-01
3.250000e-02 4.058564e-01
3.260000e-02 4.011778e-01
3.270000e-02 4.055462e-01
3.280000e-02 4.182702e-01
3.290000e-02 4.383407e-01
3.300000e-02 4.640374e-01
3.310000e-02 4.923471e-01
3.320000e-02 5.183152e-01
3.330000e-02 5.347815e-01
3.340000e-02 5.334931e-01
3.350000e-02 5.088234e-01
3.360000e-02 4.637266e-01
3.370000e-02 4.132589e-01
3.380000e-02 3.787907e-01
3.390000e-02 3.742772e-01
3.400000e-02 3.976865e-01
3.410000e-02 4.358239e-01
3.420000e-02 4.750323e-01
3.430000e-02 5.074037e-01
3.440000e-02 5.308547e-01
3.450000e-02 5.466158e-01
3.460000e-02 5.568855e-01
3.470000e-02 5.633446e-01
3.480000e-02 5.661949e-01
3.490000e-02 5.631679e-01
3.500000e-02 5.480518e-01
3.510000e-02 5.088671e-01
3.520000e-02 4.283925e-01
3.530000e-02 2.974446e-01
3.540000e-02 1.573305e-01
3.550000e-02 1.321445e-01
3.560000e-02 2.959498e-01
3.570000e-02 5.050763e-01
3.580000e-02 5.964995e-01
3.590000e-02 5.710667e-01
3.600000e-02 4.955026e-01
3.610000e-02 4.145804e-01
3.620000e-02 3.453139e-01
3.630000e-02 2.908942e-01
3.640000e-02 2.497386e-01
3.650000e-02 2.192608e-01
3.660000e-02 1.971083e-01
3.670000e-02 1.814423e-01
3.680000e-02 1.709126e-01
3.690000e-02 1.645608e-01
3.700000e-02 1.617254e-01
3.710000e-02 1.619661e-01
3.720000e-02 1.650100e-01
3.730000e-02 1.707129e-01
3.740000e-02 1.790354e-01
3.750000e-02 1.900280e-01
3.760000e-02 2.038247e-01
3.770000e-02 2.206421e-01
3.780000e-02 2.407807e-01
3.790000e-02 2.646230e-01
3.800000e-02 2.926152e-01
3.810000e-02 3.252074e-01
3.820000e-02 3.627103e-01
3.830000e-02 4.049951e-01
3.840000e-02 4.509447e-01
3.850000e-02 4.975787e-01
3.860000e-02 5.389447e-01
3.870000e-02 5.653557e-01
3.880000e-02 5.644536e-01
3.890000e-02 5.262223e-01
3.900000e-02 4.523035e-01
3.910000e-02 3.639007e-01
3.920000e-02 2.972858e-01
3.930000e-02 2.836407e-01
3.940000e-02 3.283295e-01
3.950000e-02 4.082721e-01
3.960000e-02 4.874733e-01
3.970000e-02 5.359496e-01
3.980000e-02 5.403974e-01
3.990000e-02 5.044330e-01
4.000000e-02 4.420279e-01
4.010000e-02 3.693787e-01
4.020000e-02 2.992269e-01
4.030000e-02 2.388911e-01
4.040000e-02 1.909793e-01
4.050000e-02 1.551059e-01
4.060000e-02 1.294712e-01
4.070000e-02 1.119007e-01
4.080000e-02 1.003783e-01
4.090000e-02 9.324710e-02
4.100000e-02 8.923516e-02
4.110000e-02 8.740612e-02
4.120000e-02 8.708993e-02
4.130000e-02 8.781686e-02
4.140000e-02 8.926324e-02
4.150000e-02 9.120998e-02
4.160000e-02 9.351204e-02
4.170000e-02 9.607656e-02
4.180000e-02 9.884749e-02
4.190000e-02 1.017949e-01
4.200000e-02 1.049075e-01
4.210000e-02 1.081878e-01
4.220000e-02 1.116485e-01
4.230000e-02 1.153107e-01
4.240000e-02 1.192020e-01
4.250000e-02 1.233564e-01
4.260000e-02 1.278132e-01
4.270000e-02 1.326173e-01
4.280000e-02 1.378191e-01
4.290000e-02 1.434741e-01
4.300000e-02 1.496427e-01
4.310000e-02 1.563890e-01
4.320000e-02 1.637790e-01
4.330000e-02 1.718773e-01
4.340000e-02 1.807411e-01
4.350000e-02 1.904118e-01
4.360000e-02 2.009021e-01
4.370000e-02 2.121797e-01
4.380000e-02 2.241462e-01
4.390000e-02 2.366161e-01
4.400000e-02 2.493001e-01
4.410000e-02 2.618036e-01
4.420000e-02 2.736511e-01
4.430000e-02 2.843446e-01
4.440000e-02 2.934521e-01
4.450000e-02 3.007069e-01
4.460000e-02 3.060841e-01
4.470000e-02 3.098260e-01
4.480000e-02 3.124062e-01
4.490000e-02 3.144495e-01
4.500000e-02 3.166382e-01
4.510000e-02 3.196366e-01
4.520000e-02 3.240472e-01
4.530000e-02 3.303992e-01
4.540000e-02 3.391592e-01
4.550000e-02 3.507498e-01
4.560000e-02 3.655642e-01
4.570000e-02 3.839629e-01
4.580000e-02 4.062337e-01
4.590000e-02 4.324840e-01
4.600000e-02 4.624128e-01
4.610000e-02 4.948758e-01
4.620000e-02 5.271297e-01
4.630000e-02 5.536838e-01
4.640000e-02 5.649957e-01
4.650000e-02 5.472003e-01
4.660000e-02 4.857766e-01
4.670000e-02 3.764532e-01
4.680000e-02 2.396436e-01
4.690000e-02 1.203178e-01
4.700000e-02 5.997563e-02
4.710000e-02 6.619559e-02
4.720000e-02 1.152659e-01
4.730000e-02 1.773219e-01
4.740000e-02 2.329969e-01
4.750000e-02 2.746456e-01
4.760000e-02 3.014391e-01
4.770000e-02 3.151126e-01
4.780000e-02 3.177866e-01
4.790000e-02 3.112203e-01
4.800000e-02 2.967474e-01
4.810000e-02 2.754654e-01
4.820000e-02 2.484772e-01
4.830000e-02 2.170972e-01
4.840000e-02 1.829722e-01
4.850000e-02 1.480889e-01
4.860000e-02 1.146541e-01
4.870000e-02 8.486795e-02
4.880000e-02 6.063871e-02
4.890000e-02 4.331702e-02
4.900000e-02 3.352140e-02
4.910000e-02 3.110202e-02
4.920000e-02 3.524390e-02
4.930000e-02 4.467006e-02
4.940000e-02 5.788549e-02
4.950000e-02 7.340636e-02
4.960000e-02 8.993966e-02
4.970000e-02 1.065030e-01
4.980000e-02 1.224928e-01
4.990000e-02 1.377194e-01
