-5.000000e-02 1.308245e-01
-4.990000e-02 1.523970e-01
-4.980000e-02 1.756534e-01
-4.970000e-02 1.999891e-01
-4.960000e-02 2.247220e-01
-4.950000e-02 2.491556e-01
-4.940000e-02 2.726504e-01
-4.930000e-02 2.946862e-01
-4.920000e-02 3.149052e-01
-4.910000e-02 3.331268e-01
-4.900000e-02 3.493355e-01
-4.890000e-02 3.636515e-01
-4.880000e-02 3.762914e-01
-4.870000e-02 3.875289e-01
-4.860000e-02 3.976616e-01
-4.850000e-02 4.069846e-01
-4.840000e-02 4.157724e-01
-4.830000e-02 4.242654e-01
-4.820000e-02 4.326604e-01
-4.810000e-02 4.411021e-01
-4.800000e-02 4.496745e-01
-4.790000e-02 4.583918e-01
-4.780000e-02 4.671872e-01
-4.770000e-02 4.759034e-01
-4.760000e-02 4.842858e-01
-4.750000e-02 4.919857e-01
-4.740000e-02 4.985817e-01
-4.730000e-02 5.036283e-01
-4.720000e-02 5.067407e-01
-4.710000e-02 5.077081e-01
-4.700000e-02 5.066126e-01
-4.690000e-02 5.038978e-01
-4.680000e-02 5.003262e-01
-4.670000e-02 4.967911e-01
-4.660000e-02 4.940287e-01
-4.650000e-02 4.923469e-01
-4.640000e-02 4.914841e-01
-4.630000e-02 4.905849e-01
-4.620000e-02 4.881045e-01
-4.610000e-02 4.813159e-01
-4.600000e-02 4.650520e-01
-4.590000e-02 4.296747e-01
-4.580000e-02 3.605870e-01
-4.570000e-02 2.499732e-01
-4.560000e-02 1.388180e-01
-4.550000e-02 1.411177e-01
-4.540000e-02 2.980078e-01
-4.530000e-02 4.693924e-01
-4.520000e-02 5.457615e-01
-4.510000e-02 5.413862e-01
-4.500000e-02 5.015991e-01
-4.490000e-02 4.541152e-01
-4.480000e-02 4.100806e-01
-4.470000e-02 3.726023e-01
-4.460000e-02 3.417523e-01
-4.450000e-02 3.166980e-01
-4.440000e-02 2.964846e-01
-4.430000e-02 2.802808e-01
-4.420000e-02 2.674322e-01
-4.410000e-02 2.574521e-01
-4.400000e-02 2.499976e-01
-4.390000e-02 2.448473e-01
-4.380000e-02 2.418854e-01
-4.370000e-02 2.410920e-01
-4.360000e-02 2.425412e-01
-4.350000e-02 2.464029e-01
-4.340000e-02 2.529507e-01
-4.330000e-02 2.625697e-01
-4.320000e-02 2.757589e-01
-4.310000e-02 2.931138e-01
-4.300000e-02 3.152586e-01
-4.290000e-02 3.426696e-01
-4.280000e-02 3.752993e-01
-4.270000e-02 4.119079e-01
-4.260000e-02 4.491875e-01
-4.250000e-02 4.813914e-01
-4.240000e-02 5.021532e-01
-4.230000e-02 5.093809e-01
-4.220000e-02 5.086350e-01
-4.210000e-02 5.077389e-01
-4.200000e-02 5.082312e-01
-4.190000e-02 5.063199e-01
-4.180000e-02 4.994339e-01
-4.170000e-02 4.884351e-01
-4.160000e-02 4.758607e-01
-4.150000e-02 4.641262e-01
-4.140000e-02 4.548792e-01
-4.130000e-02 4.490435e-01
-4.120000e-02 4.470466e-01
-4.110000e-02 4.490063e-01
-4.100000e-02 4.548223e-01
-4.090000e-02 4.641664e-01
-4.080000e-02 4.763671e-01
-4.070000e-02 4.901730e-01
-4.060000e-02 5.033865e-01
-4.050000e-02 5.124335e-01
-4.040000e-02 5.121970e-01
-4.030000e-02 4.970246e-01
-4.020000e-02 4.644918e-01
-4.010000e-02 4.223736e-01
-4.000000e-02 3.926985e-01
-3.990000e-02 3.994820e-01
-3.980000e-02 4.427301e-01
-3.970000e-02 4.933579e-01
-3.960000e-02 5.210512e-01
-3.950000e-02 5.164556e-01
-3.940000e-02 4.873007e-01
-3.930000e-02 4.456900e-01
-3.920000e-02 4.009741e-01
-3.910000e-02 3.584973e-01
-3.900000e-02 3.206391e-01
-3.890000e-02 2.880672e-01
-3.880000e-02 2.606112e-01
-3.870000e-02 2.377628e-01
-3.860000e-02 2.189301e-01
-3.850000e-02 2.035544e-01
-3.840000e-02 1.911568e-01
-3.830000e-02 1.813514e-01
-3.820000e-02 1.738450e-01
-3.810000e-02 1.684315e-01
-3.800000e-02 1.649883e-01
-3.790000e-02 1.634736e-01
-3.780000e-02 1.639300e-01
-3.770000e-02 1.664919e-01
-3.760000e-02 1.714004e-01
-3.750000e-02 1.790265e-01
-3.740000e-02 1.899037e-01
-3.730000e-02 2.047703e-01
-3.720000e-02 2.246174e-01
-3.710000e-02 2.507251e-01
-3.700000e-02 2.846298e-01
-3.690000e-02 3.278758e-01
-3.680000e-02 3.811753e-01
-3.670000e-02 4.421684e-01
-3.660000e-02 5.005312e-01
-3.650000e-02 5.309453e-01
-3.640000e-02 4.960248e-01
-3.630000e-02 3.914853e-01
-3.620000e-02 3.084152e-01
-3.610000e-02 3.407374e-01
-3.600000e-02 4.371455e-01
-3.590000e-02 5.038765e-01
-3.580000e-02 5.174494e-01
-3.570000e-02 4.963292e-01
-3.560000e-02 4.607281e-01
-3.550000e-02 4.224231e-01
-3.540000e-02 3.866955e-01
-3.530000e-02 3.553759e-01
-3.520000e-02 3.287394e-01
-3.510000e-02 3.064531e-01
-3.500000e-02 2.880066e-01
-3.490000e-02 2.728914e-01
-3.480000e-02 2.606696e-01
-3.470000e-02 2.509949e-01
-3.460000e-02 2.436149e-01
-3.450000e-02 2.383704e-01
-3.440000e-02 2.351952e-01
-3.430000e-02 2.341223e-01
-3.420000e-02 2.352985e-01
-3.410000e-02 2.390099e-01
-3.400000e-02 2.457259e-01
-3.390000e-02 2.561634e-01
-3.380000e-02 2.713807e-01
-3.370000e-02 2.928903e-01
-3.360000e-02 3.227350e-01
-3.350000e-02 3.632716e-01
-3.340000e-02 4.157306e-01
-3.330000e-02 4.744942e-01
-3.320000e-02 5.093847e-01
-3.310000e-02 4.351763e-01
-3.300000e-02 1.804789e-01
-3.290000e-02 2.186042e-02
-3.280000e-02 2.217606e-01
-3.270000e-02 4.379142e-01
-3.260000e-02 5.051555e-01
-3.250000e-02 4.909825e-01
-3.240000e-02 4.541295e-01
-3.230000e-02 4.173643e-01
-3.220000e-02 3.869139e-01
-3.210000e-02 3.634568e-01
-3.200000e-02 3.461694e-01
-3.190000e-02 3.340200e-01
-3.180000e-02 3.261299e-01
-3.170000e-02 3.218389e-01
-3.160000e-02 3.206887e-01
-3.150000e-02 3.223896e-01
-3.140000e-02 3.267905e-01
-3.130000e-02 3.338548e-01
-3.120000e-02 3.436416e-01
-3.110000e-02 3.562841e-01
-3.100000e-02 3.719567e-01
-3.090000e-02 3.908085e-01
-3.080000e-02 4.128232e-01
-3.070000e-02 4.375287e-01
-3.060000e-02 4.634265e-01
-3.050000e-02 4.870160e-01
-3.040000e-02 5.017066e-01
-3.030000e-02 4.989125e-01
-3.020000e-02 4.779343e-01
-3.010000e-02 4.642415e-01
-3.000000e-02 4.869760e-01
-2.990000e-02 5.042115e-01
-2.980000e-02 4.567462e-01
-2.970000e-02 3.634876e-01
-2.960000e-02 2.692811e-01
-2.950000e-02 1.950667e-01
-2.940000e-02 1.425799e-01
-2.930000e-02 1.072135e-01
-2.920000e-02 8.394889e-02
-2.910000e-02 6.890554e-02
-2.900000e-02 5.938367e-02
-2.890000e-02 5.357339e-02
-2.880000e-02 5.027361e-02
-2.870000e-02 4.868610e-02
-2.860000e-02 4.827711e-02
-2.850000e-02 4.868724e-02
-2.840000e-02 4.967316e-02
-2.830000e-02 5.106982e-02
-2.820000e-02 5.276580e-02
-2.810000e-02 5.468706e-02
-2.800000e-02 5.678617e-02
-2.790000e-02 5.903515e-02
-2.780000e-02 6.142065e-02
-2.770000e-02 6.394091e-02
-2.760000e-02 6.660378e-02
-2.750000e-02 6.942569e-02
-2.740000e-02 7.243132e-02
-2.730000e-02 7.565386e-02
-2.720000e-02 7.913596e-02
-2.710000e-02 8.293128e-02
-2.700000e-02 8.710695e-02
-2.690000e-02 9.174703e-02
-2.680000e-02 9.695746e-02
-2.670000e-02 1.028730e-01
-2.660000e-02 1.096671e-01
-2.650000e-02 1.175660e-01
-2.640000e-02 1.268688e-01
-2.630000e-02 1.379774e-01
-2.620000e-02 1.514396e-01
-2.610000e-02 1.680131e-01
-2.600000e-02 1.887572e-01
-2.590000e-02 2.151570e-01
-2.580000e-02 2.492579e-01
-2.570000e-02 2.936774e-01
-2.560000e-02 3.509536e-01
-2.550000e-02 4.203674e-01
-2.540000e-02 4.877624e-01
-2.530000e-02 5.119701e-01
-2.520000e-02 4.827011e-01
-2.510000e-02 5.040102e-01
-2.500000e-02 4.952289e-01
-2.490000e-02 3.913582e-01
-2.480000e-02 2.788110e-01
-2.470000e-02 1.956920e-01
-2.460000e-02 1.403074e-01
-2.450000e-02 1.040190e-01
-2.440000e-02 7.998408e-02
-2.430000e-02 6.376698e-02
-2.420000e-02 5.261321e-02
-2.410000e-02 4.480855e-02
-2.400000e-02 3.926747e-02
-2.390000e-02 3.528708e-02
-2.380000e-02 3.240164e-02
-2.370000e-02 3.029562e-02
-2.360000e-02 2.875078e-02
-2.350000e-02 2.761338e-02
-2.340000e-02 2.677340e-02
-2.330000e-02 2.615108e-02
-2.320000e-02 2.568827e-02
-2.310000e-02 2.534261e-02
-2.300000e-02 2.508381e-02
-2.290000e-02 2.489121e-02
-2.280000e-02 2.475231e-02
-2.270000e-02 2.466193e-02
-2.260000e-02 2.462196e-02
-2.250000e-02 2.464139e-02
-2.240000e-02 2.473670e-02
-2.230000e-02 2.493235e-02
-2.220000e-02 2.526151e-02
-2.210000e-02 2.576672e-02
-2.200000e-02 2.650066e-02
-2.190000e-02 2.752674e-02
-2.180000e-02 2.891971e-02
-2.170000e-02 3.076618e-02
-2.160000e-02 3.316515e-02
-2.150000e-02 3.622869e-02
-2.140000e-02 4.008309e-02
-2.130000e-02 4.487062e-02
-2.120000e-02 5.075232e-02
-2.110000e-02 5.791222e-02
-2.100000e-02 6.656328e-02
-2.090000e-02 7.695516e-02
-2.080000e-02 8.938407e-02
-2.070000e-02 1.042036e-01
-2.060000e-02 1.218350e-01
-2.050000e-02 1.427722e-01
-2.040000e-02 1.675712e-01
-2.030000e-02 1.968051e-01
-2.020000e-02 2.309476e-01
-2.010000e-02 2.701244e-01
-2.000000e-02 3.136628e-01
-1.990000e-02 3.594377e-01
-1.980000e-02 4.033120e-01
-1.970000e-02 4.395543e-01
-1.960000e-02 4.630975e-01
-1.950000e-02 4.719626e-01
-1.940000e-02 4.659140e-01
-1.930000e-02 4.438654e-01
-1.920000e-02 4.065642e-01
-1.910000e-02 3.595463e-01
-1.900000e-02 3.104422e-01
-1.890000e-02 2.650812e-01
-1.880000e-02 2.263309e-01
-1.870000e-02 1.948520e-01
-1.860000e-02 1.701554e-01
-1.850000e-02 1.513266e-01
-1.840000e-02 1.374001e-01
-1.830000e-02 1.275142e-01
-1.820000e-02 1.209558e-01
-1.810000e-02 1.171569e-01
-1.800000e-02 1.156745e-01
-1.790000e-02 1.161668e-01
-1.780000e-02 1.183718e-01
-1.770000e-02 1.220890e-01
-1.760000e-02 1.271642e-01
-1.750000e-02 1.334782e-01
-1.740000e-02 1.409367e-01
-1.730000e-02 1.494626e-01
-1.720000e-02 1.589891e-01
-1.710000e-02 1.694539e-01
-1.700000e-02 1.807944e-01
-1.690000e-02 1.929422e-01
-1.680000e-02 2.058198e-01
-1.670000e-02 2.193365e-01
-1.660000e-02 2.333853e-01
-1.650000e-02 2.478414e-01
-1.640000e-02 2.625606e-01
-1.630000e-02 2.773808e-01
-1.620000e-02 2.921235e-01
-1.610000e-02 3.065986e-01
-1.600000e-02 3.206098e-01
-1.590000e-02 3.339623e-01
-1.580000e-02 3.464705e-01
-1.570000e-02 3.579664e-01
-1.560000e-02 3.683058e-01
-1.550000e-02 3.773743e-01
-1.540000e-02 3.850892e-01
-1.530000e-02 3.913999e-01
-1.520000e-02 3.962856e-01
-1.510000e-02 3.997521e-01
-1.500000e-02 4.018266e-01
-1.490000e-02 4.025541e-01
-1.480000e-02 4.019932e-01
-1.470000e-02 4.002136e-01
-1.460000e-02 3.972935e-01
-1.450000e-02 3.933182e-01
-1.440000e-02 3.883785e-01
-1.430000e-02 3.825692e-01
-1.420000e-02 3.759874e-01
-1.410000e-02 3.687309e-01
-1.400000e-02 3.608967e-01
-1.390000e-02 3.525786e-01
-1.380000e-02 3.438666e-01
-1.370000e-02 3.348455e-01
-1.360000e-02 3.255942e-01
-1.350000e-02 3.161852e-01
-1.340000e-02 3.066848e-01
-1.330000e-02 2.971531e-01
-1.320000e-02 2.876450e-01
-1.310000e-02 2.782101e-01
-1.300000e-02 2.688944e-01
-1.290000e-02 2.597407e-01
-1.280000e-02 2.507899e-01
-1.270000e-02 2.420818e-01
-1.260000e-02 2.336566e-01
-1.250000e-02 2.255558e-01
-1.240000e-02 2.178235e-01
-1.230000e-02 2.105075e-01
-1.220000e-02 2.036604e-01
-1.210000e-02 1.973407e-01
-1.200000e-02 1.916139e-01
-1.190000e-02 1.865524e-01
-1.180000e-02 1.822363e-01
-1.170000e-02 1.787525e-01
-1.160000e-02 1.761933e-01
-1.150000e-02 1.746541e-01
-1.140000e-02 1.742293e-01
-1.130000e-02 1.750076e-01
-1.120000e-02 1.770657e-01
-1.110000e-02 1.804608e-01
-1.100000e-02 1.852236e-01
-1.090000e-02 1.913509e-01
-1.080000e-02 1.988015e-01
-1.070000e-02 2.074931e-01
-1.060000e-02 2.173043e-01
-1.050000e-02 2.280797e-01
-1.040000e-02 2.396392e-01
-1.030000e-02 2.517890e-01
-1.020000e-02 2.643348e-01
-1.010000e-02 2.770931e-01
-1.000000e-02 2.899015e-01
-9.900000e-03 3.026253e-01
-9.800000e-03 3.151608e-01
-9.700000e-03 3.274357e-01
-9.600000e-03 3.394068e-01
-9.500000e-03 3.510554e-01
-9.400000e-03 3.623827e-01
-9.300000e-03 3.734045e-01
-9.200000e-03 3.841453e-01
-9.100000e-03 3.946345e-01
-9.000000e-03 4.049014e-01
-8.900000e-03 4.149724e-01
-8.800000e-03 4.248678e-01
-8.700000e-03 4.345996e-01
-8.600000e-03 4.441691e-01
-8.500000e-03 4.535655e-01
-8.400000e-03 4.627642e-01
-8.300000e-03 4.717258e-01
-8.200000e-03 4.803946e-01
-8.100000e-03 4.886984e-01
-8.000000e-03 4.965478e-01
-7.900000e-03 5.038368e-01
-7.800000e-03 5.104439e-01
-7.700000e-03 5.162344e-01
-7.600000e-03 5.210642e-01
-7.500000e-03 5.247857e-01
-7.400000e-03 5.272553e-01
-7.300000e-03 5.283432e-01
-7.200000e-03 5.279462e-01
-7.100000e-03 5.260013e-01
-7.000000e-03 5.225005e-01
-6.900000e-03 5.175055e-01
-6.800000e-03 5.111597e-01
-6.700000e-03 5.036948e-01
-6.600000e-03 4.954307e-01
-6.500000e-03 4.867659e-01
-6.400000e-03 4.781561e-01
-6.300000e-03 4.700842e-01
-6.200000e-03 4.630213e-01
-6.100000e-03 4.573851e-01
-6.000000e-03 4.535005e-01
-5.900000e-03 4.515695e-01
-5.800000e-03 4.516536e-01
-5.700000e-03 4.536734e-01
-5.600000e-03 4.574243e-01
-5.500000e-03 4.626042e-01
-5.400000e-03 4.688503e-01
-5.300000e-03 4.757778e-01
-5.200000e-03 4.830148e-01
-5.100000e-03 4.902312e-01
-5.000000e-03 4.971581e-01
-4.900000e-03 5.035982e-01
-4.800000e-03 5.094281e-01
-4.700000e-03 5.145934e-01
-4.600000e-03 5.191007e-01
-4.500000e-03 5.230053e-01
-4.400000e-03 5.263990e-01
-4.300000e-03 5.293964e-01
-4.200000e-03 5.321204e-01
-4.100000e-03 5.346864e-01
-4.000000e-03 5.371824e-01
-3.900000e-03 5.396438e-01
-3.800000e-03 5.420163e-01
-3.700000e-03 5.441063e-01
-3.600000e-03 5.455163e-01
-3.500000e-03 5.455817e-01
-3.400000e-03 5.433705e-01
-3.300000e-03 5.379143e-01
-3.200000e-03 5.290161e-01
-3.100000e-03 5.190231e-01
-3.000000e-03 5.149500e-01
-2.900000e-03 5.271080e-01
-2.800000e-03 5.588248e-01
-2.700000e-03 5.945396e-01
-2.600000e-03 6.085867e-01
-2.500000e-03 5.895435e-01
-2.400000e-03 5.462761e-01
-2.300000e-03 4.942643e-01
-2.200000e-03 4.445942e-01
-2.100000e-03 4.021896e-01
-2.000000e-03 3.680166e-01
-1.900000e-03 3.412737e-01
-1.800000e-03 3.206431e-01
-1.700000e-03 3.048368e-01
-1.600000e-03 2.927763e-01
-1.500000e-03 2.836171e-01
-1.400000e-03 2.767189e-01
-1.300000e-03 2.716034e-01
-1.200000e-03 2.679157e-01
-1.100000e-03 2.653932e-01
-1.000000e-03 2.638420e-01
-9.000000e-04 2.631191e-01
-8.000000e-04 2.631195e-01
-7.000000e-04 2.637671e-01
-6.000000e-04 2.650076e-01
-5.000000e-04 2.668038e-01
-4.000000e-04 2.691318e-01
-3.000000e-04 2.719785e-01
-2.000000e-04 2.753397e-01
-1.000000e-04 2.792186e-01
1.429412e-15 2.836246e-01
1.000000e-04 2.885730e-01
2.000000e-04 2.940837e-01
3.000000e-04 3.001814e-01
4.000000e-04 3.068944e-01
5.000000e-04 3.142544e-01
6.000000e-04 3.222954e-01
7.000000e-04 3.310531e-01
8.000000e-04 3.405624e-01
9.000000e-04 3.508559e-01
1.000000e-03 3.619599e-01
1.100000e-03 3.738894e-01
1.200000e-03 3.866406e-01
1.300000e-03 4.001802e-01
1.400000e-03 4.144297e-01
1.500000e-03 4.292440e-01
1.600000e-03 4.443802e-01
1.700000e-03 4.594562e-01
1.800000e-03 4.738950e-01
1.900000e-03 4.868549e-01
2.000000e-03 4.971501e-01
2.100000e-03 5.031788e-01
2.200000e-03 5.028991e-01
2.300000e-03 4.939406e-01
2.400000e-03 4.739972e-01
2.500000e-03 4.417048e-01
2.600000e-03 3.981411e-01
2.700000e-03 3.486977e-01
2.800000e-03 3.041861e-01
2.900000e-03 2.790737e-01
3.000000e-03 2.853894e-01
3.100000e-03 3.246748e-01
3.200000e-03 3.846122e-01
3.300000e-03 4.447579e-01
3.400000e-03 4.871826e-01
3.500000e-03 5.035064e-01
3.600000e-03 4.948512e-01
3.700000e-03 4.676717e-01
3.800000e-03 4.295751e-01
3.900000e-03 3.869494e-01
4.000000e-03 3.442406e-01
4.100000e-03 3.041228e-01
4.200000e-03 2.679619e-01
4.300000e-03 2.362733e-01
4.400000e-03 2.090727e-01
4.500000e-03 1.861124e-01
4.600000e-03 1.670286e-01
4.700000e-03 1.514270e-01
4.800000e-03 1.389297e-01
4.900000e-03 1.291983e-01
5.000000e-03 1.219437e-01
5.100000e-03 1.169286e-01
5.200000e-03 1.139661e-01
5.300000e-03 1.129176e-01
5.400000e-03 1.136895e-01
5.500000e-03 1.162308e-01
5.600000e-03 1.205318e-01
5.700000e-03 1.266221e-01
5.800000e-03 1.345712e-01
5.900000e-03 1.444881e-01
6.000000e-03 1.565218e-01
6.100000e-03 1.708608e-01
6.200000e-03 1.877310e-01
6.300000e-03 2.073892e-01
6.400000e-03 2.301085e-01
6.500000e-03 2.561494e-01
6.600000e-03 2.857052e-01
6.700000e-03 3.188052e-01
6.800000e-03 3.551458e-01
6.900000e-03 3.938149e-01
7.000000e-03 4.328582e-01
7.100000e-03 4.686648e-01
7.200000e-03 4.952375e-01
7.300000e-03 5.037068e-01
7.400000e-03 4.830457e-01
7.500000e-03 4.237306e-01
7.600000e-03 3.258631e-01
7.700000e-03 2.092437e-01
7.800000e-03 1.146106e-01
7.900000e-03 8.421783e-02
8.000000e-03 1.314627e-01
8.100000e-03 2.311981e-01
8.200000e-03 3.414498e-01
8.300000e-03 4.304119e-01
8.400000e-03 4.859145e-01
8.500000e-03 5.101230e-01
8.600000e-03 5.111896e-01
8.700000e-03 4.978547e-01
8.800000e-03 4.773271e-01
8.900000e-03 4.550733e-01
9.000000e-03 4.354545e-01
9.100000e-03 4.228192e-01
9.200000e-03 4.232834e-01
9.300000e-03 4.481816e-01
9.400000e-03 5.200518e-01
9.500000e-03 6.569871e-01
9.600000e-03 6.131462e-01
9.700000e-03 5.896594e-01
9.800000e-03 6.426370e-01
9.900000e-03 4.842780e-01
1.000000e-02 3.735764e-01
1.010000e-02 3.064894e-01
1.020000e-02 2.635545e-01
1.030000e-02 2.341952e-01
1.040000e-02 2.130585e-01
1.050000e-02 1.973169e-01
1.060000e-02 1.853946e-01
1.070000e-02 1.763762e-01
1.080000e-02 1.697204e-01
1.090000e-02 1.651164e-01
1.100000e-02 1.624095e-01
1.110000e-02 1.615641e-01
1.120000e-02 1.626467e-01
1.130000e-02 1.658219e-01
1.140000e-02 1.713507e-01
1.150000e-02 1.795810e-01
1.160000e-02 1.908949e-01
1.170000e-02 2.055408e-01
1.180000e-02 2.231826e-01
1.190000e-02 2.419060e-01
1.200000e-02 2.566452e-01
1.210000e-02 2.585575e-01
1.220000e-02 2.395843e-01
1.230000e-02 2.024555e-01
1.240000e-02 1.620765e-01
1.250000e-02 1.326857e-01
1.260000e-02 1.204907e-01
1.270000e-02 1.278719e-01
1.280000e-02 1.597301e-01
1.290000e-02 2.285468e-01
1.300000e-02 3.527503e-01
1.310000e-02 4.946828e-01
1.320000e-02 5.097199e-01
1.330000e-02 4.993118e-01
1.340000e-02 3.751720e-01
1.350000e-02 2.564040e-01
1.360000e-02 1.809720e-01
1.370000e-02 1.349352e-01
1.380000e-02 1.059083e-01
1.390000e-02 8.682929e-02
1.400000e-02 7.382469e-02
1.410000e-02 6.470692e-02
1.420000e-02 5.818759e-02
1.430000e-02 5.347592e-02
1.440000e-02 5.006851e-02
1.450000e-02 4.763485e-02
1.460000e-02 4.595247e-02
1.470000e-02 4.486887e-02
1.480000e-02 4.427833e-02
1.490000e-02 4.410740e-02
1.500000e-02 4.430564e-02
1.510000e-02 4.483954e-02
1.520000e-02 4.568849e-02
1.530000e-02 4.684209e-02
1.540000e-02 4.829839e-02
1.550000e-02 5.006278e-02
1.560000e-02 5.214726e-02
1.570000e-02 5.457016e-02
1.580000e-02 5.735604e-02
1.590000e-02 6.053592e-02
1.600000e-02 6.414757e-02
1.610000e-02 6.823614e-02
1.620000e-02 7.285487e-02
1.630000e-02 7.806596e-02
1.640000e-02 8.394169e-02
1.650000e-02 9.056560e-02
1.660000e-02 9.803385e-02
1.670000e-02 1.064567e-01
1.680000e-02 1.159597e-01
1.690000e-02 1.266855e-01
1.700000e-02 1.387940e-01
1.710000e-02 1.524631e-01
1.720000e-02 1.678868e-01
1.730000e-02 1.852720e-01
1.740000e-02 2.048302e-01
1.750000e-02 2.267645e-01
1.760000e-02 2.512461e-01
1.770000e-02 2.783774e-01
1.780000e-02 3.081360e-01
1.790000e-02 3.402901e-01
1.800000e-02 3.742805e-01
1.810000e-02 4.090624e-01
1.820000e-02 4.429129e-01
1.830000e-02 4.732324e-01
1.840000e-02 4.964110e-01
1.850000e-02 5.078971e-01
1.860000e-02 5.026758e-01
1.870000e-02 4.763787e-01
1.880000e-02 4.270822e-01
1.890000e-02 3.573964e-01
1.900000e-02 2.758021e-01
1.910000e-02 1.958770e-01
1.920000e-02 1.328121e-01
1.930000e-02 9.842162e-02
1.940000e-02 9.728663e-02
1.950000e-02 1.261202e-01
1.960000e-02 1.762456e-01
1.970000e-02 2.372898e-01
1.980000e-02 3.001538e-01
1.990000e-02 3.584398e-01
2.000000e-02 4.085578e-01
2.010000e-02 4.491313e-01
2.020000e-02 4.802256e-01
2.030000e-02 5.026830e-01
2.040000e-02 5.176513e-01
2.050000e-02 5.262911e-01
2.060000e-02 5.296134e-01
2.070000e-02 5.283975e-01
2.080000e-02 5.231521e-01
2.090000e-02 5.141020e-01
2.100000e-02 5.012398e-01
2.110000e-02 4.847628e-01
2.120000e-02 4.681156e-01
2.130000e-02 4.812359e-01
2.140000e-02 5.930478e-01
2.150000e-02 1.670133e-01
2.160000e-02 5.098771e-01
2.170000e-02 5.344630e-01
2.180000e-02 5.176151e-01
2.190000e-02 5.009288e-01
2.200000e-02 4.930358e-01
2.210000e-02 4.997976e-01
2.220000e-02 5.271062e-01
2.230000e-02 5.768863e-01
2.240000e-02 6.342815e-01
2.250000e-02 6.460895e-01
2.260000e-02 5.269813e-01
2.270000e-02 2.765463e-01
2.280000e-02 8.808662e-02
2.290000e-02 1.156051e-01
2.300000e-02 2.719996e-01
2.310000e-02 4.183032e-01
2.320000e-02 5.027144e-01
2.330000e-02 5.318236e-01
2.340000e-02 5.257202e-01
2.350000e-02 5.009012e-01
2.360000e-02 4.678811e-01
2.370000e-02 4.326700e-01
2.380000e-02 3.984635e-01
2.390000e-02 3.668230e-01
2.400000e-02 3.383976e-01
2.410000e-02 3.133426e-01
2.420000e-02 2.915574e-01
2.430000e-02 2.728197e-01
2.440000e-02 2.568593e-01
2.450000e-02 2.433993e-01
2.460000e-02 2.321772e-01
2.470000e-02 2.229557e-01
2.480000e-02 2.155278e-01
2.490000e-02 2.097182e-01
2.500000e-02 2.053842e-01
2.510000e-02 2.024151e-01
2.520000e-02 2.007327e-01
2.530000e-02 2.002923e-01
2.540000e-02 2.010849e-01
2.550000e-02 2.031403e-01
2.560000e-02 2.065329e-01
2.570000e-02 2.113887e-01
2.580000e-02 2.178952e-01
2.590000e-02 2.263143e-01
2.600000e-02 2.369957e-01
2.610000e-02 2.503922e-01
2.620000e-02 2.670692e-01
2.630000e-02 2.877006e-01
2.640000e-02 3.130302e-01
2.650000e-02 3.437662e-01
2.660000e-02 3.803557e-01
2.670000e-02 4.225820e-01
2.680000e-02 4.689541e-01
2.690000e-02 5.159809e-01
2.700000e-02 5.576333e-01
2.710000e-02 5.855224e-01
2.720000e-02 5.905673e-01
2.730000e-02 5.682867e-01
2.740000e-02 5.329075e-01
2.750000e-02 5.162092e-01
2.760000e-02 4.293395e-01
2.770000e-02 3.179011e-01
2.780000e-02 4.523329e-01
2.790000e-02 5.856837e-01
2.800000e-02 5.714907e-01
2.810000e-02 4.854596e-01
2.820000e-02 3.957889e-01
2.830000e-02 3.241019e-01
2.840000e-02 2.712647e-01
2.850000e-02 2.330770e-01
2.860000e-02 2.053446e-01
2.870000e-02 1.849165e-01
2.880000e-02 1.696150e-01
2.890000e-02 1.579739e-01
2.900000e-02 1.490096e-01
2.910000e-02 1.420601e-01
2.920000e-02 1.366767e-01
2.930000e-02 1.325551e-01
2.940000e-02 1.294903e-01
2.950000e-02 1.273476e-01
2.960000e-02 1.260441e-01
2.970000e-02 1.255374e-01
2.980000e-02 1.258178e-01
2.990000e-02 1.269053e-01
3.000000e-02 1.288481e-01
3.010000e-02 1.317241e-01
3.020000e-02 1.356434e-01
3.030000e-02 1.407539e-01
3.040000e-02 1.472484e-01
3.050000e-02 1.553743e-01
3.060000e-02 1.654459e-01
3.070000e-02 1.778579e-01
3.080000e-02 1.930997e-01
3.090000e-02 2.117635e-01
3.100000e-02 2.345365e-01
3.110000e-02 2.621507e-01
3.120000e-02 2.952425e-01
3.130000e-02 3.340384e-01
3.140000e-02 3.777581e-01
3.150000e-02 4.237115e-01
3.160000e-02 4.665251e-01
3.170000e-02 4.989886e-01
3.180000e-02 5.164300e-01
3.190000e-02 5.221522e-01
3.200000e-02 5.243472e-01
3.210000e-02 5.247173e-01
3.220000e-02 5.172443e-01
3.230000e-02 4.983605e-01
3.240000e-02 4.711348e-01
3.250000e-02 4.415607e-01
3.260000e-02 4.148943e-01
3.270000e-02 3.947031e-01
3.280000e-02 3.834183e-01
3.290000e-02 3.832241e-01
3.300000e-02 3.968701e-01
3.310000e-02 4.282577e-01
3.320000e-02 4.821276e-01
3.330000e-02 5.595418e-01
3.340000e-02 6.368817e-01
3.350000e-02 6.079858e-01
3.360000e-02 3.283262e-01
3.370000e-02 1.645520e-01
3.380000e-02 4.240018e-01
3.390000e-02 6.074348e-01
3.400000e-02 6.204166e-01
3.410000e-02 5.741083e-01
3.420000e-02 5.236302e-01
3.430000e-02 4.839354e-01
3.440000e-02 4.568536e-01
3.450000e-02 4.410373e-01
3.460000e-02 4.347734e-01
3.470000e-02 4.365865e-01
3.480000e-02 4.451973e-01
3.490000e-02 4.592807e-01
3.500000e-02 4.771552e-01
3.510000e-02 4.965121e-01
3.520000e-02 5.144091e-01
3.530000e-02 5.278698e-01
3.540000e-02 5.351798e-01
3.550000e-02 5.369475e-01
3.560000e-02 5.351758e-01
3.570000e-02 5.305148e-01
3.580000e-02 5.211403e-01
3.590000e-02 5.049705e-01
3.600000e-02 4.821119e-01
3.610000e-02 4.548649e-01
3.620000e-02 4.262367e-01
3.630000e-02 3.987302e-01
3.640000e-02 3.739390e-01
3.650000e-02 3.526502e-01
3.660000e-02 3.351009e-01
3.670000e-02 3.212072e-01
3.680000e-02 3.107185e-01
3.690000e-02 3.033009e-01
3.700000e-02 2.985707e-01
3.710000e-02 2.960924e-01
3.720000e-02 2.953557e-01
3.730000e-02 2.957405e-01
3.740000e-02 2.964846e-01
3.750000e-02 2.966734e-01
3.760000e-02 2.952755e-01
3.770000e-02 2.912489e-01
3.780000e-02 2.837209e-01
3.790000e-02 2.722066e-01
3.800000e-02 2.567857e-01
3.810000e-02 2.381382e-01
3.820000e-02 2.173951e-01
3.830000e-02 1.958571e-01
3.840000e-02 1.747088e-01
3.850000e-02 1.548356e-01
3.860000e-02 1.367724e-01
3.870000e-02 1.207484e-01
3.880000e-02 1.067726e-01
3.890000e-02 9.471947e-02
3.900000e-02 8.439666e-02
3.910000e-02 7.558977e-02
3.920000e-02 6.808934e-02
3.930000e-02 6.170480e-02
3.940000e-02 5.627049e-02
3.950000e-02 5.164728e-02
3.960000e-02 4.772241e-02
3.970000e-02 4.440914e-02
3.980000e-02 4.164792e-02
3.990000e-02 3.941102e-02
4.000000e-02 3.771433e-02
4.010000e-02 3.664434e-02
4.020000e-02 3.641810e-02
4.030000e-02 3.751146e-02
4.040000e-02 4.087589e-02
4.050000e-02 4.775627e-02
4.060000e-02 5.588209e-02
4.070000e-02 5.447900e-02
4.080000e-02 4.449542e-02
4.090000e-02 3.606624e-02
4.100000e-02 3.080164e-02
4.110000e-02 2.751748e-02
4.120000e-02 2.533354e-02
4.130000e-02 2.378147e-02
4.140000e-02 2.261630e-02
4.150000e-02 2.170407e-02
4.160000e-02 2.096733e-02
4.170000e-02 2.035880e-02
4.180000e-02 1.984817e-02
4.190000e-02 1.941511e-02
4.200000e-02 1.904549e-02
4.210000e-02 1.872917e-02
4.220000e-02 1.845863e-02
4.230000e-02 1.822821e-02
4.240000e-02 1.803354e-02
4.250000e-02 1.787121e-02
4.260000e-02 1.773854e-02
4.270000e-02 1.763340e-02
4.280000e-02 1.755411e-02
4.290000e-02 1.749933e-02
4.300000e-02 1.746805e-02
4.310000e-02 1.745950e-02
4.320000e-02 1.747312e-02
4.330000e-02 1.750858e-02
4.340000e-02 1.756571e-02
4.350000e-02 1.764453e-02
4.360000e-02 1.774523e-02
4.370000e-02 1.786814e-02
4.380000e-02 1.801380e-02
4.390000e-02 1.818291e-02
4.400000e-02 1.837633e-02
4.410000e-02 1.859518e-02
4.420000e-02 1.884074e-02
4.430000e-02 1.911457e-02
4.440000e-02 1.941849e-02
4.450000e-02 1.975466e-02
4.460000e-02 2.012556e-02
4.470000e-02 2.053413e-02
4.480000e-02 2.098377e-02
4.490000e-02 2.147848e-02
4.500000e-02 2.202296e-02
4.510000e-02 2.262274e-02
4.520000e-02 2.328437e-02
4.530000e-02 2.401564e-02
4.540000e-02 2.482589e-02
4.550000e-02 2.572639e-02
4.560000e-02 2.673084e-02
4.570000e-02 2.785605e-02
4.580000e-02 2.912286e-02
4.590000e-02 3.055733e-02
4.600000e-02 3.219255e-02
4.610000e-02 3.407098e-02
4.620000e-02 3.624805e-02
4.630000e-02 3.879727e-02
4.640000e-02 4.181802e-02
4.650000e-02 4.544760e-02
4.660000e-02 4.988040e-02
4.670000e-02 5.539954e-02
4.680000e-02 6.243107e-02
4.690000e-02 7.164102e-02
4.700000e-02 8.411799e-02
4.710000e-02 1.017365e-01
4.720000e-02 1.279231e-01
4.730000e-02 1.693479e-01
4.740000e-02 2.395378e-01
4.750000e-02 3.623556e-01
4.760000e-02 5.140945e-01
4.770000e-02 4.005446e-01
4.780000e-02 5.213678e-01
4.790000e-02 3.370944e-01
4.800000e-02 1.948713e-01
4.810000e-02 1.287882e-01
4.820000e-02 9.986253e-02
4.830000e-02 9.033119e-02
4.840000e-02 9.403964e-02
4.850000e-02 1.109419e-01
4.860000e-02 1.463671e-01
4.870000e-02 2.132334e-01
4.880000e-02 3.317761e-01
4.890000e-02 4.840305e-01
4.900000e-02 5.357221e-01
4.910000e-02 5.123025e-01
4.920000e-02 3.986424e-01
4.930000e-02 2.883641e-01
4.940000e-02 2.165872e-01
4.950000e-02 1.724409e-01
4.960000e-02 1.448235e-01
4.970000e-02 1.271314e-01
4.980000e-02 1.156682e-01
4.990000e-02 1.083274e-01
