-5.000000e-02 7.329238e-01
-4.990000e-02 7.461167e-01
-4.980000e-02 7.561452e-01
-4.970000e-02 7.627231e-01
-4.960000e-02 7.656739e-01
-4.950000e-02 7.649184e-01
-4.940000e-02 7.604610e-01
-4.930000e-02 7.523764e-01
-4.920000e-02 7.407985e-01
-4.910000e-02 7.259116e-01
-4.900000e-02 7.079438e-01
-4.890000e-02 6.871645e-01
-4.880000e-02 6.638836e-01
-4.870000e-02 6.384552e-01
-4.860000e-02 6.112831e-01
-4.850000e-02 5.828292e-01
-4.840000e-02 5.536250e-01
-4.830000e-02 5.242824e-01
-4.820000e-02 4.955067e-01
-4.810000e-02 4.681056e-01
-4.800000e-02 4.429945e-01
-4.790000e-02 4.211923e-01
-4.780000e-02 4.038033e-01
-4.770000e-02 3.919792e-01
-4.760000e-02 3.868544e-01
-4.750000e-02 3.894511e-01
-4.740000e-02 4.005508e-01
-4.730000e-02 4.205393e-01
-4.720000e-02 4.492391e-01
-4.710000e-02 4.857578e-01
-4.700000e-02 5.283904e-01
-4.690000e-02 5.746192e-01
-4.680000e-02 6.212483e-01
-4.670000e-02 6.646854e-01
-4.660000e-02 7.013455e-01
-4.650000e-02 7.281109e-01
-4.640000e-02 7.427529e-01
-4.630000e-02 7.442204e-01
-4.620000e-02 7.327300e-01
-4.610000e-02 7.096479e-01
-4.600000e-02 6.772067e-01
-4.590000e-02 6.381336e-01
-4.580000e-02 5.952773e-01
-4.570000e-02 5.512973e-01
-4.560000e-02 5.084536e-01
-4.550000e-02 4.685000e-01
-4.540000e-02 4.326660e-01
-4.530000e-02 4.017007e-01
-4.520000e-02 3.759512e-01
-4.510000e-02 3.554541e-01
-4.500000e-02 3.400242e-01
-4.490000e-02 3.293318e-01
-4.480000e-02 3.229651e-01
-4.470000e-02 3.204774e-01
-4.460000e-02 3.214203e-01
-4.450000e-02 3.253656e-01
-4.440000e-02 3.319183e-01
-4.430000e-02 3.407236e-01
-4.420000e-02 3.514692e-01
-4.410000e-02 3.638838e-01
-4.400000e-02 3.777352e-01
-4.390000e-02 3.928260e-01
-4.380000e-02 4.089898e-01
-4.370000e-02 4.260867e-01
-4.360000e-02 4.439991e-01
-4.350000e-02 4.626280e-01
-4.340000e-02 4.818889e-01
-4.330000e-02 5.017095e-01
-4.320000e-02 5.220258e-01
-4.310000e-02 5.427803e-01
-4.300000e-02 5.639198e-01
-4.290000e-02 5.853929e-01
-4.280000e-02 6.071491e-01
-4.270000e-02 6.291370e-01
-4.260000e-02 6.513031e-01
-4.250000e-02 6.735910e-01
-4.240000e-02 6.959401e-01
-4.230000e-02 7.182850e-01
-4.220000e-02 7.405551e-01
-4.210000e-02 7.626731e-01
-4.200000e-02 7.845551e-01
-4.190000e-02 8.061095e-01
-4.180000e-02 8.272361e-01
-4.170000e-02 8.478257e-01
-4.160000e-02 8.677586e-01
-4.150000e-02 8.869040e-01
-4.140000e-02 9.051184e-01
-4.130000e-02 9.222445e-01
-4.120000e-02 9.381098e-01
-4.110000e-02 9.525252e-01
-4.100000e-02 9.652835e-01
-4.090000e-02 9.761592e-01
-4.080000e-02 9.849073e-01
-4.070000e-02 9.912646e-01
-4.060000e-02 9.949511e-01
-4.050000e-02 9.956739e-01
-4.040000e-02 9.931335e-01
-4.030000e-02 9.870328e-01
-4.020000e-02 9.770901e-01
-4.010000e-02 9.630567e-01
-4.000000e-02 9.447383e-01
-3.990000e-02 9.220215e-01
-3.980000e-02 8.949036e-01
-3.970000e-02 8.635252e-01
-3.960000e-02 8.282008e-01
-3.950000e-02 7.894466e-01
-3.940000e-02 7.479973e-01
-3.930000e-02 7.048094e-01
-3.920000e-02 6.610443e-01
-3.910000e-02 6.180275e-01
-3.900000e-02 5.771838e-01
-3.890000e-02 5.399502e-01
-3.880000e-02 5.076749e-01
-3.870000e-02 4.815115e-01
-3.860000e-02 4.623241e-01
-3.850000e-02 4.506144e-01
-3.840000e-02 4.464830e-01
-3.830000e-02 4.496304e-01
-3.820000e-02 4.593951e-01
-3.810000e-02 4.748248e-01
-3.800000e-02 4.947672e-01
-3.790000e-02 5.179686e-01
-3.780000e-02 5.431678e-01
-3.770000e-02 5.691763e-01
-3.760000e-02 5.949377e-01
-3.750000e-02 6.195663e-01
-3.740000e-02 6.423642e-01
-3.730000e-02 6.628218e-01
-3.720000e-02 6.806052e-01
-3.710000e-02 6.955353e-01
-3.700000e-02 7.075626e-01
-3.690000e-02 7.167409e-01
-3.680000e-02 7.232020e-01
-3.670000e-02 7.271334e-01
-3.660000e-02 7.287589e-01
-3.650000e-02 7.283227e-01
-3.640000e-02 7.260778e-01
-3.630000e-02 7.222759e-01
-3.620000e-02 7.171620e-01
-3.610000e-02 7.109691e-01
-3.600000e-02 7.039166e-01
-3.590000e-02 6.962085e-01
-3.580000e-02 6.880338e-01
-3.570000e-02 6.795668e-01
-3.560000e-02 6.709690e-01
-3.550000e-02 6.623904e-01
-3.540000e-02 6.539717e-01
-3.530000e-02 6.458467e-01
-3.520000e-02 6.381450e-01
-3.510000e-02 6.309945e-01
-3.500000e-02 6.245246e-01
-3.490000e-02 6.188693e-01
-3.480000e-02 6.141703e-01
-3.470000e-02 6.105803e-01
-3.460000e-02 6.082652e-01
-3.450000e-02 6.074053e-01
-3.440000e-02 6.081924e-01
-3.430000e-02 6.108201e-01
-3.420000e-02 6.154592e-01
-3.410000e-02 6.222076e-01
-3.400000e-02 6.309938e-01
-3.390000e-02 6.414145e-01
-3.380000e-02 6.525128e-01
-3.370000e-02 6.626366e-01
-3.360000e-02 6.698759e-01
-3.350000e-02 6.739166e-01
-3.340000e-02 6.783914e-01
-3.330000e-02 6.868218e-01
-3.320000e-02 6.899815e-01
-3.310000e-02 6.702982e-01
-3.300000e-02 6.267157e-01
-3.290000e-02 5.756706e-01
-3.280000e-02 5.327233e-01
-3.270000e-02 5.050395e-01
-3.260000e-02 4.941035e-01
-3.250000e-02 4.993216e-01
-3.240000e-02 5.194866e-01
-3.230000e-02 5.518260e-01
-3.220000e-02 5.874283e-01
-3.210000e-02 6.003690e-01
-3.200000e-02 5.382467e-01
-3.190000e-02 3.848848e-01
-3.180000e-02 3.266886e-01
-3.170000e-02 4.708293e-01
-3.160000e-02 5.639549e-01
-3.150000e-02 5.301200e-01
-3.140000e-02 4.507572e-01
-3.130000e-02 3.752663e-01
-3.120000e-02 3.159781e-01
-3.110000e-02 2.720884e-01
-3.100000e-02 2.401250e-01
-3.090000e-02 2.168831e-01
-3.080000e-02 1.999433e-01
-3.070000e-02 1.875822e-01
-3.060000e-02 1.785897e-01
-3.050000e-02 1.721161e-01
-3.040000e-02 1.675610e-01
-3.030000e-02 1.644980e-01
-3.020000e-02 1.626234e-01
-3.010000e-02 1.617218e-01
-3.000000e-02 1.616423e-01
-2.990000e-02 1.622824e-01
-2.980000e-02 1.635760e-01
-2.970000e-02 1.654864e-01
-2.960000e-02 1.680001e-01
-2.950000e-02 1.711238e-01
-2.940000e-02 1.748817e-01
-2.930000e-02 1.793145e-01
-2.920000e-02 1.844791e-01
-2.910000e-02 1.904491e-01
-2.900000e-02 1.973152e-01
-2.890000e-02 2.051875e-01
-2.880000e-02 2.141969e-01
-2.870000e-02 2.244977e-01
-2.860000e-02 2.362694e-01
-2.850000e-02 2.497186e-01
-2.840000e-02 2.650795e-01
-2.830000e-02 2.826110e-01
-2.820000e-02 3.025888e-01
-2.810000e-02 3.252868e-01
-2.800000e-02 3.509410e-01
-2.790000e-02 3.796832e-01
-2.780000e-02 4.114247e-01
-2.770000e-02 4.456615e-01
-2.760000e-02 4.811642e-01
-2.750000e-02 5.155197e-01
-2.740000e-02 5.445368e-01
-2.730000e-02 5.616792e-01
-2.720000e-02 5.580407e-01
-2.710000e-02 5.239499e-01
-2.700000e-02 4.536338e-01
-2.690000e-02 3.530045e-01
-2.680000e-02 2.458931e-01
-2.670000e-02 1.691252e-01
-2.660000e-02 1.527678e-01
-2.650000e-02 2.003354e-01
-2.640000e-02 2.889636e-01
-2.630000e-02 3.875176e-01
-2.620000e-02 4.733116e-01
-2.610000e-02 5.368379e-01
-2.600000e-02 5.781781e-01
-2.590000e-02 6.018517e-01
-2.580000e-02 6.133136e-01
-2.570000e-02 6.173271e-01
-2.560000e-02 6.174969e-01
-2.550000e-02 6.163178e-01
-2.540000e-02 6.153810e-01
-2.530000e-02 6.155834e-01
-2.520000e-02 6.172934e-01
-2.510000e-02 6.204782e-01
-2.500000e-02 6.248134e-01
-2.490000e-02 6.297945e-01
-2.480000e-02 6.348596e-01
-2.470000e-02 6.395135e-01
-2.460000e-02 6.434278e-01
-2.450000e-02 6.464938e-01
-2.440000e-02 6.488175e-01
-2.430000e-02 6.506665e-01
-2.420000e-02 6.523924e-01
-2.410000e-02 6.543519e-01
-2.400000e-02 6.568416e-01
-2.390000e-02 6.600507e-01
-2.380000e-02 6.640292e-01
-2.370000e-02 6.686609e-01
-2.360000e-02 6.736379e-01
-2.350000e-02 6.784263e-01
-2.340000e-02 6.822248e-01
-2.330000e-02 6.839148e-01
-2.320000e-02 6.820154e-01
-2.310000e-02 6.746649e-01
-2.300000e-02 6.596748e-01
-2.290000e-02 6.347296e-01
-2.280000e-02 5.978355e-01
-2.270000e-02 5.481206e-01
-2.260000e-02 4.870036e-01
-2.250000e-02 4.194964e-01
-2.240000e-02 3.549732e-01
-2.230000e-02 3.063562e-01
-2.220000e-02 2.869113e-01
-2.210000e-02 3.052365e-01
-2.200000e-02 3.609578e-01
-2.190000e-02 4.441344e-01
-2.180000e-02 5.391299e-01
-2.170000e-02 6.305078e-01
-2.160000e-02 7.075124e-01
-2.150000e-02 7.654511e-01
-2.140000e-02 8.045743e-01
-2.130000e-02 8.279742e-01
-2.120000e-02 8.396742e-01
-2.110000e-02 8.433631e-01
-2.100000e-02 8.417560e-01
-2.090000e-02 8.364040e-01
-2.080000e-02 8.278127e-01
-2.070000e-02 8.158083e-01
-2.060000e-02 8.001188e-01
-2.050000e-02 7.810446e-01
-2.040000e-02 7.598788e-01
-2.030000e-02 7.386398e-01
-2.020000e-02 7.190215e-01
-2.010000e-02 7.012306e-01
-2.000000e-02 6.837270e-01
-1.990000e-02 6.641580e-01
-1.980000e-02 6.406931e-01
-1.970000e-02 6.127882e-01
-1.960000e-02 5.811174e-01
-1.950000e-02 5.470401e-01
-1.940000e-02 5.120530e-01
-1.930000e-02 4.774431e-01
-1.920000e-02 4.441528e-01
-1.910000e-02 4.127807e-01
-1.900000e-02 3.836440e-01
-1.890000e-02 3.568560e-01
-1.880000e-02 3.323942e-01
-1.870000e-02 3.101540e-01
-1.860000e-02 2.899858e-01
-1.850000e-02 2.717204e-01
-1.840000e-02 2.551847e-01
-1.830000e-02 2.402112e-01
-1.820000e-02 2.266431e-01
-1.810000e-02 2.143368e-01
-1.800000e-02 2.031627e-01
-1.790000e-02 1.930050e-01
-1.780000e-02 1.837609e-01
-1.770000e-02 1.753395e-01
-1.760000e-02 1.676612e-01
-1.750000e-02 1.606561e-01
-1.740000e-02 1.542631e-01
-1.730000e-02 1.484293e-01
-1.720000e-02 1.431090e-01
-1.710000e-02 1.382631e-01
-1.700000e-02 1.338586e-01
-1.690000e-02 1.298685e-01
-1.680000e-02 1.262712e-01
-1.670000e-02 1.230504e-01
-1.660000e-02 1.201959e-01
-1.650000e-02 1.177032e-01
-1.640000e-02 1.155743e-01
-1.630000e-02 1.138189e-01
-1.620000e-02 1.124550e-01
-1.610000e-02 1.115112e-01
-1.600000e-02 1.110288e-01
-1.590000e-02 1.110646e-01
-1.580000e-02 1.116951e-01
-1.570000e-02 1.130210e-01
-1.560000e-02 1.151737e-01
-1.550000e-02 1.183209e-01
-1.540000e-02 1.226738e-01
-1.530000e-02 1.284898e-01
-1.520000e-02 1.360692e-01
-1.510000e-02 1.457336e-01
-1.500000e-02 1.577745e-01
-1.490000e-02 1.723498e-01
-1.480000e-02 1.893191e-01
-1.470000e-02 2.080367e-01
-1.460000e-02 2.271981e-01
-1.450000e-02 2.449121e-01
-1.440000e-02 2.591289e-01
-1.430000e-02 2.683113e-01
-1.420000e-02 2.719591e-01
-1.410000e-02 2.706551e-01
-1.400000e-02 2.656726e-01
-1.390000e-02 2.584634e-01
-1.380000e-02 2.502905e-01
-1.370000e-02 2.420803e-01
-1.360000e-02 2.344276e-01
-1.350000e-02 2.276702e-01
-1.340000e-02 2.219720e-01
-1.330000e-02 2.173908e-01
-1.320000e-02 2.139262e-01
-1.310000e-02 2.115489e-01
-1.300000e-02 2.102177e-01
-1.290000e-02 2.098876e-01
-1.280000e-02 2.105116e-01
-1.270000e-02 2.120380e-01
-1.260000e-02 2.144049e-01
-1.250000e-02 2.175300e-01
-1.240000e-02 2.212985e-01
-1.230000e-02 2.255487e-01
-1.220000e-02 2.300562e-01
-1.210000e-02 2.345222e-01
-1.200000e-02 2.385705e-01
-1.190000e-02 2.417601e-01
-1.180000e-02 2.436224e-01
-1.170000e-02 2.437219e-01
-1.160000e-02 2.417352e-01
-1.150000e-02 2.375257e-01
-1.140000e-02 2.311891e-01
-1.130000e-02 2.230489e-01
-1.120000e-02 2.135987e-01
-1.110000e-02 2.034124e-01
-1.100000e-02 1.930522e-01
-1.090000e-02 1.829991e-01
-1.080000e-02 1.736188e-01
-1.070000e-02 1.651579e-01
-1.060000e-02 1.577603e-01
-1.050000e-02 1.514924e-01
-1.040000e-02 1.463684e-01
-1.030000e-02 1.423728e-01
-1.020000e-02 1.394767e-01
-1.010000e-02 1.376496e-01
-1.000000e-02 1.368679e-01
-9.900000e-03 1.371194e-01
-9.800000e-03 1.384065e-01
-9.700000e-03 1.407466e-01
-9.600000e-03 1.441721e-01
-9.500000e-03 1.487271e-01
-9.400000e-03 1.544632e-01
-9.300000e-03 1.614336e-01
-9.200000e-03 1.696917e-01
-9.100000e-03 1.793120e-01
-9.000000e-03 1.904692e-01
-8.900000e-03 2.036317e-01
-8.800000e-03 2.198657e-01
-8.700000e-03 2.410481e-01
-8.600000e-03 2.696071e-01
-8.500000e-03 3.077038e-01
-8.400000e-03 3.562070e-01
-8.300000e-03 4.132845e-01
-8.200000e-03 4.711467e-01
-8.100000e-03 5.089458e-01
-8.000000e-03 4.838274e-01
-7.900000e-03 3.437408e-01
-7.800000e-03 1.189460e-01
-7.700000e-03 1.385917e-02
-7.600000e-03 1.576145e-01
-7.500000e-03 3.738142e-01
-7.400000e-03 4.925483e-01
-7.300000e-03 5.093325e-01
-7.200000e-03 4.738584e-01
-7.100000e-03 4.218244e-01
-7.000000e-03 3.698679e-01
-6.900000e-03 3.239340e-01
-6.800000e-03 2.852954e-01
-6.700000e-03 2.534860e-01
-6.600000e-03 2.275375e-01
-6.500000e-03 2.064532e-01
-6.400000e-03 1.893641e-01
-6.300000e-03 1.755630e-01
-6.200000e-03 1.644941e-01
-6.100000e-03 1.557311e-01
-6.000000e-03 1.489552e-01
-5.900000e-03 1.439371e-01
-5.800000e-03 1.405241e-01
-5.700000e-03 1.386318e-01
-5.600000e-03 1.382417e-01
-5.500000e-03 1.394026e-01
-5.400000e-03 1.422400e-01
-5.300000e-03 1.469717e-01
-5.200000e-03 1.539346e-01
-5.100000e-03 1.636269e-01
-5.000000e-03 1.767715e-01
-4.900000e-03 1.944109e-01
-4.800000e-03 2.180407e-01
-4.700000e-03 2.497721e-01
-4.600000e-03 2.924305e-01
-4.500000e-03 3.491591e-01
-4.400000e-03 4.208505e-01
-4.300000e-03 4.956798e-01
-4.200000e-03 5.180566e-01
-4.100000e-03 3.676988e-01
-4.000000e-03 1.413100e-01
-3.900000e-03 2.916559e-01
-3.800000e-03 5.043287e-01
-3.700000e-03 5.026256e-01
-3.600000e-03 4.158074e-01
-3.500000e-03 3.292525e-01
-3.400000e-03 2.618934e-01
-3.300000e-03 2.124718e-01
-3.200000e-03 1.764547e-01
-3.100000e-03 1.499348e-01
-3.000000e-03 1.301030e-01
-2.900000e-03 1.150304e-01
-2.800000e-03 1.034000e-01
-2.700000e-03 9.430431e-02
-2.600000e-03 8.710925e-02
-2.500000e-03 8.136411e-02
-2.400000e-03 7.674339e-02
-2.300000e-03 7.300823e-02
-2.200000e-03 6.998073e-02
-2.100000e-03 6.752656e-02
-2.000000e-03 6.554303e-02
-1.900000e-03 6.395070e-02
-1.800000e-03 6.268748e-02
-1.700000e-03 6.170441e-02
-1.600000e-03 6.096252e-02
-1.500000e-03 6.043061e-02
-1.400000e-03 6.008350e-02
-1.300000e-03 5.990079e-02
-1.200000e-03 5.986589e-02
-1.100000e-03 5.996526e-02
-1.000000e-03 6.018786e-02
-9.000000e-04 6.052470e-02
-8.000000e-04 6.096849e-02
-7.000000e-04 6.151339e-02
-6.000000e-04 6.215479e-02
-5.000000e-04 6.288920e-02
-4.000000e-04 6.371407e-02
-3.000000e-04 6.462779e-02
-2.000000e-04 6.562960e-02
-1.000000e-04 6.671960e-02
1.429412e-15 6.789881e-02
1.000000e-04 6.916914e-02
2.000000e-04 7.053356e-02
3.000000e-04 7.199619e-02
4.000000e-04 7.356244e-02
5.000000e-04 7.523929e-02
6.000000e-04 7.703549e-02
7.000000e-04 7.896189e-02
8.000000e-04 8.103187e-02
9.000000e-04 8.326177e-02
1.000000e-03 8.567149e-02
1.100000e-03 8.828514e-02
1.200000e-03 9.113185e-02
1.300000e-03 9.424674e-02
1.400000e-03 9.767205e-02
1.500000e-03 1.014585e-01
1.600000e-03 1.056669e-01
1.700000e-03 1.103701e-01
1.800000e-03 1.156555e-01
1.900000e-03 1.216276e-01
2.000000e-03 1.284115e-01
2.100000e-03 1.361572e-01
2.200000e-03 1.450445e-01
2.300000e-03 1.552888e-01
2.400000e-03 1.671482e-01
2.500000e-03 1.809312e-01
2.600000e-03 1.970048e-01
2.700000e-03 2.158014e-01
2.800000e-03 2.378223e-01
2.900000e-03 2.636301e-01
3.000000e-03 2.938206e-01
3.100000e-03 3.289490e-01
3.200000e-03 3.693723e-01
3.300000e-03 4.149384e-01
3.400000e-03 4.644205e-01
3.500000e-03 5.145957e-01
3.600000e-03 5.590150e-01
3.700000e-03 5.871175e-01
3.800000e-03 5.857722e-01
3.900000e-03 5.468444e-01
4.000000e-03 4.811955e-01
4.100000e-03 4.254520e-01
4.200000e-03 4.195106e-01
4.300000e-03 4.684761e-01
4.400000e-03 5.397436e-01
4.500000e-03 5.973023e-01
4.600000e-03 6.255357e-01
4.700000e-03 6.267645e-01
4.800000e-03 6.101461e-01
4.900000e-03 5.845205e-01
5.000000e-03 5.561289e-01
5.100000e-03 5.287106e-01
5.200000e-03 5.042349e-01
5.300000e-03 4.835812e-01
5.400000e-03 4.670141e-01
5.500000e-03 4.544754e-01
5.600000e-03 4.457525e-01
5.700000e-03 4.405685e-01
5.800000e-03 4.386278e-01
5.900000e-03 4.396344e-01
6.000000e-03 4.432967e-01
6.100000e-03 4.493242e-01
6.200000e-03 4.574195e-01
6.300000e-03 4.672684e-01
6.400000e-03 4.785304e-01
6.500000e-03 4.908301e-01
6.600000e-03 5.037513e-01
6.700000e-03 5.168366e-01
6.800000e-03 5.295936e-01
6.900000e-03 5.415107e-01
7.000000e-03 5.520830e-01
7.100000e-03 5.608500e-01
7.200000e-03 5.674416e-01
7.300000e-03 5.716284e-01
7.400000e-03 5.733669e-01
7.500000e-03 5.728282e-01
7.600000e-03 5.703996e-01
7.700000e-03 5.666512e-01
7.800000e-03 5.622663e-01
7.900000e-03 5.579462e-01
8.000000e-03 5.543077e-01
8.100000e-03 5.517939e-01
8.200000e-03 5.506202e-01
8.300000e-03 5.507632e-01
8.400000e-03 5.519917e-01
8.500000e-03 5.539277e-01
8.600000e-03 5.561198e-01
8.700000e-03 5.581138e-01
8.800000e-03 5.595074e-01
8.900000e-03 5.599849e-01
9.000000e-03 5.593321e-01
9.100000e-03 5.574350e-01
9.200000e-03 5.542676e-01
9.300000e-03 5.498744e-01
9.400000e-03 5.443510e-01
9.500000e-03 5.378265e-01
9.600000e-03 5.304478e-01
9.700000e-03 5.223678e-01
9.800000e-03 5.137369e-01
9.900000e-03 5.046967e-01
1.000000e-02 4.953763e-01
1.010000e-02 4.858912e-01
1.020000e-02 4.763419e-01
1.030000e-02 4.668147e-01
1.040000e-02 4.573824e-01
1.050000e-02 4.481056e-01
1.060000e-02 4.390336e-01
1.070000e-02 4.302062e-01
1.080000e-02 4.216547e-01
1.090000e-02 4.134031e-01
1.100000e-02 4.054689e-01
1.110000e-02 3.978642e-01
1.120000e-02 3.905967e-01
1.130000e-02 3.836698e-01
1.140000e-02 3.770832e-01
1.150000e-02 3.708338e-01
1.160000e-02 3.649155e-01
1.170000e-02 3.593196e-01
1.180000e-02 3.540353e-01
1.190000e-02 3.490496e-01
1.200000e-02 3.443476e-01
1.210000e-02 3.399129e-01
1.220000e-02 3.357277e-01
1.230000e-02 3.317731e-01
1.240000e-02 3.280299e-01
1.250000e-02 3.244788e-01
1.260000e-02 3.211012e-01
1.270000e-02 3.178801e-01
1.280000e-02 3.148009e-01
1.290000e-02 3.118524e-01
1.300000e-02 3.090284e-01
1.310000e-02 3.063281e-01
1.320000e-02 3.037581e-01
1.330000e-02 3.013333e-01
1.340000e-02 2.990781e-01
1.350000e-02 2.970274e-01
1.360000e-02 2.952270e-01
1.370000e-02 2.937346e-01
1.380000e-02 2.926184e-01
1.390000e-02 2.919563e-01
1.400000e-02 2.918324e-01
1.410000e-02 2.923310e-01
1.420000e-02 2.935280e-01
1.430000e-02 2.954757e-01
1.440000e-02 2.981832e-01
1.450000e-02 3.015889e-01
1.460000e-02 3.055289e-01
1.470000e-02 3.097068e-01
1.480000e-02 3.136756e-01
1.490000e-02 3.168504e-01
1.500000e-02 3.185646e-01
1.510000e-02 3.181745e-01
1.520000e-02 3.151911e-01
1.530000e-02 3.093962e-01
1.540000e-02 3.008968e-01
1.550000e-02 2.900948e-01
1.560000e-02 2.775859e-01
1.570000e-02 2.640320e-01
1.580000e-02 2.500506e-01
1.590000e-02 2.361469e-01
1.600000e-02 2.226895e-01
1.610000e-02 2.099187e-01
1.620000e-02 1.979700e-01
1.630000e-02 1.869019e-01
1.640000e-02 1.767211e-01
1.650000e-02 1.674026e-01
1.660000e-02 1.589035e-01
1.670000e-02 1.511731e-01
1.680000e-02 1.441591e-01
1.690000e-02 1.378111e-01
1.700000e-02 1.320828e-01
1.710000e-02 1.269331e-01
1.720000e-02 1.223261e-01
1.730000e-02 1.182318e-01
1.740000e-02 1.146252e-01
1.750000e-02 1.114862e-01
1.760000e-02 1.087994e-01
1.770000e-02 1.065538e-01
1.780000e-02 1.047421e-01
1.790000e-02 1.033608e-01
1.800000e-02 1.024095e-01
1.810000e-02 1.018910e-01
1.820000e-02 1.018107e-01
1.830000e-02 1.021766e-01
1.840000e-02 1.029986e-01
1.850000e-02 1.042881e-01
1.860000e-02 1.060579e-01
1.870000e-02 1.083212e-01
1.880000e-02 1.110911e-01
1.890000e-02 1.143797e-01
1.900000e-02 1.181969e-01
1.910000e-02 1.225495e-01
1.920000e-02 1.274396e-01
1.930000e-02 1.328631e-01
1.940000e-02 1.388079e-01
1.950000e-02 1.452527e-01
1.960000e-02 1.521645e-01
1.970000e-02 1.594981e-01
1.980000e-02 1.671944e-01
1.990000e-02 1.751799e-01
2.000000e-02 1.833674e-01
2.010000e-02 1.916569e-01
2.020000e-02 1.999380e-01
2.030000e-02 2.080932e-01
2.040000e-02 2.160024e-01
2.050000e-02 2.235476e-01
2.060000e-02 2.306191e-01
2.070000e-02 2.371199e-01
2.080000e-02 2.429716e-01
2.090000e-02 2.481183e-01
2.100000e-02 2.525295e-01
2.110000e-02 2.562030e-01
2.120000e-02 2.591660e-01
2.130000e-02 2.614764e-01
2.140000e-02 2.632240e-01
2.150000e-02 2.645332e-01
2.160000e-02 2.655673e-01
2.170000e-02 2.665363e-01
2.180000e-02 2.677092e-01
2.190000e-02 2.694343e-01
2.200000e-02 2.721682e-01
2.210000e-02 2.765186e-01
2.220000e-02 2.833005e-01
2.230000e-02 2.936049e-01
2.240000e-02 3.088556e-01
2.250000e-02 3.307908e-01
2.260000e-02 3.612036e-01
2.270000e-02 4.011241e-01
2.280000e-02 4.491019e-01
2.290000e-02 4.990473e-01
2.300000e-02 5.404359e-01
2.310000e-02 5.643505e-01
2.320000e-02 5.706144e-01
2.330000e-02 5.653132e-01
2.340000e-02 5.533116e-01
2.350000e-02 5.369050e-01
2.360000e-02 5.178394e-01
2.370000e-02 4.978820e-01
2.380000e-02 4.784535e-01
2.390000e-02 4.604357e-01
2.400000e-02 4.442482e-01
2.410000e-02 4.300086e-01
2.420000e-02 4.176681e-01
2.430000e-02 4.071014e-01
2.440000e-02 3.981585e-01
2.450000e-02 3.906926e-01
2.460000e-02 3.845734e-01
2.470000e-02 3.796949e-01
2.480000e-02 3.759797e-01
2.490000e-02 3.733849e-01
2.500000e-02 3.719128e-01
2.510000e-02 3.716310e-01
2.520000e-02 3.727152e-01
2.530000e-02 3.755382e-01
2.540000e-02 3.808690e-01
2.550000e-02 3.903451e-01
2.560000e-02 4.076829e-01
2.570000e-02 4.419264e-01
2.580000e-02 5.144331e-01
2.590000e-02 6.249606e-01
2.600000e-02 2.685192e-01
2.610000e-02 3.515659e-01
2.620000e-02 5.704522e-01
2.630000e-02 5.693382e-01
2.640000e-02 5.513825e-01
2.650000e-02 5.418112e-01
2.660000e-02 5.404869e-01
2.670000e-02 5.456754e-01
2.680000e-02 5.564338e-01
2.690000e-02 5.726431e-01
2.700000e-02 5.948767e-01
2.710000e-02 6.242487e-01
2.720000e-02 6.619930e-01
2.730000e-02 7.081992e-01
2.740000e-02 7.589195e-01
2.750000e-02 8.021791e-01
2.760000e-02 8.183586e-01
2.770000e-02 7.924781e-01
2.780000e-02 7.292212e-01
2.790000e-02 6.494296e-01
2.800000e-02 5.740892e-01
2.810000e-02 5.160954e-01
2.820000e-02 4.809649e-01
2.830000e-02 4.691097e-01
2.840000e-02 4.770391e-01
2.850000e-02 4.982616e-01
2.860000e-02 5.247675e-01
2.870000e-02 5.490099e-01
2.880000e-02 5.656456e-01
2.890000e-02 5.723867e-01
2.900000e-02 5.698542e-01
2.910000e-02 5.607984e-01
2.920000e-02 5.491438e-01
2.930000e-02 5.391147e-01
2.940000e-02 5.343797e-01
2.950000e-02 5.369126e-01
2.960000e-02 5.454476e-01
2.970000e-02 5.547151e-01
2.980000e-02 5.583172e-01
2.990000e-02 5.540597e-01
3.000000e-02 5.426623e-01
3.010000e-02 5.223709e-01
3.020000e-02 4.917782e-01
3.030000e-02 4.536518e-01
3.040000e-02 4.127934e-01
3.050000e-02 3.730883e-01
3.060000e-02 3.366953e-01
3.070000e-02 3.044547e-01
3.080000e-02 2.764649e-01
3.090000e-02 2.524865e-01
3.100000e-02 2.321697e-01
3.110000e-02 2.151673e-01
3.120000e-02 2.011876e-01
3.130000e-02 1.900177e-01
3.140000e-02 1.815370e-01
3.150000e-02 1.757284e-01
3.160000e-02 1.726938e-01
3.170000e-02 1.726781e-01
3.180000e-02 1.761050e-01
3.190000e-02 1.836269e-01
3.200000e-02 1.961879e-01
3.210000e-02 2.150815e-01
3.220000e-02 2.419469e-01
3.230000e-02 2.785388e-01
3.240000e-02 3.258919e-01
3.250000e-02 3.822898e-01
3.260000e-02 4.401472e-01
3.270000e-02 4.856315e-01
3.280000e-02 5.074438e-01
3.290000e-02 5.049167e-01
3.300000e-02 4.798773e-01
3.310000e-02 4.354365e-01
3.320000e-02 3.813492e-01
3.330000e-02 3.279716e-01
3.340000e-02 2.809534e-01
3.350000e-02 2.418172e-01
3.360000e-02 2.100598e-01
3.370000e-02 1.845410e-01
3.380000e-02 1.641110e-01
3.390000e-02 1.478333e-01
3.400000e-02 1.350533e-01
3.410000e-02 1.254467e-01
3.420000e-02 1.191509e-01
3.430000e-02 1.171735e-01
3.440000e-02 1.227288e-01
3.450000e-02 1.464087e-01
3.460000e-02 2.323991e-01
3.470000e-02 5.426237e-01
3.480000e-02 5.280430e-01
3.490000e-02 2.936819e-01
3.500000e-02 1.651346e-01
3.510000e-02 1.199240e-01
3.520000e-02 9.873986e-02
3.530000e-02 8.677251e-02
3.540000e-02 7.915421e-02
3.550000e-02 7.391608e-02
3.560000e-02 7.013553e-02
3.570000e-02 6.733104e-02
3.580000e-02 6.523016e-02
3.590000e-02 6.366909e-02
3.600000e-02 6.254503e-02
3.610000e-02 6.179175e-02
3.620000e-02 6.136636e-02
3.630000e-02 6.124174e-02
3.640000e-02 6.140218e-02
3.650000e-02 6.184073e-02
3.660000e-02 6.255773e-02
3.670000e-02 6.356000e-02
3.680000e-02 6.486064e-02
3.690000e-02 6.647914e-02
3.700000e-02 6.844196e-02
3.710000e-02 7.078352e-02
3.720000e-02 7.354757e-02
3.730000e-02 7.678920e-02
3.740000e-02 8.057761e-02
3.750000e-02 8.499981e-02
3.760000e-02 9.016578e-02
3.770000e-02 9.621559e-02
3.780000e-02 1.033292e-01
3.790000e-02 1.117407e-01
3.800000e-02 1.217577e-01
3.810000e-02 1.337908e-01
3.820000e-02 1.483947e-01
3.830000e-02 1.663296e-01
3.840000e-02 1.886478e-01
3.850000e-02 2.168118e-01
3.860000e-02 2.528280e-01
3.870000e-02 2.992968e-01
3.880000e-02 3.589627e-01
3.890000e-02 4.322596e-01
3.900000e-02 5.082365e-01
3.910000e-02 5.415463e-01
3.920000e-02 4.538059e-01
3.930000e-02 3.490499e-01
3.940000e-02 4.717114e-01
3.950000e-02 5.660717e-01
3.960000e-02 5.169489e-01
3.970000e-02 4.305504e-01
3.980000e-02 3.599063e-01
3.990000e-02 3.126378e-01
4.000000e-02 2.845987e-01
4.010000e-02 2.708112e-01
4.020000e-02 2.675479e-01
4.030000e-02 2.722838e-01
4.040000e-02 2.833182e-01
4.050000e-02 2.994402e-01
4.060000e-02 3.196773e-01
4.070000e-02 3.431083e-01
4.080000e-02 3.687264e-01
4.090000e-02 3.953515e-01
4.100000e-02 4.216129e-01
4.110000e-02 4.460277e-01
4.120000e-02 4.671908e-01
4.130000e-02 4.840501e-01
4.140000e-02 4.961682e-01
4.150000e-02 5.038236e-01
4.160000e-02 5.078413e-01
4.170000e-02 5.091953e-01
4.180000e-02 5.085881e-01
4.190000e-02 5.062424e-01
4.200000e-02 5.019836e-01
4.210000e-02 4.955006e-01
4.220000e-02 4.865987e-01
4.230000e-02 4.753290e-01
4.240000e-02 4.619855e-01
4.250000e-02 4.470243e-01
4.260000e-02 4.309645e-01
4.270000e-02 4.143096e-01
4.280000e-02 3.974978e-01
4.290000e-02 3.808816e-01
4.300000e-02 3.647255e-01
4.310000e-02 3.492152e-01
4.320000e-02 3.344709e-01
4.330000e-02 3.205612e-01
4.340000e-02 3.075164e-01
4.350000e-02 2.953390e-01
4.360000e-02 2.840125e-01
4.370000e-02 2.735079e-01
4.380000e-02 2.637889e-01
4.390000e-02 2.548150e-01
4.400000e-02 2.465444e-01
4.410000e-02 2.389360e-01
4.420000e-02 2.319500e-01
4.430000e-02 2.255494e-01
4.440000e-02 2.197000e-01
4.450000e-02 2.143712e-01
4.460000e-02 2.095361e-01
4.470000e-02 2.051714e-01
4.480000e-02 2.012583e-01
4.490000e-02 1.977823e-01
4.500000e-02 1.947334e-01
4.510000e-02 1.921072e-01
4.520000e-02 1.899053e-01
4.530000e-02 1.881364e-01
4.540000e-02 1.868177e-01
4.550000e-02 1.859776e-01
4.560000e-02 1.856580e-01
4.570000e-02 1.859200e-01
4.580000e-02 1.868497e-01
4.590000e-02 1.885692e-01
4.600000e-02 1.912518e-01
4.610000e-02 1.951467e-01
4.620000e-02 2.006173e-01
4.630000e-02 2.082025e-01
4.640000e-02 2.187130e-01
4.650000e-02 2.333704e-01
4.660000e-02 2.539545e-01
4.670000e-02 2.826797e-01
4.680000e-02 3.205699e-01
4.690000e-02 3.608389e-01
4.700000e-02 3.773040e-01
4.710000e-02 3.391111e-01
4.720000e-02 2.666365e-01
4.730000e-02 2.062396e-01
4.740000e-02 1.695531e-01
4.750000e-02 1.493669e-01
4.760000e-02 1.385296e-01
4.770000e-02 1.328337e-01
4.780000e-02 1.300368e-01
4.790000e-02 1.289476e-01
4.800000e-02 1.289177e-01
4.810000e-02 1.295849e-01
4.820000e-02 1.307419e-01
4.830000e-02 1.322688e-01
4.840000e-02 1.340969e-01
4.850000e-02 1.361889e-01
4.860000e-02 1.385271e-01
4.870000e-02 1.411075e-01
4.880000e-02 1.439355e-01
4.890000e-02 1.470241e-01
4.900000e-02 1.503927e-01
4.910000e-02 1.540664e-01
4.920000e-02 1.580764e-01
4.930000e-02 1.624601e-01
4.940000e-02 1.672618e-01
4.950000e-02 1.725337e-01
4.960000e-02 1.783374e-01
4.970000e-02 1.847452e-01
4.980000e-02 1.918423e-01
4.990000e-02 1.997293e-01
