0.000000e+00 1.197432e+00
3.000000e-02 1.456992e+00
6.000000e-02 8.474215e-01
9.000000e-02 3.769398e-01
1.200000e-01 4.021849e-01
1.500000e-01 5.148121e-01
1.800000e-01 7.098534e-01
2.100000e-01 1.721865e+00
2.400000e-01 1.583026e+00
2.700000e-01 2.063558e+00
3.000000e-01 6.450624e-01
3.300000e-01 1.507893e+00
3.600000e-01 5.918709e-01
3.900000e-01 1.044873e+00
4.200000e-01 8.883196e-01
4.500000e-01 4.190614e-01
4.800000e-01 5.586361e-01
5.100000e-01 1.391732e+00
5.400000e-01 2.658731e-01
5.700000e-01 1.020039e-01
6.000000e-01 1.943911e-01
6.300000e-01 5.119544e-01
6.600000e-01 7.154152e-01
6.900000e-01 1.653601e+00
7.200000e-01 1.052818e+00
7.500000e-01 3.440312e-01
7.800000e-01 7.775796e-01
8.100000e-01 1.275418e+00
8.400000e-01 1.839719e+00
8.700000e-01 9.752150e-01
9.000000e-01 1.686528e+00
9.300000e-01 3.243473e-01
9.600000e-01 6.656315e-01
9.900000e-01 1.141459e+00
1.020000e+00 4.688477e-01
1.050000e+00 1.309483e+00
1.080000e+00 6.377394e-01
1.110000e+00 2.664005e-01
1.140000e+00 6.499540e-01
1.170000e+00 1.884205e+00
1.200000e+00 1.146673e-01
1.230000e+00 5.247095e-01
1.260000e+00 8.152891e-01
1.290000e+00 1.823463e+00
1.320000e+00 2.695907e-01
1.350000e+00 3.161399e-01
1.380000e+00 5.967862e-01
1.410000e+00 2.836471e-01
1.440000e+00 5.475128e-01
1.470000e+00 1.836577e-01
1.500000e+00 1.300544e+00
1.530000e+00 6.889538e-01
1.560000e+00 6.300387e-01
1.590000e+00 6.592404e-01
1.620000e+00 1.647923e+00
1.650000e+00 9.980686e-01
1.680000e+00 1.021408e+00
1.710000e+00 1.836027e+00
1.740000e+00 7.067762e-01
1.770000e+00 8.200124e-01
1.800000e+00 6.378236e-02
1.830000e+00 1.450048e+00
1.860000e+00 1.104061e+00
1.890000e+00 8.608314e-01
1.920000e+00 1.008885e+00
1.950000e+00 1.191988e-01
1.980000e+00 5.831083e-01
2.010000e+00 5.812420e-02
2.040000e+00 1.246908e+00
2.070000e+00 6.580819e-01
2.100000e+00 4.324710e-01
2.130000e+00 1.306528e-01
2.160000e+00 3.907319e-01
2.190000e+00 2.173336e-01
2.220000e+00 1.920994e+00
2.250000e+00 5.209070e-01
2.280000e+00 1.670239e+00
2.310000e+00 3.624072e-01
2.340000e+00 3.620150e-01
2.370000e+00 3.953092e-01
2.400000e+00 3.459464e-01
2.430000e+00 1.265784e+00
2.460000e+00 1.959059e+00
2.490000e+00 1.163101e+00
2.520000e+00 2.535526e-01
2.550000e+00 2.199233e-01
2.580000e+00 6.016059e-02
2.610000e+00 4.413431e-01
2.640000e+00 1.434952e-01
2.670000e+00 2.554859e-02
2.700000e+00 1.811797e+00
2.730000e+00 9.012422e-01
2.760000e+00 7.423813e-02
2.790000e+00 1.965719e-01
2.820000e+00 1.318522e+00
2.850000e+00 2.421220e-02
2.880000e+00 1.158483e+00
2.910000e+00 2.555281e-01
2.940000e+00 7.287364e-02
2.970000e+00 1.588952e+00
