0.000000e+00 1.197432e+00
3.000000e-02 2.086350e+00
6.000000e-02 1.514298e+00
9.000000e-02 2.081574e+00
1.200000e-01 1.914273e+00
1.500000e-01 1.545418e+00
1.800000e-01 5.055848e-01
2.100000e-01 1.537122e+00
2.400000e-01 9.631219e-01
2.700000e-01 1.515239e+00
3.000000e-01 1.022977e+00
3.300000e-01 1.045473e+00
3.600000e-01 1.616265e+00
3.900000e-01 1.644077e+00
4.200000e-01 6.942269e-01
4.500000e-01 1.893376e+00
4.800000e-01 1.117141e+00
5.100000e-01 1.291128e+00
5.400000e-01 1.955518e+00
5.700000e-01 2.030714e+00
6.000000e-01 1.730618e+00
6.300000e-01 5.274319e-01
6.600000e-01 5.440547e-01
6.900000e-01 9.343852e-01
7.200000e-01 2.264829e+00
7.500000e-01 1.458252e+00
7.800000e-01 1.408475e+00
8.100000e-01 1.653191e+00
8.400000e-01 1.368230e+00
8.700000e-01 1.743184e+00
9.000000e-01 1.438162e+00
9.300000e-01 9.703051e-01
9.600000e-01 1.220791e+00
9.900000e-01 6.565273e-01
1.020000e+00 8.815801e-01
1.050000e+00 2.200527e+00
1.080000e+00 6.937054e-01
1.110000e+00 1.528174e+00
1.140000e+00 1.702262e+00
1.170000e+00 1.376845e+00
1.200000e+00 6.902719e-01
1.230000e+00 1.383475e+00
1.260000e+00 1.462954e+00
1.290000e+00 1.367034e+00
1.320000e+00 1.520132e+00
1.350000e+00 5.553251e-01
1.380000e+00 4.512898e-01
1.410000e+00 5.347986e-01
1.440000e+00 1.845030e+00
1.470000e+00 1.515745e+00
1.500000e+00 1.312924e+00
1.530000e+00 1.102902e+00
1.560000e+00 3.829356e-01
1.590000e+00 1.139667e+00
1.620000e+00 1.322631e+00
1.650000e+00 1.315465e-01
1.680000e+00 7.255587e-01
1.710000e+00 4.193858e-01
1.740000e+00 9.732782e-01
1.770000e+00 1.387052e+00
1.800000e+00 6.512590e-01
1.830000e+00 7.389254e-01
1.860000e+00 8.273783e-01
1.890000e+00 1.270895e+00
1.920000e+00 5.931370e-01
1.950000e+00 1.086779e+00
1.980000e+00 1.842506e+00
2.010000e+00 1.723908e+00
2.040000e+00 1.994281e+00
2.070000e+00 4.955307e-02
2.100000e+00 5.864015e-01
2.130000e+00 9.164769e-01
2.160000e+00 2.004233e-01
2.190000e+00 1.717138e+00
2.220000e+00 4.873651e-01
2.250000e+00 1.472540e+00
2.280000e+00 5.597560e-01
2.310000e+00 1.697654e-01
2.340000e+00 1.045517e+00
2.370000e+00 1.377479e+00
2.400000e+00 5.952290e-02
2.430000e+00 4.057916e-01
2.460000e+00 3.975156e-01
2.490000e+00 6.607222e-01
2.520000e+00 1.319857e+00
2.550000e+00 2.650161e-01
2.580000e+00 4.699216e-01
2.610000e+00 7.034395e-01
2.640000e+00 9.020842e-02
2.670000e+00 2.312590e-01
2.700000e+00 6.442413e-02
2.730000e+00 2.460093e-01
2.760000e+00 1.860126e+00
2.790000e+00 8.468859e-01
2.820000e+00 5.247899e-01
2.850000e+00 1.425634e-01
2.880000e+00 1.030320e-02
2.910000e+00 2.795425e-02
2.940000e+00 3.855406e-03
2.970000e+00 2.280191e-01
