0.000000e+00 1.197432e+00
3.000000e-02 1.528959e+00
6.000000e-02 1.255010e+00
9.000000e-02 7.805564e-01
1.200000e-01 2.410948e+00
1.500000e-01 4.176143e-01
1.800000e-01 5.774641e-01
2.100000e-01 5.629183e-01
2.400000e-01 9.032660e-01
2.700000e-01 2.124121e+00
3.000000e-01 1.528885e+00
3.300000e-01 1.528955e+00
3.600000e-01 1.372195e+00
3.900000e-01 9.813677e-01
4.200000e-01 3.379421e-01
4.500000e-01 6.705923e-01
4.800000e-01 8.360457e-01
5.100000e-01 1.290845e+00
5.400000e-01 9.702719e-01
5.700000e-01 7.446085e-01
6.000000e-01 1.122288e+00
6.300000e-01 1.612599e-01
6.600000e-01 4.824101e-01
6.900000e-01 1.629002e+00
7.200000e-01 1.005944e+00
7.500000e-01 1.844830e+00
7.800000e-01 1.961709e+00
8.100000e-01 1.166292e+00
8.400000e-01 1.073354e+00
8.700000e-01 3.904820e-01
9.000000e-01 4.227087e-01
9.300000e-01 7.363946e-01
9.600000e-01 1.766494e+00
9.900000e-01 1.525511e+00
1.020000e+00 1.406587e+00
1.050000e+00 9.789780e-01
1.080000e+00 1.530680e+00
1.110000e+00 9.046462e-01
1.140000e+00 8.250408e-01
1.170000e+00 1.435253e+00
1.200000e+00 1.917963e+00
1.230000e+00 3.128212e-01
1.260000e+00 1.709424e+00
1.290000e+00 1.809750e+00
1.320000e+00 5.965418e-01
1.350000e+00 1.888325e+00
1.380000e+00 1.715780e+00
1.410000e+00 2.056909e+00
1.440000e+00 1.755513e+00
1.470000e+00 9.506138e-01
1.500000e+00 1.511949e+00
1.530000e+00 1.737942e+00
1.560000e+00 1.684930e+00
1.590000e+00 4.644945e-01
1.620000e+00 9.739206e-01
1.650000e+00 1.106636e+00
1.680000e+00 2.881694e-01
1.710000e+00 6.379655e-01
1.740000e+00 1.554689e-01
1.770000e+00 1.037061e-01
1.800000e+00 7.775680e-02
1.830000e+00 5.440465e-02
1.860000e+00 1.154212e+00
1.890000e+00 1.414085e+00
1.920000e+00 3.006826e-01
1.950000e+00 1.978351e+00
1.980000e+00 1.040024e-01
2.010000e+00 4.866322e-02
2.040000e+00 2.235171e-01
2.070000e+00 2.702801e-02
2.100000e+00 4.655223e-01
2.130000e+00 1.677489e-01
2.160000e+00 8.475317e-01
2.190000e+00 7.945431e-02
2.220000e+00 1.009003e+00
2.250000e+00 1.498237e-01
2.280000e+00 1.167172e-01
2.310000e+00 1.286705e-01
2.340000e+00 1.640390e+00
2.370000e+00 1.693853e+00
2.400000e+00 9.728527e-02
2.430000e+00 7.508724e-01
2.460000e+00 1.168826e+00
2.490000e+00 2.526856e-01
2.520000e+00 5.824929e-01
2.550000e+00 4.400739e-01
2.580000e+00 9.978608e-02
2.610000e+00 5.393325e-03
2.640000e+00 1.193753e-01
2.670000e+00 7.893585e-02
2.700000e+00 1.141692e-01
2.730000e+00 7.474122e-02
2.760000e+00 1.152071e-01
2.790000e+00 5.679840e-03
2.820000e+00 1.413424e-02
2.850000e+00 3.846218e-01
2.880000e+00 2.588694e-01
2.910000e+00 6.511812e-03
2.940000e+00 6.070022e-02
2.970000e+00 1.671389e-02
