0.000000e+00 1.197432e+00
3.000000e-02 2.226083e+00
6.000000e-02 1.344750e+00
9.000000e-02 3.343315e+00
1.200000e-01 1.774255e+00
1.500000e-01 1.228503e+00
1.800000e-01 1.340267e+00
2.100000e-01 1.210260e+00
2.400000e-01 1.373001e+00
2.700000e-01 2.437125e+00
3.000000e-01 1.718941e+00
3.300000e-01 1.925379e+00
3.600000e-01 1.074644e+00
3.900000e-01 1.081129e+00
4.200000e-01 1.563549e+00
4.500000e-01 8.885214e-01
4.800000e-01 1.509455e+00
5.100000e-01 1.385254e+00
5.400000e-01 2.023811e+00
5.700000e-01 1.784897e+00
6.000000e-01 4.182935e-01
6.300000e-01 9.543707e-01
6.600000e-01 1.996341e+00
6.900000e-01 1.427827e+00
7.200000e-01 1.790690e+00
7.500000e-01 9.876867e-01
7.800000e-01 2.143545e-01
8.100000e-01 1.796628e+00
8.400000e-01 7.267996e-01
8.700000e-01 1.736818e+00
9.000000e-01 6.219830e-01
9.300000e-01 1.696045e+00
9.600000e-01 1.336228e+00
9.900000e-01 1.995775e+00
1.020000e+00 1.548521e+00
1.050000e+00 1.042673e+00
1.080000e+00 1.936093e-01
1.110000e+00 1.103577e+00
1.140000e+00 4.870354e-01
1.170000e+00 5.869885e-01
1.200000e+00 9.031747e-01
1.230000e+00 1.880611e-01
1.260000e+00 1.857454e+00
1.290000e+00 5.832371e-01
1.320000e+00 1.001595e+00
1.350000e+00 1.935487e+00
1.380000e+00 1.502374e+00
1.410000e+00 7.936281e-01
1.440000e+00 1.124983e+00
1.470000e+00 1.031239e+00
1.500000e+00 1.912575e+00
1.530000e+00 1.650932e+00
1.560000e+00 1.227524e+00
1.590000e+00 1.964182e+00
1.620000e+00 5.262861e-01
1.650000e+00 1.191734e+00
1.680000e+00 6.785689e-01
1.710000e+00 2.076252e-01
1.740000e+00 2.982337e-01
1.770000e+00 3.987753e-01
1.800000e+00 5.591125e-01
1.830000e+00 5.469744e-01
1.860000e+00 8.611319e-01
1.890000e+00 7.499980e-01
1.920000e+00 1.892256e-01
1.950000e+00 3.702622e-01
1.980000e+00 1.906736e+00
2.010000e+00 9.616346e-01
2.040000e+00 9.911520e-01
2.070000e+00 1.332270e+00
2.100000e+00 1.653362e-01
2.130000e+00 9.801289e-01
2.160000e+00 1.010933e+00
2.190000e+00 5.949197e-01
2.220000e+00 3.453100e-01
2.250000e+00 8.471530e-02
2.280000e+00 5.210027e-02
2.310000e+00 1.773734e-01
2.340000e+00 1.113922e+00
2.370000e+00 1.185262e+00
2.400000e+00 5.150441e-01
2.430000e+00 4.438410e-01
2.460000e+00 1.698706e-01
2.490000e+00 3.829316e-02
2.520000e+00 1.278774e+00
2.550000e+00 1.818555e-01
2.580000e+00 3.148942e-01
2.610000e+00 1.454007e-01
2.640000e+00 1.036749e-01
2.670000e+00 1.451175e+00
2.700000e+00 1.122914e+00
2.730000e+00 2.895666e-01
2.760000e+00 4.235782e-02
2.790000e+00 3.675021e-01
2.820000e+00 5.644916e-02
2.850000e+00 1.349690e-02
2.880000e+00 6.259097e-02
2.910000e+00 1.837282e-01
2.940000e+00 1.789185e-01
2.970000e+00 1.032541e-01
