0.000000e+00 1.197432e+00
3.000000e-02 1.667940e+00
6.000000e-02 1.306000e+00
9.000000e-02 1.899243e+00
1.200000e-01 1.958290e+00
1.500000e-01 9.452504e-01
1.800000e-01 1.692372e+00
2.100000e-01 1.445745e+00
2.400000e-01 9.460056e-01
2.700000e-01 1.880550e+00
3.000000e-01 6.896037e-01
3.300000e-01 1.844914e+00
3.600000e-01 7.470520e-01
3.900000e-01 9.396446e-01
4.200000e-01 2.057645e+00
4.500000e-01 6.680123e-01
4.800000e-01 1.972459e+00
5.100000e-01 5.215340e-01
5.400000e-01 5.728408e-01
5.700000e-01 1.627751e+00
6.000000e-01 2.511403e-01
6.300000e-01 7.927453e-02
6.600000e-01 7.187292e-01
6.900000e-01 1.673013e+00
7.200000e-01 1.476333e+00
7.500000e-01 1.574407e+00
7.800000e-01 1.721616e+00
8.100000e-01 1.491648e+00
8.400000e-01 1.842485e+00
8.700000e-01 1.105394e+00
9.000000e-01 1.147944e+00
9.300000e-01 1.352474e+00
9.600000e-01 1.447527e+00
9.900000e-01 5.849577e-01
1.020000e+00 9.892665e-01
1.050000e+00 4.979138e-01
1.080000e+00 5.889046e-01
1.110000e+00 9.510432e-01
1.140000e+00 9.448306e-02
1.170000e+00 1.037627e+00
1.200000e+00 3.193037e-01
1.230000e+00 2.547699e-01
1.260000e+00 1.201012e+00
1.290000e+00 9.732856e-01
1.320000e+00 4.283059e-01
1.350000e+00 8.030510e-01
1.380000e+00 9.571721e-01
1.410000e+00 1.139507e+00
1.440000e+00 8.131959e-01
1.470000e+00 4.749896e-01
1.500000e+00 4.290680e-01
1.530000e+00 9.710748e-01
1.560000e+00 5.497282e-01
1.590000e+00 8.586740e-02
1.620000e+00 2.298347e-01
1.650000e+00 6.150684e-02
1.680000e+00 1.586076e-01
1.710000e+00 1.663926e+00
1.740000e+00 4.471556e-01
1.770000e+00 2.963102e-01
1.800000e+00 1.709994e+00
1.830000e+00 1.291282e+00
1.860000e+00 4.738815e-01
1.890000e+00 3.011567e-01
1.920000e+00 4.370532e-01
1.950000e+00 1.428371e+00
1.980000e+00 5.781791e-01
2.010000e+00 6.327231e-01
2.040000e+00 4.741533e-02
2.070000e+00 3.910728e-01
2.100000e+00 5.385585e-01
2.130000e+00 3.836564e-01
2.160000e+00 1.991667e-01
2.190000e+00 1.612907e+00
2.220000e+00 5.573969e-01
2.250000e+00 5.390972e-01
2.280000e+00 1.175056e+00
2.310000e+00 5.215764e-01
2.340000e+00 1.020462e+00
2.370000e+00 1.497963e-01
2.400000e+00 1.497738e+00
2.430000e+00 5.924213e-01
2.460000e+00 2.297777e-01
2.490000e+00 7.810434e-02
2.520000e+00 1.080204e-01
2.550000e+00 8.514355e-02
2.580000e+00 2.148131e-02
2.610000e+00 6.035129e-01
2.640000e+00 2.915090e-01
2.670000e+00 7.221948e-03
2.700000e+00 4.527843e-01
2.730000e+00 6.152043e-01
2.760000e+00 1.131923e+00
2.790000e+00 5.869095e-02
2.820000e+00 1.040717e-01
2.850000e+00 1.265581e+00
2.880000e+00 5.150391e-01
2.910000e+00 1.375969e+00
2.940000e+00 3.358871e-01
2.970000e+00 4.814299e-02
