0.000000e+00 1.197432e+00
3.000000e-02 2.732965e+00
6.000000e-02 2.051402e+00
9.000000e-02 2.267695e+00
1.200000e-01 1.620866e+00
1.500000e-01 5.838162e-01
1.800000e-01 5.705174e-01
2.100000e-01 1.820059e+00
2.400000e-01 9.975978e-01
2.700000e-01 1.699857e+00
3.000000e-01 1.960510e+00
3.300000e-01 2.214060e+00
3.600000e-01 1.869927e+00
3.900000e-01 2.352614e+00
4.200000e-01 1.770302e+00
4.500000e-01 1.155577e+00
4.800000e-01 1.028560e+00
5.100000e-01 9.743793e-01
5.400000e-01 1.325242e+00
5.700000e-01 1.134492e+00
6.000000e-01 4.606453e-01
6.300000e-01 9.742791e-01
6.600000e-01 1.791028e+00
6.900000e-01 1.981199e+00
7.200000e-01 9.251217e-01
7.500000e-01 1.972299e+00
7.800000e-01 1.917192e+00
8.100000e-01 1.697554e+00
8.400000e-01 1.133476e+00
8.700000e-01 1.547767e+00
9.000000e-01 1.921135e+00
9.300000e-01 1.243985e+00
9.600000e-01 1.472572e+00
9.900000e-01 9.130542e-01
1.020000e+00 1.551968e+00
1.050000e+00 1.871560e+00
1.080000e+00 1.495294e+00
1.110000e+00 1.638609e+00
1.140000e+00 4.929978e-01
1.170000e+00 1.431450e+00
1.200000e+00 7.871094e-01
1.230000e+00 4.822434e-01
1.260000e+00 4.780593e-01
1.290000e+00 1.821081e+00
1.320000e+00 1.115222e+00
1.350000e+00 1.759642e+00
1.380000e+00 2.959025e-01
1.410000e+00 4.593211e-02
1.440000e+00 2.408657e-01
1.470000e+00 1.905711e+00
1.500000e+00 4.257808e-01
1.530000e+00 1.251681e-01
1.560000e+00 3.388414e-01
1.590000e+00 8.235956e-01
1.620000e+00 1.913441e+00
1.650000e+00 1.990316e-01
1.680000e+00 6.086145e-01
1.710000e+00 2.205775e+00
1.740000e+00 3.724397e-03
1.770000e+00 1.919491e+00
1.800000e+00 8.794304e-01
1.830000e+00 2.469904e-01
1.860000e+00 5.762058e-01
1.890000e+00 9.913320e-01
1.920000e+00 3.062785e-01
1.950000e+00 2.720986e-01
1.980000e+00 8.478898e-02
2.010000e+00 1.060569e+00
2.040000e+00 9.005813e-01
2.070000e+00 7.292858e-01
2.100000e+00 1.272757e+00
2.130000e+00 7.023018e-01
2.160000e+00 3.157202e-01
2.190000e+00 3.604049e-01
2.220000e+00 1.569886e+00
2.250000e+00 1.197051e+00
2.280000e+00 8.468179e-01
2.310000e+00 2.645828e-01
2.340000e+00 1.985866e+00
2.370000e+00 5.440895e-01
2.400000e+00 4.756935e-01
2.430000e+00 1.685586e-01
2.460000e+00 6.152266e-01
2.490000e+00 8.363717e-02
2.520000e+00 1.966527e+00
2.550000e+00 1.178571e-01
2.580000e+00 1.102852e+00
2.610000e+00 6.338820e-02
2.640000e+00 3.232793e-03
2.670000e+00 7.212680e-03
2.700000e+00 1.089208e+00
2.730000e+00 4.443350e-02
2.760000e+00 4.568296e-02
2.790000e+00 1.132755e-01
2.820000e+00 1.122351e-01
2.850000e+00 4.112984e-02
2.880000e+00 6.584829e-02
2.910000e+00 1.454720e-03
2.940000e+00 6.094851e-02
2.970000e+00 5.941594e-02
