0.000000e+00 1.197432e+00
3.000000e-02 2.276180e+00
6.000000e-02 2.403968e+00
9.000000e-02 1.996904e+00
1.200000e-01 4.211889e-01
1.500000e-01 1.148517e+00
1.800000e-01 5.283418e-01
2.100000e-01 9.874645e-01
2.400000e-01 1.053623e+00
2.700000e-01 1.223635e+00
3.000000e-01 1.182287e+00
3.300000e-01 9.849425e-01
3.600000e-01 1.240511e+00
3.900000e-01 1.607724e+00
4.200000e-01 1.221191e+00
4.500000e-01 5.358839e-01
4.800000e-01 1.572515e+00
5.100000e-01 1.995200e+00
5.400000e-01 1.334682e+00
5.700000e-01 1.026799e+00
6.000000e-01 9.395396e-01
6.300000e-01 1.216656e+00
6.600000e-01 4.859776e-01
6.900000e-01 1.010930e+00
7.200000e-01 7.928142e-01
7.500000e-01 1.803811e+00
7.800000e-01 1.096236e+00
8.100000e-01 4.454966e-01
8.400000e-01 1.738152e+00
8.700000e-01 6.949691e-01
9.000000e-01 1.794667e+00
9.300000e-01 9.260494e-01
9.600000e-01 1.881224e+00
9.900000e-01 1.438237e+00
1.020000e+00 5.882201e-01
1.050000e+00 1.730253e+00
1.080000e+00 8.930920e-01
1.110000e+00 1.076776e+00
1.140000e+00 1.316721e+00
1.170000e+00 1.173283e+00
1.200000e+00 1.079181e+00
1.230000e+00 1.199120e+00
1.260000e+00 4.056590e-01
1.290000e+00 1.185339e+00
1.320000e+00 4.638857e-01
1.350000e+00 1.643355e+00
1.380000e+00 1.759613e+00
1.410000e+00 9.111358e-01
1.440000e+00 2.015240e+00
1.470000e+00 1.835915e+00
1.500000e+00 6.228920e-01
1.530000e+00 4.018082e-01
1.560000e+00 5.617071e-01
1.590000e+00 6.180545e-01
1.620000e+00 1.000576e+00
1.650000e+00 3.338768e-02
1.680000e+00 1.424650e+00
1.710000e+00 1.446520e+00
1.740000e+00 1.296019e+00
1.770000e+00 1.123342e+00
1.800000e+00 1.742354e+00
1.830000e+00 2.672348e-01
1.860000e+00 1.808856e-01
1.890000e+00 1.390314e-02
1.920000e+00 3.606407e-01
1.950000e+00 1.891796e-01
1.980000e+00 5.744998e-01
2.010000e+00 2.379352e-01
2.040000e+00 1.619945e+00
2.070000e+00 5.078744e-01
2.100000e+00 1.165167e-01
2.130000e+00 6.044890e-01
2.160000e+00 5.148791e-02
2.190000e+00 1.263826e+00
2.220000e+00 1.817520e-01
2.250000e+00 1.081505e+00
2.280000e+00 7.196805e-01
2.310000e+00 4.286931e-01
2.340000e+00 1.018928e+00
2.370000e+00 2.463647e-01
2.400000e+00 2.234358e-02
2.430000e+00 8.401230e-02
2.460000e+00 2.689941e-01
2.490000e+00 1.727239e-01
2.520000e+00 2.080033e-01
2.550000e+00 5.998938e-01
2.580000e+00 2.816887e-01
2.610000e+00 8.175064e-02
2.640000e+00 7.754883e-03
2.670000e+00 1.887883e-01
2.700000e+00 1.520421e-01
2.730000e+00 1.362396e+00
2.760000e+00 3.584334e-02
2.790000e+00 9.624798e-01
2.820000e+00 6.697808e-01
2.850000e+00 1.929977e-01
2.880000e+00 6.472485e-02
2.910000e+00 2.205504e-02
2.940000e+00 1.662160e-02
2.970000e+00 1.739970e+00
