0.000000e+00 1.197432e+00
3.000000e-02 1.940108e+00
6.000000e-02 1.293339e+00
9.000000e-02 2.045566e+00
1.200000e-01 1.446704e+00
1.500000e-01 2.174210e+00
1.800000e-01 1.978101e+00
2.100000e-01 1.793222e+00
2.400000e-01 2.000253e+00
2.700000e-01 2.128547e+00
3.000000e-01 1.040508e+00
3.300000e-01 1.841506e+00
3.600000e-01 2.778558e-01
3.900000e-01 8.207430e-01
4.200000e-01 1.934556e+00
4.500000e-01 1.814897e+00
4.800000e-01 1.206025e+00
5.100000e-01 1.726056e+00
5.400000e-01 8.758439e-01
5.700000e-01 1.050192e+00
6.000000e-01 1.706285e+00
6.300000e-01 5.471376e-01
6.600000e-01 5.716464e-01
6.900000e-01 5.663003e-01
7.200000e-01 6.742265e-01
7.500000e-01 7.686982e-01
7.800000e-01 1.154505e+00
8.100000e-01 2.020435e+00
8.400000e-01 5.514450e-01
8.700000e-01 1.712803e+00
9.000000e-01 2.946022e-01
9.300000e-01 4.440511e-01
9.600000e-01 2.965793e-01
9.900000e-01 4.551704e-01
1.020000e+00 1.370829e+00
1.050000e+00 9.801590e-01
1.080000e+00 8.403732e-01
1.110000e+00 4.990429e-01
1.140000e+00 1.414504e-01
1.170000e+00 3.923055e-01
1.200000e+00 9.228234e-01
1.230000e+00 1.829057e+00
1.260000e+00 8.236714e-01
1.290000e+00 3.292532e-01
1.320000e+00 4.699097e-01
1.350000e+00 6.785405e-01
1.380000e+00 1.725517e-01
1.410000e+00 1.343188e+00
1.440000e+00 1.323987e+00
1.470000e+00 1.677868e+00
1.500000e+00 1.383892e+00
1.530000e+00 1.081128e+00
1.560000e+00 6.382484e-01
1.590000e+00 3.719152e-01
1.620000e+00 5.606969e-01
1.650000e+00 3.944027e-01
1.680000e+00 6.149414e-01
1.710000e+00 2.054653e-01
1.740000e+00 9.430963e-01
1.770000e+00 1.038232e+00
1.800000e+00 6.028392e-01
1.830000e+00 7.293299e-01
1.860000e+00 1.552985e+00
1.890000e+00 2.119155e-01
1.920000e+00 6.889661e-02
1.950000e+00 1.156254e+00
1.980000e+00 1.198580e-01
2.010000e+00 5.111395e-01
2.040000e+00 7.201542e-01
2.070000e+00 7.025094e-01
2.100000e+00 2.136117e-01
2.130000e+00 4.042948e-02
2.160000e+00 1.277643e+00
2.190000e+00 1.719376e-01
2.220000e+00 4.552865e-01
2.250000e+00 1.295657e+00
2.280000e+00 3.285520e-01
2.310000e+00 3.595685e-01
2.340000e+00 4.747244e-01
2.370000e+00 2.094772e-01
2.400000e+00 6.102895e-03
2.430000e+00 1.618018e-01
2.460000e+00 1.156360e-01
2.490000e+00 1.273939e+00
2.520000e+00 2.536042e-01
2.550000e+00 2.781718e-01
2.580000e+00 4.910099e-01
2.610000e+00 1.793253e-01
2.640000e+00 8.896501e-02
2.670000e+00 3.394616e-02
2.700000e+00 8.550137e-01
2.730000e+00 2.158990e-01
2.760000e+00 5.057279e-01
2.790000e+00 1.850292e-01
2.820000e+00 8.487772e-01
2.850000e+00 1.024725e+00
2.880000e+00 3.087700e-02
2.910000e+00 6.694450e-01
2.940000e+00 4.905187e-02
2.970000e+00 9.824949e-02
