0.000000e+00 1.197432e+00
3.000000e-02 1.448112e+00
6.000000e-02 1.602361e+00
9.000000e-02 9.920579e-01
1.200000e-01 1.251238e+00
1.500000e-01 1.483253e+00
1.800000e-01 1.806216e+00
2.100000e-01 2.015894e+00
2.400000e-01 1.135293e+00
2.700000e-01 1.622931e+00
3.000000e-01 1.960994e+00
3.300000e-01 1.202953e+00
3.600000e-01 1.666832e+00
3.900000e-01 1.882300e+00
4.200000e-01 1.252007e+00
4.500000e-01 7.423802e-01
4.800000e-01 1.228094e+00
5.100000e-01 2.625380e+00
5.400000e-01 2.241823e+00
5.700000e-01 1.945203e+00
6.000000e-01 2.116030e+00
6.300000e-01 2.559993e+00
6.600000e-01 1.484691e+00
6.900000e-01 2.094085e+00
7.200000e-01 1.090505e+00
7.500000e-01 3.124379e-01
7.800000e-01 4.261378e-01
8.100000e-01 1.321140e+00
8.400000e-01 2.721868e-01
8.700000e-01 1.182670e+00
9.000000e-01 4.286256e-01
9.300000e-01 1.366020e+00
9.600000e-01 1.122406e+00
9.900000e-01 6.021218e-02
1.020000e+00 3.522268e-02
1.050000e+00 1.138522e-01
1.080000e+00 2.261785e-01
1.110000e+00 7.068371e-01
1.140000e+00 8.925359e-01
1.170000e+00 1.912875e+00
1.200000e+00 1.186696e+00
1.230000e+00 1.978289e+00
1.260000e+00 1.246346e+00
1.290000e+00 1.876876e+00
1.320000e+00 1.476447e+00
1.350000e+00 1.035940e+00
1.380000e+00 6.220520e-01
1.410000e+00 1.282632e+00
1.440000e+00 1.931905e+00
1.470000e+00 2.094608e-01
1.500000e+00 1.618456e+00
1.530000e+00 1.861409e+00
1.560000e+00 6.959869e-01
1.590000e+00 8.239664e-01
1.620000e+00 1.963472e+00
1.650000e+00 1.866500e+00
1.680000e+00 1.598347e+00
1.710000e+00 9.540974e-01
1.740000e+00 1.891271e+00
1.770000e+00 1.856174e+00
1.800000e+00 1.027397e+00
1.830000e+00 7.257772e-01
1.860000e+00 1.162808e+00
1.890000e+00 1.467012e+00
1.920000e+00 2.362724e-01
1.950000e+00 4.927916e-01
1.980000e+00 1.734861e+00
2.010000e+00 1.124059e+00
2.040000e+00 1.618903e+00
2.070000e+00 3.331768e-01
2.100000e+00 1.083991e+00
2.130000e+00 4.479964e-01
2.160000e+00 1.198955e+00
2.190000e+00 5.367036e-01
2.220000e+00 4.655383e-01
2.250000e+00 1.340002e+00
2.280000e+00 8.172549e-01
2.310000e+00 1.450263e-01
2.340000e+00 1.627351e+00
2.370000e+00 3.530850e-01
2.400000e+00 8.312771e-02
2.430000e+00 1.085336e-01
2.460000e+00 4.617638e-01
2.490000e+00 2.468215e-01
2.520000e+00 9.663714e-02
2.550000e+00 5.345216e-01
2.580000e+00 1.183058e+00
2.610000e+00 1.100278e-01
2.640000e+00 3.160459e-01
2.670000e+00 9.246950e-02
2.700000e+00 1.734581e-01
2.730000e+00 1.252029e+00
2.760000e+00 6.323416e-02
2.790000e+00 1.375708e-01
2.820000e+00 1.726144e-02
2.850000e+00 1.641415e-02
2.880000e+00 1.004724e-01
2.910000e+00 1.051070e+00
2.940000e+00 5.929009e-03
2.970000e+00 7.076223e-01
