0.000000e+00 1.197432e+00
3.000000e-02 1.622778e+00
6.000000e-02 1.611931e+00
9.000000e-02 1.997061e+00
1.200000e-01 1.156739e+00
1.500000e-01 1.180669e+00
1.800000e-01 1.079726e+00
2.100000e-01 7.913536e-01
2.400000e-01 7.288887e-01
2.700000e-01 1.395499e+00
3.000000e-01 6.263162e-01
3.300000e-01 1.515203e+00
3.600000e-01 1.534446e+00
3.900000e-01 1.276328e+00
4.200000e-01 1.271540e+00
4.500000e-01 6.794714e-01
4.800000e-01 1.352153e+00
5.100000e-01 1.715953e+00
5.400000e-01 1.290777e+00
5.700000e-01 1.832570e+00
6.000000e-01 1.331626e+00
6.300000e-01 1.795315e+00
6.600000e-01 1.267837e+00
6.900000e-01 1.475686e+00
7.200000e-01 1.557957e+00
7.500000e-01 7.899015e-01
7.800000e-01 8.170176e-01
8.100000e-01 9.831733e-01
8.400000e-01 2.038302e+00
8.700000e-01 9.616548e-02
9.000000e-01 1.112339e-01
9.300000e-01 1.105908e-01
9.600000e-01 8.791330e-01
9.900000e-01 8.126751e-01
1.020000e+00 1.289607e+00
1.050000e+00 2.790158e-01
1.080000e+00 2.969586e-01
1.110000e+00 5.358842e-01
1.140000e+00 1.361187e-01
1.170000e+00 2.288731e-01
1.200000e+00 4.732212e-01
1.230000e+00 3.041977e-01
1.260000e+00 1.568211e+00
1.290000e+00 1.533280e-01
1.320000e+00 1.056625e+00
1.350000e+00 7.306439e-01
1.380000e+00 3.913363e-01
1.410000e+00 9.478180e-01
1.440000e+00 6.466410e-01
1.470000e+00 8.954917e-01
1.500000e+00 8.577976e-02
1.530000e+00 9.550748e-01
1.560000e+00 8.007465e-01
1.590000e+00 9.383471e-01
1.620000e+00 1.144868e+00
1.650000e+00 9.865820e-01
1.680000e+00 8.708166e-01
1.710000e+00 1.285684e+00
1.740000e+00 1.946482e-01
1.770000e+00 2.827541e-01
1.800000e+00 7.073506e-01
1.830000e+00 1.560858e+00
1.860000e+00 7.446523e-01
1.890000e+00 1.800664e+00
1.920000e+00 2.469368e-01
1.950000e+00 1.732488e-01
1.980000e+00 1.075739e+00
2.010000e+00 1.263884e+00
2.040000e+00 3.318186e-01
2.070000e+00 2.742800e-01
2.100000e+00 1.448347e+00
2.130000e+00 6.169431e-01
2.160000e+00 1.450888e+00
2.190000e+00 1.275733e+00
2.220000e+00 1.560456e+00
2.250000e+00 5.779507e-01
2.280000e+00 1.150498e+00
2.310000e+00 1.473148e-01
2.340000e+00 1.664018e+00
2.370000e+00 9.083582e-01
2.400000e+00 1.062527e+00
2.430000e+00 3.947743e-01
2.460000e+00 1.028291e-01
2.490000e+00 7.882450e-02
2.520000e+00 3.005675e-01
2.550000e+00 1.396332e-01
2.580000e+00 7.129311e-02
2.610000e+00 4.418951e-01
2.640000e+00 2.157583e-02
2.670000e+00 1.180727e+00
2.700000e+00 4.467535e-02
2.730000e+00 1.693813e+00
2.760000e+00 6.838145e-01
2.790000e+00 2.432569e-01
2.820000e+00 2.188256e-01
2.850000e+00 2.071669e-02
2.880000e+00 1.850849e-02
2.910000e+00 1.286284e-01
2.940000e+00 9.510808e-02
2.970000e+00 3.461721e-01
