0.000000e+00 9.218645e-01
3.000000e-02 1.170080e+00
6.000000e-02 2.060431e+00
9.000000e-02 2.030866e+00
1.200000e-01 2.277898e+00
1.500000e-01 1.654405e+00
1.800000e-01 1.040550e+00
2.100000e-01 8.445154e-01
2.400000e-01 6.871586e-01
2.700000e-01 5.554126e-01
3.000000e-01 4.836743e-01
3.300000e-01 8.325863e-01
3.600000e-01 1.983724e+00
3.900000e-01 9.690138e-01
4.200000e-01 5.969634e-01
4.500000e-01 4.501041e-01
4.800000e-01 4.305064e-01
5.100000e-01 5.489564e-01
5.400000e-01 8.150174e-01
5.700000e-01 1.136959e+00
6.000000e-01 1.307661e+00
6.300000e-01 1.321907e+00
6.600000e-01 1.424278e+00
6.900000e-01 1.835280e+00
7.200000e-01 2.129988e+00
7.500000e-01 2.128461e+00
7.800000e-01 2.118062e+00
8.100000e-01 2.057785e+00
8.400000e-01 1.803269e+00
8.700000e-01 1.654541e+00
9.000000e-01 1.636872e+00
9.300000e-01 1.708891e+00
9.600000e-01 1.841397e+00
9.900000e-01 1.967047e+00
1.020000e+00 1.953318e+00
1.050000e+00 1.687228e+00
1.080000e+00 1.506180e+00
1.110000e+00 1.388748e+00
1.140000e+00 1.282466e+00
1.170000e+00 1.205902e+00
1.200000e+00 1.178603e+00
1.230000e+00 1.226939e+00
1.260000e+00 1.394632e+00
1.290000e+00 1.695029e+00
1.320000e+00 1.669619e+00
1.350000e+00 9.292090e-01
1.380000e+00 5.215691e-01
1.410000e+00 4.954311e-01
1.440000e+00 7.899772e-01
1.470000e+00 1.741511e+00
1.500000e+00 1.686210e+00
1.530000e+00 1.229872e+00
1.560000e+00 1.243679e+00
1.590000e+00 1.318934e+00
1.620000e+00 1.338948e+00
1.650000e+00 1.342411e+00
1.680000e+00 1.374206e+00
1.710000e+00 1.430927e+00
1.740000e+00 1.488021e+00
1.770000e+00 1.567753e+00
1.800000e+00 1.740698e+00
1.830000e+00 1.966223e+00
1.860000e+00 1.938693e+00
1.890000e+00 1.569449e+00
1.920000e+00 1.084322e+00
1.950000e+00 6.117515e-01
1.980000e+00 3.244378e-01
2.010000e+00 2.258936e-01
2.040000e+00 2.684920e-01
2.070000e+00 6.840447e-01
2.100000e+00 2.043706e+00
2.130000e+00 1.337473e+00
2.160000e+00 1.346886e+00
2.190000e+00 1.486678e+00
2.220000e+00 1.054803e+00
2.250000e+00 5.050880e-01
2.280000e+00 4.680414e-01
2.310000e+00 6.070520e-01
2.340000e+00 8.523745e-01
2.370000e+00 1.226715e+00
2.400000e+00 6.212872e-01
2.430000e+00 1.304864e+00
2.460000e+00 7.101869e-01
2.490000e+00 4.237446e-01
2.520000e+00 3.108626e-01
2.550000e+00 2.867708e-01
2.580000e+00 3.249898e-01
2.610000e+00 4.117595e-01
2.640000e+00 4.835959e-01
2.670000e+00 5.348953e-01
2.700000e+00 7.441709e-01
2.730000e+00 3.859615e-01
2.760000e+00 5.942104e-01
2.790000e+00 3.492833e-01
2.820000e+00 7.407154e-01
2.850000e+00 1.839242e+00
2.880000e+00 9.135354e-01
2.910000e+00 9.430392e-01
2.940000e+00 6.355998e-01
2.970000e+00 9.790336e-01
