0.000000e+00 9.218645e-01
3.000000e-02 1.624283e+00
6.000000e-02 1.874205e+00
9.000000e-02 1.775226e+00
1.200000e-01 1.642795e+00
1.500000e-01 1.491464e+00
1.800000e-01 1.399091e+00
2.100000e-01 1.408524e+00
2.400000e-01 1.490483e+00
2.700000e-01 1.589187e+00
3.000000e-01 1.671750e+00
3.300000e-01 1.727322e+00
3.600000e-01 1.745853e+00
3.900000e-01 1.724331e+00
4.200000e-01 1.669050e+00
4.500000e-01 1.590340e+00
4.800000e-01 1.515549e+00
5.100000e-01 1.524508e+00
5.400000e-01 1.740116e+00
5.700000e-01 2.091794e+00
6.000000e-01 2.193016e+00
6.300000e-01 2.093271e+00
6.600000e-01 2.030056e+00
6.900000e-01 2.027900e+00
7.200000e-01 2.038259e+00
7.500000e-01 2.022200e+00
7.800000e-01 1.960910e+00
8.100000e-01 1.849498e+00
8.400000e-01 1.691525e+00
8.700000e-01 1.495840e+00
9.000000e-01 1.276040e+00
9.300000e-01 1.051155e+00
9.600000e-01 8.463567e-01
9.900000e-01 6.936795e-01
1.020000e+00 6.332536e-01
1.050000e+00 7.432609e-01
1.080000e+00 1.306177e+00
1.110000e+00 1.840063e+00
1.140000e+00 1.042242e+00
1.170000e+00 6.999971e-01
1.200000e+00 6.088710e-01
1.230000e+00 6.420450e-01
1.260000e+00 7.947228e-01
1.290000e+00 1.069210e+00
1.320000e+00 1.318233e+00
1.350000e+00 1.347061e+00
1.380000e+00 1.294800e+00
1.410000e+00 1.113869e+00
1.440000e+00 1.030035e+00
1.470000e+00 1.359546e+00
1.500000e+00 8.389460e-01
1.530000e+00 4.429148e-01
1.560000e+00 3.173806e-01
1.590000e+00 2.842271e-01
1.620000e+00 3.038181e-01
1.650000e+00 3.640483e-01
1.680000e+00 4.509875e-01
1.710000e+00 5.829189e-01
1.740000e+00 9.133819e-01
1.770000e+00 1.702705e+00
1.800000e+00 1.582582e+00
1.830000e+00 1.504845e+00
1.860000e+00 1.538977e+00
1.890000e+00 7.452090e-01
1.920000e+00 5.567472e-01
1.950000e+00 6.106838e-01
1.980000e+00 1.952459e+00
2.010000e+00 3.482147e-01
2.040000e+00 6.518139e-01
2.070000e+00 1.103790e+00
2.100000e+00 1.458877e+00
2.130000e+00 7.897795e-01
2.160000e+00 5.205721e-01
2.190000e+00 4.890880e-01
2.220000e+00 1.437309e+00
2.250000e+00 7.159816e-01
2.280000e+00 1.653491e+00
2.310000e+00 5.186025e-01
2.340000e+00 2.087211e-01
2.370000e+00 3.145119e-01
2.400000e+00 7.188390e-01
2.430000e+00 2.118231e+00
2.460000e+00 1.602421e+00
2.490000e+00 1.758859e+00
2.520000e+00 1.332238e+00
2.550000e+00 1.643209e+00
2.580000e+00 3.940372e-01
2.610000e+00 5.696728e-01
2.640000e+00 9.170068e-01
2.670000e+00 3.769607e-01
2.700000e+00 6.622523e-01
2.730000e+00 1.752063e+00
2.760000e+00 1.648111e+00
2.790000e+00 1.192861e+00
2.820000e+00 1.881247e+00
2.850000e+00 8.978853e-01
2.880000e+00 4.126150e-01
2.910000e+00 3.250869e-01
2.940000e+00 2.885041e-01
2.970000e+00 1.044872e+00
