0.000000e+00 9.218645e-01
3.000000e-02 7.198542e-01
6.000000e-02 1.355924e+00
9.000000e-02 1.862603e+00
1.200000e-01 1.948608e+00
1.500000e-01 1.843865e+00
1.800000e-01 1.702015e+00
2.100000e-01 1.594735e+00
2.400000e-01 1.508875e+00
2.700000e-01 1.384657e+00
3.000000e-01 1.250278e+00
3.300000e-01 1.206392e+00
3.600000e-01 1.341957e+00
3.900000e-01 1.733498e+00
4.200000e-01 2.057772e+00
4.500000e-01 1.757374e+00
4.800000e-01 1.458720e+00
5.100000e-01 1.405687e+00
5.400000e-01 1.508507e+00
5.700000e-01 1.694482e+00
6.000000e-01 1.900344e+00
6.300000e-01 2.058432e+00
6.600000e-01 2.137916e+00
6.900000e-01 2.153377e+00
7.200000e-01 2.130272e+00
7.500000e-01 2.092922e+00
7.800000e-01 2.093188e+00
8.100000e-01 2.098682e+00
8.400000e-01 1.807427e+00
8.700000e-01 1.458543e+00
9.000000e-01 1.252356e+00
9.300000e-01 1.186899e+00
9.600000e-01 1.156333e+00
9.900000e-01 1.050464e+00
1.020000e+00 8.267902e-01
1.050000e+00 5.896446e-01
1.080000e+00 4.791097e-01
1.110000e+00 6.297269e-01
1.140000e+00 1.387426e+00
1.170000e+00 1.479540e+00
1.200000e+00 8.256442e-01
1.230000e+00 7.266491e-01
1.260000e+00 1.024681e+00
1.290000e+00 1.578662e+00
1.320000e+00 1.939560e+00
1.350000e+00 1.875575e+00
1.380000e+00 1.291326e+00
1.410000e+00 4.644899e-01
1.440000e+00 4.424935e-01
1.470000e+00 1.163836e+00
1.500000e+00 1.949189e+00
1.530000e+00 1.477971e+00
1.560000e+00 1.197277e+00
1.590000e+00 1.227944e+00
1.620000e+00 1.692387e+00
1.650000e+00 1.909152e+00
1.680000e+00 1.871184e+00
1.710000e+00 3.294963e-01
1.740000e+00 3.999377e-01
1.770000e+00 9.421932e-01
1.800000e+00 1.595302e+00
1.830000e+00 4.896602e-01
1.860000e+00 8.572397e-01
1.890000e+00 7.643458e-01
1.920000e+00 5.495236e-01
1.950000e+00 7.355807e-01
1.980000e+00 1.519717e+00
2.010000e+00 3.533884e-01
2.040000e+00 7.379599e-01
2.070000e+00 2.195068e+00
2.100000e+00 7.667188e-01
2.130000e+00 1.103862e+00
2.160000e+00 6.767258e-01
2.190000e+00 9.174870e-01
2.220000e+00 1.467554e+00
2.250000e+00 1.913847e+00
2.280000e+00 1.618516e+00
2.310000e+00 1.778073e+00
2.340000e+00 1.793438e+00
2.370000e+00 1.471587e+00
2.400000e+00 1.787611e+00
2.430000e+00 2.778048e+00
2.460000e+00 2.082674e+00
2.490000e+00 2.157768e+00
2.520000e+00 1.399118e+00
2.550000e+00 1.286322e+00
2.580000e+00 1.453036e+00
2.610000e+00 1.911706e+00
2.640000e+00 4.509164e-01
2.670000e+00 1.100389e+00
2.700000e+00 1.735048e+00
2.730000e+00 5.976966e-01
2.760000e+00 1.410143e+00
2.790000e+00 1.556044e+00
2.820000e+00 1.048417e+00
2.850000e+00 8.776726e-01
2.880000e+00 1.403628e+00
2.910000e+00 1.513643e+00
2.940000e+00 6.765100e-01
2.970000e+00 5.582237e-01
