0.000000e+00 9.218645e-01
3.000000e-02 8.409590e-01
6.000000e-02 2.032135e+00
9.000000e-02 2.000546e+00
1.200000e-01 1.696021e+00
1.500000e-01 1.516150e+00
1.800000e-01 1.394976e+00
2.100000e-01 1.213343e+00
2.400000e-01 9.907090e-01
2.700000e-01 1.134705e+00
3.000000e-01 1.459368e+00
3.300000e-01 1.787116e+00
3.600000e-01 1.945827e+00
3.900000e-01 1.970649e+00
4.200000e-01 1.884960e+00
4.500000e-01 1.437948e+00
4.800000e-01 1.358432e+00
5.100000e-01 1.488622e+00
5.400000e-01 1.726887e+00
5.700000e-01 1.890010e+00
6.000000e-01 1.936519e+00
6.300000e-01 1.912073e+00
6.600000e-01 1.843243e+00
6.900000e-01 1.760984e+00
7.200000e-01 1.683026e+00
7.500000e-01 1.565359e+00
7.800000e-01 1.340103e+00
8.100000e-01 1.386211e+00
8.400000e-01 2.088860e+00
8.700000e-01 2.252460e+00
9.000000e-01 2.167768e+00
9.300000e-01 2.019041e+00
9.600000e-01 1.853641e+00
9.900000e-01 1.713850e+00
1.020000e+00 1.652148e+00
1.050000e+00 1.695272e+00
1.080000e+00 1.814067e+00
1.110000e+00 2.010674e+00
1.140000e+00 2.392208e+00
1.170000e+00 1.526051e+00
1.200000e+00 1.474751e+00
1.230000e+00 1.650111e+00
1.260000e+00 1.850079e+00
1.290000e+00 1.126749e+00
1.320000e+00 1.193166e+00
1.350000e+00 1.296105e+00
1.380000e+00 1.296332e+00
1.410000e+00 1.270306e+00
1.440000e+00 1.412060e+00
1.470000e+00 1.935263e+00
1.500000e+00 8.427162e-01
1.530000e+00 4.853857e-01
1.560000e+00 3.762890e-01
1.590000e+00 3.127252e-01
1.620000e+00 2.589265e-01
1.650000e+00 2.066757e-01
1.680000e+00 1.641181e-01
1.710000e+00 1.552430e-01
1.740000e+00 2.122234e-01
1.770000e+00 3.764063e-01
1.800000e+00 7.110791e-01
1.830000e+00 9.745285e-01
1.860000e+00 7.528269e-01
1.890000e+00 8.656995e-01
1.920000e+00 6.747412e-01
1.950000e+00 4.973274e-01
1.980000e+00 8.294364e-01
2.010000e+00 1.223869e+00
2.040000e+00 1.320408e+00
2.070000e+00 1.354237e+00
2.100000e+00 2.014800e+00
2.130000e+00 1.069110e+00
2.160000e+00 2.645159e-01
2.190000e+00 1.868378e-01
2.220000e+00 2.782457e-01
2.250000e+00 6.068745e-01
2.280000e+00 1.425911e+00
2.310000e+00 2.053988e+00
2.340000e+00 1.367409e+00
2.370000e+00 7.737520e-01
2.400000e+00 3.671495e-01
2.430000e+00 2.314149e-01
2.460000e+00 8.431482e-01
2.490000e+00 7.536668e-01
2.520000e+00 1.366434e+00
2.550000e+00 1.831185e+00
2.580000e+00 1.619569e+00
2.610000e+00 1.704296e+00
2.640000e+00 1.621887e+00
2.670000e+00 1.187542e+00
2.700000e+00 5.847794e-01
2.730000e+00 3.945947e-01
2.760000e+00 3.891045e-01
2.790000e+00 3.291207e-01
2.820000e+00 1.627463e-01
2.850000e+00 1.320717e-01
2.880000e+00 1.808672e-01
2.910000e+00 5.253059e-01
2.940000e+00 3.409512e-01
2.970000e+00 1.756566e+00
