0.000000e+00 9.218645e-01
3.000000e-02 1.087716e+00
6.000000e-02 1.299087e+00
9.000000e-02 1.542936e+00
1.200000e-01 1.617511e+00
1.500000e-01 1.635326e+00
1.800000e-01 2.212849e+00
2.100000e-01 1.663117e+00
2.400000e-01 1.389460e+00
2.700000e-01 1.629424e+00
3.000000e-01 1.786406e+00
3.300000e-01 1.862764e+00
3.600000e-01 1.919515e+00
3.900000e-01 2.011086e+00
4.200000e-01 2.177094e+00
4.500000e-01 2.426404e+00
4.800000e-01 2.674200e+00
5.100000e-01 2.755072e+00
5.400000e-01 2.742612e+00
5.700000e-01 2.627205e+00
6.000000e-01 1.685281e+00
6.300000e-01 1.544609e+00
6.600000e-01 2.168110e+00
6.900000e-01 1.612829e+00
7.200000e-01 1.228077e+00
7.500000e-01 1.126510e+00
7.800000e-01 1.304957e+00
8.100000e-01 1.693313e+00
8.400000e-01 2.778354e+00
8.700000e-01 2.271044e+00
9.000000e-01 1.977643e+00
9.300000e-01 1.878207e+00
9.600000e-01 1.954225e+00
9.900000e-01 2.026731e+00
1.020000e+00 1.711990e+00
1.050000e+00 1.626858e+00
1.080000e+00 1.991486e+00
1.110000e+00 1.851093e+00
1.140000e+00 1.292599e+00
1.170000e+00 9.029680e-01
1.200000e+00 7.181604e-01
1.230000e+00 7.434843e-01
1.260000e+00 1.219260e+00
1.290000e+00 1.051455e+00
1.320000e+00 7.602147e-01
1.350000e+00 8.606419e-01
1.380000e+00 1.190303e+00
1.410000e+00 1.400182e+00
1.440000e+00 1.363827e+00
1.470000e+00 1.225875e+00
1.500000e+00 1.105352e+00
1.530000e+00 1.110118e+00
1.560000e+00 1.245963e+00
1.590000e+00 1.112138e+00
1.620000e+00 8.149332e-01
1.650000e+00 5.654441e-01
1.680000e+00 6.732311e-01
1.710000e+00 8.855574e-01
1.740000e+00 4.390086e-01
1.770000e+00 6.470902e-01
1.800000e+00 1.756367e+00
1.830000e+00 9.553764e-01
1.860000e+00 8.442664e-01
1.890000e+00 1.001780e+00
1.920000e+00 1.110056e+00
1.950000e+00 1.529902e+00
1.980000e+00 6.336142e-01
2.010000e+00 4.809998e-01
2.040000e+00 5.986120e-01
2.070000e+00 1.101090e+00
2.100000e+00 1.852781e+00
2.130000e+00 1.753897e+00
2.160000e+00 1.452663e+00
2.190000e+00 1.056358e+00
2.220000e+00 7.887440e-01
2.250000e+00 8.682717e-01
2.280000e+00 1.444938e+00
2.310000e+00 1.226139e+00
2.340000e+00 5.774612e-01
2.370000e+00 4.244101e-01
2.400000e+00 1.776812e+00
2.430000e+00 2.033707e-01
2.460000e+00 2.850224e-01
2.490000e+00 6.942876e-01
2.520000e+00 1.324883e+00
2.550000e+00 6.321099e-01
2.580000e+00 1.459318e+00
2.610000e+00 9.641612e-01
2.640000e+00 7.079916e-01
2.670000e+00 6.279279e-01
2.700000e+00 3.764212e-01
2.730000e+00 5.930290e-01
2.760000e+00 5.519048e-01
2.790000e+00 9.733807e-01
2.820000e+00 6.786534e-01
2.850000e+00 1.559830e+00
2.880000e+00 1.670050e+00
2.910000e+00 1.275131e+00
2.940000e+00 1.945096e+00
2.970000e+00 1.311110e+00
