0.000000e+00 9.218645e-01
3.000000e-02 7.266025e-01
6.000000e-02 2.093682e+00
9.000000e-02 2.252233e+00
1.200000e-01 2.080243e+00
1.500000e-01 1.783353e+00
1.800000e-01 1.285456e+00
2.100000e-01 9.206655e-01
2.400000e-01 7.761142e-01
2.700000e-01 7.522315e-01
3.000000e-01 7.823604e-01
3.300000e-01 8.316197e-01
3.600000e-01 8.845256e-01
3.900000e-01 9.598426e-01
4.200000e-01 1.174012e+00
4.500000e-01 1.749167e+00
4.800000e-01 2.205357e+00
5.100000e-01 2.123514e+00
5.400000e-01 1.976815e+00
5.700000e-01 1.879350e+00
6.000000e-01 1.812745e+00
6.300000e-01 1.766351e+00
6.600000e-01 1.737218e+00
6.900000e-01 1.703854e+00
7.200000e-01 1.624282e+00
7.500000e-01 1.470409e+00
7.800000e-01 1.252572e+00
8.100000e-01 1.014785e+00
8.400000e-01 8.086092e-01
8.700000e-01 6.659290e-01
9.000000e-01 5.938724e-01
9.300000e-01 5.986901e-01
9.600000e-01 7.818030e-01
9.900000e-01 1.727549e+00
1.020000e+00 1.622609e+00
1.050000e+00 1.264106e+00
1.080000e+00 1.353320e+00
1.110000e+00 1.740285e+00
1.140000e+00 2.193443e+00
1.170000e+00 2.189998e+00
1.200000e+00 1.967943e+00
1.230000e+00 1.928713e+00
1.260000e+00 2.208134e+00
1.290000e+00 2.333831e+00
1.320000e+00 2.236042e+00
1.350000e+00 2.095654e+00
1.380000e+00 1.986831e+00
1.410000e+00 1.981934e+00
1.440000e+00 2.005599e+00
1.470000e+00 1.898430e+00
1.500000e+00 1.591873e+00
1.530000e+00 1.234081e+00
1.560000e+00 9.864629e-01
1.590000e+00 9.001177e-01
1.620000e+00 1.001126e+00
1.650000e+00 1.185243e+00
1.680000e+00 1.142898e+00
1.710000e+00 1.275439e+00
1.740000e+00 3.032765e-01
1.770000e+00 7.548570e-01
1.800000e+00 1.585800e+00
1.830000e+00 5.553051e-01
1.860000e+00 8.193073e-01
1.890000e+00 1.366174e+00
1.920000e+00 1.486022e+00
1.950000e+00 1.239991e+00
1.980000e+00 1.582021e+00
2.010000e+00 8.717154e-01
2.040000e+00 7.445140e-01
2.070000e+00 8.241723e-01
2.100000e+00 1.056427e+00
2.130000e+00 1.253575e+00
2.160000e+00 6.196290e-01
2.190000e+00 3.964680e-01
2.220000e+00 3.003866e-01
2.250000e+00 1.851187e-01
2.280000e+00 9.490817e-02
2.310000e+00 7.777388e-01
2.340000e+00 1.586398e-01
2.370000e+00 1.310591e-01
2.400000e+00 8.948001e-01
2.430000e+00 1.961083e-01
2.460000e+00 9.464382e-02
2.490000e+00 4.228013e-01
2.520000e+00 7.093252e-01
2.550000e+00 1.220479e+00
2.580000e+00 1.130869e+00
2.610000e+00 7.393906e-01
2.640000e+00 1.631198e+00
2.670000e+00 6.233630e-01
2.700000e+00 4.760769e-01
2.730000e+00 2.011391e+00
2.760000e+00 1.158733e+00
2.790000e+00 2.626562e-01
2.820000e+00 1.385670e-01
2.850000e+00 1.596541e-01
2.880000e+00 2.998764e-01
2.910000e+00 9.665994e-01
2.940000e+00 2.079177e+00
2.970000e+00 2.899327e-01
