0.000000e+00 9.218645e-01
3.000000e-02 8.376497e-01
6.000000e-02 1.541750e+00
9.000000e-02 1.559350e+00
1.200000e-01 1.961743e+00
1.500000e-01 1.851759e+00
1.800000e-01 1.736946e+00
2.100000e-01 1.548523e+00
2.400000e-01 1.313546e+00
2.700000e-01 1.127259e+00
3.000000e-01 1.007959e+00
3.300000e-01 9.181147e-01
3.600000e-01 8.569198e-01
3.900000e-01 1.050000e+00
4.200000e-01 1.425330e+00
4.500000e-01 1.413774e+00
4.800000e-01 1.683597e+00
5.100000e-01 1.891513e+00
5.400000e-01 2.014117e+00
5.700000e-01 2.049489e+00
6.000000e-01 2.013662e+00
6.300000e-01 1.931415e+00
6.600000e-01 1.792988e+00
6.900000e-01 1.522321e+00
7.200000e-01 1.410826e+00
7.500000e-01 1.866033e+00
7.800000e-01 2.140087e+00
8.100000e-01 2.120515e+00
8.400000e-01 2.042966e+00
8.700000e-01 2.022972e+00
9.000000e-01 2.060830e+00
9.300000e-01 2.052990e+00
9.600000e-01 1.962352e+00
9.900000e-01 1.894988e+00
1.020000e+00 1.863713e+00
1.050000e+00 1.843758e+00
1.080000e+00 1.819376e+00
1.110000e+00 1.785950e+00
1.140000e+00 1.750222e+00
1.170000e+00 1.731464e+00
1.200000e+00 1.754422e+00
1.230000e+00 1.808906e+00
1.260000e+00 1.778060e+00
1.290000e+00 1.555130e+00
1.320000e+00 1.321498e+00
1.350000e+00 1.371687e+00
1.380000e+00 1.758188e+00
1.410000e+00 1.747677e+00
1.440000e+00 1.210679e+00
1.470000e+00 9.057277e-01
1.500000e+00 1.100893e+00
1.530000e+00 1.262611e+00
1.560000e+00 1.265224e+00
1.590000e+00 1.263562e+00
1.620000e+00 1.036512e+00
1.650000e+00 5.342466e-01
1.680000e+00 4.073415e-01
1.710000e+00 4.171498e-01
1.740000e+00 4.726598e-01
1.770000e+00 5.731872e-01
1.800000e+00 7.557904e-01
1.830000e+00 1.112969e+00
1.860000e+00 1.157703e+00
1.890000e+00 4.249572e-01
1.920000e+00 3.799578e-01
1.950000e+00 4.631586e-01
1.980000e+00 5.571480e-01
2.010000e+00 6.456056e-01
2.040000e+00 7.266748e-01
2.070000e+00 8.164456e-01
2.100000e+00 9.871504e-01
2.130000e+00 1.666179e+00
2.160000e+00 2.654845e-01
2.190000e+00 2.692360e-01
2.220000e+00 3.452285e-01
2.250000e+00 4.304960e-01
2.280000e+00 7.208576e-01
2.310000e+00 8.133644e-01
2.340000e+00 1.112367e+00
2.370000e+00 1.600464e+00
2.400000e+00 2.307611e+00
2.430000e+00 2.040759e+00
2.460000e+00 1.673107e+00
2.490000e+00 7.184338e-01
2.520000e+00 4.631164e-01
2.550000e+00 5.873385e-01
2.580000e+00 4.008585e-01
2.610000e+00 1.866836e-01
2.640000e+00 1.377213e-01
2.670000e+00 1.689247e-01
2.700000e+00 4.576126e-01
2.730000e+00 1.263537e+00
2.760000e+00 1.769940e+00
2.790000e+00 2.052256e+00
2.820000e+00 1.905296e+00
2.850000e+00 2.016304e+00
2.880000e+00 8.727696e-01
2.910000e+00 7.729041e-01
2.940000e+00 1.131052e+00
2.970000e+00 7.724591e-01
