0.000000e+00 9.218645e-01
3.000000e-02 7.850539e-01
6.000000e-02 2.072928e+00
9.000000e-02 1.982939e+00
1.200000e-01 1.810522e+00
1.500000e-01 1.714736e+00
1.800000e-01 1.652632e+00
2.100000e-01 1.780037e+00
2.400000e-01 1.979921e+00
2.700000e-01 1.706447e+00
3.000000e-01 1.732257e+00
3.300000e-01 1.979493e+00
3.600000e-01 2.219028e+00
3.900000e-01 1.921109e+00
4.200000e-01 1.560341e+00
4.500000e-01 1.438189e+00
4.800000e-01 1.454687e+00
5.100000e-01 1.538485e+00
5.400000e-01 1.637295e+00
5.700000e-01 1.708206e+00
6.000000e-01 1.718487e+00
6.300000e-01 1.684050e+00
6.600000e-01 1.664547e+00
6.900000e-01 1.677193e+00
7.200000e-01 1.712854e+00
7.500000e-01 1.775036e+00
7.800000e-01 1.870153e+00
8.100000e-01 1.981509e+00
8.400000e-01 2.100085e+00
8.700000e-01 2.245712e+00
9.000000e-01 2.426181e+00
9.300000e-01 2.616057e+00
9.600000e-01 2.772690e+00
9.900000e-01 2.854847e+00
1.020000e+00 2.840868e+00
1.050000e+00 2.743900e+00
1.080000e+00 2.598746e+00
1.110000e+00 2.436483e+00
1.140000e+00 2.277465e+00
1.170000e+00 2.136178e+00
1.200000e+00 2.023233e+00
1.230000e+00 1.943306e+00
1.260000e+00 1.893413e+00
1.290000e+00 1.864106e+00
1.320000e+00 1.843476e+00
1.350000e+00 1.822348e+00
1.380000e+00 1.798590e+00
1.410000e+00 1.777528e+00
1.440000e+00 1.765213e+00
1.470000e+00 1.754638e+00
1.500000e+00 1.715186e+00
1.530000e+00 1.612549e+00
1.560000e+00 1.468998e+00
1.590000e+00 1.375417e+00
1.620000e+00 1.386558e+00
1.650000e+00 1.451979e+00
1.680000e+00 1.471161e+00
1.710000e+00 1.364147e+00
1.740000e+00 1.133994e+00
1.770000e+00 9.113830e-01
1.800000e+00 7.851819e-01
1.830000e+00 6.902650e-01
1.860000e+00 5.621032e-01
1.890000e+00 4.292890e-01
1.920000e+00 3.677367e-01
1.950000e+00 4.551350e-01
1.980000e+00 9.480473e-01
2.010000e+00 6.035650e-01
2.040000e+00 3.737502e-01
2.070000e+00 5.186363e-01
2.100000e+00 8.004247e-01
2.130000e+00 1.250663e+00
2.160000e+00 1.743170e+00
2.190000e+00 1.194016e+00
2.220000e+00 8.009940e-01
2.250000e+00 6.952112e-01
2.280000e+00 4.268704e-01
2.310000e+00 1.090738e+00
2.340000e+00 1.966320e+00
2.370000e+00 1.485256e+00
2.400000e+00 1.673894e+00
2.430000e+00 6.716466e-01
2.460000e+00 9.504650e-01
2.490000e+00 1.272915e+00
2.520000e+00 1.604304e+00
2.550000e+00 1.960351e+00
2.580000e+00 2.032690e+00
2.610000e+00 2.324592e+00
2.640000e+00 1.466065e+00
2.670000e+00 1.682366e+00
2.700000e+00 1.525796e+00
2.730000e+00 5.068507e-01
2.760000e+00 4.937086e-01
2.790000e+00 7.828218e-01
2.820000e+00 8.060038e-01
2.850000e+00 2.072608e+00
2.880000e+00 6.693217e-01
2.910000e+00 9.920761e-01
2.940000e+00 1.874169e+00
2.970000e+00 6.048499e-01
