0.000000e+00 1.343945e+00
3.000000e-02 9.072570e-01
6.000000e-02 2.226236e+00
9.000000e-02 2.356897e+00
1.200000e-01 2.264190e+00
1.500000e-01 2.893088e+00
1.800000e-01 2.175933e+00
2.100000e-01 2.727573e+00
2.400000e-01 3.014507e+00
2.700000e-01 1.500296e+00
3.000000e-01 1.750039e+00
3.300000e-01 1.189922e+00
3.600000e-01 2.052867e+00
3.900000e-01 1.699704e+00
4.200000e-01 1.979037e+00
4.500000e-01 1.405561e+00
4.800000e-01 9.014531e-01
5.100000e-01 2.114049e+00
5.400000e-01 6.993002e-01
5.700000e-01 1.024698e+00
6.000000e-01 1.045628e+00
6.300000e-01 1.150587e+00
6.600000e-01 2.395875e+00
6.900000e-01 1.933450e+00
7.200000e-01 2.378838e+00
7.500000e-01 1.095388e+00
7.800000e-01 6.982092e-01
8.100000e-01 2.721569e+00
8.400000e-01 6.482615e-01
8.700000e-01 2.891928e+00
9.000000e-01 1.630008e+00
9.300000e-01 8.300560e-01
9.600000e-01 7.586547e-01
9.900000e-01 2.182993e+00
1.020000e+00 1.711399e+00
1.050000e+00 1.459821e+00
1.080000e+00 1.770299e+00
1.110000e+00 1.218876e-01
1.140000e+00 5.717056e-01
1.170000e+00 1.594000e+00
1.200000e+00 9.813484e-01
1.230000e+00 1.297383e+00
1.260000e+00 4.984589e-01
1.290000e+00 1.755996e-01
1.320000e+00 1.969959e+00
1.350000e+00 8.761670e-01
1.380000e+00 1.090817e+00
1.410000e+00 3.596013e-01
1.440000e+00 2.085420e+00
1.470000e+00 9.006437e-01
1.500000e+00 3.723402e-01
1.530000e+00 1.629529e+00
1.560000e+00 1.940970e+00
1.590000e+00 2.470897e-01
1.620000e+00 1.956339e+00
1.650000e+00 8.444216e-01
1.680000e+00 3.568822e-01
1.710000e+00 4.072702e-02
1.740000e+00 1.384662e-01
1.770000e+00 1.131096e-01
1.800000e+00 7.600465e-01
1.830000e+00 1.445742e-01
1.860000e+00 1.092529e-02
1.890000e+00 1.321626e-01
1.920000e+00 2.052367e-02
1.950000e+00 1.093297e-02
1.980000e+00 1.582717e-01
2.010000e+00 5.394485e-02
2.040000e+00 3.212987e-02
2.070000e+00 2.277120e-03
2.100000e+00 2.648608e-01
2.130000e+00 6.098102e-01
2.160000e+00 8.134277e-02
2.190000e+00 2.945854e-02
2.220000e+00 5.294047e-03
2.250000e+00 1.841800e-03
2.280000e+00 1.052679e-01
2.310000e+00 1.789769e+00
2.340000e+00 2.394260e-01
2.370000e+00 5.340326e-01
2.400000e+00 2.578431e-02
2.430000e+00 1.008926e-01
2.460000e+00 4.149698e-01
2.490000e+00 1.670535e-01
2.520000e+00 1.704059e+00
2.550000e+00 2.367245e-02
2.580000e+00 1.110858e-02
2.610000e+00 1.485973e-01
2.640000e+00 9.204857e-02
2.670000e+00 9.123841e-02
2.700000e+00 4.362688e-02
2.730000e+00 3.289103e-02
2.760000e+00 3.939263e-01
2.790000e+00 4.244270e-01
2.820000e+00 6.825984e-03
2.850000e+00 9.268460e-04
2.880000e+00 1.666970e-03
2.910000e+00 4.463161e-03
2.940000e+00 5.284394e-01
2.970000e+00 3.965226e-02
