0.000000e+00 2.218986e+00
6.000000e-02 2.451660e+00
1.200000e-01 2.077912e+00
1.800000e-01 2.026922e+00
2.400000e-01 2.053623e+00
3.000000e-01 2.715834e+00
3.600000e-01 4.142222e+00
4.200000e-01 3.137015e+00
4.800000e-01 2.450636e+00
5.400000e-01 1.471750e+00
6.000000e-01 1.317492e+00
6.600000e-01 1.740094e+00
7.200000e-01 2.278990e+00
7.800000e-01 2.366607e+00
8.400000e-01 2.177366e+00
9.000000e-01 2.644222e+00
9.600000e-01 1.679971e+00
1.020000e+00 1.811041e+00
1.080000e+00 2.404256e+00
1.140000e+00 1.834851e+00
1.200000e+00 1.497183e+00
1.260000e+00 1.447084e+00
1.320000e+00 1.594594e+00
1.380000e+00 1.931657e+00
1.440000e+00 1.804308e+00
1.500000e+00 1.870886e+00
1.560000e+00 1.748624e+00
1.620000e+00 2.116302e+00
1.680000e+00 1.070862e+00
1.740000e+00 1.594295e+00
1.800000e+00 1.114469e+00
1.860000e+00 1.096669e+00
1.920000e+00 9.272674e-01
1.980000e+00 1.727958e+00
2.040000e+00 2.165196e+00
2.100000e+00 2.169430e+00
2.160000e+00 1.393794e+00
2.220000e+00 1.076051e+00
2.280000e+00 2.878362e+00
2.340000e+00 1.940596e+00
2.400000e+00 9.392059e-01
2.460000e+00 9.280440e-01
2.520000e+00 1.977955e+00
2.580000e+00 1.605670e+00
2.640000e+00 1.775695e+00
2.700000e+00 2.691097e+00
2.760000e+00 2.232193e+00
2.820000e+00 2.309232e+00
2.880000e+00 9.250327e-01
2.940000e+00 1.104503e+00
3.000000e+00 1.448101e+00
3.060000e+00 1.113949e+00
3.120000e+00 3.182322e-01
3.180000e+00 2.399478e-01
3.240000e+00 4.470192e-01
3.300000e+00 1.232520e+00
3.360000e+00 2.144616e+00
3.420000e+00 5.338022e-01
3.480000e+00 1.952724e+00
3.540000e+00 8.122552e-01
3.600000e+00 7.687091e-01
3.660000e+00 2.628595e-01
3.720000e+00 4.625769e-01
3.780000e+00 8.648228e-01
3.840000e+00 1.191288e+00
3.900000e+00 8.955840e-01
3.960000e+00 5.107767e-01
4.020000e+00 7.482594e-01
4.080000e+00 1.140628e-01
4.140000e+00 3.603452e-01
4.200000e+00 1.361169e-01
4.260000e+00 7.539728e-02
4.320000e+00 4.648444e-02
4.380000e+00 1.023860e+00
4.440000e+00 4.253930e-01
4.500000e+00 1.277273e+00
4.560000e+00 4.047051e-01
4.620000e+00 9.811792e-01
4.680000e+00 2.996759e-01
4.740000e+00 1.030793e+00
4.800000e+00 5.390513e-01
4.860000e+00 5.671998e-02
4.920000e+00 1.892292e-01
4.980000e+00 8.483227e-01
5.040000e+00 5.538674e-02
5.100000e+00 1.011563e-02
5.160000e+00 2.547023e-02
5.220000e+00 2.039895e-03
5.280000e+00 2.324220e-02
5.340000e+00 2.912389e-01
5.400000e+00 6.686251e-01
5.460000e+00 1.705544e-01
5.520000e+00 1.273927e-02
5.580000e+00 1.063473e-01
5.640000e+00 5.045728e-01
5.700000e+00 1.980713e+00
5.760000e+00 1.909972e+00
5.820000e+00 6.650489e-02
5.880000e+00 1.786800e-02
5.940000e+00 3.053656e-03
