0.000000e+00 6.356378e+00
6.000000e-02 6.221569e+00
1.200000e-01 5.810617e+00
1.800000e-01 5.300511e+00
2.400000e-01 4.841031e+00
3.000000e-01 4.518098e+00
3.600000e-01 4.652023e+00
4.200000e-01 4.817410e+00
4.800000e-01 4.375776e+00
5.400000e-01 4.708258e+00
6.000000e-01 4.948713e+00
6.600000e-01 4.418138e+00
7.200000e-01 3.819045e+00
7.800000e-01 3.907532e+00
8.400000e-01 3.318769e+00
9.000000e-01 3.178371e+00
9.600000e-01 2.983787e+00
1.020000e+00 2.576510e+00
1.080000e+00 3.317362e+00
1.140000e+00 3.105303e+00
1.200000e+00 3.309953e+00
1.260000e+00 2.883390e+00
1.320000e+00 2.766765e+00
1.380000e+00 1.848899e+00
1.440000e+00 2.685425e+00
1.500000e+00 2.537842e+00
1.560000e+00 2.562305e+00
1.620000e+00 2.574282e+00
1.680000e+00 3.198488e+00
1.740000e+00 2.133341e+00
1.800000e+00 2.756327e+00
1.860000e+00 1.991879e+00
1.920000e+00 2.298776e+00
1.980000e+00 2.457625e+00
2.040000e+00 3.426178e+00
2.100000e+00 1.774883e+00
2.160000e+00 2.375631e+00
2.220000e+00 1.726115e+00
2.280000e+00 2.322067e+00
2.340000e+00 2.121276e+00
2.400000e+00 8.790004e-01
2.460000e+00 1.705598e+00
2.520000e+00 4.480558e-01
2.580000e+00 1.426670e+00
2.640000e+00 1.902852e+00
2.700000e+00 1.312795e+00
2.760000e+00 5.797758e-01
2.820000e+00 5.484424e-01
2.880000e+00 7.928153e-01
2.940000e+00 6.197876e-01
3.000000e+00 2.521747e+00
3.060000e+00 1.239124e+00
3.120000e+00 9.362850e-01
3.180000e+00 6.366149e-01
3.240000e+00 4.332029e-01
3.300000e+00 1.882501e+00
3.360000e+00 1.726285e+00
3.420000e+00 8.732111e-01
3.480000e+00 1.165990e+00
3.540000e+00 5.946455e-01
3.600000e+00 2.792418e-01
3.660000e+00 1.638068e-01
3.720000e+00 1.622159e+00
3.780000e+00 1.152100e+00
3.840000e+00 6.434501e-01
3.900000e+00 6.561823e-01
3.960000e+00 1.013952e+00
4.020000e+00 4.951669e-02
4.080000e+00 4.966039e-02
4.140000e+00 9.486868e-02
4.200000e+00 8.385310e-02
4.260000e+00 5.341838e-02
4.320000e+00 6.897416e-03
4.380000e+00 5.255477e-03
4.440000e+00 9.537222e-03
4.500000e+00 3.178319e-02
4.560000e+00 1.545842e-01
4.620000e+00 4.255164e-01
4.680000e+00 1.498026e-01
4.740000e+00 9.982932e-02
4.800000e+00 3.017886e-01
4.860000e+00 8.301520e-02
4.920000e+00 1.558148e-02
4.980000e+00 1.221195e-02
5.040000e+00 1.195201e-01
5.100000e+00 1.920416e+00
5.160000e+00 1.969019e-03
5.220000e+00 5.807065e-04
5.280000e+00 1.352646e-04
5.340000e+00 1.527984e-04
5.400000e+00 2.791379e-06
5.460000e+00 8.857224e-04
5.520000e+00 9.187362e-03
5.580000e+00 1.041411e-01
5.640000e+00 7.694754e-02
5.700000e+00 3.922284e-05
5.760000e+00 1.612234e-06
5.820000e+00 1.204322e-06
5.880000e+00 1.569011e-04
5.940000e+00 6.834565e-05
