0.000000e+00 6.356378e+00
6.000000e-02 6.059452e+00
1.200000e-01 5.148701e+00
1.800000e-01 5.113549e+00
2.400000e-01 5.164234e+00
3.000000e-01 5.096757e+00
3.600000e-01 4.978019e+00
4.200000e-01 4.933719e+00
4.800000e-01 4.957457e+00
5.400000e-01 4.838359e+00
6.000000e-01 4.653027e+00
6.600000e-01 4.768528e+00
7.200000e-01 4.894627e+00
7.800000e-01 5.530321e+00
8.400000e-01 5.561448e+00
9.000000e-01 5.050011e+00
9.600000e-01 4.299603e+00
1.020000e+00 3.953397e+00
1.080000e+00 4.429518e+00
1.140000e+00 3.620189e+00
1.200000e+00 3.262039e+00
1.260000e+00 2.820906e+00
1.320000e+00 3.455410e+00
1.380000e+00 3.972699e+00
1.440000e+00 3.436068e+00
1.500000e+00 3.255077e+00
1.560000e+00 3.338563e+00
1.620000e+00 2.384113e+00
1.680000e+00 1.630945e+00
1.740000e+00 1.808651e+00
1.800000e+00 5.231394e-01
1.860000e+00 4.972778e-01
1.920000e+00 1.316830e+00
1.980000e+00 1.502240e+00
2.040000e+00 2.519789e+00
2.100000e+00 2.078461e+00
2.160000e+00 1.440573e+00
2.220000e+00 1.820286e+00
2.280000e+00 2.951033e+00
2.340000e+00 2.829805e+00
2.400000e+00 9.904113e-01
2.460000e+00 4.653562e-01
2.520000e+00 2.785884e-01
2.580000e+00 5.624243e-01
2.640000e+00 1.234715e-01
2.700000e+00 1.983847e-01
2.760000e+00 3.167013e-01
2.820000e+00 7.420277e-02
2.880000e+00 3.940093e-02
2.940000e+00 4.412837e-01
3.000000e+00 9.156372e-02
3.060000e+00 7.709304e-01
3.120000e+00 5.181785e-01
3.180000e+00 1.232766e+00
3.240000e+00 8.708297e-01
3.300000e+00 1.967486e-01
3.360000e+00 7.386382e-01
3.420000e+00 5.708503e-01
3.480000e+00 1.345930e+00
3.540000e+00 1.918347e+00
3.600000e+00 9.598643e-02
3.660000e+00 1.686129e-01
3.720000e+00 1.548770e-01
3.780000e+00 1.262352e-03
3.840000e+00 9.617208e-03
3.900000e+00 8.112293e-03
3.960000e+00 1.374052e-03
4.020000e+00 1.242505e-02
4.080000e+00 4.471053e-02
4.140000e+00 7.102352e-01
4.200000e+00 4.934000e-02
4.260000e+00 3.676713e-01
4.320000e+00 9.289606e-01
4.380000e+00 1.062021e-01
4.440000e+00 4.434291e-02
4.500000e+00 6.081079e-03
4.560000e+00 1.699793e-02
4.620000e+00 8.374032e-03
4.680000e+00 2.116225e-02
4.740000e+00 2.618544e-02
4.800000e+00 1.280848e-01
4.860000e+00 2.443083e-02
4.920000e+00 5.757083e-02
4.980000e+00 1.783716e-01
5.040000e+00 9.738780e-03
5.100000e+00 2.607780e-03
5.160000e+00 1.879916e-04
5.220000e+00 2.495378e-04
5.280000e+00 1.925034e-02
5.340000e+00 3.114953e-02
5.400000e+00 2.083504e-04
5.460000e+00 2.103458e-04
5.520000e+00 1.130757e-05
5.580000e+00 1.187599e-06
5.640000e+00 3.885902e-04
5.700000e+00 1.565206e-07
5.760000e+00 1.096454e-06
5.820000e+00 3.862184e-08
5.880000e+00 5.106312e-08
5.940000e+00 1.513156e-07
