0.000000e+00 6.356378e+00
6.000000e-02 6.240840e+00
1.200000e-01 5.999560e+00
1.800000e-01 5.769187e+00
2.400000e-01 5.574128e+00
3.000000e-01 5.428410e+00
3.600000e-01 5.347146e+00
4.200000e-01 5.207101e+00
4.800000e-01 5.101285e+00
5.400000e-01 5.378969e+00
6.000000e-01 5.179504e+00
6.600000e-01 5.018901e+00
7.200000e-01 4.805439e+00
7.800000e-01 5.169321e+00
8.400000e-01 5.342093e+00
9.000000e-01 3.820796e+00
9.600000e-01 3.681335e+00
1.020000e+00 4.419299e+00
1.080000e+00 4.676399e+00
1.140000e+00 4.290787e+00
1.200000e+00 4.110557e+00
1.260000e+00 3.439027e+00
1.320000e+00 2.811893e+00
1.380000e+00 2.548871e+00
1.440000e+00 3.639148e+00
1.500000e+00 4.619356e+00
1.560000e+00 2.176703e+00
1.620000e+00 1.919588e+00
1.680000e+00 1.929436e+00
1.740000e+00 1.156327e+00
1.800000e+00 3.250064e+00
1.860000e+00 1.470941e+00
1.920000e+00 1.751360e+00
1.980000e+00 1.581716e+00
2.040000e+00 2.545450e+00
2.100000e+00 2.096584e+00
2.160000e+00 1.262617e+00
2.220000e+00 5.478537e-01
2.280000e+00 3.279360e-01
2.340000e+00 1.498624e+00
2.400000e+00 2.138756e+00
2.460000e+00 5.130784e-01
2.520000e+00 3.440659e-01
2.580000e+00 4.598069e-01
2.640000e+00 9.519186e-01
2.700000e+00 1.806371e+00
2.760000e+00 7.377354e-01
2.820000e+00 6.334836e-01
2.880000e+00 8.272507e-01
2.940000e+00 1.213744e+00
3.000000e+00 2.211063e+00
3.060000e+00 1.132694e+00
3.120000e+00 2.225354e-01
3.180000e+00 8.295140e-02
3.240000e+00 4.929721e-01
3.300000e+00 6.573656e-02
3.360000e+00 4.162747e-02
3.420000e+00 1.436909e-01
3.480000e+00 1.855915e-01
3.540000e+00 1.389040e-01
3.600000e+00 1.515109e+00
3.660000e+00 6.722976e-02
3.720000e+00 1.230049e+00
3.780000e+00 8.012945e-02
3.840000e+00 7.874678e-02
3.900000e+00 3.260300e-01
3.960000e+00 4.822428e-03
4.020000e+00 6.328648e-03
4.080000e+00 1.048159e-02
4.140000e+00 3.283997e-02
4.200000e+00 1.745432e-03
4.260000e+00 8.078579e-02
4.320000e+00 1.303899e-03
4.380000e+00 1.113721e-04
4.440000e+00 1.835924e-03
4.500000e+00 1.994481e-03
4.560000e+00 2.012594e-05
4.620000e+00 2.962933e-03
4.680000e+00 2.795185e-04
4.740000e+00 1.473337e-04
4.800000e+00 5.267538e-04
4.860000e+00 2.107864e-03
4.920000e+00 1.121169e-04
4.980000e+00 2.945284e-01
5.040000e+00 6.615669e-02
5.100000e+00 9.212429e-02
5.160000e+00 1.301636e-02
5.220000e+00 1.665586e-02
5.280000e+00 3.310963e-04
5.340000e+00 8.771252e-05
5.400000e+00 1.092143e-05
5.460000e+00 6.180953e-05
5.520000e+00 8.774788e-04
5.580000e+00 6.554215e-05
5.640000e+00 1.771389e-03
5.700000e+00 2.602700e-04
5.760000e+00 5.432451e-05
5.820000e+00 8.380965e-06
5.880000e+00 8.995858e-06
5.940000e+00 1.222398e-06
