0.000000e+00 6.356378e+00
6.000000e-02 6.017153e+00
1.200000e-01 5.308830e+00
1.800000e-01 4.691314e+00
2.400000e-01 4.331901e+00
3.000000e-01 4.191494e+00
3.600000e-01 4.174657e+00
4.200000e-01 4.198682e+00
4.800000e-01 4.264846e+00
5.400000e-01 4.489358e+00
6.000000e-01 4.996784e+00
6.600000e-01 5.364049e+00
7.200000e-01 4.821031e+00
7.800000e-01 4.390796e+00
8.400000e-01 4.444738e+00
9.000000e-01 4.458537e+00
9.600000e-01 3.956956e+00
1.020000e+00 4.098460e+00
1.080000e+00 4.685310e+00
1.140000e+00 5.268431e+00
1.200000e+00 5.203905e+00
1.260000e+00 4.785933e+00
1.320000e+00 3.616813e+00
1.380000e+00 3.296478e+00
1.440000e+00 3.178396e+00
1.500000e+00 3.197097e+00
1.560000e+00 3.175176e+00
1.620000e+00 2.053467e+00
1.680000e+00 2.608732e+00
1.740000e+00 2.621254e+00
1.800000e+00 3.652669e+00
1.860000e+00 1.989348e+00
1.920000e+00 2.486217e+00
1.980000e+00 2.176144e+00
2.040000e+00 2.932793e+00
2.100000e+00 3.880418e+00
2.160000e+00 3.609236e+00
2.220000e+00 2.065585e+00
2.280000e+00 2.422794e+00
2.340000e+00 2.983496e+00
2.400000e+00 1.315255e+00
2.460000e+00 2.102881e+00
2.520000e+00 2.282415e+00
2.580000e+00 8.534102e-01
2.640000e+00 1.194079e+00
2.700000e+00 1.656839e+00
2.760000e+00 3.998629e-01
2.820000e+00 2.020664e+00
2.880000e+00 5.027590e-01
2.940000e+00 3.330132e-01
3.000000e+00 1.222963e+00
3.060000e+00 6.304619e-01
3.120000e+00 3.486672e-01
3.180000e+00 1.656687e+00
3.240000e+00 1.018743e+00
3.300000e+00 1.072021e-01
3.360000e+00 1.555198e+00
3.420000e+00 2.759136e-01
3.480000e+00 1.138853e+00
3.540000e+00 8.097803e-01
3.600000e+00 3.476088e-01
3.660000e+00 1.012018e-01
3.720000e+00 1.894309e+00
3.780000e+00 6.613766e-01
3.840000e+00 2.861822e-01
3.900000e+00 1.064239e-01
3.960000e+00 1.429898e-01
4.020000e+00 9.000355e-01
4.080000e+00 1.655180e+00
4.140000e+00 1.067226e-01
4.200000e+00 1.136602e+00
4.260000e+00 1.687331e-01
4.320000e+00 1.271419e-01
4.380000e+00 8.689604e-04
4.440000e+00 2.497816e-03
4.500000e+00 4.437641e-02
4.560000e+00 2.862433e-02
4.620000e+00 1.797487e-03
4.680000e+00 3.750033e-04
4.740000e+00 4.561241e-04
4.800000e+00 1.391250e-04
4.860000e+00 2.888126e-04
4.920000e+00 3.555147e-04
4.980000e+00 1.958147e-03
5.040000e+00 8.629420e-03
5.100000e+00 1.590683e-03
5.160000e+00 4.884289e-04
5.220000e+00 3.578664e-04
5.280000e+00 4.652401e-03
5.340000e+00 1.871668e-03
5.400000e+00 1.040927e-04
5.460000e+00 3.412004e-05
5.520000e+00 3.387230e-05
5.580000e+00 5.112251e-06
5.640000e+00 1.921671e-05
5.700000e+00 1.109455e-03
5.760000e+00 7.656440e-05
5.820000e+00 1.045145e-04
5.880000e+00 4.295115e-04
5.940000e+00 3.996394e-05
