0.000000e+00 6.356378e+00
6.000000e-02 6.288614e+00
1.200000e-01 6.104459e+00
1.800000e-01 5.916149e+00
2.400000e-01 5.782314e+00
3.000000e-01 5.713986e+00
3.600000e-01 5.685220e+00
4.200000e-01 5.643050e+00
4.800000e-01 5.530661e+00
5.400000e-01 5.315792e+00
6.000000e-01 5.006339e+00
6.600000e-01 4.646110e+00
7.200000e-01 4.305953e+00
7.800000e-01 4.089424e+00
8.400000e-01 4.173288e+00
9.000000e-01 4.938728e+00
9.600000e-01 5.621026e+00
1.020000e+00 4.863721e+00
1.080000e+00 3.729918e+00
1.140000e+00 3.226943e+00
1.200000e+00 3.114905e+00
1.260000e+00 2.165731e+00
1.320000e+00 1.982464e+00
1.380000e+00 2.577412e+00
1.440000e+00 2.402436e+00
1.500000e+00 2.166986e+00
1.560000e+00 2.164108e+00
1.620000e+00 2.742471e+00
1.680000e+00 1.924983e+00
1.740000e+00 3.286871e+00
1.800000e+00 2.539836e+00
1.860000e+00 2.427971e+00
1.920000e+00 1.952022e+00
1.980000e+00 2.834541e+00
2.040000e+00 1.167978e+00
2.100000e+00 1.793499e+00
2.160000e+00 1.763028e+00
2.220000e+00 1.567694e+00
2.280000e+00 2.155827e+00
2.340000e+00 1.507881e+00
2.400000e+00 1.730064e+00
2.460000e+00 8.014526e-01
2.520000e+00 2.098092e+00
2.580000e+00 3.307422e-01
2.640000e+00 4.564304e-01
2.700000e+00 7.840437e-01
2.760000e+00 1.010073e+00
2.820000e+00 1.335312e+00
2.880000e+00 4.068732e-01
2.940000e+00 1.310113e+00
3.000000e+00 8.711745e-01
3.060000e+00 2.291960e+00
3.120000e+00 1.404620e+00
3.180000e+00 1.590994e+00
3.240000e+00 6.528934e-01
3.300000e+00 5.585214e-01
3.360000e+00 1.063130e-01
3.420000e+00 2.015616e-01
3.480000e+00 3.139276e-01
3.540000e+00 1.951138e+00
3.600000e+00 1.500285e+00
3.660000e+00 1.930157e-01
3.720000e+00 1.744142e-01
3.780000e+00 7.156918e-01
3.840000e+00 7.595176e-01
3.900000e+00 2.913456e-01
3.960000e+00 4.132286e-02
4.020000e+00 8.662708e-02
4.080000e+00 6.710456e-01
4.140000e+00 1.104958e-01
4.200000e+00 5.398552e-01
4.260000e+00 3.308027e-02
4.320000e+00 8.074523e-02
4.380000e+00 8.009756e-01
4.440000e+00 3.646494e-01
4.500000e+00 2.132575e-01
4.560000e+00 1.722498e+00
4.620000e+00 7.747404e-02
4.680000e+00 7.105276e-01
4.740000e+00 1.687613e-02
4.800000e+00 4.751589e-03
4.860000e+00 2.211502e-02
4.920000e+00 2.250082e-04
4.980000e+00 3.501379e-05
5.040000e+00 5.829873e-06
5.100000e+00 3.305634e-06
5.160000e+00 6.825387e-05
5.220000e+00 9.901890e-02
5.280000e+00 4.751151e-04
5.340000e+00 2.678136e-04
5.400000e+00 1.472245e-03
5.460000e+00 4.323211e-05
5.520000e+00 4.932200e-05
5.580000e+00 1.009212e-05
5.640000e+00 1.731639e-05
5.700000e+00 3.872403e-04
5.760000e+00 7.338958e-03
5.820000e+00 7.979050e-04
5.880000e+00 9.144256e-05
5.940000e+00 1.596657e-06
