0.000000e+00 6.356378e+00
6.000000e-02 5.340287e+00
1.200000e-01 4.692586e+00
1.800000e-01 4.567873e+00
2.400000e-01 4.550769e+00
3.000000e-01 4.625303e+00
3.600000e-01 4.788311e+00
4.200000e-01 4.992132e+00
4.800000e-01 5.372110e+00
5.400000e-01 5.997938e+00
6.000000e-01 6.866235e+00
6.600000e-01 6.330451e+00
7.200000e-01 5.264708e+00
7.800000e-01 5.198258e+00
8.400000e-01 4.812423e+00
9.000000e-01 5.005775e+00
9.600000e-01 5.163486e+00
1.020000e+00 4.815537e+00
1.080000e+00 4.381956e+00
1.140000e+00 4.235156e+00
1.200000e+00 4.401550e+00
1.260000e+00 4.534501e+00
1.320000e+00 4.172992e+00
1.380000e+00 3.996719e+00
1.440000e+00 3.631493e+00
1.500000e+00 3.025720e+00
1.560000e+00 3.212136e+00
1.620000e+00 2.632270e+00
1.680000e+00 3.020209e+00
1.740000e+00 2.783206e+00
1.800000e+00 1.996915e+00
1.860000e+00 2.620807e+00
1.920000e+00 1.136471e+00
1.980000e+00 1.599107e+00
2.040000e+00 1.299332e+00
2.100000e+00 1.764448e+00
2.160000e+00 2.397543e+00
2.220000e+00 2.304619e+00
2.280000e+00 2.000662e+00
2.340000e+00 3.465106e+00
2.400000e+00 2.314144e+00
2.460000e+00 1.235740e+00
2.520000e+00 9.015381e-01
2.580000e+00 1.658393e+00
2.640000e+00 4.635878e-01
2.700000e+00 8.445986e-01
2.760000e+00 6.806296e-01
2.820000e+00 1.914364e+00
2.880000e+00 1.011752e+00
2.940000e+00 1.289750e+00
3.000000e+00 1.857944e+00
3.060000e+00 1.268304e+00
3.120000e+00 1.698677e+00
3.180000e+00 1.949239e+00
3.240000e+00 1.447896e+00
3.300000e+00 4.342673e-01
3.360000e+00 2.029135e-01
3.420000e+00 6.717990e-01
3.480000e+00 3.199236e-01
3.540000e+00 4.730220e-01
3.600000e+00 1.245331e+00
3.660000e+00 3.726118e-01
3.720000e+00 6.951655e-02
3.780000e+00 1.617455e-01
3.840000e+00 3.922640e-01
3.900000e+00 5.809502e-02
3.960000e+00 1.056191e+00
4.020000e+00 1.062455e-02
4.080000e+00 1.893443e-02
4.140000e+00 4.805666e-02
4.200000e+00 9.404329e-02
4.260000e+00 5.149358e-03
4.320000e+00 5.610022e-02
4.380000e+00 6.366594e-03
4.440000e+00 2.862008e-03
4.500000e+00 5.428963e-04
4.560000e+00 7.055376e-02
4.620000e+00 2.433902e-03
4.680000e+00 8.870501e-05
4.740000e+00 7.471376e-05
4.800000e+00 1.713521e-04
4.860000e+00 1.719982e-02
4.920000e+00 1.988995e-03
4.980000e+00 1.870585e-02
5.040000e+00 3.685656e-03
5.100000e+00 1.636555e-01
5.160000e+00 9.454934e-02
5.220000e+00 1.894063e-02
5.280000e+00 5.713063e-01
5.340000e+00 3.676026e-03
5.400000e+00 2.311610e-02
5.460000e+00 9.851052e-03
5.520000e+00 1.743985e-04
5.580000e+00 1.119538e-03
5.640000e+00 1.179876e-04
5.700000e+00 5.718472e-02
5.760000e+00 6.137876e-05
5.820000e+00 2.133569e-04
5.880000e+00 4.419388e-03
5.940000e+00 9.926814e-05
