0.000000e+00 6.356378e+00
6.000000e-02 5.974878e+00
1.200000e-01 5.261361e+00
1.800000e-01 4.820959e+00
2.400000e-01 4.613206e+00
3.000000e-01 4.509077e+00
3.600000e-01 4.431522e+00
4.200000e-01 4.345428e+00
4.800000e-01 4.255065e+00
5.400000e-01 4.177434e+00
6.000000e-01 4.111813e+00
6.600000e-01 4.031854e+00
7.200000e-01 3.952615e+00
7.800000e-01 3.990459e+00
8.400000e-01 4.207541e+00
9.000000e-01 4.512562e+00
9.600000e-01 4.521300e+00
1.020000e+00 4.421675e+00
1.080000e+00 4.791350e+00
1.140000e+00 4.562353e+00
1.200000e+00 4.366094e+00
1.260000e+00 4.042068e+00
1.320000e+00 4.151180e+00
1.380000e+00 3.429201e+00
1.440000e+00 3.271478e+00
1.500000e+00 3.275369e+00
1.560000e+00 2.673255e+00
1.620000e+00 2.611015e+00
1.680000e+00 2.194695e+00
1.740000e+00 2.251768e+00
1.800000e+00 2.721267e+00
1.860000e+00 2.930868e+00
1.920000e+00 2.568733e+00
1.980000e+00 1.758824e+00
2.040000e+00 1.404385e+00
2.100000e+00 2.760585e+00
2.160000e+00 1.688094e+00
2.220000e+00 9.302828e-01
2.280000e+00 1.146231e+00
2.340000e+00 1.884015e-01
2.400000e+00 5.633676e-01
2.460000e+00 7.856797e-01
2.520000e+00 7.059736e-01
2.580000e+00 8.200111e-01
2.640000e+00 1.205816e+00
2.700000e+00 5.738761e-01
2.760000e+00 2.032791e+00
2.820000e+00 2.210151e+00
2.880000e+00 4.402026e-01
2.940000e+00 9.445855e-01
3.000000e+00 8.868489e-01
3.060000e+00 8.042499e-01
3.120000e+00 9.260874e-01
3.180000e+00 2.169755e+00
3.240000e+00 1.896390e-01
3.300000e+00 2.355729e-01
3.360000e+00 1.325138e-01
3.420000e+00 5.884703e-01
3.480000e+00 2.217307e-01
3.540000e+00 2.536962e-02
3.600000e+00 1.868708e-02
3.660000e+00 7.582370e-01
3.720000e+00 1.588184e+00
3.780000e+00 3.882133e-02
3.840000e+00 2.477586e-02
3.900000e+00 3.890354e-01
3.960000e+00 1.115636e-02
4.020000e+00 1.424621e-01
4.080000e+00 1.132160e-02
4.140000e+00 4.870530e-04
4.200000e+00 6.545398e-03
4.260000e+00 2.449514e-03
4.320000e+00 9.576288e-04
4.380000e+00 1.072855e-04
4.440000e+00 1.293851e-04
4.500000e+00 2.788679e-04
4.560000e+00 3.001242e-02
4.620000e+00 9.969407e-02
4.680000e+00 1.054810e-02
4.740000e+00 2.942322e-04
4.800000e+00 1.672437e-04
4.860000e+00 3.010520e-03
4.920000e+00 3.666757e-02
4.980000e+00 5.881657e-04
5.040000e+00 2.437753e-04
5.100000e+00 6.774386e-03
5.160000e+00 6.119981e-02
5.220000e+00 3.449477e-03
5.280000e+00 1.447013e-05
5.340000e+00 3.560458e-06
5.400000e+00 7.158769e-06
5.460000e+00 4.063442e-03
5.520000e+00 2.467342e-02
5.580000e+00 8.222797e-03
5.640000e+00 7.197063e-04
5.700000e+00 1.880842e-04
5.760000e+00 3.197218e-04
5.820000e+00 5.144899e-03
5.880000e+00 2.186806e-04
5.940000e+00 3.696082e-04
