0.000000e+00 6.356378e+00
6.000000e-02 6.290527e+00
1.200000e-01 6.084381e+00
1.800000e-01 5.756750e+00
2.400000e-01 5.284869e+00
3.000000e-01 4.701987e+00
3.600000e-01 4.148633e+00
4.200000e-01 3.762137e+00
4.800000e-01 3.653272e+00
5.400000e-01 3.906457e+00
6.000000e-01 4.377164e+00
6.600000e-01 4.044194e+00
7.200000e-01 3.319337e+00
7.800000e-01 2.316882e+00
8.400000e-01 2.272712e+00
9.000000e-01 2.468145e+00
9.600000e-01 2.723568e+00
1.020000e+00 4.164734e+00
1.080000e+00 2.923145e+00
1.140000e+00 3.002484e+00
1.200000e+00 3.214865e+00
1.260000e+00 3.554992e+00
1.320000e+00 3.630978e+00
1.380000e+00 4.043384e+00
1.440000e+00 3.530875e+00
1.500000e+00 3.298931e+00
1.560000e+00 2.564478e+00
1.620000e+00 3.415913e+00
1.680000e+00 2.238437e+00
1.740000e+00 2.691734e+00
1.800000e+00 1.574409e+00
1.860000e+00 2.138328e+00
1.920000e+00 1.589834e+00
1.980000e+00 3.577053e+00
2.040000e+00 1.996982e+00
2.100000e+00 2.686511e+00
2.160000e+00 2.654268e+00
2.220000e+00 1.373728e+00
2.280000e+00 1.016940e+00
2.340000e+00 1.913880e+00
2.400000e+00 1.943496e+00
2.460000e+00 1.688000e+00
2.520000e+00 4.498063e-01
2.580000e+00 1.886810e+00
2.640000e+00 1.244516e+00
2.700000e+00 8.446809e-01
2.760000e+00 7.514952e-01
2.820000e+00 2.642127e-01
2.880000e+00 1.408617e-01
2.940000e+00 4.037091e-01
3.000000e+00 7.377821e-01
3.060000e+00 1.141923e-02
3.120000e+00 1.663039e-02
3.180000e+00 3.109694e-01
3.240000e+00 1.280360e-01
3.300000e+00 8.062790e-01
3.360000e+00 1.111293e-02
3.420000e+00 1.566910e-02
3.480000e+00 6.962250e-03
3.540000e+00 4.411625e-03
3.600000e+00 1.342446e-02
3.660000e+00 1.293516e-02
3.720000e+00 7.381682e-03
3.780000e+00 1.225383e-01
3.840000e+00 4.636138e-01
3.900000e+00 6.016579e-01
3.960000e+00 3.712791e-01
4.020000e+00 2.971854e-01
4.080000e+00 3.221919e-01
4.140000e+00 9.271561e-02
4.200000e+00 7.755994e-01
4.260000e+00 1.466620e+00
4.320000e+00 5.769549e-03
4.380000e+00 3.259044e-04
4.440000e+00 7.747270e-04
4.500000e+00 7.458971e-04
4.560000e+00 1.664067e-03
4.620000e+00 2.249626e-03
4.680000e+00 1.629008e-05
4.740000e+00 2.518656e-04
4.800000e+00 2.263481e-06
4.860000e+00 1.218226e-06
4.920000e+00 3.080343e-08
4.980000e+00 3.775184e-08
5.040000e+00 1.463708e-06
5.100000e+00 6.899727e-07
5.160000e+00 1.347176e-07
5.220000e+00 6.298673e-08
5.280000e+00 1.162966e-04
5.340000e+00 3.498440e-06
5.400000e+00 1.582955e-05
5.460000e+00 1.450924e-02
5.520000e+00 3.082201e-05
5.580000e+00 1.310742e-05
5.640000e+00 3.627090e-06
5.700000e+00 5.852432e-06
5.760000e+00 1.622497e-05
5.820000e+00 7.337869e-06
5.880000e+00 1.998910e-06
5.940000e+00 1.176309e-05
