0.000000e+00 6.356378e+00
6.000000e-02 6.148283e+00
1.200000e-01 5.898258e+00
1.800000e-01 5.698439e+00
2.400000e-01 5.545203e+00
3.000000e-01 5.418418e+00
3.600000e-01 5.321294e+00
4.200000e-01 5.441809e+00
4.800000e-01 5.923388e+00
5.400000e-01 5.945192e+00
6.000000e-01 5.365067e+00
6.600000e-01 5.122502e+00
7.200000e-01 5.398033e+00
7.800000e-01 5.090642e+00
8.400000e-01 3.968973e+00
9.000000e-01 4.361331e+00
9.600000e-01 4.870251e+00
1.020000e+00 4.410144e+00
1.080000e+00 4.477531e+00
1.140000e+00 4.373490e+00
1.200000e+00 4.265793e+00
1.260000e+00 4.004576e+00
1.320000e+00 4.294086e+00
1.380000e+00 3.842423e+00
1.440000e+00 3.981944e+00
1.500000e+00 3.886177e+00
1.560000e+00 3.445722e+00
1.620000e+00 3.353948e+00
1.680000e+00 4.884656e+00
1.740000e+00 3.407056e+00
1.800000e+00 3.164105e+00
1.860000e+00 2.198902e+00
1.920000e+00 1.974807e+00
1.980000e+00 2.050111e+00
2.040000e+00 2.205547e+00
2.100000e+00 3.442837e+00
2.160000e+00 1.651604e+00
2.220000e+00 9.350345e-01
2.280000e+00 1.483355e+00
2.340000e+00 1.061934e+00
2.400000e+00 1.997023e+00
2.460000e+00 1.111065e+00
2.520000e+00 7.196792e-01
2.580000e+00 1.169801e+00
2.640000e+00 1.964070e+00
2.700000e+00 1.252766e+00
2.760000e+00 6.054010e-01
2.820000e+00 8.078045e-01
2.880000e+00 7.594400e-01
2.940000e+00 9.340499e-01
3.000000e+00 1.047677e+00
3.060000e+00 3.334183e-01
3.120000e+00 1.072795e-01
3.180000e+00 9.348173e-02
3.240000e+00 8.856435e-01
3.300000e+00 1.108448e-01
3.360000e+00 3.881038e-01
3.420000e+00 9.432541e-02
3.480000e+00 5.432156e-01
3.540000e+00 1.328397e-01
3.600000e+00 6.384061e-02
3.660000e+00 5.119627e-02
3.720000e+00 1.922054e-01
3.780000e+00 7.461588e-02
3.840000e+00 1.089083e-02
3.900000e+00 1.259089e+00
3.960000e+00 1.098800e-02
4.020000e+00 3.422257e-02
4.080000e+00 1.042479e-01
4.140000e+00 2.623410e-01
4.200000e+00 2.475831e-03
4.260000e+00 4.401068e-02
4.320000e+00 7.675235e-02
4.380000e+00 4.587271e-02
4.440000e+00 3.100977e-02
4.500000e+00 1.491514e-03
4.560000e+00 5.315512e-02
4.620000e+00 1.815777e-02
4.680000e+00 4.427655e-03
4.740000e+00 2.300352e-01
4.800000e+00 5.737362e-02
4.860000e+00 1.535850e-01
4.920000e+00 6.885126e-03
4.980000e+00 9.779773e-03
5.040000e+00 6.891665e-03
5.100000e+00 3.903260e-04
5.160000e+00 3.858460e-03
5.220000e+00 1.354914e-03
5.280000e+00 1.588941e-02
5.340000e+00 5.276990e-03
5.400000e+00 3.908867e-03
5.460000e+00 1.294697e-03
5.520000e+00 1.254392e-04
5.580000e+00 1.148286e-01
5.640000e+00 4.133030e-04
5.700000e+00 2.104226e-04
5.760000e+00 3.057773e-05
5.820000e+00 1.540753e-04
5.880000e+00 2.186254e-02
5.940000e+00 1.244586e-04
