0.000000e+00 6.356378e+00
6.000000e-02 6.415011e+00
1.200000e-01 6.450841e+00
1.800000e-01 6.462911e+00
2.400000e-01 6.392442e+00
3.000000e-01 6.197689e+00
3.600000e-01 5.951882e+00
4.200000e-01 5.756366e+00
4.800000e-01 5.622307e+00
5.400000e-01 5.469830e+00
6.000000e-01 5.184035e+00
6.600000e-01 5.143418e+00
7.200000e-01 5.915454e+00
7.800000e-01 6.646400e+00
8.400000e-01 6.098911e+00
9.000000e-01 4.575044e+00
9.600000e-01 3.665369e+00
1.020000e+00 3.947428e+00
1.080000e+00 3.701728e+00
1.140000e+00 4.182440e+00
1.200000e+00 3.884122e+00
1.260000e+00 3.589706e+00
1.320000e+00 3.871015e+00
1.380000e+00 3.608058e+00
1.440000e+00 3.483794e+00
1.500000e+00 3.198714e+00
1.560000e+00 3.692527e+00
1.620000e+00 3.955054e+00
1.680000e+00 2.708966e+00
1.740000e+00 2.146563e+00
1.800000e+00 1.991932e+00
1.860000e+00 2.782710e+00
1.920000e+00 2.886493e+00
1.980000e+00 2.184148e+00
2.040000e+00 2.390605e+00
2.100000e+00 2.692959e+00
2.160000e+00 1.509448e+00
2.220000e+00 8.777033e-01
2.280000e+00 1.010571e+00
2.340000e+00 1.240038e+00
2.400000e+00 1.922954e+00
2.460000e+00 2.792597e+00
2.520000e+00 2.147660e+00
2.580000e+00 1.463376e+00
2.640000e+00 8.194425e-01
2.700000e+00 4.069309e-01
2.760000e+00 1.354311e+00
2.820000e+00 1.283339e+00
2.880000e+00 3.677526e-01
2.940000e+00 5.859653e-01
3.000000e+00 1.321782e+00
3.060000e+00 1.002344e+00
3.120000e+00 4.325284e-01
3.180000e+00 3.350247e-01
3.240000e+00 1.899991e-01
3.300000e+00 4.501203e-01
3.360000e+00 2.005300e-02
3.420000e+00 3.493148e-02
3.480000e+00 1.841817e+00
3.540000e+00 3.729330e-01
3.600000e+00 1.261815e+00
3.660000e+00 2.074226e+00
3.720000e+00 1.295466e+00
3.780000e+00 1.782913e-01
3.840000e+00 5.594564e-02
3.900000e+00 1.265118e-01
3.960000e+00 1.748464e-02
4.020000e+00 6.459629e-03
4.080000e+00 3.142192e-02
4.140000e+00 5.412969e-02
4.200000e+00 4.510865e-03
4.260000e+00 7.845962e-04
4.320000e+00 1.256602e-03
4.380000e+00 3.268113e-02
4.440000e+00 2.574724e-02
4.500000e+00 4.390102e-03
4.560000e+00 1.192684e-02
4.620000e+00 7.616662e-01
4.680000e+00 4.655606e-03
4.740000e+00 1.419017e-03
4.800000e+00 6.296952e-03
4.860000e+00 2.156408e-03
4.920000e+00 6.649042e-03
4.980000e+00 6.940155e-01
5.040000e+00 2.364860e-04
5.100000e+00 3.541698e-02
5.160000e+00 3.816765e-02
5.220000e+00 3.961500e-03
5.280000e+00 3.206500e-02
5.340000e+00 1.357391e-04
5.400000e+00 1.080560e-04
5.460000e+00 5.991316e-05
5.520000e+00 2.725757e-05
5.580000e+00 9.031747e-05
5.640000e+00 8.051677e-04
5.700000e+00 6.754585e-05
5.760000e+00 1.968611e-04
5.820000e+00 2.691299e-03
5.880000e+00 8.072748e-06
5.940000e+00 2.101714e-05
