0.000000e+00 6.356378e+00
6.000000e-02 5.710540e+00
1.200000e-01 4.913644e+00
1.800000e-01 4.626726e+00
2.400000e-01 4.367469e+00
3.000000e-01 4.091225e+00
3.600000e-01 4.218736e+00
4.200000e-01 4.685435e+00
4.800000e-01 4.723229e+00
5.400000e-01 4.672240e+00
6.000000e-01 4.574140e+00
6.600000e-01 4.419171e+00
7.200000e-01 4.110852e+00
7.800000e-01 3.874269e+00
8.400000e-01 4.046585e+00
9.000000e-01 4.320340e+00
9.600000e-01 4.142987e+00
1.020000e+00 4.384952e+00
1.080000e+00 4.486236e+00
1.140000e+00 4.617266e+00
1.200000e+00 4.120923e+00
1.260000e+00 3.404292e+00
1.320000e+00 2.780242e+00
1.380000e+00 2.814760e+00
1.440000e+00 3.600897e+00
1.500000e+00 2.564739e+00
1.560000e+00 2.319756e+00
1.620000e+00 2.343589e+00
1.680000e+00 2.193665e+00
1.740000e+00 1.839403e+00
1.800000e+00 1.739860e+00
1.860000e+00 6.229566e-01
1.920000e+00 2.016766e+00
1.980000e+00 2.070234e+00
2.040000e+00 1.497284e+00
2.100000e+00 9.175638e-01
2.160000e+00 1.142234e+00
2.220000e+00 5.514945e-01
2.280000e+00 1.723034e+00
2.340000e+00 7.166319e-01
2.400000e+00 9.162276e-01
2.460000e+00 9.362775e-01
2.520000e+00 5.858408e-01
2.580000e+00 9.977165e-01
2.640000e+00 8.499386e-01
2.700000e+00 3.887595e-01
2.760000e+00 2.751865e-01
2.820000e+00 1.346320e-01
2.880000e+00 1.219786e-01
2.940000e+00 1.181192e-01
3.000000e+00 2.620099e-02
3.060000e+00 7.481441e-02
3.120000e+00 1.899885e+00
3.180000e+00 2.177722e-01
3.240000e+00 2.019709e-02
3.300000e+00 4.719633e-02
3.360000e+00 4.126192e-02
3.420000e+00 1.405883e-01
3.480000e+00 1.461075e-01
3.540000e+00 2.846552e-02
3.600000e+00 3.314169e-02
3.660000e+00 1.672772e-03
3.720000e+00 7.226649e-04
3.780000e+00 1.930186e-03
3.840000e+00 8.885306e-02
3.900000e+00 4.832538e-02
3.960000e+00 6.315200e-02
4.020000e+00 4.590668e-02
4.080000e+00 9.672548e-03
4.140000e+00 2.998015e-02
4.200000e+00 7.833848e-01
4.260000e+00 5.511859e-04
4.320000e+00 4.737821e-04
4.380000e+00 1.058039e-02
4.440000e+00 4.252061e-01
4.500000e+00 2.596495e-04
4.560000e+00 6.218567e-04
4.620000e+00 1.553369e-05
4.680000e+00 2.753252e-02
4.740000e+00 1.846701e-02
4.800000e+00 7.918253e-03
4.860000e+00 1.846578e-03
4.920000e+00 4.125466e-04
4.980000e+00 8.260877e-04
5.040000e+00 3.652361e-04
5.100000e+00 1.191885e-05
5.160000e+00 6.102510e-06
5.220000e+00 2.937445e-03
5.280000e+00 8.506707e-03
5.340000e+00 7.039196e-05
5.400000e+00 8.695852e-03
5.460000e+00 4.723916e-01
5.520000e+00 2.155333e-04
5.580000e+00 1.896335e-05
5.640000e+00 2.240093e-07
5.700000e+00 1.681537e-07
5.760000e+00 2.446174e-05
5.820000e+00 2.763099e-05
5.880000e+00 2.022974e-06
5.940000e+00 2.127205e-07
