0.000000e+00 6.356378e+00
6.000000e-02 6.049928e+00
1.200000e-01 5.634508e+00
1.800000e-01 5.355072e+00
2.400000e-01 5.182907e+00
3.000000e-01 5.075085e+00
3.600000e-01 4.980906e+00
4.200000e-01 4.827748e+00
4.800000e-01 4.542999e+00
5.400000e-01 4.245626e+00
6.000000e-01 4.552338e+00
6.600000e-01 5.554557e+00
7.200000e-01 4.993628e+00
7.800000e-01 5.203849e+00
8.400000e-01 4.318178e+00
9.000000e-01 3.798498e+00
9.600000e-01 4.742551e+00
1.020000e+00 5.544524e+00
1.080000e+00 3.791519e+00
1.140000e+00 4.166905e+00
1.200000e+00 3.945411e+00
1.260000e+00 4.354735e+00
1.320000e+00 3.351705e+00
1.380000e+00 2.713258e+00
1.440000e+00 2.334147e+00
1.500000e+00 2.946161e+00
1.560000e+00 2.791963e+00
1.620000e+00 3.235303e+00
1.680000e+00 3.101427e+00
1.740000e+00 3.427039e+00
1.800000e+00 2.422895e+00
1.860000e+00 2.939405e+00
1.920000e+00 2.762422e+00
1.980000e+00 1.345465e+00
2.040000e+00 1.258643e+00
2.100000e+00 1.369610e+00
2.160000e+00 1.893366e+00
2.220000e+00 2.454083e+00
2.280000e+00 1.427574e+00
2.340000e+00 1.049322e+00
2.400000e+00 2.101097e+00
2.460000e+00 2.093640e+00
2.520000e+00 1.538141e+00
2.580000e+00 2.452412e+00
2.640000e+00 1.707646e+00
2.700000e+00 1.652474e+00
2.760000e+00 1.300546e+00
2.820000e+00 6.816926e-01
2.880000e+00 1.127144e+00
2.940000e+00 1.162062e+00
3.000000e+00 1.154574e+00
3.060000e+00 7.835679e-01
3.120000e+00 1.276345e+00
3.180000e+00 2.905356e+00
3.240000e+00 1.835024e+00
3.300000e+00 1.378164e+00
3.360000e+00 7.975205e-01
3.420000e+00 7.857651e-01
3.480000e+00 2.186478e+00
3.540000e+00 1.459272e+00
3.600000e+00 6.168105e-02
3.660000e+00 9.390363e-02
3.720000e+00 1.127774e+00
3.780000e+00 3.257619e-01
3.840000e+00 3.443468e-01
3.900000e+00 4.282893e-01
3.960000e+00 2.049331e-01
4.020000e+00 7.320954e-01
4.080000e+00 2.566376e-01
4.140000e+00 7.090127e-01
4.200000e+00 1.374148e+00
4.260000e+00 1.207549e+00
4.320000e+00 4.089865e-01
4.380000e+00 9.939360e-01
4.440000e+00 1.304331e-02
4.500000e+00 1.302439e-01
4.560000e+00 1.483962e-01
4.620000e+00 7.964462e-02
4.680000e+00 7.331997e-02
4.740000e+00 5.629946e-01
4.800000e+00 1.299939e+00
4.860000e+00 2.131685e-01
4.920000e+00 1.499200e-02
4.980000e+00 1.115807e-02
5.040000e+00 1.307859e-01
5.100000e+00 1.870190e-02
5.160000e+00 1.013796e-02
5.220000e+00 3.724774e-02
5.280000e+00 4.256294e-02
5.340000e+00 2.344872e-01
5.400000e+00 9.671266e-02
5.460000e+00 1.423900e-02
5.520000e+00 7.074839e-05
5.580000e+00 8.353244e-03
5.640000e+00 2.978230e-01
5.700000e+00 1.125703e-01
5.760000e+00 2.491497e-04
5.820000e+00 6.225325e-03
5.880000e+00 6.258046e-04
5.940000e+00 5.158342e-04
