0.000000e+00 6.356378e+00
6.000000e-02 6.177456e+00
1.200000e-01 5.953033e+00
1.800000e-01 5.785910e+00
2.400000e-01 5.634111e+00
3.000000e-01 5.392002e+00
3.600000e-01 5.564836e+00
4.200000e-01 5.482968e+00
4.800000e-01 5.584172e+00
5.400000e-01 5.961749e+00
6.000000e-01 5.944093e+00
6.600000e-01 5.644641e+00
7.200000e-01 5.294524e+00
7.800000e-01 4.837980e+00
8.400000e-01 4.475005e+00
9.000000e-01 4.924891e+00
9.600000e-01 4.759164e+00
1.020000e+00 4.275097e+00
1.080000e+00 4.115752e+00
1.140000e+00 4.006134e+00
1.200000e+00 3.056248e+00
1.260000e+00 3.099094e+00
1.320000e+00 2.899489e+00
1.380000e+00 3.694723e+00
1.440000e+00 4.266514e+00
1.500000e+00 3.801629e+00
1.560000e+00 3.217118e+00
1.620000e+00 3.529850e+00
1.680000e+00 3.311421e+00
1.740000e+00 3.058520e+00
1.800000e+00 2.556215e+00
1.860000e+00 2.643894e+00
1.920000e+00 2.601362e+00
1.980000e+00 3.626724e+00
2.040000e+00 2.985754e+00
2.100000e+00 1.994742e+00
2.160000e+00 2.043396e+00
2.220000e+00 1.302833e+00
2.280000e+00 2.974695e+00
2.340000e+00 2.861407e+00
2.400000e+00 2.084622e+00
2.460000e+00 1.446668e+00
2.520000e+00 2.082070e+00
2.580000e+00 2.360659e+00
2.640000e+00 9.631745e-01
2.700000e+00 1.986307e+00
2.760000e+00 4.671299e-01
2.820000e+00 1.925196e+00
2.880000e+00 8.504991e-01
2.940000e+00 6.571911e-01
3.000000e+00 2.001006e+00
3.060000e+00 4.230048e-01
3.120000e+00 3.094694e-01
3.180000e+00 7.772779e-01
3.240000e+00 1.585705e+00
3.300000e+00 3.245619e-01
3.360000e+00 1.729753e+00
3.420000e+00 5.055362e-01
3.480000e+00 2.063214e-01
3.540000e+00 4.400147e-02
3.600000e+00 3.264664e-02
3.660000e+00 1.057332e-01
3.720000e+00 7.961549e-02
3.780000e+00 2.109571e-01
3.840000e+00 2.908854e-01
3.900000e+00 1.676225e-02
3.960000e+00 3.399836e-01
4.020000e+00 1.351575e-02
4.080000e+00 1.465774e-02
4.140000e+00 1.389403e-01
4.200000e+00 1.702066e-02
4.260000e+00 5.680922e-02
4.320000e+00 1.354856e+00
4.380000e+00 3.505153e-01
4.440000e+00 7.165504e-02
4.500000e+00 1.425179e-02
4.560000e+00 3.727510e-02
4.620000e+00 5.901408e-03
4.680000e+00 2.557587e-03
4.740000e+00 5.076968e-02
4.800000e+00 4.975729e-03
4.860000e+00 4.778136e-01
4.920000e+00 2.899941e-02
4.980000e+00 7.178031e-03
5.040000e+00 2.682560e-03
5.100000e+00 5.742626e-04
5.160000e+00 1.717353e-04
5.220000e+00 4.547142e-04
5.280000e+00 2.785972e-04
5.340000e+00 2.148262e-03
5.400000e+00 1.605259e-03
5.460000e+00 2.144198e-04
5.520000e+00 2.998895e-03
5.580000e+00 1.157191e-01
5.640000e+00 1.021558e-01
5.700000e+00 1.024868e-02
5.760000e+00 1.519231e-02
5.820000e+00 9.337775e-03
5.880000e+00 1.649724e-05
5.940000e+00 8.719544e-06
