0.000000e+00 6.356378e+00
6.000000e-02 6.194319e+00
1.200000e-01 5.908671e+00
1.800000e-01 5.578264e+00
2.400000e-01 5.268417e+00
3.000000e-01 5.037071e+00
3.600000e-01 4.931215e+00
4.200000e-01 4.971225e+00
4.800000e-01 5.147628e+00
5.400000e-01 5.445287e+00
6.000000e-01 5.858029e+00
6.600000e-01 6.241764e+00
7.200000e-01 6.266737e+00
7.800000e-01 5.793825e+00
8.400000e-01 5.081354e+00
9.000000e-01 5.141432e+00
9.600000e-01 5.123969e+00
1.020000e+00 5.181150e+00
1.080000e+00 4.569625e+00
1.140000e+00 4.531654e+00
1.200000e+00 4.352574e+00
1.260000e+00 4.033310e+00
1.320000e+00 3.523012e+00
1.380000e+00 2.068923e+00
1.440000e+00 2.550422e+00
1.500000e+00 3.544507e+00
1.560000e+00 3.067133e+00
1.620000e+00 1.550255e+00
1.680000e+00 1.237465e+00
1.740000e+00 3.304592e-01
1.800000e+00 2.708620e+00
1.860000e+00 2.640647e+00
1.920000e+00 2.041445e+00
1.980000e+00 2.300851e+00
2.040000e+00 1.240017e+00
2.100000e+00 1.684647e+00
2.160000e+00 9.314868e-01
2.220000e+00 2.187881e+00
2.280000e+00 2.147833e+00
2.340000e+00 1.088372e+00
2.400000e+00 2.448614e+00
2.460000e+00 2.643579e+00
2.520000e+00 1.962964e+00
2.580000e+00 1.895777e+00
2.640000e+00 1.194804e+00
2.700000e+00 6.217568e-01
2.760000e+00 7.225052e-01
2.820000e+00 1.877853e+00
2.880000e+00 1.536077e+00
2.940000e+00 1.920533e+00
3.000000e+00 1.907583e-01
3.060000e+00 2.964540e-02
3.120000e+00 5.598257e-02
3.180000e+00 1.499380e-01
3.240000e+00 2.936848e-01
3.300000e+00 7.771347e-02
3.360000e+00 1.199753e-01
3.420000e+00 7.093298e-01
3.480000e+00 2.615526e-01
3.540000e+00 3.023437e-01
3.600000e+00 1.336376e+00
3.660000e+00 1.736153e+00
3.720000e+00 8.357712e-02
3.780000e+00 2.922651e-01
3.840000e+00 1.352881e-01
3.900000e+00 6.423019e-02
3.960000e+00 5.457729e-02
4.020000e+00 1.736516e+00
4.080000e+00 1.825012e-01
4.140000e+00 3.090175e-01
4.200000e+00 2.820254e-03
4.260000e+00 2.755844e-02
4.320000e+00 6.446977e-01
4.380000e+00 1.422153e-03
4.440000e+00 1.051331e-02
4.500000e+00 7.830327e-04
4.560000e+00 2.723347e-02
4.620000e+00 7.193045e-02
4.680000e+00 1.750310e+00
4.740000e+00 5.701967e-03
4.800000e+00 8.042618e-03
4.860000e+00 1.587310e-03
4.920000e+00 1.105350e-04
4.980000e+00 4.820521e-02
5.040000e+00 4.258648e-01
5.100000e+00 8.055903e-03
5.160000e+00 2.770307e-03
5.220000e+00 1.146938e-03
5.280000e+00 7.518355e-05
5.340000e+00 1.215477e-03
5.400000e+00 3.291941e-04
5.460000e+00 6.933297e-07
5.520000e+00 1.354171e-05
5.580000e+00 1.464948e-05
5.640000e+00 2.041958e-03
5.700000e+00 4.181898e-06
5.760000e+00 4.111211e-05
5.820000e+00 1.292767e-05
5.880000e+00 3.956546e-06
5.940000e+00 1.017335e-06
