0.000000e+00 1.518127e+00
6.000000e-02 1.695454e+00
1.200000e-01 2.777794e+00
1.800000e-01 3.271431e+00
2.400000e-01 4.350236e+00
3.000000e-01 3.648192e+00
3.600000e-01 3.658389e+00
4.200000e-01 3.267769e+00
4.800000e-01 3.232425e+00
5.400000e-01 4.316294e+00
6.000000e-01 3.953166e+00
6.600000e-01 3.373856e+00
7.200000e-01 2.514303e+00
7.800000e-01 2.573327e+00
8.400000e-01 2.643319e+00
9.000000e-01 2.550269e+00
9.600000e-01 2.804807e+00
1.020000e+00 3.929812e+00
1.080000e+00 3.154102e+00
1.140000e+00 3.272088e+00
1.200000e+00 2.371684e+00
1.260000e+00 2.324150e+00
1.320000e+00 2.458967e+00
1.380000e+00 2.431511e+00
1.440000e+00 2.596935e+00
1.500000e+00 2.727920e+00
1.560000e+00 2.432138e+00
1.620000e+00 1.980450e+00
1.680000e+00 1.733291e+00
1.740000e+00 1.773975e+00
1.800000e+00 1.985738e+00
1.860000e+00 2.234154e+00
1.920000e+00 2.771724e+00
1.980000e+00 2.342095e+00
2.040000e+00 1.150546e+00
2.100000e+00 7.908027e-01
2.160000e+00 9.271182e-01
2.220000e+00 1.008481e+00
2.280000e+00 1.575023e+00
2.340000e+00 1.299114e+00
2.400000e+00 1.682748e+00
2.460000e+00 1.147175e+00
2.520000e+00 1.988342e+00
2.580000e+00 1.518970e+00
2.640000e+00 8.196859e-01
2.700000e+00 5.246918e-01
2.760000e+00 6.261323e-01
2.820000e+00 1.082266e+00
2.880000e+00 1.529291e+00
2.940000e+00 2.264621e+00
3.000000e+00 1.582262e+00
3.060000e+00 1.569690e+00
3.120000e+00 1.756155e+00
3.180000e+00 2.415412e+00
3.240000e+00 2.693130e+00
3.300000e+00 1.936345e+00
3.360000e+00 8.692832e-01
3.420000e+00 1.077049e+00
3.480000e+00 1.791958e+00
3.540000e+00 1.161100e+00
3.600000e+00 1.041449e+00
3.660000e+00 9.865440e-01
3.720000e+00 1.232748e+00
3.780000e+00 5.706787e-01
3.840000e+00 1.002153e+00
3.900000e+00 1.857386e+00
3.960000e+00 2.247456e+00
4.020000e+00 2.961183e+00
4.080000e+00 1.931611e+00
4.140000e+00 1.221464e+00
4.200000e+00 6.685414e-01
4.260000e+00 1.072339e+00
4.320000e+00 2.070132e+00
4.380000e+00 1.154462e+00
4.440000e+00 1.789719e+00
4.500000e+00 4.521587e-01
4.560000e+00 1.548696e+00
4.620000e+00 1.644886e+00
4.680000e+00 1.164287e+00
4.740000e+00 5.161893e-01
4.800000e+00 1.803873e+00
4.860000e+00 7.261915e-01
4.920000e+00 1.080566e+00
4.980000e+00 3.653090e-01
5.040000e+00 8.258653e-01
5.100000e+00 7.945819e-01
5.160000e+00 1.619165e+00
5.220000e+00 2.052159e-01
5.280000e+00 8.962080e-02
5.340000e+00 2.615566e-01
5.400000e+00 1.529735e+00
5.460000e+00 1.968891e+00
5.520000e+00 3.302202e-01
5.580000e+00 1.217422e+00
5.640000e+00 1.538320e+00
5.700000e+00 4.309200e-01
5.760000e+00 4.187970e-01
5.820000e+00 2.603175e-01
5.880000e+00 3.113802e-01
5.940000e+00 4.941744e-01
