0.000000e+00 2.238991e+01
6.000000e-02 2.228429e+01
1.200000e-01 2.210437e+01
1.800000e-01 2.178637e+01
2.400000e-01 2.130728e+01
3.000000e-01 2.076914e+01
3.600000e-01 2.027085e+01
4.200000e-01 1.976268e+01
4.800000e-01 1.920638e+01
5.400000e-01 1.860011e+01
6.000000e-01 1.798339e+01
6.600000e-01 1.738275e+01
7.200000e-01 1.680046e+01
7.800000e-01 1.622310e+01
8.400000e-01 1.566953e+01
9.000000e-01 1.518238e+01
9.600000e-01 1.467400e+01
1.020000e+00 1.410049e+01
1.080000e+00 1.353410e+01
1.140000e+00 1.303585e+01
1.200000e+00 1.262941e+01
1.260000e+00 1.228868e+01
1.320000e+00 1.198983e+01
1.380000e+00 1.165258e+01
1.440000e+00 1.122436e+01
1.500000e+00 1.079693e+01
1.560000e+00 1.062570e+01
1.620000e+00 1.035164e+01
1.680000e+00 9.953928e+00
1.740000e+00 9.596331e+00
1.800000e+00 9.128757e+00
1.860000e+00 8.617837e+00
1.920000e+00 8.367895e+00
1.980000e+00 7.806190e+00
2.040000e+00 7.583266e+00
2.100000e+00 7.220692e+00
2.160000e+00 7.187207e+00
2.220000e+00 7.156529e+00
2.280000e+00 6.767549e+00
2.340000e+00 6.083399e+00
2.400000e+00 5.867152e+00
2.460000e+00 5.858341e+00
2.520000e+00 6.162406e+00
2.580000e+00 5.581116e+00
2.640000e+00 5.291569e+00
2.700000e+00 5.262347e+00
2.760000e+00 4.670147e+00
2.820000e+00 4.851963e+00
2.880000e+00 4.151026e+00
2.940000e+00 3.892185e+00
3.000000e+00 3.656575e+00
3.060000e+00 3.870662e+00
3.120000e+00 3.985142e+00
3.180000e+00 3.493289e+00
3.240000e+00 3.438182e+00
3.300000e+00 3.550505e+00
3.360000e+00 3.170815e+00
3.420000e+00 2.769399e+00
3.480000e+00 3.563502e+00
3.540000e+00 2.660158e+00
3.600000e+00 2.982240e+00
3.660000e+00 2.768620e+00
3.720000e+00 2.759572e+00
3.780000e+00 3.039385e+00
3.840000e+00 2.841880e+00
3.900000e+00 2.705761e+00
3.960000e+00 2.768769e+00
4.020000e+00 2.568847e+00
4.080000e+00 3.150863e+00
4.140000e+00 2.441033e+00
4.200000e+00 2.360589e+00
4.260000e+00 2.072074e+00
4.320000e+00 2.645353e+00
4.380000e+00 2.079297e+00
4.440000e+00 1.811504e+00
4.500000e+00 1.912656e+00
4.560000e+00 1.618992e+00
4.620000e+00 1.513461e+00
4.680000e+00 1.930363e+00
4.740000e+00 1.651189e+00
4.800000e+00 1.452694e+00
4.860000e+00 1.296812e+00
4.920000e+00 8.364086e-01
4.980000e+00 7.394869e-01
5.040000e+00 1.045416e+00
5.100000e+00 1.440161e+00
5.160000e+00 1.619847e+00
5.220000e+00 1.023766e+00
5.280000e+00 8.487773e-01
5.340000e+00 9.547460e-01
5.400000e+00 5.889637e-01
5.460000e+00 1.053711e+00
5.520000e+00 1.235054e+00
5.580000e+00 7.724318e-01
5.640000e+00 1.114170e+00
5.700000e+00 1.137397e+00
5.760000e+00 1.051751e+00
5.820000e+00 1.338380e+00
5.880000e+00 8.049429e-01
5.940000e+00 5.720034e-01
