0.000000e+00 2.238991e+01
6.000000e-02 2.236433e+01
1.200000e-01 2.230489e+01
1.800000e-01 2.208225e+01
2.400000e-01 2.168267e+01
3.000000e-01 2.121735e+01
3.600000e-01 2.066264e+01
4.200000e-01 2.005487e+01
4.800000e-01 1.946816e+01
5.400000e-01 1.890676e+01
6.000000e-01 1.833600e+01
6.600000e-01 1.777196e+01
7.200000e-01 1.716305e+01
7.800000e-01 1.652226e+01
8.400000e-01 1.591802e+01
9.000000e-01 1.539286e+01
9.600000e-01 1.494566e+01
1.020000e+00 1.459647e+01
1.080000e+00 1.434992e+01
1.140000e+00 1.406221e+01
1.200000e+00 1.360391e+01
1.260000e+00 1.291502e+01
1.320000e+00 1.218709e+01
1.380000e+00 1.163686e+01
1.440000e+00 1.135558e+01
1.500000e+00 1.117953e+01
1.560000e+00 1.078997e+01
1.620000e+00 1.021889e+01
1.680000e+00 9.602571e+00
1.740000e+00 9.297010e+00
1.800000e+00 8.663349e+00
1.860000e+00 8.176119e+00
1.920000e+00 7.930456e+00
1.980000e+00 7.817089e+00
2.040000e+00 7.175281e+00
2.100000e+00 6.759407e+00
2.160000e+00 6.730164e+00
2.220000e+00 6.177143e+00
2.280000e+00 6.072973e+00
2.340000e+00 5.695244e+00
2.400000e+00 5.660555e+00
2.460000e+00 4.971329e+00
2.520000e+00 5.014981e+00
2.580000e+00 4.449817e+00
2.640000e+00 4.566427e+00
2.700000e+00 4.642283e+00
2.760000e+00 4.061117e+00
2.820000e+00 3.846878e+00
2.880000e+00 3.681266e+00
2.940000e+00 4.017113e+00
3.000000e+00 3.938578e+00
3.060000e+00 3.855777e+00
3.120000e+00 3.449288e+00
3.180000e+00 3.004368e+00
3.240000e+00 2.778362e+00
3.300000e+00 3.351281e+00
3.360000e+00 2.889950e+00
3.420000e+00 3.076500e+00
3.480000e+00 2.597826e+00
3.540000e+00 2.998424e+00
3.600000e+00 2.894691e+00
3.660000e+00 2.225920e+00
3.720000e+00 2.595003e+00
3.780000e+00 2.580444e+00
3.840000e+00 2.383268e+00
3.900000e+00 2.504134e+00
3.960000e+00 2.760540e+00
4.020000e+00 2.482245e+00
4.080000e+00 1.995239e+00
4.140000e+00 2.359090e+00
4.200000e+00 2.232397e+00
4.260000e+00 1.931717e+00
4.320000e+00 1.544122e+00
4.380000e+00 1.234520e+00
4.440000e+00 1.936031e+00
4.500000e+00 1.645648e+00
4.560000e+00 1.957873e+00
4.620000e+00 1.419029e+00
4.680000e+00 1.685044e+00
4.740000e+00 1.935125e+00
4.800000e+00 1.579847e+00
4.860000e+00 1.652872e+00
4.920000e+00 1.889427e+00
4.980000e+00 1.706875e+00
5.040000e+00 1.597443e+00
5.100000e+00 1.581763e+00
5.160000e+00 1.175030e+00
5.220000e+00 1.598354e+00
5.280000e+00 1.601713e+00
5.340000e+00 1.180338e+00
5.400000e+00 1.285780e+00
5.460000e+00 1.579820e+00
5.520000e+00 1.541209e+00
5.580000e+00 6.527495e-01
5.640000e+00 7.796804e-01
5.700000e+00 7.398072e-01
5.760000e+00 1.058737e+00
5.820000e+00 1.017075e+00
5.880000e+00 8.785435e-01
5.940000e+00 1.152463e+00
