0.000000e+00 2.238991e+01
6.000000e-02 2.222982e+01
1.200000e-01 2.199196e+01
1.800000e-01 2.159718e+01
2.400000e-01 2.107848e+01
3.000000e-01 2.051041e+01
3.600000e-01 1.996722e+01
4.200000e-01 1.954223e+01
4.800000e-01 1.917876e+01
5.400000e-01 1.873788e+01
6.000000e-01 1.819934e+01
6.600000e-01 1.756004e+01
7.200000e-01 1.688557e+01
7.800000e-01 1.636818e+01
8.400000e-01 1.594802e+01
9.000000e-01 1.549190e+01
9.600000e-01 1.499160e+01
1.020000e+00 1.442099e+01
1.080000e+00 1.380079e+01
1.140000e+00 1.328265e+01
1.200000e+00 1.280272e+01
1.260000e+00 1.227683e+01
1.320000e+00 1.174486e+01
1.380000e+00 1.133387e+01
1.440000e+00 1.088414e+01
1.500000e+00 1.029408e+01
1.560000e+00 9.866969e+00
1.620000e+00 9.422058e+00
1.680000e+00 8.990155e+00
1.740000e+00 8.656767e+00
1.800000e+00 8.326503e+00
1.860000e+00 8.043633e+00
1.920000e+00 7.655392e+00
1.980000e+00 7.291893e+00
2.040000e+00 7.060581e+00
2.100000e+00 6.835487e+00
2.160000e+00 6.644630e+00
2.220000e+00 6.027101e+00
2.280000e+00 5.963879e+00
2.340000e+00 5.863210e+00
2.400000e+00 5.878520e+00
2.460000e+00 5.320575e+00
2.520000e+00 5.394884e+00
2.580000e+00 5.266183e+00
2.640000e+00 5.148561e+00
2.700000e+00 4.526454e+00
2.760000e+00 4.777962e+00
2.820000e+00 4.717540e+00
2.880000e+00 4.710490e+00
2.940000e+00 4.583365e+00
3.000000e+00 4.416346e+00
3.060000e+00 4.116987e+00
3.120000e+00 4.243366e+00
3.180000e+00 4.188561e+00
3.240000e+00 4.062170e+00
3.300000e+00 3.585526e+00
3.360000e+00 3.765284e+00
3.420000e+00 3.286675e+00
3.480000e+00 3.307156e+00
3.540000e+00 3.175513e+00
3.600000e+00 3.354641e+00
3.660000e+00 3.445775e+00
3.720000e+00 2.539257e+00
3.780000e+00 2.599524e+00
3.840000e+00 2.435814e+00
3.900000e+00 2.540274e+00
3.960000e+00 2.636322e+00
4.020000e+00 2.517250e+00
4.080000e+00 2.245431e+00
4.140000e+00 2.742454e+00
4.200000e+00 2.263255e+00
4.260000e+00 2.151065e+00
4.320000e+00 2.428832e+00
4.380000e+00 2.405465e+00
4.440000e+00 1.957843e+00
4.500000e+00 2.205024e+00
4.560000e+00 2.268463e+00
4.620000e+00 1.839503e+00
4.680000e+00 1.736163e+00
4.740000e+00 2.003624e+00
4.800000e+00 1.612413e+00
4.860000e+00 1.872059e+00
4.920000e+00 1.478446e+00
4.980000e+00 2.139500e+00
5.040000e+00 1.789839e+00
5.100000e+00 1.505701e+00
5.160000e+00 1.162875e+00
5.220000e+00 8.689460e-01
5.280000e+00 6.520804e-01
5.340000e+00 1.392364e+00
5.400000e+00 1.645048e+00
5.460000e+00 1.457673e+00
5.520000e+00 1.535541e+00
5.580000e+00 1.345763e+00
5.640000e+00 1.685337e+00
5.700000e+00 1.255883e+00
5.760000e+00 1.098355e+00
5.820000e+00 1.208311e+00
5.880000e+00 7.524347e-01
5.940000e+00 6.859989e-01
