-5.000000e-02 1.401161e-01
-4.990000e-02 1.074335e-01
-4.980000e-02 9.473756e-02
-4.970000e-02 9.734381e-02
-4.960000e-02 1.227708e-01
-4.950000e-02 2.210882e-01
-4.940000e-02 5.409805e-01
-4.930000e-02 1.600717e-01
-4.920000e-02 2.981701e-01
-4.910000e-02 1.440120e+00
-4.900000e-02 1.685981e+00
-4.890000e-02 1.627743e+00
-4.880000e-02 1.722922e+00
-4.870000e-02 1.932515e+00
-4.860000e-02 1.377314e+00
-4.850000e-02 8.756922e-01
-4.840000e-02 8.828710e-01
-4.830000e-02 5.040043e-01
-4.820000e-02 4.475536e-01
-4.810000e-02 3.680362e-01
-4.800000e-02 3.570336e-01
-4.790000e-02 2.751525e-01
-4.780000e-02 2.994750e-01
-4.770000e-02 4.346003e-01
-4.760000e-02 1.706171e+00
-4.750000e-02 7.544316e-01
-4.740000e-02 6.590164e-01
-4.730000e-02 9.705869e-02
-4.720000e-02 8.235553e-02
-4.710000e-02 1.574352e-01
-4.700000e-02 2.215355e-01
-4.690000e-02 1.240235e-01
-4.680000e-02 1.102947e-01
-4.670000e-02 2.446662e-01
-4.660000e-02 4.153700e-01
-4.650000e-02 1.047594e-01
-4.640000e-02 1.021705e-01
-4.630000e-02 1.003840e+00
-4.620000e-02 5.592010e-01
-4.610000e-02 3.637788e-01
-4.600000e-02 4.618317e-01
-4.590000e-02 4.568642e-01
-4.580000e-02 1.457412e-01
-4.570000e-02 1.135122e-01
-4.560000e-02 9.255347e-02
-4.550000e-02 8.989334e-02
-4.540000e-02 1.884602e-01
-4.530000e-02 2.759110e-01
-4.520000e-02 9.464599e-02
-4.510000e-02 8.123852e-02
-4.500000e-02 5.312138e-01
-4.490000e-02 1.103472e-01
-4.480000e-02 1.018982e-01
-4.470000e-02 1.802226e-01
-4.460000e-02 2.514883e-01
-4.450000e-02 5.501798e-01
-4.440000e-02 1.974568e+00
-4.430000e-02 5.248748e-01
-4.420000e-02 9.761284e-01
-4.410000e-02 1.268783e+00
-4.400000e-02 9.861903e-01
-4.390000e-02 4.888174e-01
-4.380000e-02 2.340281e-01
-4.370000e-02 2.129896e-01
-4.360000e-02 2.412547e-01
-4.350000e-02 2.558245e-01
-4.340000e-02 2.997539e-01
-4.330000e-02 4.306211e-01
-4.320000e-02 8.762968e-01
-4.310000e-02 2.032215e+00
-4.300000e-02 1.083780e+00
-4.290000e-02 3.067712e-01
-4.280000e-02 1.207421e-01
-4.270000e-02 6.160159e-02
-4.260000e-02 3.739688e-02
-4.250000e-02 2.574404e-02
-4.240000e-02 1.952882e-02
-4.230000e-02 1.625903e-02
-4.220000e-02 1.669327e-02
-4.210000e-02 3.648849e-02
-4.200000e-02 2.787593e-01
-4.190000e-02 2.225781e+00
-4.180000e-02 1.109765e+00
-4.170000e-02 6.986351e-01
-4.160000e-02 5.340403e-01
-4.150000e-02 6.422792e-01
-4.140000e-02 2.366601e-01
-4.130000e-02 2.313978e-01
-4.120000e-02 2.808343e-01
-4.110000e-02 3.812938e-01
-4.100000e-02 4.096978e-01
-4.090000e-02 3.186005e-01
-4.080000e-02 3.386767e-01
-4.070000e-02 7.922037e-02
-4.060000e-02 6.793187e-02
-4.050000e-02 3.777713e-01
-4.040000e-02 7.941244e-01
-4.030000e-02 1.949495e+00
-4.020000e-02 8.588188e-01
-4.010000e-02 6.841742e-01
-4.000000e-02 1.362273e+00
-3.990000e-02 4.706627e-01
-3.980000e-02 3.206433e-01
-3.970000e-02 5.054055e-01
-3.960000e-02 1.273985e-01
-3.950000e-02 8.120297e-02
-3.940000e-02 1.871470e-01
-3.930000e-02 5.084620e-01
-3.920000e-02 5.542920e-01
-3.910000e-02 1.383727e+00
-3.900000e-02 8.628899e-01
-3.890000e-02 1.814349e-01
-3.880000e-02 5.801752e-02
-3.870000e-02 2.264539e-02
-3.860000e-02 9.743415e-03
-3.850000e-02 5.439886e-02
-3.840000e-02 1.809118e-01
-3.830000e-02 5.303216e-02
-3.820000e-02 3.228951e-02
-3.810000e-02 7.522027e-03
-3.800000e-02 7.247187e-03
-3.790000e-02 9.518564e-03
-3.780000e-02 1.843421e-02
-3.770000e-02 1.059076e-01
-3.760000e-02 8.784125e-02
-3.750000e-02 2.836690e-02
-3.740000e-02 5.052247e-02
-3.730000e-02 8.300012e-01
-3.720000e-02 1.530313e-01
-3.710000e-02 1.372017e+00
-3.700000e-02 1.037047e+00
-3.690000e-02 1.450890e-01
-3.680000e-02 1.658047e-01
-3.670000e-02 4.804374e-01
-3.660000e-02 6.309226e-01
-3.650000e-02 3.603867e-01
-3.640000e-02 3.273925e-01
-3.630000e-02 2.387533e-01
-3.620000e-02 4.389732e-01
-3.610000e-02 1.522314e+00
-3.600000e-02 1.719219e+00
-3.590000e-02 7.066504e-01
-3.580000e-02 6.963152e-02
-3.570000e-02 1.388371e-02
-3.560000e-02 3.202273e-02
-3.550000e-02 2.811668e-01
-3.540000e-02 3.400365e-01
-3.530000e-02 1.413411e-01
-3.520000e-02 2.784234e-01
-3.510000e-02 7.230241e-01
-3.500000e-02 6.546602e-01
-3.490000e-02 4.915747e-01
-3.480000e-02 4.679670e-01
-3.470000e-02 1.616860e-01
-3.460000e-02 4.414273e-02
-3.450000e-02 4.788716e-02
-3.440000e-02 1.065804e-01
-3.430000e-02 2.838606e-01
-3.420000e-02 9.300806e-01
-3.410000e-02 5.189609e-01
-3.400000e-02 1.281824e+00
-3.390000e-02 1.315336e+00
-3.380000e-02 1.065926e+00
-3.370000e-02 8.360099e-01
-3.360000e-02 6.371690e-01
-3.350000e-02 3.377137e-01
-3.340000e-02 2.381401e-01
-3.330000e-02 2.982463e-01
-3.320000e-02 6.977584e-01
-3.310000e-02 1.683513e+00
-3.300000e-02 9.401320e-01
-3.290000e-02 4.802596e-01
-3.280000e-02 2.455905e-01
-3.270000e-02 1.742787e-01
-3.260000e-02 1.447243e-01
-3.250000e-02 1.556111e-01
-3.240000e-02 2.465793e-01
-3.230000e-02 6.581786e-01
-3.220000e-02 2.098514e+00
-3.210000e-02 1.918154e+00
-3.200000e-02 1.643964e+00
-3.190000e-02 1.382825e+00
-3.180000e-02 1.661439e+00
-3.170000e-02 1.833347e+00
-3.160000e-02 1.005298e+00
-3.150000e-02 4.469307e-01
-3.140000e-02 3.628301e-01
-3.130000e-02 6.531928e-01
-3.120000e-02 1.101673e-01
-3.110000e-02 6.432451e-02
-3.100000e-02 5.491650e-02
-3.090000e-02 1.071627e-01
-3.080000e-02 3.612958e-01
-3.070000e-02 5.336209e-02
-3.060000e-02 1.254207e-02
-3.050000e-02 1.236088e-02
-3.040000e-02 1.452481e-02
-3.030000e-02 2.027001e-02
-3.020000e-02 3.806261e-02
-3.010000e-02 1.621683e-01
-3.000000e-02 8.391933e-01
-2.990000e-02 1.999824e-01
-2.980000e-02 5.257413e-01
-2.970000e-02 1.014900e+00
-2.960000e-02 1.299504e-01
-2.950000e-02 5.418092e-02
-2.940000e-02 3.313800e-02
-2.930000e-02 2.556272e-02
-2.920000e-02 2.362175e-02
-2.910000e-02 2.575126e-02
-2.900000e-02 3.364132e-02
-2.890000e-02 1.397523e-01
-2.880000e-02 1.838669e-01
-2.870000e-02 7.126733e-01
-2.860000e-02 3.369756e-01
-2.850000e-02 9.470306e-02
-2.840000e-02 1.403832e-01
-2.830000e-02 3.519444e-01
-2.820000e-02 1.345272e-01
-2.810000e-02 1.237724e-01
-2.800000e-02 3.971963e-01
-2.790000e-02 5.306522e-01
-2.780000e-02 9.296173e-02
-2.770000e-02 9.473357e-02
-2.760000e-02 1.749762e-01
-2.750000e-02 7.444350e-01
-2.740000e-02 6.208805e-01
-2.730000e-02 2.710393e-01
-2.720000e-02 5.805340e-01
-2.710000e-02 1.749312e-01
-2.700000e-02 1.032680e-01
-2.690000e-02 5.131611e-01
-2.680000e-02 1.626459e+00
-2.670000e-02 3.784289e-01
-2.660000e-02 1.125860e-01
-2.650000e-02 7.737070e-02
-2.640000e-02 1.295759e-01
-2.630000e-02 5.565508e-02
-2.620000e-02 7.364724e-02
-2.610000e-02 3.752739e-01
-2.600000e-02 2.814432e-02
-2.590000e-02 5.236902e-02
-2.580000e-02 1.755191e+00
-2.570000e-02 5.074072e-01
-2.560000e-02 7.181720e-01
-2.550000e-02 1.555450e+00
-2.540000e-02 7.695100e-01
-2.530000e-02 4.502416e-01
-2.520000e-02 5.286951e-01
-2.510000e-02 3.328396e-01
-2.500000e-02 6.417368e-02
-2.490000e-02 4.398512e-02
-2.480000e-02 1.031440e-01
-2.470000e-02 2.126014e-02
-2.460000e-02 2.396162e-02
-2.450000e-02 9.664183e-02
-2.440000e-02 1.055646e+00
-2.430000e-02 7.457186e-02
-2.420000e-02 5.620158e-02
-2.410000e-02 1.558589e-01
-2.400000e-02 1.064573e+00
-2.390000e-02 4.959143e-02
-2.380000e-02 2.090977e-02
-2.370000e-02 6.330874e-02
-2.360000e-02 1.403344e-01
-2.350000e-02 2.774650e-02
-2.340000e-02 7.114387e-02
-2.330000e-02 2.399294e-01
-2.320000e-02 5.177385e-01
-2.310000e-02 1.867428e+00
-2.300000e-02 6.567463e-01
-2.290000e-02 1.010383e+00
-2.280000e-02 1.925554e+00
-2.270000e-02 1.029670e+00
-2.260000e-02 7.960760e-01
-2.250000e-02 1.321174e+00
-2.240000e-02 1.189359e+00
-2.230000e-02 2.290995e-01
-2.220000e-02 1.490727e-01
-2.210000e-02 2.212929e-01
-2.200000e-02 1.865304e-01
-2.190000e-02 1.953636e-01
-2.180000e-02 2.540045e-01
-2.170000e-02 4.204169e-01
-2.160000e-02 9.670442e-01
-2.150000e-02 1.866720e+00
-2.140000e-02 6.838877e-01
-2.130000e-02 7.878149e-01
-2.120000e-02 9.738602e-02
-2.110000e-02 6.755856e-02
-2.100000e-02 7.222470e-02
-2.090000e-02 1.172999e-01
-2.080000e-02 2.892325e-01
-2.070000e-02 9.630312e-01
-2.060000e-02 7.911903e-01
-2.050000e-02 2.967837e-01
-2.040000e-02 1.542441e-01
-2.030000e-02 1.033183e-01
-2.020000e-02 8.453557e-02
-2.010000e-02 8.778291e-02
-2.000000e-02 1.481804e-01
-1.990000e-02 1.301808e+00
-1.980000e-02 2.274885e-01
-1.970000e-02 1.237069e-01
-1.960000e-02 3.337309e-01
-1.950000e-02 1.272231e+00
-1.940000e-02 2.031787e+00
-1.930000e-02 1.025379e+00
-1.920000e-02 5.812754e-01
-1.910000e-02 8.548599e-01
-1.900000e-02 9.234759e-01
-1.890000e-02 1.233808e+00
-1.880000e-02 7.568936e-01
-1.870000e-02 2.624237e-01
-1.860000e-02 2.187192e-01
-1.850000e-02 3.053455e-01
-1.840000e-02 7.737988e-01
-1.830000e-02 2.082696e+00
-1.820000e-02 1.538979e+00
-1.810000e-02 1.203849e+00
-1.800000e-02 4.596257e-01
-1.790000e-02 2.350849e-01
-1.780000e-02 2.677580e-01
-1.770000e-02 6.858524e-01
-1.760000e-02 1.794284e+00
-1.750000e-02 1.382458e+00
-1.740000e-02 1.311860e+00
-1.730000e-02 1.090942e+00
-1.720000e-02 4.535709e-01
-1.710000e-02 2.617382e-01
-1.700000e-02 2.400924e-01
-1.690000e-02 3.162093e-01
-1.680000e-02 4.750578e-01
-1.670000e-02 9.273529e-01
-1.660000e-02 1.156554e+00
-1.650000e-02 6.950552e-01
-1.640000e-02 1.103659e+00
-1.630000e-02 1.180395e-01
-1.620000e-02 4.348400e-01
-1.610000e-02 7.236492e-01
-1.600000e-02 7.143200e-01
-1.590000e-02 6.211013e-01
-1.580000e-02 5.190898e-01
-1.570000e-02 4.337195e-01
-1.560000e-02 1.870340e+00
-1.550000e-02 1.777783e+00
-1.540000e-02 1.830963e+00
-1.530000e-02 1.332008e+00
-1.520000e-02 7.225891e-01
-1.510000e-02 5.352145e-01
-1.500000e-02 5.356610e-01
-1.490000e-02 5.294995e-01
-1.480000e-02 8.917099e-01
-1.470000e-02 2.044398e+00
-1.460000e-02 9.744456e-01
-1.450000e-02 8.971472e-01
-1.440000e-02 1.753040e+00
-1.430000e-02 3.941532e-01
-1.420000e-02 1.487411e-01
-1.410000e-02 1.097717e-01
-1.400000e-02 1.278540e-01
-1.390000e-02 2.263050e-01
-1.380000e-02 6.134973e-01
-1.370000e-02 1.280014e+00
-1.360000e-02 1.051051e+00
-1.350000e-02 6.975821e-01
-1.340000e-02 5.569055e-01
-1.330000e-02 4.895370e-01
-1.320000e-02 4.273003e-01
-1.310000e-02 3.980837e-01
-1.300000e-02 1.216775e+00
-1.290000e-02 3.235025e-01
-1.280000e-02 3.263891e-01
-1.270000e-02 6.208867e-01
-1.260000e-02 2.125023e+00
-1.250000e-02 1.611887e+00
-1.240000e-02 3.275305e-01
-1.230000e-02 1.189279e-01
-1.220000e-02 7.106588e-02
-1.210000e-02 8.220646e-02
-1.200000e-02 2.405587e-01
-1.190000e-02 1.776345e-01
-1.180000e-02 1.014951e-01
-1.170000e-02 1.814925e-01
-1.160000e-02 9.925302e-01
-1.150000e-02 1.491758e-01
-1.140000e-02 4.520215e-02
-1.130000e-02 2.207526e-02
-1.120000e-02 2.171154e-02
-1.110000e-02 3.843789e-02
-1.100000e-02 8.279022e-02
-1.090000e-02 1.669569e-01
-1.080000e-02 2.806054e-01
-1.070000e-02 4.801839e-01
-1.060000e-02 1.351922e+00
-1.050000e-02 1.047690e+00
-1.040000e-02 3.696147e-01
-1.030000e-02 3.215456e-01
-1.020000e-02 7.060185e-01
-1.010000e-02 6.158501e-01
-1.000000e-02 4.810794e-01
-9.900000e-03 4.940482e-01
-9.800000e-03 2.089922e-01
-9.700000e-03 1.804097e-01
-9.600000e-03 2.619262e-01
-9.500000e-03 6.330444e-01
-9.400000e-03 2.006192e+00
-9.300000e-03 3.641196e-01
-9.200000e-03 1.478144e-01
-9.100000e-03 1.194686e-01
-9.000000e-03 1.310442e-01
-8.900000e-03 1.236986e-01
-8.800000e-03 7.775705e-02
-8.700000e-03 5.970653e-02
-8.600000e-03 1.857541e-01
-8.500000e-03 6.840944e-01
-8.400000e-03 1.593191e-01
-8.300000e-03 7.529663e-02
-8.200000e-03 5.085592e-02
-8.100000e-03 4.169377e-02
-8.000000e-03 3.941993e-02
-7.900000e-03 4.300930e-02
-7.800000e-03 5.809508e-02
-7.700000e-03 1.392464e-01
-7.600000e-03 1.287553e+00
-7.500000e-03 1.305826e-01
-7.400000e-03 2.459400e-01
-7.300000e-03 4.791571e-01
-7.200000e-03 4.375745e-01
-7.100000e-03 6.408047e-01
-7.000000e-03 1.310587e+00
-6.900000e-03 3.384311e-01
-6.800000e-03 9.701007e-02
-6.700000e-03 5.646426e-02
-6.600000e-03 1.194528e-01
-6.500000e-03 1.537565e-01
-6.400000e-03 1.080003e-01
-6.300000e-03 2.464910e-01
-6.200000e-03 1.024920e+00
-6.100000e-03 4.623382e-01
-6.000000e-03 9.223009e-01
-5.900000e-03 6.303645e-01
-5.800000e-03 5.032128e-01
-5.700000e-03 8.379972e-01
-5.600000e-03 1.182621e+00
-5.500000e-03 1.113848e+00
-5.400000e-03 1.191133e+00
-5.300000e-03 1.417193e+00
-5.200000e-03 1.086607e+00
-5.100000e-03 6.022630e-01
-5.000000e-03 3.322111e-01
-4.900000e-03 2.289320e-01
-4.800000e-03 2.575948e-01
-4.700000e-03 6.295316e-01
-4.600000e-03 4.594164e-01
-4.500000e-03 5.954841e-01
-4.400000e-03 1.598474e+00
-4.300000e-03 1.724467e+00
-4.200000e-03 3.608900e-01
-4.100000e-03 3.238150e-01
-4.000000e-03 6.263897e-01
-3.900000e-03 3.993415e-01
-3.800000e-03 9.955869e-02
-3.700000e-03 4.759588e-02
-3.600000e-03 3.520153e-02
-3.500000e-03 3.437523e-02
-3.400000e-03 4.156062e-02
-3.300000e-03 6.242581e-02
-3.200000e-03 1.267098e-01
-3.100000e-03 4.545031e-01
-3.000000e-03 1.958349e+00
-2.900000e-03 8.328395e-01
-2.800000e-03 7.809959e-02
-2.700000e-03 1.516742e-01
-2.600000e-03 3.654053e-01
-2.500000e-03 9.298919e-02
-2.400000e-03 4.005511e-01
-2.300000e-03 5.681254e-02
-2.200000e-03 2.966936e-02
-2.100000e-03 3.730417e-02
-2.000000e-03 8.957247e-02
-1.900000e-03 1.114016e+00
-1.800000e-03 1.294351e-01
-1.700000e-03 3.132741e-02
-1.600000e-03 1.654837e-02
-1.500000e-03 1.441812e-02
-1.400000e-03 2.806081e-02
-1.300000e-03 4.884690e-01
-1.200000e-03 1.241990e-01
-1.100000e-03 4.648864e-02
-1.000000e-03 3.818608e-02
-9.000000e-04 4.666947e-02
-8.000000e-04 9.327599e-02
-7.000000e-04 8.226875e-01
-6.000000e-04 1.359921e-01
-5.000000e-04 2.392685e-02
-4.000000e-04 1.431195e-02
-3.000000e-04 1.123679e-01
-2.000000e-04 1.617506e-01
-1.000000e-04 5.986653e-01
1.429412e-15 1.014686e-01
1.000000e-04 4.243235e-01
2.000000e-04 1.627161e+00
3.000000e-04 8.554450e-01
4.000000e-04 5.467917e-02
5.000000e-04 6.026383e-01
6.000000e-04 1.065438e+00
7.000000e-04 1.216978e+00
8.000000e-04 6.008276e-01
9.000000e-04 2.640278e-01
1.000000e-03 1.549667e-01
1.100000e-03 1.653501e-01
1.200000e-03 6.800287e-02
1.300000e-03 4.911976e-02
1.400000e-03 4.166811e-02
1.500000e-03 3.962695e-02
1.600000e-03 4.277475e-02
1.700000e-03 5.683843e-02
1.800000e-03 1.563884e-01
1.900000e-03 3.183839e-01
2.000000e-03 2.741313e-01
2.100000e-03 1.130563e+00
2.200000e-03 2.023237e-02
2.300000e-03 5.291295e-03
2.400000e-03 4.670934e-03
2.500000e-03 5.383481e-03
2.600000e-03 2.098601e-02
2.700000e-03 9.004966e-01
2.800000e-03 6.638497e-02
2.900000e-03 3.340040e-02
3.000000e-03 4.544969e-02
3.100000e-03 3.356683e-01
3.200000e-03 1.047322e-01
3.300000e-03 5.659526e-02
3.400000e-03 7.128164e-02
3.500000e-03 1.578394e-01
3.600000e-03 6.973069e-01
3.700000e-03 1.414554e+00
3.800000e-03 5.008973e-01
3.900000e-03 2.396058e-01
4.000000e-03 1.527591e-01
4.100000e-03 1.002584e-01
4.200000e-03 7.056859e-02
4.300000e-03 5.919007e-02
4.400000e-03 1.113145e-01
4.500000e-03 1.911701e-01
4.600000e-03 7.291803e-02
4.700000e-03 1.221372e-01
4.800000e-03 3.606810e-01
4.900000e-03 7.249912e-02
5.000000e-03 1.198510e-01
5.100000e-03 5.619162e-01
5.200000e-03 1.498694e+00
5.300000e-03 9.370356e-01
5.400000e-03 2.338546e-01
5.500000e-03 8.148152e-02
5.600000e-03 5.526512e-02
5.700000e-03 6.085934e-02
5.800000e-03 1.074119e-01
5.900000e-03 6.727245e-02
6.000000e-03 2.038381e-02
6.100000e-03 2.458685e-01
6.200000e-03 1.123982e-01
6.300000e-03 7.454074e-01
6.400000e-03 7.190909e-02
6.500000e-03 1.081400e-01
6.600000e-03 1.229762e-01
6.700000e-03 1.286045e-01
6.800000e-03 4.845824e-01
6.900000e-03 3.227179e-01
7.000000e-03 4.941061e-01
7.100000e-03 9.700491e-01
7.200000e-03 5.813323e-01
7.300000e-03 2.553199e-01
7.400000e-03 5.648573e-01
7.500000e-03 1.128800e-01
7.600000e-03 6.564309e-02
7.700000e-03 5.575118e-02
7.800000e-03 5.309941e-02
7.900000e-03 4.579900e-02
8.000000e-03 3.295471e-02
8.100000e-03 2.357212e-02
8.200000e-03 2.056900e-02
8.300000e-03 2.515412e-02
8.400000e-03 5.055795e-02
8.500000e-03 4.115195e-01
8.600000e-03 2.134596e-01
8.700000e-03 1.984224e-01
8.800000e-03 3.342555e-01
8.900000e-03 1.637645e+00
9.000000e-03 7.457814e-02
9.100000e-03 1.376202e-01
9.200000e-03 5.164305e-01
9.300000e-03 8.454311e-01
9.400000e-03 5.637437e-01
9.500000e-03 5.391334e-01
9.600000e-03 1.046609e+00
9.700000e-03 1.678342e+00
9.800000e-03 5.791466e-01
9.900000e-03 7.859990e-02
1.000000e-02 5.741592e-02
1.010000e-02 1.033838e-01
1.020000e-02 1.990404e-01
1.030000e-02 3.804076e-01
1.040000e-02 7.465292e-01
1.050000e-02 1.436070e+00
1.060000e-02 2.001165e+00
1.070000e-02 1.598752e+00
1.080000e-02 1.055162e+00
1.090000e-02 7.620581e-01
1.100000e-02 4.642231e-01
1.110000e-02 2.105397e-01
1.120000e-02 1.694717e-01
1.130000e-02 1.883070e-01
1.140000e-02 1.264038e-01
1.150000e-02 4.426123e-02
1.160000e-02 2.214406e-02
1.170000e-02 1.857600e-02
1.180000e-02 2.178653e-02
1.190000e-02 3.073552e-02
1.200000e-02 5.002865e-02
1.210000e-02 9.152939e-02
1.220000e-02 1.513508e-01
1.230000e-02 1.612524e-01
1.240000e-02 1.393221e-01
1.250000e-02 1.333014e-01
1.260000e-02 1.554681e-01
1.270000e-02 3.012546e-01
1.280000e-02 2.438073e-01
1.290000e-02 3.831573e-01
1.300000e-02 1.841069e+00
1.310000e-02 2.721175e-01
1.320000e-02 2.675899e-01
1.330000e-02 2.181916e-01
1.340000e-02 7.570537e-02
1.350000e-02 2.530052e-02
1.360000e-02 1.753411e-02
1.370000e-02 2.826802e-02
1.380000e-02 9.420148e-02
1.390000e-02 1.653164e+00
1.400000e-02 9.660404e-01
1.410000e-02 5.841229e-01
1.420000e-02 2.223437e-01
1.430000e-02 4.731839e-01
1.440000e-02 1.596935e+00
1.450000e-02 4.596972e-01
1.460000e-02 1.713267e-01
1.470000e-02 9.088593e-02
1.480000e-02 1.005714e-01
1.490000e-02 4.584837e-01
1.500000e-02 1.576973e-01
1.510000e-02 1.020885e-01
1.520000e-02 7.227878e-02
1.530000e-02 4.874019e-02
1.540000e-02 1.433806e-01
1.550000e-02 1.309219e+00
1.560000e-02 1.969264e+00
1.570000e-02 7.964931e-01
1.580000e-02 1.188368e+00
1.590000e-02 1.504607e+00
1.600000e-02 2.401460e-01
1.610000e-02 5.224767e-01
1.620000e-02 1.524919e+00
1.630000e-02 4.916328e-01
1.640000e-02 2.311354e-01
1.650000e-02 1.587409e-01
1.660000e-02 1.572187e-01
1.670000e-02 2.551533e-01
1.680000e-02 1.045891e+00
1.690000e-02 4.719617e-01
1.700000e-02 1.254757e-01
1.710000e-02 1.260243e-01
1.720000e-02 2.145316e-01
1.730000e-02 4.000307e-01
1.740000e-02 1.969710e+00
1.750000e-02 1.236239e+00
1.760000e-02 1.323746e+00
1.770000e-02 1.192365e+00
1.780000e-02 9.004917e-01
1.790000e-02 1.529347e+00
1.800000e-02 4.603626e-01
1.810000e-02 2.922824e-01
1.820000e-02 1.143786e+00
1.830000e-02 5.057581e-01
1.840000e-02 3.554088e-01
1.850000e-02 5.016752e-01
1.860000e-02 1.298244e+00
1.870000e-02 1.558434e+00
1.880000e-02 1.378792e+00
1.890000e-02 4.370890e-01
1.900000e-02 2.687207e-01
1.910000e-02 1.899563e-01
1.920000e-02 1.977370e-01
1.930000e-02 4.691993e-01
1.940000e-02 1.332642e+00
1.950000e-02 4.543694e-01
1.960000e-02 7.139208e-01
1.970000e-02 2.390623e+00
1.980000e-02 1.035858e+00
1.990000e-02 3.208271e-01
2.000000e-02 1.741164e-01
2.010000e-02 2.896528e-01
2.020000e-02 5.518441e-01
2.030000e-02 8.038227e-01
2.040000e-02 1.811548e+00
2.050000e-02 9.365684e-01
2.060000e-02 3.164286e-01
2.070000e-02 1.842696e-01
2.080000e-02 1.523212e-01
2.090000e-02 1.610729e-01
2.100000e-02 2.152457e-01
2.110000e-02 3.971882e-01
2.120000e-02 1.047083e+00
2.130000e-02 1.052263e+00
2.140000e-02 8.129248e-01
2.150000e-02 8.686106e-01
2.160000e-02 3.402872e-01
2.170000e-02 8.099254e-02
2.180000e-02 8.749790e-02
2.190000e-02 2.091849e-01
2.200000e-02 9.500547e-01
2.210000e-02 1.451646e+00
2.220000e-02 1.503184e+00
2.230000e-02 8.345295e-01
2.240000e-02 7.139195e-01
2.250000e-02 7.906926e-02
2.260000e-02 6.144111e-02
2.270000e-02 8.693953e-02
2.280000e-02 1.242616e-01
2.290000e-02 1.792017e-01
2.300000e-02 2.611095e-01
2.310000e-02 1.922527e+00
2.320000e-02 8.503732e-01
2.330000e-02 3.175218e-01
2.340000e-02 1.808874e-01
2.350000e-02 1.253769e-01
2.360000e-02 9.650986e-02
2.370000e-02 1.437566e-01
2.380000e-02 3.278622e-01
2.390000e-02 3.961915e-01
2.400000e-02 5.995050e-01
2.410000e-02 1.167597e+00
2.420000e-02 1.731736e+00
2.430000e-02 1.352381e+00
2.440000e-02 6.046932e-01
2.450000e-02 4.201846e-01
2.460000e-02 3.432439e-01
2.470000e-02 3.094482e-01
2.480000e-02 2.971214e-01
2.490000e-02 2.985073e-01
2.500000e-02 3.128840e-01
2.510000e-02 3.435386e-01
2.520000e-02 3.779080e-01
2.530000e-02 3.550891e-01
2.540000e-02 3.397173e-01
2.550000e-02 5.531213e-01
2.560000e-02 1.399019e+00
2.570000e-02 1.701080e+00
2.580000e-02 8.333996e-01
2.590000e-02 8.800279e-01
2.600000e-02 1.635193e+00
2.610000e-02 6.478918e-01
2.620000e-02 9.091615e-01
2.630000e-02 2.654518e-01
2.640000e-02 5.259945e-01
2.650000e-02 1.843733e+00
2.660000e-02 1.223065e+00
2.670000e-02 7.911355e-01
2.680000e-02 1.932269e-01
2.690000e-02 9.854611e-02
2.700000e-02 8.875126e-02
2.710000e-02 1.150612e-01
2.720000e-02 1.902260e-01
2.730000e-02 3.852413e-01
2.740000e-02 8.984940e-01
2.750000e-02 1.390425e+00
2.760000e-02 8.902853e-01
2.770000e-02 5.403125e-01
2.780000e-02 4.736955e-01
2.790000e-02 1.265642e+00
2.800000e-02 9.773957e-02
2.810000e-02 8.467803e-02
2.820000e-02 1.634430e-01
2.830000e-02 4.679504e-01
2.840000e-02 1.599517e+00
2.850000e-02 1.741120e+00
2.860000e-02 1.805700e+00
2.870000e-02 1.547630e+00
2.880000e-02 3.607166e-01
2.890000e-02 1.027147e-01
2.900000e-02 4.548570e-02
2.910000e-02 3.084980e-02
2.920000e-02 3.433323e-02
2.930000e-02 8.307306e-02
2.940000e-02 1.541027e+00
2.950000e-02 5.174774e-01
2.960000e-02 1.135609e+00
2.970000e-02 6.101854e-01
2.980000e-02 1.698405e+00
2.990000e-02 9.001842e-01
3.000000e-02 5.155745e-01
3.010000e-02 3.229776e-01
3.020000e-02 2.206040e-01
3.030000e-02 1.625776e-01
3.040000e-02 1.222608e-01
3.050000e-02 1.243084e-01
3.060000e-02 2.768285e-01
3.070000e-02 1.113837e+00
3.080000e-02 5.481707e-01
3.090000e-02 1.039290e-01
3.100000e-02 1.511270e-01
3.110000e-02 3.606838e-02
3.120000e-02 1.066460e-01
3.130000e-02 5.933809e-01
3.140000e-02 5.451869e-01
3.150000e-02 2.830777e-01
3.160000e-02 1.355767e-01
3.170000e-02 5.272008e-02
3.180000e-02 3.039188e-02
3.190000e-02 2.693671e-02
3.200000e-02 3.239750e-02
3.210000e-02 5.326638e-02
3.220000e-02 1.523907e-01
3.230000e-02 1.242687e-01
3.240000e-02 1.586795e-01
3.250000e-02 5.571053e-01
3.260000e-02 6.982006e-01
3.270000e-02 5.380873e-01
3.280000e-02 5.715875e-01
3.290000e-02 7.806479e-01
3.300000e-02 9.766620e-01
3.310000e-02 8.685827e-01
3.320000e-02 6.662057e-01
3.330000e-02 5.458317e-01
3.340000e-02 5.946164e-01
3.350000e-02 1.659479e+00
3.360000e-02 8.357658e-01
3.370000e-02 8.067885e-01
3.380000e-02 2.342772e-01
3.390000e-02 9.959025e-02
3.400000e-02 5.485786e-02
3.410000e-02 9.101181e-02
3.420000e-02 1.929363e+00
3.430000e-02 4.068908e-01
3.440000e-02 2.073653e-01
3.450000e-02 3.466160e-01
3.460000e-02 1.397249e+00
3.470000e-02 1.773802e+00
3.480000e-02 1.347802e+00
3.490000e-02 1.503352e+00
3.500000e-02 5.401688e-01
3.510000e-02 2.166361e-01
3.520000e-02 5.511616e-01
3.530000e-02 4.706518e-01
3.540000e-02 5.692006e-01
3.550000e-02 3.147267e-01
3.560000e-02 1.042248e-01
3.570000e-02 6.810259e-02
3.580000e-02 1.308352e-01
3.590000e-02 1.520465e+00
3.600000e-02 2.436522e-01
3.610000e-02 3.107128e-01
3.620000e-02 7.341779e-01
3.630000e-02 3.380297e-01
3.640000e-02 6.517463e-01
3.650000e-02 1.098871e-01
3.660000e-02 1.020519e+00
3.670000e-02 1.576130e+00
3.680000e-02 5.069162e-01
3.690000e-02 3.114732e-01
3.700000e-02 1.950205e-01
3.710000e-02 1.249117e-01
3.720000e-02 8.308870e-02
3.730000e-02 5.847940e-02
3.740000e-02 4.392252e-02
3.750000e-02 3.517122e-02
3.760000e-02 2.987171e-02
3.770000e-02 2.677283e-02
3.780000e-02 2.527358e-02
3.790000e-02 2.527574e-02
3.800000e-02 2.987758e-02
3.810000e-02 7.050507e-02
3.820000e-02 2.224196e-01
3.830000e-02 2.956002e-01
3.840000e-02 1.706365e-01
3.850000e-02 2.415922e-01
3.860000e-02 5.338229e-01
3.870000e-02 1.978534e-01
3.880000e-02 6.856632e-02
3.890000e-02 5.859934e-02
3.900000e-02 9.121694e-02
3.910000e-02 1.712022e-01
3.920000e-02 2.954516e-01
3.930000e-02 8.786633e-02
3.940000e-02 4.730386e-02
3.950000e-02 4.749331e-02
3.960000e-02 1.022233e-01
3.970000e-02 5.054773e-01
3.980000e-02 3.855923e-01
3.990000e-02 1.571804e+00
4.000000e-02 1.129711e+00
4.010000e-02 1.263371e+00
4.020000e-02 1.545330e+00
4.030000e-02 3.640767e-01
4.040000e-02 1.539260e-01
4.050000e-02 1.764306e-01
4.060000e-02 3.236415e-01
4.070000e-02 1.352038e-01
4.080000e-02 1.000955e-01
4.090000e-02 4.180923e-02
4.100000e-02 2.659382e-02
4.110000e-02 2.677595e-02
4.120000e-02 4.198766e-02
4.130000e-02 1.113603e-01
4.140000e-02 3.355177e-01
4.150000e-02 3.122025e-01
4.160000e-02 2.961650e-01
4.170000e-02 3.246354e-01
4.180000e-02 4.070808e-01
4.190000e-02 7.955011e-01
4.200000e-02 1.858867e+00
4.210000e-02 1.037711e+00
4.220000e-02 4.476160e-01
4.230000e-02 2.719612e-01
4.240000e-02 2.259439e-01
4.250000e-02 2.608037e-01
4.260000e-02 3.948067e-01
4.270000e-02 6.559734e-01
4.280000e-02 1.026757e+00
4.290000e-02 1.311358e+00
4.300000e-02 9.658579e-01
4.310000e-02 1.798609e+00
4.320000e-02 1.227559e+00
4.330000e-02 6.747664e-01
4.340000e-02 4.129479e-01
4.350000e-02 2.754605e-01
4.360000e-02 1.941529e-01
4.370000e-02 1.529481e-01
4.380000e-02 1.801458e-01
4.390000e-02 4.710189e-01
4.400000e-02 1.720520e+00
4.410000e-02 1.046873e+00
4.420000e-02 1.123018e+00
4.430000e-02 1.023400e+00
4.440000e-02 3.744399e-01
4.450000e-02 1.285454e-01
4.460000e-02 1.954509e-01
4.470000e-02 3.190075e-01
4.480000e-02 5.399468e-01
4.490000e-02 9.382075e-01
4.500000e-02 1.457027e+00
4.510000e-02 1.726957e+00
4.520000e-02 1.834920e+00
4.530000e-02 2.046057e+00
4.540000e-02 1.583312e+00
4.550000e-02 1.067074e+00
4.560000e-02 8.722829e-01
4.570000e-02 9.550543e-01
4.580000e-02 1.739415e+00
4.590000e-02 1.779764e+00
4.600000e-02 1.163132e+00
4.610000e-02 9.163123e-01
4.620000e-02 4.065423e-01
4.630000e-02 4.695781e-01
4.640000e-02 1.213927e+00
4.650000e-02 1.926310e-01
4.660000e-02 9.179132e-01
4.670000e-02 1.413925e-01
4.680000e-02 3.957212e-02
4.690000e-02 2.262180e-02
4.700000e-02 1.766003e-02
4.710000e-02 1.745388e-02
4.720000e-02 2.291910e-02
4.730000e-02 5.069201e-02
4.740000e-02 2.941240e-01
4.750000e-02 1.450591e+00
4.760000e-02 7.152256e-01
4.770000e-02 7.306731e-01
4.780000e-02 1.135073e+00
4.790000e-02 1.727021e+00
4.800000e-02 9.839176e-01
4.810000e-02 3.718987e-01
4.820000e-02 1.670894e-01
4.830000e-02 9.580162e-02
4.840000e-02 8.109983e-02
4.850000e-02 1.582122e-01
4.860000e-02 1.871818e+00
4.870000e-02 1.481682e-01
4.880000e-02 3.607113e-02
4.890000e-02 4.073305e-02
4.900000e-02 9.015630e-02
4.910000e-02 3.932307e-02
4.920000e-02 5.660102e-02
4.930000e-02 1.622343e-01
4.940000e-02 9.827438e-01
4.950000e-02 1.140870e+00
4.960000e-02 3.477690e-01
4.970000e-02 2.019594e-01
4.980000e-02 1.801621e-01
4.990000e-02 3.746148e-01
