0.000000e+00 3.794932e+00
6.000000e-02 3.940574e+00
1.200000e-01 3.862631e+00
1.800000e-01 3.657531e+00
2.400000e-01 3.979803e+00
3.000000e-01 4.336005e+00
3.600000e-01 3.450858e+00
4.200000e-01 2.908176e+00
4.800000e-01 3.635279e+00
5.400000e-01 3.674223e+00
6.000000e-01 3.213344e+00
6.600000e-01 3.536999e+00
7.200000e-01 3.219556e+00
7.800000e-01 3.532421e+00
8.400000e-01 3.149606e+00
9.000000e-01 3.307496e+00
9.600000e-01 3.083091e+00
1.020000e+00 2.741976e+00
1.080000e+00 2.934733e+00
1.140000e+00 2.915006e+00
1.200000e+00 3.284414e+00
1.260000e+00 3.206479e+00
1.320000e+00 2.561486e+00
1.380000e+00 2.500412e+00
1.440000e+00 2.540987e+00
1.500000e+00 2.006916e+00
1.560000e+00 2.274241e+00
1.620000e+00 2.471056e+00
1.680000e+00 2.680349e+00
1.740000e+00 2.168862e+00
1.800000e+00 1.757957e+00
1.860000e+00 1.981229e+00
1.920000e+00 1.267401e+00
1.980000e+00 1.831757e+00
2.040000e+00 1.575938e+00
2.100000e+00 1.486481e+00
2.160000e+00 1.415556e+00
2.220000e+00 1.669788e+00
2.280000e+00 1.442727e+00
2.340000e+00 1.142545e+00
2.400000e+00 1.374987e+00
2.460000e+00 1.330964e+00
2.520000e+00 1.156568e+00
2.580000e+00 1.257304e+00
2.640000e+00 1.314912e+00
2.700000e+00 7.207258e-01
2.760000e+00 1.114849e+00
2.820000e+00 9.851729e-01
2.880000e+00 1.294589e+00
2.940000e+00 9.942955e-01
3.000000e+00 1.350960e-01
3.060000e+00 5.840393e-01
3.120000e+00 1.092566e+00
3.180000e+00 1.219846e+00
3.240000e+00 8.401061e-01
3.300000e+00 8.985993e-01
3.360000e+00 4.946830e-01
3.420000e+00 3.982503e-01
3.480000e+00 1.353542e-01
3.540000e+00 4.997722e-02
3.600000e+00 3.466601e-01
3.660000e+00 2.389265e-01
3.720000e+00 1.483840e-01
3.780000e+00 6.462391e-02
3.840000e+00 1.282819e-01
3.900000e+00 1.536284e-01
3.960000e+00 9.067032e-01
4.020000e+00 6.380817e-02
4.080000e+00 8.977081e-01
4.140000e+00 6.395478e-01
4.200000e+00 1.191254e-01
4.260000e+00 1.069807e-01
4.320000e+00 1.709833e-01
4.380000e+00 8.205632e-03
4.440000e+00 3.117123e-01
4.500000e+00 9.901984e-02
4.560000e+00 1.057244e-03
4.620000e+00 1.635951e-02
4.680000e+00 2.166531e-01
4.740000e+00 5.083768e-02
4.800000e+00 4.813687e-01
4.860000e+00 8.323447e-02
4.920000e+00 8.256101e-02
4.980000e+00 1.126225e-02
5.040000e+00 7.731125e-05
5.100000e+00 1.343514e-05
5.160000e+00 7.315241e-03
5.220000e+00 2.581412e-02
5.280000e+00 2.065929e-02
5.340000e+00 8.205902e-03
5.400000e+00 1.354752e-01
5.460000e+00 7.712976e-05
5.520000e+00 1.079721e-02
5.580000e+00 1.381749e-06
5.640000e+00 1.658212e-07
5.700000e+00 1.861032e-06
5.760000e+00 1.977983e-07
5.820000e+00 9.340690e-05
5.880000e+00 4.227728e-05
5.940000e+00 6.607131e-06
