-5.000000e-02 5.077992e+00
-4.990000e-02 5.054954e+00
-4.980000e-02 5.032600e+00
-4.970000e-02 5.011016e+00
-4.960000e-02 4.990263e+00
-4.950000e-02 4.970386e+00
-4.940000e-02 4.951409e+00
-4.930000e-02 4.933341e+00
-4.920000e-02 4.916175e+00
-4.910000e-02 4.899890e+00
-4.900000e-02 4.884454e+00
-4.890000e-02 4.869826e+00
-4.880000e-02 4.855958e+00
-4.870000e-02 4.842795e+00
-4.860000e-02 4.830278e+00
-4.850000e-02 4.818349e+00
-4.840000e-02 4.806944e+00
-4.830000e-02 4.796006e+00
-4.820000e-02 4.785475e+00
-4.810000e-02 4.775298e+00
-4.800000e-02 4.765424e+00
-4.790000e-02 4.755808e+00
-4.780000e-02 4.746410e+00
-4.770000e-02 4.737198e+00
-4.760000e-02 4.728145e+00
-4.750000e-02 4.719231e+00
-4.740000e-02 4.710443e+00
-4.730000e-02 4.701774e+00
-4.720000e-02 4.693226e+00
-4.710000e-02 4.684804e+00
-4.700000e-02 4.676523e+00
-4.690000e-02 4.668399e+00
-4.680000e-02 4.660457e+00
-4.670000e-02 4.652725e+00
-4.660000e-02 4.645233e+00
-4.650000e-02 4.638019e+00
-4.640000e-02 4.631119e+00
-4.630000e-02 4.624574e+00
-4.620000e-02 4.618424e+00
-4.610000e-02 4.612713e+00
-4.600000e-02 4.607482e+00
-4.590000e-02 4.602774e+00
-4.580000e-02 4.598628e+00
-4.570000e-02 4.595083e+00
-4.560000e-02 4.592177e+00
-4.550000e-02 4.589941e+00
-4.540000e-02 4.588407e+00
-4.530000e-02 4.587599e+00
-4.520000e-02 4.587537e+00
-4.510000e-02 4.588238e+00
-4.500000e-02 4.589709e+00
-4.490000e-02 4.591954e+00
-4.480000e-02 4.594968e+00
-4.470000e-02 4.598737e+00
-4.460000e-02 4.603242e+00
-4.450000e-02 4.608453e+00
-4.440000e-02 4.614333e+00
-4.430000e-02 4.620834e+00
-4.420000e-02 4.627900e+00
-4.410000e-02 4.635468e+00
-4.400000e-02 4.643463e+00
-4.390000e-02 4.651807e+00
-4.380000e-02 4.660411e+00
-4.370000e-02 4.669183e+00
-4.360000e-02 4.678027e+00
-4.350000e-02 4.686845e+00
-4.340000e-02 4.695540e+00
-4.330000e-02 4.704017e+00
-4.320000e-02 4.712187e+00
-4.310000e-02 4.719967e+00
-4.300000e-02 4.727286e+00
-4.290000e-02 4.734081e+00
-4.280000e-02 4.740303e+00
-4.270000e-02 4.745915e+00
-4.260000e-02 4.750888e+00
-4.250000e-02 4.755199e+00
-4.240000e-02 4.758828e+00
-4.230000e-02 4.761750e+00
-4.220000e-02 4.763924e+00
-4.210000e-02 4.765287e+00
-4.200000e-02 4.765741e+00
-4.190000e-02 4.765150e+00
-4.180000e-02 4.763329e+00
-4.170000e-02 4.760046e+00
-4.160000e-02 4.755037e+00
-4.150000e-02 4.748016e+00
-4.140000e-02 4.738713e+00
-4.130000e-02 4.726909e+00
-4.120000e-02 4.712477e+00
-4.110000e-02 4.695417e+00
-4.100000e-02 4.675875e+00
-4.090000e-02 4.654137e+00
-4.080000e-02 4.630591e+00
-4.070000e-02 4.605673e+00
-4.060000e-02 4.579796e+00
-4.050000e-02 4.553285e+00
-4.040000e-02 4.526328e+00
-4.030000e-02 4.498950e+00
-4.020000e-02 4.471015e+00
-4.010000e-02 4.442257e+00
-4.000000e-02 4.412313e+00
-3.990000e-02 4.380785e+00
-3.980000e-02 4.347286e+00
-3.970000e-02 4.311492e+00
-3.960000e-02 4.273184e+00
-3.950000e-02 4.232276e+00
-3.940000e-02 4.188830e+00
-3.930000e-02 4.143057e+00
-3.920000e-02 4.095309e+00
-3.910000e-02 4.046053e+00
-3.900000e-02 3.995847e+00
-3.890000e-02 3.945309e+00
-3.880000e-02 3.895079e+00
-3.870000e-02 3.845799e+00
-3.860000e-02 3.798084e+00
-3.850000e-02 3.752502e+00
-3.840000e-02 3.709567e+00
-3.830000e-02 3.669727e+00
-3.820000e-02 3.633366e+00
-3.810000e-02 3.600801e+00
-3.800000e-02 3.572289e+00
-3.790000e-02 3.548028e+00
-3.780000e-02 3.528165e+00
-3.770000e-02 3.512797e+00
-3.760000e-02 3.501972e+00
-3.750000e-02 3.495692e+00
-3.740000e-02 3.493908e+00
-3.730000e-02 3.496515e+00
-3.720000e-02 3.503343e+00
-3.710000e-02 3.514147e+00
-3.700000e-02 3.528592e+00
-3.690000e-02 3.546235e+00
-3.680000e-02 3.566515e+00
-3.670000e-02 3.588734e+00
-3.660000e-02 3.612056e+00
-3.650000e-02 3.635507e+00
-3.640000e-02 3.657994e+00
-3.630000e-02 3.678347e+00
-3.620000e-02 3.695373e+00
-3.610000e-02 3.707940e+00
-3.600000e-02 3.715072e+00
-3.590000e-02 3.716039e+00
-3.580000e-02 3.710446e+00
-3.570000e-02 3.698284e+00
-3.560000e-02 3.679947e+00
-3.550000e-02 3.656194e+00
-3.540000e-02 3.628084e+00
-3.530000e-02 3.596871e+00
-3.520000e-02 3.563899e+00
-3.510000e-02 3.530497e+00
-3.500000e-02 3.497895e+00
-3.490000e-02 3.467173e+00
-3.480000e-02 3.439222e+00
-3.470000e-02 3.414747e+00
-3.460000e-02 3.394266e+00
-3.450000e-02 3.378139e+00
-3.440000e-02 3.366587e+00
-3.430000e-02 3.359727e+00
-3.420000e-02 3.357588e+00
-3.410000e-02 3.360142e+00
-3.400000e-02 3.367316e+00
-3.390000e-02 3.379012e+00
-3.380000e-02 3.395116e+00
-3.370000e-02 3.415506e+00
-3.360000e-02 3.440058e+00
-3.350000e-02 3.468652e+00
-3.340000e-02 3.501170e+00
-3.330000e-02 3.537502e+00
-3.320000e-02 3.577541e+00
-3.310000e-02 3.621185e+00
-3.300000e-02 3.668335e+00
-3.290000e-02 3.718892e+00
-3.280000e-02 3.772756e+00
-3.270000e-02 3.829820e+00
-3.260000e-02 3.889971e+00
-3.250000e-02 3.953083e+00
-3.240000e-02 4.019016e+00
-3.230000e-02 4.087608e+00
-3.220000e-02 4.158675e+00
-3.210000e-02 4.232002e+00
-3.200000e-02 4.307342e+00
-3.190000e-02 4.384407e+00
-3.180000e-02 4.462868e+00
-3.170000e-02 4.542345e+00
-3.160000e-02 4.622408e+00
-3.150000e-02 4.702570e+00
-3.140000e-02 4.782285e+00
-3.130000e-02 4.860951e+00
-3.120000e-02 4.937908e+00
-3.110000e-02 5.012446e+00
-3.100000e-02 5.083811e+00
-3.090000e-02 5.151222e+00
-3.080000e-02 5.213881e+00
-3.070000e-02 5.271003e+00
-3.060000e-02 5.321833e+00
-3.050000e-02 5.365683e+00
-3.040000e-02 5.401954e+00
-3.030000e-02 5.430174e+00
-3.020000e-02 5.450017e+00
-3.010000e-02 5.461329e+00
-3.000000e-02 5.464138e+00
-2.990000e-02 5.458664e+00
-2.980000e-02 5.445306e+00
-2.970000e-02 5.424634e+00
-2.960000e-02 5.397358e+00
-2.950000e-02 5.364305e+00
-2.940000e-02 5.326384e+00
-2.930000e-02 5.284546e+00
-2.920000e-02 5.239760e+00
-2.910000e-02 5.192977e+00
-2.900000e-02 5.145105e+00
-2.890000e-02 5.096993e+00
-2.880000e-02 5.049416e+00
-2.870000e-02 5.003063e+00
-2.860000e-02 4.958536e+00
-2.850000e-02 4.916344e+00
-2.840000e-02 4.876911e+00
-2.830000e-02 4.840574e+00
-2.820000e-02 4.807592e+00
-2.810000e-02 4.778149e+00
-2.800000e-02 4.752360e+00
-2.790000e-02 4.730276e+00
-2.780000e-02 4.711892e+00
-2.770000e-02 4.697148e+00
-2.760000e-02 4.685938e+00
-2.750000e-02 4.678110e+00
-2.740000e-02 4.673476e+00
-2.730000e-02 4.671809e+00
-2.720000e-02 4.672855e+00
-2.710000e-02 4.676337e+00
-2.700000e-02 4.681957e+00
-2.690000e-02 4.689411e+00
-2.680000e-02 4.698390e+00
-2.670000e-02 4.708596e+00
-2.660000e-02 4.719748e+00
-2.650000e-02 4.731597e+00
-2.640000e-02 4.743935e+00
-2.630000e-02 4.756606e+00
-2.620000e-02 4.769518e+00
-2.610000e-02 4.782651e+00
-2.600000e-02 4.796065e+00
-2.590000e-02 4.809902e+00
-2.580000e-02 4.824384e+00
-2.570000e-02 4.839819e+00
-2.560000e-02 4.856583e+00
-2.550000e-02 4.875114e+00
-2.540000e-02 4.895894e+00
-2.530000e-02 4.919428e+00
-2.520000e-02 4.946209e+00
-2.510000e-02 4.976688e+00
-2.500000e-02 5.011224e+00
-2.490000e-02 5.050029e+00
-2.480000e-02 5.093103e+00
-2.470000e-02 5.140168e+00
-2.460000e-02 5.190596e+00
-2.450000e-02 5.243349e+00
-2.440000e-02 5.296960e+00
-2.430000e-02 5.349544e+00
-2.420000e-02 5.398896e+00
-2.410000e-02 5.442651e+00
-2.400000e-02 5.478519e+00
-2.390000e-02 5.504557e+00
-2.380000e-02 5.519414e+00
-2.370000e-02 5.522511e+00
-2.360000e-02 5.514094e+00
-2.350000e-02 5.495164e+00
-2.340000e-02 5.467300e+00
-2.330000e-02 5.432430e+00
-2.320000e-02 5.392591e+00
-2.310000e-02 5.349740e+00
-2.300000e-02 5.305614e+00
-2.290000e-02 5.261657e+00
-2.280000e-02 5.219001e+00
-2.270000e-02 5.178477e+00
-2.260000e-02 5.140658e+00
-2.250000e-02 5.105900e+00
-2.240000e-02 5.074388e+00
-2.230000e-02 5.046184e+00
-2.220000e-02 5.021258e+00
-2.210000e-02 4.999522e+00
-2.200000e-02 4.980850e+00
-2.190000e-02 4.965095e+00
-2.180000e-02 4.952105e+00
-2.170000e-02 4.941729e+00
-2.160000e-02 4.933821e+00
-2.150000e-02 4.928247e+00
-2.140000e-02 4.924886e+00
-2.130000e-02 4.923627e+00
-2.120000e-02 4.924368e+00
-2.110000e-02 4.927020e+00
-2.100000e-02 4.931496e+00
-2.090000e-02 4.937711e+00
-2.080000e-02 4.945582e+00
-2.070000e-02 4.955017e+00
-2.060000e-02 4.965912e+00
-2.050000e-02 4.978149e+00
-2.040000e-02 4.991586e+00
-2.030000e-02 5.006057e+00
-2.020000e-02 5.021361e+00
-2.010000e-02 5.037262e+00
-2.000000e-02 5.053486e+00
-1.990000e-02 5.069716e+00
-1.980000e-02 5.085598e+00
-1.970000e-02 5.100740e+00
-1.960000e-02 5.114725e+00
-1.950000e-02 5.127115e+00
-1.940000e-02 5.137477e+00
-1.930000e-02 5.145391e+00
-1.920000e-02 5.150478e+00
-1.910000e-02 5.152421e+00
-1.900000e-02 5.150985e+00
-1.890000e-02 5.146037e+00
-1.880000e-02 5.137553e+00
-1.870000e-02 5.125631e+00
-1.860000e-02 5.110482e+00
-1.850000e-02 5.092421e+00
-1.840000e-02 5.071851e+00
-1.830000e-02 5.049242e+00
-1.820000e-02 5.025101e+00
-1.810000e-02 4.999957e+00
-1.800000e-02 4.974331e+00
-1.790000e-02 4.948721e+00
-1.780000e-02 4.923588e+00
-1.770000e-02 4.899344e+00
-1.760000e-02 4.876350e+00
-1.750000e-02 4.854912e+00
-1.740000e-02 4.835280e+00
-1.730000e-02 4.817657e+00
-1.720000e-02 4.802197e+00
-1.710000e-02 4.789009e+00
-1.700000e-02 4.778169e+00
-1.690000e-02 4.769713e+00
-1.680000e-02 4.763651e+00
-1.670000e-02 4.759960e+00
-1.660000e-02 4.758593e+00
-1.650000e-02 4.759475e+00
-1.640000e-02 4.762504e+00
-1.630000e-02 4.767551e+00
-1.620000e-02 4.774461e+00
-1.610000e-02 4.783048e+00
-1.600000e-02 4.793099e+00
-1.590000e-02 4.804368e+00
-1.580000e-02 4.816586e+00
-1.570000e-02 4.829455e+00
-1.560000e-02 4.842659e+00
-1.550000e-02 4.855870e+00
-1.540000e-02 4.868757e+00
-1.530000e-02 4.881000e+00
-1.520000e-02 4.892302e+00
-1.510000e-02 4.902411e+00
-1.500000e-02 4.911131e+00
-1.490000e-02 4.918343e+00
-1.480000e-02 4.924031e+00
-1.470000e-02 4.928329e+00
-1.460000e-02 4.931892e+00
-1.450000e-02 4.939463e+00
-1.440000e-02 4.942536e+00
-1.430000e-02 4.944238e+00
-1.420000e-02 4.945057e+00
-1.410000e-02 4.945306e+00
-1.400000e-02 4.945252e+00
-1.390000e-02 4.945141e+00
-1.380000e-02 4.945192e+00
-1.370000e-02 4.945599e+00
-1.360000e-02 4.946524e+00
-1.350000e-02 4.948096e+00
-1.340000e-02 4.950407e+00
-1.330000e-02 4.953512e+00
-1.320000e-02 4.957430e+00
-1.310000e-02 4.962142e+00
-1.300000e-02 4.967594e+00
-1.290000e-02 4.973699e+00
-1.280000e-02 4.980338e+00
-1.270000e-02 4.987360e+00
-1.260000e-02 4.994592e+00
-1.250000e-02 5.001833e+00
-1.240000e-02 5.008865e+00
-1.230000e-02 5.015456e+00
-1.220000e-02 5.021362e+00
-1.210000e-02 5.026337e+00
-1.200000e-02 5.030137e+00
-1.190000e-02 5.032526e+00
-1.180000e-02 5.033288e+00
-1.170000e-02 5.032226e+00
-1.160000e-02 5.029177e+00
-1.150000e-02 5.024012e+00
-1.140000e-02 5.016640e+00
-1.130000e-02 5.007017e+00
-1.120000e-02 4.995142e+00
-1.110000e-02 4.981058e+00
-1.100000e-02 4.964853e+00
-1.090000e-02 4.946653e+00
-1.080000e-02 4.926618e+00
-1.070000e-02 4.904940e+00
-1.060000e-02 4.881831e+00
-1.050000e-02 4.857521e+00
-1.040000e-02 4.832248e+00
-1.030000e-02 4.806257e+00
-1.020000e-02 4.779789e+00
-1.010000e-02 4.753077e+00
-1.000000e-02 4.726347e+00
-9.900000e-03 4.699809e+00
-9.800000e-03 4.673657e+00
-9.700000e-03 4.648069e+00
-9.600000e-03 4.623205e+00
-9.500000e-03 4.599204e+00
-9.400000e-03 4.576189e+00
-9.300000e-03 4.554263e+00
-9.200000e-03 4.533513e+00
-9.100000e-03 4.514008e+00
-9.000000e-03 4.495802e+00
-8.900000e-03 4.478932e+00
-8.800000e-03 4.463422e+00
-8.700000e-03 4.449281e+00
-8.600000e-03 4.436503e+00
-8.500000e-03 4.425072e+00
-8.400000e-03 4.414955e+00
-8.300000e-03 4.406108e+00
-8.200000e-03 4.398471e+00
-8.100000e-03 4.391972e+00
-8.000000e-03 4.386528e+00
-7.900000e-03 4.382036e+00
-7.800000e-03 4.378386e+00
-7.700000e-03 4.375451e+00
-7.600000e-03 4.373092e+00
-7.500000e-03 4.371159e+00
-7.400000e-03 4.369490e+00
-7.300000e-03 4.367918e+00
-7.200000e-03 4.366269e+00
-7.100000e-03 4.364366e+00
-7.000000e-03 4.362034e+00
-6.900000e-03 4.359104e+00
-6.800000e-03 4.355417e+00
-6.700000e-03 4.350829e+00
-6.600000e-03 4.345214e+00
-6.500000e-03 4.338471e+00
-6.400000e-03 4.330525e+00
-6.300000e-03 4.321331e+00
-6.200000e-03 4.310875e+00
-6.100000e-03 4.299175e+00
-6.000000e-03 4.286279e+00
-5.900000e-03 4.272265e+00
-5.800000e-03 4.257236e+00
-5.700000e-03 4.241317e+00
-5.600000e-03 4.224650e+00
-5.500000e-03 4.207391e+00
-5.400000e-03 4.189705e+00
-5.300000e-03 4.171759e+00
-5.200000e-03 4.153721e+00
-5.100000e-03 4.135754e+00
-5.000000e-03 4.118016e+00
-4.900000e-03 4.100655e+00
-4.800000e-03 4.083809e+00
-4.700000e-03 4.067606e+00
-4.600000e-03 4.052160e+00
-4.500000e-03 4.037576e+00
-4.400000e-03 4.023947e+00
-4.300000e-03 4.011356e+00
-4.200000e-03 3.999877e+00
-4.100000e-03 3.989577e+00
-4.000000e-03 3.980515e+00
-3.900000e-03 3.972744e+00
-3.800000e-03 3.966315e+00
-3.700000e-03 3.961274e+00
-3.600000e-03 3.957665e+00
-3.500000e-03 3.955531e+00
-3.400000e-03 3.954917e+00
-3.300000e-03 3.955867e+00
-3.200000e-03 3.958427e+00
-3.100000e-03 3.962646e+00
-3.000000e-03 3.968575e+00
-2.900000e-03 3.976270e+00
-2.800000e-03 3.985791e+00
-2.700000e-03 3.997201e+00
-2.600000e-03 4.010570e+00
-2.500000e-03 4.025970e+00
-2.400000e-03 4.043480e+00
-2.300000e-03 4.063181e+00
-2.200000e-03 4.085159e+00
-2.100000e-03 4.109503e+00
-2.000000e-03 4.136301e+00
-1.900000e-03 4.165642e+00
-1.800000e-03 4.197610e+00
-1.700000e-03 4.232283e+00
-1.600000e-03 4.269728e+00
-1.500000e-03 4.309993e+00
-1.400000e-03 4.353107e+00
-1.300000e-03 4.399065e+00
-1.200000e-03 4.447827e+00
-1.100000e-03 4.499305e+00
-1.000000e-03 4.553355e+00
-9.000000e-04 4.609770e+00
-8.000000e-04 4.668274e+00
-7.000000e-04 4.728518e+00
-6.000000e-04 4.790082e+00
-5.000000e-04 4.852483e+00
-4.000000e-04 4.915183e+00
-3.000000e-04 4.977615e+00
-2.000000e-04 5.039203e+00
-1.000000e-04 5.099394e+00
1.429412e-15 5.157678e+00
1.000000e-04 5.213622e+00
2.000000e-04 5.266876e+00
3.000000e-04 5.317189e+00
4.000000e-04 5.364397e+00
5.000000e-04 5.408414e+00
6.000000e-04 5.449212e+00
7.000000e-04 5.486796e+00
8.000000e-04 5.521186e+00
9.000000e-04 5.552396e+00
1.000000e-03 5.580433e+00
1.100000e-03 5.605290e+00
1.200000e-03 5.626956e+00
1.300000e-03 5.645427e+00
1.400000e-03 5.660727e+00
1.500000e-03 5.672921e+00
1.600000e-03 5.682134e+00
1.700000e-03 5.688563e+00
1.800000e-03 5.692482e+00
1.900000e-03 5.694243e+00
2.000000e-03 5.694271e+00
2.100000e-03 5.693049e+00
2.200000e-03 5.691108e+00
2.300000e-03 5.689000e+00
2.400000e-03 5.687285e+00
2.500000e-03 5.686502e+00
2.600000e-03 5.687155e+00
2.700000e-03 5.689688e+00
2.800000e-03 5.694477e+00
2.900000e-03 5.701807e+00
3.000000e-03 5.711868e+00
3.100000e-03 5.724745e+00
3.200000e-03 5.740410e+00
3.300000e-03 5.758727e+00
3.400000e-03 5.779451e+00
3.500000e-03 5.802234e+00
3.600000e-03 5.826641e+00
3.700000e-03 5.852162e+00
3.800000e-03 5.878239e+00
3.900000e-03 5.904290e+00
4.000000e-03 5.929740e+00
4.100000e-03 5.954053e+00
4.200000e-03 5.976765e+00
4.300000e-03 5.997511e+00
4.400000e-03 6.016050e+00
4.500000e-03 6.032278e+00
4.600000e-03 6.046232e+00
4.700000e-03 6.058086e+00
4.800000e-03 6.068131e+00
4.900000e-03 6.076750e+00
5.000000e-03 6.084380e+00
5.100000e-03 6.091477e+00
5.200000e-03 6.098462e+00
5.300000e-03 6.105675e+00
5.400000e-03 6.113329e+00
5.500000e-03 6.121450e+00
5.600000e-03 6.129843e+00
5.700000e-03 6.138053e+00
5.800000e-03 6.145356e+00
5.900000e-03 6.150786e+00
6.000000e-03 6.153215e+00
6.100000e-03 6.151478e+00
6.200000e-03 6.144552e+00
6.300000e-03 6.131739e+00
6.400000e-03 6.112813e+00
6.500000e-03 6.088096e+00
6.600000e-03 6.058414e+00
6.700000e-03 6.024973e+00
6.800000e-03 5.989181e+00
6.900000e-03 5.952464e+00
7.000000e-03 5.916124e+00
7.100000e-03 5.881253e+00
7.200000e-03 5.848698e+00
7.300000e-03 5.819070e+00
7.400000e-03 5.792776e+00
7.500000e-03 5.770058e+00
7.600000e-03 5.751034e+00
7.700000e-03 5.735737e+00
7.800000e-03 5.724137e+00
7.900000e-03 5.716166e+00
8.000000e-03 5.711733e+00
8.100000e-03 5.710732e+00
8.200000e-03 5.713051e+00
8.300000e-03 5.718571e+00
8.400000e-03 5.727171e+00
8.500000e-03 5.738730e+00
8.600000e-03 5.753122e+00
8.700000e-03 5.770217e+00
8.800000e-03 5.789880e+00
8.900000e-03 5.811971e+00
9.000000e-03 5.836341e+00
9.100000e-03 5.862834e+00
9.200000e-03 5.891284e+00
9.300000e-03 5.921515e+00
9.400000e-03 5.953341e+00
9.500000e-03 5.986569e+00
9.600000e-03 6.020996e+00
9.700000e-03 6.056412e+00
9.800000e-03 6.092602e+00
9.900000e-03 6.129350e+00
1.000000e-02 6.166438e+00
1.010000e-02 6.203654e+00
1.020000e-02 6.240789e+00
1.030000e-02 6.277647e+00
1.040000e-02 6.314043e+00
1.050000e-02 6.349808e+00
1.060000e-02 6.384789e+00
1.070000e-02 6.418855e+00
1.080000e-02 6.451893e+00
1.090000e-02 6.483810e+00
1.100000e-02 6.514535e+00
1.110000e-02 6.544013e+00
1.120000e-02 6.572206e+00
1.130000e-02 6.599090e+00
1.140000e-02 6.624652e+00
1.150000e-02 6.648890e+00
1.160000e-02 6.671805e+00
1.170000e-02 6.693405e+00
1.180000e-02 6.713697e+00
1.190000e-02 6.732690e+00
1.200000e-02 6.750392e+00
1.210000e-02 6.766809e+00
1.220000e-02 6.781946e+00
1.230000e-02 6.795804e+00
1.240000e-02 6.808385e+00
1.250000e-02 6.819692e+00
1.260000e-02 6.829724e+00
1.270000e-02 6.838487e+00
1.280000e-02 6.845985e+00
1.290000e-02 6.852230e+00
1.300000e-02 6.857236e+00
1.310000e-02 6.861023e+00
1.320000e-02 6.863617e+00
1.330000e-02 6.865050e+00
1.340000e-02 6.865361e+00
1.350000e-02 6.864594e+00
1.360000e-02 6.862801e+00
1.370000e-02 6.860036e+00
1.380000e-02 6.856361e+00
1.390000e-02 6.851839e+00
1.400000e-02 6.846537e+00
1.410000e-02 6.840524e+00
1.420000e-02 6.833865e+00
1.430000e-02 6.826621e+00
1.440000e-02 6.818836e+00
1.450000e-02 6.810494e+00
1.460000e-02 6.800220e+00
1.470000e-02 6.790559e+00
1.480000e-02 6.781390e+00
1.490000e-02 6.772390e+00
1.500000e-02 6.763559e+00
1.510000e-02 6.754938e+00
1.520000e-02 6.746585e+00
1.530000e-02 6.738562e+00
1.540000e-02 6.730935e+00
1.550000e-02 6.723768e+00
1.560000e-02 6.717128e+00
1.570000e-02 6.711081e+00
1.580000e-02 6.705694e+00
1.590000e-02 6.701036e+00
1.600000e-02 6.697173e+00
1.610000e-02 6.694177e+00
1.620000e-02 6.692115e+00
1.630000e-02 6.691060e+00
1.640000e-02 6.691082e+00
1.650000e-02 6.692250e+00
1.660000e-02 6.694634e+00
1.670000e-02 6.698297e+00
1.680000e-02 6.703298e+00
1.690000e-02 6.709687e+00
1.700000e-02 6.717500e+00
1.710000e-02 6.726757e+00
1.720000e-02 6.737455e+00
1.730000e-02 6.749562e+00
1.740000e-02 6.763009e+00
1.750000e-02 6.777687e+00
1.760000e-02 6.793435e+00
1.770000e-02 6.810039e+00
1.780000e-02 6.827224e+00
1.790000e-02 6.844659e+00
1.800000e-02 6.861951e+00
1.810000e-02 6.878661e+00
1.820000e-02 6.894312e+00
1.830000e-02 6.908407e+00
1.840000e-02 6.920451e+00
1.850000e-02 6.929976e+00
1.860000e-02 6.936566e+00
1.870000e-02 6.939879e+00
1.880000e-02 6.939665e+00
1.890000e-02 6.935779e+00
1.900000e-02 6.928184e+00
1.910000e-02 6.916945e+00
1.920000e-02 6.902222e+00
1.930000e-02 6.884252e+00
1.940000e-02 6.863329e+00
1.950000e-02 6.839784e+00
1.960000e-02 6.813968e+00
1.970000e-02 6.786232e+00
1.980000e-02 6.756917e+00
1.990000e-02 6.726340e+00
2.000000e-02 6.694791e+00
2.010000e-02 6.662526e+00
2.020000e-02 6.629768e+00
2.030000e-02 6.596708e+00
2.040000e-02 6.563502e+00
2.050000e-02 6.530281e+00
2.060000e-02 6.497148e+00
2.070000e-02 6.464186e+00
2.080000e-02 6.431456e+00
2.090000e-02 6.399008e+00
2.100000e-02 6.366874e+00
2.110000e-02 6.335080e+00
2.120000e-02 6.303641e+00
2.130000e-02 6.272569e+00
2.140000e-02 6.241869e+00
2.150000e-02 6.211544e+00
2.160000e-02 6.181595e+00
2.170000e-02 6.152021e+00
2.180000e-02 6.122822e+00
2.190000e-02 6.093997e+00
2.200000e-02 6.065547e+00
2.210000e-02 6.037471e+00
2.220000e-02 6.009773e+00
2.230000e-02 5.982455e+00
2.240000e-02 5.955520e+00
2.250000e-02 5.928976e+00
2.260000e-02 5.902827e+00
2.270000e-02 5.877081e+00
2.280000e-02 5.851747e+00
2.290000e-02 5.826834e+00
2.300000e-02 5.802352e+00
2.310000e-02 5.778309e+00
2.320000e-02 5.754718e+00
2.330000e-02 5.731589e+00
2.340000e-02 5.708931e+00
2.350000e-02 5.686757e+00
2.360000e-02 5.665075e+00
2.370000e-02 5.643895e+00
2.380000e-02 5.623228e+00
2.390000e-02 5.603082e+00
2.400000e-02 5.583467e+00
2.410000e-02 5.564390e+00
2.420000e-02 5.545860e+00
2.430000e-02 5.527885e+00
2.440000e-02 5.510474e+00
2.450000e-02 5.493634e+00
2.460000e-02 5.477377e+00
2.470000e-02 5.461710e+00
2.480000e-02 5.446646e+00
2.490000e-02 5.432196e+00
2.500000e-02 5.418374e+00
2.510000e-02 5.405196e+00
2.520000e-02 5.392680e+00
2.530000e-02 5.380846e+00
2.540000e-02 5.369717e+00
2.550000e-02 5.359318e+00
2.560000e-02 5.349678e+00
2.570000e-02 5.340829e+00
2.580000e-02 5.332805e+00
2.590000e-02 5.325645e+00
2.600000e-02 5.319389e+00
2.610000e-02 5.314082e+00
2.620000e-02 5.309770e+00
2.630000e-02 5.306502e+00
2.640000e-02 5.304330e+00
2.650000e-02 5.303304e+00
2.660000e-02 5.303481e+00
2.670000e-02 5.304911e+00
2.680000e-02 5.307650e+00
2.690000e-02 5.311746e+00
2.700000e-02 5.317248e+00
2.710000e-02 5.324198e+00
2.720000e-02 5.332632e+00
2.730000e-02 5.342576e+00
2.740000e-02 5.354045e+00
2.750000e-02 5.367039e+00
2.760000e-02 5.381538e+00
2.770000e-02 5.397501e+00
2.780000e-02 5.414859e+00
2.790000e-02 5.433509e+00
2.800000e-02 5.453312e+00
2.810000e-02 5.474083e+00
2.820000e-02 5.495591e+00
2.830000e-02 5.517547e+00
2.840000e-02 5.539609e+00
2.850000e-02 5.561374e+00
2.860000e-02 5.582383e+00
2.870000e-02 5.602127e+00
2.880000e-02 5.620056e+00
2.890000e-02 5.635599e+00
2.900000e-02 5.648180e+00
2.910000e-02 5.657254e+00
2.920000e-02 5.662328e+00
2.930000e-02 5.663004e+00
2.940000e-02 5.659000e+00
2.950000e-02 5.650182e+00
2.960000e-02 5.636578e+00
2.970000e-02 5.618385e+00
2.980000e-02 5.595956e+00
2.990000e-02 5.569791e+00
3.000000e-02 5.540497e+00
3.010000e-02 5.508760e+00
3.020000e-02 5.475304e+00
3.030000e-02 5.440857e+00
3.040000e-02 5.406114e+00
3.050000e-02 5.371718e+00
3.060000e-02 5.338238e+00
3.070000e-02 5.306160e+00
3.080000e-02 5.275883e+00
3.090000e-02 5.247724e+00
3.100000e-02 5.221917e+00
3.110000e-02 5.198626e+00
3.120000e-02 5.177949e+00
3.130000e-02 5.159934e+00
3.140000e-02 5.144579e+00
3.150000e-02 5.131848e+00
3.160000e-02 5.121673e+00
3.170000e-02 5.113960e+00
3.180000e-02 5.108595e+00
3.190000e-02 5.105449e+00
3.200000e-02 5.104375e+00
3.210000e-02 5.105220e+00
3.220000e-02 5.107815e+00
3.230000e-02 5.111984e+00
3.240000e-02 5.117542e+00
3.250000e-02 5.124294e+00
3.260000e-02 5.132036e+00
3.270000e-02 5.140554e+00
3.280000e-02 5.149626e+00
3.290000e-02 5.159016e+00
3.300000e-02 5.168480e+00
3.310000e-02 5.177763e+00
3.320000e-02 5.186597e+00
3.330000e-02 5.194708e+00
3.340000e-02 5.201810e+00
3.350000e-02 5.207616e+00
3.360000e-02 5.211832e+00
3.370000e-02 5.214171e+00
3.380000e-02 5.214350e+00
3.390000e-02 5.212104e+00
3.400000e-02 5.207190e+00
3.410000e-02 5.199394e+00
3.420000e-02 5.188540e+00
3.430000e-02 5.174499e+00
3.440000e-02 5.157193e+00
3.450000e-02 5.136601e+00
3.460000e-02 5.112761e+00
3.470000e-02 5.085768e+00
3.480000e-02 5.055777e+00
3.490000e-02 5.022994e+00
3.500000e-02 4.987671e+00
3.510000e-02 4.950096e+00
3.520000e-02 4.910586e+00
3.530000e-02 4.869475e+00
3.540000e-02 4.827106e+00
3.550000e-02 4.783820e+00
3.560000e-02 4.739952e+00
3.570000e-02 4.695818e+00
3.580000e-02 4.651716e+00
3.590000e-02 4.607919e+00
3.600000e-02 4.564673e+00
3.610000e-02 4.522197e+00
3.620000e-02 4.480682e+00
3.630000e-02 4.440293e+00
3.640000e-02 4.401166e+00
3.650000e-02 4.363418e+00
3.660000e-02 4.327142e+00
3.670000e-02 4.292412e+00
3.680000e-02 4.259286e+00
3.690000e-02 4.227805e+00
3.700000e-02 4.198001e+00
3.710000e-02 4.169892e+00
3.720000e-02 4.143491e+00
3.730000e-02 4.118801e+00
3.740000e-02 4.095820e+00
3.750000e-02 4.074545e+00
3.760000e-02 4.054966e+00
3.770000e-02 4.037073e+00
3.780000e-02 4.020854e+00
3.790000e-02 4.006297e+00
3.800000e-02 3.993392e+00
3.810000e-02 3.982126e+00
3.820000e-02 3.972490e+00
3.830000e-02 3.964476e+00
3.840000e-02 3.958078e+00
3.850000e-02 3.953292e+00
3.860000e-02 3.950118e+00
3.870000e-02 3.948556e+00
3.880000e-02 3.948611e+00
3.890000e-02 3.950291e+00
3.900000e-02 3.953607e+00
3.910000e-02 3.958572e+00
3.920000e-02 3.965206e+00
3.930000e-02 3.973529e+00
3.940000e-02 3.983567e+00
3.950000e-02 3.995348e+00
3.960000e-02 4.008907e+00
3.970000e-02 4.024279e+00
3.980000e-02 4.041505e+00
3.990000e-02 4.060630e+00
4.000000e-02 4.081701e+00
4.010000e-02 4.104771e+00
4.020000e-02 4.129894e+00
4.030000e-02 4.157128e+00
4.040000e-02 4.186533e+00
4.050000e-02 4.218172e+00
4.060000e-02 4.252109e+00
4.070000e-02 4.288406e+00
4.080000e-02 4.327129e+00
4.090000e-02 4.368337e+00
4.100000e-02 4.412090e+00
4.110000e-02 4.458441e+00
4.120000e-02 4.507437e+00
4.130000e-02 4.559114e+00
4.140000e-02 4.613499e+00
4.150000e-02 4.670604e+00
4.160000e-02 4.730424e+00
4.170000e-02 4.792936e+00
4.180000e-02 4.858093e+00
4.190000e-02 4.925823e+00
4.200000e-02 4.996027e+00
4.210000e-02 5.068575e+00
4.220000e-02 5.143306e+00
4.230000e-02 5.220027e+00
4.240000e-02 5.298510e+00
4.250000e-02 5.378494e+00
4.260000e-02 5.459688e+00
4.270000e-02 5.541770e+00
4.280000e-02 5.624393e+00
4.290000e-02 5.707189e+00
4.300000e-02 5.789773e+00
4.310000e-02 5.871748e+00
4.320000e-02 5.952717e+00
4.330000e-02 6.032280e+00
4.340000e-02 6.110050e+00
4.350000e-02 6.185652e+00
4.360000e-02 6.258733e+00
4.370000e-02 6.328969e+00
4.380000e-02 6.396065e+00
4.390000e-02 6.459761e+00
4.400000e-02 6.519838e+00
4.410000e-02 6.576119e+00
4.420000e-02 6.628469e+00
4.430000e-02 6.676802e+00
4.440000e-02 6.721073e+00
4.450000e-02 6.761288e+00
4.460000e-02 6.797494e+00
4.470000e-02 6.829783e+00
4.480000e-02 6.858288e+00
4.490000e-02 6.883176e+00
4.500000e-02 6.904648e+00
4.510000e-02 6.922929e+00
4.520000e-02 6.938268e+00
4.530000e-02 6.950922e+00
4.540000e-02 6.961158e+00
4.550000e-02 6.969240e+00
4.560000e-02 6.975425e+00
4.570000e-02 6.979956e+00
4.580000e-02 6.983060e+00
4.590000e-02 6.984938e+00
4.600000e-02 6.985768e+00
4.610000e-02 6.985702e+00
4.620000e-02 6.984864e+00
4.630000e-02 6.983351e+00
4.640000e-02 6.981236e+00
4.650000e-02 6.978569e+00
4.660000e-02 6.975381e+00
4.670000e-02 6.971684e+00
4.680000e-02 6.967479e+00
4.690000e-02 6.962754e+00
4.700000e-02 6.957492e+00
4.710000e-02 6.951669e+00
4.720000e-02 6.945262e+00
4.730000e-02 6.938246e+00
4.740000e-02 6.930600e+00
4.750000e-02 6.922310e+00
4.760000e-02 6.913365e+00
4.770000e-02 6.903762e+00
4.780000e-02 6.893506e+00
4.790000e-02 6.882612e+00
4.800000e-02 6.871102e+00
4.810000e-02 6.859007e+00
4.820000e-02 6.846368e+00
4.830000e-02 6.833233e+00
4.840000e-02 6.819656e+00
4.850000e-02 6.805700e+00
4.860000e-02 6.791433e+00
4.870000e-02 6.776925e+00
4.880000e-02 6.762253e+00
4.890000e-02 6.747493e+00
4.900000e-02 6.732724e+00
4.910000e-02 6.718021e+00
4.920000e-02 6.703460e+00
4.930000e-02 6.689113e+00
4.940000e-02 6.675046e+00
4.950000e-02 6.661319e+00
4.960000e-02 6.647985e+00
4.970000e-02 6.635091e+00
4.980000e-02 6.622670e+00
4.990000e-02 6.610750e+00
