0.000000000000000000e+00 3.931593398983341814e+00
1.000000000000000082e-05 3.925977335993985129e+00
2.000000000000000164e-05 3.918193053418970617e+00
3.000000000000000415e-05 3.909117273867921405e+00
4.000000000000000327e-05 3.899927632463091154e+00
5.000000000000000240e-05 3.892104456651941380e+00
6.000000000000000830e-05 3.887377184628908022e+00
7.000000000000000742e-05 3.887585357485029647e+00
8.000000000000000654e-05 3.894441450058289789e+00
9.000000000000000567e-05 3.909216956659310238e+00
1.000000000000000048e-04 3.932415118812751853e+00
1.100000000000000039e-04 3.963524995820780106e+00
1.200000000000000166e-04 4.000951705370241029e+00
1.300000000000000157e-04 4.042176479914671994e+00
1.400000000000000148e-04 4.084127737998576535e+00
1.500000000000000140e-04 4.123669731707664710e+00
1.600000000000000131e-04 4.158073143530672588e+00
1.700000000000000122e-04 4.185344101080538337e+00
1.800000000000000113e-04 4.204351257230676708e+00
1.900000000000000105e-04 4.214777284661394674e+00
2.000000000000000096e-04 4.216991285237957854e+00
2.100000000000000087e-04 4.211955654999913534e+00
2.200000000000000078e-04 4.201227349224561536e+00
2.300000000000000070e-04 4.187005929403629700e+00
2.400000000000000332e-04 4.172080034833816953e+00
2.500000000000000052e-04 4.159518117872401000e+00
2.600000000000000314e-04 4.152088872163457012e+00
2.700000000000000035e-04 4.151614432071658811e+00
2.800000000000000297e-04 4.158579051933258164e+00
2.900000000000000017e-04 4.172205029733975223e+00
3.000000000000000279e-04 4.190932642024105093e+00
3.099999999999999999e-04 4.213020600048369424e+00
3.200000000000000262e-04 4.236974319537075928e+00
3.300000000000000524e-04 4.261675286735481905e+00
3.400000000000000244e-04 4.286273536723314237e+00
3.500000000000000507e-04 4.309997329686913403e+00
3.600000000000000227e-04 4.332012690791654741e+00
3.700000000000000489e-04 4.351387849491943349e+00
3.800000000000000209e-04 4.367151447789858310e+00
3.900000000000000471e-04 4.378411298539331753e+00
4.000000000000000192e-04 4.384511741629046000e+00
4.100000000000000454e-04 4.385218157024022290e+00
4.200000000000000174e-04 4.380897120465207628e+00
4.300000000000000436e-04 4.372607378928369926e+00
4.400000000000000157e-04 4.361970481698886459e+00
4.500000000000000419e-04 4.350727307800994481e+00
4.600000000000000139e-04 4.340059431874703222e+00
4.700000000000000401e-04 4.329984458760454125e+00
4.800000000000000664e-04 4.319205852681117008e+00
4.900000000000000926e-04 4.305564696282946358e+00
5.000000000000000104e-04 4.286857791341016188e+00
5.100000000000000366e-04 4.261588630687141332e+00
5.200000000000000629e-04 4.229344816520266725e+00
5.300000000000000891e-04 4.190772490010342466e+00
5.400000000000000069e-04 4.147306114880377592e+00
5.500000000000000331e-04 4.100835066858655509e+00
5.600000000000000594e-04 4.053415902549321714e+00
5.700000000000000856e-04 4.007060016462514085e+00
5.800000000000000034e-04 3.963583629225679417e+00
5.900000000000000296e-04 3.924500900637333256e+00
6.000000000000000559e-04 3.890952733626201532e+00
6.100000000000000821e-04 3.863674437795185046e+00
6.199999999999999999e-04 3.843005674594345056e+00
6.300000000000000261e-04 3.828938855615431791e+00
6.400000000000000524e-04 3.821196350121091267e+00
6.500000000000000786e-04 3.819328720512032760e+00
6.600000000000001048e-04 3.822834837675266328e+00
6.700000000000000226e-04 3.831313469299317820e+00
6.800000000000000488e-04 3.844655176226233095e+00
6.900000000000000751e-04 3.863261699060069443e+00
7.000000000000001013e-04 3.888227661297388504e+00
7.100000000000000191e-04 3.921342781823590862e+00
7.200000000000000453e-04 3.964722355530039710e+00
7.300000000000000716e-04 4.019954545130765666e+00
7.400000000000000978e-04 4.086947701484500151e+00
7.500000000000000156e-04 4.163052575131956701e+00
7.600000000000000418e-04 4.243142985446672455e+00
7.700000000000000681e-04 4.320863357269550953e+00
7.800000000000000943e-04 4.390462466277404552e+00
7.900000000000000121e-04 4.448231034661743521e+00
8.000000000000000383e-04 4.492895142850500179e+00
8.100000000000000646e-04 4.525021787908797499e+00
8.200000000000000908e-04 4.545984895913557366e+00
8.300000000000001170e-04 4.557085616375493586e+00
8.400000000000000348e-04 4.559162280388148858e+00
8.500000000000000611e-04 4.552706495876710058e+00
8.600000000000000873e-04 4.538275032456459357e+00
8.700000000000001135e-04 4.516897713924802105e+00
8.800000000000000313e-04 4.490227751763983477e+00
8.900000000000000576e-04 4.460341260204994995e+00
9.000000000000000838e-04 4.429298800058671048e+00
9.100000000000001100e-04 4.398713643731615441e+00
9.200000000000000278e-04 4.369537943276794678e+00
9.300000000000000541e-04 4.342113085893885227e+00
9.400000000000000803e-04 4.316372038913396381e+00
9.500000000000001065e-04 4.292040587494549975e+00
9.600000000000001327e-04 4.268756508447171250e+00
9.700000000000000505e-04 4.246124421513948199e+00
9.800000000000001852e-04 4.223769941892726365e+00
9.899999999999999946e-04 4.201430748280945870e+00
1.000000000000000021e-03 4.179061482452456566e+00
1.010000000000000047e-03 4.156890082619201010e+00
1.020000000000000073e-03 4.135377929279150599e+00
1.030000000000000100e-03 4.115092444048212172e+00
1.040000000000000126e-03 4.096553667043796310e+00
1.050000000000000152e-03 4.080126555824965529e+00
1.060000000000000178e-03 4.065995188972602925e+00
1.069999999999999988e-03 4.054204530857779432e+00
1.080000000000000014e-03 4.044725216417329072e+00
1.090000000000000040e-03 4.037499759237045183e+00
1.100000000000000066e-03 4.032452354295512187e+00
1.110000000000000092e-03 4.029468362054268837e+00
1.120000000000000119e-03 4.028361214253332712e+00
1.130000000000000145e-03 4.028844175866211685e+00
1.140000000000000171e-03 4.030519674689732490e+00
1.150000000000000197e-03 4.032897074746398580e+00
1.160000000000000007e-03 4.035452910611066812e+00
1.170000000000000033e-03 4.037749852073464041e+00
1.180000000000000059e-03 4.039616806413383721e+00
1.190000000000000085e-03 4.041342230023991178e+00
1.200000000000000112e-03 4.043742782109442935e+00
1.210000000000000138e-03 4.047900780956315003e+00
1.220000000000000164e-03 4.054463110640838863e+00
1.230000000000000190e-03 4.062762190550639474e+00
1.240000000000000000e-03 4.070426670246825473e+00
1.250000000000000026e-03 4.074050105211846073e+00
1.260000000000000052e-03 4.070720459258581947e+00
1.270000000000000078e-03 4.059498398919877182e+00
1.280000000000000105e-03 4.042010170931427560e+00
1.290000000000000131e-03 4.021955397924512177e+00
1.300000000000000157e-03 4.003823665844800317e+00
1.310000000000000183e-03 3.991291346840359466e+00
1.320000000000000210e-03 3.985865849945718242e+00
1.330000000000000019e-03 3.986360560756732951e+00
1.340000000000000045e-03 3.989475553961494558e+00
1.350000000000000071e-03 3.991162868090753602e+00
1.360000000000000098e-03 3.988035449024619261e+00
1.370000000000000124e-03 3.978193257465506782e+00
1.380000000000000150e-03 3.961313394374231134e+00
1.390000000000000176e-03 3.938247860365605924e+00
1.400000000000000203e-03 3.910475628341859355e+00
1.410000000000000012e-03 3.879648887453951200e+00
1.420000000000000038e-03 3.847325397656042423e+00
1.430000000000000064e-03 3.814882522719471147e+00
1.440000000000000091e-03 3.783570721553205729e+00
1.450000000000000117e-03 3.754657050698317899e+00
1.460000000000000143e-03 3.729605847299097832e+00
1.470000000000000169e-03 3.710230811299785270e+00
1.480000000000000196e-03 3.698732317326445695e+00
1.490000000000000222e-03 3.697525267318786391e+00
1.500000000000000031e-03 3.708798664420959845e+00
1.510000000000000057e-03 3.733850433157756221e+00
1.520000000000000084e-03 3.772379043582794189e+00
1.530000000000000110e-03 3.821989237579737075e+00
1.540000000000000136e-03 3.878095818692664842e+00
1.550000000000000162e-03 3.934245854085231642e+00
1.560000000000000189e-03 3.982840858504203219e+00
1.570000000000000215e-03 4.016465966069315385e+00
1.580000000000000024e-03 4.030248706645419787e+00
1.590000000000000050e-03 4.025098148477178839e+00
1.600000000000000077e-03 4.009827886602971070e+00
1.610000000000000103e-03 3.998769958590415285e+00
1.620000000000000129e-03 4.004287787510921959e+00
1.630000000000000155e-03 4.029698500489859114e+00
1.640000000000000182e-03 4.068920171949696574e+00
1.650000000000000208e-03 4.112014565486890483e+00
1.660000000000000234e-03 4.150709134238494968e+00
1.670000000000000043e-03 4.180460382510776007e+00
1.680000000000000070e-03 4.199858656876797269e+00
1.690000000000000096e-03 4.209365370745755897e+00
1.700000000000000122e-03 4.210462059315773331e+00
1.710000000000000148e-03 4.205321580544761240e+00
1.720000000000000175e-03 4.196708559745674805e+00
1.730000000000000201e-03 4.187788257450707263e+00
1.740000000000000227e-03 4.181649452356225538e+00
1.750000000000000036e-03 4.180545910749387417e+00
1.760000000000000063e-03 4.185084245987154006e+00
1.770000000000000089e-03 4.193729516372134647e+00
1.780000000000000115e-03 4.202944841524248076e+00
1.790000000000000141e-03 4.208021083069983348e+00
1.800000000000000168e-03 4.204342490563904633e+00
1.810000000000000194e-03 4.188667392270478018e+00
1.820000000000000220e-03 4.160044147192834885e+00
1.830000000000000246e-03 4.120150065713324317e+00
1.840000000000000056e-03 4.073024984995726072e+00
1.850000000000000082e-03 4.024318837482675271e+00
1.860000000000000108e-03 3.980269189090465787e+00
1.870000000000000134e-03 3.946652688525349006e+00
1.880000000000000161e-03 3.927905798814065097e+00
1.890000000000000187e-03 3.926520307954187938e+00
1.900000000000000213e-03 3.942750067416777249e+00
1.910000000000000239e-03 3.974645838509398121e+00
1.920000000000000265e-03 4.018429697726507044e+00
1.930000000000000075e-03 4.069172126612873086e+00
1.940000000000000101e-03 4.121636744377507711e+00
1.950000000000000127e-03 4.171073209306432439e+00
1.960000000000000370e-03 4.213744323216045196e+00
1.969999999999999963e-03 4.247082100204885080e+00
1.979999999999999989e-03 4.269516934741904635e+00
1.990000000000000015e-03 4.280132443972413547e+00
2.000000000000000042e-03 4.278326300647933067e+00
2.010000000000000068e-03 4.263617209774409389e+00
2.020000000000000094e-03 4.235664890130143689e+00
2.030000000000000120e-03 4.194489699662806714e+00
2.040000000000000147e-03 4.140803377228084337e+00
2.050000000000000173e-03 4.076304519471753984e+00
2.060000000000000199e-03 4.003777862295576639e+00
2.070000000000000225e-03 3.926896355843177755e+00
2.080000000000000251e-03 3.849761463352712632e+00
2.090000000000000278e-03 3.776370787009064145e+00
2.100000000000000304e-03 3.710267037968240977e+00
2.110000000000000330e-03 3.654519055869089428e+00
2.120000000000000356e-03 3.611942349822158782e+00
2.130000000000000383e-03 3.585238226672928796e+00
2.139999999999999975e-03 3.576719711461110229e+00
2.150000000000000001e-03 3.587586102626012963e+00
2.160000000000000028e-03 3.617125654126866152e+00
2.170000000000000054e-03 3.662392711017973035e+00
2.180000000000000080e-03 3.718621259086427600e+00
2.190000000000000106e-03 3.780147807030815876e+00
2.200000000000000133e-03 3.841364603926469279e+00
2.210000000000000159e-03 3.897363880830192251e+00
2.220000000000000185e-03 3.944249168298728847e+00
2.230000000000000211e-03 3.979307905861002581e+00
2.240000000000000237e-03 4.001260140261162057e+00
2.250000000000000264e-03 4.010660450743875671e+00
2.260000000000000290e-03 4.010310503095410262e+00
2.270000000000000316e-03 4.005336097687791863e+00
2.280000000000000342e-03 4.002546996071725260e+00
2.290000000000000369e-03 4.008970961599916727e+00
2.300000000000000395e-03 4.029967845122646608e+00
2.309999999999999987e-03 4.067715247400816025e+00
2.320000000000000014e-03 4.120734650736570970e+00
2.330000000000000040e-03 4.184553862546723124e+00
2.340000000000000066e-03 4.253051577915360149e+00
2.350000000000000092e-03 4.319875586517241572e+00
2.360000000000000119e-03 4.379523479043638368e+00
2.370000000000000145e-03 4.427958021030508284e+00
2.380000000000000171e-03 4.462815852325893395e+00
2.390000000000000197e-03 4.483331154959963705e+00
2.400000000000000223e-03 4.490083419589790736e+00
2.410000000000000250e-03 4.484642713145290394e+00
2.420000000000000276e-03 4.469160375313983025e+00
2.430000000000000302e-03 4.445948633204817035e+00
2.440000000000000328e-03 4.417100216102825883e+00
2.450000000000000355e-03 4.384201735239282804e+00
2.460000000000000381e-03 4.348183282347672929e+00
2.470000000000000407e-03 4.309327190500139793e+00
2.480000000000000000e-03 4.267444539967815587e+00
2.490000000000000026e-03 4.222225729879031775e+00
2.500000000000000052e-03 4.173771898328854313e+00
2.510000000000000078e-03 4.123288396504101172e+00
2.520000000000000104e-03 4.073826472795254894e+00
2.530000000000000131e-03 4.030764990514036583e+00
2.540000000000000157e-03 4.001494310942221411e+00
2.550000000000000183e-03 3.993761320202880327e+00
2.560000000000000209e-03 4.012740589346607933e+00
2.570000000000000236e-03 4.058088228630730931e+00
2.580000000000000262e-03 4.123000433158903633e+00
2.590000000000000288e-03 4.196344110657312498e+00
2.600000000000000314e-03 4.266662096803602644e+00
2.610000000000000341e-03 4.325553057037041071e+00
2.620000000000000367e-03 4.368846769665978513e+00
2.630000000000000393e-03 4.395823759038165690e+00
2.640000000000000419e-03 4.407667291663248221e+00
2.650000000000000012e-03 4.406118105749802893e+00
2.660000000000000038e-03 4.392689071637075671e+00
2.670000000000000064e-03 4.368376001210927839e+00
2.680000000000000090e-03 4.333671609177377704e+00
2.690000000000000117e-03 4.288729124854154584e+00
2.700000000000000143e-03 4.233609748095245706e+00
2.710000000000000169e-03 4.168615498211493353e+00
2.720000000000000195e-03 4.094714359979908735e+00
2.730000000000000222e-03 4.013984077745955226e+00
2.740000000000000248e-03 3.929867570931462328e+00
2.750000000000000274e-03 3.846977042327410778e+00
2.760000000000000300e-03 3.770352606411498275e+00
2.770000000000000327e-03 3.704429526354326985e+00
2.780000000000000353e-03 3.652204004219667066e+00
2.790000000000000379e-03 3.614974925112593773e+00
2.800000000000000405e-03 3.592684344493953130e+00
2.810000000000000431e-03 3.584576282176375805e+00
2.820000000000000024e-03 3.589791323498666031e+00
2.830000000000000050e-03 3.607575725816588363e+00
2.840000000000000076e-03 3.636964678039963594e+00
2.850000000000000103e-03 3.676113344265202976e+00
2.860000000000000129e-03 3.721792702595720925e+00
2.870000000000000155e-03 3.769603169251195762e+00
2.880000000000000181e-03 3.814961638403756350e+00
2.890000000000000208e-03 3.854258879218467548e+00
2.900000000000000234e-03 3.885438426561812708e+00
2.910000000000000260e-03 3.907731657361736666e+00
2.920000000000000286e-03 3.920870572242102892e+00
2.930000000000000313e-03 3.924351197989412121e+00
2.940000000000000339e-03 3.917236737765362076e+00
2.950000000000000365e-03 3.898718272761337200e+00
2.960000000000000391e-03 3.869234219152494880e+00
2.970000000000000417e-03 3.831473597830965083e+00
2.980000000000000444e-03 3.790426599755967629e+00
2.990000000000000036e-03 3.752195881588588300e+00
3.000000000000000062e-03 3.722235253340767880e+00
3.010000000000000089e-03 3.704081022874128326e+00
3.020000000000000115e-03 3.699103874676692882e+00
3.030000000000000141e-03 3.707028831282629167e+00
3.040000000000000167e-03 3.726670878245965657e+00
3.050000000000000194e-03 3.756502626775804821e+00
3.060000000000000220e-03 3.794942111871377310e+00
3.070000000000000246e-03 3.840415014230308621e+00
3.080000000000000272e-03 3.891301832863900856e+00
3.090000000000000299e-03 3.945879518187683566e+00
3.100000000000000325e-03 4.002337759000090145e+00
3.110000000000000351e-03 4.058896236850651817e+00
3.120000000000000377e-03 4.113975906265928906e+00
3.130000000000000403e-03 4.166314165949023263e+00
3.140000000000000430e-03 4.214910469145743299e+00
3.150000000000000456e-03 4.258775215889787802e+00
3.160000000000000048e-03 4.296595971357502819e+00
3.170000000000000075e-03 4.326545927314769280e+00
3.180000000000000101e-03 4.346478311296276154e+00
3.190000000000000127e-03 4.354674128941114830e+00
3.200000000000000153e-03 4.351124680076881468e+00
3.210000000000000180e-03 4.338950023105596188e+00
3.220000000000000206e-03 4.324999746831958092e+00
3.230000000000000232e-03 4.318456828031029815e+00
3.240000000000000258e-03 4.327244260559007571e+00
3.250000000000000284e-03 4.354104625687288177e+00
3.260000000000000311e-03 4.395236340800437347e+00
3.270000000000000337e-03 4.442510026651047106e+00
3.280000000000000363e-03 4.487357648905284435e+00
3.290000000000000389e-03 4.523686738090470172e+00
3.300000000000000416e-03 4.548766117581863888e+00
3.310000000000000442e-03 4.562658831936478698e+00
3.320000000000000468e-03 4.567188761533773622e+00
3.330000000000000061e-03 4.565047991110063208e+00
3.340000000000000087e-03 4.559206419029051105e+00
3.350000000000000113e-03 4.552554924707245654e+00
3.360000000000000139e-03 4.547664784358990353e+00
3.370000000000000166e-03 4.546582072069461411e+00
3.380000000000000192e-03 4.550632999291277514e+00
3.390000000000000218e-03 4.560263685891598584e+00
3.400000000000000244e-03 4.574960730748314219e+00
3.410000000000000270e-03 4.593292174662856553e+00
3.420000000000000297e-03 4.613078529019585261e+00
3.430000000000000323e-03 4.631667069380805302e+00
3.440000000000000349e-03 4.646257720255714929e+00
3.450000000000000375e-03 4.654224730080358086e+00
3.460000000000000402e-03 4.653390988208527368e+00
3.470000000000000428e-03 4.642229988784489336e+00
3.480000000000000454e-03 4.619986195514830918e+00
3.490000000000000480e-03 4.586719456016140839e+00
3.500000000000000073e-03 4.543298732965206810e+00
3.510000000000000099e-03 4.491390192510251289e+00
3.520000000000000125e-03 4.433481537048818311e+00
3.530000000000000152e-03 4.372930687922831794e+00
3.540000000000000178e-03 4.313926235326218439e+00
3.550000000000000204e-03 4.261166515066310723e+00
3.560000000000000230e-03 4.219116690713713425e+00
3.570000000000000256e-03 4.190947774331110764e+00
3.580000000000000283e-03 4.177574699497357713e+00
3.590000000000000309e-03 4.177309396192690372e+00
3.600000000000000335e-03 4.186359628542081879e+00
3.610000000000000361e-03 4.199927020274085265e+00
3.620000000000000388e-03 4.213380699932180562e+00
3.630000000000000414e-03 4.223082239554573292e+00
3.640000000000000440e-03 4.226739098598212507e+00
3.650000000000000466e-03 4.223400074082039879e+00
3.660000000000000493e-03 4.213268235068588830e+00
3.670000000000000085e-03 4.197450631890446537e+00
3.680000000000000111e-03 4.177688957373347556e+00
3.690000000000000138e-03 4.156079419444880685e+00
3.700000000000000164e-03 4.134797337834062780e+00
3.710000000000000190e-03 4.115863437868561903e+00
3.720000000000000216e-03 4.100991436963012049e+00
3.730000000000000242e-03 4.091528416361732923e+00
3.740000000000000269e-03 4.088458224326730672e+00
3.750000000000000295e-03 4.092414360033155063e+00
3.760000000000000321e-03 4.103658901156996386e+00
3.770000000000000347e-03 4.122018357405865530e+00
3.780000000000000374e-03 4.146801786479953122e+00
3.790000000000000400e-03 4.176742873004321233e+00
3.800000000000000426e-03 4.210003765584767521e+00
3.810000000000000452e-03 4.244264567713901926e+00
3.820000000000000479e-03 4.276911158281068381e+00
3.830000000000000505e-03 4.305331024588294753e+00
3.840000000000000531e-03 4.327323963124750428e+00
3.850000000000000124e-03 4.341608821185874767e+00
3.860000000000000150e-03 4.348332315943384430e+00
3.870000000000000176e-03 4.349366450267428519e+00
3.880000000000000202e-03 4.348102640403624264e+00
3.890000000000000228e-03 4.348569265031308362e+00
3.900000000000000255e-03 4.354079856723512165e+00
3.910000000000000281e-03 4.366025811944913571e+00
3.920000000000000741e-03 4.383438692177723084e+00
3.930000000000000333e-03 4.403464381192801369e+00
3.939999999999999926e-03 4.422353487542508788e+00
3.950000000000000386e-03 4.436436209514739382e+00
3.959999999999999978e-03 4.442779426978795243e+00
3.970000000000000438e-03 4.439486474337716260e+00
3.980000000000000031e-03 4.425713136392517733e+00
3.990000000000000491e-03 4.401484313526168535e+00
4.000000000000000083e-03 4.367399264516432567e+00
4.010000000000000543e-03 4.324339374467218278e+00
4.020000000000000136e-03 4.273322809442661629e+00
4.030000000000000596e-03 4.215655674079092918e+00
4.040000000000000188e-03 4.153470282297097249e+00
4.050000000000000648e-03 4.090562926879017347e+00
4.060000000000000241e-03 4.033117484349229898e+00
4.070000000000000701e-03 3.989552145409839046e+00
4.080000000000000293e-03 3.968753910218799419e+00
4.090000000000000753e-03 3.976826079188887864e+00
4.100000000000000346e-03 4.013917475545489388e+00
4.109999999999999938e-03 4.073338685034039841e+00
4.120000000000000398e-03 4.143825009451459707e+00
4.129999999999999991e-03 4.213494437166771078e+00
4.140000000000000450e-03 4.273110630751281391e+00
4.150000000000000043e-03 4.317346338613062606e+00
4.160000000000000503e-03 4.344334975138890442e+00
4.170000000000000095e-03 4.354505720979557459e+00
4.180000000000000555e-03 4.349503186971034552e+00
4.190000000000000148e-03 4.331530548307699569e+00
4.200000000000000608e-03 4.303136695971945258e+00
4.210000000000000200e-03 4.267339545894281549e+00
4.220000000000000660e-03 4.227926113213001713e+00
4.230000000000000253e-03 4.189689871971449264e+00
4.240000000000000713e-03 4.158246205936392492e+00
4.250000000000000305e-03 4.139047423227884437e+00
4.260000000000000765e-03 4.135544830332905875e+00
4.270000000000000358e-03 4.147170818714704943e+00
4.279999999999999950e-03 4.168432480624217895e+00
4.290000000000000410e-03 4.190106687864857626e+00
4.300000000000000003e-03 4.202232060135138170e+00
4.310000000000000463e-03 4.197405921614456581e+00
4.320000000000000055e-03 4.172871039422009432e+00
4.330000000000000515e-03 4.130810420420870877e+00
4.340000000000000108e-03 4.077198879037704060e+00
4.350000000000000568e-03 4.019943905874550083e+00
4.360000000000000160e-03 3.966987232332576330e+00
4.370000000000000620e-03 3.924811136868592953e+00
4.380000000000000213e-03 3.897554380980952082e+00
4.390000000000000673e-03 3.886741893464410680e+00
4.400000000000000265e-03 3.891500806214447827e+00
4.410000000000000725e-03 3.909095917378182961e+00
4.420000000000000318e-03 3.935653758968319593e+00
4.430000000000000777e-03 3.966993607561872359e+00
4.440000000000000370e-03 3.999477002038731577e+00
4.449999999999999963e-03 4.030712180225372698e+00
4.460000000000000422e-03 4.059883195334664130e+00
4.470000000000000015e-03 4.087530830821689776e+00
4.480000000000000475e-03 4.114828614165197962e+00
4.490000000000000067e-03 4.142656847694158984e+00
4.500000000000000527e-03 4.170897676652880470e+00
4.510000000000000120e-03 4.198265536921608643e+00
4.520000000000000580e-03 4.222719794286009076e+00
4.530000000000000172e-03 4.242232880789669203e+00
4.540000000000000632e-03 4.255537382686598313e+00
4.550000000000000225e-03 4.262509026792966615e+00
4.560000000000000685e-03 4.264039028678135779e+00
4.570000000000000277e-03 4.261501472143551794e+00
4.580000000000000737e-03 4.256079724620676075e+00
4.590000000000000330e-03 4.248209738732146690e+00
4.600000000000000790e-03 4.237304672929704807e+00
4.610000000000000382e-03 4.221872633871676328e+00
4.619999999999999975e-03 4.200150872345695952e+00
4.630000000000000435e-03 4.171317925147789651e+00
4.640000000000000027e-03 4.136991193255306953e+00
4.650000000000000487e-03 4.102056903803241283e+00
4.660000000000000080e-03 4.073560164072330458e+00
4.670000000000000540e-03 4.057495332217436967e+00
4.680000000000000132e-03 4.055584727714165894e+00
4.690000000000000592e-03 4.064806395498022695e+00
4.700000000000000185e-03 4.079951658844004569e+00
4.710000000000000644e-03 4.096731908768575181e+00
4.720000000000000237e-03 4.113134471265905923e+00
4.730000000000000697e-03 4.128834823994541381e+00
4.740000000000000289e-03 4.143842004458897499e+00
4.750000000000000749e-03 4.157484443008851116e+00
4.760000000000000342e-03 4.168149724323034988e+00
4.770000000000000802e-03 4.173614905529464458e+00
4.780000000000000394e-03 4.171588802765214155e+00
4.789999999999999987e-03 4.160175134430810218e+00
4.800000000000000447e-03 4.138172503901462740e+00
4.810000000000000039e-03 4.105277939455601377e+00
4.820000000000000499e-03 4.062277162759418303e+00
4.830000000000000092e-03 4.011215296459536894e+00
4.840000000000000552e-03 3.955430689538765865e+00
4.850000000000000144e-03 3.899290309882324834e+00
4.860000000000000604e-03 3.847542370338508100e+00
4.870000000000000197e-03 3.804387256880160884e+00
4.880000000000000657e-03 3.772564293311397865e+00
4.890000000000000249e-03 3.752820618788546447e+00
4.900000000000000709e-03 3.743991223403693613e+00
4.910000000000000302e-03 3.743639973094524898e+00
4.920000000000000762e-03 3.748962198449662164e+00
4.930000000000000354e-03 3.757575270189469130e+00
4.940000000000000814e-03 3.767937671126029286e+00
4.950000000000000407e-03 3.779338258113509763e+00
4.959999999999999999e-03 3.791567669848890709e+00
4.970000000000000459e-03 3.804462338627432771e+00
4.980000000000000052e-03 3.817502303026849120e+00
4.990000000000000512e-03 3.829585586096219796e+00
5.000000000000000104e-03 3.839037022914216113e+00
5.010000000000000564e-03 3.843865518115582969e+00
5.020000000000000157e-03 3.842260347354816918e+00
5.030000000000000616e-03 3.833280735763398450e+00
5.040000000000000209e-03 3.817592675435868443e+00
5.050000000000000669e-03 3.797933657177598121e+00
5.060000000000000261e-03 3.778863856639548491e+00
5.070000000000000721e-03 3.765546813634123691e+00
5.080000000000000314e-03 3.761903610284567989e+00
5.090000000000000774e-03 3.769095757964230131e+00
5.100000000000000366e-03 3.785221571134036012e+00
5.110000000000000826e-03 3.806280390055743812e+00
5.120000000000000419e-03 3.827663954959674708e+00
5.130000000000000011e-03 3.845362115322649377e+00
5.140000000000000471e-03 3.856550203082414363e+00
5.150000000000000064e-03 3.859683672243660268e+00
5.160000000000000524e-03 3.854379186602098883e+00
5.170000000000000116e-03 3.841288250039954555e+00
5.180000000000000576e-03 3.822034666796850999e+00
5.190000000000000169e-03 3.799181428325807630e+00
5.200000000000000629e-03 3.776136709385916390e+00
5.210000000000000221e-03 3.756901324191983527e+00
5.220000000000000681e-03 3.745602151171797622e+00
5.230000000000000274e-03 3.745844202722264260e+00
5.240000000000000734e-03 3.760021296293618143e+00
5.250000000000000326e-03 3.788795782508520560e+00
5.260000000000000786e-03 3.830934343764134553e+00
5.270000000000000379e-03 3.883560471168420847e+00
5.280000000000000838e-03 3.942717660912457234e+00
5.290000000000000431e-03 4.004026957209319448e+00
5.300000000000000024e-03 4.063225485976699858e+00
5.310000000000000484e-03 4.116470192808654005e+00
5.320000000000000076e-03 4.160417317080735700e+00
5.330000000000000536e-03 4.192187382508398841e+00
5.340000000000000129e-03 4.209380923372957994e+00
5.350000000000000588e-03 4.210327915435684076e+00
5.360000000000000181e-03 4.194720521295499438e+00
5.370000000000000641e-03 4.164626957016989373e+00
5.380000000000000233e-03 4.125523623485392477e+00
5.390000000000000693e-03 4.086474795788445746e+00
5.400000000000000286e-03 4.058409725147237523e+00
5.410000000000000746e-03 4.050343784377536949e+00
5.420000000000000338e-03 4.065298155685353798e+00
5.430000000000000798e-03 4.098777983571581629e+00
5.440000000000000391e-03 4.141111646571880911e+00
5.450000000000000851e-03 4.181902894968752449e+00
5.460000000000000443e-03 4.213556099433854563e+00
5.470000000000000036e-03 4.232291164411366324e+00
5.480000000000000496e-03 4.237190219418630832e+00
5.490000000000000088e-03 4.228692790252932099e+00
5.500000000000000548e-03 4.207576146700519715e+00
5.510000000000000141e-03 4.174723690892664152e+00
5.520000000000000601e-03 4.131481403745940639e+00
5.530000000000000193e-03 4.080204294775274576e+00
5.540000000000000653e-03 4.024580313952727195e+00
5.550000000000000246e-03 3.969418375085366435e+00
5.560000000000000706e-03 3.919813639667196536e+00
5.570000000000000298e-03 3.879938827238621712e+00
5.580000000000000758e-03 3.851986286116845459e+00
5.590000000000000351e-03 3.835669545807654401e+00
5.600000000000000810e-03 3.828652480795907920e+00
5.610000000000000403e-03 3.830181813092368603e+00
5.620000000000000863e-03 3.836271294345278804e+00
5.630000000000000455e-03 3.844302500011732349e+00
5.640000000000000048e-03 3.852194267020690344e+00
5.650000000000000508e-03 3.858220949424038260e+00
5.660000000000000100e-03 3.860878834915432822e+00
5.670000000000000560e-03 3.858866184020631973e+00
5.680000000000000153e-03 3.851130221062986969e+00
5.690000000000000613e-03 3.836889888997691678e+00
5.700000000000000205e-03 3.815610452924572016e+00
5.710000000000000665e-03 3.787164126050190482e+00
5.720000000000000258e-03 3.752922004721680693e+00
5.730000000000000718e-03 3.718517701862230851e+00
5.740000000000000310e-03 3.696078068144835527e+00
5.750000000000000770e-03 3.699543423083471616e+00
5.760000000000000363e-03 3.734103653738897854e+00
5.770000000000000823e-03 3.793611682804712171e+00
5.780000000000000415e-03 3.868123187099715032e+00
5.790000000000000875e-03 3.949309785299958353e+00
5.800000000000000468e-03 4.030367657017643879e+00
5.810000000000000060e-03 4.104841782602175471e+00
5.820000000000000520e-03 4.166981864224822196e+00
5.830000000000000113e-03 4.213466355331398461e+00
5.840000000000000573e-03 4.244829851924329489e+00
5.850000000000000165e-03 4.265036412763578255e+00
5.860000000000000625e-03 4.279425295092503134e+00
5.870000000000000218e-03 4.292585461644089051e+00
5.880000000000000678e-03 4.307228392886398360e+00
5.890000000000000270e-03 4.324031357953116661e+00
5.900000000000000730e-03 4.341986213119961135e+00
5.910000000000000323e-03 4.358963894625400570e+00
5.920000000000000782e-03 4.372491580446949300e+00
5.930000000000000375e-03 4.380836397922818648e+00
5.940000000000000835e-03 4.384247319499930740e+00
5.950000000000000427e-03 4.385630359202552953e+00
5.960000000000000887e-03 4.389543648222181460e+00
5.970000000000000480e-03 4.399256310839099626e+00
5.980000000000000072e-03 4.413753349034532647e+00
5.990000000000000532e-03 4.427485629580915294e+00
6.000000000000000125e-03 4.433312868470514978e+00
6.010000000000000585e-03 4.426081124252023713e+00
6.020000000000000177e-03 4.404324485843670089e+00
6.030000000000000637e-03 4.369821343039409278e+00
6.040000000000000230e-03 4.326166612701323189e+00
6.050000000000000690e-03 4.277410580144298535e+00
6.060000000000000282e-03 4.227178462745317944e+00
6.070000000000000742e-03 4.178259951587647514e+00
6.080000000000000335e-03 4.132523269963831680e+00
6.090000000000000795e-03 4.091023714557891822e+00
6.100000000000000387e-03 4.054231781750298858e+00
6.110000000000000847e-03 4.022337589778751443e+00
6.120000000000000440e-03 3.995564938007057698e+00
6.130000000000000900e-03 3.974367388661503853e+00
6.140000000000000492e-03 3.959360593779248205e+00
6.150000000000000085e-03 3.950961173938740689e+00
6.160000000000000545e-03 3.948930842216240134e+00
6.170000000000000137e-03 3.952170976156184956e+00
6.180000000000000597e-03 3.958980792238459667e+00
6.190000000000000190e-03 3.967643460947580358e+00
6.200000000000000649e-03 3.976942244842991414e+00
6.210000000000000242e-03 3.986264163969083452e+00
6.220000000000000702e-03 3.995269527014825073e+00
6.230000000000000294e-03 4.003436041308226834e+00
6.240000000000000754e-03 4.009871008379096935e+00
6.250000000000000347e-03 4.013559357456585097e+00
6.260000000000000807e-03 4.013874810116611513e+00
6.270000000000000399e-03 4.011008285196629330e+00
6.280000000000000859e-03 4.006056040717770550e+00
6.290000000000000452e-03 4.000725848942938256e+00
6.300000000000000912e-03 3.996795106096826089e+00
6.310000000000000504e-03 3.995529502823948143e+00
6.320000000000000097e-03 3.997262358955930406e+00
6.330000000000000557e-03 4.001267332718724035e+00
6.340000000000000149e-03 4.005949950351409328e+00
6.350000000000000609e-03 4.009272229445682179e+00
6.360000000000000202e-03 4.009258504535250900e+00
6.370000000000000662e-03 4.004435521205401471e+00
6.380000000000000254e-03 3.994116582353298917e+00
6.390000000000000714e-03 3.978502353633164734e+00
6.400000000000000307e-03 3.958607423784036961e+00
6.410000000000000767e-03 3.936033323987195409e+00
6.420000000000000359e-03 3.912619047002337869e+00
6.430000000000000819e-03 3.890026706657993660e+00
6.440000000000000412e-03 3.869355032434620423e+00
6.450000000000000872e-03 3.850890348053944034e+00
6.460000000000000464e-03 3.834084894345441974e+00
6.470000000000000924e-03 3.817802654585683353e+00
6.480000000000000517e-03 3.800811802828689689e+00
6.490000000000000109e-03 3.782434187496549693e+00
6.500000000000000569e-03 3.763176836844648321e+00
6.510000000000000162e-03 3.745087129057391273e+00
6.520000000000000621e-03 3.731569551219421133e+00
6.530000000000000214e-03 3.726568387411651972e+00
6.540000000000000674e-03 3.733339013090889669e+00
6.550000000000000266e-03 3.753306153437931947e+00
6.560000000000000726e-03 3.785503379457729078e+00
6.570000000000000319e-03 3.826774068426923137e+00
6.580000000000000779e-03 3.872528198125804622e+00
6.590000000000000371e-03 3.917666201133832349e+00
6.600000000000000831e-03 3.957364636468360342e+00
6.610000000000000424e-03 3.987624986414206152e+00
6.620000000000000884e-03 4.005640709765582841e+00
6.630000000000000476e-03 4.010060206039287145e+00
6.640000000000000936e-03 4.001144617784682112e+00
6.650000000000000529e-03 3.980731188679668797e+00
6.660000000000000121e-03 3.951909182399292675e+00
6.670000000000000581e-03 3.918426147940509807e+00
6.680000000000000174e-03 3.883994741476273216e+00
6.690000000000000634e-03 3.851738103936612756e+00
6.700000000000000226e-03 3.823933430818655221e+00
6.710000000000000686e-03 3.802052491462434514e+00
6.720000000000000279e-03 3.786973028910410655e+00
6.730000000000000739e-03 3.779209053616275682e+00
6.740000000000000331e-03 3.779058298621024825e+00
6.750000000000000791e-03 3.786633980162753765e+00
6.760000000000000384e-03 3.801796441702141038e+00
6.770000000000000843e-03 3.824021362711629290e+00
6.780000000000000436e-03 3.852248091707916267e+00
6.790000000000000896e-03 3.884763784376168871e+00
6.800000000000000488e-03 3.919213764131712630e+00
6.810000000000000948e-03 3.952887414329086191e+00
6.820000000000000541e-03 3.983462765669805172e+00
6.830000000000000134e-03 4.010256654502955875e+00
6.840000000000000593e-03 4.035537778662857455e+00
6.850000000000000186e-03 4.064761658758126117e+00
6.860000000000000646e-03 4.104596755894116100e+00
6.870000000000000238e-03 4.159260455015702185e+00
6.880000000000000698e-03 4.227735007074411300e+00
6.890000000000000291e-03 4.303993761579563149e+00
6.900000000000000751e-03 4.379578691313817274e+00
6.910000000000000343e-03 4.446316517799209223e+00
6.920000000000000803e-03 4.497936632726751149e+00
6.930000000000000396e-03 4.530732770980163693e+00
6.940000000000000856e-03 4.543743860184867422e+00
6.950000000000000448e-03 4.538668746192362491e+00
6.960000000000000908e-03 4.519527145491093023e+00
6.970000000000000501e-03 4.492013244199641875e+00
6.980000000000000961e-03 4.462485707628667697e+00
6.990000000000000553e-03 4.436663634463584138e+00
7.000000000000000146e-03 4.418366968586619592e+00
7.010000000000000606e-03 4.408820863882953134e+00
7.020000000000000198e-03 4.406854950469950793e+00
7.030000000000000658e-03 4.409834816515140865e+00
7.040000000000000251e-03 4.414783595305044273e+00
7.050000000000000711e-03 4.419187635754424193e+00
7.060000000000000303e-03 4.421307779589223941e+00
7.070000000000000763e-03 4.420115743102668304e+00
7.080000000000000356e-03 4.415077322366371071e+00
7.090000000000000815e-03 4.405956189596527572e+00
7.100000000000000408e-03 4.392722111255835671e+00
7.110000000000000868e-03 4.375575793652171086e+00
7.120000000000000460e-03 4.355055201784313823e+00
7.130000000000000920e-03 4.332154061586702909e+00
7.140000000000000513e-03 4.308362736985875685e+00
7.150000000000000973e-03 4.285550874985156966e+00
7.160000000000000565e-03 4.265664825430327767e+00
7.170000000000000158e-03 4.250299184834519295e+00
7.180000000000000618e-03 4.240275943900902789e+00
7.190000000000000210e-03 4.235379064514977365e+00
7.200000000000000670e-03 4.234344897944112063e+00
7.210000000000000263e-03 4.235154326812882175e+00
7.220000000000000723e-03 4.235661639091093278e+00
7.230000000000000315e-03 4.234568757083239099e+00
7.240000000000000775e-03 4.232494475198834039e+00
7.250000000000000368e-03 4.232285871619222206e+00
7.260000000000000828e-03 4.237479128553945706e+00
7.270000000000000420e-03 4.249310758312529579e+00
7.280000000000000880e-03 4.265051462865254273e+00
7.290000000000000473e-03 4.279704845178353700e+00
7.300000000000000933e-03 4.289238176580114192e+00
7.310000000000000525e-03 4.292222157552781248e+00
7.320000000000000985e-03 4.289286758234123198e+00
7.330000000000000578e-03 4.281780082673209087e+00
7.340000000000000170e-03 4.270769549290060141e+00
7.350000000000000630e-03 4.256634718300475129e+00
7.360000000000000223e-03 4.239071842439725124e+00
7.370000000000000683e-03 4.217314294611385961e+00
7.380000000000000275e-03 4.190472219622101591e+00
7.390000000000000735e-03 4.157957168560526107e+00
7.400000000000000328e-03 4.119946135854180902e+00
7.410000000000000787e-03 4.077765454338461382e+00
7.420000000000000380e-03 4.033993957038590317e+00
7.430000000000000840e-03 3.992108027294648753e+00
7.440000000000000432e-03 3.955721343678902269e+00
7.450000000000000892e-03 3.927828733920479820e+00
7.460000000000000485e-03 3.910584715474428652e+00
7.470000000000000945e-03 3.905694375303335519e+00
7.480000000000000537e-03 3.914738655884101526e+00
7.490000000000000997e-03 3.938600052514137140e+00
7.500000000000000590e-03 3.976086549704662243e+00
7.510000000000000182e-03 4.022978858619929099e+00
7.520000000000000642e-03 4.072620780415165953e+00
7.530000000000000235e-03 4.117838826191436041e+00
7.540000000000000695e-03 4.152944559167732308e+00
7.550000000000000287e-03 4.174801514317426410e+00
7.560000000000000747e-03 4.182827717995432515e+00
7.570000000000000340e-03 4.178387917167372123e+00
7.580000000000000800e-03 4.164059047451097229e+00
7.590000000000000392e-03 4.143020806392909705e+00
7.600000000000000852e-03 4.118617316387589433e+00
7.610000000000000445e-03 4.094047071337440613e+00
7.620000000000000905e-03 4.072137365954523247e+00
7.630000000000000497e-03 4.055190624515685016e+00
7.640000000000000957e-03 4.044911676901978836e+00
7.650000000000000550e-03 4.042417457887824916e+00
7.660000000000001009e-03 4.048296581670628669e+00
7.670000000000000602e-03 4.062648018424463103e+00
7.680000000000001062e-03 4.085019836485781042e+00
7.690000000000000654e-03 4.114222314310215012e+00
7.700000000000000247e-03 4.148107757641374960e+00
7.710000000000000707e-03 4.183531845475469524e+00
7.720000000000000299e-03 4.216713417437024880e+00
7.730000000000000759e-03 4.244002299353653029e+00
7.740000000000000352e-03 4.262752413279285335e+00
7.750000000000000812e-03 4.271859007924573959e+00
7.760000000000000404e-03 4.271715251217823806e+00
7.770000000000000864e-03 4.263704809140172358e+00
7.780000000000000457e-03 4.249567507840955827e+00
7.790000000000000917e-03 4.230939312388539264e+00
7.800000000000000509e-03 4.209188950251208539e+00
7.810000000000000969e-03 4.185504964250329252e+00
7.820000000000000562e-03 4.161096533364618821e+00
7.830000000000000154e-03 4.137354834450453822e+00
7.840000000000001482e-03 4.115858071528890605e+00
7.850000000000001074e-03 4.098178022359555861e+00
7.860000000000000667e-03 4.085540940320173675e+00
7.870000000000000259e-03 4.078476196113277830e+00
7.879999999999999852e-03 4.076609828684595982e+00
7.890000000000001179e-03 4.078707233011007460e+00
7.900000000000000772e-03 4.082963956063830224e+00
7.910000000000000364e-03 4.087442036845374105e+00
7.919999999999999957e-03 4.090500645518529765e+00
7.930000000000001284e-03 4.091087680158427276e+00
7.940000000000000877e-03 4.088823641904723694e+00
7.950000000000000469e-03 4.083886937125976502e+00
7.960000000000000062e-03 4.076770497051820819e+00
7.970000000000001389e-03 4.068005556558572877e+00
7.980000000000000981e-03 4.057939136651420142e+00
7.990000000000000574e-03 4.046621657681558126e+00
8.000000000000000167e-03 4.033827333808986282e+00
8.010000000000001494e-03 4.019200208535659513e+00
8.020000000000001086e-03 4.002491836509642908e+00
8.030000000000000679e-03 3.983833804473355222e+00
8.040000000000000271e-03 3.963977382965652829e+00
8.049999999999999864e-03 3.944439106402465978e+00
8.060000000000001191e-03 3.927504475291324404e+00
8.070000000000000784e-03 3.916032739021297893e+00
8.080000000000000376e-03 3.912953720843658445e+00
8.089999999999999969e-03 3.920327689325969089e+00
8.100000000000001296e-03 3.938087516264657140e+00
8.110000000000000889e-03 3.963207295880918579e+00
8.120000000000000481e-03 3.990359796151679461e+00
8.130000000000000074e-03 4.014102251847178948e+00
8.140000000000001401e-03 4.031018064196001838e+00
8.150000000000000994e-03 4.040277255318597938e+00
8.160000000000000586e-03 4.042748909781669120e+00
8.170000000000000179e-03 4.039836245015550276e+00
8.180000000000001506e-03 4.032814577910000864e+00
8.190000000000001099e-03 4.022699817204781425e+00
8.200000000000000691e-03 4.010356148125526765e+00
8.210000000000000284e-03 3.996608313335169971e+00
8.219999999999999876e-03 3.982271165809352809e+00
8.230000000000001203e-03 3.968106029787561884e+00
8.240000000000000796e-03 3.954747258126519061e+00
8.250000000000000389e-03 3.942639765527038875e+00
8.259999999999999981e-03 3.932012439131581161e+00
8.270000000000001308e-03 3.922895484312387104e+00
8.280000000000000901e-03 3.915176433787000754e+00
8.290000000000000493e-03 3.908680299925741508e+00
8.300000000000000086e-03 3.903253842139498886e+00
8.310000000000001413e-03 3.898832571574857742e+00
8.320000000000001006e-03 3.895472821830160193e+00
8.330000000000000598e-03 3.893339637097525507e+00
8.340000000000000191e-03 3.892651749440720010e+00
8.350000000000001518e-03 3.893593949013482547e+00
8.360000000000001111e-03 3.896212805381755295e+00
8.370000000000000703e-03 3.900315022639677665e+00
8.380000000000000296e-03 3.905391038031015505e+00
8.389999999999999888e-03 3.910590089067284225e+00
8.400000000000001216e-03 3.914772764873280408e+00
8.410000000000000808e-03 3.916655664294673933e+00
8.420000000000000401e-03 3.915035415030700960e+00
8.429999999999999993e-03 3.909041844589313364e+00
8.440000000000001321e-03 3.898341970163153647e+00
8.450000000000000913e-03 3.883220591481022499e+00
8.460000000000000506e-03 3.864506467225765185e+00
8.470000000000000098e-03 3.843375214159400866e+00
8.480000000000001426e-03 3.821106460200175636e+00
8.490000000000001018e-03 3.798880095504968857e+00
8.500000000000000611e-03 3.777667325559057154e+00
8.510000000000000203e-03 3.758227148766949632e+00
8.520000000000001530e-03 3.741178589129706022e+00
8.530000000000001123e-03 3.727094732503776875e+00
8.540000000000000716e-03 3.716559844713559269e+00
8.550000000000000308e-03 3.710146353370885386e+00
8.559999999999999901e-03 3.708302435121743734e+00
8.570000000000001228e-03 3.711184455953912220e+00
8.580000000000000820e-03 3.718503742973696014e+00
8.590000000000000413e-03 3.729464886767607013e+00
8.600000000000000006e-03 3.742845703545971237e+00
8.610000000000001333e-03 3.757218050611534021e+00
8.620000000000000925e-03 3.771254222836110781e+00
8.630000000000000518e-03 3.784021300189121639e+00
8.640000000000000110e-03 3.795145182684916740e+00
8.650000000000001438e-03 3.804743869089485475e+00
8.660000000000001030e-03 3.813111947609238772e+00
8.670000000000000623e-03 3.820285836257940826e+00
8.680000000000000215e-03 3.825758037726595617e+00
8.690000000000001543e-03 3.828608220894738956e+00
8.700000000000001135e-03 3.828112749489082756e+00
8.710000000000000728e-03 3.824582440294289842e+00
8.720000000000000320e-03 3.819966872023797144e+00
8.729999999999999913e-03 3.817800112644403221e+00
8.740000000000001240e-03 3.822347343154562704e+00
8.750000000000000833e-03 3.837210166555491853e+00
8.760000000000000425e-03 3.863946836850837840e+00
8.770000000000000018e-03 3.901291539923289697e+00
8.780000000000001345e-03 3.945313625573711569e+00
8.790000000000000938e-03 3.990472607710622732e+00
8.800000000000000530e-03 4.031144374991221468e+00
8.810000000000000123e-03 4.062993569432492791e+00
8.820000000000001450e-03 4.083698480014776422e+00
8.830000000000001042e-03 4.092921902312522064e+00
8.840000000000000635e-03 4.091773869801649255e+00
8.850000000000000228e-03 4.082121903746639191e+00
8.860000000000001555e-03 4.066004938648696942e+00
8.870000000000001147e-03 4.045249505668672363e+00
8.880000000000000740e-03 4.021276622670773904e+00
8.890000000000000333e-03 3.995046109429243764e+00
8.899999999999999925e-03 3.967089025963245419e+00
8.910000000000001252e-03 3.937601780216286596e+00
8.920000000000000845e-03 3.906599093141559287e+00
8.930000000000000437e-03 3.874134994542333121e+00
8.940000000000000030e-03 3.840590406272107238e+00
8.950000000000001357e-03 3.806988482191396184e+00
8.960000000000000950e-03 3.775255114852328120e+00
8.970000000000000542e-03 3.748351595638158784e+00
8.980000000000000135e-03 3.730329473840433341e+00
8.990000000000001462e-03 3.726503862741899376e+00
9.000000000000001055e-03 3.743676984500430294e+00
9.010000000000000647e-03 3.789071841480748049e+00
9.020000000000000240e-03 3.865109111912612416e+00
9.030000000000001567e-03 3.960230464911135062e+00
9.040000000000001160e-03 4.046962391998763842e+00
9.050000000000000752e-03 4.098194260533627897e+00
9.060000000000000345e-03 4.105497960468368568e+00
9.069999999999999937e-03 4.077643789113642114e+00
9.080000000000001265e-03 4.028099738196866397e+00
9.090000000000000857e-03 3.967649706297772472e+00
9.100000000000000450e-03 3.903485137161869289e+00
9.110000000000000042e-03 3.840421397099460954e+00
9.120000000000001369e-03 3.781982578695144426e+00
9.130000000000000962e-03 3.730993870939766310e+00
9.140000000000000555e-03 3.689841810387146204e+00
9.150000000000000147e-03 3.660549281185951465e+00
9.160000000000001474e-03 3.644719240311693476e+00
9.170000000000001067e-03 3.643347544213086930e+00
9.180000000000000659e-03 3.656512815389080462e+00
9.190000000000000252e-03 3.683016748057221790e+00
9.200000000000001579e-03 3.720138169498768743e+00
9.210000000000001172e-03 3.763707381463544888e+00
9.220000000000000764e-03 3.808629809043138525e+00
9.230000000000000357e-03 3.849789231681153723e+00
9.239999999999999949e-03 3.883054896698596714e+00
9.250000000000001277e-03 3.906054341170424049e+00
9.260000000000000869e-03 3.918496906719507233e+00
9.270000000000000462e-03 3.922033189136228337e+00
9.280000000000000054e-03 3.919772581989219518e+00
9.290000000000001382e-03 3.915611697028797522e+00
9.300000000000000974e-03 3.913503442911229868e+00
9.310000000000000567e-03 3.916778287426860850e+00
9.320000000000000159e-03 3.927624316358715006e+00
9.330000000000001487e-03 3.946816722112286069e+00
9.340000000000001079e-03 3.973742575267248611e+00
9.350000000000000672e-03 4.006698425350803561e+00
9.360000000000000264e-03 4.043367432841508347e+00
9.370000000000001592e-03 4.081334766544962633e+00
9.380000000000001184e-03 4.118495721361983719e+00
9.390000000000000777e-03 4.153256342703274484e+00
9.400000000000000369e-03 4.184505834090262333e+00
9.409999999999999962e-03 4.211423461194495843e+00
9.420000000000001289e-03 4.233240997868180422e+00
9.430000000000000882e-03 4.249097439718319436e+00
9.440000000000000474e-03 4.258087852579675925e+00
9.450000000000000067e-03 4.259521650406743021e+00
9.460000000000001394e-03 4.253284682560247276e+00
9.470000000000000986e-03 4.240101267876108082e+00
9.480000000000000579e-03 4.221502456376768464e+00
9.490000000000000172e-03 4.199462831565438314e+00
9.500000000000001499e-03 4.175878550704132053e+00
9.510000000000001091e-03 4.152152108931001173e+00
9.520000000000000684e-03 4.129045656024223021e+00
9.530000000000000276e-03 4.106768050404838277e+00
9.540000000000001604e-03 4.085141289325560088e+00
9.550000000000001196e-03 4.063720091857624617e+00
9.560000000000000789e-03 4.041851459159937932e+00
9.570000000000000381e-03 4.018748058489833852e+00
9.579999999999999974e-03 3.993646200683647063e+00
9.590000000000001301e-03 3.966046125130437972e+00
9.600000000000000894e-03 3.935959732303361047e+00
9.610000000000000486e-03 3.904071210275668058e+00
9.620000000000000079e-03 3.871748075387508869e+00
9.630000000000001406e-03 3.840892139147893403e+00
9.640000000000000999e-03 3.813666955129574543e+00
9.650000000000000591e-03 3.792171244763152593e+00
9.660000000000000184e-03 3.778140419383401838e+00
9.670000000000001511e-03 3.772743071432133277e+00
9.680000000000001104e-03 3.776498677705403928e+00
9.690000000000000696e-03 3.789297163510723543e+00
9.700000000000000289e-03 3.810477346190558556e+00
9.710000000000001616e-03 3.838929922798890892e+00
9.720000000000001208e-03 3.873214122405626902e+00
9.730000000000000801e-03 3.911685445753366963e+00
9.740000000000000394e-03 3.952613022326092018e+00
9.749999999999999986e-03 3.994241386374080882e+00
9.760000000000001313e-03 4.034761703784574216e+00
9.770000000000000906e-03 4.072214208531605095e+00
9.780000000000000498e-03 4.104404762286801400e+00
9.790000000000000091e-03 4.128916291325298360e+00
9.800000000000001418e-03 4.143220368839681811e+00
9.810000000000001011e-03 4.144841244919890144e+00
9.820000000000000603e-03 4.131602918081275888e+00
9.830000000000000196e-03 4.102142695498997682e+00
9.840000000000001523e-03 4.056845583531545785e+00
9.850000000000001116e-03 3.998940997651537543e+00
9.860000000000000708e-03 3.934945118584780133e+00
9.870000000000000301e-03 3.873630433142588814e+00
9.880000000000001628e-03 3.823651123869081569e+00
9.890000000000001221e-03 3.791088598896514839e+00
9.900000000000000813e-03 3.778265053241247173e+00
9.910000000000000406e-03 3.784139586031997293e+00
9.919999999999999998e-03 3.805600518683667666e+00
9.930000000000001326e-03 3.838788513600371211e+00
9.940000000000000918e-03 3.879987153225777696e+00
9.950000000000000511e-03 3.926040093941161047e+00
9.960000000000000103e-03 3.974448159995238594e+00
9.970000000000001431e-03 4.023311961955061022e+00
9.980000000000001023e-03 4.071227978893499966e+00
9.990000000000000616e-03 4.117184785562903571e+00
