0.000000e+00 1.994148e+00
3.000000e-02 1.990607e+00
6.000000e-02 1.984452e+00
9.000000e-02 1.973618e+00
1.200000e-01 1.954000e+00
1.500000e-01 1.917610e+00
1.800000e-01 1.852762e+00
2.100000e-01 1.767772e+00
2.400000e-01 1.744118e+00
2.700000e-01 1.812791e+00
3.000000e-01 1.888732e+00
3.300000e-01 1.939276e+00
3.600000e-01 1.969740e+00
3.900000e-01 1.987754e+00
4.200000e-01 1.998094e+00
4.500000e-01 2.003543e+00
4.800000e-01 2.005854e+00
5.100000e-01 2.006269e+00
5.400000e-01 2.005684e+00
5.700000e-01 2.004690e+00
6.000000e-01 2.003626e+00
6.300000e-01 2.002656e+00
6.600000e-01 2.001836e+00
6.900000e-01 2.001169e+00
7.200000e-01 2.000634e+00
7.500000e-01 2.000202e+00
7.800000e-01 1.999845e+00
8.100000e-01 1.999539e+00
8.400000e-01 1.999263e+00
8.700000e-01 1.999001e+00
9.000000e-01 1.998741e+00
9.300000e-01 1.998473e+00
9.600000e-01 1.998192e+00
9.900000e-01 1.997893e+00
1.020000e+00 1.997573e+00
1.050000e+00 1.997234e+00
1.080000e+00 1.996874e+00
1.110000e+00 1.996497e+00
1.140000e+00 1.996106e+00
1.170000e+00 1.995705e+00
1.200000e+00 1.995299e+00
1.230000e+00 1.994896e+00
1.260000e+00 1.994502e+00
1.290000e+00 1.994128e+00
1.320000e+00 1.993782e+00
1.350000e+00 1.993477e+00
1.380000e+00 1.993225e+00
1.410000e+00 1.993042e+00
1.440000e+00 1.992948e+00
1.470000e+00 1.992969e+00
1.500000e+00 1.993149e+00
1.530000e+00 1.993565e+00
1.560000e+00 1.994373e+00
1.590000e+00 1.995806e+00
1.620000e+00 1.997083e+00
1.650000e+00 1.994907e+00
1.680000e+00 1.992687e+00
1.710000e+00 1.991851e+00
1.740000e+00 1.991085e+00
1.770000e+00 1.988773e+00
1.800000e+00 1.966389e+00
1.830000e+00 1.996840e+00
1.860000e+00 1.993530e+00
1.890000e+00 1.991372e+00
1.920000e+00 1.994840e+00
1.950000e+00 1.998055e+00
1.980000e+00 1.999741e+00
2.010000e+00 2.000961e+00
2.040000e+00 2.002401e+00
2.070000e+00 2.004903e+00
2.100000e+00 2.011563e+00
2.130000e+00 2.043143e+00
2.160000e+00 1.997308e+00
2.190000e+00 2.001625e+00
2.220000e+00 2.004308e+00
2.250000e+00 2.003084e+00
2.280000e+00 1.989276e+00
2.310000e+00 1.928752e+00
2.340000e+00 1.670768e+00
2.370000e+00 1.431881e+00
2.400000e+00 1.669093e+00
2.430000e+00 1.930576e+00
2.460000e+00 1.899533e+00
2.490000e+00 1.548921e+00
2.520000e+00 7.470943e-01
2.550000e+00 7.203880e-01
2.580000e+00 1.524331e+00
2.610000e+00 1.913170e+00
2.640000e+00 1.953997e+00
2.670000e+00 1.935714e+00
2.700000e+00 1.934221e+00
2.730000e+00 1.948875e+00
2.760000e+00 1.656042e+00
2.790000e+00 7.421924e-01
2.820000e+00 1.140362e+00
2.850000e+00 1.258352e+00
2.880000e+00 1.338680e+00
2.910000e+00 1.754443e+00
2.940000e+00 1.889890e+00
2.970000e+00 1.828026e+00
