0.000000e+00 4.668256e+00
6.000000e-02 4.460111e+00
1.200000e-01 4.136368e+00
1.800000e-01 4.234236e+00
2.400000e-01 3.839797e+00
3.000000e-01 3.872340e+00
3.600000e-01 4.222934e+00
4.200000e-01 3.811309e+00
4.800000e-01 4.071097e+00
5.400000e-01 4.381809e+00
6.000000e-01 4.292507e+00
6.600000e-01 4.525021e+00
7.200000e-01 3.591463e+00
7.800000e-01 3.091065e+00
8.400000e-01 3.844835e+00
9.000000e-01 3.399430e+00
9.600000e-01 2.988378e+00
1.020000e+00 2.819574e+00
1.080000e+00 3.351697e+00
1.140000e+00 3.038598e+00
1.200000e+00 3.105235e+00
1.260000e+00 3.227133e+00
1.320000e+00 3.188441e+00
1.380000e+00 3.704097e+00
1.440000e+00 3.099328e+00
1.500000e+00 3.307731e+00
1.560000e+00 2.662741e+00
1.620000e+00 2.800922e+00
1.680000e+00 2.637693e+00
1.740000e+00 3.267000e+00
1.800000e+00 3.487541e+00
1.860000e+00 3.260989e+00
1.920000e+00 2.825762e+00
1.980000e+00 2.520922e+00
2.040000e+00 2.600778e+00
2.100000e+00 2.876858e+00
2.160000e+00 3.026781e+00
2.220000e+00 2.767119e+00
2.280000e+00 2.516844e+00
2.340000e+00 2.383132e+00
2.400000e+00 2.240381e+00
2.460000e+00 2.537783e+00
2.520000e+00 2.729670e+00
2.580000e+00 2.670389e+00
2.640000e+00 1.785307e+00
2.700000e+00 1.312723e+00
2.760000e+00 1.508279e+00
2.820000e+00 2.081037e+00
2.880000e+00 2.188063e+00
2.940000e+00 1.083054e+00
3.000000e+00 1.614849e+00
3.060000e+00 1.419607e+00
3.120000e+00 1.747494e+00
3.180000e+00 1.723059e+00
3.240000e+00 1.245137e+00
3.300000e+00 1.370659e+00
3.360000e+00 1.749850e+00
3.420000e+00 1.579857e+00
3.480000e+00 1.505385e+00
3.540000e+00 2.005740e+00
3.600000e+00 1.341085e+00
3.660000e+00 2.412605e+00
3.720000e+00 1.438866e+00
3.780000e+00 2.072641e+00
3.840000e+00 1.532443e+00
3.900000e+00 1.717140e+00
3.960000e+00 1.451755e+00
4.020000e+00 2.797872e+00
4.080000e+00 1.286709e+00
4.140000e+00 2.578993e+00
4.200000e+00 1.795571e+00
4.260000e+00 9.414341e-01
4.320000e+00 1.296666e+00
4.380000e+00 1.799734e+00
4.440000e+00 1.071426e+00
4.500000e+00 1.198160e+00
4.560000e+00 1.425775e+00
4.620000e+00 1.879186e+00
4.680000e+00 1.162180e+00
4.740000e+00 1.374204e+00
4.800000e+00 1.783620e+00
4.860000e+00 1.726825e+00
4.920000e+00 1.375457e+00
4.980000e+00 4.231087e-01
5.040000e+00 6.169838e-01
5.100000e+00 1.745126e+00
5.160000e+00 4.040178e-01
5.220000e+00 1.222326e+00
5.280000e+00 1.859873e-01
5.340000e+00 1.184851e+00
5.400000e+00 1.900244e+00
5.460000e+00 4.397958e-01
5.520000e+00 1.025020e+00
5.580000e+00 1.657629e+00
5.640000e+00 1.663709e+00
5.700000e+00 1.051819e+00
5.760000e+00 6.659317e-01
5.820000e+00 1.534146e+00
5.880000e+00 3.638029e-01
5.940000e+00 1.130557e+00
