0.000000e+00 4.668256e+00
6.000000e-02 4.742504e+00
1.200000e-01 4.592790e+00
1.800000e-01 4.991539e+00
2.400000e-01 4.789285e+00
3.000000e-01 3.680753e+00
3.600000e-01 4.209004e+00
4.200000e-01 4.462820e+00
4.800000e-01 4.401673e+00
5.400000e-01 4.419030e+00
6.000000e-01 4.824005e+00
6.600000e-01 3.985043e+00
7.200000e-01 4.257122e+00
7.800000e-01 3.798934e+00
8.400000e-01 4.168335e+00
9.000000e-01 3.529141e+00
9.600000e-01 3.642861e+00
1.020000e+00 3.744757e+00
1.080000e+00 3.256216e+00
1.140000e+00 3.625676e+00
1.200000e+00 3.225787e+00
1.260000e+00 2.964780e+00
1.320000e+00 3.195845e+00
1.380000e+00 3.269483e+00
1.440000e+00 2.871557e+00
1.500000e+00 3.258978e+00
1.560000e+00 3.136572e+00
1.620000e+00 2.746410e+00
1.680000e+00 3.013717e+00
1.740000e+00 3.113931e+00
1.800000e+00 2.490731e+00
1.860000e+00 2.273123e+00
1.920000e+00 2.402190e+00
1.980000e+00 2.648848e+00
2.040000e+00 2.764190e+00
2.100000e+00 2.666366e+00
2.160000e+00 2.531836e+00
2.220000e+00 2.569677e+00
2.280000e+00 2.899011e+00
2.340000e+00 3.239157e+00
2.400000e+00 2.819995e+00
2.460000e+00 2.455837e+00
2.520000e+00 2.449412e+00
2.580000e+00 2.407296e+00
2.640000e+00 1.443124e+00
2.700000e+00 1.487741e+00
2.760000e+00 1.557180e+00
2.820000e+00 1.171790e+00
2.880000e+00 1.337098e+00
2.940000e+00 1.794675e+00
3.000000e+00 2.076875e+00
3.060000e+00 2.307798e+00
3.120000e+00 1.918987e+00
3.180000e+00 1.708424e+00
3.240000e+00 1.948539e+00
3.300000e+00 2.005084e+00
3.360000e+00 1.702123e+00
3.420000e+00 1.287845e+00
3.480000e+00 1.222874e+00
3.540000e+00 1.269359e+00
3.600000e+00 1.216364e+00
3.660000e+00 1.944704e+00
3.720000e+00 2.018573e+00
3.780000e+00 2.328654e+00
3.840000e+00 2.770452e+00
3.900000e+00 2.427674e+00
3.960000e+00 1.663087e+00
4.020000e+00 1.217514e+00
4.080000e+00 8.141362e-01
4.140000e+00 1.228208e+00
4.200000e+00 4.746225e-01
4.260000e+00 3.661860e-01
4.320000e+00 5.986799e-01
4.380000e+00 1.926500e+00
4.440000e+00 1.560693e+00
4.500000e+00 6.423245e-01
4.560000e+00 1.768834e+00
4.620000e+00 9.937242e-01
4.680000e+00 1.466193e+00
4.740000e+00 1.238951e+00
4.800000e+00 1.444973e+00
4.860000e+00 4.314586e-01
4.920000e+00 1.178369e-01
4.980000e+00 2.019828e-01
5.040000e+00 8.175922e-01
5.100000e+00 3.156911e-01
5.160000e+00 1.897034e-01
5.220000e+00 4.529404e-01
5.280000e+00 5.348660e-01
5.340000e+00 9.520497e-01
5.400000e+00 1.355862e+00
5.460000e+00 2.849741e-01
5.520000e+00 1.330271e+00
5.580000e+00 8.862985e-01
5.640000e+00 1.048730e+00
5.700000e+00 4.688353e-01
5.760000e+00 2.043503e-01
5.820000e+00 1.387409e-01
5.880000e+00 1.347286e+00
5.940000e+00 3.297278e-01
