0.000000e+00 4.668256e+00
6.000000e-02 4.377338e+00
1.200000e-01 4.025724e+00
1.800000e-01 3.720565e+00
2.400000e-01 4.505440e+00
3.000000e-01 3.809647e+00
3.600000e-01 4.306052e+00
4.200000e-01 3.676248e+00
4.800000e-01 4.616250e+00
5.400000e-01 3.717523e+00
6.000000e-01 4.355732e+00
6.600000e-01 4.009382e+00
7.200000e-01 3.933561e+00
7.800000e-01 4.249853e+00
8.400000e-01 4.426961e+00
9.000000e-01 2.826235e+00
9.600000e-01 3.203193e+00
1.020000e+00 3.184839e+00
1.080000e+00 3.322734e+00
1.140000e+00 3.142393e+00
1.200000e+00 3.327288e+00
1.260000e+00 4.043838e+00
1.320000e+00 3.028749e+00
1.380000e+00 3.642035e+00
1.440000e+00 3.120388e+00
1.500000e+00 2.801535e+00
1.560000e+00 2.874844e+00
1.620000e+00 2.994379e+00
1.680000e+00 2.474283e+00
1.740000e+00 2.187999e+00
1.800000e+00 2.075663e+00
1.860000e+00 1.979012e+00
1.920000e+00 2.211750e+00
1.980000e+00 2.483449e+00
2.040000e+00 2.454723e+00
2.100000e+00 2.424224e+00
2.160000e+00 2.609481e+00
2.220000e+00 2.815672e+00
2.280000e+00 2.871570e+00
2.340000e+00 2.129017e+00
2.400000e+00 2.014166e+00
2.460000e+00 2.013837e+00
2.520000e+00 2.454345e+00
2.580000e+00 2.513755e+00
2.640000e+00 2.306817e+00
2.700000e+00 2.209584e+00
2.760000e+00 1.759963e+00
2.820000e+00 2.079757e+00
2.880000e+00 1.853886e+00
2.940000e+00 1.680275e+00
3.000000e+00 2.772087e+00
3.060000e+00 2.671639e+00
3.120000e+00 2.848627e+00
3.180000e+00 2.651256e+00
3.240000e+00 1.931014e+00
3.300000e+00 3.365528e+00
3.360000e+00 2.737981e+00
3.420000e+00 2.546703e+00
3.480000e+00 2.174547e+00
3.540000e+00 1.811587e+00
3.600000e+00 1.629465e+00
3.660000e+00 1.238411e+00
3.720000e+00 1.256734e+00
3.780000e+00 2.092882e+00
3.840000e+00 1.420033e+00
3.900000e+00 1.685179e+00
3.960000e+00 2.209290e+00
4.020000e+00 1.602016e+00
4.080000e+00 2.442711e+00
4.140000e+00 2.009481e+00
4.200000e+00 1.745751e+00
4.260000e+00 1.646684e+00
4.320000e+00 1.694214e+00
4.380000e+00 1.822632e+00
4.440000e+00 2.444898e+00
4.500000e+00 1.585862e+00
4.560000e+00 1.475557e+00
4.620000e+00 2.167354e+00
4.680000e+00 8.395010e-01
4.740000e+00 1.552561e+00
4.800000e+00 1.694734e+00
4.860000e+00 1.245216e+00
4.920000e+00 2.233965e-01
4.980000e+00 3.637639e-01
5.040000e+00 1.122454e+00
5.100000e+00 9.268804e-01
5.160000e+00 1.888577e+00
5.220000e+00 1.280244e+00
5.280000e+00 1.781307e+00
5.340000e+00 4.489541e-01
5.400000e+00 2.942940e-01
5.460000e+00 1.323059e+00
5.520000e+00 3.678959e-01
5.580000e+00 5.323670e-01
5.640000e+00 3.560387e-01
5.700000e+00 1.938530e+00
5.760000e+00 6.113427e-01
5.820000e+00 4.684752e-01
5.880000e+00 4.960189e-01
5.940000e+00 1.503067e-01
