0.000000e+00 4.668256e+00
6.000000e-02 4.526618e+00
1.200000e-01 3.999111e+00
1.800000e-01 3.635070e+00
2.400000e-01 4.176755e+00
3.000000e-01 4.220498e+00
3.600000e-01 3.723936e+00
4.200000e-01 4.926410e+00
4.800000e-01 3.665089e+00
5.400000e-01 3.896322e+00
6.000000e-01 4.187656e+00
6.600000e-01 4.627272e+00
7.200000e-01 3.882306e+00
7.800000e-01 3.130913e+00
8.400000e-01 3.368527e+00
9.000000e-01 4.226275e+00
9.600000e-01 3.803313e+00
1.020000e+00 3.114860e+00
1.080000e+00 3.213490e+00
1.140000e+00 4.249807e+00
1.200000e+00 4.287571e+00
1.260000e+00 3.535696e+00
1.320000e+00 3.646326e+00
1.380000e+00 3.682448e+00
1.440000e+00 2.973990e+00
1.500000e+00 3.670043e+00
1.560000e+00 2.995801e+00
1.620000e+00 2.659618e+00
1.680000e+00 2.554135e+00
1.740000e+00 2.580058e+00
1.800000e+00 2.412450e+00
1.860000e+00 2.181732e+00
1.920000e+00 2.038596e+00
1.980000e+00 2.040009e+00
2.040000e+00 2.144954e+00
2.100000e+00 2.253985e+00
2.160000e+00 2.355288e+00
2.220000e+00 2.153802e+00
2.280000e+00 1.697907e+00
2.340000e+00 1.849258e+00
2.400000e+00 2.365517e+00
2.460000e+00 1.617105e+00
2.520000e+00 1.431591e+00
2.580000e+00 1.871023e+00
2.640000e+00 2.372417e+00
2.700000e+00 1.939831e+00
2.760000e+00 1.899615e+00
2.820000e+00 2.069779e+00
2.880000e+00 1.814903e+00
2.940000e+00 2.152403e+00
3.000000e+00 1.933017e+00
3.060000e+00 1.843569e+00
3.120000e+00 2.033075e+00
3.180000e+00 2.397765e+00
3.240000e+00 1.949452e+00
3.300000e+00 1.642204e+00
3.360000e+00 2.530844e+00
3.420000e+00 2.228367e+00
3.480000e+00 2.034878e+00
3.540000e+00 2.366722e+00
3.600000e+00 2.656890e+00
3.660000e+00 1.701103e+00
3.720000e+00 1.917837e+00
3.780000e+00 2.160153e+00
3.840000e+00 2.036554e+00
3.900000e+00 6.134216e-01
3.960000e+00 2.177459e+00
4.020000e+00 1.364883e+00
4.080000e+00 2.017521e+00
4.140000e+00 2.602465e+00
4.200000e+00 2.471529e+00
4.260000e+00 1.541766e+00
4.320000e+00 1.785660e+00
4.380000e+00 1.953269e+00
4.440000e+00 1.537461e+00
4.500000e+00 1.507851e+00
4.560000e+00 1.312958e+00
4.620000e+00 2.017319e+00
4.680000e+00 1.450265e+00
4.740000e+00 1.232978e+00
4.800000e+00 9.535508e-01
4.860000e+00 1.704457e+00
4.920000e+00 1.086102e+00
4.980000e+00 1.135130e+00
5.040000e+00 2.239355e-01
5.100000e+00 1.778893e-01
5.160000e+00 1.870563e-01
5.220000e+00 1.276749e+00
5.280000e+00 9.201518e-02
5.340000e+00 1.457028e-01
5.400000e+00 2.366784e-01
5.460000e+00 1.948647e-01
5.520000e+00 4.919180e-02
5.580000e+00 1.831140e-01
5.640000e+00 3.553451e-01
5.700000e+00 3.202175e-01
5.760000e+00 2.208953e-01
5.820000e+00 4.309723e-01
5.880000e+00 8.194465e-02
5.940000e+00 1.008542e-01
