-5.000000e-02 2.655713e-01
-4.990000e-02 2.215267e-01
-4.980000e-02 1.986833e-01
-4.970000e-02 1.984242e-01
-4.960000e-02 2.166891e-01
-4.950000e-02 2.463599e-01
-4.940000e-02 2.801655e-01
-4.930000e-02 3.126396e-01
-4.920000e-02 3.406230e-01
-4.910000e-02 3.627421e-01
-4.900000e-02 3.786379e-01
-4.890000e-02 3.888362e-01
-4.880000e-02 3.961443e-01
-4.870000e-02 4.069949e-01
-4.860000e-02 4.253937e-01
-4.850000e-02 4.430706e-01
-4.840000e-02 4.492050e-01
-4.830000e-02 4.448598e-01
-4.820000e-02 4.374249e-01
-4.810000e-02 4.321084e-01
-4.800000e-02 4.306627e-01
-4.790000e-02 4.328128e-01
-4.780000e-02 4.373800e-01
-4.770000e-02 4.428735e-01
-4.760000e-02 4.478985e-01
-4.750000e-02 4.515230e-01
-4.740000e-02 4.534440e-01
-4.730000e-02 4.537463e-01
-4.720000e-02 4.524359e-01
-4.710000e-02 4.492528e-01
-4.700000e-02 4.439136e-01
-4.690000e-02 4.363789e-01
-4.680000e-02 4.267961e-01
-4.670000e-02 4.151972e-01
-4.660000e-02 4.011929e-01
-4.650000e-02 3.838052e-01
-4.640000e-02 3.614819e-01
-4.630000e-02 3.323527e-01
-4.620000e-02 2.948516e-01
-4.610000e-02 2.488486e-01
-4.600000e-02 1.971981e-01
-4.590000e-02 1.469762e-01
-4.580000e-02 1.088884e-01
-4.570000e-02 9.356400e-02
-4.560000e-02 1.059172e-01
-4.550000e-02 1.417409e-01
-4.540000e-02 1.898128e-01
-4.530000e-02 2.377815e-01
-4.520000e-02 2.770901e-01
-4.510000e-02 3.043518e-01
-4.500000e-02 3.200573e-01
-4.490000e-02 3.265948e-01
-4.480000e-02 3.267675e-01
-4.470000e-02 3.230330e-01
-4.460000e-02 3.172583e-01
-4.450000e-02 3.107370e-01
-4.440000e-02 3.043010e-01
-4.430000e-02 2.984459e-01
-4.420000e-02 2.934362e-01
-4.410000e-02 2.893856e-01
-4.400000e-02 2.863144e-01
-4.390000e-02 2.841903e-01
-4.380000e-02 2.829540e-01
-4.370000e-02 2.825355e-01
-4.360000e-02 2.828587e-01
-4.350000e-02 2.838361e-01
-4.340000e-02 2.853506e-01
-4.330000e-02 2.872234e-01
-4.320000e-02 2.891624e-01
-4.310000e-02 2.906888e-01
-4.300000e-02 2.910401e-01
-4.290000e-02 2.890588e-01
-4.280000e-02 2.831143e-01
-4.270000e-02 2.711832e-01
-4.260000e-02 2.513618e-01
-4.250000e-02 2.232212e-01
-4.240000e-02 1.901572e-01
-4.230000e-02 1.614737e-01
-4.220000e-02 1.505157e-01
-4.210000e-02 1.660469e-01
-4.200000e-02 2.029948e-01
-4.190000e-02 2.446817e-01
-4.180000e-02 2.755652e-01
-4.170000e-02 2.899449e-01
-4.160000e-02 2.905683e-01
-4.150000e-02 2.832508e-01
-4.140000e-02 2.732144e-01
-4.130000e-02 2.639485e-01
-4.120000e-02 2.573790e-01
-4.110000e-02 2.543601e-01
-4.100000e-02 2.550788e-01
-4.090000e-02 2.592885e-01
-4.080000e-02 2.663935e-01
-4.070000e-02 2.754297e-01
-4.060000e-02 2.849913e-01
-4.050000e-02 2.931648e-01
-4.040000e-02 2.975685e-01
-4.030000e-02 2.956259e-01
-4.020000e-02 2.851964e-01
-4.010000e-02 2.655428e-01
-4.000000e-02 2.383060e-01
-3.990000e-02 2.078258e-01
-3.980000e-02 1.801678e-01
-3.970000e-02 1.608709e-01
-3.960000e-02 1.523645e-01
-3.950000e-02 1.526117e-01
-3.940000e-02 1.565833e-01
-3.930000e-02 1.603048e-01
-3.920000e-02 1.632325e-01
-3.910000e-02 1.664749e-01
-3.900000e-02 1.705363e-01
-3.890000e-02 1.750089e-01
-3.880000e-02 1.791631e-01
-3.870000e-02 1.823715e-01
-3.860000e-02 1.842176e-01
-3.850000e-02 1.844537e-01
-3.840000e-02 1.829297e-01
-3.830000e-02 1.795412e-01
-3.820000e-02 1.742072e-01
-3.810000e-02 1.668773e-01
-3.800000e-02 1.575682e-01
-3.790000e-02 1.464269e-01
-3.780000e-02 1.338180e-01
-3.770000e-02 1.204216e-01
-3.760000e-02 1.073142e-01
-3.750000e-02 9.598340e-02
-3.740000e-02 8.821614e-02
-3.730000e-02 8.581752e-02
-3.720000e-02 9.017773e-02
-3.710000e-02 1.018077e-01
-3.700000e-02 1.200426e-01
-3.690000e-02 1.430915e-01
-3.680000e-02 1.684579e-01
-3.670000e-02 1.935643e-01
-3.660000e-02 2.163099e-01
-3.650000e-02 2.353512e-01
-3.640000e-02 2.500392e-01
-3.630000e-02 2.600648e-01
-3.620000e-02 2.648906e-01
-3.610000e-02 2.630447e-01
-3.600000e-02 2.514891e-01
-3.590000e-02 2.259298e-01
-3.580000e-02 1.843697e-01
-3.570000e-02 1.361548e-01
-3.560000e-02 1.088332e-01
-3.550000e-02 1.297605e-01
-3.540000e-02 1.904823e-01
-3.530000e-02 2.532007e-01
-3.520000e-02 2.916526e-01
-3.510000e-02 3.038782e-01
-3.500000e-02 2.989159e-01
-3.490000e-02 2.856788e-01
-3.480000e-02 2.698758e-01
-3.470000e-02 2.545198e-01
-3.460000e-02 2.410064e-01
-3.450000e-02 2.299021e-01
-3.440000e-02 2.214019e-01
-3.430000e-02 2.155718e-01
-3.420000e-02 2.124749e-01
-3.410000e-02 2.122384e-01
-3.400000e-02 2.150875e-01
-3.390000e-02 2.213519e-01
-3.380000e-02 2.314194e-01
-3.370000e-02 2.455617e-01
-3.360000e-02 2.634545e-01
-3.350000e-02 2.830513e-01
-3.340000e-02 2.984714e-01
-3.330000e-02 2.979137e-01
-3.320000e-02 2.678940e-01
-3.310000e-02 2.138638e-01
-3.300000e-02 1.770516e-01
-3.290000e-02 1.940316e-01
-3.280000e-02 2.521417e-01
-3.270000e-02 3.211195e-01
-3.260000e-02 3.839892e-01
-3.250000e-02 4.195137e-01
-3.240000e-02 3.779989e-01
-3.230000e-02 2.782418e-01
-3.220000e-02 3.095221e-01
-3.210000e-02 4.292609e-01
-3.200000e-02 4.858964e-01
-3.190000e-02 4.849315e-01
-3.180000e-02 4.637466e-01
-3.170000e-02 4.402859e-01
-3.160000e-02 4.200785e-01
-3.150000e-02 4.039991e-01
-3.140000e-02 3.914977e-01
-3.130000e-02 3.816981e-01
-3.120000e-02 3.737320e-01
-3.110000e-02 3.668233e-01
-3.100000e-02 3.602985e-01
-3.090000e-02 3.535810e-01
-3.080000e-02 3.461882e-01
-3.070000e-02 3.377409e-01
-3.060000e-02 3.279985e-01
-3.050000e-02 3.169498e-01
-3.040000e-02 3.050176e-01
-3.030000e-02 2.934482e-01
-3.020000e-02 2.848706e-01
-3.010000e-02 2.836223e-01
-3.000000e-02 2.946585e-01
-2.990000e-02 3.197582e-01
-2.980000e-02 3.528504e-01
-2.970000e-02 3.809440e-01
-2.960000e-02 3.928687e-01
-2.950000e-02 3.865218e-01
-2.940000e-02 3.672700e-01
-2.930000e-02 3.421566e-01
-2.920000e-02 3.163121e-01
-2.910000e-02 2.924106e-01
-2.900000e-02 2.714184e-01
-2.890000e-02 2.534065e-01
-2.880000e-02 2.380762e-01
-2.870000e-02 2.250293e-01
-2.860000e-02 2.138851e-01
-2.850000e-02 2.043209e-01
-2.840000e-02 1.960775e-01
-2.830000e-02 1.889535e-01
-2.820000e-02 1.827944e-01
-2.810000e-02 1.774841e-01
-2.800000e-02 1.729371e-01
-2.790000e-02 1.690924e-01
-2.780000e-02 1.659101e-01
-2.770000e-02 1.633690e-01
-2.760000e-02 1.614652e-01
-2.750000e-02 1.602123e-01
-2.740000e-02 1.596423e-01
-2.730000e-02 1.598077e-01
-2.720000e-02 1.607839e-01
-2.710000e-02 1.626721e-01
-2.700000e-02 1.656028e-01
-2.690000e-02 1.697387e-01
-2.680000e-02 1.752758e-01
-2.670000e-02 1.824420e-01
-2.660000e-02 1.914899e-01
-2.650000e-02 2.026793e-01
-2.640000e-02 2.162419e-01
-2.630000e-02 2.323140e-01
-2.620000e-02 2.508115e-01
-2.610000e-02 2.712084e-01
-2.600000e-02 2.921632e-01
-2.590000e-02 3.109608e-01
-2.580000e-02 3.228685e-01
-2.570000e-02 3.209288e-01
-2.560000e-02 2.974812e-01
-2.550000e-02 2.490395e-01
-2.540000e-02 1.834545e-01
-2.530000e-02 1.217008e-01
-2.520000e-02 8.638462e-02
-2.510000e-02 8.550828e-02
-2.500000e-02 1.099306e-01
-2.490000e-02 1.445536e-01
-2.480000e-02 1.782617e-01
-2.470000e-02 2.060925e-01
-2.460000e-02 2.271474e-01
-2.450000e-02 2.422072e-01
-2.440000e-02 2.523216e-01
-2.430000e-02 2.582151e-01
-2.420000e-02 2.601051e-01
-2.410000e-02 2.576547e-01
-2.400000e-02 2.499897e-01
-2.390000e-02 2.360580e-01
-2.380000e-02 2.161958e-01
-2.370000e-02 1.958639e-01
-2.360000e-02 1.887832e-01
-2.350000e-02 2.085099e-01
-2.340000e-02 2.480674e-01
-2.330000e-02 2.815740e-01
-2.320000e-02 2.928113e-01
-2.310000e-02 2.850058e-01
-2.300000e-02 2.684172e-01
-2.290000e-02 2.508914e-01
-2.280000e-02 2.364322e-01
-2.270000e-02 2.266108e-01
-2.260000e-02 2.218911e-01
-2.250000e-02 2.223555e-01
-2.240000e-02 2.279751e-01
-2.230000e-02 2.385377e-01
-2.220000e-02 2.531519e-01
-2.210000e-02 2.689721e-01
-2.200000e-02 2.785832e-01
-2.190000e-02 2.664553e-01
-2.180000e-02 2.111197e-01
-2.170000e-02 1.119225e-01
-2.160000e-02 3.107800e-02
-2.150000e-02 4.326932e-02
-2.140000e-02 1.237761e-01
-2.130000e-02 2.003535e-01
-2.120000e-02 2.444171e-01
-2.110000e-02 2.623777e-01
-2.100000e-02 2.665157e-01
-2.090000e-02 2.651285e-01
-2.080000e-02 2.624993e-01
-2.070000e-02 2.605056e-01
-2.060000e-02 2.597689e-01
-2.050000e-02 2.602589e-01
-2.040000e-02 2.615622e-01
-2.030000e-02 2.629770e-01
-2.020000e-02 2.635286e-01
-2.010000e-02 2.619675e-01
-2.000000e-02 2.568134e-01
-1.990000e-02 2.465216e-01
-1.980000e-02 2.298568e-01
-1.970000e-02 2.065208e-01
-1.960000e-02 1.779196e-01
-1.950000e-02 1.476817e-01
-1.940000e-02 1.213173e-01
-1.930000e-02 1.046464e-01
-1.920000e-02 1.015014e-01
-1.910000e-02 1.120825e-01
-1.900000e-02 1.331086e-01
-1.890000e-02 1.595564e-01
-1.880000e-02 1.867039e-01
-1.870000e-02 2.113752e-01
-1.860000e-02 2.321647e-01
-1.850000e-02 2.490433e-01
-1.840000e-02 2.628202e-01
-1.830000e-02 2.747216e-01
-1.820000e-02 2.860618e-01
-1.810000e-02 2.975588e-01
-1.800000e-02 3.076425e-01
-1.790000e-02 3.113074e-01
-1.780000e-02 3.043579e-01
-1.770000e-02 2.896615e-01
-1.760000e-02 2.745267e-01
-1.750000e-02 2.640805e-01
-1.740000e-02 2.597437e-01
-1.730000e-02 2.609318e-01
-1.720000e-02 2.664512e-01
-1.710000e-02 2.749642e-01
-1.700000e-02 2.849328e-01
-1.690000e-02 2.943693e-01
-1.680000e-02 3.006078e-01
-1.670000e-02 3.003771e-01
-1.660000e-02 2.906464e-01
-1.650000e-02 2.707027e-01
-1.640000e-02 2.449301e-01
-1.630000e-02 2.235200e-01
-1.620000e-02 2.176800e-01
-1.610000e-02 2.313676e-01
-1.600000e-02 2.581296e-01
-1.590000e-02 2.867520e-01
-1.580000e-02 3.088273e-01
-1.570000e-02 3.214977e-01
-1.560000e-02 3.259051e-01
-1.550000e-02 3.247407e-01
-1.540000e-02 3.206802e-01
-1.530000e-02 3.157917e-01
-1.520000e-02 3.114781e-01
-1.510000e-02 3.086105e-01
-1.500000e-02 3.076799e-01
-1.490000e-02 3.089052e-01
-1.480000e-02 3.122837e-01
-1.470000e-02 3.175761e-01
-1.460000e-02 3.242220e-01
-1.450000e-02 3.311689e-01
-1.440000e-02 3.366049e-01
-1.430000e-02 3.376221e-01
-1.420000e-02 3.299736e-01
-1.410000e-02 3.084256e-01
-1.400000e-02 2.687475e-01
-1.390000e-02 2.124972e-01
-1.380000e-02 1.532866e-01
-1.370000e-02 1.167061e-01
-1.360000e-02 1.246164e-01
-1.350000e-02 1.739753e-01
-1.340000e-02 2.379617e-01
-1.330000e-02 2.895510e-01
-1.320000e-02 3.177593e-01
-1.310000e-02 3.253874e-01
-1.300000e-02 3.202799e-01
-1.290000e-02 3.096802e-01
-1.280000e-02 2.985210e-01
-1.270000e-02 2.896182e-01
-1.260000e-02 2.843132e-01
-1.250000e-02 2.829976e-01
-1.240000e-02 2.853941e-01
-1.230000e-02 2.906030e-01
-1.220000e-02 2.969470e-01
-1.210000e-02 3.016758e-01
-1.200000e-02 3.007494e-01
-1.190000e-02 2.893095e-01
-1.180000e-02 2.640097e-01
-1.170000e-02 2.279593e-01
-1.160000e-02 1.951436e-01
-1.150000e-02 1.854295e-01
-1.140000e-02 2.078687e-01
-1.130000e-02 2.509370e-01
-1.120000e-02 2.941046e-01
-1.110000e-02 3.242563e-01
-1.100000e-02 3.394325e-01
-1.090000e-02 3.437233e-01
-1.080000e-02 3.422913e-01
-1.070000e-02 3.392236e-01
-1.060000e-02 3.372181e-01
-1.050000e-02 3.378965e-01
-1.040000e-02 3.421445e-01
-1.030000e-02 3.502689e-01
-1.020000e-02 3.618668e-01
-1.010000e-02 3.752639e-01
-1.000000e-02 3.862913e-01
-9.900000e-03 3.863659e-01
-9.800000e-03 3.614155e-01
-9.700000e-03 2.982988e-01
-9.600000e-03 2.092508e-01
-9.500000e-03 1.543709e-01
-9.400000e-03 1.878805e-01
-9.300000e-03 2.758319e-01
-9.200000e-03 3.477014e-01
-9.100000e-03 3.779159e-01
-9.000000e-03 3.774765e-01
-8.900000e-03 3.627652e-01
-8.800000e-03 3.443008e-01
-8.700000e-03 3.271096e-01
-8.600000e-03 3.130909e-01
-8.500000e-03 3.026714e-01
-8.400000e-03 2.956652e-01
-8.300000e-03 2.916644e-01
-8.200000e-03 2.901970e-01
-8.100000e-03 2.907785e-01
-8.000000e-03 2.929182e-01
-7.900000e-03 2.961110e-01
-7.800000e-03 2.998319e-01
-7.700000e-03 3.035446e-01
-7.600000e-03 3.067371e-01
-7.500000e-03 3.089865e-01
-7.400000e-03 3.100482e-01
-7.300000e-03 3.099425e-01
-7.200000e-03 3.089893e-01
-7.100000e-03 3.077442e-01
-7.000000e-03 3.068249e-01
-6.900000e-03 3.066882e-01
-6.800000e-03 3.074692e-01
-6.700000e-03 3.089717e-01
-6.600000e-03 3.108078e-01
-6.500000e-03 3.125956e-01
-6.400000e-03 3.141075e-01
-6.300000e-03 3.153110e-01
-6.200000e-03 3.163024e-01
-6.100000e-03 3.171515e-01
-6.000000e-03 3.176497e-01
-5.900000e-03 3.168907e-01
-5.800000e-03 3.125432e-01
-5.700000e-03 2.998102e-01
-5.600000e-03 2.715243e-01
-5.500000e-03 2.267978e-01
-5.400000e-03 1.977527e-01
-5.300000e-03 2.362042e-01
-5.200000e-03 3.066389e-01
-5.100000e-03 3.466688e-01
-5.000000e-03 3.626930e-01
-4.900000e-03 3.715795e-01
-4.800000e-03 3.748120e-01
-4.700000e-03 3.669285e-01
-4.600000e-03 3.442510e-01
-4.500000e-03 3.106604e-01
-4.400000e-03 2.780197e-01
-4.300000e-03 2.588859e-01
-4.200000e-03 2.576547e-01
-4.100000e-03 2.694308e-01
-4.000000e-03 2.859214e-01
-3.900000e-03 3.007488e-01
-3.800000e-03 3.107348e-01
-3.700000e-03 3.147490e-01
-3.600000e-03 3.122668e-01
-3.500000e-03 3.025765e-01
-3.400000e-03 2.848980e-01
-3.300000e-03 2.595702e-01
-3.200000e-03 2.300816e-01
-3.100000e-03 2.042292e-01
-3.000000e-03 1.912497e-01
-2.900000e-03 1.948480e-01
-2.800000e-03 2.091579e-01
-2.700000e-03 2.233831e-01
-2.600000e-03 2.305420e-01
-2.500000e-03 2.347967e-01
-2.400000e-03 2.535490e-01
-2.300000e-03 2.931601e-01
-2.200000e-03 3.205007e-01
-2.100000e-03 3.118887e-01
-2.000000e-03 2.821670e-01
-1.900000e-03 2.501528e-01
-1.800000e-03 2.236543e-01
-1.700000e-03 2.039499e-01
-1.600000e-03 1.903175e-01
-1.500000e-03 1.818365e-01
-1.400000e-03 1.778865e-01
-1.300000e-03 1.782371e-01
-1.200000e-03 1.830446e-01
-1.100000e-03 1.928312e-01
-1.000000e-03 2.084067e-01
-9.000000e-04 2.305452e-01
-8.000000e-04 2.589094e-01
-7.000000e-04 2.891661e-01
-6.000000e-04 3.077669e-01
-5.000000e-04 2.923595e-01
-4.000000e-04 2.438250e-01
-3.000000e-04 2.204555e-01
-2.000000e-04 2.512292e-01
-1.000000e-04 2.879958e-01
1.429412e-15 3.000252e-01
1.000000e-04 2.927094e-01
2.000000e-04 2.776404e-01
3.000000e-04 2.616680e-01
4.000000e-04 2.476110e-01
5.000000e-04 2.362829e-01
6.000000e-04 2.276879e-01
7.000000e-04 2.215632e-01
8.000000e-04 2.175968e-01
9.000000e-04 2.155045e-01
1.000000e-03 2.150504e-01
1.100000e-03 2.160466e-01
1.200000e-03 2.183449e-01
1.300000e-03 2.218279e-01
1.400000e-03 2.263986e-01
1.500000e-03 2.319720e-01
1.600000e-03 2.384653e-01
1.700000e-03 2.457889e-01
1.800000e-03 2.538357e-01
1.900000e-03 2.624704e-01
2.000000e-03 2.715170e-01
2.100000e-03 2.807452e-01
2.200000e-03 2.898581e-01
2.300000e-03 2.984804e-01
2.400000e-03 3.061543e-01
2.500000e-03 3.123444e-01
2.600000e-03 3.164630e-01
2.700000e-03 3.179217e-01
2.800000e-03 3.162181e-01
2.900000e-03 3.110610e-01
3.000000e-03 3.025223e-01
3.100000e-03 2.911872e-01
3.200000e-03 2.782494e-01
3.300000e-03 2.654789e-01
3.400000e-03 2.549957e-01
3.500000e-03 2.488130e-01
3.600000e-03 2.481858e-01
3.700000e-03 2.529009e-01
3.800000e-03 2.608131e-01
3.900000e-03 2.681979e-01
4.000000e-03 2.716452e-01
4.100000e-03 2.713430e-01
4.200000e-03 2.729224e-01
4.300000e-03 2.837918e-01
4.400000e-03 3.059395e-01
4.500000e-03 3.338280e-01
4.600000e-03 3.595689e-01
4.700000e-03 3.782339e-01
4.800000e-03 3.888477e-01
4.900000e-03 3.927916e-01
5.000000e-03 3.921860e-01
5.100000e-03 3.890651e-01
5.200000e-03 3.851157e-01
5.300000e-03 3.815923e-01
5.400000e-03 3.791876e-01
5.500000e-03 3.778550e-01
5.600000e-03 3.767810e-01
5.700000e-03 3.747103e-01
5.800000e-03 3.705485e-01
5.900000e-03 3.638672e-01
6.000000e-03 3.549962e-01
6.100000e-03 3.447438e-01
6.200000e-03 3.340183e-01
6.300000e-03 3.235684e-01
6.400000e-03 3.138875e-01
6.500000e-03 3.052313e-01
6.600000e-03 2.976793e-01
6.700000e-03 2.912001e-01
6.800000e-03 2.857010e-01
6.900000e-03 2.810623e-01
7.000000e-03 2.771574e-01
7.100000e-03 2.738637e-01
7.200000e-03 2.710682e-01
7.300000e-03 2.686693e-01
7.400000e-03 2.665767e-01
7.500000e-03 2.647102e-01
7.600000e-03 2.629985e-01
7.700000e-03 2.613781e-01
7.800000e-03 2.597922e-01
7.900000e-03 2.581911e-01
8.000000e-03 2.565343e-01
8.100000e-03 2.547939e-01
8.200000e-03 2.529590e-01
8.300000e-03 2.510418e-01
8.400000e-03 2.490831e-01
8.500000e-03 2.471581e-01
8.600000e-03 2.453800e-01
8.700000e-03 2.439017e-01
8.800000e-03 2.429154e-01
8.900000e-03 2.426471e-01
9.000000e-03 2.433457e-01
9.100000e-03 2.452581e-01
9.200000e-03 2.485793e-01
9.300000e-03 2.533571e-01
9.400000e-03 2.593249e-01
9.500000e-03 2.656478e-01
9.600000e-03 2.706369e-01
9.700000e-03 2.716611e-01
9.800000e-03 2.656915e-01
9.900000e-03 2.507399e-01
1.000000e-02 2.274393e-01
1.010000e-02 1.991249e-01
1.020000e-02 1.701515e-01
1.030000e-02 1.446546e-01
1.040000e-02 1.273222e-01
1.050000e-02 1.243917e-01
1.060000e-02 1.412849e-01
1.070000e-02 1.764126e-01
1.080000e-02 2.180649e-01
1.090000e-02 2.511190e-01
1.100000e-02 2.670902e-01
1.110000e-02 2.666574e-01
1.120000e-02 2.552790e-01
1.130000e-02 2.386182e-01
1.140000e-02 2.206370e-01
1.150000e-02 2.035493e-01
1.160000e-02 1.883681e-01
1.170000e-02 1.754258e-01
1.180000e-02 1.647232e-01
1.190000e-02 1.561283e-01
1.200000e-02 1.494823e-01
1.210000e-02 1.446533e-01
1.220000e-02 1.415665e-01
1.230000e-02 1.402265e-01
1.240000e-02 1.407441e-01
1.250000e-02 1.433792e-01
1.260000e-02 1.486138e-01
1.270000e-02 1.572766e-01
1.280000e-02 1.707385e-01
1.290000e-02 1.911218e-01
1.300000e-02 2.210243e-01
1.310000e-02 2.603580e-01
1.320000e-02 2.945936e-01
1.330000e-02 2.919736e-01
1.340000e-02 2.788410e-01
1.350000e-02 2.927654e-01
1.360000e-02 2.946394e-01
1.370000e-02 2.795017e-01
1.380000e-02 2.582090e-01
1.390000e-02 2.354419e-01
1.400000e-02 2.123948e-01
1.410000e-02 1.897049e-01
1.420000e-02 1.681710e-01
1.430000e-02 1.485858e-01
1.440000e-02 1.314863e-01
1.450000e-02 1.170789e-01
1.460000e-02 1.053086e-01
1.470000e-02 9.597441e-02
1.480000e-02 8.882993e-02
1.490000e-02 8.365283e-02
1.500000e-02 8.028994e-02
1.510000e-02 7.869290e-02
1.520000e-02 7.896104e-02
1.530000e-02 8.141295e-02
1.540000e-02 8.671898e-02
1.550000e-02 9.614636e-02
1.560000e-02 1.119640e-01
1.570000e-02 1.377912e-01
1.580000e-02 1.769885e-01
1.590000e-02 2.227004e-01
1.600000e-02 2.481897e-01
1.610000e-02 2.399988e-01
1.620000e-02 2.096453e-01
1.630000e-02 1.787621e-01
1.640000e-02 1.572955e-01
1.650000e-02 1.447330e-01
1.660000e-02 1.386141e-01
1.670000e-02 1.370382e-01
1.680000e-02 1.388131e-01
1.690000e-02 1.432267e-01
1.700000e-02 1.498515e-01
1.710000e-02 1.584125e-01
1.720000e-02 1.686957e-01
1.730000e-02 1.804760e-01
1.740000e-02 1.934528e-01
1.750000e-02 2.071918e-01
1.760000e-02 2.210832e-01
1.770000e-02 2.343438e-01
1.780000e-02 2.461019e-01
1.790000e-02 2.556019e-01
1.800000e-02 2.625077e-01
1.810000e-02 2.671715e-01
1.820000e-02 2.706311e-01
1.830000e-02 2.741883e-01
1.840000e-02 2.787755e-01
1.850000e-02 2.846434e-01
1.860000e-02 2.917253e-01
1.870000e-02 3.003591e-01
1.880000e-02 3.112883e-01
1.890000e-02 3.230547e-01
1.900000e-02 3.248656e-01
1.910000e-02 2.917702e-01
1.920000e-02 2.106164e-01
1.930000e-02 1.244760e-01
1.940000e-02 8.990148e-02
1.950000e-02 1.060440e-01
1.960000e-02 1.415866e-01
1.970000e-02 1.756636e-01
1.980000e-02 2.017201e-01
1.990000e-02 2.198354e-01
2.000000e-02 2.318514e-01
2.010000e-02 2.395867e-01
2.020000e-02 2.444112e-01
2.030000e-02 2.472540e-01
2.040000e-02 2.487080e-01
2.050000e-02 2.491374e-01
2.060000e-02 2.487719e-01
2.070000e-02 2.478054e-01
2.080000e-02 2.465323e-01
2.090000e-02 2.455986e-01
2.100000e-02 2.465467e-01
2.110000e-02 2.530802e-01
2.120000e-02 2.732014e-01
2.130000e-02 3.099035e-01
2.140000e-02 2.956848e-01
2.150000e-02 2.210076e-01
2.160000e-02 1.692728e-01
2.170000e-02 1.404159e-01
2.180000e-02 1.247103e-01
2.190000e-02 1.181861e-01
2.200000e-02 1.192455e-01
2.210000e-02 1.267228e-01
2.220000e-02 1.392733e-01
2.230000e-02 1.553546e-01
2.240000e-02 1.734296e-01
2.250000e-02 1.921908e-01
2.260000e-02 2.107038e-01
2.270000e-02 2.284523e-01
2.280000e-02 2.453188e-01
2.290000e-02 2.615563e-01
2.300000e-02 2.777996e-01
2.310000e-02 2.951107e-01
2.320000e-02 3.149325e-01
2.330000e-02 3.386789e-01
2.340000e-02 3.667636e-01
2.350000e-02 3.975102e-01
2.360000e-02 4.271266e-01
2.370000e-02 4.513324e-01
2.380000e-02 4.673586e-01
2.390000e-02 4.745261e-01
2.400000e-02 4.732177e-01
2.410000e-02 4.634373e-01
2.420000e-02 4.441068e-01
2.430000e-02 4.137761e-01
2.440000e-02 3.730119e-01
2.450000e-02 3.274968e-01
2.460000e-02 2.884502e-01
2.470000e-02 2.670520e-01
2.480000e-02 2.663468e-01
2.490000e-02 2.795673e-01
2.500000e-02 2.964274e-01
2.510000e-02 3.096395e-01
2.520000e-02 3.166106e-01
2.530000e-02 3.178658e-01
2.540000e-02 3.151026e-01
2.550000e-02 3.100461e-01
2.560000e-02 3.040302e-01
2.570000e-02 2.979546e-01
2.580000e-02 2.923711e-01
2.590000e-02 2.875885e-01
2.600000e-02 2.837580e-01
2.610000e-02 2.809319e-01
2.620000e-02 2.791011e-01
2.630000e-02 2.782170e-01
2.640000e-02 2.782008e-01
2.650000e-02 2.789456e-01
2.660000e-02 2.803089e-01
2.670000e-02 2.820984e-01
2.680000e-02 2.840465e-01
2.690000e-02 2.857723e-01
2.700000e-02 2.867258e-01
2.710000e-02 2.861129e-01
2.720000e-02 2.828052e-01
2.730000e-02 2.752609e-01
2.740000e-02 2.615296e-01
2.750000e-02 2.395050e-01
2.760000e-02 2.077028e-01
2.770000e-02 1.668509e-01
2.780000e-02 1.221034e-01
2.790000e-02 8.435174e-02
2.800000e-02 6.768293e-02
2.810000e-02 8.169225e-02
2.820000e-02 1.236141e-01
2.830000e-02 1.785422e-01
2.840000e-02 2.283176e-01
2.850000e-02 2.604873e-01
2.860000e-02 2.710767e-01
2.870000e-02 2.629232e-01
2.880000e-02 2.446566e-01
2.890000e-02 2.342154e-01
2.900000e-02 2.622472e-01
2.910000e-02 3.275712e-01
2.920000e-02 2.981496e-01
2.930000e-02 1.588944e-01
2.940000e-02 9.507613e-02
2.950000e-02 1.100654e-01
2.960000e-02 1.443247e-01
2.970000e-02 1.752580e-01
2.980000e-02 2.011744e-01
2.990000e-02 2.259492e-01
3.000000e-02 2.525212e-01
3.010000e-02 2.779200e-01
3.020000e-02 2.918543e-01
3.030000e-02 2.852967e-01
3.040000e-02 2.606093e-01
3.050000e-02 2.283856e-01
3.060000e-02 1.978524e-01
3.070000e-02 1.731467e-01
3.080000e-02 1.547963e-01
3.090000e-02 1.418715e-01
3.100000e-02 1.331896e-01
3.110000e-02 1.277564e-01
3.120000e-02 1.248535e-01
3.130000e-02 1.240067e-01
3.140000e-02 1.249312e-01
3.150000e-02 1.274854e-01
3.160000e-02 1.316358e-01
3.170000e-02 1.374340e-01
3.180000e-02 1.450000e-01
3.190000e-02 1.545059e-01
3.200000e-02 1.661550e-01
3.210000e-02 1.801435e-01
3.220000e-02 1.965892e-01
3.230000e-02 2.153974e-01
3.240000e-02 2.360216e-01
3.250000e-02 2.570657e-01
3.260000e-02 2.756998e-01
3.270000e-02 2.870063e-01
3.280000e-02 2.837911e-01
3.290000e-02 2.581557e-01
3.300000e-02 2.065355e-01
3.310000e-02 1.375298e-01
3.320000e-02 7.509477e-02
3.330000e-02 4.714342e-02
3.340000e-02 6.521151e-02
3.350000e-02 1.174153e-01
3.360000e-02 1.813283e-01
3.370000e-02 2.393688e-01
3.380000e-02 2.838611e-01
3.390000e-02 3.143640e-01
3.400000e-02 3.336112e-01
3.410000e-02 3.448616e-01
3.420000e-02 3.507099e-01
3.430000e-02 3.527398e-01
3.440000e-02 3.516184e-01
3.450000e-02 3.475237e-01
3.460000e-02 3.407795e-01
3.470000e-02 3.322784e-01
3.480000e-02 3.233115e-01
3.490000e-02 3.150388e-01
3.500000e-02 3.081409e-01
3.510000e-02 3.028158e-01
3.520000e-02 2.989361e-01
3.530000e-02 2.961907e-01
3.540000e-02 2.941540e-01
3.550000e-02 2.922953e-01
3.560000e-02 2.899458e-01
3.570000e-02 2.862423e-01
3.580000e-02 2.800605e-01
3.590000e-02 2.699638e-01
3.600000e-02 2.542295e-01
3.610000e-02 2.310770e-01
3.620000e-02 1.993295e-01
3.630000e-02 1.598110e-01
3.640000e-02 1.175534e-01
3.650000e-02 8.381961e-02
3.660000e-02 7.485227e-02
3.670000e-02 1.036769e-01
3.680000e-02 1.677513e-01
3.690000e-02 2.458029e-01
3.700000e-02 3.119451e-01
3.710000e-02 3.529002e-01
3.720000e-02 3.708181e-01
3.730000e-02 3.747319e-01
3.740000e-02 3.728913e-01
3.750000e-02 3.702815e-01
3.760000e-02 3.692170e-01
3.770000e-02 3.706230e-01
3.780000e-02 3.748446e-01
3.790000e-02 3.817438e-01
3.800000e-02 3.902181e-01
3.810000e-02 3.971460e-01
3.820000e-02 3.957823e-01
3.830000e-02 3.760195e-01
3.840000e-02 3.382996e-01
3.850000e-02 3.215748e-01
3.860000e-02 3.478707e-01
3.870000e-02 3.631138e-01
3.880000e-02 3.508282e-01
3.890000e-02 3.317870e-01
3.900000e-02 3.184129e-01
3.910000e-02 3.126510e-01
3.920000e-02 3.116762e-01
3.930000e-02 3.116554e-01
3.940000e-02 3.098153e-01
3.950000e-02 3.050037e-01
3.960000e-02 2.973106e-01
3.970000e-02 2.874466e-01
3.980000e-02 2.762695e-01
3.990000e-02 2.645357e-01
4.000000e-02 2.528152e-01
4.010000e-02 2.414932e-01
4.020000e-02 2.308050e-01
4.030000e-02 2.208766e-01
4.040000e-02 2.117603e-01
4.050000e-02 2.034613e-01
4.060000e-02 1.959569e-01
4.070000e-02 1.892103e-01
4.080000e-02 1.831784e-01
4.090000e-02 1.778177e-01
4.100000e-02 1.730880e-01
4.110000e-02 1.689542e-01
4.120000e-02 1.653879e-01
4.130000e-02 1.623682e-01
4.140000e-02 1.598824e-01
4.150000e-02 1.579264e-01
4.160000e-02 1.565059e-01
4.170000e-02 1.556369e-01
4.180000e-02 1.553470e-01
4.190000e-02 1.556772e-01
4.200000e-02 1.566835e-01
4.210000e-02 1.584400e-01
4.220000e-02 1.610413e-01
4.230000e-02 1.646065e-01
4.240000e-02 1.692825e-01
4.250000e-02 1.752464e-01
4.260000e-02 1.827050e-01
4.270000e-02 1.918861e-01
4.280000e-02 2.030120e-01
4.290000e-02 2.162335e-01
4.300000e-02 2.314854e-01
4.310000e-02 2.481817e-01
4.320000e-02 2.646207e-01
4.330000e-02 2.769361e-01
4.340000e-02 2.776659e-01
4.350000e-02 2.552727e-01
4.360000e-02 1.994458e-01
4.370000e-02 1.192973e-01
4.380000e-02 6.207367e-02
4.390000e-02 8.010041e-02
4.400000e-02 1.591123e-01
4.410000e-02 2.355830e-01
4.420000e-02 2.728302e-01
4.430000e-02 2.737941e-01
4.440000e-02 2.542042e-01
4.450000e-02 2.266220e-01
4.460000e-02 1.980007e-01
4.470000e-02 1.714759e-01
4.480000e-02 1.481872e-01
4.490000e-02 1.283772e-01
4.500000e-02 1.119477e-01
4.510000e-02 9.871196e-02
4.520000e-02 8.849497e-02
4.530000e-02 8.116211e-02
4.540000e-02 7.661514e-02
4.550000e-02 7.477597e-02
4.560000e-02 7.556865e-02
4.570000e-02 7.890566e-02
4.580000e-02 8.468201e-02
4.590000e-02 9.277850e-02
4.600000e-02 1.030738e-01
4.610000e-02 1.154641e-01
4.620000e-02 1.298889e-01
4.630000e-02 1.463629e-01
4.640000e-02 1.650145e-01
4.650000e-02 1.861337e-01
4.660000e-02 2.102294e-01
4.670000e-02 2.380778e-01
4.680000e-02 2.706833e-01
4.690000e-02 3.088802e-01
4.700000e-02 3.518638e-01
4.710000e-02 3.935973e-01
4.720000e-02 4.189074e-01
4.730000e-02 4.109879e-01
4.740000e-02 3.730790e-01
4.750000e-02 3.243509e-01
4.760000e-02 2.750962e-01
4.770000e-02 2.268515e-01
4.780000e-02 1.807299e-01
4.790000e-02 1.397961e-01
4.800000e-02 1.088289e-01
4.810000e-02 9.295230e-02
4.820000e-02 9.544410e-02
4.830000e-02 1.157579e-01
4.840000e-02 1.491014e-01
4.850000e-02 1.880272e-01
4.860000e-02 2.250711e-01
4.870000e-02 2.548951e-01
4.880000e-02 2.750631e-01
4.890000e-02 2.856164e-01
4.900000e-02 2.881227e-01
4.910000e-02 2.847743e-01
4.920000e-02 2.777857e-01
4.930000e-02 2.690993e-01
4.940000e-02 2.603073e-01
4.950000e-02 2.526936e-01
4.960000e-02 2.473249e-01
4.970000e-02 2.451501e-01
4.980000e-02 2.470718e-01
4.990000e-02 2.539454e-01
