2.000000e-01 1.790570e-01
2.004000e-01 1.854849e-01
2.008000e-01 1.926734e-01
2.012000e-01 2.006889e-01
2.016000e-01 2.096034e-01
2.020000e-01 2.194948e-01
2.024000e-01 2.304457e-01
2.028000e-01 2.425434e-01
2.032000e-01 2.558774e-01
2.036000e-01 2.705360e-01
2.040000e-01 2.866015e-01
2.044000e-01 3.041412e-01
2.048000e-01 3.231947e-01
2.052000e-01 3.437552e-01
2.056000e-01 3.657409e-01
2.060000e-01 3.889554e-01
2.064000e-01 4.130305e-01
2.068000e-01 4.373486e-01
2.072000e-01 4.609406e-01
2.076000e-01 4.823589e-01
2.080000e-01 4.995373e-01
2.084000e-01 5.096689e-01
2.088000e-01 5.091745e-01
2.092000e-01 4.938941e-01
2.096000e-01 4.597009e-01
2.100000e-01 4.037610e-01
2.104000e-01 3.265055e-01
2.108000e-01 2.339003e-01
2.112000e-01 1.387804e-01
2.116000e-01 5.943499e-02
2.120000e-01 1.441386e-02
2.124000e-01 1.518891e-02
2.128000e-01 6.095686e-02
2.132000e-01 1.392281e-01
2.136000e-01 2.316727e-01
2.140000e-01 3.211235e-01
2.144000e-01 3.959600e-01
2.148000e-01 4.509431e-01
2.152000e-01 4.857676e-01
2.156000e-01 5.029772e-01
2.160000e-01 5.062375e-01
2.164000e-01 4.992534e-01
2.168000e-01 4.852412e-01
2.172000e-01 4.667583e-01
2.176000e-01 4.457226e-01
2.180000e-01 4.235101e-01
2.184000e-01 4.010707e-01
2.188000e-01 3.790354e-01
2.192000e-01 3.578040e-01
2.196000e-01 3.376132e-01
2.200000e-01 3.185872e-01
2.204000e-01 3.007740e-01
2.208000e-01 2.841721e-01
2.212000e-01 2.687480e-01
2.216000e-01 2.544494e-01
2.220000e-01 2.412133e-01
2.224000e-01 2.289721e-01
2.228000e-01 2.176574e-01
2.232000e-01 2.072020e-01
2.236000e-01 1.975421e-01
2.240000e-01 1.886175e-01
2.244000e-01 1.803724e-01
2.248000e-01 1.727553e-01
2.252000e-01 1.657192e-01
2.256000e-01 1.592215e-01
2.260000e-01 1.532237e-01
2.264000e-01 1.476908e-01
2.268000e-01 1.425918e-01
2.272000e-01 1.378988e-01
2.276000e-01 1.335874e-01
2.280000e-01 1.296359e-01
2.284000e-01 1.260253e-01
2.288000e-01 1.227395e-01
2.292000e-01 1.197647e-01
2.296000e-01 1.170899e-01
2.300000e-01 1.147061e-01
2.304000e-01 1.126071e-01
2.308000e-01 1.107888e-01
2.312000e-01 1.092499e-01
2.316000e-01 1.079920e-01
2.320000e-01 1.070194e-01
2.324000e-01 1.063399e-01
2.328000e-01 1.059654e-01
2.332000e-01 1.059120e-01
2.336000e-01 1.062014e-01
2.340000e-01 1.068620e-01
2.344000e-01 1.079303e-01
2.348000e-01 1.094535e-01
2.352000e-01 1.114918e-01
2.356000e-01 1.141230e-01
2.360000e-01 1.174476e-01
2.364000e-01 1.215964e-01
2.368000e-01 1.267399e-01
2.372000e-01 1.331010e-01
2.376000e-01 1.409696e-01
2.380000e-01 1.507160e-01
2.384000e-01 1.627900e-01
2.388000e-01 1.776746e-01
2.392000e-01 1.957144e-01
2.396000e-01 2.166633e-01
2.400000e-01 2.387723e-01
2.404000e-01 2.576470e-01
2.408000e-01 2.665071e-01
2.412000e-01 2.602312e-01
2.416000e-01 2.407552e-01
2.420000e-01 2.160869e-01
2.424000e-01 1.936825e-01
2.428000e-01 1.768914e-01
2.432000e-01 1.659662e-01
2.436000e-01 1.599531e-01
2.440000e-01 1.577463e-01
2.444000e-01 1.584393e-01
2.448000e-01 1.613712e-01
2.452000e-01 1.660815e-01
2.456000e-01 1.722545e-01
2.460000e-01 1.796730e-01
2.464000e-01 1.881849e-01
2.468000e-01 1.976801e-01
2.472000e-01 2.080737e-01
2.476000e-01 2.192952e-01
2.480000e-01 2.312794e-01
2.484000e-01 2.439608e-01
2.488000e-01 2.572692e-01
2.492000e-01 2.711265e-01
2.496000e-01 2.854446e-01
2.500000e-01 3.001246e-01
2.504000e-01 3.150569e-01
2.508000e-01 3.301222e-01
2.512000e-01 3.451942e-01
2.516000e-01 3.601422e-01
2.520000e-01 3.748354e-01
2.524000e-01 3.891473e-01
2.528000e-01 4.029601e-01
2.532000e-01 4.161690e-01
2.536000e-01 4.286861e-01
2.540000e-01 4.404431e-01
2.544000e-01 4.513927e-01
2.548000e-01 4.615090e-01
2.552000e-01 4.707865e-01
2.556000e-01 4.792382e-01
2.560000e-01 4.868929e-01
2.564000e-01 4.937920e-01
2.568000e-01 4.999861e-01
2.572000e-01 5.055326e-01
2.576000e-01 5.104923e-01
2.580000e-01 5.149275e-01
2.584000e-01 5.189004e-01
2.588000e-01 5.224719e-01
2.592000e-01 5.257002e-01
2.596000e-01 5.286410e-01
2.600000e-01 5.313468e-01
2.604000e-01 5.338668e-01
2.608000e-01 5.362469e-01
2.612000e-01 5.385298e-01
2.616000e-01 5.407553e-01
2.620000e-01 5.429597e-01
2.624000e-01 5.451768e-01
2.628000e-01 5.474373e-01
2.632000e-01 5.497692e-01
2.636000e-01 5.521980e-01
2.640000e-01 5.547465e-01
2.644000e-01 5.574352e-01
2.648000e-01 5.602822e-01
2.652000e-01 5.633035e-01
2.656000e-01 5.665127e-01
2.660000e-01 5.699214e-01
2.664000e-01 5.735393e-01
2.668000e-01 5.773738e-01
2.672000e-01 5.814306e-01
2.676000e-01 5.857135e-01
2.680000e-01 5.902241e-01
2.684000e-01 5.949623e-01
2.688000e-01 5.999261e-01
2.692000e-01 6.051112e-01
2.696000e-01 6.105116e-01
2.700000e-01 6.161191e-01
2.704000e-01 6.219233e-01
2.708000e-01 6.279115e-01
2.712000e-01 6.340690e-01
2.716000e-01 6.403784e-01
2.720000e-01 6.468200e-01
2.724000e-01 6.533717e-01
2.728000e-01 6.600089e-01
2.732000e-01 6.667043e-01
2.736000e-01 6.734283e-01
2.740000e-01 6.801489e-01
2.744000e-01 6.868321e-01
2.748000e-01 6.934418e-01
2.752000e-01 6.999404e-01
2.756000e-01 7.062893e-01
2.760000e-01 7.124496e-01
2.764000e-01 7.183829e-01
2.768000e-01 7.240519e-01
2.772000e-01 7.294227e-01
2.776000e-01 7.344650e-01
2.780000e-01 7.391550e-01
2.784000e-01 7.434763e-01
2.788000e-01 7.474229e-01
2.792000e-01 7.510011e-01
2.796000e-01 7.542319e-01
2.800000e-01 7.571533e-01
2.804000e-01 7.598220e-01
2.808000e-01 7.623155e-01
2.812000e-01 7.647319e-01
2.816000e-01 7.671897e-01
2.820000e-01 7.698251e-01
2.824000e-01 7.727878e-01
2.828000e-01 7.762339e-01
2.832000e-01 7.803163e-01
2.836000e-01 7.851724e-01
2.840000e-01 7.909097e-01
2.844000e-01 7.975890e-01
2.848000e-01 8.052091e-01
2.852000e-01 8.136913e-01
2.856000e-01 8.228690e-01
2.860000e-01 8.324832e-01
2.864000e-01 8.421856e-01
2.868000e-01 8.515519e-01
2.872000e-01 8.601041e-01
2.876000e-01 8.673409e-01
2.880000e-01 8.727737e-01
2.884000e-01 8.759637e-01
2.888000e-01 8.765556e-01
2.892000e-01 8.743038e-01
2.896000e-01 8.690881e-01
2.900000e-01 8.609168e-01
2.904000e-01 8.499183e-01
2.908000e-01 8.363221e-01
2.912000e-01 8.204335e-01
2.916000e-01 8.026053e-01
2.920000e-01 7.832098e-01
2.924000e-01 7.626144e-01
2.928000e-01 7.411629e-01
2.932000e-01 7.191635e-01
2.936000e-01 6.968828e-01
2.940000e-01 6.745472e-01
2.944000e-01 6.523481e-01
2.948000e-01 6.304518e-01
2.952000e-01 6.090114e-01
2.956000e-01 5.881793e-01
2.960000e-01 5.681193e-01
2.964000e-01 5.490163e-01
2.968000e-01 5.310829e-01
2.972000e-01 5.145602e-01
2.976000e-01 4.997136e-01
2.980000e-01 4.868219e-01
2.984000e-01 4.761594e-01
2.988000e-01 4.679741e-01
2.992000e-01 4.624610e-01
2.996000e-01 4.597361e-01
3.000000e-01 4.598141e-01
3.004000e-01 4.625924e-01
3.008000e-01 4.678461e-01
3.012000e-01 4.752356e-01
3.016000e-01 4.843261e-01
3.020000e-01 4.946171e-01
3.024000e-01 5.055792e-01
3.028000e-01 5.166915e-01
3.032000e-01 5.274768e-01
3.036000e-01 5.375289e-01
3.040000e-01 5.465317e-01
3.044000e-01 5.542664e-01
3.048000e-01 5.606110e-01
3.052000e-01 5.655315e-01
3.056000e-01 5.690680e-01
3.060000e-01 5.713186e-01
3.064000e-01 5.724229e-01
3.068000e-01 5.725457e-01
3.072000e-01 5.718647e-01
3.076000e-01 5.705587e-01
3.080000e-01 5.688003e-01
3.084000e-01 5.667499e-01
3.088000e-01 5.645526e-01
3.092000e-01 5.623368e-01
3.096000e-01 5.602134e-01
3.100000e-01 5.582770e-01
3.104000e-01 5.566066e-01
3.108000e-01 5.552678e-01
3.112000e-01 5.543144e-01
3.116000e-01 5.537899e-01
3.120000e-01 5.537300e-01
3.124000e-01 5.541638e-01
3.128000e-01 5.551158e-01
3.132000e-01 5.566073e-01
3.136000e-01 5.586583e-01
3.140000e-01 5.612894e-01
3.144000e-01 5.645236e-01
3.148000e-01 5.683897e-01
3.152000e-01 5.729267e-01
3.156000e-01 5.781921e-01
3.160000e-01 5.842777e-01
3.164000e-01 5.913476e-01
3.168000e-01 5.997482e-01
3.172000e-01 6.105193e-01
3.176000e-01 6.347891e-01
3.180000e-01 6.458872e-01
3.184000e-01 6.539044e-01
3.188000e-01 6.609470e-01
3.192000e-01 6.675008e-01
3.196000e-01 6.737659e-01
3.200000e-01 6.798385e-01
3.204000e-01 6.857639e-01
3.208000e-01 6.915564e-01
3.212000e-01 6.972082e-01
3.216000e-01 7.026939e-01
3.220000e-01 7.079718e-01
3.224000e-01 7.129853e-01
3.228000e-01 7.176626e-01
3.232000e-01 7.219165e-01
3.236000e-01 7.256436e-01
3.240000e-01 7.287241e-01
3.244000e-01 7.310214e-01
3.248000e-01 7.323817e-01
3.252000e-01 7.326349e-01
3.256000e-01 7.315950e-01
3.260000e-01 7.290627e-01
3.264000e-01 7.248283e-01
3.268000e-01 7.186766e-01
3.272000e-01 7.103936e-01
3.276000e-01 6.997748e-01
3.280000e-01 6.866367e-01
3.284000e-01 6.708299e-01
3.288000e-01 6.522549e-01
3.292000e-01 6.308795e-01
3.296000e-01 6.067573e-01
3.300000e-01 5.800453e-01
3.304000e-01 5.510201e-01
3.308000e-01 5.200885e-01
3.312000e-01 4.877918e-01
3.316000e-01 4.548003e-01
3.320000e-01 4.218962e-01
3.324000e-01 3.899430e-01
3.328000e-01 3.598445e-01
3.332000e-01 3.324915e-01
3.336000e-01 3.087050e-01
3.340000e-01 2.891780e-01
3.344000e-01 2.744247e-01
3.348000e-01 2.647421e-01
3.352000e-01 2.601905e-01
3.356000e-01 2.605929e-01
3.360000e-01 2.655559e-01
3.364000e-01 2.745061e-01
3.368000e-01 2.867396e-01
3.372000e-01 3.014753e-01
3.376000e-01 3.179091e-01
3.380000e-01 3.352605e-01
3.384000e-01 3.528109e-01
3.388000e-01 3.699301e-01
3.392000e-01 3.860911e-01
3.396000e-01 4.008757e-01
3.400000e-01 4.139707e-01
3.404000e-01 4.251587e-01
3.408000e-01 4.343059e-01
3.412000e-01 4.413466e-01
3.416000e-01 4.462692e-01
3.420000e-01 4.491021e-01
3.424000e-01 4.499022e-01
3.428000e-01 4.487457e-01
3.432000e-01 4.457213e-01
3.436000e-01 4.409265e-01
3.440000e-01 4.344673e-01
3.444000e-01 4.264605e-01
3.448000e-01 4.170397e-01
3.452000e-01 4.063642e-01
3.456000e-01 3.946305e-01
3.460000e-01 3.820870e-01
3.464000e-01 3.690488e-01
3.468000e-01 3.559123e-01
3.472000e-01 3.431652e-01
3.476000e-01 3.313882e-01
3.480000e-01 3.212439e-01
3.484000e-01 3.134475e-01
3.488000e-01 3.087175e-01
3.492000e-01 3.077073e-01
3.496000e-01 3.109241e-01
3.500000e-01 3.186495e-01
3.504000e-01 3.308782e-01
3.508000e-01 3.472914e-01
3.512000e-01 3.672768e-01
3.516000e-01 3.899927e-01
3.520000e-01 4.144663e-01
3.524000e-01 4.397029e-01
3.528000e-01 4.647858e-01
3.532000e-01 4.889485e-01
3.536000e-01 5.116126e-01
3.540000e-01 5.323934e-01
3.544000e-01 5.510796e-01
3.548000e-01 5.676001e-01
3.552000e-01 5.819852e-01
3.556000e-01 5.943306e-01
3.560000e-01 6.047681e-01
3.564000e-01 6.134436e-01
3.568000e-01 6.205030e-01
3.572000e-01 6.260837e-01
3.576000e-01 6.303114e-01
3.580000e-01 6.332998e-01
3.584000e-01 6.351518e-01
3.588000e-01 6.359629e-01
3.592000e-01 6.358231e-01
3.596000e-01 6.348199e-01
3.600000e-01 6.330404e-01
3.604000e-01 6.305723e-01
3.608000e-01 6.275052e-01
3.612000e-01 6.239303e-01
3.616000e-01 6.199400e-01
3.620000e-01 6.156272e-01
3.624000e-01 6.110836e-01
3.628000e-01 6.063988e-01
3.632000e-01 6.016585e-01
3.636000e-01 5.969431e-01
3.640000e-01 5.923266e-01
3.644000e-01 5.878755e-01
3.648000e-01 5.836481e-01
3.652000e-01 5.796939e-01
3.656000e-01 5.760536e-01
3.660000e-01 5.727590e-01
3.664000e-01 5.698332e-01
3.668000e-01 5.672913e-01
3.672000e-01 5.651409e-01
3.676000e-01 5.633825e-01
3.680000e-01 5.620104e-01
3.684000e-01 5.610134e-01
3.688000e-01 5.603751e-01
3.692000e-01 5.600746e-01
3.696000e-01 5.600869e-01
3.700000e-01 5.603833e-01
3.704000e-01 5.609315e-01
3.708000e-01 5.616960e-01
3.712000e-01 5.626382e-01
3.716000e-01 5.637162e-01
3.720000e-01 5.648853e-01
3.724000e-01 5.660981e-01
3.728000e-01 5.673042e-01
3.732000e-01 5.684510e-01
3.736000e-01 5.694839e-01
3.740000e-01 5.703467e-01
3.744000e-01 5.709822e-01
3.748000e-01 5.713330e-01
3.752000e-01 5.713426e-01
3.756000e-01 5.709560e-01
3.760000e-01 5.701211e-01
3.764000e-01 5.687893e-01
3.768000e-01 5.669174e-01
3.772000e-01 5.644679e-01
3.776000e-01 5.614105e-01
3.780000e-01 5.577222e-01
3.784000e-01 5.533887e-01
3.788000e-01 5.484043e-01
3.792000e-01 5.427721e-01
3.796000e-01 5.365038e-01
3.800000e-01 5.296196e-01
3.804000e-01 5.221472e-01
3.808000e-01 5.141213e-01
3.812000e-01 5.055828e-01
3.816000e-01 4.965772e-01
3.820000e-01 4.871538e-01
3.824000e-01 4.773648e-01
3.828000e-01 4.672636e-01
3.832000e-01 4.569043e-01
3.836000e-01 4.463403e-01
3.840000e-01 4.356238e-01
3.844000e-01 4.248045e-01
3.848000e-01 4.139299e-01
3.852000e-01 4.030438e-01
3.856000e-01 3.921869e-01
3.860000e-01 3.813960e-01
3.864000e-01 3.707041e-01
3.868000e-01 3.601404e-01
3.872000e-01 3.497304e-01
3.876000e-01 3.394960e-01
3.880000e-01 3.294561e-01
3.884000e-01 3.196262e-01
3.888000e-01 3.100194e-01
3.892000e-01 3.006465e-01
3.896000e-01 2.915164e-01
3.900000e-01 2.826366e-01
3.904000e-01 2.740137e-01
3.908000e-01 2.656540e-01
3.912000e-01 2.575641e-01
3.916000e-01 2.497515e-01
3.920000e-01 2.422257e-01
3.924000e-01 2.349992e-01
3.928000e-01 2.280883e-01
3.932000e-01 2.215152e-01
3.936000e-01 2.153093e-01
3.940000e-01 2.095103e-01
3.944000e-01 2.041706e-01
3.948000e-01 1.993596e-01
3.952000e-01 1.951689e-01
3.956000e-01 1.917190e-01
3.960000e-01 1.891679e-01
3.964000e-01 1.877228e-01
3.968000e-01 1.876547e-01
3.972000e-01 1.893177e-01
3.976000e-01 1.931728e-01
3.980000e-01 1.998166e-01
3.984000e-01 2.100129e-01
3.988000e-01 2.247228e-01
3.992000e-01 2.451161e-01
3.996000e-01 2.725347e-01
4.000000e-01 3.083400e-01
4.004000e-01 3.535234e-01
4.008000e-01 4.078841e-01
4.012000e-01 4.685465e-01
4.016000e-01 5.278148e-01
4.020000e-01 5.713097e-01
4.024000e-01 5.793630e-01
4.028000e-01 5.361183e-01
4.032000e-01 4.457782e-01
4.036000e-01 3.413079e-01
4.040000e-01 2.676156e-01
4.044000e-01 2.502614e-01
4.048000e-01 2.832604e-01
4.052000e-01 3.432890e-01
4.056000e-01 4.082197e-01
4.060000e-01 4.650334e-01
4.064000e-01 5.089653e-01
4.068000e-01 5.400577e-01
4.072000e-01 5.603583e-01
4.076000e-01 5.723558e-01
4.080000e-01 5.783014e-01
4.084000e-01 5.800039e-01
4.088000e-01 5.788309e-01
4.092000e-01 5.757813e-01
4.096000e-01 5.715685e-01
4.100000e-01 5.666951e-01
4.104000e-01 5.615102e-01
4.108000e-01 5.562538e-01
4.112000e-01 5.510882e-01
4.116000e-01 5.461210e-01
4.120000e-01 5.414215e-01
4.124000e-01 5.370320e-01
4.128000e-01 5.329762e-01
4.132000e-01 5.292647e-01
4.136000e-01 5.258994e-01
4.140000e-01 5.228762e-01
4.144000e-01 5.201871e-01
4.148000e-01 5.178217e-01
4.152000e-01 5.157680e-01
4.156000e-01 5.140133e-01
4.160000e-01 5.125445e-01
4.164000e-01 5.113487e-01
4.168000e-01 5.104132e-01
4.172000e-01 5.097257e-01
4.176000e-01 5.092742e-01
4.180000e-01 5.090475e-01
4.184000e-01 5.090347e-01
4.188000e-01 5.092253e-01
4.192000e-01 5.096097e-01
4.196000e-01 5.101783e-01
4.200000e-01 5.109222e-01
4.204000e-01 5.118327e-01
4.208000e-01 5.129014e-01
4.212000e-01 5.141204e-01
4.216000e-01 5.154818e-01
4.220000e-01 5.169779e-01
4.224000e-01 5.186011e-01
4.228000e-01 5.203439e-01
4.232000e-01 5.221987e-01
4.236000e-01 5.241580e-01
4.240000e-01 5.262139e-01
4.244000e-01 5.283586e-01
4.248000e-01 5.305836e-01
4.252000e-01 5.328803e-01
4.256000e-01 5.352395e-01
4.260000e-01 5.376513e-01
4.264000e-01 5.401052e-01
4.268000e-01 5.425896e-01
4.272000e-01 5.450919e-01
4.276000e-01 5.475981e-01
4.280000e-01 5.500929e-01
4.284000e-01 5.525588e-01
4.288000e-01 5.549764e-01
4.292000e-01 5.573236e-01
4.296000e-01 5.595755e-01
4.300000e-01 5.617035e-01
4.304000e-01 5.636751e-01
4.308000e-01 5.654529e-01
4.312000e-01 5.669938e-01
4.316000e-01 5.682483e-01
4.320000e-01 5.691594e-01
4.324000e-01 5.696611e-01
4.328000e-01 5.696774e-01
4.332000e-01 5.691205e-01
4.336000e-01 5.678894e-01
4.340000e-01 5.658681e-01
4.344000e-01 5.629234e-01
4.348000e-01 5.589038e-01
4.352000e-01 5.536374e-01
4.356000e-01 5.469315e-01
4.360000e-01 5.385720e-01
4.364000e-01 5.283254e-01
4.368000e-01 5.159425e-01
4.372000e-01 5.011659e-01
4.376000e-01 4.837425e-01
4.380000e-01 4.634436e-01
4.384000e-01 4.400937e-01
4.388000e-01 4.136113e-01
4.392000e-01 3.840635e-01
4.396000e-01 3.517349e-01
4.400000e-01 3.172079e-01
4.404000e-01 2.814474e-01
4.408000e-01 2.458743e-01
4.412000e-01 2.124026e-01
4.416000e-01 1.834062e-01
4.420000e-01 1.615798e-01
4.424000e-01 1.496668e-01
4.428000e-01 1.500587e-01
4.432000e-01 1.643201e-01
4.436000e-01 1.927486e-01
4.440000e-01 2.341094e-01
4.444000e-01 2.856658e-01
4.448000e-01 3.435419e-01
4.452000e-01 4.033397e-01
4.456000e-01 4.608410e-01
4.460000e-01 5.126006e-01
4.464000e-01 5.562999e-01
4.468000e-01 5.908234e-01
4.472000e-01 6.161118e-01
4.476000e-01 6.328877e-01
4.480000e-01 6.423498e-01
4.484000e-01 6.459041e-01
4.488000e-01 6.449631e-01
4.492000e-01 6.408183e-01
4.496000e-01 6.345747e-01
4.500000e-01 6.271304e-01
4.504000e-01 6.191842e-01
4.508000e-01 6.112590e-01
4.512000e-01 6.037302e-01
4.516000e-01 5.968554e-01
4.520000e-01 5.908013e-01
4.524000e-01 5.856660e-01
4.528000e-01 5.814979e-01
4.532000e-01 5.783103e-01
4.536000e-01 5.760925e-01
4.540000e-01 5.748184e-01
4.544000e-01 5.744524e-01
4.548000e-01 5.749545e-01
4.552000e-01 5.762828e-01
4.556000e-01 5.783961e-01
4.560000e-01 5.812549e-01
4.564000e-01 5.848229e-01
4.568000e-01 5.890669e-01
4.572000e-01 5.939571e-01
4.576000e-01 5.994673e-01
4.580000e-01 6.055741e-01
4.584000e-01 6.122569e-01
4.588000e-01 6.194970e-01
4.592000e-01 6.272768e-01
4.596000e-01 6.355789e-01
4.600000e-01 6.443847e-01
4.604000e-01 6.536731e-01
4.608000e-01 6.634186e-01
4.612000e-01 6.735889e-01
4.616000e-01 6.841430e-01
4.620000e-01 6.950276e-01
4.624000e-01 7.061742e-01
4.628000e-01 7.174954e-01
4.632000e-01 7.288809e-01
4.636000e-01 7.401936e-01
4.640000e-01 7.512656e-01
4.644000e-01 7.618956e-01
4.648000e-01 7.718466e-01
4.652000e-01 7.808458e-01
4.656000e-01 7.885873e-01
4.660000e-01 7.947381e-01
4.664000e-01 7.989480e-01
4.668000e-01 8.008638e-01
4.672000e-01 8.001476e-01
4.676000e-01 7.964985e-01
4.680000e-01 7.896758e-01
4.684000e-01 7.795205e-01
4.688000e-01 7.659744e-01
4.692000e-01 7.490914e-01
4.696000e-01 7.290406e-01
4.700000e-01 7.061001e-01
4.704000e-01 6.806406e-01
4.708000e-01 6.531024e-01
4.712000e-01 6.239673e-01
4.716000e-01 5.937303e-01
4.720000e-01 5.628732e-01
4.724000e-01 5.318429e-01
4.728000e-01 5.010368e-01
4.732000e-01 4.707947e-01
4.736000e-01 4.413962e-01
4.740000e-01 4.130644e-01
4.744000e-01 3.859724e-01
4.748000e-01 3.602521e-01
4.752000e-01 3.360043e-01
4.756000e-01 3.133084e-01
4.760000e-01 2.922314e-01
4.764000e-01 2.728357e-01
4.768000e-01 2.551855e-01
4.772000e-01 2.393514e-01
4.776000e-01 2.254136e-01
4.780000e-01 2.134631e-01
4.784000e-01 2.036022e-01
4.788000e-01 1.959420e-01
4.792000e-01 1.906002e-01
4.796000e-01 1.876958e-01
4.800000e-01 1.873441e-01
4.804000e-01 1.896494e-01
4.808000e-01 1.946975e-01
4.812000e-01 2.025479e-01
4.816000e-01 2.132251e-01
4.820000e-01 2.267110e-01
4.824000e-01 2.429384e-01
4.828000e-01 2.617851e-01
4.832000e-01 2.830711e-01
4.836000e-01 3.065581e-01
4.840000e-01 3.319513e-01
4.844000e-01 3.589055e-01
4.848000e-01 3.870329e-01
4.852000e-01 4.159144e-01
4.856000e-01 4.451133e-01
4.860000e-01 4.741894e-01
4.864000e-01 5.027156e-01
4.868000e-01 5.302943e-01
4.872000e-01 5.565765e-01
4.876000e-01 5.812933e-01
4.880000e-01 6.043479e-01
4.884000e-01 6.266223e-01
4.888000e-01 6.286727e-01
4.892000e-01 6.280718e-01
4.896000e-01 6.285999e-01
4.900000e-01 6.294311e-01
4.904000e-01 6.302549e-01
4.908000e-01 6.308869e-01
4.912000e-01 6.311807e-01
4.916000e-01 6.309964e-01
4.920000e-01 6.301878e-01
4.924000e-01 6.285956e-01
4.928000e-01 6.260449e-01
4.932000e-01 6.223446e-01
4.936000e-01 6.172893e-01
4.940000e-01 6.106641e-01
4.944000e-01 6.022516e-01
4.948000e-01 5.918427e-01
4.952000e-01 5.792524e-01
4.956000e-01 5.643388e-01
4.960000e-01 5.470281e-01
4.964000e-01 5.273423e-01
4.968000e-01 5.054305e-01
4.972000e-01 4.815981e-01
4.976000e-01 4.563322e-01
4.980000e-01 4.303145e-01
4.984000e-01 4.044175e-01
4.988000e-01 3.796763e-01
4.992000e-01 3.572324e-01
4.996000e-01 3.382513e-01
5.000000e-01 3.238179e-01
5.004000e-01 3.148247e-01
5.008000e-01 3.118683e-01
5.012000e-01 3.151728e-01
5.016000e-01 3.245560e-01
5.020000e-01 3.394432e-01
5.024000e-01 3.589281e-01
5.028000e-01 3.818671e-01
5.032000e-01 4.069908e-01
5.036000e-01 4.330137e-01
5.040000e-01 4.587273e-01
5.044000e-01 4.830675e-01
5.048000e-01 5.051539e-01
5.052000e-01 5.243052e-01
5.056000e-01 5.400341e-01
5.060000e-01 5.520326e-01
5.064000e-01 5.601518e-01
5.068000e-01 5.643830e-01
5.072000e-01 5.648440e-01
5.076000e-01 5.617706e-01
5.080000e-01 5.555155e-01
5.084000e-01 5.465499e-01
5.088000e-01 5.354685e-01
5.092000e-01 5.229899e-01
5.096000e-01 5.099521e-01
5.100000e-01 4.972947e-01
5.104000e-01 4.860286e-01
5.108000e-01 4.771871e-01
5.112000e-01 4.717646e-01
5.116000e-01 4.706432e-01
5.120000e-01 4.745180e-01
5.124000e-01 4.838303e-01
5.128000e-01 4.987193e-01
5.132000e-01 5.190014e-01
5.136000e-01 5.441817e-01
5.140000e-01 5.734968e-01
5.144000e-01 6.059831e-01
5.148000e-01 6.405600e-01
5.152000e-01 6.761172e-01
5.156000e-01 7.115935e-01
5.160000e-01 7.460398e-01
5.164000e-01 7.786622e-01
5.168000e-01 8.088433e-01
5.172000e-01 8.361441e-01
5.176000e-01 8.602930e-01
5.180000e-01 8.811631e-01
5.184000e-01 8.987467e-01
5.188000e-01 9.131269e-01
5.192000e-01 9.244529e-01
5.196000e-01 9.329180e-01
5.200000e-01 9.387422e-01
5.204000e-01 9.421602e-01
5.208000e-01 9.434126e-01
5.212000e-01 9.427409e-01
5.216000e-01 9.403852e-01
5.220000e-01 9.365827e-01
5.224000e-01 9.315671e-01
5.228000e-01 9.255677e-01
5.232000e-01 9.188068e-01
5.236000e-01 9.114976e-01
5.240000e-01 9.038392e-01
5.244000e-01 8.960119e-01
5.248000e-01 8.881724e-01
5.252000e-01 8.804488e-01
5.256000e-01 8.729374e-01
5.260000e-01 8.657007e-01
5.264000e-01 8.587686e-01
5.268000e-01 8.521403e-01
5.272000e-01 8.457887e-01
5.276000e-01 8.396669e-01
5.280000e-01 8.337141e-01
5.284000e-01 8.278624e-01
5.288000e-01 8.220433e-01
5.292000e-01 8.161928e-01
5.296000e-01 8.102551e-01
5.300000e-01 8.041861e-01
5.304000e-01 7.979540e-01
5.308000e-01 7.915402e-01
5.312000e-01 7.849388e-01
5.316000e-01 7.781548e-01
5.320000e-01 7.712031e-01
5.324000e-01 7.641064e-01
5.328000e-01 7.568933e-01
5.332000e-01 7.495965e-01
5.336000e-01 7.422514e-01
5.340000e-01 7.348944e-01
5.344000e-01 7.275621e-01
5.348000e-01 7.202899e-01
5.352000e-01 7.131118e-01
5.356000e-01 7.060596e-01
5.360000e-01 6.991628e-01
5.364000e-01 6.924482e-01
5.368000e-01 6.859399e-01
5.372000e-01 6.796594e-01
5.376000e-01 6.736256e-01
5.380000e-01 6.678549e-01
5.384000e-01 6.623616e-01
5.388000e-01 6.571578e-01
5.392000e-01 6.522536e-01
5.396000e-01 6.476575e-01
5.400000e-01 6.433765e-01
5.404000e-01 6.394161e-01
5.408000e-01 6.357808e-01
5.412000e-01 6.324738e-01
5.416000e-01 6.294978e-01
5.420000e-01 6.268544e-01
5.424000e-01 6.245447e-01
5.428000e-01 6.225693e-01
5.432000e-01 6.209283e-01
5.436000e-01 6.196215e-01
5.440000e-01 6.186482e-01
5.444000e-01 6.180079e-01
5.448000e-01 6.176997e-01
5.452000e-01 6.177225e-01
5.456000e-01 6.180755e-01
5.460000e-01 6.187576e-01
5.464000e-01 6.197681e-01
5.468000e-01 6.211061e-01
5.472000e-01 6.227712e-01
5.476000e-01 6.247631e-01
5.480000e-01 6.270819e-01
5.484000e-01 6.297279e-01
5.488000e-01 6.327021e-01
5.492000e-01 6.360060e-01
5.496000e-01 6.396416e-01
5.500000e-01 6.436114e-01
5.504000e-01 6.479188e-01
5.508000e-01 6.525678e-01
5.512000e-01 6.575629e-01
5.516000e-01 6.629090e-01
5.520000e-01 6.686114e-01
5.524000e-01 6.746748e-01
5.528000e-01 6.811033e-01
5.532000e-01 6.878988e-01
5.536000e-01 6.950598e-01
5.540000e-01 7.025797e-01
5.544000e-01 7.104434e-01
5.548000e-01 7.186248e-01
5.552000e-01 7.270814e-01
5.556000e-01 7.357500e-01
5.560000e-01 7.445402e-01
5.564000e-01 7.533298e-01
5.568000e-01 7.619604e-01
5.572000e-01 7.702377e-01
5.576000e-01 7.779385e-01
5.580000e-01 7.848269e-01
5.584000e-01 7.906811e-01
5.588000e-01 7.953291e-01
5.592000e-01 7.986856e-01
5.596000e-01 8.007787e-01
5.600000e-01 8.017523e-01
5.604000e-01 8.018381e-01
5.608000e-01 8.012961e-01
5.612000e-01 8.003314e-01
5.616000e-01 7.990035e-01
5.620000e-01 7.971369e-01
5.624000e-01 7.942439e-01
5.628000e-01 7.894615e-01
5.632000e-01 7.815096e-01
5.636000e-01 7.686878e-01
5.640000e-01 7.489534e-01
5.644000e-01 7.201615e-01
5.648000e-01 6.805828e-01
5.652000e-01 6.298183e-01
5.656000e-01 5.701050e-01
5.660000e-01 5.076598e-01
5.664000e-01 4.531352e-01
5.668000e-01 4.198765e-01
5.672000e-01 4.193699e-01
5.676000e-01 4.555108e-01
5.680000e-01 5.214797e-01
5.684000e-01 6.020743e-01
5.688000e-01 6.801776e-01
5.692000e-01 7.429454e-01
5.696000e-01 7.844366e-01
5.700000e-01 8.047169e-01
5.704000e-01 8.073876e-01
5.708000e-01 7.972702e-01
5.712000e-01 7.789477e-01
5.716000e-01 7.561228e-01
5.720000e-01 7.314958e-01
5.724000e-01 7.068882e-01
5.728000e-01 6.834437e-01
5.732000e-01 6.618223e-01
5.736000e-01 6.423575e-01
5.740000e-01 6.251731e-01
5.744000e-01 6.102641e-01
5.748000e-01 5.975517e-01
5.752000e-01 5.869183e-01
5.756000e-01 5.782302e-01
5.760000e-01 5.713510e-01
5.764000e-01 5.661490e-01
5.768000e-01 5.625021e-01
5.772000e-01 5.602985e-01
5.776000e-01 5.594380e-01
5.780000e-01 5.598304e-01
5.784000e-01 5.613951e-01
5.788000e-01 5.640594e-01
5.792000e-01 5.677565e-01
5.796000e-01 5.724239e-01
5.800000e-01 5.780013e-01
5.804000e-01 5.844284e-01
5.808000e-01 5.916423e-01
5.812000e-01 5.995752e-01
5.816000e-01 6.081515e-01
5.820000e-01 6.172843e-01
5.824000e-01 6.268723e-01
5.828000e-01 6.367961e-01
5.832000e-01 6.469140e-01
5.836000e-01 6.570585e-01
5.840000e-01 6.670322e-01
5.844000e-01 6.766045e-01
5.848000e-01 6.855102e-01
5.852000e-01 6.934489e-01
5.856000e-01 7.000881e-01
5.860000e-01 7.050707e-01
5.864000e-01 7.080280e-01
5.868000e-01 7.085997e-01
5.872000e-01 7.064632e-01
5.876000e-01 7.013711e-01
5.880000e-01 6.931959e-01
5.884000e-01 6.819797e-01
5.888000e-01 6.679806e-01
5.892000e-01 6.517075e-01
5.896000e-01 6.339311e-01
5.900000e-01 6.156592e-01
5.904000e-01 5.980695e-01
5.908000e-01 5.823984e-01
5.912000e-01 5.697989e-01
5.916000e-01 5.611904e-01
5.920000e-01 5.571293e-01
5.924000e-01 5.577313e-01
5.928000e-01 5.626634e-01
5.932000e-01 5.712067e-01
5.936000e-01 5.823768e-01
5.940000e-01 5.950724e-01
5.944000e-01 6.082222e-01
5.948000e-01 6.209066e-01
5.952000e-01 6.324390e-01
5.956000e-01 6.424041e-01
5.960000e-01 6.506600e-01
5.964000e-01 6.573115e-01
5.968000e-01 6.626660e-01
5.972000e-01 6.671769e-01
5.976000e-01 6.713764e-01
5.980000e-01 6.757972e-01
5.984000e-01 6.808778e-01
5.988000e-01 6.868499e-01
5.992000e-01 6.936192e-01
5.996000e-01 7.006625e-01
6.000000e-01 7.069956e-01
6.004000e-01 7.112733e-01
6.008000e-01 7.120649e-01
6.012000e-01 7.082740e-01
6.016000e-01 6.995616e-01
6.020000e-01 6.865692e-01
6.024000e-01 6.707983e-01
6.028000e-01 6.541835e-01
6.032000e-01 6.385600e-01
6.036000e-01 6.252609e-01
6.040000e-01 6.149620e-01
6.044000e-01 6.077516e-01
6.048000e-01 6.033164e-01
6.052000e-01 6.011434e-01
6.056000e-01 6.006762e-01
6.060000e-01 6.014102e-01
6.064000e-01 6.029359e-01
6.068000e-01 6.049480e-01
6.072000e-01 6.072357e-01
6.076000e-01 6.096655e-01
6.080000e-01 6.121632e-01
6.084000e-01 6.146977e-01
6.088000e-01 6.172677e-01
6.092000e-01 6.198921e-01
6.096000e-01 6.226020e-01
6.100000e-01 6.254361e-01
6.104000e-01 6.284365e-01
6.108000e-01 6.316467e-01
6.112000e-01 6.351092e-01
6.116000e-01 6.388651e-01
6.120000e-01 6.429526e-01
6.124000e-01 6.474068e-01
6.128000e-01 6.522592e-01
6.132000e-01 6.575372e-01
6.136000e-01 6.632639e-01
6.140000e-01 6.694575e-01
6.144000e-01 6.761311e-01
6.148000e-01 6.832915e-01
6.152000e-01 6.909387e-01
6.156000e-01 6.990645e-01
6.160000e-01 7.076508e-01
6.164000e-01 7.166672e-01
6.168000e-01 7.260682e-01
6.172000e-01 7.357894e-01
6.176000e-01 7.457428e-01
6.180000e-01 7.558110e-01
6.184000e-01 7.658409e-01
6.188000e-01 7.756357e-01
6.192000e-01 7.849479e-01
6.196000e-01 7.934719e-01
6.200000e-01 8.008386e-01
6.204000e-01 8.066138e-01
6.208000e-01 8.103021e-01
6.212000e-01 8.113591e-01
6.216000e-01 8.092146e-01
6.220000e-01 8.033074e-01
6.224000e-01 7.931342e-01
6.228000e-01 7.783069e-01
6.232000e-01 7.586163e-01
6.236000e-01 7.340917e-01
6.240000e-01 7.050467e-01
6.244000e-01 6.721010e-01
6.248000e-01 6.361713e-01
6.252000e-01 5.984274e-01
6.256000e-01 5.602189e-01
6.260000e-01 5.229824e-01
6.264000e-01 4.881410e-01
6.268000e-01 4.570124e-01
6.272000e-01 4.307330e-01
6.276000e-01 4.102061e-01
6.280000e-01 3.960728e-01
6.284000e-01 3.887025e-01
6.288000e-01 3.881960e-01
6.292000e-01 3.943967e-01
6.296000e-01 4.069050e-01
6.300000e-01 4.250942e-01
6.304000e-01 4.481311e-01
6.308000e-01 4.750037e-01
6.312000e-01 5.045608e-01
6.316000e-01 5.355662e-01
6.320000e-01 5.667667e-01
6.324000e-01 5.969670e-01
6.328000e-01 6.251056e-01
6.332000e-01 6.503164e-01
6.336000e-01 6.719707e-01
6.340000e-01 6.896914e-01
6.344000e-01 7.033408e-01
6.348000e-01 7.129875e-01
6.352000e-01 7.188598e-01
6.356000e-01 7.212951e-01
6.360000e-01 7.206917e-01
6.364000e-01 7.174695e-01
6.368000e-01 7.120392e-01
6.372000e-01 7.047823e-01
6.376000e-01 6.960393e-01
6.380000e-01 6.861052e-01
6.384000e-01 6.752286e-01
6.388000e-01 6.636152e-01
6.392000e-01 6.514325e-01
6.396000e-01 6.388146e-01
6.400000e-01 6.258682e-01
6.404000e-01 6.126777e-01
6.408000e-01 5.993097e-01
6.412000e-01 5.858173e-01
6.416000e-01 5.722435e-01
6.420000e-01 5.586243e-01
6.424000e-01 5.449909e-01
6.428000e-01 5.313720e-01
6.432000e-01 5.177951e-01
6.436000e-01 5.042881e-01
6.440000e-01 4.908801e-01
6.444000e-01 4.776021e-01
6.448000e-01 4.644876e-01
6.452000e-01 4.515733e-01
6.456000e-01 4.388985e-01
6.460000e-01 4.265058e-01
6.464000e-01 4.144408e-01
6.468000e-01 4.027518e-01
6.472000e-01 3.914892e-01
6.476000e-01 3.807057e-01
6.480000e-01 3.704548e-01
6.484000e-01 3.607912e-01
6.488000e-01 3.517690e-01
6.492000e-01 3.434419e-01
6.496000e-01 3.358616e-01
6.500000e-01 3.290774e-01
6.504000e-01 3.231355e-01
6.508000e-01 3.180776e-01
6.512000e-01 3.139406e-01
6.516000e-01 3.107558e-01
6.520000e-01 3.085484e-01
6.524000e-01 3.073365e-01
6.528000e-01 3.071312e-01
6.532000e-01 3.079361e-01
6.536000e-01 3.097473e-01
6.540000e-01 3.125530e-01
6.544000e-01 3.163342e-01
6.548000e-01 3.210645e-01
6.552000e-01 3.267107e-01
6.556000e-01 3.332333e-01
6.560000e-01 3.405871e-01
6.564000e-01 3.487218e-01
6.568000e-01 3.575831e-01
6.572000e-01 3.671129e-01
6.576000e-01 3.772507e-01
6.580000e-01 3.879343e-01
6.584000e-01 3.991002e-01
6.588000e-01 4.106852e-01
6.592000e-01 4.226263e-01
6.596000e-01 4.348619e-01
6.600000e-01 4.473323e-01
6.604000e-01 4.599802e-01
6.608000e-01 4.727512e-01
6.612000e-01 4.855943e-01
6.616000e-01 4.984620e-01
6.620000e-01 5.113106e-01
6.624000e-01 5.241005e-01
6.628000e-01 5.367962e-01
6.632000e-01 5.493662e-01
6.636000e-01 5.617832e-01
6.640000e-01 5.740240e-01
6.644000e-01 5.860694e-01
6.648000e-01 5.979038e-01
6.652000e-01 6.095155e-01
6.656000e-01 6.208962e-01
6.660000e-01 6.320409e-01
6.664000e-01 6.429479e-01
6.668000e-01 6.536184e-01
6.672000e-01 6.640564e-01
6.676000e-01 6.742686e-01
6.680000e-01 6.842640e-01
6.684000e-01 6.940543e-01
6.688000e-01 7.036530e-01
6.692000e-01 7.130760e-01
6.696000e-01 7.223409e-01
6.700000e-01 7.314675e-01
6.704000e-01 7.404769e-01
6.708000e-01 7.493922e-01
6.712000e-01 7.582377e-01
6.716000e-01 7.670391e-01
6.720000e-01 7.758234e-01
6.724000e-01 7.846183e-01
6.728000e-01 7.934523e-01
6.732000e-01 8.023543e-01
6.736000e-01 8.113530e-01
6.740000e-01 8.204769e-01
6.744000e-01 8.297530e-01
6.748000e-01 8.392072e-01
6.752000e-01 8.488627e-01
6.756000e-01 8.587392e-01
6.760000e-01 8.688527e-01
6.764000e-01 8.792135e-01
6.768000e-01 8.898258e-01
6.772000e-01 9.006860e-01
6.776000e-01 9.117818e-01
6.780000e-01 9.230910e-01
6.784000e-01 9.345803e-01
6.788000e-01 9.462048e-01
6.792000e-01 9.579071e-01
6.796000e-01 9.696175e-01
6.800000e-01 9.812547e-01
6.804000e-01 9.927267e-01
6.808000e-01 1.003933e+00
6.812000e-01 1.014768e+00
6.816000e-01 1.025124e+00
6.820000e-01 1.034896e+00
6.824000e-01 1.043989e+00
6.828000e-01 1.052319e+00
6.832000e-01 1.059821e+00
6.836000e-01 1.066451e+00
6.840000e-01 1.072190e+00
6.844000e-01 1.077044e+00
6.848000e-01 1.081040e+00
6.852000e-01 1.084226e+00
6.856000e-01 1.086668e+00
6.860000e-01 1.088441e+00
6.864000e-01 1.089627e+00
6.868000e-01 1.090313e+00
6.872000e-01 1.090588e+00
6.876000e-01 1.090547e+00
6.880000e-01 1.090296e+00
6.884000e-01 1.089960e+00
6.888000e-01 1.089707e+00
6.892000e-01 1.089792e+00
6.896000e-01 1.090696e+00
6.900000e-01 1.093765e+00
6.904000e-01 1.110112e+00
6.908000e-01 1.109819e+00
6.912000e-01 1.106056e+00
6.916000e-01 1.100817e+00
6.920000e-01 1.094680e+00
6.924000e-01 1.087946e+00
6.928000e-01 1.080810e+00
6.932000e-01 1.073406e+00
6.936000e-01 1.065832e+00
6.940000e-01 1.058157e+00
6.944000e-01 1.050427e+00
6.948000e-01 1.042673e+00
6.952000e-01 1.034910e+00
6.956000e-01 1.027143e+00
6.960000e-01 1.019364e+00
6.964000e-01 1.011559e+00
6.968000e-01 1.003709e+00
6.972000e-01 9.957856e-01
6.976000e-01 9.877582e-01
6.980000e-01 9.795918e-01
6.984000e-01 9.712485e-01
6.988000e-01 9.626881e-01
6.992000e-01 9.538690e-01
6.996000e-01 9.447483e-01
7.000000e-01 9.352831e-01
7.004000e-01 9.254304e-01
7.008000e-01 9.151487e-01
7.012000e-01 9.043977e-01
7.016000e-01 8.931399e-01
7.020000e-01 8.813412e-01
7.024000e-01 8.689720e-01
7.028000e-01 8.560085e-01
7.032000e-01 8.424339e-01
7.036000e-01 8.282403e-01
7.040000e-01 8.134303e-01
7.044000e-01 7.980195e-01
7.048000e-01 7.820384e-01
7.052000e-01 7.655356e-01
7.056000e-01 7.485804e-01
7.060000e-01 7.312660e-01
7.064000e-01 7.137127e-01
7.068000e-01 6.960702e-01
7.072000e-01 6.785209e-01
7.076000e-01 6.612808e-01
7.080000e-01 6.445999e-01
7.084000e-01 6.287611e-01
7.088000e-01 6.140756e-01
7.092000e-01 6.008770e-01
7.096000e-01 5.895110e-01
7.100000e-01 5.803220e-01
7.104000e-01 5.736374e-01
7.108000e-01 5.697485e-01
7.112000e-01 5.688908e-01
7.116000e-01 5.712244e-01
7.120000e-01 5.768171e-01
7.124000e-01 5.856317e-01
7.128000e-01 5.975193e-01
7.132000e-01 6.122205e-01
7.136000e-01 6.293744e-01
7.140000e-01 6.485347e-01
7.144000e-01 6.691922e-01
7.148000e-01 6.908010e-01
7.152000e-01 7.128059e-01
7.156000e-01 7.346689e-01
7.160000e-01 7.558918e-01
7.164000e-01 7.760346e-01
7.168000e-01 7.947279e-01
7.172000e-01 8.116794e-01
7.176000e-01 8.266761e-01
7.180000e-01 8.395806e-01
7.184000e-01 8.503258e-01
7.188000e-01 8.589066e-01
7.192000e-01 8.653702e-01
7.196000e-01 8.698064e-01
7.200000e-01 8.723385e-01
7.204000e-01 8.731140e-01
7.208000e-01 8.722967e-01
7.212000e-01 8.700601e-01
7.216000e-01 8.665812e-01
7.220000e-01 8.620363e-01
7.224000e-01 8.565965e-01
7.228000e-01 8.504256e-01
7.232000e-01 8.436776e-01
7.236000e-01 8.364952e-01
7.240000e-01 8.290093e-01
7.244000e-01 8.213382e-01
7.248000e-01 8.135881e-01
7.252000e-01 8.058528e-01
7.256000e-01 7.982145e-01
7.260000e-01 7.907445e-01
7.264000e-01 7.835039e-01
7.268000e-01 7.765441e-01
7.272000e-01 7.699082e-01
7.276000e-01 7.636311e-01
7.280000e-01 7.577410e-01
7.284000e-01 7.522595e-01
7.288000e-01 7.472027e-01
7.292000e-01 7.425818e-01
7.296000e-01 7.384031e-01
7.300000e-01 7.346692e-01
7.304000e-01 7.313790e-01
7.308000e-01 7.285277e-01
7.312000e-01 7.261078e-01
7.316000e-01 7.241085e-01
7.320000e-01 7.225161e-01
7.324000e-01 7.213141e-01
7.328000e-01 7.204830e-01
7.332000e-01 7.199999e-01
7.336000e-01 7.198388e-01
7.340000e-01 7.199699e-01
7.344000e-01 7.203594e-01
7.348000e-01 7.209689e-01
7.352000e-01 7.217551e-01
7.356000e-01 7.226692e-01
7.360000e-01 7.236561e-01
7.364000e-01 7.246538e-01
7.368000e-01 7.255927e-01
7.372000e-01 7.263950e-01
7.376000e-01 7.269737e-01
7.380000e-01 7.272322e-01
7.384000e-01 7.270638e-01
7.388000e-01 7.263515e-01
7.392000e-01 7.249677e-01
7.396000e-01 7.227751e-01
7.400000e-01 7.196274e-01
7.404000e-01 7.153716e-01
7.408000e-01 7.098506e-01
7.412000e-01 7.029071e-01
7.416000e-01 6.943897e-01
7.420000e-01 6.841595e-01
7.424000e-01 6.720992e-01
7.428000e-01 6.581239e-01
7.432000e-01 6.421933e-01
7.436000e-01 6.243252e-01
7.440000e-01 6.046091e-01
7.444000e-01 5.832202e-01
7.448000e-01 5.604294e-01
7.452000e-01 5.366111e-01
7.456000e-01 5.122435e-01
7.460000e-01 4.879020e-01
7.464000e-01 4.642424e-01
7.468000e-01 4.419744e-01
7.472000e-01 4.218253e-01
7.476000e-01 4.044976e-01
7.480000e-01 3.906216e-01
7.484000e-01 3.807108e-01
7.488000e-01 3.751232e-01
7.492000e-01 3.740352e-01
7.496000e-01 3.774304e-01
7.500000e-01 3.851051e-01
7.504000e-01 3.966907e-01
7.508000e-01 4.116878e-01
7.512000e-01 4.295093e-01
7.516000e-01 4.495258e-01
7.520000e-01 4.711091e-01
7.524000e-01 4.936694e-01
7.528000e-01 5.166842e-01
7.532000e-01 5.397168e-01
7.536000e-01 5.624264e-01
7.540000e-01 5.845693e-01
7.544000e-01 6.059946e-01
7.548000e-01 6.266344e-01
7.552000e-01 6.464923e-01
7.556000e-01 6.656299e-01
7.560000e-01 6.841528e-01
7.564000e-01 7.021964e-01
7.568000e-01 7.199123e-01
7.572000e-01 7.374539e-01
7.576000e-01 7.549608e-01
7.580000e-01 7.725416e-01
7.584000e-01 7.902543e-01
7.588000e-01 8.080828e-01
7.592000e-01 8.259099e-01
7.596000e-01 8.434881e-01
7.600000e-01 8.604111e-01
7.604000e-01 8.760917e-01
7.608000e-01 8.897569e-01
7.612000e-01 9.004735e-01
7.616000e-01 9.072180e-01
7.620000e-01 9.090008e-01
7.624000e-01 9.050414e-01
7.628000e-01 8.949658e-01
7.632000e-01 8.789785e-01
7.636000e-01 8.579427e-01
7.640000e-01 8.333213e-01
7.644000e-01 8.069725e-01
7.648000e-01 7.808498e-01
7.652000e-01 7.566949e-01
7.656000e-01 7.358091e-01
7.660000e-01 7.189510e-01
7.664000e-01 7.063577e-01
7.668000e-01 6.978501e-01
7.672000e-01 6.929724e-01
7.676000e-01 6.911252e-01
7.680000e-01 6.916701e-01
7.684000e-01 6.939992e-01
7.688000e-01 6.975732e-01
7.692000e-01 7.019375e-01
7.696000e-01 7.067225e-01
7.700000e-01 7.116367e-01
7.704000e-01 7.164559e-01
7.708000e-01 7.210120e-01
7.712000e-01 7.251826e-01
7.716000e-01 7.288817e-01
7.720000e-01 7.320523e-01
7.724000e-01 7.346606e-01
7.728000e-01 7.366905e-01
7.732000e-01 7.381403e-01
7.736000e-01 7.390196e-01
7.740000e-01 7.393468e-01
7.744000e-01 7.391468e-01
7.748000e-01 7.384502e-01
7.752000e-01 7.372912e-01
7.756000e-01 7.357071e-01
7.760000e-01 7.337371e-01
7.764000e-01 7.314216e-01
7.768000e-01 7.288019e-01
7.772000e-01 7.259192e-01
7.776000e-01 7.228145e-01
7.780000e-01 7.195284e-01
7.784000e-01 7.161005e-01
7.788000e-01 7.125695e-01
7.792000e-01 7.089729e-01
7.796000e-01 7.053469e-01
7.800000e-01 7.017266e-01
7.804000e-01 6.981458e-01
7.808000e-01 6.946370e-01
7.812000e-01 6.912317e-01
7.816000e-01 6.879605e-01
7.820000e-01 6.848527e-01
7.824000e-01 6.819374e-01
7.828000e-01 6.792427e-01
7.832000e-01 6.767968e-01
7.836000e-01 6.746276e-01
7.840000e-01 6.727632e-01
7.844000e-01 6.712323e-01
7.848000e-01 6.700643e-01
7.852000e-01 6.692899e-01
7.856000e-01 6.689414e-01
7.860000e-01 6.690533e-01
7.864000e-01 6.696625e-01
7.868000e-01 6.708091e-01
7.872000e-01 6.725371e-01
7.876000e-01 6.748950e-01
7.880000e-01 6.779366e-01
7.884000e-01 6.817216e-01
7.888000e-01 6.863168e-01
7.892000e-01 6.917963e-01
7.896000e-01 6.982429e-01
7.900000e-01 7.057473e-01
7.904000e-01 7.144086e-01
7.908000e-01 7.243321e-01
7.912000e-01 7.356256e-01
7.916000e-01 7.483925e-01
7.920000e-01 7.627190e-01
7.924000e-01 7.786523e-01
7.928000e-01 7.961645e-01
7.932000e-01 8.150946e-01
7.936000e-01 8.350580e-01
7.940000e-01 8.553083e-01
7.944000e-01 8.745408e-01
7.948000e-01 8.906332e-01
7.952000e-01 9.003625e-01
7.956000e-01 8.992297e-01
7.960000e-01 8.816977e-01
7.964000e-01 8.423775e-01
7.968000e-01 7.787113e-01
7.972000e-01 6.949206e-01
7.976000e-01 6.049388e-01
7.980000e-01 5.301680e-01
7.984000e-01 4.902251e-01
7.988000e-01 4.922536e-01
7.992000e-01 5.280731e-01
7.996000e-01 5.810977e-01
8.000000e-01 6.357412e-01
8.004000e-01 6.824576e-01
8.008000e-01 7.177730e-01
8.012000e-01 7.420814e-01
8.016000e-01 7.574731e-01
8.020000e-01 7.663770e-01
8.024000e-01 7.709352e-01
8.028000e-01 7.728155e-01
8.032000e-01 7.732286e-01
8.036000e-01 7.730157e-01
8.040000e-01 7.727432e-01
8.044000e-01 7.727844e-01
8.048000e-01 7.733809e-01
8.052000e-01 7.746878e-01
8.056000e-01 7.768043e-01
8.060000e-01 7.797953e-01
8.064000e-01 7.837057e-01
8.068000e-01 7.885694e-01
8.072000e-01 7.944157e-01
8.076000e-01 8.012724e-01
8.080000e-01 8.091679e-01
8.084000e-01 8.181316e-01
8.088000e-01 8.281926e-01
8.092000e-01 8.393782e-01
8.096000e-01 8.517103e-01
8.100000e-01 8.652012e-01
8.104000e-01 8.798473e-01
8.108000e-01 8.956221e-01
8.112000e-01 9.124675e-01
8.116000e-01 9.302844e-01
8.120000e-01 9.489223e-01
8.124000e-01 9.681710e-01
8.128000e-01 9.877543e-01
8.132000e-01 1.007329e+00
8.136000e-01 1.026493e+00
8.140000e-01 1.044801e+00
8.144000e-01 1.061793e+00
8.148000e-01 1.077036e+00
8.152000e-01 1.090160e+00
8.156000e-01 1.100908e+00
8.160000e-01 1.109152e+00
8.164000e-01 1.114909e+00
8.168000e-01 1.118310e+00
8.172000e-01 1.119568e+00
8.176000e-01 1.118918e+00
8.180000e-01 1.116570e+00
8.184000e-01 1.112675e+00
8.188000e-01 1.107307e+00
8.192000e-01 1.100474e+00
8.196000e-01 1.092136e+00
8.200000e-01 1.082230e+00
8.204000e-01 1.070700e+00
8.208000e-01 1.057509e+00
8.212000e-01 1.042658e+00
8.216000e-01 1.026191e+00
8.220000e-01 1.008200e+00
8.224000e-01 9.888219e-01
8.228000e-01 9.682401e-01
8.232000e-01 9.466830e-01
8.236000e-01 9.244223e-01
8.240000e-01 9.017707e-01
8.244000e-01 8.790791e-01
8.248000e-01 8.567312e-01
8.252000e-01 8.351368e-01
8.256000e-01 8.147216e-01
8.260000e-01 7.959143e-01
8.264000e-01 7.791315e-01
8.268000e-01 7.647595e-01
8.272000e-01 7.531362e-01
8.276000e-01 7.445327e-01
8.280000e-01 7.391372e-01
8.284000e-01 7.370417e-01
8.288000e-01 7.382347e-01
8.292000e-01 7.425988e-01
8.296000e-01 7.499162e-01
8.300000e-01 7.598784e-01
8.304000e-01 7.721036e-01
8.308000e-01 7.861561e-01
8.312000e-01 8.015694e-01
8.316000e-01 8.178685e-01
8.320000e-01 8.345914e-01
8.324000e-01 8.513077e-01
8.328000e-01 8.676326e-01
8.332000e-01 8.832376e-01
8.336000e-01 8.978559e-01
8.340000e-01 9.112836e-01
8.344000e-01 9.233782e-01
8.348000e-01 9.340539e-01
8.352000e-01 9.432751e-01
8.356000e-01 9.510489e-01
8.360000e-01 9.574168e-01
8.364000e-01 9.624477e-01
8.368000e-01 9.662298e-01
8.372000e-01 9.688648e-01
8.376000e-01 9.704617e-01
8.380000e-01 9.711327e-01
8.384000e-01 9.709892e-01
8.388000e-01 9.701394e-01
8.392000e-01 9.686856e-01
8.396000e-01 9.667238e-01
8.400000e-01 9.643418e-01
8.404000e-01 9.616196e-01
8.408000e-01 9.586290e-01
8.412000e-01 9.554339e-01
8.416000e-01 9.520904e-01
8.420000e-01 9.486479e-01
8.424000e-01 9.451488e-01
8.428000e-01 9.416299e-01
8.432000e-01 9.381225e-01
8.436000e-01 9.346531e-01
8.440000e-01 9.312441e-01
8.444000e-01 9.279142e-01
8.448000e-01 9.246788e-01
8.452000e-01 9.215507e-01
8.456000e-01 9.185400e-01
8.460000e-01 9.156550e-01
8.464000e-01 9.129021e-01
8.468000e-01 9.102859e-01
8.472000e-01 9.078099e-01
8.476000e-01 9.054763e-01
8.480000e-01 9.032860e-01
8.484000e-01 9.012388e-01
8.488000e-01 8.993338e-01
8.492000e-01 8.975685e-01
8.496000e-01 8.959398e-01
8.500000e-01 8.944432e-01
8.504000e-01 8.930729e-01
8.508000e-01 8.918218e-01
8.512000e-01 8.906814e-01
8.516000e-01 8.896412e-01
8.520000e-01 8.886891e-01
8.524000e-01 8.878104e-01
8.528000e-01 8.869883e-01
8.532000e-01 8.862030e-01
8.536000e-01 8.854317e-01
8.540000e-01 8.846478e-01
8.544000e-01 8.838212e-01
8.548000e-01 8.829169e-01
8.552000e-01 8.818953e-01
8.556000e-01 8.807111e-01
8.560000e-01 8.793133e-01
8.564000e-01 8.776441e-01
8.568000e-01 8.756385e-01
8.572000e-01 8.732240e-01
8.576000e-01 8.703198e-01
8.580000e-01 8.668364e-01
8.584000e-01 8.626755e-01
8.588000e-01 8.577298e-01
8.592000e-01 8.518834e-01
8.596000e-01 8.450121e-01
8.600000e-01 8.369852e-01
8.604000e-01 8.276666e-01
8.608000e-01 8.169183e-01
8.612000e-01 8.046040e-01
8.616000e-01 7.905941e-01
8.620000e-01 7.747730e-01
8.624000e-01 7.570473e-01
8.628000e-01 7.373566e-01
8.632000e-01 7.156854e-01
8.636000e-01 6.920778e-01
8.640000e-01 6.666529e-01
8.644000e-01 6.396209e-01
8.648000e-01 6.112985e-01
8.652000e-01 5.821221e-01
8.656000e-01 5.526563e-01
8.660000e-01 5.235953e-01
8.664000e-01 4.957542e-01
8.668000e-01 4.700483e-01
8.672000e-01 4.474578e-01
8.676000e-01 4.289789e-01
8.680000e-01 4.155619e-01
8.684000e-01 4.080414e-01
8.688000e-01 4.070648e-01
8.692000e-01 4.130281e-01
8.696000e-01 4.260265e-01
8.700000e-01 4.458296e-01
8.704000e-01 4.718846e-01
8.708000e-01 5.033491e-01
8.712000e-01 5.391512e-01
8.716000e-01 5.780676e-01
8.720000e-01 6.188114e-01
8.724000e-01 6.601188e-01
8.728000e-01 7.008242e-01
8.732000e-01 7.399186e-01
8.736000e-01 7.765875e-01
8.740000e-01 8.102270e-01
8.744000e-01 8.404422e-01
8.748000e-01 8.670313e-01
8.752000e-01 8.899592e-01
8.756000e-01 9.093271e-01
8.760000e-01 9.253402e-01
8.764000e-01 9.382764e-01
8.768000e-01 9.484596e-01
8.772000e-01 9.562362e-01
8.776000e-01 9.619570e-01
8.780000e-01 9.659634e-01
8.784000e-01 9.685774e-01
8.788000e-01 9.700953e-01
8.792000e-01 9.707835e-01
8.796000e-01 9.708775e-01
8.800000e-01 9.705809e-01
8.804000e-01 9.700669e-01
8.808000e-01 9.694795e-01
8.812000e-01 9.689354e-01
8.816000e-01 9.685262e-01
8.820000e-01 9.683201e-01
8.824000e-01 9.683644e-01
8.828000e-01 9.686867e-01
8.832000e-01 9.692968e-01
8.836000e-01 9.701884e-01
8.840000e-01 9.713398e-01
8.844000e-01 9.727150e-01
8.848000e-01 9.742652e-01
8.852000e-01 9.759289e-01
8.856000e-01 9.776334e-01
8.860000e-01 9.792951e-01
8.864000e-01 9.808207e-01
8.868000e-01 9.821086e-01
8.872000e-01 9.830496e-01
8.876000e-01 9.835292e-01
8.880000e-01 9.834293e-01
8.884000e-01 9.826308e-01
8.888000e-01 9.810169e-01
8.892000e-01 9.784765e-01
8.896000e-01 9.749081e-01
8.900000e-01 9.702255e-01
8.904000e-01 9.643621e-01
8.908000e-01 9.572768e-01
8.912000e-01 9.489600e-01
8.916000e-01 9.394391e-01
8.920000e-01 9.287836e-01
8.924000e-01 9.171096e-01
8.928000e-01 9.045829e-01
8.932000e-01 8.914207e-01
8.936000e-01 8.778901e-01
8.940000e-01 8.643057e-01
8.944000e-01 8.510228e-01
8.948000e-01 8.384289e-01
8.952000e-01 8.269321e-01
8.956000e-01 8.169461e-01
8.960000e-01 8.088749e-01
8.964000e-01 8.030938e-01
8.968000e-01 7.999317e-01
8.972000e-01 7.996511e-01
8.976000e-01 8.024296e-01
8.980000e-01 8.083411e-01
8.984000e-01 8.173372e-01
8.988000e-01 8.292287e-01
8.992000e-01 8.436653e-01
8.996000e-01 8.601150e-01
9.000000e-01 8.778398e-01
9.004000e-01 8.958716e-01
9.008000e-01 9.129881e-01
9.012000e-01 9.276977e-01
9.016000e-01 9.382447e-01
9.020000e-01 9.426561e-01
9.024000e-01 9.388628e-01
9.028000e-01 9.249343e-01
9.032000e-01 8.994667e-01
9.036000e-01 8.621397e-01
9.040000e-01 8.143875e-01
9.044000e-01 7.600104e-01
9.048000e-01 7.054109e-01
9.052000e-01 6.590668e-01
9.056000e-01 6.300097e-01
9.060000e-01 6.255292e-01
9.064000e-01 6.488992e-01
9.068000e-01 6.981842e-01
9.072000e-01 7.667770e-01
9.076000e-01 8.454182e-01
9.080000e-01 9.247196e-01
9.084000e-01 9.971521e-01
9.088000e-01 1.057973e+00
9.092000e-01 1.105172e+00
9.096000e-01 1.138836e+00
9.100000e-01 1.160363e+00
9.104000e-01 1.171767e+00
9.108000e-01 1.175194e+00
9.112000e-01 1.172633e+00
9.116000e-01 1.165784e+00
9.120000e-01 1.156022e+00
9.124000e-01 1.144412e+00
9.128000e-01 1.131752e+00
9.132000e-01 1.118621e+00
9.136000e-01 1.105430e+00
9.140000e-01 1.092456e+00
9.144000e-01 1.079880e+00
9.148000e-01 1.067811e+00
9.152000e-01 1.056305e+00
9.156000e-01 1.045382e+00
9.160000e-01 1.035037e+00
9.164000e-01 1.025243e+00
9.168000e-01 1.015962e+00
9.172000e-01 1.007145e+00
9.176000e-01 9.987256e-01
9.180000e-01 9.906156e-01
9.184000e-01 9.826299e-01
9.188000e-01 9.865289e-01
9.192000e-01 9.969483e-01
9.196000e-01 9.995906e-01
9.200000e-01 9.996588e-01
9.204000e-01 9.982627e-01
9.208000e-01 9.958659e-01
9.212000e-01 9.927101e-01
9.216000e-01 9.889365e-01
9.220000e-01 9.846326e-01
9.224000e-01 9.798539e-01
9.228000e-01 9.746360e-01
9.232000e-01 9.690006e-01
9.236000e-01 9.629603e-01
9.240000e-01 9.565204e-01
9.244000e-01 9.496818e-01
9.248000e-01 9.424415e-01
9.252000e-01 9.347943e-01
9.256000e-01 9.267333e-01
9.260000e-01 9.182509e-01
9.264000e-01 9.093396e-01
9.268000e-01 8.999926e-01
9.272000e-01 8.902050e-01
9.276000e-01 8.799743e-01
9.280000e-01 8.693015e-01
9.284000e-01 8.581925e-01
9.288000e-01 8.466592e-01
9.292000e-01 8.347210e-01
9.296000e-01 8.224067e-01
9.300000e-01 8.097562e-01
9.304000e-01 7.968232e-01
9.308000e-01 7.836771e-01
9.312000e-01 7.704061e-01
9.316000e-01 7.571202e-01
9.320000e-01 7.439544e-01
9.324000e-01 7.310714e-01
9.328000e-01 7.186655e-01
9.332000e-01 7.069644e-01
9.336000e-01 6.962319e-01
9.340000e-01 6.867686e-01
9.344000e-01 6.789110e-01
9.348000e-01 6.730286e-01
9.352000e-01 6.695177e-01
9.356000e-01 6.687921e-01
9.360000e-01 6.712683e-01
9.364000e-01 6.773478e-01
9.368000e-01 6.873933e-01
9.372000e-01 7.017020e-01
9.376000e-01 7.204763e-01
9.380000e-01 7.437955e-01
9.384000e-01 7.715904e-01
9.388000e-01 8.036260e-01
9.392000e-01 8.394960e-01
9.396000e-01 8.786320e-01
9.400000e-01 9.203282e-01
9.404000e-01 9.637823e-01
9.408000e-01 1.008147e+00
9.412000e-01 1.052587e+00
9.416000e-01 1.096335e+00
9.420000e-01 1.138737e+00
9.424000e-01 1.179286e+00
9.428000e-01 1.217631e+00
9.432000e-01 1.253581e+00
9.436000e-01 1.287081e+00
9.440000e-01 1.318190e+00
9.444000e-01 1.347045e+00
9.448000e-01 1.373833e+00
9.452000e-01 1.398759e+00
9.456000e-01 1.422028e+00
9.460000e-01 1.443826e+00
9.464000e-01 1.464311e+00
9.468000e-01 1.483608e+00
9.472000e-01 1.501811e+00
9.476000e-01 1.518978e+00
9.480000e-01 1.535142e+00
9.484000e-01 1.550311e+00
9.488000e-01 1.564475e+00
9.492000e-01 1.577608e+00
9.496000e-01 1.589673e+00
9.500000e-01 1.600626e+00
9.504000e-01 1.610418e+00
9.508000e-01 1.619000e+00
9.512000e-01 1.626322e+00
9.516000e-01 1.632338e+00
9.520000e-01 1.637005e+00
9.524000e-01 1.640288e+00
9.528000e-01 1.642157e+00
9.532000e-01 1.642593e+00
9.536000e-01 1.641585e+00
9.540000e-01 1.639133e+00
9.544000e-01 1.635249e+00
9.548000e-01 1.629953e+00
9.552000e-01 1.623281e+00
9.556000e-01 1.615278e+00
9.560000e-01 1.605999e+00
9.564000e-01 1.595511e+00
9.568000e-01 1.583891e+00
9.572000e-01 1.571223e+00
9.576000e-01 1.557600e+00
9.580000e-01 1.543125e+00
9.584000e-01 1.527904e+00
9.588000e-01 1.512055e+00
9.592000e-01 1.495703e+00
9.596000e-01 1.478981e+00
9.600000e-01 1.462037e+00
9.604000e-01 1.445030e+00
9.608000e-01 1.428135e+00
9.612000e-01 1.411546e+00
9.616000e-01 1.395476e+00
9.620000e-01 1.380159e+00
9.624000e-01 1.365848e+00
9.628000e-01 1.352815e+00
9.632000e-01 1.341346e+00
9.636000e-01 1.331731e+00
9.640000e-01 1.324262e+00
9.644000e-01 1.319215e+00
9.648000e-01 1.316839e+00
9.652000e-01 1.317340e+00
9.656000e-01 1.320864e+00
9.660000e-01 1.327483e+00
9.664000e-01 1.337182e+00
9.668000e-01 1.349845e+00
9.672000e-01 1.365253e+00
9.676000e-01 1.383079e+00
9.680000e-01 1.402899e+00
9.684000e-01 1.424201e+00
9.688000e-01 1.446405e+00
9.692000e-01 1.468880e+00
9.696000e-01 1.490974e+00
9.700000e-01 1.512035e+00
9.704000e-01 1.531430e+00
9.708000e-01 1.548565e+00
9.712000e-01 1.562895e+00
9.716000e-01 1.573929e+00
9.720000e-01 1.581237e+00
9.724000e-01 1.584442e+00
9.728000e-01 1.583225e+00
9.732000e-01 1.577327e+00
9.736000e-01 1.566552e+00
9.740000e-01 1.550782e+00
9.744000e-01 1.529995e+00
9.748000e-01 1.504281e+00
9.752000e-01 1.473866e+00
9.756000e-01 1.439124e+00
9.760000e-01 1.400590e+00
9.764000e-01 1.358954e+00
9.768000e-01 1.315046e+00
9.772000e-01 1.269811e+00
9.776000e-01 1.224264e+00
9.780000e-01 1.179447e+00
9.784000e-01 1.136377e+00
9.788000e-01 1.095994e+00
9.792000e-01 1.059120e+00
9.796000e-01 1.026423e+00
9.800000e-01 9.983950e-01
9.804000e-01 9.753447e-01
9.808000e-01 9.573972e-01
9.812000e-01 9.445085e-01
9.816000e-01 9.364862e-01
9.820000e-01 9.330159e-01
9.824000e-01 9.336895e-01
9.828000e-01 9.380347e-01
9.832000e-01 9.455416e-01
9.836000e-01 9.556869e-01
9.840000e-01 9.679542e-01
9.844000e-01 9.818497e-01
9.848000e-01 9.969144e-01
9.852000e-01 1.012732e+00
9.856000e-01 1.028932e+00
9.860000e-01 1.045194e+00
9.864000e-01 1.061248e+00
9.868000e-01 1.076868e+00
9.872000e-01 1.091872e+00
9.876000e-01 1.106120e+00
9.880000e-01 1.119506e+00
9.884000e-01 1.131954e+00
9.888000e-01 1.143418e+00
9.892000e-01 1.153871e+00
9.896000e-01 1.163309e+00
9.900000e-01 1.171739e+00
9.904000e-01 1.179186e+00
9.908000e-01 1.185679e+00
9.912000e-01 1.191259e+00
9.916000e-01 1.195968e+00
9.920000e-01 1.199857e+00
9.924000e-01 1.202974e+00
9.928000e-01 1.205371e+00
9.932000e-01 1.207101e+00
9.936000e-01 1.208213e+00
9.940000e-01 1.208759e+00
9.944000e-01 1.208787e+00
9.948000e-01 1.208344e+00
9.952000e-01 1.207473e+00
9.956000e-01 1.206218e+00
9.960000e-01 1.204618e+00
9.964000e-01 1.202710e+00
9.968000e-01 1.200530e+00
9.972000e-01 1.198110e+00
9.976000e-01 1.195481e+00
9.980000e-01 1.192671e+00
9.984000e-01 1.189705e+00
9.988000e-01 1.186608e+00
9.992000e-01 1.183402e+00
9.996000e-01 1.180106e+00
