2.000000e-01 6.442735e-02
2.004000e-01 5.555422e-02
2.008000e-01 4.779597e-02
2.012000e-01 4.099885e-02
2.016000e-01 3.505155e-02
2.020000e-01 2.987475e-02
2.024000e-01 2.541283e-02
2.028000e-01 2.162742e-02
2.032000e-01 1.849235e-02
2.036000e-01 1.598979e-02
2.040000e-01 1.410730e-02
2.044000e-01 1.283554e-02
2.048000e-01 1.216658e-02
2.052000e-01 1.209261e-02
2.056000e-01 1.260510e-02
2.060000e-01 1.369409e-02
2.064000e-01 1.534786e-02
2.068000e-01 1.755263e-02
2.072000e-01 2.029253e-02
2.076000e-01 2.354959e-02
2.080000e-01 2.730383e-02
2.084000e-01 3.153349e-02
2.088000e-01 3.621518e-02
2.092000e-01 4.132420e-02
2.096000e-01 4.683474e-02
2.100000e-01 5.272019e-02
2.104000e-01 5.895344e-02
2.108000e-01 6.550711e-02
2.112000e-01 7.235379e-02
2.116000e-01 7.946634e-02
2.120000e-01 8.681800e-02
2.124000e-01 9.438265e-02
2.128000e-01 1.021349e-01
2.132000e-01 1.100502e-01
2.136000e-01 1.181050e-01
2.140000e-01 1.262767e-01
2.144000e-01 1.345438e-01
2.148000e-01 1.428857e-01
2.152000e-01 1.512829e-01
2.156000e-01 1.597170e-01
2.160000e-01 1.681704e-01
2.164000e-01 1.766266e-01
2.168000e-01 1.850698e-01
2.172000e-01 1.934854e-01
2.176000e-01 2.018594e-01
2.180000e-01 2.101788e-01
2.184000e-01 2.184316e-01
2.188000e-01 2.266063e-01
2.192000e-01 2.346928e-01
2.196000e-01 2.426814e-01
2.200000e-01 2.505638e-01
2.204000e-01 2.583321e-01
2.208000e-01 2.659796e-01
2.212000e-01 2.735005e-01
2.216000e-01 2.808897e-01
2.220000e-01 2.881432e-01
2.224000e-01 2.952573e-01
2.228000e-01 3.022297e-01
2.232000e-01 3.090583e-01
2.236000e-01 3.157419e-01
2.240000e-01 3.222799e-01
2.244000e-01 3.286723e-01
2.248000e-01 3.349194e-01
2.252000e-01 3.410222e-01
2.256000e-01 3.469822e-01
2.260000e-01 3.528009e-01
2.264000e-01 3.584804e-01
2.268000e-01 3.640232e-01
2.272000e-01 3.694318e-01
2.276000e-01 3.747090e-01
2.280000e-01 3.798579e-01
2.284000e-01 3.848817e-01
2.288000e-01 3.897838e-01
2.292000e-01 3.945677e-01
2.296000e-01 3.992369e-01
2.300000e-01 4.037952e-01
2.304000e-01 4.082463e-01
2.308000e-01 4.125941e-01
2.312000e-01 4.168426e-01
2.316000e-01 4.209957e-01
2.320000e-01 4.250575e-01
2.324000e-01 4.290321e-01
2.328000e-01 4.329237e-01
2.332000e-01 4.367366e-01
2.336000e-01 4.404752e-01
2.340000e-01 4.441438e-01
2.344000e-01 4.477472e-01
2.348000e-01 4.512899e-01
2.352000e-01 4.547768e-01
2.356000e-01 4.582129e-01
2.360000e-01 4.616035e-01
2.364000e-01 4.649539e-01
2.368000e-01 4.682700e-01
2.372000e-01 4.715576e-01
2.376000e-01 4.748233e-01
2.380000e-01 4.780737e-01
2.384000e-01 4.813161e-01
2.388000e-01 4.845583e-01
2.392000e-01 4.878087e-01
2.396000e-01 4.910763e-01
2.400000e-01 4.943710e-01
2.404000e-01 4.977033e-01
2.408000e-01 5.010851e-01
2.412000e-01 5.045289e-01
2.416000e-01 5.080489e-01
2.420000e-01 5.116602e-01
2.424000e-01 5.153799e-01
2.428000e-01 5.192265e-01
2.432000e-01 5.232203e-01
2.436000e-01 5.273839e-01
2.440000e-01 5.317418e-01
2.444000e-01 5.363212e-01
2.448000e-01 5.411517e-01
2.452000e-01 5.462655e-01
2.456000e-01 5.516973e-01
2.460000e-01 5.574846e-01
2.464000e-01 5.636668e-01
2.468000e-01 5.702851e-01
2.472000e-01 5.773808e-01
2.476000e-01 5.849943e-01
2.480000e-01 5.931619e-01
2.484000e-01 6.019117e-01
2.488000e-01 6.112583e-01
2.492000e-01 6.211936e-01
2.496000e-01 6.316754e-01
2.500000e-01 6.426109e-01
2.504000e-01 6.538346e-01
2.508000e-01 6.650796e-01
2.512000e-01 6.759424e-01
2.516000e-01 6.858422e-01
2.520000e-01 6.939797e-01
2.524000e-01 6.993063e-01
2.528000e-01 7.005219e-01
2.532000e-01 6.961318e-01
2.536000e-01 6.845954e-01
2.540000e-01 6.645993e-01
2.544000e-01 6.354497e-01
2.548000e-01 5.975151e-01
2.552000e-01 5.525629e-01
2.556000e-01 5.037807e-01
2.560000e-01 4.553361e-01
2.564000e-01 4.115269e-01
2.568000e-01 3.758174e-01
2.572000e-01 3.501542e-01
2.576000e-01 3.348140e-01
2.580000e-01 3.287521e-01
2.584000e-01 3.302031e-01
2.588000e-01 3.372608e-01
2.592000e-01 3.482693e-01
2.596000e-01 3.619962e-01
2.600000e-01 3.776390e-01
2.604000e-01 3.947387e-01
2.608000e-01 4.130591e-01
2.612000e-01 4.324695e-01
2.616000e-01 4.528466e-01
2.620000e-01 4.740029e-01
2.624000e-01 4.956423e-01
2.628000e-01 5.173418e-01
2.632000e-01 5.385575e-01
2.636000e-01 5.586522e-01
2.640000e-01 5.769398e-01
2.644000e-01 5.927399e-01
2.648000e-01 6.054357e-01
2.652000e-01 6.145250e-01
2.656000e-01 6.196606e-01
2.660000e-01 6.206722e-01
2.664000e-01 6.175704e-01
2.668000e-01 6.105332e-01
2.672000e-01 5.998793e-01
2.676000e-01 5.860334e-01
2.680000e-01 5.694876e-01
2.684000e-01 5.507653e-01
2.688000e-01 5.303896e-01
2.692000e-01 5.088578e-01
2.696000e-01 4.866239e-01
2.700000e-01 4.640879e-01
2.704000e-01 4.415903e-01
2.708000e-01 4.194117e-01
2.712000e-01 3.977759e-01
2.716000e-01 3.768548e-01
2.720000e-01 3.567747e-01
2.724000e-01 3.376227e-01
2.728000e-01 3.194531e-01
2.732000e-01 3.022943e-01
2.736000e-01 2.861533e-01
2.740000e-01 2.710211e-01
2.744000e-01 2.568767e-01
2.748000e-01 2.436903e-01
2.752000e-01 2.314261e-01
2.756000e-01 2.200445e-01
2.760000e-01 2.095040e-01
2.764000e-01 1.997624e-01
2.768000e-01 1.907777e-01
2.772000e-01 1.825091e-01
2.776000e-01 1.749174e-01
2.780000e-01 1.679652e-01
2.784000e-01 1.616175e-01
2.788000e-01 1.558415e-01
2.792000e-01 1.506068e-01
2.796000e-01 1.458854e-01
2.800000e-01 1.416515e-01
2.804000e-01 1.378816e-01
2.808000e-01 1.345545e-01
2.812000e-01 1.316506e-01
2.816000e-01 1.291526e-01
2.820000e-01 1.270447e-01
2.824000e-01 1.253127e-01
2.828000e-01 1.239440e-01
2.832000e-01 1.229271e-01
2.836000e-01 1.222518e-01
2.840000e-01 1.219088e-01
2.844000e-01 1.218897e-01
2.848000e-01 1.221868e-01
2.852000e-01 1.227929e-01
2.856000e-01 1.237012e-01
2.860000e-01 1.249050e-01
2.864000e-01 1.263976e-01
2.868000e-01 1.281723e-01
2.872000e-01 1.302219e-01
2.876000e-01 1.325387e-01
2.880000e-01 1.351143e-01
2.884000e-01 1.379393e-01
2.888000e-01 1.410035e-01
2.892000e-01 1.442952e-01
2.896000e-01 1.478014e-01
2.900000e-01 1.515076e-01
2.904000e-01 1.553980e-01
2.908000e-01 1.594549e-01
2.912000e-01 1.636591e-01
2.916000e-01 1.679901e-01
2.920000e-01 1.724258e-01
2.924000e-01 1.769434e-01
2.928000e-01 1.815189e-01
2.932000e-01 1.861280e-01
2.936000e-01 1.907465e-01
2.940000e-01 1.953504e-01
2.944000e-01 1.999171e-01
2.948000e-01 2.044251e-01
2.952000e-01 2.088553e-01
2.956000e-01 2.131914e-01
2.960000e-01 2.174198e-01
2.964000e-01 2.215310e-01
2.968000e-01 2.255190e-01
2.972000e-01 2.293825e-01
2.976000e-01 2.331242e-01
2.980000e-01 2.367517e-01
2.984000e-01 2.402768e-01
2.988000e-01 2.437160e-01
2.992000e-01 2.470899e-01
2.996000e-01 2.504234e-01
3.000000e-01 2.537449e-01
3.004000e-01 2.570869e-01
3.008000e-01 2.604849e-01
3.012000e-01 2.639777e-01
3.016000e-01 2.676074e-01
3.020000e-01 2.714185e-01
3.024000e-01 2.754586e-01
3.028000e-01 2.797780e-01
3.032000e-01 2.844297e-01
3.036000e-01 2.894697e-01
3.040000e-01 2.949565e-01
3.044000e-01 3.009516e-01
3.048000e-01 3.075191e-01
3.052000e-01 3.147253e-01
3.056000e-01 3.226382e-01
3.060000e-01 3.313260e-01
3.064000e-01 3.408553e-01
3.068000e-01 3.512874e-01
3.072000e-01 3.626734e-01
3.076000e-01 3.750461e-01
3.080000e-01 3.884083e-01
3.084000e-01 4.027158e-01
3.088000e-01 4.178523e-01
3.092000e-01 4.335954e-01
3.096000e-01 4.495699e-01
3.100000e-01 4.651889e-01
3.104000e-01 4.795847e-01
3.108000e-01 4.915441e-01
3.112000e-01 4.994783e-01
3.116000e-01 5.014945e-01
3.120000e-01 4.956751e-01
3.124000e-01 4.807000e-01
3.128000e-01 4.568816e-01
3.132000e-01 4.273965e-01
3.136000e-01 3.989410e-01
3.140000e-01 3.805633e-01
3.144000e-01 3.799977e-01
3.148000e-01 3.990293e-01
3.152000e-01 4.314605e-01
3.156000e-01 4.659148e-01
3.160000e-01 4.914578e-01
3.164000e-01 5.018196e-01
3.168000e-01 4.961165e-01
3.172000e-01 4.770698e-01
3.176000e-01 4.500842e-01
3.180000e-01 4.195626e-01
3.184000e-01 3.869365e-01
3.188000e-01 3.546919e-01
3.192000e-01 3.241892e-01
3.196000e-01 2.961334e-01
3.200000e-01 2.708076e-01
3.204000e-01 2.482372e-01
3.208000e-01 2.283010e-01
3.212000e-01 2.108040e-01
3.216000e-01 1.955217e-01
3.220000e-01 1.822262e-01
3.224000e-01 1.707007e-01
3.228000e-01 1.607465e-01
3.232000e-01 1.521858e-01
3.236000e-01 1.448618e-01
3.240000e-01 1.386381e-01
3.244000e-01 1.333961e-01
3.248000e-01 1.290339e-01
3.252000e-01 1.254640e-01
3.256000e-01 1.226111e-01
3.260000e-01 1.204112e-01
3.264000e-01 1.188091e-01
3.268000e-01 1.177581e-01
3.272000e-01 1.172182e-01
3.276000e-01 1.171552e-01
3.280000e-01 1.175400e-01
3.284000e-01 1.183481e-01
3.288000e-01 1.195585e-01
3.292000e-01 1.211532e-01
3.296000e-01 1.231174e-01
3.300000e-01 1.254383e-01
3.304000e-01 1.281051e-01
3.308000e-01 1.311091e-01
3.312000e-01 1.344426e-01
3.316000e-01 1.380995e-01
3.320000e-01 1.420747e-01
3.324000e-01 1.463641e-01
3.328000e-01 1.509645e-01
3.332000e-01 1.558734e-01
3.336000e-01 1.610891e-01
3.340000e-01 1.666107e-01
3.344000e-01 1.724378e-01
3.348000e-01 1.785708e-01
3.352000e-01 1.850111e-01
3.356000e-01 1.917609e-01
3.360000e-01 1.988232e-01
3.364000e-01 2.062025e-01
3.368000e-01 2.139045e-01
3.372000e-01 2.219366e-01
3.376000e-01 2.303083e-01
3.380000e-01 2.390311e-01
3.384000e-01 2.481197e-01
3.388000e-01 2.575917e-01
3.392000e-01 2.674691e-01
3.396000e-01 2.777784e-01
3.400000e-01 2.885520e-01
3.404000e-01 2.998296e-01
3.408000e-01 3.116592e-01
3.412000e-01 3.240992e-01
3.416000e-01 3.372210e-01
3.420000e-01 3.511114e-01
3.424000e-01 3.658764e-01
3.428000e-01 3.816450e-01
3.432000e-01 3.985745e-01
3.436000e-01 4.168552e-01
3.440000e-01 4.367157e-01
3.444000e-01 4.584270e-01
3.448000e-01 4.823021e-01
3.452000e-01 5.086878e-01
3.456000e-01 5.379387e-01
3.460000e-01 5.703607e-01
3.464000e-01 6.061026e-01
3.468000e-01 6.449686e-01
3.472000e-01 6.861326e-01
3.476000e-01 7.277761e-01
3.480000e-01 7.667785e-01
3.484000e-01 7.987767e-01
3.488000e-01 8.190314e-01
3.492000e-01 8.242555e-01
3.496000e-01 8.146036e-01
3.500000e-01 7.941269e-01
3.504000e-01 7.687960e-01
3.508000e-01 7.435218e-01
3.512000e-01 7.205488e-01
3.516000e-01 6.998806e-01
3.520000e-01 6.805842e-01
3.524000e-01 6.618032e-01
3.528000e-01 6.431665e-01
3.532000e-01 6.248067e-01
3.536000e-01 6.072357e-01
3.540000e-01 5.912071e-01
3.544000e-01 5.775945e-01
3.548000e-01 5.672840e-01
3.552000e-01 5.610682e-01
3.556000e-01 5.595441e-01
3.560000e-01 5.630212e-01
3.564000e-01 5.714570e-01
3.568000e-01 5.844317e-01
3.572000e-01 6.011726e-01
3.576000e-01 6.206267e-01
3.580000e-01 6.415694e-01
3.584000e-01 6.627299e-01
3.588000e-01 6.829130e-01
3.592000e-01 7.010975e-01
3.596000e-01 7.164998e-01
3.600000e-01 7.286015e-01
3.604000e-01 7.371429e-01
3.608000e-01 7.420919e-01
3.612000e-01 7.435994e-01
3.616000e-01 7.419485e-01
3.620000e-01 7.375066e-01
3.624000e-01 7.306831e-01
3.628000e-01 7.218963e-01
3.632000e-01 7.115495e-01
3.636000e-01 7.000141e-01
3.640000e-01 6.876211e-01
3.644000e-01 6.746565e-01
3.648000e-01 6.613613e-01
3.652000e-01 6.479337e-01
3.656000e-01 6.345328e-01
3.660000e-01 6.212834e-01
3.664000e-01 6.082805e-01
3.668000e-01 5.955944e-01
3.672000e-01 5.832746e-01
3.676000e-01 5.713542e-01
3.680000e-01 5.598531e-01
3.684000e-01 5.487812e-01
3.688000e-01 5.381405e-01
3.692000e-01 5.279278e-01
3.696000e-01 5.181358e-01
3.700000e-01 5.087551e-01
3.704000e-01 4.997748e-01
3.708000e-01 4.911834e-01
3.712000e-01 4.829699e-01
3.716000e-01 4.751236e-01
3.720000e-01 4.676351e-01
3.724000e-01 4.604962e-01
3.728000e-01 4.537000e-01
3.732000e-01 4.472412e-01
3.736000e-01 4.411157e-01
3.740000e-01 4.353212e-01
3.744000e-01 4.298565e-01
3.748000e-01 4.247218e-01
3.752000e-01 4.199184e-01
3.756000e-01 4.154487e-01
3.760000e-01 4.113160e-01
3.764000e-01 4.075244e-01
3.768000e-01 4.040784e-01
3.772000e-01 4.009833e-01
3.776000e-01 3.982442e-01
3.780000e-01 3.958667e-01
3.784000e-01 3.938559e-01
3.788000e-01 3.922168e-01
3.792000e-01 3.909538e-01
3.796000e-01 3.900702e-01
3.800000e-01 3.895683e-01
3.804000e-01 3.894490e-01
3.808000e-01 3.897114e-01
3.812000e-01 3.903521e-01
3.816000e-01 3.913656e-01
3.820000e-01 3.927432e-01
3.824000e-01 3.944728e-01
3.828000e-01 3.965388e-01
3.832000e-01 3.989214e-01
3.836000e-01 4.015964e-01
3.840000e-01 4.045352e-01
3.844000e-01 4.077045e-01
3.848000e-01 4.110664e-01
3.852000e-01 4.145788e-01
3.856000e-01 4.181953e-01
3.860000e-01 4.218665e-01
3.864000e-01 4.255404e-01
3.868000e-01 4.291635e-01
3.872000e-01 4.326818e-01
3.876000e-01 4.360425e-01
3.880000e-01 4.391948e-01
3.884000e-01 4.420918e-01
3.888000e-01 4.446913e-01
3.892000e-01 4.469569e-01
3.896000e-01 4.488594e-01
3.900000e-01 4.503768e-01
3.904000e-01 4.514953e-01
3.908000e-01 4.522087e-01
3.912000e-01 4.525189e-01
3.916000e-01 4.524351e-01
3.920000e-01 4.519734e-01
3.924000e-01 4.511559e-01
3.928000e-01 4.500097e-01
3.932000e-01 4.485664e-01
3.936000e-01 4.468610e-01
3.940000e-01 4.449306e-01
3.944000e-01 4.428143e-01
3.948000e-01 4.405515e-01
3.952000e-01 4.381823e-01
3.956000e-01 4.357459e-01
3.960000e-01 4.332807e-01
3.964000e-01 4.308239e-01
3.968000e-01 4.284113e-01
3.972000e-01 4.260768e-01
3.976000e-01 4.238528e-01
3.980000e-01 4.217699e-01
3.984000e-01 4.198573e-01
3.988000e-01 4.181424e-01
3.992000e-01 4.166516e-01
3.996000e-01 4.154102e-01
4.000000e-01 4.144426e-01
4.004000e-01 4.137728e-01
4.008000e-01 4.134246e-01
4.012000e-01 4.134215e-01
4.016000e-01 4.137879e-01
4.020000e-01 4.145485e-01
4.024000e-01 4.157290e-01
4.028000e-01 4.173567e-01
4.032000e-01 4.194603e-01
4.036000e-01 4.220706e-01
4.040000e-01 4.252207e-01
4.044000e-01 4.289461e-01
4.048000e-01 4.332856e-01
4.052000e-01 4.382806e-01
4.056000e-01 4.439759e-01
4.060000e-01 4.504195e-01
4.064000e-01 4.576626e-01
4.068000e-01 4.657589e-01
4.072000e-01 4.747637e-01
4.076000e-01 4.847330e-01
4.080000e-01 4.957207e-01
4.084000e-01 5.077760e-01
4.088000e-01 5.209381e-01
4.092000e-01 5.352298e-01
4.096000e-01 5.506481e-01
4.100000e-01 5.671519e-01
4.104000e-01 5.846454e-01
4.108000e-01 6.029577e-01
4.112000e-01 6.218180e-01
4.116000e-01 6.408293e-01
4.120000e-01 6.594439e-01
4.124000e-01 6.769492e-01
4.128000e-01 6.924794e-01
4.132000e-01 7.050707e-01
4.136000e-01 7.137863e-01
4.140000e-01 7.179227e-01
4.144000e-01 7.172880e-01
4.148000e-01 7.124833e-01
4.152000e-01 7.050566e-01
4.156000e-01 6.973651e-01
4.160000e-01 6.920570e-01
4.164000e-01 6.912767e-01
4.168000e-01 6.959236e-01
4.172000e-01 7.053424e-01
4.176000e-01 7.176122e-01
4.180000e-01 7.302619e-01
4.184000e-01 7.410355e-01
4.188000e-01 7.483971e-01
4.192000e-01 7.516768e-01
4.196000e-01 7.509437e-01
4.200000e-01 7.467560e-01
4.204000e-01 7.399106e-01
4.208000e-01 7.312515e-01
4.212000e-01 7.215533e-01
4.216000e-01 7.114647e-01
4.220000e-01 7.014933e-01
4.224000e-01 6.920143e-01
4.228000e-01 6.832896e-01
4.232000e-01 6.754900e-01
4.236000e-01 6.687161e-01
4.240000e-01 6.630166e-01
4.244000e-01 6.584022e-01
4.248000e-01 6.548578e-01
4.252000e-01 6.523503e-01
4.256000e-01 6.508352e-01
4.260000e-01 6.502610e-01
4.264000e-01 6.505726e-01
4.268000e-01 6.517131e-01
4.272000e-01 6.536260e-01
4.276000e-01 6.562553e-01
4.280000e-01 6.595472e-01
4.284000e-01 6.634496e-01
4.288000e-01 6.679130e-01
4.292000e-01 6.728904e-01
4.296000e-01 6.783376e-01
4.300000e-01 6.842130e-01
4.304000e-01 6.904780e-01
4.308000e-01 6.970966e-01
4.312000e-01 7.040361e-01
4.316000e-01 7.112668e-01
4.320000e-01 7.187620e-01
4.324000e-01 7.264982e-01
4.328000e-01 7.344551e-01
4.332000e-01 7.426159e-01
4.336000e-01 7.509668e-01
4.340000e-01 7.594974e-01
4.344000e-01 7.682007e-01
4.348000e-01 7.770724e-01
4.352000e-01 7.861118e-01
4.356000e-01 7.953205e-01
4.360000e-01 8.047028e-01
4.364000e-01 8.142652e-01
4.368000e-01 8.240158e-01
4.372000e-01 8.339641e-01
4.376000e-01 8.441198e-01
4.380000e-01 8.544925e-01
4.384000e-01 8.650902e-01
4.388000e-01 8.759184e-01
4.392000e-01 8.869785e-01
4.396000e-01 8.982659e-01
4.400000e-01 9.097679e-01
4.404000e-01 9.214608e-01
4.408000e-01 9.333071e-01
4.412000e-01 9.452511e-01
4.416000e-01 9.572151e-01
4.420000e-01 9.690937e-01
4.424000e-01 9.807477e-01
4.428000e-01 9.919980e-01
4.432000e-01 1.002618e+00
4.436000e-01 1.012327e+00
4.440000e-01 1.020782e+00
4.444000e-01 1.027576e+00
4.448000e-01 1.032231e+00
4.452000e-01 1.034205e+00
4.456000e-01 1.032903e+00
4.460000e-01 1.027697e+00
4.464000e-01 1.017964e+00
4.468000e-01 1.003140e+00
4.472000e-01 9.827962e-01
4.476000e-01 9.567297e-01
4.480000e-01 9.250658e-01
4.484000e-01 8.883599e-01
4.488000e-01 8.476745e-01
4.492000e-01 8.046066e-01
4.496000e-01 7.612391e-01
4.500000e-01 7.199987e-01
4.504000e-01 6.834221e-01
4.508000e-01 6.538587e-01
4.512000e-01 6.331632e-01
4.516000e-01 6.224430e-01
4.520000e-01 6.219184e-01
4.524000e-01 6.309277e-01
4.528000e-01 6.480687e-01
4.532000e-01 6.714366e-01
4.536000e-01 6.989009e-01
4.540000e-01 7.283611e-01
4.544000e-01 7.579456e-01
4.548000e-01 7.861324e-01
4.552000e-01 8.117969e-01
4.556000e-01 8.342017e-01
4.560000e-01 8.529482e-01
4.564000e-01 8.679098e-01
4.568000e-01 8.791609e-01
4.572000e-01 8.869121e-01
4.576000e-01 8.914555e-01
4.580000e-01 8.931222e-01
4.584000e-01 8.922514e-01
4.588000e-01 8.891693e-01
4.592000e-01 8.841762e-01
4.596000e-01 8.775395e-01
4.600000e-01 8.694905e-01
4.604000e-01 8.602249e-01
4.608000e-01 8.499044e-01
4.612000e-01 8.386600e-01
4.616000e-01 8.265956e-01
4.620000e-01 8.137921e-01
4.624000e-01 8.003111e-01
4.628000e-01 7.861995e-01
4.632000e-01 7.714928e-01
4.636000e-01 7.562191e-01
4.640000e-01 7.404029e-01
4.644000e-01 7.240679e-01
4.648000e-01 7.072411e-01
4.652000e-01 6.899548e-01
4.656000e-01 6.722500e-01
4.660000e-01 6.541780e-01
4.664000e-01 6.358025e-01
4.668000e-01 6.172003e-01
4.672000e-01 5.984619e-01
4.676000e-01 5.796905e-01
4.680000e-01 5.610011e-01
4.684000e-01 5.425174e-01
4.688000e-01 5.243693e-01
4.692000e-01 5.066882e-01
4.696000e-01 4.896031e-01
4.700000e-01 4.732352e-01
4.704000e-01 4.576934e-01
4.708000e-01 4.430702e-01
4.712000e-01 4.294372e-01
4.716000e-01 4.168431e-01
4.720000e-01 4.053115e-01
4.724000e-01 3.948412e-01
4.728000e-01 3.854065e-01
4.732000e-01 3.769601e-01
4.736000e-01 3.694360e-01
4.740000e-01 3.627535e-01
4.744000e-01 3.568224e-01
4.748000e-01 3.515478e-01
4.752000e-01 3.468354e-01
4.756000e-01 3.425968e-01
4.760000e-01 3.387546e-01
4.764000e-01 3.352475e-01
4.768000e-01 3.320348e-01
4.772000e-01 3.291009e-01
4.776000e-01 3.264597e-01
4.780000e-01 3.241585e-01
4.784000e-01 3.222817e-01
4.788000e-01 3.209542e-01
4.792000e-01 3.203440e-01
4.796000e-01 3.206639e-01
4.800000e-01 3.221714e-01
4.804000e-01 3.251672e-01
4.808000e-01 3.299900e-01
4.812000e-01 3.370081e-01
4.816000e-01 3.466060e-01
4.820000e-01 3.591664e-01
4.824000e-01 3.750464e-01
4.828000e-01 3.945481e-01
4.832000e-01 4.178858e-01
4.836000e-01 4.451510e-01
4.840000e-01 4.762778e-01
4.844000e-01 5.110148e-01
4.848000e-01 5.489061e-01
4.852000e-01 5.892867e-01
4.856000e-01 6.312969e-01
4.860000e-01 6.739157e-01
4.864000e-01 7.160147e-01
4.868000e-01 7.564294e-01
4.872000e-01 7.940439e-01
4.876000e-01 8.278896e-01
4.880000e-01 8.572773e-01
4.884000e-01 8.822127e-01
4.888000e-01 9.118810e-01
4.892000e-01 9.289771e-01
4.896000e-01 9.387432e-01
4.900000e-01 9.429440e-01
4.904000e-01 9.428997e-01
4.908000e-01 9.396443e-01
4.912000e-01 9.338586e-01
4.916000e-01 9.258877e-01
4.920000e-01 9.158890e-01
4.924000e-01 9.040364e-01
4.928000e-01 8.906585e-01
4.932000e-01 8.762412e-01
4.936000e-01 8.613233e-01
4.940000e-01 8.463748e-01
4.944000e-01 8.317250e-01
4.948000e-01 8.175558e-01
4.952000e-01 8.039373e-01
4.956000e-01 7.908741e-01
4.960000e-01 7.783444e-01
4.964000e-01 7.663244e-01
4.968000e-01 7.547996e-01
4.972000e-01 7.437674e-01
4.976000e-01 7.332352e-01
4.980000e-01 7.232165e-01
4.984000e-01 7.137274e-01
4.988000e-01 7.047834e-01
4.992000e-01 6.963969e-01
4.996000e-01 6.885764e-01
5.000000e-01 6.813253e-01
5.004000e-01 6.746418e-01
5.008000e-01 6.685192e-01
5.012000e-01 6.629456e-01
5.016000e-01 6.579049e-01
5.020000e-01 6.533763e-01
5.024000e-01 6.493353e-01
5.028000e-01 6.457537e-01
5.032000e-01 6.425996e-01
5.036000e-01 6.398375e-01
5.040000e-01 6.374287e-01
5.044000e-01 6.353306e-01
5.048000e-01 6.334971e-01
5.052000e-01 6.318783e-01
5.056000e-01 6.304200e-01
5.060000e-01 6.290637e-01
5.064000e-01 6.277465e-01
5.068000e-01 6.264003e-01
5.072000e-01 6.249520e-01
5.076000e-01 6.233233e-01
5.080000e-01 6.214302e-01
5.084000e-01 6.191837e-01
5.088000e-01 6.164896e-01
5.092000e-01 6.132489e-01
5.096000e-01 6.093590e-01
5.100000e-01 6.047146e-01
5.104000e-01 5.992093e-01
5.108000e-01 5.927378e-01
5.112000e-01 5.851989e-01
5.116000e-01 5.764986e-01
5.120000e-01 5.665545e-01
5.124000e-01 5.553009e-01
5.128000e-01 5.426939e-01
5.132000e-01 5.287178e-01
5.136000e-01 5.133919e-01
5.140000e-01 4.967765e-01
5.144000e-01 4.789789e-01
5.148000e-01 4.601592e-01
5.152000e-01 4.405331e-01
5.156000e-01 4.203731e-01
5.160000e-01 4.000067e-01
5.164000e-01 3.798107e-01
5.168000e-01 3.602015e-01
5.172000e-01 3.416215e-01
5.176000e-01 3.245210e-01
5.180000e-01 3.093381e-01
5.184000e-01 2.964766e-01
5.188000e-01 2.862835e-01
5.192000e-01 2.790294e-01
5.196000e-01 2.748920e-01
5.200000e-01 2.739455e-01
5.204000e-01 2.761569e-01
5.208000e-01 2.813891e-01
5.212000e-01 2.894106e-01
5.216000e-01 2.999117e-01
5.220000e-01 3.125236e-01
5.224000e-01 3.268410e-01
5.228000e-01 3.424437e-01
5.232000e-01 3.589175e-01
5.236000e-01 3.758722e-01
5.240000e-01 3.929548e-01
5.244000e-01 4.098599e-01
5.248000e-01 4.263351e-01
5.252000e-01 4.421831e-01
5.256000e-01 4.572604e-01
5.260000e-01 4.714740e-01
5.264000e-01 4.847764e-01
5.268000e-01 4.971601e-01
5.272000e-01 5.086510e-01
5.276000e-01 5.193024e-01
5.280000e-01 5.291893e-01
5.284000e-01 5.384024e-01
5.288000e-01 5.470424e-01
5.292000e-01 5.552137e-01
5.296000e-01 5.630168e-01
5.300000e-01 5.705389e-01
5.304000e-01 5.778425e-01
5.308000e-01 5.849515e-01
5.312000e-01 5.918363e-01
5.316000e-01 5.983996e-01
5.320000e-01 6.044662e-01
5.324000e-01 6.097816e-01
5.328000e-01 6.140224e-01
5.332000e-01 6.168205e-01
5.336000e-01 6.178005e-01
5.340000e-01 6.166245e-01
5.344000e-01 6.130360e-01
5.348000e-01 6.068956e-01
5.352000e-01 5.981993e-01
5.356000e-01 5.870794e-01
5.360000e-01 5.737862e-01
5.364000e-01 5.586582e-01
5.368000e-01 5.420868e-01
5.372000e-01 5.244809e-01
5.376000e-01 5.062371e-01
5.380000e-01 4.877184e-01
5.384000e-01 4.692397e-01
5.388000e-01 4.510622e-01
5.392000e-01 4.333925e-01
5.396000e-01 4.163863e-01
5.400000e-01 4.001541e-01
5.404000e-01 3.847680e-01
5.408000e-01 3.702690e-01
5.412000e-01 3.566733e-01
5.416000e-01 3.439784e-01
5.420000e-01 3.321679e-01
5.424000e-01 3.212160e-01
5.428000e-01 3.110900e-01
5.432000e-01 3.017537e-01
5.436000e-01 2.931690e-01
5.440000e-01 2.852971e-01
5.444000e-01 2.781001e-01
5.448000e-01 2.715414e-01
5.452000e-01 2.655860e-01
5.456000e-01 2.602015e-01
5.460000e-01 2.553576e-01
5.464000e-01 2.510267e-01
5.468000e-01 2.471834e-01
5.472000e-01 2.438050e-01
5.476000e-01 2.408713e-01
5.480000e-01 2.383640e-01
5.484000e-01 2.362675e-01
5.488000e-01 2.345680e-01
5.492000e-01 2.332539e-01
5.496000e-01 2.323157e-01
5.500000e-01 2.317454e-01
5.504000e-01 2.315372e-01
5.508000e-01 2.316867e-01
5.512000e-01 2.321913e-01
5.516000e-01 2.330501e-01
5.520000e-01 2.342636e-01
5.524000e-01 2.358340e-01
5.528000e-01 2.377649e-01
5.532000e-01 2.400613e-01
5.536000e-01 2.427299e-01
5.540000e-01 2.457786e-01
5.544000e-01 2.492167e-01
5.548000e-01 2.530551e-01
5.552000e-01 2.573059e-01
5.556000e-01 2.619826e-01
5.560000e-01 2.670999e-01
5.564000e-01 2.726739e-01
5.568000e-01 2.787216e-01
5.572000e-01 2.852614e-01
5.576000e-01 2.923121e-01
5.580000e-01 2.998936e-01
5.584000e-01 3.080260e-01
5.588000e-01 3.167297e-01
5.592000e-01 3.260245e-01
5.596000e-01 3.359298e-01
5.600000e-01 3.464629e-01
5.604000e-01 3.576393e-01
5.608000e-01 3.694707e-01
5.612000e-01 3.819643e-01
5.616000e-01 3.951209e-01
5.620000e-01 4.089330e-01
5.624000e-01 4.233827e-01
5.628000e-01 4.384384e-01
5.632000e-01 4.540520e-01
5.636000e-01 4.701541e-01
5.640000e-01 4.866500e-01
5.644000e-01 5.034137e-01
5.648000e-01 5.202819e-01
5.652000e-01 5.370467e-01
5.656000e-01 5.534482e-01
5.660000e-01 5.691664e-01
5.664000e-01 5.838132e-01
5.668000e-01 5.969255e-01
5.672000e-01 6.079604e-01
5.676000e-01 6.162948e-01
5.680000e-01 6.212320e-01
5.684000e-01 6.220189e-01
5.688000e-01 6.178801e-01
5.692000e-01 6.080743e-01
5.696000e-01 5.919816e-01
5.700000e-01 5.692274e-01
5.704000e-01 5.398474e-01
5.708000e-01 5.044874e-01
5.712000e-01 4.646173e-01
5.716000e-01 4.227103e-01
5.720000e-01 3.823089e-01
5.724000e-01 3.478707e-01
5.728000e-01 3.242930e-01
5.732000e-01 3.160804e-01
5.736000e-01 3.262665e-01
5.740000e-01 3.553897e-01
5.744000e-01 4.009486e-01
5.748000e-01 4.576782e-01
5.752000e-01 5.186712e-01
5.756000e-01 5.769628e-01
5.760000e-01 6.269770e-01
5.764000e-01 6.653507e-01
5.768000e-01 6.910004e-01
5.772000e-01 7.046311e-01
5.776000e-01 7.080202e-01
5.780000e-01 7.033597e-01
5.784000e-01 6.927938e-01
5.788000e-01 6.781708e-01
5.792000e-01 6.609585e-01
5.796000e-01 6.422582e-01
5.800000e-01 6.228643e-01
5.804000e-01 6.033348e-01
5.808000e-01 5.840547e-01
5.812000e-01 5.652875e-01
5.816000e-01 5.472118e-01
5.820000e-01 5.299482e-01
5.824000e-01 5.135763e-01
5.828000e-01 4.981468e-01
5.832000e-01 4.836892e-01
5.836000e-01 4.702172e-01
5.840000e-01 4.577323e-01
5.844000e-01 4.462266e-01
5.848000e-01 4.356851e-01
5.852000e-01 4.260873e-01
5.856000e-01 4.174090e-01
5.860000e-01 4.096232e-01
5.864000e-01 4.027010e-01
5.868000e-01 3.966130e-01
5.872000e-01 3.913297e-01
5.876000e-01 3.868217e-01
5.880000e-01 3.830609e-01
5.884000e-01 3.800199e-01
5.888000e-01 3.776731e-01
5.892000e-01 3.759958e-01
5.896000e-01 3.749653e-01
5.900000e-01 3.745599e-01
5.904000e-01 3.747598e-01
5.908000e-01 3.755460e-01
5.912000e-01 3.769009e-01
5.916000e-01 3.788078e-01
5.920000e-01 3.812510e-01
5.924000e-01 3.842151e-01
5.928000e-01 3.876853e-01
5.932000e-01 3.916470e-01
5.936000e-01 3.960855e-01
5.940000e-01 4.009859e-01
5.944000e-01 4.063325e-01
5.948000e-01 4.121093e-01
5.952000e-01 4.182988e-01
5.956000e-01 4.248826e-01
5.960000e-01 4.318404e-01
5.964000e-01 4.391503e-01
5.968000e-01 4.467885e-01
5.972000e-01 4.547286e-01
5.976000e-01 4.629420e-01
5.980000e-01 4.713975e-01
5.984000e-01 4.800609e-01
5.988000e-01 4.888955e-01
5.992000e-01 4.978619e-01
5.996000e-01 5.069177e-01
6.000000e-01 5.160184e-01
6.004000e-01 5.251173e-01
6.008000e-01 5.341661e-01
6.012000e-01 5.431151e-01
6.016000e-01 5.519145e-01
6.020000e-01 5.605145e-01
6.024000e-01 5.688668e-01
6.028000e-01 5.769249e-01
6.032000e-01 5.846457e-01
6.036000e-01 5.919900e-01
6.040000e-01 5.989239e-01
6.044000e-01 6.054191e-01
6.048000e-01 6.114543e-01
6.052000e-01 6.170150e-01
6.056000e-01 6.220946e-01
6.060000e-01 6.266939e-01
6.064000e-01 6.308212e-01
6.068000e-01 6.344916e-01
6.072000e-01 6.377266e-01
6.076000e-01 6.405528e-01
6.080000e-01 6.430010e-01
6.084000e-01 6.451048e-01
6.088000e-01 6.468992e-01
6.092000e-01 6.484194e-01
6.096000e-01 6.496994e-01
6.100000e-01 6.507712e-01
6.104000e-01 6.516635e-01
6.108000e-01 6.524012e-01
6.112000e-01 6.530049e-01
6.116000e-01 6.534908e-01
6.120000e-01 6.538703e-01
6.124000e-01 6.541511e-01
6.128000e-01 6.543367e-01
6.132000e-01 6.544272e-01
6.136000e-01 6.544205e-01
6.140000e-01 6.543120e-01
6.144000e-01 6.540959e-01
6.148000e-01 6.537659e-01
6.152000e-01 6.533153e-01
6.156000e-01 6.527380e-01
6.160000e-01 6.520288e-01
6.164000e-01 6.511838e-01
6.168000e-01 6.502006e-01
6.172000e-01 6.490788e-01
6.176000e-01 6.478201e-01
6.180000e-01 6.464282e-01
6.184000e-01 6.449094e-01
6.188000e-01 6.432722e-01
6.192000e-01 6.415278e-01
6.196000e-01 6.396899e-01
6.200000e-01 6.377748e-01
6.204000e-01 6.358017e-01
6.208000e-01 6.337925e-01
6.212000e-01 6.317719e-01
6.216000e-01 6.297676e-01
6.220000e-01 6.278101e-01
6.224000e-01 6.259331e-01
6.228000e-01 6.241730e-01
6.232000e-01 6.225691e-01
6.236000e-01 6.211632e-01
6.240000e-01 6.199995e-01
6.244000e-01 6.191243e-01
6.248000e-01 6.185852e-01
6.252000e-01 6.184306e-01
6.256000e-01 6.187090e-01
6.260000e-01 6.194682e-01
6.264000e-01 6.207539e-01
6.268000e-01 6.226093e-01
6.272000e-01 6.250730e-01
6.276000e-01 6.281790e-01
6.280000e-01 6.319546e-01
6.284000e-01 6.364198e-01
6.288000e-01 6.415865e-01
6.292000e-01 6.474576e-01
6.296000e-01 6.540268e-01
6.300000e-01 6.612785e-01
6.304000e-01 6.691877e-01
6.308000e-01 6.777211e-01
6.312000e-01 6.868375e-01
6.316000e-01 6.964895e-01
6.320000e-01 7.066244e-01
6.324000e-01 7.171861e-01
6.328000e-01 7.281168e-01
6.332000e-01 7.393584e-01
6.336000e-01 7.508546e-01
6.340000e-01 7.625517e-01
6.344000e-01 7.744000e-01
6.348000e-01 7.863545e-01
6.352000e-01 7.983754e-01
6.356000e-01 8.104277e-01
6.360000e-01 8.224808e-01
6.364000e-01 8.345076e-01
6.368000e-01 8.464827e-01
6.372000e-01 8.583803e-01
6.376000e-01 8.701721e-01
6.380000e-01 8.818243e-01
6.384000e-01 8.932945e-01
6.388000e-01 9.045283e-01
6.392000e-01 9.154561e-01
6.396000e-01 9.259895e-01
6.400000e-01 9.360189e-01
6.404000e-01 9.454112e-01
6.408000e-01 9.540088e-01
6.412000e-01 9.616305e-01
6.416000e-01 9.680736e-01
6.420000e-01 9.731196e-01
6.424000e-01 9.765426e-01
6.428000e-01 9.781198e-01
6.432000e-01 9.776463e-01
6.436000e-01 9.749513e-01
6.440000e-01 9.699159e-01
6.444000e-01 9.624904e-01
6.448000e-01 9.527090e-01
6.452000e-01 9.406996e-01
6.456000e-01 9.266873e-01
6.460000e-01 9.109889e-01
6.464000e-01 8.939989e-01
6.468000e-01 8.761683e-01
6.472000e-01 8.579764e-01
6.476000e-01 8.399010e-01
6.480000e-01 8.223886e-01
6.484000e-01 8.058293e-01
6.488000e-01 7.905380e-01
6.492000e-01 7.767439e-01
6.496000e-01 7.645881e-01
6.500000e-01 7.541283e-01
6.504000e-01 7.453496e-01
6.508000e-01 7.381778e-01
6.512000e-01 7.324950e-01
6.516000e-01 7.281543e-01
6.520000e-01 7.249935e-01
6.524000e-01 7.228462e-01
6.528000e-01 7.215505e-01
6.532000e-01 7.209548e-01
6.536000e-01 7.209226e-01
6.540000e-01 7.213333e-01
6.544000e-01 7.220842e-01
6.548000e-01 7.230888e-01
6.552000e-01 7.242768e-01
6.556000e-01 7.255915e-01
6.560000e-01 7.269891e-01
6.564000e-01 7.284362e-01
6.568000e-01 7.299083e-01
6.572000e-01 7.313884e-01
6.576000e-01 7.328654e-01
6.580000e-01 7.343330e-01
6.584000e-01 7.357886e-01
6.588000e-01 7.372322e-01
6.592000e-01 7.386663e-01
6.596000e-01 7.400944e-01
6.600000e-01 7.415215e-01
6.604000e-01 7.429528e-01
6.608000e-01 7.443941e-01
6.612000e-01 7.458514e-01
6.616000e-01 7.473303e-01
6.620000e-01 7.488365e-01
6.624000e-01 7.503754e-01
6.628000e-01 7.519520e-01
6.632000e-01 7.535709e-01
6.636000e-01 7.552365e-01
6.640000e-01 7.569526e-01
6.644000e-01 7.587229e-01
6.648000e-01 7.605506e-01
6.652000e-01 7.624387e-01
6.656000e-01 7.643900e-01
6.660000e-01 7.664070e-01
6.664000e-01 7.684924e-01
6.668000e-01 7.706489e-01
6.672000e-01 7.728791e-01
6.676000e-01 7.751865e-01
6.680000e-01 7.775747e-01
6.684000e-01 7.800486e-01
6.688000e-01 7.826140e-01
6.692000e-01 7.852788e-01
6.696000e-01 7.880528e-01
6.700000e-01 7.909492e-01
6.704000e-01 7.939852e-01
6.708000e-01 7.971836e-01
6.712000e-01 8.005741e-01
6.716000e-01 8.041957e-01
6.720000e-01 8.080994e-01
6.724000e-01 8.123515e-01
6.728000e-01 8.170370e-01
6.732000e-01 8.222639e-01
6.736000e-01 8.281668e-01
6.740000e-01 8.349077e-01
6.744000e-01 8.426719e-01
6.748000e-01 8.516526e-01
6.752000e-01 8.620145e-01
6.756000e-01 8.738235e-01
6.760000e-01 8.869270e-01
6.764000e-01 9.007796e-01
6.768000e-01 9.142415e-01
6.772000e-01 9.254497e-01
6.776000e-01 9.319576e-01
6.780000e-01 9.313642e-01
6.784000e-01 9.224383e-01
6.788000e-01 9.062410e-01
6.792000e-01 8.863641e-01
6.796000e-01 8.677895e-01
6.800000e-01 8.549617e-01
6.804000e-01 8.503203e-01
6.808000e-01 8.540219e-01
6.812000e-01 8.646049e-01
6.816000e-01 8.799074e-01
6.820000e-01 8.977515e-01
6.824000e-01 9.162732e-01
6.828000e-01 9.339878e-01
6.832000e-01 9.497203e-01
6.836000e-01 9.624960e-01
6.840000e-01 9.714387e-01
6.844000e-01 9.756999e-01
6.848000e-01 9.744242e-01
6.852000e-01 9.667565e-01
6.856000e-01 9.518918e-01
6.860000e-01 9.291699e-01
6.864000e-01 8.982112e-01
6.868000e-01 8.590848e-01
6.872000e-01 8.124833e-01
6.876000e-01 7.598660e-01
6.880000e-01 7.035181e-01
6.884000e-01 6.464716e-01
6.888000e-01 5.922629e-01
6.892000e-01 5.445426e-01
6.896000e-01 5.065887e-01
6.900000e-01 4.806977e-01
6.904000e-01 4.858881e-01
6.908000e-01 5.063115e-01
6.912000e-01 5.286244e-01
6.916000e-01 5.575882e-01
6.920000e-01 5.931021e-01
6.924000e-01 6.336645e-01
6.928000e-01 6.771049e-01
6.932000e-01 7.210218e-01
6.936000e-01 7.631235e-01
6.940000e-01 8.014777e-01
6.944000e-01 8.346596e-01
6.948000e-01 8.618014e-01
6.952000e-01 8.825598e-01
6.956000e-01 8.970304e-01
6.960000e-01 9.056366e-01
6.964000e-01 9.090156e-01
6.968000e-01 9.079178e-01
6.972000e-01 9.031262e-01
6.976000e-01 8.953985e-01
6.980000e-01 8.854302e-01
6.984000e-01 8.738337e-01
6.988000e-01 8.611305e-01
6.992000e-01 8.477520e-01
6.996000e-01 8.340454e-01
7.000000e-01 8.202831e-01
7.004000e-01 8.066722e-01
7.008000e-01 7.933655e-01
7.012000e-01 7.804707e-01
7.016000e-01 7.680589e-01
7.020000e-01 7.561722e-01
7.024000e-01 7.448304e-01
7.028000e-01 7.340357e-01
7.032000e-01 7.237771e-01
7.036000e-01 7.140343e-01
7.040000e-01 7.047800e-01
7.044000e-01 6.959823e-01
7.048000e-01 6.876063e-01
7.052000e-01 6.796155e-01
7.056000e-01 6.719727e-01
7.060000e-01 6.646409e-01
7.064000e-01 6.575834e-01
7.068000e-01 6.507651e-01
7.072000e-01 6.441518e-01
7.076000e-01 6.377111e-01
7.080000e-01 6.314124e-01
7.084000e-01 6.252268e-01
7.088000e-01 6.191276e-01
7.092000e-01 6.130903e-01
7.096000e-01 6.070926e-01
7.100000e-01 6.011146e-01
7.104000e-01 5.951392e-01
7.108000e-01 5.891518e-01
7.112000e-01 5.831410e-01
7.116000e-01 5.770984e-01
7.120000e-01 5.710190e-01
7.124000e-01 5.649014e-01
7.128000e-01 5.587479e-01
7.132000e-01 5.525649e-01
7.136000e-01 5.463627e-01
7.140000e-01 5.401561e-01
7.144000e-01 5.339641e-01
7.148000e-01 5.278103e-01
7.152000e-01 5.217229e-01
7.156000e-01 5.157344e-01
7.160000e-01 5.098820e-01
7.164000e-01 5.042076e-01
7.168000e-01 4.987571e-01
7.172000e-01 4.935810e-01
7.176000e-01 4.887339e-01
7.180000e-01 4.842740e-01
7.184000e-01 4.802636e-01
7.188000e-01 4.767680e-01
7.192000e-01 4.738553e-01
7.196000e-01 4.715960e-01
7.200000e-01 4.700620e-01
7.204000e-01 4.693257e-01
7.208000e-01 4.694587e-01
7.212000e-01 4.705302e-01
7.216000e-01 4.726044e-01
7.220000e-01 4.757383e-01
7.224000e-01 4.799776e-01
7.228000e-01 4.853527e-01
7.232000e-01 4.918733e-01
7.236000e-01 4.995217e-01
7.240000e-01 5.082457e-01
7.244000e-01 5.179505e-01
7.248000e-01 5.284898e-01
7.252000e-01 5.396577e-01
7.256000e-01 5.511818e-01
7.260000e-01 5.627195e-01
7.264000e-01 5.738591e-01
7.268000e-01 5.841290e-01
7.272000e-01 5.930172e-01
7.276000e-01 6.000022e-01
7.280000e-01 6.045984e-01
7.284000e-01 6.064106e-01
7.288000e-01 6.051960e-01
7.292000e-01 6.009221e-01
7.296000e-01 5.938091e-01
7.300000e-01 5.843448e-01
7.304000e-01 5.732609e-01
7.308000e-01 5.614687e-01
7.312000e-01 5.499609e-01
7.316000e-01 5.396952e-01
7.320000e-01 5.314827e-01
7.324000e-01 5.259022e-01
7.328000e-01 5.232542e-01
7.332000e-01 5.235611e-01
7.336000e-01 5.266057e-01
7.340000e-01 5.319944e-01
7.344000e-01 5.392312e-01
7.348000e-01 5.477865e-01
7.352000e-01 5.571532e-01
7.356000e-01 5.668852e-01
7.360000e-01 5.766190e-01
7.364000e-01 5.860801e-01
7.368000e-01 5.950796e-01
7.372000e-01 6.035036e-01
7.376000e-01 6.113001e-01
7.380000e-01 6.184642e-01
7.384000e-01 6.250245e-01
7.388000e-01 6.310313e-01
7.392000e-01 6.365461e-01
7.396000e-01 6.416334e-01
7.400000e-01 6.463547e-01
7.404000e-01 6.507630e-01
7.408000e-01 6.548992e-01
7.412000e-01 6.587893e-01
7.416000e-01 6.624421e-01
7.420000e-01 6.658477e-01
7.424000e-01 6.689761e-01
7.428000e-01 6.717761e-01
7.432000e-01 6.741753e-01
7.436000e-01 6.760792e-01
7.440000e-01 6.773719e-01
7.444000e-01 6.779165e-01
7.448000e-01 6.775571e-01
7.452000e-01 6.761208e-01
7.456000e-01 6.734215e-01
7.460000e-01 6.692651e-01
7.464000e-01 6.634552e-01
7.468000e-01 6.558020e-01
7.472000e-01 6.461312e-01
7.476000e-01 6.342955e-01
7.480000e-01 6.201867e-01
7.484000e-01 6.037484e-01
7.488000e-01 5.849893e-01
7.492000e-01 5.639935e-01
7.496000e-01 5.409310e-01
7.500000e-01 5.160619e-01
7.504000e-01 4.897382e-01
7.508000e-01 4.623984e-01
7.512000e-01 4.345564e-01
7.516000e-01 4.067846e-01
7.520000e-01 3.796911e-01
7.524000e-01 3.538931e-01
7.528000e-01 3.299885e-01
7.532000e-01 3.085277e-01
7.536000e-01 2.899875e-01
7.540000e-01 2.747506e-01
7.544000e-01 2.630913e-01
7.548000e-01 2.551675e-01
7.552000e-01 2.510218e-01
7.556000e-01 2.505877e-01
7.560000e-01 2.537027e-01
7.564000e-01 2.601243e-01
7.568000e-01 2.695494e-01
7.572000e-01 2.816328e-01
7.576000e-01 2.960067e-01
7.580000e-01 3.122971e-01
7.584000e-01 3.301376e-01
7.588000e-01 3.491813e-01
7.592000e-01 3.691087e-01
7.596000e-01 3.896331e-01
7.600000e-01 4.105038e-01
7.604000e-01 4.315070e-01
7.608000e-01 4.524650e-01
7.612000e-01 4.732342e-01
7.616000e-01 4.937028e-01
7.620000e-01 5.137871e-01
7.624000e-01 5.334281e-01
7.628000e-01 5.525884e-01
7.632000e-01 5.712480e-01
7.636000e-01 5.894016e-01
7.640000e-01 6.070554e-01
7.644000e-01 6.242240e-01
7.648000e-01 6.409286e-01
7.652000e-01 6.571937e-01
7.656000e-01 6.730460e-01
7.660000e-01 6.885122e-01
7.664000e-01 7.036172e-01
7.668000e-01 7.183828e-01
7.672000e-01 7.328263e-01
7.676000e-01 7.469595e-01
7.680000e-01 7.607874e-01
7.684000e-01 7.743078e-01
7.688000e-01 7.875101e-01
7.692000e-01 8.003753e-01
7.696000e-01 8.128757e-01
7.700000e-01 8.249753e-01
7.704000e-01 8.366304e-01
7.708000e-01 8.477907e-01
7.712000e-01 8.584005e-01
7.716000e-01 8.684014e-01
7.720000e-01 8.777341e-01
7.724000e-01 8.863414e-01
7.728000e-01 8.941711e-01
7.732000e-01 9.011790e-01
7.736000e-01 9.073314e-01
7.740000e-01 9.126076e-01
7.744000e-01 9.170018e-01
7.748000e-01 9.205241e-01
7.752000e-01 9.232005e-01
7.756000e-01 9.250728e-01
7.760000e-01 9.261971e-01
7.764000e-01 9.266421e-01
7.768000e-01 9.264868e-01
7.772000e-01 9.258179e-01
7.776000e-01 9.247275e-01
7.780000e-01 9.233104e-01
7.784000e-01 9.216623e-01
7.788000e-01 9.198773e-01
7.792000e-01 9.180472e-01
7.796000e-01 9.162596e-01
7.800000e-01 9.145971e-01
7.804000e-01 9.131368e-01
7.808000e-01 9.119496e-01
7.812000e-01 9.110998e-01
7.816000e-01 9.106445e-01
7.820000e-01 9.106331e-01
7.824000e-01 9.111069e-01
7.828000e-01 9.120987e-01
7.832000e-01 9.136315e-01
7.836000e-01 9.157189e-01
7.840000e-01 9.183638e-01
7.844000e-01 9.215586e-01
7.848000e-01 9.252850e-01
7.852000e-01 9.295142e-01
7.856000e-01 9.342074e-01
7.860000e-01 9.393169e-01
7.864000e-01 9.447871e-01
7.868000e-01 9.505564e-01
7.872000e-01 9.565586e-01
7.876000e-01 9.627250e-01
7.880000e-01 9.689862e-01
7.884000e-01 9.752740e-01
7.888000e-01 9.815226e-01
7.892000e-01 9.876704e-01
7.896000e-01 9.936604e-01
7.900000e-01 9.994410e-01
7.904000e-01 1.004966e+00
7.908000e-01 1.010193e+00
7.912000e-01 1.015087e+00
7.916000e-01 1.019611e+00
7.920000e-01 1.023736e+00
7.924000e-01 1.027428e+00
7.928000e-01 1.030655e+00
7.932000e-01 1.033381e+00
7.936000e-01 1.035566e+00
7.940000e-01 1.037163e+00
7.944000e-01 1.038120e+00
7.948000e-01 1.038375e+00
7.952000e-01 1.037855e+00
7.956000e-01 1.036479e+00
7.960000e-01 1.034155e+00
7.964000e-01 1.030781e+00
7.968000e-01 1.026243e+00
7.972000e-01 1.020423e+00
7.976000e-01 1.013195e+00
7.980000e-01 1.004428e+00
7.984000e-01 9.939957e-01
7.988000e-01 9.817762e-01
7.992000e-01 9.676605e-01
7.996000e-01 9.515596e-01
8.000000e-01 9.334133e-01
8.004000e-01 9.131989e-01
8.008000e-01 8.909420e-01
8.012000e-01 8.667257e-01
8.016000e-01 8.407003e-01
8.020000e-01 8.130907e-01
8.024000e-01 7.842019e-01
8.028000e-01 7.544200e-01
8.032000e-01 7.242095e-01
8.036000e-01 6.941048e-01
8.040000e-01 6.646955e-01
8.044000e-01 6.366066e-01
8.048000e-01 6.104732e-01
8.052000e-01 5.869112e-01
8.056000e-01 5.664875e-01
8.060000e-01 5.496895e-01
8.064000e-01 5.368993e-01
8.068000e-01 5.283729e-01
8.072000e-01 5.242279e-01
8.076000e-01 5.244397e-01
8.080000e-01 5.288471e-01
8.084000e-01 5.371660e-01
8.088000e-01 5.490105e-01
8.092000e-01 5.639176e-01
8.096000e-01 5.813747e-01
8.100000e-01 6.008470e-01
8.104000e-01 6.218020e-01
8.108000e-01 6.437312e-01
8.112000e-01 6.661665e-01
8.116000e-01 6.886921e-01
8.120000e-01 7.109516e-01
8.124000e-01 7.326509e-01
8.128000e-01 7.535573e-01
8.132000e-01 7.734966e-01
8.136000e-01 7.923473e-01
8.140000e-01 8.100346e-01
8.144000e-01 8.265234e-01
8.148000e-01 8.418112e-01
8.152000e-01 8.559216e-01
8.156000e-01 8.688982e-01
8.160000e-01 8.807989e-01
8.164000e-01 8.916916e-01
8.168000e-01 9.016499e-01
8.172000e-01 9.107500e-01
8.176000e-01 9.190683e-01
8.180000e-01 9.266791e-01
8.184000e-01 9.336531e-01
8.188000e-01 9.400567e-01
8.192000e-01 9.459506e-01
8.196000e-01 9.513899e-01
8.200000e-01 9.564237e-01
8.204000e-01 9.610949e-01
8.208000e-01 9.654405e-01
8.212000e-01 9.694916e-01
8.216000e-01 9.732740e-01
8.220000e-01 9.768085e-01
8.224000e-01 9.801110e-01
8.228000e-01 9.831936e-01
8.232000e-01 9.860646e-01
8.236000e-01 9.887294e-01
8.240000e-01 9.911913e-01
8.244000e-01 9.934515e-01
8.248000e-01 9.955105e-01
8.252000e-01 9.973685e-01
8.256000e-01 9.990261e-01
8.260000e-01 1.000485e+00
8.264000e-01 1.001749e+00
8.268000e-01 1.002825e+00
8.272000e-01 1.003721e+00
8.276000e-01 1.004452e+00
8.280000e-01 1.005034e+00
8.284000e-01 1.005488e+00
8.288000e-01 1.005839e+00
8.292000e-01 1.006117e+00
8.296000e-01 1.006354e+00
8.300000e-01 1.006582e+00
8.304000e-01 1.006835e+00
8.308000e-01 1.007145e+00
8.312000e-01 1.007539e+00
8.316000e-01 1.008036e+00
8.320000e-01 1.008643e+00
8.324000e-01 1.009355e+00
8.328000e-01 1.010144e+00
8.332000e-01 1.010963e+00
8.336000e-01 1.011737e+00
8.340000e-01 1.012363e+00
8.344000e-01 1.012711e+00
8.348000e-01 1.012623e+00
8.352000e-01 1.011921e+00
8.356000e-01 1.010411e+00
8.360000e-01 1.007904e+00
8.364000e-01 1.004228e+00
8.368000e-01 9.992515e-01
8.372000e-01 9.929086e-01
8.376000e-01 9.852181e-01
8.380000e-01 9.763010e-01
8.384000e-01 9.663866e-01
8.388000e-01 9.558043e-01
8.392000e-01 9.449601e-01
8.396000e-01 9.343010e-01
8.400000e-01 9.242713e-01
8.404000e-01 9.152691e-01
8.408000e-01 9.076111e-01
8.412000e-01 9.015112e-01
8.416000e-01 8.970741e-01
8.420000e-01 8.943027e-01
8.424000e-01 8.931152e-01
8.428000e-01 8.933663e-01
8.432000e-01 8.948690e-01
8.436000e-01 8.974139e-01
8.440000e-01 9.007842e-01
8.444000e-01 9.047676e-01
8.448000e-01 9.091633e-01
8.452000e-01 9.137872e-01
8.456000e-01 9.184744e-01
8.460000e-01 9.230807e-01
8.464000e-01 9.274825e-01
8.468000e-01 9.315771e-01
8.472000e-01 9.352816e-01
8.476000e-01 9.385325e-01
8.480000e-01 9.412844e-01
8.484000e-01 9.435094e-01
8.488000e-01 9.451959e-01
8.492000e-01 9.463478e-01
8.496000e-01 9.469830e-01
8.500000e-01 9.471329e-01
8.504000e-01 9.468406e-01
8.508000e-01 9.461602e-01
8.512000e-01 9.451550e-01
8.516000e-01 9.438964e-01
8.520000e-01 9.424620e-01
8.524000e-01 9.409344e-01
8.528000e-01 9.393991e-01
8.532000e-01 9.379427e-01
8.536000e-01 9.366516e-01
8.540000e-01 9.356095e-01
8.544000e-01 9.348960e-01
8.548000e-01 9.345847e-01
8.552000e-01 9.347415e-01
8.556000e-01 9.354236e-01
8.560000e-01 9.366778e-01
8.564000e-01 9.385394e-01
8.568000e-01 9.410322e-01
8.572000e-01 9.441673e-01
8.576000e-01 9.479436e-01
8.580000e-01 9.523478e-01
8.584000e-01 9.573551e-01
8.588000e-01 9.629301e-01
8.592000e-01 9.690279e-01
8.596000e-01 9.755955e-01
8.600000e-01 9.825735e-01
8.604000e-01 9.898974e-01
8.608000e-01 9.974994e-01
8.612000e-01 1.005310e+00
8.616000e-01 1.013260e+00
8.620000e-01 1.021282e+00
8.624000e-01 1.029310e+00
8.628000e-01 1.037282e+00
8.632000e-01 1.045142e+00
8.636000e-01 1.052839e+00
8.640000e-01 1.060327e+00
8.644000e-01 1.067567e+00
8.648000e-01 1.074526e+00
8.652000e-01 1.081177e+00
8.656000e-01 1.087499e+00
8.660000e-01 1.093477e+00
8.664000e-01 1.099101e+00
8.668000e-01 1.104365e+00
8.672000e-01 1.109268e+00
8.676000e-01 1.113813e+00
8.680000e-01 1.118003e+00
8.684000e-01 1.121847e+00
8.688000e-01 1.125352e+00
8.692000e-01 1.128530e+00
8.696000e-01 1.131391e+00
8.700000e-01 1.133945e+00
8.704000e-01 1.136201e+00
8.708000e-01 1.138170e+00
8.712000e-01 1.139859e+00
8.716000e-01 1.141274e+00
8.720000e-01 1.142419e+00
8.724000e-01 1.143297e+00
8.728000e-01 1.143906e+00
8.732000e-01 1.144243e+00
8.736000e-01 1.144303e+00
8.740000e-01 1.144075e+00
8.744000e-01 1.143549e+00
8.748000e-01 1.142708e+00
8.752000e-01 1.141535e+00
8.756000e-01 1.140010e+00
8.760000e-01 1.138107e+00
8.764000e-01 1.135802e+00
8.768000e-01 1.133066e+00
8.772000e-01 1.129870e+00
8.776000e-01 1.126183e+00
8.780000e-01 1.121974e+00
8.784000e-01 1.117211e+00
8.788000e-01 1.111866e+00
8.792000e-01 1.105911e+00
8.796000e-01 1.099323e+00
8.800000e-01 1.092083e+00
8.804000e-01 1.084180e+00
8.808000e-01 1.075608e+00
8.812000e-01 1.066373e+00
8.816000e-01 1.056493e+00
8.820000e-01 1.045997e+00
8.824000e-01 1.034930e+00
8.828000e-01 1.023352e+00
8.832000e-01 1.011342e+00
8.836000e-01 9.989979e-01
8.840000e-01 9.864350e-01
8.844000e-01 9.737894e-01
8.848000e-01 9.612161e-01
8.852000e-01 9.488879e-01
8.856000e-01 9.369942e-01
8.860000e-01 9.257383e-01
8.864000e-01 9.153341e-01
8.868000e-01 9.060024e-01
8.872000e-01 8.979659e-01
8.876000e-01 8.914438e-01
8.880000e-01 8.866458e-01
8.884000e-01 8.837655e-01
8.888000e-01 8.829730e-01
8.892000e-01 8.844074e-01
8.896000e-01 8.881688e-01
8.900000e-01 8.943099e-01
8.904000e-01 9.028272e-01
8.908000e-01 9.136529e-01
8.912000e-01 9.266459e-01
8.916000e-01 9.415844e-01
8.920000e-01 9.581597e-01
8.924000e-01 9.759734e-01
8.928000e-01 9.945392e-01
8.932000e-01 1.013292e+00
8.936000e-01 1.031610e+00
8.940000e-01 1.048845e+00
8.944000e-01 1.064379e+00
8.948000e-01 1.077685e+00
8.952000e-01 1.088410e+00
8.956000e-01 1.096454e+00
8.960000e-01 1.102035e+00
8.964000e-01 1.105719e+00
8.968000e-01 1.108386e+00
8.972000e-01 1.111133e+00
8.976000e-01 1.115108e+00
8.980000e-01 1.121310e+00
8.984000e-01 1.130409e+00
8.988000e-01 1.142617e+00
8.992000e-01 1.157663e+00
8.996000e-01 1.174866e+00
9.000000e-01 1.193277e+00
9.004000e-01 1.211853e+00
9.008000e-01 1.229617e+00
9.012000e-01 1.245770e+00
9.016000e-01 1.259752e+00
9.020000e-01 1.271251e+00
9.024000e-01 1.280175e+00
9.028000e-01 1.286606e+00
9.032000e-01 1.290743e+00
9.036000e-01 1.292863e+00
9.040000e-01 1.293271e+00
9.044000e-01 1.292276e+00
9.048000e-01 1.290169e+00
9.052000e-01 1.287213e+00
9.056000e-01 1.283633e+00
9.060000e-01 1.279620e+00
9.064000e-01 1.275328e+00
9.068000e-01 1.270879e+00
9.072000e-01 1.266365e+00
9.076000e-01 1.261855e+00
9.080000e-01 1.257396e+00
9.084000e-01 1.253017e+00
9.088000e-01 1.248735e+00
9.092000e-01 1.244554e+00
9.096000e-01 1.240471e+00
9.100000e-01 1.236477e+00
9.104000e-01 1.232556e+00
9.108000e-01 1.228691e+00
9.112000e-01 1.224863e+00
9.116000e-01 1.221052e+00
9.120000e-01 1.217238e+00
9.124000e-01 1.213402e+00
9.128000e-01 1.209527e+00
9.132000e-01 1.205597e+00
9.136000e-01 1.201599e+00
9.140000e-01 1.197522e+00
9.144000e-01 1.193357e+00
9.148000e-01 1.189098e+00
9.152000e-01 1.184741e+00
9.156000e-01 1.180284e+00
9.160000e-01 1.175729e+00
9.164000e-01 1.171076e+00
9.168000e-01 1.166330e+00
9.172000e-01 1.161496e+00
9.176000e-01 1.156581e+00
9.180000e-01 1.151594e+00
9.184000e-01 1.146557e+00
9.188000e-01 1.150556e+00
9.192000e-01 1.156925e+00
9.196000e-01 1.157726e+00
9.200000e-01 1.156625e+00
9.204000e-01 1.154416e+00
9.208000e-01 1.151447e+00
9.212000e-01 1.147925e+00
9.216000e-01 1.143988e+00
9.220000e-01 1.139747e+00
9.224000e-01 1.135292e+00
9.228000e-01 1.130708e+00
9.232000e-01 1.126074e+00
9.236000e-01 1.121465e+00
9.240000e-01 1.116958e+00
9.244000e-01 1.112626e+00
9.248000e-01 1.108544e+00
9.252000e-01 1.104785e+00
9.256000e-01 1.101423e+00
9.260000e-01 1.098528e+00
9.264000e-01 1.096169e+00
9.268000e-01 1.094412e+00
9.272000e-01 1.093317e+00
9.276000e-01 1.092941e+00
9.280000e-01 1.093333e+00
9.284000e-01 1.094533e+00
9.288000e-01 1.096576e+00
9.292000e-01 1.099484e+00
9.296000e-01 1.103271e+00
9.300000e-01 1.107937e+00
9.304000e-01 1.113471e+00
9.308000e-01 1.119851e+00
9.312000e-01 1.127039e+00
9.316000e-01 1.134986e+00
9.320000e-01 1.143630e+00
9.324000e-01 1.152894e+00
9.328000e-01 1.162692e+00
9.332000e-01 1.172925e+00
9.336000e-01 1.183483e+00
9.340000e-01 1.194248e+00
9.344000e-01 1.205095e+00
9.348000e-01 1.215891e+00
9.352000e-01 1.226503e+00
9.356000e-01 1.236795e+00
9.360000e-01 1.246630e+00
9.364000e-01 1.255879e+00
9.368000e-01 1.264416e+00
9.372000e-01 1.272125e+00
9.376000e-01 1.278903e+00
9.380000e-01 1.284658e+00
9.384000e-01 1.289319e+00
9.388000e-01 1.292830e+00
9.392000e-01 1.295155e+00
9.396000e-01 1.296281e+00
9.400000e-01 1.296213e+00
9.404000e-01 1.294980e+00
9.408000e-01 1.292629e+00
9.412000e-01 1.289227e+00
9.416000e-01 1.284857e+00
9.420000e-01 1.279613e+00
9.424000e-01 1.273606e+00
9.428000e-01 1.266948e+00
9.432000e-01 1.259762e+00
9.436000e-01 1.252166e+00
9.440000e-01 1.244283e+00
9.444000e-01 1.236228e+00
9.448000e-01 1.228110e+00
9.452000e-01 1.220029e+00
9.456000e-01 1.212077e+00
9.460000e-01 1.204332e+00
9.464000e-01 1.196858e+00
9.468000e-01 1.189704e+00
9.472000e-01 1.182902e+00
9.476000e-01 1.176464e+00
9.480000e-01 1.170383e+00
9.484000e-01 1.164628e+00
9.488000e-01 1.159142e+00
9.492000e-01 1.153844e+00
9.496000e-01 1.148631e+00
9.500000e-01 1.143374e+00
9.504000e-01 1.137931e+00
9.508000e-01 1.132153e+00
9.512000e-01 1.125901e+00
9.516000e-01 1.119064e+00
9.520000e-01 1.111590e+00
9.524000e-01 1.103518e+00
9.528000e-01 1.095019e+00
9.532000e-01 1.086432e+00
9.536000e-01 1.078302e+00
9.540000e-01 1.071395e+00
9.544000e-01 1.066689e+00
9.548000e-01 1.065319e+00
9.552000e-01 1.068467e+00
9.556000e-01 1.077209e+00
9.560000e-01 1.092315e+00
9.564000e-01 1.114063e+00
9.568000e-01 1.142095e+00
9.572000e-01 1.175380e+00
9.576000e-01 1.212300e+00
9.580000e-01 1.250854e+00
9.584000e-01 1.288929e+00
9.588000e-01 1.324579e+00
9.592000e-01 1.356242e+00
9.596000e-01 1.382861e+00
9.600000e-01 1.403908e+00
9.604000e-01 1.419325e+00
9.608000e-01 1.429423e+00
9.612000e-01 1.434758e+00
9.616000e-01 1.436022e+00
9.620000e-01 1.433954e+00
9.624000e-01 1.429276e+00
9.628000e-01 1.422652e+00
9.632000e-01 1.414669e+00
9.636000e-01 1.405825e+00
9.640000e-01 1.396538e+00
9.644000e-01 1.387147e+00
9.648000e-01 1.377922e+00
9.652000e-01 1.369077e+00
9.656000e-01 1.360775e+00
9.660000e-01 1.353142e+00
9.664000e-01 1.346268e+00
9.668000e-01 1.340218e+00
9.672000e-01 1.335037e+00
9.676000e-01 1.330749e+00
9.680000e-01 1.327365e+00
9.684000e-01 1.324885e+00
9.688000e-01 1.323296e+00
9.692000e-01 1.322578e+00
9.696000e-01 1.322701e+00
9.700000e-01 1.323630e+00
9.704000e-01 1.325321e+00
9.708000e-01 1.327725e+00
9.712000e-01 1.330784e+00
9.716000e-01 1.334435e+00
9.720000e-01 1.338611e+00
9.724000e-01 1.343237e+00
9.728000e-01 1.348233e+00
9.732000e-01 1.353515e+00
9.736000e-01 1.358992e+00
9.740000e-01 1.364574e+00
9.744000e-01 1.370164e+00
9.748000e-01 1.375667e+00
9.752000e-01 1.380986e+00
9.756000e-01 1.386028e+00
9.760000e-01 1.390701e+00
9.764000e-01 1.394920e+00
9.768000e-01 1.398608e+00
9.772000e-01 1.401697e+00
9.776000e-01 1.404131e+00
9.780000e-01 1.405869e+00
9.784000e-01 1.406885e+00
9.788000e-01 1.407170e+00
9.792000e-01 1.406732e+00
9.796000e-01 1.405600e+00
9.800000e-01 1.403819e+00
9.804000e-01 1.401453e+00
9.808000e-01 1.398581e+00
9.812000e-01 1.395297e+00
9.816000e-01 1.391706e+00
9.820000e-01 1.387920e+00
9.824000e-01 1.384056e+00
9.828000e-01 1.380231e+00
9.832000e-01 1.376559e+00
9.836000e-01 1.373147e+00
9.840000e-01 1.370088e+00
9.844000e-01 1.367465e+00
9.848000e-01 1.365343e+00
9.852000e-01 1.363767e+00
9.856000e-01 1.362764e+00
9.860000e-01 1.362342e+00
9.864000e-01 1.362489e+00
9.868000e-01 1.363173e+00
9.872000e-01 1.364347e+00
9.876000e-01 1.365947e+00
9.880000e-01 1.367900e+00
9.884000e-01 1.370117e+00
9.888000e-01 1.372508e+00
9.892000e-01 1.374972e+00
9.896000e-01 1.377410e+00
9.900000e-01 1.379719e+00
9.904000e-01 1.381800e+00
9.908000e-01 1.383556e+00
9.912000e-01 1.384896e+00
9.916000e-01 1.385734e+00
9.920000e-01 1.385991e+00
9.924000e-01 1.385598e+00
9.928000e-01 1.384490e+00
9.932000e-01 1.382614e+00
9.936000e-01 1.379924e+00
9.940000e-01 1.376383e+00
9.944000e-01 1.371960e+00
9.948000e-01 1.366636e+00
9.952000e-01 1.360396e+00
9.956000e-01 1.353234e+00
9.960000e-01 1.345152e+00
9.964000e-01 1.336158e+00
9.968000e-01 1.326264e+00
9.972000e-01 1.315492e+00
9.976000e-01 1.303865e+00
9.980000e-01 1.291416e+00
9.984000e-01 1.278180e+00
9.988000e-01 1.264196e+00
9.992000e-01 1.249509e+00
9.996000e-01 1.234166e+00
