-5.000000e-02 2.332077e+00
-4.990000e-02 2.325692e+00
-4.980000e-02 2.319279e+00
-4.970000e-02 2.312819e+00
-4.960000e-02 2.306298e+00
-4.950000e-02 2.299711e+00
-4.940000e-02 2.293062e+00
-4.930000e-02 2.286371e+00
-4.920000e-02 2.279673e+00
-4.910000e-02 2.273013e+00
-4.900000e-02 2.266453e+00
-4.890000e-02 2.260059e+00
-4.880000e-02 2.253901e+00
-4.870000e-02 2.248047e+00
-4.860000e-02 2.242557e+00
-4.850000e-02 2.237479e+00
-4.840000e-02 2.232845e+00
-4.830000e-02 2.228669e+00
-4.820000e-02 2.224953e+00
-4.810000e-02 2.221680e+00
-4.800000e-02 2.218827e+00
-4.790000e-02 2.216362e+00
-4.780000e-02 2.214252e+00
-4.770000e-02 2.212463e+00
-4.760000e-02 2.210967e+00
-4.750000e-02 2.209741e+00
-4.740000e-02 2.208767e+00
-4.730000e-02 2.208035e+00
-4.720000e-02 2.207542e+00
-4.710000e-02 2.207290e+00
-4.700000e-02 2.207286e+00
-4.690000e-02 2.207539e+00
-4.680000e-02 2.208062e+00
-4.670000e-02 2.208869e+00
-4.660000e-02 2.209972e+00
-4.650000e-02 2.211383e+00
-4.640000e-02 2.213111e+00
-4.630000e-02 2.215161e+00
-4.620000e-02 2.217535e+00
-4.610000e-02 2.220228e+00
-4.600000e-02 2.223229e+00
-4.590000e-02 2.226520e+00
-4.580000e-02 2.230077e+00
-4.570000e-02 2.233868e+00
-4.560000e-02 2.237853e+00
-4.550000e-02 2.241987e+00
-4.540000e-02 2.246219e+00
-4.530000e-02 2.250491e+00
-4.520000e-02 2.254746e+00
-4.510000e-02 2.258921e+00
-4.500000e-02 2.262956e+00
-4.490000e-02 2.266794e+00
-4.480000e-02 2.270379e+00
-4.470000e-02 2.273665e+00
-4.460000e-02 2.276610e+00
-4.450000e-02 2.279183e+00
-4.440000e-02 2.281360e+00
-4.430000e-02 2.283129e+00
-4.420000e-02 2.284485e+00
-4.410000e-02 2.285432e+00
-4.400000e-02 2.285983e+00
-4.390000e-02 2.286154e+00
-4.380000e-02 2.285968e+00
-4.370000e-02 2.285452e+00
-4.360000e-02 2.284632e+00
-4.350000e-02 2.283536e+00
-4.340000e-02 2.282190e+00
-4.330000e-02 2.280619e+00
-4.320000e-02 2.278844e+00
-4.310000e-02 2.276884e+00
-4.300000e-02 2.274754e+00
-4.290000e-02 2.272467e+00
-4.280000e-02 2.270032e+00
-4.270000e-02 2.267457e+00
-4.260000e-02 2.264748e+00
-4.250000e-02 2.261914e+00
-4.240000e-02 2.258964e+00
-4.230000e-02 2.255911e+00
-4.220000e-02 2.252773e+00
-4.210000e-02 2.249573e+00
-4.200000e-02 2.246340e+00
-4.190000e-02 2.243108e+00
-4.180000e-02 2.239906e+00
-4.170000e-02 2.236742e+00
-4.160000e-02 2.233446e+00
-4.150000e-02 2.230090e+00
-4.140000e-02 2.228263e+00
-4.130000e-02 2.226937e+00
-4.120000e-02 2.226100e+00
-4.110000e-02 2.225756e+00
-4.100000e-02 2.225901e+00
-4.090000e-02 2.226513e+00
-4.080000e-02 2.227559e+00
-4.070000e-02 2.228985e+00
-4.060000e-02 2.230727e+00
-4.050000e-02 2.232708e+00
-4.040000e-02 2.234843e+00
-4.030000e-02 2.237045e+00
-4.020000e-02 2.239226e+00
-4.010000e-02 2.241303e+00
-4.000000e-02 2.243195e+00
-3.990000e-02 2.244831e+00
-3.980000e-02 2.246147e+00
-3.970000e-02 2.247090e+00
-3.960000e-02 2.247613e+00
-3.950000e-02 2.247679e+00
-3.940000e-02 2.247261e+00
-3.930000e-02 2.246339e+00
-3.920000e-02 2.244900e+00
-3.910000e-02 2.242940e+00
-3.900000e-02 2.240464e+00
-3.890000e-02 2.237483e+00
-3.880000e-02 2.234018e+00
-3.870000e-02 2.230100e+00
-3.860000e-02 2.225767e+00
-3.850000e-02 2.221070e+00
-3.840000e-02 2.216067e+00
-3.830000e-02 2.210827e+00
-3.820000e-02 2.205429e+00
-3.810000e-02 2.199958e+00
-3.800000e-02 2.194503e+00
-3.790000e-02 2.189161e+00
-3.780000e-02 2.184024e+00
-3.770000e-02 2.179183e+00
-3.760000e-02 2.174723e+00
-3.750000e-02 2.170717e+00
-3.740000e-02 2.167230e+00
-3.730000e-02 2.164307e+00
-3.720000e-02 2.161983e+00
-3.710000e-02 2.160273e+00
-3.700000e-02 2.159178e+00
-3.690000e-02 2.158685e+00
-3.680000e-02 2.158769e+00
-3.670000e-02 2.159393e+00
-3.660000e-02 2.160516e+00
-3.650000e-02 2.162088e+00
-3.640000e-02 2.164058e+00
-3.630000e-02 2.166376e+00
-3.620000e-02 2.168992e+00
-3.610000e-02 2.171857e+00
-3.600000e-02 2.174928e+00
-3.590000e-02 2.178165e+00
-3.580000e-02 2.181531e+00
-3.570000e-02 2.184993e+00
-3.560000e-02 2.188522e+00
-3.550000e-02 2.192089e+00
-3.540000e-02 2.195669e+00
-3.530000e-02 2.199233e+00
-3.520000e-02 2.202755e+00
-3.510000e-02 2.206205e+00
-3.500000e-02 2.209548e+00
-3.490000e-02 2.212749e+00
-3.480000e-02 2.215769e+00
-3.470000e-02 2.218564e+00
-3.460000e-02 2.221089e+00
-3.450000e-02 2.223296e+00
-3.440000e-02 2.225138e+00
-3.430000e-02 2.226567e+00
-3.420000e-02 2.227539e+00
-3.410000e-02 2.228014e+00
-3.400000e-02 2.227958e+00
-3.390000e-02 2.227342e+00
-3.380000e-02 2.226151e+00
-3.370000e-02 2.224378e+00
-3.360000e-02 2.222028e+00
-3.350000e-02 2.219123e+00
-3.340000e-02 2.215698e+00
-3.330000e-02 2.211806e+00
-3.320000e-02 2.207516e+00
-3.310000e-02 2.202916e+00
-3.300000e-02 2.198108e+00
-3.290000e-02 2.193213e+00
-3.280000e-02 2.188362e+00
-3.270000e-02 2.183694e+00
-3.260000e-02 2.179353e+00
-3.250000e-02 2.175482e+00
-3.240000e-02 2.172212e+00
-3.230000e-02 2.169662e+00
-3.220000e-02 2.167926e+00
-3.210000e-02 2.167071e+00
-3.200000e-02 2.167133e+00
-3.190000e-02 2.168111e+00
-3.180000e-02 2.169971e+00
-3.170000e-02 2.172643e+00
-3.160000e-02 2.176027e+00
-3.150000e-02 2.179997e+00
-3.140000e-02 2.184409e+00
-3.130000e-02 2.189105e+00
-3.120000e-02 2.193921e+00
-3.110000e-02 2.198695e+00
-3.100000e-02 2.203271e+00
-3.090000e-02 2.207506e+00
-3.080000e-02 2.211272e+00
-3.070000e-02 2.214458e+00
-3.060000e-02 2.216975e+00
-3.050000e-02 2.218753e+00
-3.040000e-02 2.219745e+00
-3.030000e-02 2.219922e+00
-3.020000e-02 2.219275e+00
-3.010000e-02 2.217812e+00
-3.000000e-02 2.215555e+00
-2.990000e-02 2.212543e+00
-2.980000e-02 2.208824e+00
-2.970000e-02 2.204457e+00
-2.960000e-02 2.199507e+00
-2.950000e-02 2.194046e+00
-2.940000e-02 2.188150e+00
-2.930000e-02 2.181897e+00
-2.920000e-02 2.175362e+00
-2.910000e-02 2.168624e+00
-2.900000e-02 2.161757e+00
-2.890000e-02 2.154832e+00
-2.880000e-02 2.147917e+00
-2.870000e-02 2.141078e+00
-2.860000e-02 2.134376e+00
-2.850000e-02 2.127871e+00
-2.840000e-02 2.121619e+00
-2.830000e-02 2.115675e+00
-2.820000e-02 2.110093e+00
-2.810000e-02 2.104924e+00
-2.800000e-02 2.100218e+00
-2.790000e-02 2.096022e+00
-2.780000e-02 2.092377e+00
-2.770000e-02 2.089319e+00
-2.760000e-02 2.086876e+00
-2.750000e-02 2.085063e+00
-2.740000e-02 2.083886e+00
-2.730000e-02 2.083335e+00
-2.720000e-02 2.083386e+00
-2.710000e-02 2.084002e+00
-2.700000e-02 2.085134e+00
-2.690000e-02 2.086721e+00
-2.680000e-02 2.088696e+00
-2.670000e-02 2.090986e+00
-2.660000e-02 2.093516e+00
-2.650000e-02 2.096215e+00
-2.640000e-02 2.099014e+00
-2.630000e-02 2.101850e+00
-2.620000e-02 2.104668e+00
-2.610000e-02 2.107420e+00
-2.600000e-02 2.110067e+00
-2.590000e-02 2.112579e+00
-2.580000e-02 2.114931e+00
-2.570000e-02 2.117105e+00
-2.560000e-02 2.119089e+00
-2.550000e-02 2.120875e+00
-2.540000e-02 2.122457e+00
-2.530000e-02 2.123831e+00
-2.520000e-02 2.124997e+00
-2.510000e-02 2.125955e+00
-2.500000e-02 2.126703e+00
-2.490000e-02 2.127244e+00
-2.480000e-02 2.127578e+00
-2.470000e-02 2.127707e+00
-2.460000e-02 2.127634e+00
-2.450000e-02 2.127363e+00
-2.440000e-02 2.126900e+00
-2.430000e-02 2.126250e+00
-2.420000e-02 2.125422e+00
-2.410000e-02 2.124427e+00
-2.400000e-02 2.123278e+00
-2.390000e-02 2.121991e+00
-2.380000e-02 2.120582e+00
-2.370000e-02 2.119073e+00
-2.360000e-02 2.117484e+00
-2.350000e-02 2.115840e+00
-2.340000e-02 2.114166e+00
-2.330000e-02 2.112487e+00
-2.320000e-02 2.110829e+00
-2.310000e-02 2.109217e+00
-2.300000e-02 2.107674e+00
-2.290000e-02 2.106222e+00
-2.280000e-02 2.104878e+00
-2.270000e-02 2.103657e+00
-2.260000e-02 2.102571e+00
-2.250000e-02 2.101624e+00
-2.240000e-02 2.100818e+00
-2.230000e-02 2.100149e+00
-2.220000e-02 2.099610e+00
-2.210000e-02 2.099189e+00
-2.200000e-02 2.098868e+00
-2.190000e-02 2.098629e+00
-2.180000e-02 2.098450e+00
-2.170000e-02 2.098309e+00
-2.160000e-02 2.098181e+00
-2.150000e-02 2.098041e+00
-2.140000e-02 2.097867e+00
-2.130000e-02 2.097637e+00
-2.120000e-02 2.097328e+00
-2.110000e-02 2.096925e+00
-2.100000e-02 2.096410e+00
-2.090000e-02 2.095771e+00
-2.080000e-02 2.095000e+00
-2.070000e-02 2.094089e+00
-2.060000e-02 2.093036e+00
-2.050000e-02 2.091841e+00
-2.040000e-02 2.090507e+00
-2.030000e-02 2.089041e+00
-2.020000e-02 2.087451e+00
-2.010000e-02 2.085748e+00
-2.000000e-02 2.083945e+00
-1.990000e-02 2.082056e+00
-1.980000e-02 2.080097e+00
-1.970000e-02 2.078085e+00
-1.960000e-02 2.076034e+00
-1.950000e-02 2.073963e+00
-1.940000e-02 2.071885e+00
-1.930000e-02 2.069817e+00
-1.920000e-02 2.067771e+00
-1.910000e-02 2.065761e+00
-1.900000e-02 2.063797e+00
-1.890000e-02 2.061888e+00
-1.880000e-02 2.060041e+00
-1.870000e-02 2.058264e+00
-1.860000e-02 2.056559e+00
-1.850000e-02 2.054928e+00
-1.840000e-02 2.053373e+00
-1.830000e-02 2.051893e+00
-1.820000e-02 2.050484e+00
-1.810000e-02 2.049143e+00
-1.800000e-02 2.047866e+00
-1.790000e-02 2.046646e+00
-1.780000e-02 2.045476e+00
-1.770000e-02 2.044349e+00
-1.760000e-02 2.043258e+00
-1.750000e-02 2.042194e+00
-1.740000e-02 2.041150e+00
-1.730000e-02 2.040119e+00
-1.720000e-02 2.039096e+00
-1.710000e-02 2.038074e+00
-1.700000e-02 2.037050e+00
-1.690000e-02 2.036024e+00
-1.680000e-02 2.034996e+00
-1.670000e-02 2.033969e+00
-1.660000e-02 2.032950e+00
-1.650000e-02 2.031946e+00
-1.640000e-02 2.030969e+00
-1.630000e-02 2.030034e+00
-1.620000e-02 2.029158e+00
-1.610000e-02 2.028361e+00
-1.600000e-02 2.027665e+00
-1.590000e-02 2.027095e+00
-1.580000e-02 2.026677e+00
-1.570000e-02 2.026439e+00
-1.560000e-02 2.026409e+00
-1.550000e-02 2.026618e+00
-1.540000e-02 2.027094e+00
-1.530000e-02 2.027867e+00
-1.520000e-02 2.028966e+00
-1.510000e-02 2.030418e+00
-1.500000e-02 2.032249e+00
-1.490000e-02 2.034482e+00
-1.480000e-02 2.037138e+00
-1.470000e-02 2.040235e+00
-1.460000e-02 2.043788e+00
-1.450000e-02 2.047808e+00
-1.440000e-02 2.052300e+00
-1.430000e-02 2.057266e+00
-1.420000e-02 2.062702e+00
-1.410000e-02 2.068600e+00
-1.400000e-02 2.074942e+00
-1.390000e-02 2.081707e+00
-1.380000e-02 2.088867e+00
-1.370000e-02 2.096386e+00
-1.360000e-02 2.104223e+00
-1.350000e-02 2.112329e+00
-1.340000e-02 2.120653e+00
-1.330000e-02 2.129137e+00
-1.320000e-02 2.137720e+00
-1.310000e-02 2.146342e+00
-1.300000e-02 2.154940e+00
-1.290000e-02 2.163456e+00
-1.280000e-02 2.171837e+00
-1.270000e-02 2.180034e+00
-1.260000e-02 2.188008e+00
-1.250000e-02 2.195730e+00
-1.240000e-02 2.203181e+00
-1.230000e-02 2.210355e+00
-1.220000e-02 2.217254e+00
-1.210000e-02 2.223894e+00
-1.200000e-02 2.230295e+00
-1.190000e-02 2.236486e+00
-1.180000e-02 2.242497e+00
-1.170000e-02 2.248361e+00
-1.160000e-02 2.254106e+00
-1.150000e-02 2.259756e+00
-1.140000e-02 2.265327e+00
-1.130000e-02 2.270826e+00
-1.120000e-02 2.276251e+00
-1.110000e-02 2.281594e+00
-1.100000e-02 2.286836e+00
-1.090000e-02 2.291954e+00
-1.080000e-02 2.296923e+00
-1.070000e-02 2.301716e+00
-1.060000e-02 2.306306e+00
-1.050000e-02 2.310672e+00
-1.040000e-02 2.314795e+00
-1.030000e-02 2.318663e+00
-1.020000e-02 2.322270e+00
-1.010000e-02 2.325615e+00
-1.000000e-02 2.328699e+00
-9.900000e-03 2.331532e+00
-9.800000e-03 2.334120e+00
-9.700000e-03 2.336476e+00
-9.600000e-03 2.338607e+00
-9.500000e-03 2.340521e+00
-9.400000e-03 2.342221e+00
-9.300000e-03 2.343707e+00
-9.200000e-03 2.344973e+00
-9.100000e-03 2.346008e+00
-9.000000e-03 2.346794e+00
-8.900000e-03 2.347310e+00
-8.800000e-03 2.347532e+00
-8.700000e-03 2.347434e+00
-8.600000e-03 2.346992e+00
-8.500000e-03 2.346189e+00
-8.400000e-03 2.345018e+00
-8.300000e-03 2.343489e+00
-8.200000e-03 2.341634e+00
-8.100000e-03 2.339511e+00
-8.000000e-03 2.337207e+00
-7.900000e-03 2.334841e+00
-7.800000e-03 2.332558e+00
-7.700000e-03 2.330523e+00
-7.600000e-03 2.328911e+00
-7.500000e-03 2.327889e+00
-7.400000e-03 2.327607e+00
-7.300000e-03 2.328173e+00
-7.200000e-03 2.329650e+00
-7.100000e-03 2.332042e+00
-7.000000e-03 2.335297e+00
-6.900000e-03 2.339313e+00
-6.800000e-03 2.343951e+00
-6.700000e-03 2.349045e+00
-6.600000e-03 2.354424e+00
-6.500000e-03 2.359921e+00
-6.400000e-03 2.365385e+00
-6.300000e-03 2.370688e+00
-6.200000e-03 2.375730e+00
-6.100000e-03 2.380433e+00
-6.000000e-03 2.384742e+00
-5.900000e-03 2.388620e+00
-5.800000e-03 2.392045e+00
-5.700000e-03 2.395001e+00
-5.600000e-03 2.397477e+00
-5.500000e-03 2.399466e+00
-5.400000e-03 2.400959e+00
-5.300000e-03 2.401943e+00
-5.200000e-03 2.402406e+00
-5.100000e-03 2.402331e+00
-5.000000e-03 2.401700e+00
-4.900000e-03 2.400497e+00
-4.800000e-03 2.398703e+00
-4.700000e-03 2.396308e+00
-4.600000e-03 2.393305e+00
-4.500000e-03 2.389699e+00
-4.400000e-03 2.385506e+00
-4.300000e-03 2.380761e+00
-4.200000e-03 2.375513e+00
-4.100000e-03 2.369836e+00
-4.000000e-03 2.363824e+00
-3.900000e-03 2.357593e+00
-3.800000e-03 2.351278e+00
-3.700000e-03 2.345031e+00
-3.600000e-03 2.339016e+00
-3.500000e-03 2.333395e+00
-3.400000e-03 2.328330e+00
-3.300000e-03 2.323965e+00
-3.200000e-03 2.320420e+00
-3.100000e-03 2.317785e+00
-3.000000e-03 2.316113e+00
-2.900000e-03 2.315420e+00
-2.800000e-03 2.315681e+00
-2.700000e-03 2.316838e+00
-2.600000e-03 2.318807e+00
-2.500000e-03 2.321480e+00
-2.400000e-03 2.324740e+00
-2.300000e-03 2.328465e+00
-2.200000e-03 2.332534e+00
-2.100000e-03 2.336838e+00
-2.000000e-03 2.341275e+00
-1.900000e-03 2.345759e+00
-1.800000e-03 2.350212e+00
-1.700000e-03 2.354570e+00
-1.600000e-03 2.358773e+00
-1.500000e-03 2.362770e+00
-1.400000e-03 2.366511e+00
-1.300000e-03 2.369945e+00
-1.200000e-03 2.373025e+00
-1.100000e-03 2.375698e+00
-1.000000e-03 2.377912e+00
-9.000000e-04 2.379617e+00
-8.000000e-04 2.380760e+00
-7.000000e-04 2.381293e+00
-6.000000e-04 2.381172e+00
-5.000000e-04 2.380360e+00
-4.000000e-04 2.378826e+00
-3.000000e-04 2.376549e+00
-2.000000e-04 2.373521e+00
-1.000000e-04 2.369741e+00
1.429412e-15 2.365224e+00
1.000000e-04 2.359996e+00
2.000000e-04 2.354095e+00
3.000000e-04 2.347573e+00
4.000000e-04 2.340491e+00
5.000000e-04 2.332923e+00
6.000000e-04 2.324950e+00
7.000000e-04 2.316661e+00
8.000000e-04 2.308152e+00
9.000000e-04 2.299521e+00
1.000000e-03 2.290869e+00
1.100000e-03 2.282295e+00
1.200000e-03 2.273894e+00
1.300000e-03 2.265759e+00
1.400000e-03 2.257972e+00
1.500000e-03 2.250606e+00
1.600000e-03 2.243726e+00
1.700000e-03 2.237381e+00
1.800000e-03 2.231610e+00
1.900000e-03 2.226439e+00
2.000000e-03 2.221881e+00
2.100000e-03 2.217937e+00
2.200000e-03 2.214597e+00
2.300000e-03 2.211842e+00
2.400000e-03 2.209645e+00
2.500000e-03 2.207976e+00
2.600000e-03 2.206797e+00
2.700000e-03 2.206074e+00
2.800000e-03 2.205768e+00
2.900000e-03 2.205845e+00
3.000000e-03 2.206276e+00
3.100000e-03 2.207032e+00
3.200000e-03 2.208094e+00
3.300000e-03 2.209445e+00
3.400000e-03 2.211075e+00
3.500000e-03 2.212978e+00
3.600000e-03 2.215150e+00
3.700000e-03 2.217591e+00
3.800000e-03 2.220300e+00
3.900000e-03 2.223272e+00
4.000000e-03 2.226501e+00
4.100000e-03 2.229974e+00
4.200000e-03 2.233670e+00
4.300000e-03 2.237560e+00
4.400000e-03 2.241607e+00
4.500000e-03 2.245764e+00
4.600000e-03 2.249975e+00
4.700000e-03 2.254178e+00
4.800000e-03 2.258307e+00
4.900000e-03 2.262294e+00
5.000000e-03 2.266071e+00
5.100000e-03 2.269578e+00
5.200000e-03 2.272759e+00
5.300000e-03 2.275573e+00
5.400000e-03 2.277992e+00
5.500000e-03 2.280002e+00
5.600000e-03 2.281605e+00
5.700000e-03 2.282820e+00
5.800000e-03 2.283679e+00
5.900000e-03 2.284224e+00
6.000000e-03 2.284505e+00
6.100000e-03 2.284575e+00
6.200000e-03 2.284484e+00
6.300000e-03 2.284279e+00
6.400000e-03 2.283994e+00
6.500000e-03 2.283652e+00
6.600000e-03 2.283260e+00
6.700000e-03 2.282811e+00
6.800000e-03 2.282283e+00
6.900000e-03 2.281641e+00
7.000000e-03 2.280840e+00
7.100000e-03 2.279826e+00
7.200000e-03 2.278544e+00
7.300000e-03 2.276938e+00
7.400000e-03 2.274954e+00
7.500000e-03 2.272546e+00
7.600000e-03 2.269674e+00
7.700000e-03 2.266310e+00
7.800000e-03 2.262435e+00
7.900000e-03 2.258044e+00
8.000000e-03 2.253139e+00
8.100000e-03 2.247737e+00
8.200000e-03 2.241861e+00
8.300000e-03 2.235547e+00
8.400000e-03 2.228833e+00
8.500000e-03 2.221769e+00
8.600000e-03 2.214406e+00
8.700000e-03 2.206800e+00
8.800000e-03 2.199009e+00
8.900000e-03 2.191094e+00
9.000000e-03 2.183116e+00
9.100000e-03 2.175133e+00
9.200000e-03 2.167205e+00
9.300000e-03 2.159389e+00
9.400000e-03 2.151737e+00
9.500000e-03 2.144300e+00
9.600000e-03 2.137122e+00
9.700000e-03 2.130242e+00
9.800000e-03 2.123693e+00
9.900000e-03 2.117499e+00
1.000000e-02 2.111678e+00
1.010000e-02 2.106238e+00
1.020000e-02 2.101182e+00
1.030000e-02 2.096501e+00
1.040000e-02 2.092182e+00
1.050000e-02 2.088203e+00
1.060000e-02 2.084539e+00
1.070000e-02 2.081161e+00
1.080000e-02 2.078038e+00
1.090000e-02 2.075138e+00
1.100000e-02 2.072432e+00
1.110000e-02 2.069893e+00
1.120000e-02 2.067498e+00
1.130000e-02 2.065226e+00
1.140000e-02 2.063064e+00
1.150000e-02 2.061003e+00
1.160000e-02 2.059035e+00
1.170000e-02 2.057160e+00
1.180000e-02 2.055379e+00
1.190000e-02 2.053695e+00
1.200000e-02 2.052111e+00
1.210000e-02 2.050634e+00
1.220000e-02 2.049267e+00
1.230000e-02 2.048014e+00
1.240000e-02 2.046878e+00
1.250000e-02 2.045857e+00
1.260000e-02 2.044951e+00
1.270000e-02 2.044156e+00
1.280000e-02 2.043467e+00
1.290000e-02 2.042876e+00
1.300000e-02 2.042374e+00
1.310000e-02 2.041954e+00
1.320000e-02 2.041606e+00
1.330000e-02 2.041323e+00
1.340000e-02 2.041098e+00
1.350000e-02 2.040929e+00
1.360000e-02 2.040816e+00
1.370000e-02 2.040765e+00
1.380000e-02 2.040790e+00
1.390000e-02 2.040908e+00
1.400000e-02 2.041148e+00
1.410000e-02 2.041544e+00
1.420000e-02 2.042139e+00
1.430000e-02 2.042981e+00
1.440000e-02 2.044123e+00
1.450000e-02 2.045618e+00
1.460000e-02 2.047517e+00
1.470000e-02 2.049861e+00
1.480000e-02 2.052680e+00
1.490000e-02 2.055983e+00
1.500000e-02 2.059760e+00
1.510000e-02 2.063973e+00
1.520000e-02 2.068560e+00
1.530000e-02 2.073432e+00
1.540000e-02 2.078481e+00
1.550000e-02 2.083580e+00
1.560000e-02 2.088596e+00
1.570000e-02 2.093391e+00
1.580000e-02 2.097837e+00
1.590000e-02 2.101815e+00
1.600000e-02 2.105230e+00
1.610000e-02 2.108007e+00
1.620000e-02 2.110101e+00
1.630000e-02 2.111492e+00
1.640000e-02 2.112189e+00
1.650000e-02 2.112227e+00
1.660000e-02 2.111665e+00
1.670000e-02 2.110586e+00
1.680000e-02 2.109090e+00
1.690000e-02 2.107292e+00
1.700000e-02 2.105321e+00
1.710000e-02 2.103316e+00
1.720000e-02 2.101421e+00
1.730000e-02 2.099782e+00
1.740000e-02 2.098544e+00
1.750000e-02 2.097846e+00
1.760000e-02 2.097819e+00
1.770000e-02 2.098579e+00
1.780000e-02 2.100224e+00
1.790000e-02 2.102828e+00
1.800000e-02 2.106444e+00
1.810000e-02 2.111092e+00
1.820000e-02 2.116765e+00
1.830000e-02 2.123421e+00
1.840000e-02 2.130991e+00
1.850000e-02 2.139372e+00
1.860000e-02 2.148436e+00
1.870000e-02 2.158032e+00
1.880000e-02 2.167990e+00
1.890000e-02 2.178125e+00
1.900000e-02 2.188244e+00
1.910000e-02 2.198155e+00
1.920000e-02 2.207665e+00
1.930000e-02 2.216593e+00
1.940000e-02 2.224771e+00
1.950000e-02 2.232049e+00
1.960000e-02 2.238297e+00
1.970000e-02 2.243411e+00
1.980000e-02 2.247314e+00
1.990000e-02 2.249955e+00
2.000000e-02 2.251314e+00
2.010000e-02 2.251400e+00
2.020000e-02 2.250252e+00
2.030000e-02 2.247937e+00
2.040000e-02 2.244548e+00
2.050000e-02 2.240202e+00
2.060000e-02 2.235039e+00
2.070000e-02 2.229215e+00
2.080000e-02 2.222900e+00
2.090000e-02 2.216271e+00
2.100000e-02 2.209507e+00
2.110000e-02 2.202785e+00
2.120000e-02 2.196275e+00
2.130000e-02 2.190132e+00
2.140000e-02 2.184496e+00
2.150000e-02 2.179485e+00
2.160000e-02 2.175194e+00
2.170000e-02 2.171694e+00
2.180000e-02 2.169030e+00
2.190000e-02 2.167224e+00
2.200000e-02 2.166271e+00
2.210000e-02 2.166147e+00
2.220000e-02 2.166806e+00
2.230000e-02 2.168187e+00
2.240000e-02 2.170213e+00
2.250000e-02 2.172797e+00
2.260000e-02 2.175842e+00
2.270000e-02 2.179249e+00
2.280000e-02 2.182913e+00
2.290000e-02 2.186731e+00
2.300000e-02 2.190603e+00
2.310000e-02 2.194433e+00
2.320000e-02 2.198129e+00
2.330000e-02 2.201609e+00
2.340000e-02 2.204799e+00
2.350000e-02 2.207633e+00
2.360000e-02 2.210058e+00
2.370000e-02 2.212029e+00
2.380000e-02 2.213515e+00
2.390000e-02 2.214497e+00
2.400000e-02 2.214966e+00
2.410000e-02 2.214929e+00
2.420000e-02 2.214404e+00
2.430000e-02 2.213422e+00
2.440000e-02 2.212026e+00
2.450000e-02 2.210271e+00
2.460000e-02 2.208220e+00
2.470000e-02 2.205947e+00
2.480000e-02 2.203530e+00
2.490000e-02 2.201053e+00
2.500000e-02 2.198600e+00
2.510000e-02 2.196257e+00
2.520000e-02 2.194107e+00
2.530000e-02 2.192231e+00
2.540000e-02 2.190702e+00
2.550000e-02 2.189589e+00
2.560000e-02 2.188950e+00
2.570000e-02 2.188837e+00
2.580000e-02 2.189288e+00
2.590000e-02 2.190332e+00
2.600000e-02 2.191987e+00
2.610000e-02 2.194256e+00
2.620000e-02 2.197130e+00
2.630000e-02 2.200588e+00
2.640000e-02 2.204596e+00
2.650000e-02 2.209106e+00
2.660000e-02 2.214061e+00
2.670000e-02 2.219392e+00
2.680000e-02 2.225020e+00
2.690000e-02 2.230858e+00
2.700000e-02 2.236816e+00
2.710000e-02 2.242793e+00
2.720000e-02 2.248689e+00
2.730000e-02 2.254400e+00
2.740000e-02 2.259821e+00
2.750000e-02 2.264849e+00
2.760000e-02 2.269382e+00
2.770000e-02 2.273325e+00
2.780000e-02 2.276584e+00
2.790000e-02 2.279075e+00
2.800000e-02 2.280723e+00
2.810000e-02 2.281462e+00
2.820000e-02 2.281240e+00
2.830000e-02 2.280021e+00
2.840000e-02 2.277784e+00
2.850000e-02 2.274531e+00
2.860000e-02 2.270281e+00
2.870000e-02 2.265079e+00
2.880000e-02 2.258992e+00
2.890000e-02 2.252110e+00
2.900000e-02 2.244545e+00
2.910000e-02 2.236433e+00
2.920000e-02 2.227922e+00
2.930000e-02 2.219176e+00
2.940000e-02 2.210368e+00
2.950000e-02 2.201669e+00
2.960000e-02 2.193251e+00
2.970000e-02 2.185274e+00
2.980000e-02 2.177885e+00
2.990000e-02 2.171213e+00
3.000000e-02 2.165365e+00
3.010000e-02 2.160422e+00
3.020000e-02 2.156445e+00
3.030000e-02 2.153469e+00
3.040000e-02 2.151507e+00
3.050000e-02 2.150553e+00
3.060000e-02 2.150584e+00
3.070000e-02 2.151561e+00
3.080000e-02 2.153435e+00
3.090000e-02 2.156147e+00
3.100000e-02 2.159631e+00
3.110000e-02 2.163813e+00
3.120000e-02 2.168619e+00
3.130000e-02 2.173966e+00
3.140000e-02 2.179770e+00
3.150000e-02 2.185943e+00
3.160000e-02 2.192393e+00
3.170000e-02 2.199022e+00
3.180000e-02 2.205731e+00
3.190000e-02 2.212415e+00
3.200000e-02 2.218964e+00
3.210000e-02 2.225266e+00
3.220000e-02 2.231207e+00
3.230000e-02 2.236670e+00
3.240000e-02 2.241543e+00
3.250000e-02 2.245714e+00
3.260000e-02 2.249079e+00
3.270000e-02 2.251545e+00
3.280000e-02 2.253027e+00
3.290000e-02 2.253460e+00
3.300000e-02 2.252795e+00
3.310000e-02 2.251002e+00
3.320000e-02 2.248074e+00
3.330000e-02 2.244025e+00
3.340000e-02 2.238891e+00
3.350000e-02 2.232731e+00
3.360000e-02 2.225626e+00
3.370000e-02 2.217677e+00
3.380000e-02 2.209008e+00
3.390000e-02 2.199762e+00
3.400000e-02 2.190102e+00
3.410000e-02 2.180212e+00
3.420000e-02 2.170291e+00
3.430000e-02 2.160552e+00
3.440000e-02 2.151216e+00
3.450000e-02 2.142509e+00
3.460000e-02 2.134649e+00
3.470000e-02 2.127841e+00
3.480000e-02 2.122263e+00
3.490000e-02 2.118061e+00
3.500000e-02 2.115330e+00
3.510000e-02 2.114114e+00
3.520000e-02 2.114393e+00
3.530000e-02 2.116086e+00
3.540000e-02 2.119047e+00
3.550000e-02 2.123076e+00
3.560000e-02 2.127929e+00
3.570000e-02 2.133333e+00
3.580000e-02 2.139005e+00
3.590000e-02 2.144666e+00
3.600000e-02 2.150066e+00
3.610000e-02 2.154991e+00
3.620000e-02 2.159277e+00
3.630000e-02 2.162816e+00
3.640000e-02 2.165552e+00
3.650000e-02 2.167481e+00
3.660000e-02 2.168643e+00
3.670000e-02 2.169110e+00
3.680000e-02 2.168979e+00
3.690000e-02 2.168363e+00
3.700000e-02 2.167376e+00
3.710000e-02 2.166135e+00
3.720000e-02 2.164747e+00
3.730000e-02 2.163307e+00
3.740000e-02 2.161898e+00
3.750000e-02 2.160585e+00
3.760000e-02 2.159420e+00
3.770000e-02 2.158438e+00
3.780000e-02 2.157662e+00
3.790000e-02 2.157101e+00
3.800000e-02 2.156753e+00
3.810000e-02 2.156609e+00
3.820000e-02 2.156652e+00
3.830000e-02 2.156858e+00
3.840000e-02 2.157201e+00
3.850000e-02 2.157653e+00
3.860000e-02 2.158185e+00
3.870000e-02 2.158768e+00
3.880000e-02 2.159373e+00
3.890000e-02 2.159975e+00
3.900000e-02 2.160550e+00
3.910000e-02 2.161075e+00
3.920000e-02 2.161532e+00
3.930000e-02 2.161905e+00
3.940000e-02 2.162178e+00
3.950000e-02 2.162338e+00
3.960000e-02 2.162375e+00
3.970000e-02 2.162277e+00
3.980000e-02 2.162035e+00
3.990000e-02 2.161640e+00
4.000000e-02 2.161082e+00
4.010000e-02 2.160352e+00
4.020000e-02 2.159440e+00
4.030000e-02 2.158337e+00
4.040000e-02 2.157035e+00
4.050000e-02 2.155525e+00
4.060000e-02 2.153800e+00
4.070000e-02 2.151853e+00
4.080000e-02 2.149682e+00
4.090000e-02 2.147286e+00
4.100000e-02 2.144667e+00
4.110000e-02 2.141832e+00
4.120000e-02 2.138795e+00
4.130000e-02 2.135573e+00
4.140000e-02 2.132197e+00
4.150000e-02 2.128719e+00
4.160000e-02 2.126440e+00
4.170000e-02 2.123786e+00
4.180000e-02 2.120568e+00
4.190000e-02 2.117142e+00
4.200000e-02 2.113628e+00
4.210000e-02 2.110103e+00
4.220000e-02 2.106632e+00
4.230000e-02 2.103270e+00
4.240000e-02 2.100069e+00
4.250000e-02 2.097073e+00
4.260000e-02 2.094319e+00
4.270000e-02 2.091840e+00
4.280000e-02 2.089661e+00
4.290000e-02 2.087798e+00
4.300000e-02 2.086260e+00
4.310000e-02 2.085049e+00
4.320000e-02 2.084159e+00
4.330000e-02 2.083579e+00
4.340000e-02 2.083292e+00
4.350000e-02 2.083277e+00
4.360000e-02 2.083509e+00
4.370000e-02 2.083963e+00
4.380000e-02 2.084611e+00
4.390000e-02 2.085429e+00
4.400000e-02 2.086394e+00
4.410000e-02 2.087485e+00
4.420000e-02 2.088686e+00
4.430000e-02 2.089986e+00
4.440000e-02 2.091381e+00
4.450000e-02 2.092872e+00
4.460000e-02 2.094465e+00
4.470000e-02 2.096175e+00
4.480000e-02 2.098022e+00
4.490000e-02 2.100033e+00
4.500000e-02 2.102236e+00
4.510000e-02 2.104666e+00
4.520000e-02 2.107358e+00
4.530000e-02 2.110345e+00
4.540000e-02 2.113659e+00
4.550000e-02 2.117327e+00
4.560000e-02 2.121368e+00
4.570000e-02 2.125793e+00
4.580000e-02 2.130601e+00
4.590000e-02 2.135781e+00
4.600000e-02 2.141312e+00
4.610000e-02 2.147160e+00
4.620000e-02 2.153284e+00
4.630000e-02 2.159634e+00
4.640000e-02 2.166155e+00
4.650000e-02 2.172787e+00
4.660000e-02 2.179469e+00
4.670000e-02 2.186137e+00
4.680000e-02 2.192726e+00
4.690000e-02 2.199171e+00
4.700000e-02 2.205404e+00
4.710000e-02 2.211356e+00
4.720000e-02 2.216953e+00
4.730000e-02 2.222121e+00
4.740000e-02 2.226778e+00
4.750000e-02 2.230844e+00
4.760000e-02 2.234236e+00
4.770000e-02 2.236869e+00
4.780000e-02 2.238666e+00
4.790000e-02 2.239552e+00
4.800000e-02 2.239463e+00
4.810000e-02 2.238349e+00
4.820000e-02 2.236172e+00
4.830000e-02 2.232919e+00
4.840000e-02 2.228595e+00
4.850000e-02 2.223232e+00
4.860000e-02 2.216891e+00
4.870000e-02 2.209659e+00
4.880000e-02 2.201656e+00
4.890000e-02 2.193029e+00
4.900000e-02 2.183950e+00
4.910000e-02 2.174616e+00
4.920000e-02 2.165243e+00
4.930000e-02 2.156054e+00
4.940000e-02 2.147277e+00
4.950000e-02 2.139131e+00
4.960000e-02 2.131821e+00
4.970000e-02 2.125522e+00
4.980000e-02 2.120377e+00
4.990000e-02 2.116485e+00
