0.000000e+00 2.569779e+00
5.000000e-02 2.612272e+00
1.000000e-01 2.941943e+00
1.500000e-01 3.220716e+00
2.000000e-01 3.185175e+00
2.500000e-01 3.211877e+00
3.000000e-01 3.306622e+00
3.500000e-01 3.384281e+00
4.000000e-01 3.491573e+00
4.500000e-01 3.677724e+00
5.000000e-01 3.597664e+00
5.500000e-01 3.274124e+00
6.000000e-01 3.223348e+00
6.500000e-01 3.347169e+00
7.000000e-01 3.428899e+00
7.500000e-01 3.160677e+00
8.000000e-01 3.249181e+00
8.500000e-01 2.960073e+00
9.000000e-01 2.839557e+00
9.500000e-01 3.169007e+00
1.000000e+00 2.955368e+00
1.050000e+00 2.853319e+00
1.100000e+00 3.112648e+00
1.150000e+00 3.264957e+00
1.200000e+00 3.142210e+00
1.250000e+00 3.039258e+00
1.300000e+00 3.165813e+00
1.350000e+00 3.062718e+00
1.400000e+00 2.527650e+00
1.450000e+00 2.242239e+00
1.500000e+00 2.123925e+00
1.550000e+00 2.234654e+00
1.600000e+00 2.344425e+00
1.650000e+00 2.421538e+00
1.700000e+00 2.694698e+00
1.750000e+00 2.372965e+00
1.800000e+00 2.128396e+00
1.850000e+00 1.842029e+00
1.900000e+00 2.234761e+00
1.950000e+00 2.183272e+00
2.000000e+00 1.806613e+00
2.050000e+00 1.967223e+00
2.100000e+00 2.349547e+00
2.150000e+00 2.340910e+00
2.200000e+00 1.804803e+00
2.250000e+00 1.946522e+00
2.300000e+00 1.886115e+00
2.350000e+00 1.405820e+00
2.400000e+00 2.003667e+00
2.450000e+00 1.821220e+00
2.500000e+00 1.660150e+00
2.550000e+00 1.461793e+00
2.600000e+00 1.669622e+00
2.650000e+00 1.858678e+00
2.700000e+00 1.808694e+00
2.750000e+00 1.990775e+00
2.800000e+00 1.340411e+00
2.850000e+00 1.876515e+00
2.900000e+00 1.455223e+00
2.950000e+00 1.037562e+00
3.000000e+00 1.080758e+00
3.050000e+00 5.661952e-01
3.100000e+00 9.697406e-01
3.150000e+00 6.855022e-01
3.200000e+00 1.254993e+00
3.250000e+00 1.492803e+00
3.300000e+00 1.032154e+00
3.350000e+00 1.140646e+00
3.400000e+00 5.309213e-01
3.450000e+00 1.201746e+00
3.500000e+00 1.221931e+00
3.550000e+00 1.053153e+00
3.600000e+00 1.066643e+00
3.650000e+00 1.017690e+00
3.700000e+00 8.650141e-01
3.750000e+00 5.392847e-01
3.800000e+00 9.041701e-01
3.850000e+00 8.928289e-01
3.900000e+00 7.810077e-01
3.950000e+00 4.940031e-01
4.000000e+00 5.550459e-01
4.050000e+00 1.139545e+00
4.100000e+00 9.266136e-01
4.150000e+00 2.936998e-01
4.200000e+00 2.670606e-01
4.250000e+00 3.405536e-01
4.300000e+00 4.389191e-01
4.350000e+00 1.583786e-01
4.400000e+00 1.186665e-01
4.450000e+00 7.285773e-01
4.500000e+00 1.009447e+00
4.550000e+00 2.301236e-01
4.600000e+00 2.126618e-01
4.650000e+00 3.281249e-01
4.700000e+00 6.479250e-01
4.750000e+00 3.290112e-01
4.800000e+00 1.704623e-01
4.850000e+00 2.662538e-01
4.900000e+00 1.110621e-01
4.950000e+00 7.262265e-01
