0.000000e+00 2.569779e+00
5.000000e-02 3.127866e+00
1.000000e-01 3.674749e+00
1.500000e-01 3.606868e+00
2.000000e-01 3.531787e+00
2.500000e-01 3.500589e+00
3.000000e-01 3.518409e+00
3.500000e-01 3.538833e+00
4.000000e-01 3.542614e+00
4.500000e-01 3.593554e+00
5.000000e-01 3.476719e+00
5.500000e-01 3.252672e+00
6.000000e-01 3.075842e+00
6.500000e-01 3.062945e+00
7.000000e-01 3.220768e+00
7.500000e-01 3.242826e+00
8.000000e-01 3.130893e+00
8.500000e-01 3.111058e+00
9.000000e-01 3.010052e+00
9.500000e-01 2.955941e+00
1.000000e+00 2.560297e+00
1.050000e+00 2.647338e+00
1.100000e+00 2.721435e+00
1.150000e+00 2.876242e+00
1.200000e+00 3.045318e+00
1.250000e+00 2.760248e+00
1.300000e+00 2.576566e+00
1.350000e+00 2.789310e+00
1.400000e+00 2.407911e+00
1.450000e+00 2.416992e+00
1.500000e+00 2.338227e+00
1.550000e+00 2.411245e+00
1.600000e+00 2.577797e+00
1.650000e+00 2.523551e+00
1.700000e+00 2.407508e+00
1.750000e+00 1.971675e+00
1.800000e+00 2.346657e+00
1.850000e+00 2.149066e+00
1.900000e+00 2.193195e+00
1.950000e+00 1.705604e+00
2.000000e+00 1.641576e+00
2.050000e+00 1.915657e+00
2.100000e+00 1.762300e+00
2.150000e+00 1.936920e+00
2.200000e+00 1.944692e+00
2.250000e+00 1.550947e+00
2.300000e+00 1.862737e+00
2.350000e+00 1.653328e+00
2.400000e+00 1.591222e+00
2.450000e+00 1.472294e+00
2.500000e+00 1.795243e+00
2.550000e+00 2.132660e+00
2.600000e+00 1.426565e+00
2.650000e+00 2.064449e+00
2.700000e+00 1.948122e+00
2.750000e+00 1.525759e+00
2.800000e+00 1.720481e+00
2.850000e+00 1.198139e+00
2.900000e+00 1.013593e+00
2.950000e+00 1.261877e+00
3.000000e+00 1.658000e+00
3.050000e+00 1.429790e+00
3.100000e+00 1.431268e+00
3.150000e+00 9.991570e-01
3.200000e+00 1.617393e+00
3.250000e+00 1.238413e+00
3.300000e+00 1.260491e+00
3.350000e+00 1.118076e+00
3.400000e+00 1.199783e+00
3.450000e+00 1.041000e+00
3.500000e+00 9.118807e-01
3.550000e+00 1.083168e+00
3.600000e+00 4.839051e-01
3.650000e+00 1.120876e+00
3.700000e+00 7.743950e-01
3.750000e+00 1.378450e+00
3.800000e+00 1.049335e+00
3.850000e+00 1.033095e+00
3.900000e+00 8.545629e-01
3.950000e+00 6.683660e-01
4.000000e+00 7.347035e-01
4.050000e+00 8.909311e-01
4.100000e+00 3.980748e-01
4.150000e+00 8.479760e-01
4.200000e+00 1.166040e-01
4.250000e+00 1.860233e-01
4.300000e+00 5.857254e-01
4.350000e+00 5.601041e-01
4.400000e+00 9.194545e-01
4.450000e+00 3.910799e-01
4.500000e+00 4.664941e-01
4.550000e+00 4.072623e-01
4.600000e+00 3.707322e-01
4.650000e+00 1.727253e-01
4.700000e+00 4.750313e-02
4.750000e+00 5.871154e-02
4.800000e+00 3.474820e-01
4.850000e+00 1.051725e-01
4.900000e+00 1.460306e-02
4.950000e+00 7.321817e-02
