0.000000e+00 2.569779e+00
5.000000e-02 2.564683e+00
1.000000e-01 2.611821e+00
1.500000e-01 2.623569e+00
2.000000e-01 2.643635e+00
2.500000e-01 2.739531e+00
3.000000e-01 2.727896e+00
3.500000e-01 2.596791e+00
4.000000e-01 2.645438e+00
4.500000e-01 2.634307e+00
5.000000e-01 2.553899e+00
5.500000e-01 2.597593e+00
6.000000e-01 2.880849e+00
6.500000e-01 3.007324e+00
7.000000e-01 3.064374e+00
7.500000e-01 2.957517e+00
8.000000e-01 3.329229e+00
8.500000e-01 3.164221e+00
9.000000e-01 3.102165e+00
9.500000e-01 2.904935e+00
1.000000e+00 2.737159e+00
1.050000e+00 2.984590e+00
1.100000e+00 2.626116e+00
1.150000e+00 2.395468e+00
1.200000e+00 3.001749e+00
1.250000e+00 3.116628e+00
1.300000e+00 2.662363e+00
1.350000e+00 2.701245e+00
1.400000e+00 2.696165e+00
1.450000e+00 2.407645e+00
1.500000e+00 2.551126e+00
1.550000e+00 2.545069e+00
1.600000e+00 2.006320e+00
1.650000e+00 1.911480e+00
1.700000e+00 2.188218e+00
1.750000e+00 2.240432e+00
1.800000e+00 2.229669e+00
1.850000e+00 1.995744e+00
1.900000e+00 2.339902e+00
1.950000e+00 2.059179e+00
2.000000e+00 1.999645e+00
2.050000e+00 1.715727e+00
2.100000e+00 1.844187e+00
2.150000e+00 2.034805e+00
2.200000e+00 1.675744e+00
2.250000e+00 1.952296e+00
2.300000e+00 1.476952e+00
2.350000e+00 1.377413e+00
2.400000e+00 1.634302e+00
2.450000e+00 1.768379e+00
2.500000e+00 1.578594e+00
2.550000e+00 1.330814e+00
2.600000e+00 1.621693e+00
2.650000e+00 1.880826e+00
2.700000e+00 1.360709e+00
2.750000e+00 1.866358e+00
2.800000e+00 8.965025e-01
2.850000e+00 1.476614e+00
2.900000e+00 1.311000e+00
2.950000e+00 1.094818e+00
3.000000e+00 1.009849e+00
3.050000e+00 9.437898e-01
3.100000e+00 1.140247e+00
3.150000e+00 1.332090e+00
3.200000e+00 1.547414e+00
3.250000e+00 7.179954e-01
3.300000e+00 1.665767e+00
3.350000e+00 1.261716e+00
3.400000e+00 6.060970e-01
3.450000e+00 1.160092e+00
3.500000e+00 1.242183e+00
3.550000e+00 4.429120e-01
3.600000e+00 1.152380e+00
3.650000e+00 8.884409e-01
3.700000e+00 9.500252e-01
3.750000e+00 3.659230e-01
3.800000e+00 8.829570e-01
3.850000e+00 6.079651e-01
3.900000e+00 4.717593e-01
3.950000e+00 6.187590e-01
4.000000e+00 9.429220e-01
4.050000e+00 1.067966e+00
4.100000e+00 1.152775e+00
4.150000e+00 9.115739e-01
4.200000e+00 5.614503e-01
4.250000e+00 1.002630e+00
4.300000e+00 6.265478e-01
4.350000e+00 1.190522e+00
4.400000e+00 9.350770e-01
4.450000e+00 1.265032e+00
4.500000e+00 8.733581e-01
4.550000e+00 2.879114e-01
4.600000e+00 1.168522e-01
4.650000e+00 2.252193e-01
4.700000e+00 1.778983e-01
4.750000e+00 5.158805e-01
4.800000e+00 1.434836e-01
4.850000e+00 3.646762e-01
4.900000e+00 1.929967e-01
4.950000e+00 3.412545e-01
