0.000000e+00 1.921850e+01
6.000000e-02 1.908691e+01
1.200000e-01 1.890174e+01
1.800000e-01 1.869425e+01
2.400000e-01 1.845021e+01
3.000000e-01 1.814226e+01
3.600000e-01 1.776225e+01
4.200000e-01 1.732926e+01
4.800000e-01 1.685569e+01
5.400000e-01 1.632214e+01
6.000000e-01 1.571780e+01
6.600000e-01 1.508692e+01
7.200000e-01 1.445671e+01
7.800000e-01 1.383887e+01
8.400000e-01 1.328320e+01
9.000000e-01 1.282338e+01
9.600000e-01 1.241634e+01
1.020000e+00 1.202229e+01
1.080000e+00 1.161964e+01
1.140000e+00 1.121195e+01
1.200000e+00 1.103613e+01
1.260000e+00 1.086801e+01
1.320000e+00 1.040288e+01
1.380000e+00 9.784613e+00
1.440000e+00 9.133251e+00
1.500000e+00 8.677706e+00
1.560000e+00 8.393288e+00
1.620000e+00 8.094919e+00
1.680000e+00 7.723941e+00
1.740000e+00 7.540507e+00
1.800000e+00 7.121053e+00
1.860000e+00 6.437301e+00
1.920000e+00 6.104631e+00
1.980000e+00 5.810070e+00
2.040000e+00 5.837962e+00
2.100000e+00 6.465168e+00
2.160000e+00 6.315630e+00
2.220000e+00 5.714938e+00
2.280000e+00 5.362413e+00
2.340000e+00 5.071639e+00
2.400000e+00 4.652413e+00
2.460000e+00 4.074298e+00
2.520000e+00 3.739054e+00
2.580000e+00 3.763878e+00
2.640000e+00 4.410278e+00
2.700000e+00 4.289796e+00
2.760000e+00 3.551605e+00
2.820000e+00 2.945574e+00
2.880000e+00 3.225443e+00
2.940000e+00 3.146504e+00
3.000000e+00 3.316040e+00
3.060000e+00 2.967576e+00
3.120000e+00 3.416163e+00
3.180000e+00 2.851748e+00
3.240000e+00 3.138871e+00
3.300000e+00 2.279597e+00
3.360000e+00 2.299435e+00
3.420000e+00 2.112831e+00
3.480000e+00 2.270724e+00
3.540000e+00 2.360040e+00
3.600000e+00 2.350709e+00
3.660000e+00 2.269703e+00
3.720000e+00 2.160786e+00
3.780000e+00 2.152836e+00
3.840000e+00 2.078253e+00
3.900000e+00 2.176381e+00
3.960000e+00 2.441575e+00
4.020000e+00 2.523683e+00
4.080000e+00 2.180590e+00
4.140000e+00 2.533933e+00
4.200000e+00 2.787228e+00
4.260000e+00 2.293836e+00
4.320000e+00 2.202505e+00
4.380000e+00 1.582643e+00
4.440000e+00 1.533499e+00
4.500000e+00 1.807195e+00
4.560000e+00 1.444499e+00
4.620000e+00 2.005817e+00
4.680000e+00 1.206234e+00
4.740000e+00 9.315764e-01
4.800000e+00 1.499745e+00
4.860000e+00 1.113932e+00
4.920000e+00 1.403843e+00
4.980000e+00 5.928273e-01
5.040000e+00 6.446889e-01
5.100000e+00 8.005465e-01
5.160000e+00 5.393150e-01
5.220000e+00 2.846926e-01
5.280000e+00 8.108048e-01
5.340000e+00 3.327667e-01
5.400000e+00 1.027318e+00
5.460000e+00 1.079938e+00
5.520000e+00 3.139216e-01
5.580000e+00 1.189693e+00
5.640000e+00 4.657843e-02
5.700000e+00 2.113853e-01
5.760000e+00 2.341133e-01
5.820000e+00 6.592043e-01
5.880000e+00 1.204344e-01
5.940000e+00 5.349450e-01
