0.000000e+00 1.927337e+00
3.000000e-02 1.921490e+00
6.000000e-02 1.846216e+00
9.000000e-02 1.642828e+00
1.200000e-01 1.484469e+00
1.500000e-01 1.581004e+00
1.800000e-01 1.591650e+00
2.100000e-01 1.715185e+00
2.400000e-01 1.843955e+00
2.700000e-01 1.967190e+00
3.000000e-01 1.968340e+00
3.300000e-01 1.944206e+00
3.600000e-01 1.910012e+00
3.900000e-01 1.861205e+00
4.200000e-01 1.798818e+00
4.500000e-01 1.732817e+00
4.800000e-01 1.679815e+00
5.100000e-01 1.655659e+00
5.400000e-01 1.667845e+00
5.700000e-01 1.711936e+00
6.000000e-01 1.772495e+00
6.300000e-01 1.824621e+00
6.600000e-01 1.823210e+00
6.900000e-01 1.672771e+00
7.200000e-01 1.321560e+00
7.500000e-01 1.046427e+00
7.800000e-01 1.407381e+00
8.100000e-01 1.784749e+00
8.400000e-01 1.657602e+00
8.700000e-01 1.636157e+00
9.000000e-01 1.688829e+00
9.300000e-01 1.770423e+00
9.600000e-01 1.848923e+00
9.900000e-01 1.902502e+00
1.020000e+00 1.923102e+00
1.050000e+00 1.916012e+00
1.080000e+00 1.893258e+00
1.110000e+00 1.866298e+00
1.140000e+00 1.842323e+00
1.170000e+00 1.824003e+00
1.200000e+00 1.810792e+00
1.230000e+00 1.800429e+00
1.260000e+00 1.790105e+00
1.290000e+00 1.777146e+00
1.320000e+00 1.759258e+00
1.350000e+00 1.734385e+00
1.380000e+00 1.700380e+00
1.410000e+00 1.654731e+00
1.440000e+00 1.594657e+00
1.470000e+00 1.517871e+00
1.500000e+00 1.423997e+00
1.530000e+00 1.316181e+00
1.560000e+00 1.202075e+00
1.590000e+00 1.093596e+00
1.620000e+00 1.005556e+00
1.650000e+00 9.535942e-01
1.680000e+00 9.515803e-01
1.710000e+00 1.008308e+00
1.740000e+00 1.123788e+00
1.770000e+00 1.286709e+00
1.800000e+00 1.474891e+00
1.830000e+00 1.658277e+00
1.860000e+00 1.801121e+00
1.890000e+00 1.861794e+00
1.920000e+00 1.799650e+00
1.950000e+00 1.610047e+00
1.980000e+00 1.368662e+00
2.010000e+00 1.187845e+00
2.040000e+00 1.112705e+00
2.070000e+00 1.115421e+00
2.100000e+00 1.153585e+00
2.130000e+00 1.199116e+00
2.160000e+00 1.238738e+00
2.190000e+00 1.268200e+00
2.220000e+00 1.287930e+00
2.250000e+00 1.300649e+00
2.280000e+00 1.310251e+00
2.310000e+00 1.321448e+00
2.340000e+00 1.339811e+00
2.370000e+00 1.371921e+00
2.400000e+00 1.425222e+00
2.430000e+00 1.507045e+00
2.460000e+00 1.621768e+00
2.490000e+00 1.764290e+00
2.520000e+00 1.907816e+00
2.550000e+00 1.990945e+00
2.580000e+00 1.931255e+00
2.610000e+00 1.694262e+00
2.640000e+00 1.349200e+00
2.670000e+00 1.008471e+00
2.700000e+00 7.380032e-01
2.730000e+00 5.477572e-01
2.760000e+00 4.231832e-01
2.790000e+00 3.470967e-01
2.820000e+00 3.070692e-01
2.850000e+00 2.962433e-01
2.880000e+00 3.122203e-01
2.910000e+00 3.553018e-01
2.940000e+00 4.260307e-01
2.970000e+00 5.222069e-01
