0.000000e+00 4.991781e+00
6.000000e-02 4.813021e+00
1.200000e-01 4.374527e+00
1.800000e-01 3.834879e+00
2.400000e-01 3.346718e+00
3.000000e-01 2.989938e+00
3.600000e-01 2.783250e+00
4.200000e-01 2.713848e+00
4.800000e-01 2.731162e+00
5.400000e-01 2.702451e+00
6.000000e-01 2.460729e+00
6.600000e-01 2.045898e+00
7.200000e-01 1.795012e+00
7.800000e-01 1.844591e+00
8.400000e-01 1.852804e+00
9.000000e-01 1.650445e+00
9.600000e-01 1.276821e+00
1.020000e+00 9.201843e-01
1.080000e+00 1.163670e+00
1.140000e+00 1.689654e+00
1.200000e+00 9.706274e-01
1.260000e+00 2.019276e+00
1.320000e+00 5.887181e-01
1.380000e+00 2.238004e-01
1.440000e+00 1.290104e-01
1.500000e+00 1.329278e-01
1.560000e+00 1.250199e+00
1.620000e+00 1.046145e-01
1.680000e+00 5.295113e-01
1.740000e+00 1.019202e+00
1.800000e+00 8.575793e-01
1.860000e+00 1.705540e+00
1.920000e+00 8.091236e-01
1.980000e+00 1.300401e+00
2.040000e+00 7.144281e-01
2.100000e+00 3.026137e-01
2.160000e+00 1.850687e-01
2.220000e+00 5.298121e-01
2.280000e+00 3.926544e-01
2.340000e+00 2.047990e-01
2.400000e+00 1.301329e-01
2.460000e+00 7.571899e-02
2.520000e+00 2.526533e-02
2.580000e+00 4.920055e-02
2.640000e+00 1.670809e-03
2.700000e+00 5.381348e-03
2.760000e+00 4.388805e-02
2.820000e+00 8.633867e-02
2.880000e+00 4.731305e-01
2.940000e+00 3.035464e-03
3.000000e+00 2.862055e-03
3.060000e+00 8.852958e-04
3.120000e+00 1.790070e-02
3.180000e+00 2.931383e-03
3.240000e+00 1.906374e-02
3.300000e+00 3.256635e-02
3.360000e+00 6.467231e-03
3.420000e+00 8.341099e-04
3.480000e+00 4.117253e-03
3.540000e+00 4.075243e-04
3.600000e+00 5.536475e-04
3.660000e+00 2.884120e-04
3.720000e+00 9.262373e-05
3.780000e+00 1.010495e-03
3.840000e+00 5.730302e-04
3.900000e+00 3.582809e-05
3.960000e+00 3.054442e-05
4.020000e+00 8.004446e-06
4.080000e+00 1.106400e-04
4.140000e+00 2.377679e-05
4.200000e+00 1.803517e-06
4.260000e+00 2.668259e-07
4.320000e+00 3.469430e-08
4.380000e+00 2.248166e-08
4.440000e+00 1.942204e-06
4.500000e+00 8.621821e-07
4.560000e+00 1.831663e-07
4.620000e+00 1.765248e-06
4.680000e+00 1.386271e-05
4.740000e+00 1.256976e-04
4.800000e+00 6.891770e-04
4.860000e+00 5.162764e-06
4.920000e+00 1.253808e-03
4.980000e+00 3.123361e-04
5.040000e+00 4.678098e-05
5.100000e+00 5.250512e-08
5.160000e+00 4.635455e-08
5.220000e+00 5.676839e-08
5.280000e+00 1.355993e-09
5.340000e+00 5.455714e-10
5.400000e+00 3.110118e-07
5.460000e+00 1.647664e-05
5.520000e+00 1.022603e-05
5.580000e+00 6.990248e-07
5.640000e+00 2.532622e-08
5.700000e+00 1.396416e-10
5.760000e+00 3.640858e-11
5.820000e+00 9.699040e-12
5.880000e+00 1.613973e-11
5.940000e+00 4.355676e-11
