0.000000e+00 4.991781e+00
6.000000e-02 4.800476e+00
1.200000e-01 4.973511e+00
1.800000e-01 5.417917e+00
2.400000e-01 4.318686e+00
3.000000e-01 3.842063e+00
3.600000e-01 3.500579e+00
4.200000e-01 3.112256e+00
4.800000e-01 2.611830e+00
5.400000e-01 2.017482e+00
6.000000e-01 1.815856e+00
6.600000e-01 2.630772e+00
7.200000e-01 2.075980e+00
7.800000e-01 2.017484e+00
8.400000e-01 1.890954e+00
9.000000e-01 1.727042e+00
9.600000e-01 1.584743e+00
1.020000e+00 1.677774e+00
1.080000e+00 1.718000e+00
1.140000e+00 1.107001e+00
1.200000e+00 9.107244e-01
1.260000e+00 1.250271e+00
1.320000e+00 5.880413e-01
1.380000e+00 3.796418e-01
1.440000e+00 2.352424e-01
1.500000e+00 1.396214e-01
1.560000e+00 1.253841e-01
1.620000e+00 5.738669e-01
1.680000e+00 1.834788e+00
1.740000e+00 1.685818e+00
1.800000e+00 1.834073e+00
1.860000e+00 1.979538e+00
1.920000e+00 3.772556e-01
1.980000e+00 9.427543e-02
2.040000e+00 4.327701e-02
2.100000e+00 4.576175e-02
2.160000e+00 1.799913e-02
2.220000e+00 3.441119e-02
2.280000e+00 8.797904e-02
2.340000e+00 3.027642e-01
2.400000e+00 5.898094e-01
2.460000e+00 5.224233e-01
2.520000e+00 1.609842e-01
2.580000e+00 6.990805e-03
2.640000e+00 1.121986e-02
2.700000e+00 5.662214e-03
2.760000e+00 3.544926e-03
2.820000e+00 4.746314e-02
2.880000e+00 1.799117e-03
2.940000e+00 7.510474e-04
3.000000e+00 4.626475e-03
3.060000e+00 2.506490e-04
3.120000e+00 7.417089e-05
3.180000e+00 1.045377e-04
3.240000e+00 3.040135e-04
3.300000e+00 2.162187e-04
3.360000e+00 4.138614e-04
3.420000e+00 3.816178e-03
3.480000e+00 1.362371e-04
3.540000e+00 1.385836e-04
3.600000e+00 7.521991e-04
3.660000e+00 1.256897e-03
3.720000e+00 4.834891e-02
3.780000e+00 1.113678e-02
3.840000e+00 1.691673e-02
3.900000e+00 6.775746e-03
3.960000e+00 6.201139e-02
4.020000e+00 1.754653e-04
4.080000e+00 5.946476e-03
4.140000e+00 1.399681e-03
4.200000e+00 2.709363e-03
4.260000e+00 1.020048e-04
4.320000e+00 3.836620e-07
4.380000e+00 2.516283e-04
4.440000e+00 1.244108e-06
4.500000e+00 4.437215e-06
4.560000e+00 3.405545e-06
4.620000e+00 3.490394e-06
4.680000e+00 7.113156e-07
4.740000e+00 5.978880e-08
4.800000e+00 9.961156e-07
4.860000e+00 1.999689e-06
4.920000e+00 9.648124e-07
4.980000e+00 1.767767e-06
5.040000e+00 1.105319e-07
5.100000e+00 1.951249e-09
5.160000e+00 4.901933e-08
5.220000e+00 1.185394e-10
5.280000e+00 7.026051e-10
5.340000e+00 1.100552e-09
5.400000e+00 1.096638e-09
5.460000e+00 1.425368e-10
5.520000e+00 5.978795e-08
5.580000e+00 1.321214e-07
5.640000e+00 5.643257e-06
5.700000e+00 8.303837e-10
5.760000e+00 1.305849e-09
5.820000e+00 1.300640e-08
5.880000e+00 3.507652e-10
5.940000e+00 2.973026e-10
