0.000000e+00 4.991781e+00
6.000000e-02 4.819132e+00
1.200000e-01 4.453854e+00
1.800000e-01 3.961891e+00
2.400000e-01 3.488534e+00
3.000000e-01 3.202201e+00
3.600000e-01 3.890382e+00
4.200000e-01 3.444230e+00
4.800000e-01 2.893735e+00
5.400000e-01 2.655137e+00
6.000000e-01 2.382741e+00
6.600000e-01 2.000152e+00
7.200000e-01 1.608363e+00
7.800000e-01 1.330404e+00
8.400000e-01 1.238162e+00
9.000000e-01 1.346793e+00
9.600000e-01 1.349474e+00
1.020000e+00 1.323838e+00
1.080000e+00 1.511918e+00
1.140000e+00 1.726791e+00
1.200000e+00 1.699463e+00
1.260000e+00 1.552307e+00
1.320000e+00 1.089738e+00
1.380000e+00 1.014993e+00
1.440000e+00 8.924702e-01
1.500000e+00 2.362414e-01
1.560000e+00 1.322587e-01
1.620000e+00 1.095744e-01
1.680000e+00 3.753566e-01
1.740000e+00 2.050438e-01
1.800000e+00 3.044870e-01
1.860000e+00 6.304220e-01
1.920000e+00 3.169439e-01
1.980000e+00 4.458574e-01
2.040000e+00 1.266348e+00
2.100000e+00 2.856880e-01
2.160000e+00 2.444240e-01
2.220000e+00 7.793064e-02
2.280000e+00 2.447880e-02
2.340000e+00 2.970834e-02
2.400000e+00 4.379048e-02
2.460000e+00 1.202424e-01
2.520000e+00 2.204805e-02
2.580000e+00 3.166013e-01
2.640000e+00 2.869641e-03
2.700000e+00 6.105606e-04
2.760000e+00 2.082939e-02
2.820000e+00 2.551538e-02
2.880000e+00 2.405194e-02
2.940000e+00 5.281821e-03
3.000000e+00 8.645666e-02
3.060000e+00 7.223108e-04
3.120000e+00 2.927281e-04
3.180000e+00 1.662874e-02
3.240000e+00 7.825714e-03
3.300000e+00 3.043331e-04
3.360000e+00 2.356619e-01
3.420000e+00 1.538412e-04
3.480000e+00 7.769647e-06
3.540000e+00 1.669663e-05
3.600000e+00 1.786137e-06
3.660000e+00 4.925531e-03
3.720000e+00 4.150844e-04
3.780000e+00 1.149322e-03
3.840000e+00 6.187644e-07
3.900000e+00 5.467819e-05
3.960000e+00 9.312994e-05
4.020000e+00 2.404483e-03
4.080000e+00 2.751185e-05
4.140000e+00 3.336406e-05
4.200000e+00 4.798356e-05
4.260000e+00 1.084952e-03
4.320000e+00 3.177387e-04
4.380000e+00 2.602894e-05
4.440000e+00 2.253280e-04
4.500000e+00 6.800846e-03
4.560000e+00 7.796092e-02
4.620000e+00 3.370858e-03
4.680000e+00 5.574862e-03
4.740000e+00 5.473059e-05
4.800000e+00 1.171975e-05
4.860000e+00 3.121477e-06
4.920000e+00 3.061381e-06
4.980000e+00 6.361117e-05
5.040000e+00 2.104454e-06
5.100000e+00 3.435127e-07
5.160000e+00 4.123402e-07
5.220000e+00 3.020997e-08
5.280000e+00 2.434356e-05
5.340000e+00 1.163530e-05
5.400000e+00 1.833250e-09
5.460000e+00 1.673935e-09
5.520000e+00 1.585776e-07
5.580000e+00 1.002220e-09
5.640000e+00 4.712121e-11
5.700000e+00 5.768364e-11
5.760000e+00 2.657206e-11
5.820000e+00 1.122495e-12
5.880000e+00 6.872440e-13
5.940000e+00 5.269223e-12
