0.000000e+00 4.991781e+00
6.000000e-02 5.021078e+00
1.200000e-01 5.005992e+00
1.800000e-01 4.909849e+00
2.400000e-01 4.708952e+00
3.000000e-01 4.397467e+00
3.600000e-01 4.022331e+00
4.200000e-01 3.610428e+00
4.800000e-01 3.103295e+00
5.400000e-01 2.515519e+00
6.000000e-01 2.125226e+00
6.600000e-01 2.077267e+00
7.200000e-01 2.403257e+00
7.800000e-01 3.011657e+00
8.400000e-01 2.920418e+00
9.000000e-01 2.538747e+00
9.600000e-01 2.641241e+00
1.020000e+00 1.507026e+00
1.080000e+00 1.024511e+00
1.140000e+00 7.066565e-01
1.200000e+00 4.573829e-01
1.260000e+00 2.769096e-01
1.320000e+00 1.681600e-01
1.380000e+00 1.056130e-01
1.440000e+00 1.261624e-01
1.500000e+00 4.336102e-01
1.560000e+00 3.024463e-01
1.620000e+00 2.681786e-01
1.680000e+00 5.512832e-01
1.740000e+00 6.502700e-01
1.800000e+00 6.771137e-01
1.860000e+00 6.142555e-02
1.920000e+00 1.798071e-02
1.980000e+00 1.954040e-02
2.040000e+00 2.021578e-01
2.100000e+00 1.930581e-01
2.160000e+00 1.819840e-01
2.220000e+00 2.970998e-01
2.280000e+00 8.535205e-02
2.340000e+00 2.422913e-02
2.400000e+00 1.293430e-01
2.460000e+00 3.476536e-03
2.520000e+00 1.970107e-04
2.580000e+00 1.216535e-03
2.640000e+00 4.197316e-03
2.700000e+00 9.531253e-03
2.760000e+00 4.883107e-02
2.820000e+00 7.517088e-01
2.880000e+00 3.285855e-01
2.940000e+00 4.291604e-04
3.000000e+00 1.122113e-03
3.060000e+00 5.472429e-05
3.120000e+00 4.339251e-05
3.180000e+00 1.279654e-05
3.240000e+00 4.286216e-04
3.300000e+00 4.810069e-06
3.360000e+00 5.247671e-04
3.420000e+00 2.895316e-02
3.480000e+00 2.058528e-02
3.540000e+00 2.681476e-04
3.600000e+00 4.507100e-03
3.660000e+00 2.541627e-03
3.720000e+00 3.223615e-03
3.780000e+00 2.091340e-02
3.840000e+00 2.226127e-04
3.900000e+00 2.017559e-05
3.960000e+00 1.864028e-05
4.020000e+00 1.152324e-04
4.080000e+00 8.550670e-06
4.140000e+00 2.049467e-06
4.200000e+00 1.128374e-07
4.260000e+00 3.402953e-08
4.320000e+00 2.971105e-08
4.380000e+00 2.343546e-08
4.440000e+00 2.872032e-07
4.500000e+00 5.678142e-06
4.560000e+00 5.227946e-07
4.620000e+00 2.632800e-07
4.680000e+00 1.972391e-09
4.740000e+00 2.660527e-10
4.800000e+00 1.210859e-10
4.860000e+00 5.483666e-11
4.920000e+00 8.752386e-11
4.980000e+00 8.108277e-10
5.040000e+00 5.192866e-08
5.100000e+00 4.985760e-08
5.160000e+00 3.006634e-09
5.220000e+00 2.306762e-09
5.280000e+00 4.238029e-10
5.340000e+00 1.739070e-09
5.400000e+00 7.656645e-11
5.460000e+00 2.987756e-11
5.520000e+00 2.696208e-08
5.580000e+00 1.733211e-09
5.640000e+00 3.608652e-12
5.700000e+00 5.568995e-10
5.760000e+00 1.125002e-10
5.820000e+00 1.041384e-12
5.880000e+00 5.021071e-12
5.940000e+00 2.834265e-13
