0.000000e+00 4.991781e+00
6.000000e-02 5.161870e+00
1.200000e-01 4.895204e+00
1.800000e-01 4.503591e+00
2.400000e-01 4.190029e+00
3.000000e-01 4.022125e+00
3.600000e-01 3.996497e+00
4.200000e-01 4.037519e+00
4.800000e-01 4.032216e+00
5.400000e-01 3.881286e+00
6.000000e-01 3.537971e+00
6.600000e-01 3.035793e+00
7.200000e-01 2.658641e+00
7.800000e-01 2.665942e+00
8.400000e-01 2.377258e+00
9.000000e-01 1.487686e+00
9.600000e-01 1.962835e+00
1.020000e+00 1.351805e+00
1.080000e+00 9.054541e-01
1.140000e+00 7.101615e-01
1.200000e+00 7.482120e-01
1.260000e+00 2.087002e+00
1.320000e+00 1.445515e+00
1.380000e+00 1.822137e+00
1.440000e+00 3.152399e-01
1.500000e+00 1.426841e-01
1.560000e+00 1.283119e-01
1.620000e+00 9.798769e-02
1.680000e+00 8.282957e-02
1.740000e+00 2.430497e-01
1.800000e+00 1.969792e+00
1.860000e+00 2.168478e-01
1.920000e+00 1.712724e-01
1.980000e+00 5.200843e-02
2.040000e+00 2.280281e-02
2.100000e+00 5.043175e-02
2.160000e+00 2.811228e-02
2.220000e+00 5.291710e-02
2.280000e+00 1.361312e-01
2.340000e+00 1.959338e-01
2.400000e+00 2.476244e-01
2.460000e+00 1.229331e+00
2.520000e+00 1.613612e+00
2.580000e+00 4.597712e-01
2.640000e+00 3.460804e-01
2.700000e+00 3.312547e-01
2.760000e+00 1.072943e-01
2.820000e+00 1.641695e-01
2.880000e+00 2.973541e-01
2.940000e+00 1.684586e-01
3.000000e+00 3.921355e-01
3.060000e+00 5.631939e-03
3.120000e+00 4.603742e-02
3.180000e+00 8.331644e-02
3.240000e+00 9.291337e-03
3.300000e+00 3.383644e-03
3.360000e+00 6.541878e-04
3.420000e+00 1.734885e-02
3.480000e+00 2.245495e-02
3.540000e+00 1.464757e-02
3.600000e+00 1.827801e-01
3.660000e+00 4.463108e-01
3.720000e+00 1.284354e-03
3.780000e+00 5.778571e-04
3.840000e+00 1.370579e-02
3.900000e+00 1.121889e-02
3.960000e+00 8.106428e-02
4.020000e+00 3.337512e-01
4.080000e+00 4.948204e-04
4.140000e+00 1.530351e-04
4.200000e+00 1.830621e-03
4.260000e+00 4.623326e-04
4.320000e+00 9.548800e-05
4.380000e+00 1.569574e-02
4.440000e+00 2.162224e-04
4.500000e+00 1.388273e-03
4.560000e+00 1.144306e-04
4.620000e+00 1.554173e-02
4.680000e+00 8.153367e-05
4.740000e+00 5.637606e-02
4.800000e+00 1.183553e-04
4.860000e+00 5.972014e-05
4.920000e+00 1.484075e-04
4.980000e+00 4.424018e-02
5.040000e+00 6.822947e-05
5.100000e+00 6.331463e-05
5.160000e+00 4.555835e-04
5.220000e+00 1.038580e-05
5.280000e+00 2.523101e-04
5.340000e+00 1.585806e-05
5.400000e+00 5.735477e-09
5.460000e+00 3.502037e-07
5.520000e+00 2.296871e-08
5.580000e+00 1.278044e-08
5.640000e+00 4.221473e-07
5.700000e+00 9.069779e-08
5.760000e+00 1.080571e-09
5.820000e+00 5.252747e-12
5.880000e+00 1.117315e-11
5.940000e+00 5.518327e-12
