0.000000e+00 4.991781e+00
6.000000e-02 4.514429e+00
1.200000e-01 4.114390e+00
1.800000e-01 4.039239e+00
2.400000e-01 3.814278e+00
3.000000e-01 3.586360e+00
3.600000e-01 3.387992e+00
4.200000e-01 3.227422e+00
4.800000e-01 3.031152e+00
5.400000e-01 2.552296e+00
6.000000e-01 1.878742e+00
6.600000e-01 1.253234e+00
7.200000e-01 8.840654e-01
7.800000e-01 9.684160e-01
8.400000e-01 1.338994e+00
9.000000e-01 1.771624e+00
9.600000e-01 2.019144e+00
1.020000e+00 2.130676e+00
1.080000e+00 2.220326e+00
1.140000e+00 2.213732e+00
1.200000e+00 2.017918e+00
1.260000e+00 1.834994e+00
1.320000e+00 1.909926e+00
1.380000e+00 2.254197e+00
1.440000e+00 1.150444e+00
1.500000e+00 7.316133e-01
1.560000e+00 7.042887e-01
1.620000e+00 1.283814e+00
1.680000e+00 1.266050e+00
1.740000e+00 8.278653e-01
1.800000e+00 2.181680e+00
1.860000e+00 9.090675e-01
1.920000e+00 3.735761e-01
1.980000e+00 5.936974e-01
2.040000e+00 7.682561e-01
2.100000e+00 8.440455e-01
2.160000e+00 4.868839e-01
2.220000e+00 9.933781e-01
2.280000e+00 1.490567e-02
2.340000e+00 1.345430e-03
2.400000e+00 1.222935e-01
2.460000e+00 1.017843e-01
2.520000e+00 2.191057e-01
2.580000e+00 6.738540e-01
2.640000e+00 5.473127e-02
2.700000e+00 8.387769e-03
2.760000e+00 5.948453e-03
2.820000e+00 1.866447e-03
2.880000e+00 3.822730e-04
2.940000e+00 4.452655e-03
3.000000e+00 7.451197e-03
3.060000e+00 7.953364e-03
3.120000e+00 1.188943e-02
3.180000e+00 7.379604e-02
3.240000e+00 1.201003e-01
3.300000e+00 4.332622e-03
3.360000e+00 2.297713e-04
3.420000e+00 1.192981e-03
3.480000e+00 3.134254e-04
3.540000e+00 2.825611e-04
3.600000e+00 3.580407e-06
3.660000e+00 6.236699e-07
3.720000e+00 8.067955e-06
3.780000e+00 6.708124e-03
3.840000e+00 3.952681e-04
3.900000e+00 1.072693e-05
3.960000e+00 6.205676e-06
4.020000e+00 5.254956e-05
4.080000e+00 5.478019e-04
4.140000e+00 5.518766e-03
4.200000e+00 7.360584e-04
4.260000e+00 2.481510e-02
4.320000e+00 6.851514e-04
4.380000e+00 2.541517e-01
4.440000e+00 5.336007e-03
4.500000e+00 4.761534e-04
4.560000e+00 5.139464e-05
4.620000e+00 1.074157e-05
4.680000e+00 2.754002e-02
4.740000e+00 1.430683e-05
4.800000e+00 2.737963e-06
4.860000e+00 6.025250e-07
4.920000e+00 7.241292e-07
4.980000e+00 5.404167e-07
5.040000e+00 6.363222e-08
5.100000e+00 1.374944e-08
5.160000e+00 9.187609e-06
5.220000e+00 5.824791e-06
5.280000e+00 1.454123e-05
5.340000e+00 2.396577e-03
5.400000e+00 1.913566e-03
5.460000e+00 7.150152e-06
5.520000e+00 5.588948e-08
5.580000e+00 6.566000e-04
5.640000e+00 4.445203e-08
5.700000e+00 5.119952e-09
5.760000e+00 1.324775e-09
5.820000e+00 1.628867e-07
5.880000e+00 7.835723e-06
5.940000e+00 1.030506e-04
