0.000000e+00 1.835225e+00
6.000000e-02 1.774125e+00
1.200000e-01 1.826746e+00
1.800000e-01 1.770333e+00
2.400000e-01 1.686565e+00
3.000000e-01 1.662293e+00
3.600000e-01 1.996840e+00
4.200000e-01 1.260271e+00
4.800000e-01 4.760157e-01
5.400000e-01 4.696400e-01
6.000000e-01 3.686834e-01
6.600000e-01 2.901242e-01
7.200000e-01 2.563026e-01
7.800000e-01 2.787728e-01
8.400000e-01 1.884368e-01
9.000000e-01 3.070752e-01
9.600000e-01 7.375907e-01
1.020000e+00 1.849325e+00
1.080000e+00 1.923057e+00
1.140000e+00 1.696568e+00
1.200000e+00 2.017663e+00
1.260000e+00 1.395978e+00
1.320000e+00 1.017018e+00
1.380000e+00 1.063366e+00
1.440000e+00 9.939542e-01
1.500000e+00 7.329917e-01
1.560000e+00 5.843281e-01
1.620000e+00 4.286526e-01
1.680000e+00 2.818161e-01
1.740000e+00 1.311299e+00
1.800000e+00 1.462382e+00
1.860000e+00 8.040911e-01
1.920000e+00 9.403191e-01
1.980000e+00 1.997905e-01
2.040000e+00 8.068756e-01
2.100000e+00 1.556107e+00
2.160000e+00 1.668272e+00
2.220000e+00 2.439950e-01
2.280000e+00 1.347705e-01
2.340000e+00 7.391504e-01
2.400000e+00 4.042949e-01
2.460000e+00 1.265831e+00
2.520000e+00 2.108612e-01
2.580000e+00 3.603587e-03
2.640000e+00 1.255190e-01
2.700000e+00 4.552562e-01
2.760000e+00 4.560589e-02
2.820000e+00 7.131072e-01
2.880000e+00 5.165918e-03
2.940000e+00 7.893285e-03
3.000000e+00 9.785504e-03
3.060000e+00 3.552583e-03
3.120000e+00 1.964201e-01
3.180000e+00 1.119890e-03
3.240000e+00 9.446118e-02
3.300000e+00 1.090815e-01
3.360000e+00 2.996237e-03
3.420000e+00 2.116911e-01
3.480000e+00 7.174106e-01
3.540000e+00 1.728533e+00
3.600000e+00 1.962209e+00
3.660000e+00 3.561501e-01
3.720000e+00 2.962802e-03
3.780000e+00 3.749030e-04
3.840000e+00 6.652420e-03
3.900000e+00 9.478846e-04
3.960000e+00 2.719423e-04
4.020000e+00 4.681511e-05
4.080000e+00 1.524687e-04
4.140000e+00 1.340322e-04
4.200000e+00 1.095431e-04
4.260000e+00 2.046352e-04
4.320000e+00 3.333604e-03
4.380000e+00 6.100715e-04
4.440000e+00 4.702588e-06
4.500000e+00 1.273935e-07
4.560000e+00 1.489716e-05
4.620000e+00 6.676410e-05
4.680000e+00 3.573578e-07
4.740000e+00 2.981950e-06
4.800000e+00 9.893884e-06
4.860000e+00 2.803401e-07
4.920000e+00 1.836373e-06
4.980000e+00 3.075655e-06
5.040000e+00 3.947453e-05
5.100000e+00 1.642329e-05
5.160000e+00 1.796101e-07
5.220000e+00 1.882152e-07
5.280000e+00 2.555142e-06
5.340000e+00 4.913116e-09
5.400000e+00 3.364320e-08
5.460000e+00 3.972953e-04
5.520000e+00 4.483140e-06
5.580000e+00 4.234882e-06
5.640000e+00 4.908640e-08
5.700000e+00 3.496433e-05
5.760000e+00 1.523568e-07
5.820000e+00 1.270437e-05
5.880000e+00 2.250494e-09
5.940000e+00 1.487353e-09
