0.000000e+00 1.835225e+00
6.000000e-02 1.732087e+00
1.200000e-01 1.961469e+00
1.800000e-01 1.919539e+00
2.400000e-01 1.838968e+00
3.000000e-01 1.726287e+00
3.600000e-01 1.305635e+00
4.200000e-01 4.424094e-01
4.800000e-01 7.931528e-01
5.400000e-01 1.708165e+00
6.000000e-01 1.861048e+00
6.600000e-01 1.793984e+00
7.200000e-01 1.671842e+00
7.800000e-01 1.483005e+00
8.400000e-01 1.252378e+00
9.000000e-01 1.072716e+00
9.600000e-01 1.078348e+00
1.020000e+00 7.011278e-01
1.080000e+00 9.220334e-01
1.140000e+00 1.450180e+00
1.200000e+00 9.112936e-01
1.260000e+00 1.279708e+00
1.320000e+00 1.453030e+00
1.380000e+00 1.430862e+00
1.440000e+00 1.713459e+00
1.500000e+00 1.306227e+00
1.560000e+00 4.351611e-01
1.620000e+00 1.911372e+00
1.680000e+00 1.893157e-01
1.740000e+00 1.429271e+00
1.800000e+00 3.551293e-01
1.860000e+00 1.288091e-01
1.920000e+00 5.994006e-02
1.980000e+00 8.136214e-01
2.040000e+00 6.458912e-01
2.100000e+00 8.154265e-01
2.160000e+00 8.399254e-01
2.220000e+00 1.444000e+00
2.280000e+00 8.506512e-01
2.340000e+00 7.821916e-01
2.400000e+00 1.845219e+00
2.460000e+00 1.431948e+00
2.520000e+00 7.283448e-01
2.580000e+00 7.363980e-02
2.640000e+00 4.598558e-01
2.700000e+00 3.618211e-01
2.760000e+00 8.306721e-01
2.820000e+00 2.833124e-01
2.880000e+00 1.721200e+00
2.940000e+00 4.810058e-01
3.000000e+00 4.753451e-02
3.060000e+00 8.806630e-01
3.120000e+00 6.988344e-02
3.180000e+00 4.372755e-02
3.240000e+00 1.462050e-02
3.300000e+00 2.475338e-02
3.360000e+00 6.455967e-02
3.420000e+00 1.658826e-02
3.480000e+00 8.115679e-02
3.540000e+00 7.740155e-03
3.600000e+00 9.114746e-02
3.660000e+00 1.377678e-01
3.720000e+00 1.108757e-04
3.780000e+00 6.347936e-04
3.840000e+00 4.353851e-06
3.900000e+00 2.502971e-05
3.960000e+00 1.501791e-05
4.020000e+00 9.550674e-04
4.080000e+00 8.637182e-03
4.140000e+00 2.711925e-03
4.200000e+00 9.652426e-04
4.260000e+00 6.167165e-03
4.320000e+00 3.406019e-02
4.380000e+00 1.993906e-04
4.440000e+00 4.512805e-04
4.500000e+00 4.693893e-04
4.560000e+00 1.474862e-04
4.620000e+00 1.683689e-03
4.680000e+00 6.976435e-05
4.740000e+00 2.020816e-04
4.800000e+00 5.936671e-03
4.860000e+00 1.771024e-01
4.920000e+00 3.443467e-03
4.980000e+00 1.716699e-03
5.040000e+00 2.407038e-03
5.100000e+00 2.106517e-03
5.160000e+00 9.269155e-04
5.220000e+00 2.243611e-05
5.280000e+00 2.589274e-06
5.340000e+00 4.458864e-07
5.400000e+00 9.403094e-08
5.460000e+00 1.921908e-06
5.520000e+00 2.611855e-06
5.580000e+00 3.897446e-06
5.640000e+00 1.482790e-07
5.700000e+00 2.427881e-07
5.760000e+00 5.001153e-05
5.820000e+00 6.949100e-07
5.880000e+00 8.601009e-09
5.940000e+00 1.399760e-09
