0.000000e+00 1.835225e+00
6.000000e-02 1.866210e+00
1.200000e-01 1.914599e+00
1.800000e-01 1.312978e+00
2.400000e-01 1.765687e+00
3.000000e-01 1.862623e+00
3.600000e-01 1.928375e+00
4.200000e-01 1.940047e+00
4.800000e-01 1.600993e+00
5.400000e-01 1.291297e+00
6.000000e-01 1.692466e+00
6.600000e-01 1.904294e+00
7.200000e-01 1.963816e+00
7.800000e-01 1.926433e+00
8.400000e-01 1.814563e+00
9.000000e-01 1.628451e+00
9.600000e-01 1.476027e+00
1.020000e+00 1.534016e+00
1.080000e+00 1.525986e+00
1.140000e+00 1.082344e+00
1.200000e+00 1.693283e+00
1.260000e+00 2.040713e+00
1.320000e+00 2.062891e+00
1.380000e+00 1.183564e+00
1.440000e+00 8.913363e-01
1.500000e+00 1.810666e+00
1.560000e+00 1.943635e+00
1.620000e+00 1.407866e+00
1.680000e+00 1.190664e+00
1.740000e+00 3.881020e-01
1.800000e+00 6.485118e-01
1.860000e+00 1.452881e+00
1.920000e+00 3.848180e-02
1.980000e+00 6.987759e-02
2.040000e+00 1.084617e+00
2.100000e+00 1.047402e+00
2.160000e+00 4.083951e-01
2.220000e+00 7.590415e-01
2.280000e+00 1.084819e+00
2.340000e+00 6.296332e-01
2.400000e+00 2.053618e-02
2.460000e+00 4.134911e-01
2.520000e+00 9.473338e-01
2.580000e+00 1.054547e+00
2.640000e+00 1.906958e-01
2.700000e+00 9.946894e-02
2.760000e+00 2.889597e-02
2.820000e+00 6.381317e-02
2.880000e+00 1.651105e-02
2.940000e+00 2.731866e-02
3.000000e+00 4.041944e-02
3.060000e+00 1.813616e+00
3.120000e+00 1.160960e-02
3.180000e+00 1.247294e-01
3.240000e+00 1.351668e-02
3.300000e+00 3.009350e-03
3.360000e+00 1.629506e-02
3.420000e+00 2.471084e-01
3.480000e+00 4.844307e-02
3.540000e+00 1.567465e-02
3.600000e+00 1.029010e-02
3.660000e+00 2.834796e-02
3.720000e+00 8.814686e-04
3.780000e+00 5.096672e-02
3.840000e+00 5.341154e-01
3.900000e+00 2.958986e-01
3.960000e+00 7.693575e-02
4.020000e+00 1.588190e-02
4.080000e+00 1.353923e-02
4.140000e+00 9.457996e-01
4.200000e+00 1.054228e-02
4.260000e+00 1.213299e+00
4.320000e+00 1.996363e-03
4.380000e+00 1.574919e-04
4.440000e+00 2.200597e-04
4.500000e+00 1.139819e-03
4.560000e+00 1.446471e-02
4.620000e+00 5.866189e-02
4.680000e+00 1.113824e-03
4.740000e+00 3.267780e-01
4.800000e+00 2.217297e-04
4.860000e+00 3.557244e-04
4.920000e+00 1.652006e-05
4.980000e+00 4.563363e-06
5.040000e+00 2.725714e-04
5.100000e+00 1.825021e-03
5.160000e+00 1.062468e-03
5.220000e+00 8.210119e-05
5.280000e+00 3.414008e-06
5.340000e+00 1.961636e-06
5.400000e+00 3.636320e-06
5.460000e+00 2.905394e-04
5.520000e+00 4.618747e-07
5.580000e+00 5.238876e-08
5.640000e+00 9.903754e-06
5.700000e+00 9.087077e-08
5.760000e+00 1.965405e-07
5.820000e+00 2.358319e-09
5.880000e+00 1.234876e-09
5.940000e+00 1.921392e-09
