0.000000e+00 1.835225e+00
6.000000e-02 1.839512e+00
1.200000e-01 1.831018e+00
1.800000e-01 1.804561e+00
2.400000e-01 1.732319e+00
3.000000e-01 1.481026e+00
3.600000e-01 6.959364e-01
4.200000e-01 1.520973e+00
4.800000e-01 1.785843e+00
5.400000e-01 1.697584e+00
6.000000e-01 1.296437e+00
6.600000e-01 1.529757e+00
7.200000e-01 1.694866e+00
7.800000e-01 1.774605e+00
8.400000e-01 1.908612e+00
9.000000e-01 1.116375e+00
9.600000e-01 1.353705e+00
1.020000e+00 1.593345e+00
1.080000e+00 1.903526e+00
1.140000e+00 1.764981e+00
1.200000e+00 6.001893e-01
1.260000e+00 1.050449e+00
1.320000e+00 9.718881e-01
1.380000e+00 1.725505e+00
1.440000e+00 9.661497e-01
1.500000e+00 9.312210e-01
1.560000e+00 1.819354e+00
1.620000e+00 1.645558e+00
1.680000e+00 2.815228e-01
1.740000e+00 2.376234e-01
1.800000e+00 1.170379e+00
1.860000e+00 7.823244e-01
1.920000e+00 9.619121e-02
1.980000e+00 1.999538e+00
2.040000e+00 9.250912e-02
2.100000e+00 2.050862e-01
2.160000e+00 8.153283e-01
2.220000e+00 2.930403e-01
2.280000e+00 1.889287e-02
2.340000e+00 4.615261e-01
2.400000e+00 2.317451e-01
2.460000e+00 1.550432e+00
2.520000e+00 2.376008e-02
2.580000e+00 4.308177e-01
2.640000e+00 9.012739e-03
2.700000e+00 9.263981e-02
2.760000e+00 3.914375e-01
2.820000e+00 1.286178e-01
2.880000e+00 3.098748e-02
2.940000e+00 5.421465e-03
3.000000e+00 6.189395e-02
3.060000e+00 1.200941e-02
3.120000e+00 1.120619e-03
3.180000e+00 1.234410e-03
3.240000e+00 7.140640e-04
3.300000e+00 4.247682e-01
3.360000e+00 1.593408e-01
3.420000e+00 9.720035e-02
3.480000e+00 4.860532e-02
3.540000e+00 8.023638e-03
3.600000e+00 1.209755e-02
3.660000e+00 5.452868e-03
3.720000e+00 2.086418e-02
3.780000e+00 1.931489e-02
3.840000e+00 2.389927e-03
3.900000e+00 2.772725e-04
3.960000e+00 3.174481e-04
4.020000e+00 1.232898e-02
4.080000e+00 2.598082e-03
4.140000e+00 1.695393e-02
4.200000e+00 1.044833e-03
4.260000e+00 4.147347e-01
4.320000e+00 8.881927e-04
4.380000e+00 3.400511e-03
4.440000e+00 3.008337e-05
4.500000e+00 3.728432e-03
4.560000e+00 3.656043e-03
4.620000e+00 2.324134e-06
4.680000e+00 8.789987e-08
4.740000e+00 2.777888e-07
4.800000e+00 2.672590e-06
4.860000e+00 3.591817e-03
4.920000e+00 4.432437e-04
4.980000e+00 7.404251e-01
5.040000e+00 8.169404e-04
5.100000e+00 9.822735e-03
5.160000e+00 4.916462e-04
5.220000e+00 2.281583e-04
5.280000e+00 1.099163e-05
5.340000e+00 5.596394e-06
5.400000e+00 2.239181e-06
5.460000e+00 1.653990e-06
5.520000e+00 2.422088e-07
5.580000e+00 7.142707e-07
5.640000e+00 1.437224e-06
5.700000e+00 1.127702e-06
5.760000e+00 5.268113e-08
5.820000e+00 8.381946e-07
5.880000e+00 9.530014e-09
5.940000e+00 3.482488e-10
