0.000000e+00 1.835225e+00
6.000000e-02 1.816759e+00
1.200000e-01 1.801659e+00
1.800000e-01 1.789311e+00
2.400000e-01 1.780445e+00
3.000000e-01 1.772557e+00
3.600000e-01 1.752545e+00
4.200000e-01 1.698907e+00
4.800000e-01 1.591558e+00
5.400000e-01 1.372793e+00
6.000000e-01 1.723512e+00
6.600000e-01 1.737040e+00
7.200000e-01 1.627776e+00
7.800000e-01 1.666939e+00
8.400000e-01 1.739666e+00
9.000000e-01 1.592548e+00
9.600000e-01 1.211149e+00
1.020000e+00 2.223897e+00
1.080000e+00 1.711424e+00
1.140000e+00 1.282659e+00
1.200000e+00 1.401667e+00
1.260000e+00 1.575038e+00
1.320000e+00 1.735335e+00
1.380000e+00 6.047927e-01
1.440000e+00 5.480133e-01
1.500000e+00 4.034441e-01
1.560000e+00 1.130331e+00
1.620000e+00 6.820493e-01
1.680000e+00 4.561549e-01
1.740000e+00 1.921581e+00
1.800000e+00 1.880217e+00
1.860000e+00 1.448086e+00
1.920000e+00 1.853881e+00
1.980000e+00 4.752744e-01
2.040000e+00 1.201126e+00
2.100000e+00 1.716906e-01
2.160000e+00 2.639247e-02
2.220000e+00 1.708781e-01
2.280000e+00 4.760034e-01
2.340000e+00 8.129801e-01
2.400000e+00 7.823126e-01
2.460000e+00 1.745001e-01
2.520000e+00 1.590516e-01
2.580000e+00 2.864487e-01
2.640000e+00 1.564805e+00
2.700000e+00 8.379744e-01
2.760000e+00 3.853513e-01
2.820000e+00 2.229916e-01
2.880000e+00 2.113303e-01
2.940000e+00 1.927002e-02
3.000000e+00 4.029079e-01
3.060000e+00 6.055314e-01
3.120000e+00 1.747716e+00
3.180000e+00 3.959623e-01
3.240000e+00 5.748731e-02
3.300000e+00 9.788150e-01
3.360000e+00 2.576087e-01
3.420000e+00 2.910429e-02
3.480000e+00 1.896424e-02
3.540000e+00 1.171597e-02
3.600000e+00 2.560529e-04
3.660000e+00 2.365100e-03
3.720000e+00 1.633447e-03
3.780000e+00 1.137155e-03
3.840000e+00 1.591425e-03
3.900000e+00 8.891254e-04
3.960000e+00 3.734197e-02
4.020000e+00 1.884399e-03
4.080000e+00 1.730578e-02
4.140000e+00 1.973189e-02
4.200000e+00 4.933398e-02
4.260000e+00 2.079840e-01
4.320000e+00 1.466885e+00
4.380000e+00 2.245319e-02
4.440000e+00 6.372768e-02
4.500000e+00 5.910549e-02
4.560000e+00 3.312871e-03
4.620000e+00 5.769265e-03
4.680000e+00 4.272698e-04
4.740000e+00 1.675694e-04
4.800000e+00 6.821043e-03
4.860000e+00 9.209021e-03
4.920000e+00 7.614362e-04
4.980000e+00 2.382228e-05
5.040000e+00 2.418363e-05
5.100000e+00 3.752680e-02
5.160000e+00 8.576595e-05
5.220000e+00 3.642033e-06
5.280000e+00 1.690380e-05
5.340000e+00 2.706926e-06
5.400000e+00 5.076976e-07
5.460000e+00 4.064415e-06
5.520000e+00 2.452778e-07
5.580000e+00 1.116988e-06
5.640000e+00 5.362515e-08
5.700000e+00 4.507923e-08
5.760000e+00 1.540565e-07
5.820000e+00 2.323180e-08
5.880000e+00 1.144627e-08
5.940000e+00 6.736386e-08
