0.000000000000000000e+00 6.638794363094747020e+00
2.000000000000000164e-05 6.422817721584205053e+00
4.000000000000000327e-05 6.341867085664895320e+00
6.000000000000000830e-05 6.393478591022613955e+00
8.000000000000000654e-05 6.512445578835346360e+00
1.000000000000000048e-04 6.469331905934732063e+00
1.200000000000000166e-04 6.193481416848478638e+00
1.400000000000000148e-04 5.906893110123631274e+00
1.600000000000000131e-04 5.698560863926281250e+00
1.800000000000000113e-04 5.671573728606958298e+00
2.000000000000000096e-04 5.865034821562233880e+00
2.200000000000000078e-04 6.142935996826556000e+00
2.400000000000000332e-04 6.363753405825843146e+00
2.600000000000000314e-04 6.525486935175707437e+00
2.800000000000000297e-04 6.676111090575085782e+00
3.000000000000000279e-04 6.803820138536194939e+00
3.200000000000000262e-04 6.740912385003563934e+00
3.400000000000000244e-04 6.712065135371837243e+00
3.600000000000000227e-04 6.701067620403460268e+00
3.800000000000000209e-04 6.674260334416728391e+00
4.000000000000000192e-04 6.776317483333420100e+00
4.200000000000000174e-04 7.023017098053019325e+00
4.400000000000000157e-04 7.350327541164637601e+00
4.600000000000000139e-04 7.641912933875382841e+00
4.800000000000000664e-04 7.746406578516880082e+00
5.000000000000000104e-04 7.688760600743671958e+00
5.200000000000000629e-04 7.822568686229707247e+00
5.400000000000000069e-04 8.031724043306780914e+00
5.600000000000000594e-04 8.077732403928367333e+00
5.800000000000000034e-04 7.989582212330843092e+00
6.000000000000000559e-04 7.851774854542331816e+00
6.199999999999999999e-04 7.675928788718153761e+00
6.400000000000000524e-04 7.348464360948724128e+00
6.600000000000001048e-04 6.893721974963985311e+00
6.800000000000000488e-04 6.668717032814218904e+00
7.000000000000001013e-04 6.513568502435306051e+00
7.200000000000000453e-04 6.325515213256023728e+00
7.400000000000000978e-04 6.120029236044323362e+00
7.600000000000000418e-04 6.247001733364778708e+00
7.800000000000000943e-04 6.849064273832802918e+00
8.000000000000000383e-04 6.751622249987300428e+00
8.200000000000000908e-04 6.471650329765581411e+00
8.400000000000000348e-04 6.393577418947890223e+00
8.600000000000000873e-04 6.065416336109574758e+00
8.800000000000000313e-04 5.632579868191021077e+00
9.000000000000000838e-04 5.663840980994531371e+00
9.200000000000000278e-04 5.914672082977423528e+00
9.400000000000000803e-04 6.157631810741013290e+00
9.600000000000001327e-04 6.206868144925357100e+00
9.800000000000001852e-04 6.169762661109279733e+00
1.000000000000000021e-03 6.129022592117446600e+00
1.020000000000000073e-03 6.128375073106480109e+00
1.040000000000000126e-03 6.228037553342259613e+00
1.060000000000000178e-03 6.469977677995174759e+00
1.080000000000000014e-03 6.771459391021509511e+00
1.100000000000000066e-03 6.707748882807960555e+00
1.120000000000000119e-03 6.322515133625537409e+00
1.140000000000000171e-03 6.122473384591489598e+00
1.160000000000000007e-03 6.152583455065720131e+00
1.180000000000000059e-03 6.379152652768008913e+00
1.200000000000000112e-03 6.579332963972622572e+00
1.220000000000000164e-03 6.558613037109545019e+00
1.240000000000000000e-03 6.010814223663353495e+00
1.260000000000000052e-03 5.780323256006427712e+00
1.280000000000000105e-03 5.783789857115451127e+00
1.300000000000000157e-03 5.832719277932725710e+00
1.320000000000000210e-03 5.917705452280781486e+00
1.340000000000000045e-03 6.093543001191488173e+00
1.360000000000000098e-03 6.075867597986261082e+00
1.380000000000000150e-03 5.797044685113043272e+00
1.400000000000000203e-03 5.913767694894805693e+00
1.420000000000000038e-03 6.337396050832423633e+00
1.440000000000000091e-03 6.702877339992878269e+00
1.460000000000000143e-03 6.086666555498881692e+00
1.480000000000000196e-03 5.847977420753949218e+00
1.500000000000000031e-03 6.125552889351391528e+00
1.520000000000000084e-03 6.422992136332623225e+00
1.540000000000000136e-03 6.444051996161079821e+00
1.560000000000000189e-03 6.185995153219594478e+00
1.580000000000000024e-03 6.080670461460499610e+00
1.600000000000000077e-03 6.021517661447698622e+00
1.620000000000000129e-03 5.907103234644692336e+00
1.640000000000000182e-03 5.748823503476266694e+00
1.660000000000000234e-03 5.629874927834022991e+00
1.680000000000000070e-03 5.685388567981707553e+00
1.700000000000000122e-03 5.898576411732610048e+00
1.720000000000000175e-03 5.907765256855418201e+00
1.740000000000000227e-03 5.740333473609664949e+00
1.760000000000000063e-03 5.624770423117757545e+00
1.780000000000000115e-03 5.748060816377560833e+00
1.800000000000000168e-03 6.038909645573822260e+00
1.820000000000000220e-03 6.350547222568452277e+00
1.840000000000000056e-03 6.630785733669378956e+00
1.860000000000000108e-03 6.681498535241765069e+00
1.880000000000000161e-03 6.813408173227988307e+00
1.900000000000000213e-03 6.971340157928144876e+00
1.920000000000000265e-03 7.034533278925735544e+00
1.940000000000000101e-03 7.011154538734595931e+00
1.960000000000000370e-03 6.975294203964674367e+00
1.979999999999999989e-03 6.947313395978579109e+00
2.000000000000000042e-03 6.917179657112471070e+00
2.020000000000000094e-03 6.888028917411195273e+00
2.040000000000000147e-03 6.892023232267406208e+00
2.060000000000000199e-03 6.959887087103861170e+00
2.080000000000000251e-03 7.063631519741080389e+00
2.100000000000000304e-03 7.128158579593971034e+00
2.120000000000000356e-03 7.113565863062320638e+00
2.139999999999999975e-03 7.007469285137152504e+00
2.160000000000000028e-03 6.790690292711614617e+00
2.180000000000000080e-03 6.537155935251109717e+00
2.200000000000000133e-03 6.412326786868411510e+00
2.220000000000000185e-03 6.407074482300537888e+00
2.240000000000000237e-03 6.410548373372100706e+00
2.260000000000000290e-03 6.394939425766286156e+00
2.280000000000000342e-03 6.373396092019167902e+00
2.300000000000000395e-03 6.422076281079823090e+00
2.320000000000000014e-03 6.649074465060964556e+00
2.340000000000000066e-03 6.956312695250268519e+00
2.360000000000000119e-03 7.168291699107205872e+00
2.380000000000000171e-03 7.234760482700193229e+00
2.400000000000000223e-03 7.174549413204577952e+00
2.420000000000000276e-03 7.027932363854812792e+00
2.440000000000000328e-03 6.848887170280047343e+00
2.460000000000000381e-03 6.690822141572090764e+00
2.480000000000000000e-03 6.588217323355509691e+00
2.500000000000000052e-03 6.550316668110184537e+00
2.520000000000000104e-03 6.571709059542872211e+00
2.540000000000000157e-03 6.650776881522938666e+00
2.560000000000000209e-03 6.774986202944823788e+00
2.580000000000000262e-03 6.841487484212771086e+00
2.600000000000000314e-03 6.768890505552566772e+00
2.620000000000000367e-03 6.664583507527903627e+00
2.640000000000000419e-03 6.624112215155465222e+00
2.660000000000000038e-03 6.600631089756044290e+00
2.680000000000000090e-03 6.466011987538113459e+00
2.700000000000000143e-03 6.220333133489065247e+00
2.720000000000000195e-03 6.177650248738422611e+00
2.740000000000000248e-03 6.280528294931900568e+00
2.760000000000000300e-03 6.247561166682985778e+00
2.780000000000000353e-03 6.170335583093426557e+00
2.800000000000000405e-03 6.128300913901132851e+00
2.820000000000000024e-03 6.112686255789218315e+00
2.840000000000000076e-03 6.012585249858127590e+00
2.860000000000000129e-03 5.813342674531706500e+00
2.880000000000000181e-03 5.579027109515805272e+00
2.900000000000000234e-03 5.330306902327889951e+00
2.920000000000000286e-03 5.066707222092311724e+00
2.940000000000000339e-03 4.789388061441039568e+00
2.960000000000000391e-03 4.510648824919377020e+00
2.980000000000000444e-03 4.281363656656505867e+00
3.000000000000000062e-03 4.283776083385762767e+00
3.020000000000000115e-03 4.770808229030606640e+00
3.040000000000000167e-03 5.649430269799840865e+00
3.060000000000000220e-03 6.313728689746348266e+00
3.080000000000000272e-03 6.339780192094401023e+00
3.100000000000000325e-03 6.935958586387334535e+00
3.120000000000000377e-03 6.680817355634416366e+00
3.140000000000000430e-03 6.424935579360363747e+00
3.160000000000000048e-03 6.483579080136670392e+00
3.180000000000000101e-03 6.727438082502699146e+00
3.200000000000000153e-03 6.849584439741389197e+00
3.220000000000000206e-03 6.686472613301572387e+00
3.240000000000000258e-03 6.227528600024467842e+00
3.260000000000000311e-03 5.778339932494448661e+00
3.280000000000000363e-03 5.953135322803035479e+00
3.300000000000000416e-03 6.158956525132101234e+00
3.320000000000000468e-03 6.179117960808308219e+00
3.340000000000000087e-03 6.054535518186124676e+00
3.360000000000000139e-03 5.973043100481265633e+00
3.380000000000000192e-03 6.075969659969507219e+00
3.400000000000000244e-03 6.189750948613224502e+00
3.420000000000000297e-03 6.210598784977318765e+00
3.440000000000000349e-03 6.207818267144345370e+00
3.460000000000000402e-03 6.179553444050652544e+00
3.480000000000000454e-03 6.066089101039332299e+00
3.500000000000000073e-03 6.002598136311966925e+00
3.520000000000000125e-03 6.147126812061130430e+00
3.540000000000000178e-03 5.931944754655930296e+00
3.560000000000000230e-03 5.646912464129737685e+00
3.580000000000000283e-03 5.519946817699817210e+00
3.600000000000000335e-03 5.507156946566746925e+00
3.620000000000000388e-03 5.782366527412626134e+00
3.640000000000000440e-03 6.157598646709836920e+00
3.660000000000000493e-03 6.145103252550190298e+00
3.680000000000000111e-03 6.061180097078482376e+00
3.700000000000000164e-03 6.135005445278559399e+00
3.720000000000000216e-03 6.498511174093509979e+00
3.740000000000000269e-03 6.866202383020169719e+00
3.760000000000000321e-03 6.752642338316922732e+00
3.780000000000000374e-03 6.385039512812168638e+00
3.800000000000000426e-03 6.233666537394249474e+00
3.820000000000000479e-03 6.196129397333161037e+00
3.840000000000000531e-03 6.178258531546521048e+00
3.860000000000000150e-03 6.363729017608062755e+00
3.880000000000000202e-03 6.430212164696209598e+00
3.900000000000000255e-03 6.335031465375046800e+00
3.920000000000000741e-03 6.337555907926158305e+00
3.939999999999999926e-03 6.425216305597318822e+00
3.959999999999999978e-03 6.479729178744757512e+00
3.980000000000000031e-03 6.475844756952465531e+00
4.000000000000000083e-03 6.428490523654566857e+00
4.020000000000000136e-03 6.305520210404918835e+00
4.040000000000000188e-03 6.119486782087110832e+00
4.060000000000000241e-03 5.953306708501001410e+00
4.080000000000000293e-03 5.820479048913451692e+00
4.100000000000000346e-03 5.715404435564885866e+00
4.120000000000000398e-03 5.651466300311226654e+00
4.140000000000000450e-03 5.643187961651142004e+00
4.160000000000000503e-03 5.759287918011570362e+00
4.180000000000000555e-03 6.060086038097022509e+00
4.200000000000000608e-03 6.332106525791759033e+00
4.220000000000000660e-03 6.306822087218221462e+00
4.240000000000000713e-03 5.595213748140588805e+00
4.260000000000000765e-03 5.576674676023928967e+00
4.279999999999999950e-03 5.776844491937415782e+00
4.300000000000000003e-03 5.971876129049872972e+00
4.320000000000000055e-03 6.142477826499270321e+00
4.340000000000000108e-03 6.284394785877502443e+00
4.360000000000000160e-03 6.386257050917202527e+00
4.380000000000000213e-03 6.422150226883611701e+00
4.400000000000000265e-03 6.359225826106950308e+00
4.420000000000000318e-03 6.183524657084750409e+00
4.440000000000000370e-03 5.939159587128064466e+00
4.460000000000000422e-03 5.734162798331557731e+00
4.480000000000000475e-03 5.654243861122440151e+00
4.500000000000000527e-03 5.721453408815327712e+00
4.520000000000000580e-03 5.941595099853047124e+00
4.540000000000000632e-03 6.218169488263203704e+00
4.560000000000000685e-03 6.366507700662237035e+00
4.580000000000000737e-03 6.353404209973516181e+00
4.600000000000000790e-03 6.280205045443584488e+00
4.619999999999999975e-03 6.246222113464835246e+00
4.640000000000000027e-03 6.307671134856840389e+00
4.660000000000000080e-03 6.489550785865781712e+00
4.680000000000000132e-03 6.814337880915341650e+00
4.700000000000000185e-03 7.136986772001677082e+00
4.720000000000000237e-03 6.822119435533834597e+00
4.740000000000000289e-03 6.659851514744060452e+00
4.760000000000000342e-03 6.692247989855742318e+00
4.780000000000000394e-03 6.681425566277667372e+00
4.800000000000000447e-03 6.579932000957176008e+00
4.820000000000000499e-03 6.414526788287058245e+00
4.840000000000000552e-03 6.229287129936210476e+00
4.860000000000000604e-03 6.064738169486773245e+00
4.880000000000000657e-03 5.971838087471418532e+00
4.900000000000000709e-03 6.113084817167252716e+00
4.920000000000000762e-03 6.502144653142254427e+00
4.940000000000000814e-03 6.454247209750896275e+00
4.959999999999999999e-03 6.337189579479601598e+00
4.980000000000000052e-03 6.380931540380188949e+00
5.000000000000000104e-03 6.470242664238498698e+00
5.020000000000000157e-03 6.472083657258830058e+00
5.040000000000000209e-03 6.308190947550778027e+00
5.060000000000000261e-03 6.232391236970598491e+00
5.080000000000000314e-03 6.370504316156889502e+00
5.100000000000000366e-03 6.372655460709280462e+00
5.120000000000000419e-03 6.280228623179576530e+00
5.140000000000000471e-03 6.268246790777103783e+00
5.160000000000000524e-03 6.330258804991268029e+00
5.180000000000000576e-03 6.423078361031662631e+00
5.200000000000000629e-03 6.426549664433749420e+00
5.220000000000000681e-03 6.210971983859137957e+00
5.240000000000000734e-03 5.929087497332807821e+00
5.260000000000000786e-03 5.959663277521652702e+00
5.280000000000000838e-03 6.112774095887873571e+00
5.300000000000000024e-03 5.900202613141929398e+00
5.320000000000000076e-03 5.801139774743169220e+00
5.340000000000000129e-03 5.996421840398932446e+00
5.360000000000000181e-03 6.245414323327254991e+00
5.380000000000000233e-03 6.276425830414763318e+00
5.400000000000000286e-03 6.139957334649012388e+00
5.420000000000000338e-03 5.986227463760235068e+00
5.440000000000000391e-03 5.894268331949103157e+00
5.460000000000000443e-03 5.876870495969076735e+00
5.480000000000000496e-03 5.936768000037552007e+00
5.500000000000000548e-03 6.080318361702338414e+00
5.520000000000000601e-03 6.209837232835942800e+00
5.540000000000000653e-03 6.169869244802830721e+00
5.560000000000000706e-03 6.074850583037207485e+00
5.580000000000000758e-03 6.055714578823448768e+00
5.600000000000000810e-03 6.030178896150888868e+00
5.620000000000000863e-03 5.834366854420013127e+00
5.640000000000000048e-03 5.717047053794494182e+00
5.660000000000000100e-03 5.824251392205175293e+00
5.680000000000000153e-03 5.856273243671800799e+00
5.700000000000000205e-03 5.747602261424281878e+00
5.720000000000000258e-03 5.630806611007953322e+00
5.740000000000000310e-03 5.651258070032438852e+00
5.760000000000000363e-03 5.871117562724177397e+00
5.780000000000000415e-03 6.197210544055312909e+00
5.800000000000000468e-03 6.367391716540556246e+00
5.820000000000000520e-03 6.259597043795698035e+00
5.840000000000000573e-03 6.022478679518771472e+00
5.860000000000000625e-03 5.814295429693276951e+00
5.880000000000000678e-03 6.048706580830676138e+00
5.900000000000000730e-03 6.507225444453456298e+00
5.920000000000000782e-03 6.432855180845781895e+00
5.940000000000000835e-03 6.073654062115152463e+00
5.960000000000000887e-03 5.966675224741321060e+00
5.980000000000000072e-03 5.962587380945852722e+00
6.000000000000000125e-03 6.161373394557090322e+00
6.020000000000000177e-03 6.291301607484602876e+00
6.040000000000000230e-03 6.245667759784043760e+00
6.060000000000000282e-03 6.146702782914787555e+00
6.080000000000000335e-03 6.081962775275060906e+00
6.100000000000000387e-03 6.099559072150243288e+00
6.120000000000000440e-03 6.312548839102773535e+00
6.140000000000000492e-03 6.984729221685606504e+00
6.160000000000000545e-03 7.523923637066067371e+00
6.180000000000000597e-03 7.277961193978510934e+00
6.200000000000000649e-03 7.057088820119915340e+00
6.220000000000000702e-03 6.826095341395981286e+00
6.240000000000000754e-03 6.493074801389348671e+00
6.260000000000000807e-03 6.262673362158247770e+00
6.280000000000000859e-03 6.112939509493761747e+00
6.300000000000000912e-03 6.030448989525436509e+00
6.320000000000000097e-03 6.057194342128714659e+00
6.340000000000000149e-03 6.193339827028683686e+00
6.360000000000000202e-03 6.353338424716452160e+00
6.380000000000000254e-03 6.458246735652376280e+00
6.400000000000000307e-03 6.494123527891352055e+00
6.420000000000000359e-03 6.486124630333021557e+00
6.440000000000000412e-03 6.467075008864454411e+00
6.460000000000000464e-03 6.471638996471334337e+00
6.480000000000000517e-03 6.545866860108218610e+00
6.500000000000000569e-03 6.725444707254173871e+00
6.520000000000000621e-03 6.768182882104357923e+00
6.540000000000000674e-03 6.453181445850132647e+00
6.560000000000000726e-03 6.577887035007758065e+00
6.580000000000000779e-03 6.560509722190674076e+00
6.600000000000000831e-03 6.305386162126469074e+00
6.620000000000000884e-03 6.267154067043152921e+00
6.640000000000000936e-03 6.260474264255954324e+00
6.660000000000000121e-03 6.241479430633981806e+00
6.680000000000000174e-03 6.215145526152771716e+00
6.700000000000000226e-03 6.197740912444681172e+00
6.720000000000000279e-03 6.207435648810187168e+00
6.740000000000000331e-03 6.251006476745748941e+00
6.760000000000000384e-03 6.303320747229002485e+00
6.780000000000000436e-03 6.310232927831708416e+00
6.800000000000000488e-03 6.175130589375817713e+00
6.820000000000000541e-03 5.765287121938395209e+00
6.840000000000000593e-03 5.669449960461411031e+00
6.860000000000000646e-03 5.741324207235177113e+00
6.880000000000000698e-03 5.742345087685096772e+00
6.900000000000000751e-03 5.662066291463689893e+00
6.920000000000000803e-03 5.539151723932240756e+00
6.940000000000000856e-03 5.479629177413769092e+00
6.960000000000000908e-03 5.864208662877413936e+00
6.980000000000000961e-03 6.024321665574405849e+00
7.000000000000000146e-03 5.983058782720299007e+00
7.020000000000000198e-03 6.010882019838982515e+00
7.040000000000000251e-03 5.993454989931596977e+00
7.060000000000000303e-03 6.020348869074759968e+00
7.080000000000000356e-03 6.167002905642354094e+00
7.100000000000000408e-03 6.431943728647071978e+00
7.120000000000000460e-03 6.607707700350223590e+00
7.140000000000000513e-03 6.386751789794750778e+00
7.160000000000000565e-03 6.178472373005253537e+00
7.180000000000000618e-03 6.105014554372409918e+00
7.200000000000000670e-03 6.076537231776434567e+00
7.220000000000000723e-03 6.048484421896045404e+00
7.240000000000000775e-03 6.001106867032532044e+00
7.260000000000000828e-03 5.916003154336358705e+00
7.280000000000000880e-03 5.799253918844138767e+00
7.300000000000000933e-03 5.709786924312744816e+00
7.320000000000000985e-03 5.647281536166688376e+00
7.340000000000000170e-03 5.600559958002406802e+00
7.360000000000000223e-03 5.604873751476033839e+00
7.380000000000000275e-03 5.748721835346369602e+00
7.400000000000000328e-03 6.002364631632093328e+00
7.420000000000000380e-03 5.976583195269749460e+00
7.440000000000000432e-03 6.142350867995387986e+00
7.460000000000000485e-03 6.424354361020622406e+00
7.480000000000000537e-03 6.500740713347440192e+00
7.500000000000000590e-03 6.404073076668023390e+00
7.520000000000000642e-03 6.290726601358184844e+00
7.540000000000000695e-03 6.274113538119440392e+00
7.560000000000000747e-03 6.339880903677594937e+00
7.580000000000000800e-03 6.434329200677571414e+00
7.600000000000000852e-03 6.588770734372326743e+00
7.620000000000000905e-03 6.915416190796104701e+00
7.640000000000000957e-03 7.095745308090725345e+00
7.660000000000001009e-03 6.855574943068933891e+00
7.680000000000001062e-03 6.602304711556451267e+00
7.700000000000000247e-03 6.407389895373948541e+00
7.720000000000000299e-03 6.272365254810847723e+00
7.740000000000000352e-03 6.285028444562670735e+00
7.760000000000000404e-03 6.499597058506513036e+00
7.780000000000000457e-03 6.768182863795114024e+00
7.800000000000000509e-03 6.955134077149098815e+00
7.820000000000000562e-03 7.043826964379791278e+00
7.840000000000001482e-03 7.013966559003439905e+00
7.860000000000000667e-03 6.742588445250864204e+00
7.879999999999999852e-03 6.350488414232879464e+00
7.900000000000000772e-03 6.425485037923376552e+00
7.919999999999999957e-03 6.683134398117491770e+00
7.940000000000000877e-03 6.997704585992220672e+00
7.960000000000000062e-03 7.255744539808289595e+00
7.980000000000000981e-03 7.531061618300786797e+00
8.000000000000000167e-03 7.618669690414256124e+00
8.020000000000001086e-03 7.106721166535924894e+00
8.040000000000000271e-03 7.046766960555832071e+00
8.060000000000001191e-03 7.072374563618393672e+00
8.080000000000000376e-03 7.107138618914514261e+00
8.100000000000001296e-03 7.132169269983745785e+00
8.120000000000000481e-03 7.089130243329036851e+00
8.140000000000001401e-03 6.920091837374962473e+00
8.160000000000000586e-03 6.717425983329117223e+00
8.180000000000001506e-03 6.491191159178950620e+00
8.200000000000000691e-03 6.209665178141360542e+00
8.219999999999999876e-03 6.041556843565928148e+00
8.240000000000000796e-03 6.019806947442775780e+00
8.259999999999999981e-03 6.159649200425540094e+00
8.280000000000000901e-03 6.291097360622622148e+00
8.300000000000000086e-03 6.410854015880833146e+00
8.320000000000001006e-03 6.527659490212942117e+00
8.340000000000000191e-03 6.494989145974328082e+00
8.360000000000001111e-03 6.385453508155371161e+00
8.380000000000000296e-03 6.413186513279619305e+00
8.400000000000001216e-03 6.426719867566662359e+00
8.420000000000000401e-03 6.199585075720653649e+00
8.440000000000001321e-03 6.320620177523153416e+00
8.460000000000000506e-03 6.559181438651840779e+00
8.480000000000001426e-03 6.689159874123475902e+00
8.500000000000000611e-03 6.865497645637356428e+00
8.520000000000001530e-03 7.103972577930742105e+00
8.540000000000000716e-03 7.077476689835884294e+00
8.559999999999999901e-03 6.796912303055537841e+00
8.580000000000000820e-03 6.569867670912970858e+00
8.600000000000000006e-03 6.453003974084693617e+00
8.620000000000000925e-03 6.427016462959305620e+00
8.640000000000000110e-03 6.488128782838612274e+00
8.660000000000001030e-03 6.651955323539500142e+00
8.680000000000000215e-03 6.802574904591765836e+00
8.700000000000001135e-03 6.520203139846896256e+00
8.720000000000000320e-03 6.143978658662782699e+00
8.740000000000001240e-03 5.998895177137225865e+00
8.760000000000000425e-03 6.010883195744238350e+00
8.780000000000001345e-03 6.018119767992027747e+00
8.800000000000000530e-03 5.959988208329239256e+00
8.820000000000001450e-03 5.914993028433072730e+00
8.840000000000000635e-03 6.160474114638081922e+00
8.860000000000001555e-03 6.598187843095856486e+00
8.880000000000000740e-03 6.823150071962593266e+00
8.899999999999999925e-03 6.818933995878886378e+00
8.920000000000000845e-03 6.697269069100213024e+00
8.940000000000000030e-03 6.717155634533217956e+00
8.960000000000000950e-03 6.869269004926246147e+00
8.980000000000000135e-03 7.070022995089636275e+00
9.000000000000001055e-03 7.298701643880273870e+00
9.020000000000000240e-03 7.545893572455317333e+00
9.040000000000001160e-03 7.779368170760979417e+00
9.060000000000000345e-03 7.941695131321856671e+00
9.080000000000001265e-03 7.992563746895873678e+00
9.100000000000000450e-03 7.949314858734198630e+00
9.120000000000001369e-03 7.863118426757120361e+00
9.140000000000000555e-03 7.773280073072689866e+00
9.160000000000001474e-03 7.692237917166044880e+00
9.180000000000000659e-03 7.611245137417774309e+00
9.200000000000001579e-03 7.510103086380352622e+00
9.220000000000000764e-03 7.368195526844618648e+00
9.239999999999999949e-03 7.173579941031815288e+00
9.260000000000000869e-03 6.932973867100036713e+00
9.280000000000000054e-03 6.711164575456968429e+00
9.300000000000000974e-03 6.669152199059287689e+00
9.320000000000000159e-03 6.875280849912379644e+00
9.340000000000001079e-03 7.170446051425062528e+00
9.360000000000000264e-03 7.445351431598172809e+00
9.380000000000001184e-03 7.701773386326646431e+00
9.400000000000000369e-03 7.948766887826411498e+00
9.420000000000001289e-03 8.143672229223831494e+00
9.440000000000000474e-03 8.200420357544993877e+00
9.460000000000001394e-03 8.088612770728849100e+00
9.480000000000000579e-03 7.882885343038030790e+00
9.500000000000001499e-03 7.675792436452342216e+00
9.520000000000000684e-03 7.518372287864150572e+00
9.540000000000001604e-03 7.428342700978584290e+00
9.560000000000000789e-03 7.386407144671848890e+00
9.579999999999999974e-03 7.267968388599162388e+00
9.600000000000000894e-03 6.883936677038495766e+00
9.620000000000000079e-03 6.471738589973134559e+00
9.640000000000000999e-03 6.333868748851728903e+00
9.660000000000000184e-03 6.399560421707616520e+00
9.680000000000001104e-03 6.591057824057525494e+00
9.700000000000000289e-03 6.963348242258216914e+00
9.720000000000001208e-03 7.513910362297850476e+00
9.740000000000000394e-03 7.192658160550362112e+00
9.760000000000001313e-03 6.851344084095814857e+00
9.780000000000000498e-03 6.703386909757194978e+00
9.800000000000001418e-03 6.638454809779541499e+00
9.820000000000000603e-03 6.635007160391304559e+00
9.840000000000001523e-03 6.664552626783051714e+00
9.860000000000000708e-03 6.692538105302027418e+00
9.880000000000001628e-03 6.690131200251146382e+00
9.900000000000000813e-03 6.636374025932926912e+00
9.919999999999999998e-03 6.520020076952022237e+00
9.940000000000000918e-03 6.374790238101192941e+00
9.960000000000000103e-03 6.465297521518836632e+00
9.980000000000001023e-03 6.669904488716041691e+00
