0.000000e+00 2.115184e+00
3.000000e-02 1.086236e+00
6.000000e-02 1.781135e+00
9.000000e-02 1.554692e+00
1.200000e-01 2.810837e+00
1.500000e-01 3.964145e+00
1.800000e-01 2.840797e+00
2.100000e-01 1.843994e+00
2.400000e-01 2.033121e+00
2.700000e-01 1.944661e+00
3.000000e-01 2.231980e+00
3.300000e-01 1.872048e+00
3.600000e-01 1.044487e+00
3.900000e-01 2.313032e+00
4.200000e-01 2.130749e+00
4.500000e-01 6.651470e-01
4.800000e-01 1.804748e+00
5.100000e-01 2.539686e+00
5.400000e-01 1.714063e+00
5.700000e-01 1.856311e+00
6.000000e-01 1.401587e+00
6.300000e-01 1.320219e+00
6.600000e-01 1.176577e+00
6.900000e-01 1.162495e+00
7.200000e-01 2.109155e+00
7.500000e-01 2.281716e+00
7.800000e-01 1.796973e+00
8.100000e-01 2.025182e+00
8.400000e-01 2.015522e+00
8.700000e-01 2.318422e+00
9.000000e-01 1.453070e+00
9.300000e-01 6.965154e-01
9.600000e-01 4.358507e-01
9.900000e-01 9.292413e-01
1.020000e+00 6.238009e-01
1.050000e+00 1.009137e+00
1.080000e+00 1.573545e+00
1.110000e+00 1.722762e-01
1.140000e+00 1.998198e+00
1.170000e+00 1.598200e+00
1.200000e+00 5.637000e-01
1.230000e+00 3.200245e-01
1.260000e+00 6.477583e-01
1.290000e+00 3.835909e-01
1.320000e+00 2.271267e-01
1.350000e+00 3.856735e-01
1.380000e+00 1.722559e-01
1.410000e+00 5.236016e-01
1.440000e+00 1.213846e+00
1.470000e+00 3.334696e-01
1.500000e+00 1.340639e-01
1.530000e+00 1.251086e+00
1.560000e+00 2.120245e-01
1.590000e+00 1.141916e-01
1.620000e+00 2.925329e-01
1.650000e+00 2.051713e-01
1.680000e+00 4.945889e-01
1.710000e+00 7.161907e-01
1.740000e+00 1.131295e+00
1.770000e+00 7.864948e-01
1.800000e+00 3.050410e-02
1.830000e+00 1.093664e-01
1.860000e+00 4.208852e-02
1.890000e+00 6.711310e-01
1.920000e+00 3.949560e-01
1.950000e+00 1.588105e-02
1.980000e+00 5.936935e-01
2.010000e+00 1.084488e-01
2.040000e+00 8.486670e-03
2.070000e+00 3.191412e-03
2.100000e+00 2.105556e-02
2.130000e+00 6.816076e-02
2.160000e+00 6.917000e-01
2.190000e+00 2.700513e-03
2.220000e+00 2.868968e-03
2.250000e+00 2.161367e-02
2.280000e+00 1.690665e+00
2.310000e+00 1.558240e+00
2.340000e+00 1.073802e-01
2.370000e+00 5.710931e-04
2.400000e+00 1.860849e-02
2.430000e+00 2.905612e-02
2.460000e+00 5.303877e-01
2.490000e+00 2.081126e-02
2.520000e+00 2.785484e-01
2.550000e+00 1.309132e-02
2.580000e+00 1.074052e+00
2.610000e+00 9.082802e-02
2.640000e+00 2.075689e-02
2.670000e+00 1.038184e-01
2.700000e+00 1.313465e-01
2.730000e+00 5.195693e-05
2.760000e+00 8.207094e-03
2.790000e+00 1.025780e-02
2.820000e+00 9.540410e-06
2.850000e+00 2.916829e-04
2.880000e+00 2.541735e-03
2.910000e+00 1.857432e+00
2.940000e+00 2.056595e-04
2.970000e+00 1.643777e-04
