0.000000000000000000e+00 4.409968910976520107e+00
2.000000000000000096e-04 4.416506983392302743e+00
4.000000000000000192e-04 4.361186784094780222e+00
6.000000000000000559e-04 4.306995942224624230e+00
8.000000000000000383e-04 4.263880338692633387e+00
1.000000000000000021e-03 4.189394875447044697e+00
1.200000000000000112e-03 4.165100738742655295e+00
1.399999999999999986e-03 4.226280420073836197e+00
1.600000000000000077e-03 4.239883799232414319e+00
1.800000000000000168e-03 4.167116097968044386e+00
2.000000000000000042e-03 4.115683166697175821e+00
2.200000000000000133e-03 4.177503559041385373e+00
2.400000000000000223e-03 4.234537393225894952e+00
2.600000000000000314e-03 4.316230364983702827e+00
2.799999999999999972e-03 4.290688589535243125e+00
3.000000000000000062e-03 4.227186078843441663e+00
3.200000000000000153e-03 4.150622054957302964e+00
3.400000000000000244e-03 4.281299061856564059e+00
3.600000000000000335e-03 4.205665844488594374e+00
3.799999999999999992e-03 4.177763690441170574e+00
4.000000000000000083e-03 4.124197092692998723e+00
4.200000000000000608e-03 4.132307999911509100e+00
4.400000000000000265e-03 4.085504092598861270e+00
4.599999999999999922e-03 4.055285243744695123e+00
4.800000000000000447e-03 4.123338221726594810e+00
5.000000000000000104e-03 4.204322955975132281e+00
5.200000000000000629e-03 4.184560850897798723e+00
5.400000000000000286e-03 4.202424658245995204e+00
5.599999999999999943e-03 4.185829471666975721e+00
5.800000000000000468e-03 4.158207359409031412e+00
6.000000000000000125e-03 4.182673666936875811e+00
6.200000000000000649e-03 4.185443762346201524e+00
6.400000000000000307e-03 4.257867553242224545e+00
6.599999999999999964e-03 4.228232984156762519e+00
6.800000000000000488e-03 4.105220970011751014e+00
7.000000000000000146e-03 4.072041594453779112e+00
7.200000000000000670e-03 4.200004407551249486e+00
7.400000000000000328e-03 4.184653888873830496e+00
7.599999999999999985e-03 4.123084492314413652e+00
7.800000000000000509e-03 4.144924452110133828e+00
8.000000000000000167e-03 4.253390096294360490e+00
8.200000000000000691e-03 4.293199146768297503e+00
8.400000000000001216e-03 4.152490476433754907e+00
8.600000000000000006e-03 4.152085548407936422e+00
8.800000000000000530e-03 4.217797277608606343e+00
9.000000000000001055e-03 4.153351933425748044e+00
9.199999999999999845e-03 4.173794435163577177e+00
9.400000000000000369e-03 4.205538029799194888e+00
9.600000000000000894e-03 4.202749075804201873e+00
9.799999999999999684e-03 4.197305903896128676e+00
1.000000000000000021e-02 4.155504485231753975e+00
1.020000000000000073e-02 4.225217923205166315e+00
1.040000000000000126e-02 4.288483070294761390e+00
1.060000000000000005e-02 4.308579012378710438e+00
1.080000000000000057e-02 4.274783917260386978e+00
1.100000000000000110e-02 4.220775050534493644e+00
1.119999999999999989e-02 4.167007856933684806e+00
1.140000000000000041e-02 4.105954429954390861e+00
1.160000000000000094e-02 4.089805277820953933e+00
1.179999999999999973e-02 4.100613365757750373e+00
1.200000000000000025e-02 4.136263644202176515e+00
1.220000000000000077e-02 4.227261565395828313e+00
1.240000000000000130e-02 4.185073097998515124e+00
1.260000000000000009e-02 4.075077442094032776e+00
1.280000000000000061e-02 4.106640892602428039e+00
1.300000000000000114e-02 4.198717575179840900e+00
1.319999999999999993e-02 4.189685876300821121e+00
1.340000000000000045e-02 4.182206507222623770e+00
1.360000000000000098e-02 4.169136242017644989e+00
1.380000000000000150e-02 4.110066961619045500e+00
1.400000000000000029e-02 4.122360599710559015e+00
1.420000000000000082e-02 4.163394992301530095e+00
1.440000000000000134e-02 4.260795873152066982e+00
1.460000000000000013e-02 4.309651547932093152e+00
1.480000000000000066e-02 4.254479792110080538e+00
1.500000000000000118e-02 4.322547176220588483e+00
1.519999999999999997e-02 4.338712381913031990e+00
1.540000000000000049e-02 4.223973636688503674e+00
1.560000000000000102e-02 4.090224148497357604e+00
1.580000000000000154e-02 4.161873945992235591e+00
1.600000000000000033e-02 4.197342798260295105e+00
1.619999999999999912e-02 4.144175022627836213e+00
1.640000000000000138e-02 4.274955848823770665e+00
1.660000000000000017e-02 4.338174294340047865e+00
1.680000000000000243e-02 4.217037711174976167e+00
1.700000000000000122e-02 4.224065495128348502e+00
1.720000000000000001e-02 4.325118221868038404e+00
1.740000000000000227e-02 4.224845833131629647e+00
1.760000000000000106e-02 4.117467138208150246e+00
1.779999999999999985e-02 4.117986887885322744e+00
1.800000000000000211e-02 4.068943978850121823e+00
1.820000000000000090e-02 4.062097521392507460e+00
1.839999999999999969e-02 4.124443195681337215e+00
1.860000000000000195e-02 4.133221151356131884e+00
1.880000000000000074e-02 4.159866052257612523e+00
1.899999999999999953e-02 4.124340129742700256e+00
1.920000000000000179e-02 4.144369511829333774e+00
1.940000000000000058e-02 4.195357249914730247e+00
1.959999999999999937e-02 4.308138668126835213e+00
1.980000000000000163e-02 4.343526927397142856e+00
