0.000000e+00 9.218645e-01
3.000000e-02 1.296267e+00
6.000000e-02 2.458252e+00
9.000000e-02 2.314984e+00
1.200000e-01 2.124214e+00
1.500000e-01 1.953944e+00
1.800000e-01 1.542598e+00
2.100000e-01 1.751551e+00
2.400000e-01 2.137200e+00
2.700000e-01 2.087143e+00
3.000000e-01 1.885364e+00
3.300000e-01 1.587815e+00
3.600000e-01 1.428733e+00
3.900000e-01 1.674855e+00
4.200000e-01 1.929492e+00
4.500000e-01 2.031578e+00
4.800000e-01 1.979895e+00
5.100000e-01 1.802945e+00
5.400000e-01 1.598473e+00
5.700000e-01 1.530250e+00
6.000000e-01 1.780944e+00
6.300000e-01 1.640710e+00
6.600000e-01 1.546893e+00
6.900000e-01 1.672237e+00
7.200000e-01 1.952787e+00
7.500000e-01 2.076978e+00
7.800000e-01 2.082404e+00
8.100000e-01 2.233268e+00
8.400000e-01 2.493031e+00
8.700000e-01 2.660366e+00
9.000000e-01 2.320440e+00
9.300000e-01 1.984221e+00
9.600000e-01 1.913463e+00
9.900000e-01 1.941932e+00
1.020000e+00 2.001466e+00
1.050000e+00 2.127229e+00
1.080000e+00 2.442416e+00
1.110000e+00 2.880293e+00
1.140000e+00 2.667027e+00
1.170000e+00 2.146301e+00
1.200000e+00 1.927605e+00
1.230000e+00 1.831054e+00
1.260000e+00 1.665960e+00
1.290000e+00 1.551480e+00
1.320000e+00 1.540673e+00
1.350000e+00 1.520419e+00
1.380000e+00 1.526145e+00
1.410000e+00 1.686676e+00
1.440000e+00 2.040377e+00
1.470000e+00 1.981341e+00
1.500000e+00 1.860115e+00
1.530000e+00 1.454793e+00
1.560000e+00 1.972588e+00
1.590000e+00 1.664552e+00
1.620000e+00 1.424196e+00
1.650000e+00 1.430732e+00
1.680000e+00 1.207736e+00
1.710000e+00 7.545723e-01
1.740000e+00 4.819111e-01
1.770000e+00 6.267864e-01
1.800000e+00 1.682148e+00
1.830000e+00 1.681096e+00
1.860000e+00 1.815600e+00
1.890000e+00 1.938681e+00
1.920000e+00 1.958793e+00
1.950000e+00 1.882927e+00
1.980000e+00 1.070485e+00
2.010000e+00 5.330616e-01
2.040000e+00 7.619355e-01
2.070000e+00 1.655474e+00
2.100000e+00 1.582899e+00
2.130000e+00 1.641560e+00
2.160000e+00 1.743771e+00
2.190000e+00 2.076960e+00
2.220000e+00 2.015921e+00
2.250000e+00 1.864291e+00
2.280000e+00 1.500634e+00
2.310000e+00 1.137634e+00
2.340000e+00 9.288104e-01
2.370000e+00 1.054484e+00
2.400000e+00 1.928851e+00
2.430000e+00 1.455706e+00
2.460000e+00 8.237267e-01
2.490000e+00 5.058119e-01
2.520000e+00 3.467507e-01
2.550000e+00 3.978812e-01
2.580000e+00 6.277888e-01
2.610000e+00 8.357807e-01
2.640000e+00 1.414155e+00
2.670000e+00 1.725014e+00
2.700000e+00 1.051618e+00
2.730000e+00 1.305928e+00
2.760000e+00 1.519250e+00
2.790000e+00 1.817665e+00
2.820000e+00 1.635037e+00
2.850000e+00 1.142487e+00
2.880000e+00 7.581178e-01
2.910000e+00 3.188737e-01
2.940000e+00 1.801587e-01
2.970000e+00 2.552844e-01
