0.000000e+00 3.447339e+00
3.000000e-02 3.773783e+00
6.000000e-02 4.305566e+00
9.000000e-02 4.846088e+00
1.200000e-01 4.757148e+00
1.500000e-01 3.584579e+00
1.800000e-01 3.299493e+00
2.100000e-01 3.175948e+00
2.400000e-01 2.775851e+00
2.700000e-01 2.695453e+00
3.000000e-01 3.154145e+00
3.300000e-01 3.482638e+00
3.600000e-01 3.601527e+00
3.900000e-01 3.320142e+00
4.200000e-01 2.192495e+00
4.500000e-01 3.151188e+00
4.800000e-01 3.448883e+00
5.100000e-01 3.059281e+00
5.400000e-01 2.913348e+00
5.700000e-01 3.028550e+00
6.000000e-01 3.199715e+00
6.300000e-01 3.480177e+00
6.600000e-01 4.188821e+00
6.900000e-01 3.929760e+00
7.200000e-01 3.888267e+00
7.500000e-01 3.196255e+00
7.800000e-01 2.433801e+00
8.100000e-01 1.727956e+00
8.400000e-01 1.356858e+00
8.700000e-01 1.245934e+00
9.000000e-01 1.241286e+00
9.300000e-01 1.567618e+00
9.600000e-01 1.616496e+00
9.900000e-01 1.514718e+00
1.020000e+00 1.130760e+00
1.050000e+00 1.177759e+00
1.080000e+00 1.457142e+00
1.110000e+00 2.250275e+00
1.140000e+00 8.004471e-01
1.170000e+00 9.405556e-01
1.200000e+00 1.961048e+00
1.230000e+00 2.193946e+00
1.260000e+00 2.010178e+00
1.290000e+00 1.804741e+00
1.320000e+00 1.121249e+00
1.350000e+00 1.250988e+00
1.380000e+00 1.783287e+00
1.410000e+00 1.617724e+00
1.440000e+00 9.833023e-01
1.470000e+00 7.149824e-01
1.500000e+00 2.136403e+00
1.530000e+00 1.800038e+00
1.560000e+00 1.248995e+00
1.590000e+00 7.282731e-01
1.620000e+00 1.177640e+00
1.650000e+00 1.324567e+00
1.680000e+00 6.053322e-01
1.710000e+00 8.474094e-01
1.740000e+00 8.537356e-01
1.770000e+00 3.083675e-01
1.800000e+00 7.566621e-01
1.830000e+00 1.472691e-01
1.860000e+00 9.401436e-01
1.890000e+00 1.728251e+00
1.920000e+00 7.554482e-01
1.950000e+00 6.446069e-01
1.980000e+00 1.405768e-01
2.010000e+00 1.229978e+00
2.040000e+00 3.453157e-01
2.070000e+00 1.162800e-01
2.100000e+00 5.979554e-01
2.130000e+00 5.020284e-01
2.160000e+00 1.378903e+00
2.190000e+00 8.926102e-01
2.220000e+00 1.274324e+00
2.250000e+00 2.981974e-01
2.280000e+00 1.763690e-01
2.310000e+00 1.903239e+00
2.340000e+00 1.336823e-01
2.370000e+00 1.061643e+00
2.400000e+00 3.065124e-01
2.430000e+00 5.032226e-01
2.460000e+00 3.482977e-01
2.490000e+00 4.106806e-01
2.520000e+00 6.434903e-01
2.550000e+00 1.666314e+00
2.580000e+00 1.316523e+00
2.610000e+00 1.077388e+00
2.640000e+00 1.163618e+00
2.670000e+00 4.420788e-01
2.700000e+00 9.663084e-02
2.730000e+00 2.544295e-01
2.760000e+00 1.448101e-01
2.790000e+00 7.444004e-01
2.820000e+00 8.766148e-01
2.850000e+00 4.892172e-01
2.880000e+00 1.212905e-01
2.910000e+00 2.381373e-01
2.940000e+00 2.236799e-01
2.970000e+00 4.913688e-02
