0.000000e+00 3.885893e+00
3.000000e-02 3.577477e+00
6.000000e-02 2.210101e+00
9.000000e-02 2.288821e+00
1.200000e-01 3.302246e+00
1.500000e-01 2.610463e+00
1.800000e-01 1.944884e+00
2.100000e-01 1.704475e+00
2.400000e-01 2.299206e+00
2.700000e-01 9.241506e-01
3.000000e-01 1.328728e+00
3.300000e-01 1.336093e+00
3.600000e-01 8.627464e-01
3.900000e-01 7.211818e-01
4.200000e-01 1.376053e-01
4.500000e-01 3.759849e-01
4.800000e-01 1.803143e+00
5.100000e-01 1.224950e+00
5.400000e-01 8.391018e-01
5.700000e-01 5.061596e-01
6.000000e-01 1.321101e+00
6.300000e-01 4.576941e-01
6.600000e-01 6.090522e-02
6.900000e-01 4.144807e-01
7.200000e-01 4.247304e-01
7.500000e-01 8.073352e-01
7.800000e-01 1.687972e-01
8.100000e-01 4.878348e-01
8.400000e-01 5.030383e-01
8.700000e-01 4.335914e-01
9.000000e-01 1.624807e+00
9.300000e-01 4.962112e-02
9.600000e-01 1.830656e-01
9.900000e-01 1.176007e+00
1.020000e+00 2.639192e-02
1.050000e+00 5.929296e-01
1.080000e+00 7.981075e-03
1.110000e+00 8.578993e-01
1.140000e+00 6.007181e-02
1.170000e+00 7.402911e-01
1.200000e+00 3.116396e-01
1.230000e+00 3.947714e-02
1.260000e+00 3.739779e-01
1.290000e+00 7.258049e-01
1.320000e+00 7.869707e-01
1.350000e+00 1.528359e+00
1.380000e+00 1.489105e+00
1.410000e+00 3.354789e-02
1.440000e+00 1.516180e-01
1.470000e+00 1.727147e-01
1.500000e+00 1.490034e+00
1.530000e+00 1.671101e+00
1.560000e+00 2.622400e-01
1.590000e+00 4.323723e-01
1.620000e+00 1.144276e-01
1.650000e+00 1.497864e-01
1.680000e+00 2.186025e-02
1.710000e+00 6.191862e-01
1.740000e+00 4.225883e-02
1.770000e+00 6.003051e-01
1.800000e+00 4.723905e-01
1.830000e+00 9.049156e-03
1.860000e+00 4.565487e-02
1.890000e+00 7.011979e-02
1.920000e+00 3.929561e-01
1.950000e+00 1.526027e-02
1.980000e+00 2.534675e-03
2.010000e+00 3.128355e-02
2.040000e+00 4.406091e-03
2.070000e+00 1.249505e-02
2.100000e+00 1.839775e+00
2.130000e+00 6.285465e-03
2.160000e+00 3.920778e-02
2.190000e+00 2.700955e-01
2.220000e+00 1.635573e+00
2.250000e+00 3.247201e-02
2.280000e+00 2.378539e-02
2.310000e+00 6.538963e-01
2.340000e+00 1.417094e-04
2.370000e+00 5.836135e-03
2.400000e+00 1.673182e-03
2.430000e+00 3.875385e-03
2.460000e+00 1.007171e-03
2.490000e+00 1.213553e-02
2.520000e+00 5.945560e-04
2.550000e+00 1.082384e-03
2.580000e+00 1.131469e-01
2.610000e+00 6.299716e-02
2.640000e+00 5.292658e-02
2.670000e+00 1.711410e-03
2.700000e+00 2.446955e-02
2.730000e+00 1.090914e-04
2.760000e+00 2.338068e-03
2.790000e+00 4.142301e-03
2.820000e+00 6.289662e-05
2.850000e+00 5.857693e-05
2.880000e+00 1.253624e-03
2.910000e+00 4.989242e-04
2.940000e+00 1.131507e-01
2.970000e+00 6.672018e-05
