0.000000e+00 3.745260e+00
5.000000e-02 3.486902e+00
1.000000e-01 2.931836e+00
1.500000e-01 2.481534e+00
2.000000e-01 2.472615e+00
2.500000e-01 2.588323e+00
3.000000e-01 2.653972e+00
3.500000e-01 2.559066e+00
4.000000e-01 2.498356e+00
4.500000e-01 2.677448e+00
5.000000e-01 2.821119e+00
5.500000e-01 2.903474e+00
6.000000e-01 2.965892e+00
6.500000e-01 3.034966e+00
7.000000e-01 3.218190e+00
7.500000e-01 3.161418e+00
8.000000e-01 2.034255e+00
8.500000e-01 1.967734e+00
9.000000e-01 2.283165e+00
9.500000e-01 2.263598e+00
1.000000e+00 2.670016e+00
1.050000e+00 2.111947e+00
1.100000e+00 2.056180e+00
1.150000e+00 1.607362e+00
1.200000e+00 1.658054e+00
1.250000e+00 1.680585e+00
1.300000e+00 2.309145e+00
1.350000e+00 2.136801e+00
1.400000e+00 1.781793e+00
1.450000e+00 1.280125e+00
1.500000e+00 1.427373e+00
1.550000e+00 1.941149e+00
1.600000e+00 1.124279e+00
1.650000e+00 2.240647e+00
1.700000e+00 2.044962e+00
1.750000e+00 1.478508e+00
1.800000e+00 2.036618e+00
1.850000e+00 1.457743e+00
1.900000e+00 1.103131e+00
1.950000e+00 1.202692e+00
2.000000e+00 1.557094e+00
2.050000e+00 2.114260e+00
2.100000e+00 2.778893e+00
2.150000e+00 2.288262e+00
2.200000e+00 1.794869e+00
2.250000e+00 1.750493e+00
2.300000e+00 2.139407e+00
2.350000e+00 1.804637e+00
2.400000e+00 1.471061e+00
2.450000e+00 8.127215e-01
2.500000e+00 1.104745e+00
2.550000e+00 1.346803e+00
2.600000e+00 1.406018e+00
2.650000e+00 2.294113e+00
2.700000e+00 1.674868e+00
2.750000e+00 1.493227e+00
2.800000e+00 1.529044e+00
2.850000e+00 1.593319e+00
2.900000e+00 1.600642e+00
2.950000e+00 1.554353e+00
3.000000e+00 1.543023e+00
3.050000e+00 1.940075e+00
3.100000e+00 1.643684e+00
3.150000e+00 1.734118e+00
3.200000e+00 1.967475e+00
3.250000e+00 1.190543e+00
3.300000e+00 9.780708e-01
3.350000e+00 1.307262e+00
3.400000e+00 1.800257e+00
3.450000e+00 1.786696e+00
3.500000e+00 7.464458e-01
3.550000e+00 1.520807e+00
3.600000e+00 1.973564e+00
3.650000e+00 1.586066e+00
3.700000e+00 1.372700e+00
3.750000e+00 7.551949e-01
3.800000e+00 3.066701e-01
3.850000e+00 8.584518e-01
3.900000e+00 4.745329e-01
3.950000e+00 3.591511e-01
4.000000e+00 2.190270e-01
4.050000e+00 6.355098e-01
4.100000e+00 3.167151e-02
4.150000e+00 7.728247e-02
4.200000e+00 5.442493e-01
4.250000e+00 5.113280e-01
4.300000e+00 3.658110e-01
4.350000e+00 1.462829e-01
4.400000e+00 1.386374e-01
4.450000e+00 8.487082e-02
4.500000e+00 9.268005e-01
4.550000e+00 3.783200e-01
4.600000e+00 1.974379e-01
4.650000e+00 2.043438e-01
4.700000e+00 3.025147e-01
4.750000e+00 2.042101e-01
4.800000e+00 5.682320e-02
4.850000e+00 2.407859e-02
4.900000e+00 6.416541e-02
4.950000e+00 9.952224e-01
