0.000000e+00 4.521144e+00
5.000000e-02 4.579988e+00
1.000000e-01 4.606764e+00
1.500000e-01 4.613841e+00
2.000000e-01 4.549930e+00
2.500000e-01 4.327634e+00
3.000000e-01 4.055673e+00
3.500000e-01 3.796726e+00
4.000000e-01 3.595808e+00
4.500000e-01 3.580487e+00
5.000000e-01 3.627274e+00
5.500000e-01 3.490702e+00
6.000000e-01 3.671768e+00
6.500000e-01 3.738784e+00
7.000000e-01 3.915911e+00
7.500000e-01 4.210192e+00
8.000000e-01 4.100919e+00
8.500000e-01 4.064993e+00
9.000000e-01 4.373093e+00
9.500000e-01 4.071910e+00
1.000000e+00 4.079872e+00
1.050000e+00 3.966904e+00
1.100000e+00 3.734508e+00
1.150000e+00 3.642419e+00
1.200000e+00 3.753663e+00
1.250000e+00 3.647349e+00
1.300000e+00 3.400090e+00
1.350000e+00 3.518610e+00
1.400000e+00 3.529141e+00
1.450000e+00 3.151658e+00
1.500000e+00 3.292289e+00
1.550000e+00 3.181415e+00
1.600000e+00 3.199430e+00
1.650000e+00 3.572406e+00
1.700000e+00 3.415855e+00
1.750000e+00 3.323640e+00
1.800000e+00 3.650861e+00
1.850000e+00 3.417279e+00
1.900000e+00 2.996905e+00
1.950000e+00 2.804470e+00
2.000000e+00 2.983655e+00
2.050000e+00 2.523058e+00
2.100000e+00 2.720961e+00
2.150000e+00 2.703383e+00
2.200000e+00 2.778804e+00
2.250000e+00 2.801855e+00
2.300000e+00 2.683244e+00
2.350000e+00 2.483170e+00
2.400000e+00 2.365213e+00
2.450000e+00 2.285204e+00
2.500000e+00 1.776041e+00
2.550000e+00 2.308562e+00
2.600000e+00 1.845013e+00
2.650000e+00 2.022301e+00
2.700000e+00 2.357507e+00
2.750000e+00 1.467449e+00
2.800000e+00 1.782756e+00
2.850000e+00 1.762773e+00
2.900000e+00 1.569815e+00
2.950000e+00 1.845371e+00
3.000000e+00 2.006396e+00
3.050000e+00 1.875326e+00
3.100000e+00 1.221939e+00
3.150000e+00 1.521598e+00
3.200000e+00 1.495690e+00
3.250000e+00 1.605534e+00
3.300000e+00 1.357013e+00
3.350000e+00 8.365205e-01
3.400000e+00 9.755059e-01
3.450000e+00 9.738994e-01
3.500000e+00 1.490381e+00
3.550000e+00 6.594296e-01
3.600000e+00 1.367947e+00
3.650000e+00 1.153451e+00
3.700000e+00 1.401844e+00
3.750000e+00 1.518775e+00
3.800000e+00 8.478872e-01
3.850000e+00 1.209493e+00
3.900000e+00 1.273069e+00
3.950000e+00 1.061900e+00
4.000000e+00 1.278517e+00
4.050000e+00 1.405601e+00
4.100000e+00 1.243764e+00
4.150000e+00 2.370885e-01
4.200000e+00 1.098393e+00
4.250000e+00 7.954835e-01
4.300000e+00 1.057904e+00
4.350000e+00 8.569590e-01
4.400000e+00 2.594423e-01
4.450000e+00 4.496293e-01
4.500000e+00 7.208177e-01
4.550000e+00 4.829443e-01
4.600000e+00 7.014005e-01
4.650000e+00 7.600600e-01
4.700000e+00 1.018976e+00
4.750000e+00 1.042948e+00
4.800000e+00 5.895126e-01
4.850000e+00 1.087188e+00
4.900000e+00 7.833517e-01
4.950000e+00 5.070287e-01
