0.000000e+00 4.521144e+00
5.000000e-02 4.442781e+00
1.000000e-01 4.485578e+00
1.500000e-01 4.518818e+00
2.000000e-01 4.476861e+00
2.500000e-01 4.403970e+00
3.000000e-01 4.386977e+00
3.500000e-01 4.439111e+00
4.000000e-01 4.406984e+00
4.500000e-01 4.229190e+00
5.000000e-01 3.996414e+00
5.500000e-01 3.743776e+00
6.000000e-01 3.545980e+00
6.500000e-01 3.291779e+00
7.000000e-01 3.015207e+00
7.500000e-01 2.921582e+00
8.000000e-01 3.138032e+00
8.500000e-01 3.422375e+00
9.000000e-01 3.565131e+00
9.500000e-01 3.410399e+00
1.000000e+00 3.641714e+00
1.050000e+00 3.410373e+00
1.100000e+00 3.134482e+00
1.150000e+00 3.176899e+00
1.200000e+00 2.956257e+00
1.250000e+00 3.232536e+00
1.300000e+00 2.647358e+00
1.350000e+00 2.645546e+00
1.400000e+00 3.171187e+00
1.450000e+00 2.928111e+00
1.500000e+00 2.909628e+00
1.550000e+00 2.618948e+00
1.600000e+00 2.564416e+00
1.650000e+00 2.710938e+00
1.700000e+00 2.593411e+00
1.750000e+00 2.484235e+00
1.800000e+00 2.311054e+00
1.850000e+00 2.237815e+00
1.900000e+00 2.059244e+00
1.950000e+00 2.580969e+00
2.000000e+00 2.506512e+00
2.050000e+00 2.661294e+00
2.100000e+00 2.095691e+00
2.150000e+00 2.142342e+00
2.200000e+00 2.516294e+00
2.250000e+00 2.162153e+00
2.300000e+00 2.067296e+00
2.350000e+00 2.161022e+00
2.400000e+00 1.755203e+00
2.450000e+00 1.860919e+00
2.500000e+00 2.038449e+00
2.550000e+00 2.025659e+00
2.600000e+00 1.922854e+00
2.650000e+00 2.417286e+00
2.700000e+00 2.012988e+00
2.750000e+00 2.095103e+00
2.800000e+00 1.757387e+00
2.850000e+00 1.377429e+00
2.900000e+00 1.579897e+00
2.950000e+00 1.978587e+00
3.000000e+00 1.583464e+00
3.050000e+00 1.607812e+00
3.100000e+00 1.827927e+00
3.150000e+00 1.463348e+00
3.200000e+00 1.770514e+00
3.250000e+00 1.505716e+00
3.300000e+00 1.529918e+00
3.350000e+00 1.698183e+00
3.400000e+00 1.158790e+00
3.450000e+00 1.043250e+00
3.500000e+00 1.771072e+00
3.550000e+00 1.511286e+00
3.600000e+00 1.109228e+00
3.650000e+00 9.722595e-01
3.700000e+00 1.201141e+00
3.750000e+00 1.499643e+00
3.800000e+00 1.279476e+00
3.850000e+00 1.007071e+00
3.900000e+00 1.072738e+00
3.950000e+00 1.375373e+00
4.000000e+00 1.262433e+00
4.050000e+00 1.087771e+00
4.100000e+00 7.039237e-01
4.150000e+00 1.364286e+00
4.200000e+00 1.069831e+00
4.250000e+00 1.205090e+00
4.300000e+00 5.027118e-01
4.350000e+00 6.805719e-01
4.400000e+00 1.059504e+00
4.450000e+00 1.059484e+00
4.500000e+00 5.571803e-01
4.550000e+00 1.092748e+00
4.600000e+00 3.803643e-01
4.650000e+00 1.229533e+00
4.700000e+00 1.271198e+00
4.750000e+00 9.055844e-01
4.800000e+00 1.229828e+00
4.850000e+00 8.818699e-01
4.900000e+00 3.068982e-01
4.950000e+00 1.070367e+00
