0.000000e+00 4.720451e+00
5.000000e-02 4.887208e+00
1.000000e-01 4.899518e+00
1.500000e-01 4.685970e+00
2.000000e-01 4.305760e+00
2.500000e-01 3.975842e+00
3.000000e-01 4.142779e+00
3.500000e-01 4.239460e+00
4.000000e-01 4.212596e+00
4.500000e-01 4.060111e+00
5.000000e-01 3.716479e+00
5.500000e-01 3.130499e+00
6.000000e-01 2.586232e+00
6.500000e-01 2.008726e+00
7.000000e-01 1.882652e+00
7.500000e-01 3.154308e+00
8.000000e-01 3.892627e+00
8.500000e-01 3.287415e+00
9.000000e-01 2.628876e+00
9.500000e-01 2.419973e+00
1.000000e+00 2.961270e+00
1.050000e+00 3.309304e+00
1.100000e+00 2.959358e+00
1.150000e+00 3.773112e+00
1.200000e+00 2.583264e+00
1.250000e+00 2.307766e+00
1.300000e+00 2.628890e+00
1.350000e+00 2.660785e+00
1.400000e+00 3.090914e+00
1.450000e+00 3.309677e+00
1.500000e+00 2.702312e+00
1.550000e+00 2.925215e+00
1.600000e+00 3.129222e+00
1.650000e+00 2.295040e+00
1.700000e+00 2.025024e+00
1.750000e+00 4.472159e-01
1.800000e+00 1.418445e+00
1.850000e+00 1.826753e+00
1.900000e+00 1.941099e+00
1.950000e+00 2.142011e+00
2.000000e+00 2.289322e+00
2.050000e+00 1.936389e+00
2.100000e+00 1.807835e+00
2.150000e+00 1.464648e+00
2.200000e+00 4.053799e-01
2.250000e+00 3.787910e-01
2.300000e+00 1.787264e+00
2.350000e+00 4.423830e-01
2.400000e+00 1.973217e+00
2.450000e+00 2.289751e+00
2.500000e+00 1.349720e+00
2.550000e+00 1.532589e+00
2.600000e+00 1.834483e+00
2.650000e+00 1.240766e+00
2.700000e+00 1.164458e+00
2.750000e+00 2.123191e+00
2.800000e+00 1.782681e+00
2.850000e+00 6.477690e-01
2.900000e+00 1.414765e+00
2.950000e+00 6.880786e-01
3.000000e+00 1.571923e+00
3.050000e+00 1.788833e+00
3.100000e+00 1.337390e+00
3.150000e+00 4.174364e-01
3.200000e+00 1.649169e-01
3.250000e+00 7.718314e-01
3.300000e+00 1.270174e+00
3.350000e+00 9.175985e-01
3.400000e+00 7.790429e-01
3.450000e+00 1.460984e+00
3.500000e+00 6.256148e-01
3.550000e+00 1.936027e+00
3.600000e+00 6.739088e-01
3.650000e+00 2.750922e-01
3.700000e+00 2.151139e-01
3.750000e+00 4.311583e-02
3.800000e+00 1.411348e-01
3.850000e+00 9.655335e-02
3.900000e+00 1.315115e+00
3.950000e+00 7.502945e-01
4.000000e+00 2.059137e-01
4.050000e+00 4.045741e-01
4.100000e+00 7.528633e-02
4.150000e+00 1.789468e-01
4.200000e+00 2.772048e-01
4.250000e+00 1.977556e-01
4.300000e+00 2.756139e-01
4.350000e+00 4.127197e-01
4.400000e+00 1.087793e-01
4.450000e+00 5.764179e-02
4.500000e+00 1.230168e-02
4.550000e+00 1.206288e-01
4.600000e+00 5.018551e-03
4.650000e+00 1.531981e-01
4.700000e+00 7.355076e-01
4.750000e+00 3.768634e-02
4.800000e+00 8.437728e-03
4.850000e+00 7.041160e-03
4.900000e+00 5.597142e-03
4.950000e+00 1.675909e-02
