0.000000e+00 4.720451e+00
5.000000e-02 4.549775e+00
1.000000e-01 4.250528e+00
1.500000e-01 3.865559e+00
2.000000e-01 3.616377e+00
2.500000e-01 3.773612e+00
3.000000e-01 4.175168e+00
3.500000e-01 4.582178e+00
4.000000e-01 4.885274e+00
4.500000e-01 3.669883e+00
5.000000e-01 2.977453e+00
5.500000e-01 3.307303e+00
6.000000e-01 3.858189e+00
6.500000e-01 4.119021e+00
7.000000e-01 4.166445e+00
7.500000e-01 3.442934e+00
8.000000e-01 4.096352e+00
8.500000e-01 3.405247e+00
9.000000e-01 3.530482e+00
9.500000e-01 3.889887e+00
1.000000e+00 3.459024e+00
1.050000e+00 3.736371e+00
1.100000e+00 2.754868e+00
1.150000e+00 3.536826e+00
1.200000e+00 4.612600e+00
1.250000e+00 4.042582e+00
1.300000e+00 3.333899e+00
1.350000e+00 3.059065e+00
1.400000e+00 1.921026e+00
1.450000e+00 2.099585e+00
1.500000e+00 1.648768e+00
1.550000e+00 3.019748e+00
1.600000e+00 2.755633e+00
1.650000e+00 2.853927e+00
1.700000e+00 3.028002e+00
1.750000e+00 2.752462e+00
1.800000e+00 2.210699e+00
1.850000e+00 1.976861e+00
1.900000e+00 1.696371e+00
1.950000e+00 1.315113e+00
2.000000e+00 9.196396e-01
2.050000e+00 2.735952e+00
2.100000e+00 3.137902e+00
2.150000e+00 2.440113e+00
2.200000e+00 2.005859e+00
2.250000e+00 1.664082e+00
2.300000e+00 1.462169e+00
2.350000e+00 2.251627e+00
2.400000e+00 1.751734e+00
2.450000e+00 1.434339e+00
2.500000e+00 2.607021e+00
2.550000e+00 1.813019e+00
2.600000e+00 2.626358e+00
2.650000e+00 2.544765e+00
2.700000e+00 1.888877e+00
2.750000e+00 1.863251e+00
2.800000e+00 1.770827e+00
2.850000e+00 1.151362e+00
2.900000e+00 2.338243e+00
2.950000e+00 1.390393e+00
3.000000e+00 1.969029e+00
3.050000e+00 1.497234e+00
3.100000e+00 1.067382e+00
3.150000e+00 1.616303e+00
3.200000e+00 1.202118e+00
3.250000e+00 1.937279e+00
3.300000e+00 4.456275e-01
3.350000e+00 6.259105e-01
3.400000e+00 9.256153e-01
3.450000e+00 1.675009e-01
3.500000e+00 1.966715e+00
3.550000e+00 4.962173e-01
3.600000e+00 3.541564e-01
3.650000e+00 4.131075e-01
3.700000e+00 2.062899e+00
3.750000e+00 1.932601e+00
3.800000e+00 1.830696e+00
3.850000e+00 5.161092e-01
3.900000e+00 5.301976e-01
3.950000e+00 5.183628e-01
4.000000e+00 5.022494e-01
4.050000e+00 2.113409e-01
4.100000e+00 6.465771e-02
4.150000e+00 2.645895e-01
4.200000e+00 9.307234e-01
4.250000e+00 1.814358e+00
4.300000e+00 1.056696e+00
4.350000e+00 5.357766e-01
4.400000e+00 2.075264e-02
4.450000e+00 4.842884e-02
4.500000e+00 5.546517e-01
4.550000e+00 5.852484e-01
4.600000e+00 3.270310e-02
4.650000e+00 3.047970e-01
4.700000e+00 1.218939e+00
4.750000e+00 4.189640e-02
4.800000e+00 2.295203e-01
4.850000e+00 1.416050e-01
4.900000e+00 3.363039e-02
4.950000e+00 2.709512e-02
