0.000000e+00 8.101031e+00
6.000000e-02 8.152405e+00
1.200000e-01 8.081849e+00
1.800000e-01 7.882199e+00
2.400000e-01 7.582367e+00
3.000000e-01 7.235442e+00
3.600000e-01 6.940058e+00
4.200000e-01 6.762174e+00
4.800000e-01 6.637908e+00
5.400000e-01 6.486557e+00
6.000000e-01 6.379820e+00
6.600000e-01 6.377881e+00
7.200000e-01 6.266536e+00
7.800000e-01 6.163553e+00
8.400000e-01 6.196120e+00
9.000000e-01 6.252869e+00
9.600000e-01 6.154105e+00
1.020000e+00 5.632267e+00
1.080000e+00 4.847388e+00
1.140000e+00 4.167891e+00
1.200000e+00 4.395744e+00
1.260000e+00 5.004084e+00
1.320000e+00 5.173170e+00
1.380000e+00 4.758152e+00
1.440000e+00 4.174188e+00
1.500000e+00 3.428374e+00
1.560000e+00 2.846615e+00
1.620000e+00 2.096171e+00
1.680000e+00 2.298104e+00
1.740000e+00 3.396830e+00
1.800000e+00 3.307120e+00
1.860000e+00 3.043377e+00
1.920000e+00 4.405505e+00
1.980000e+00 2.906904e+00
2.040000e+00 2.908466e+00
2.100000e+00 2.631117e+00
2.160000e+00 1.744022e+00
2.220000e+00 1.650080e+00
2.280000e+00 1.943595e+00
2.340000e+00 1.851544e+00
2.400000e+00 2.410650e+00
2.460000e+00 1.977680e+00
2.520000e+00 3.527150e+00
2.580000e+00 2.745717e+00
2.640000e+00 1.841689e+00
2.700000e+00 2.541503e+00
2.760000e+00 2.866058e+00
2.820000e+00 1.293834e+00
2.880000e+00 3.525269e-01
2.940000e+00 1.161205e+00
3.000000e+00 8.846476e-01
3.060000e+00 8.695592e-01
3.120000e+00 2.042165e+00
3.180000e+00 2.037336e+00
3.240000e+00 1.188402e+00
3.300000e+00 1.876295e+00
3.360000e+00 5.898611e-01
3.420000e+00 5.264473e-01
3.480000e+00 9.924799e-01
3.540000e+00 2.003922e+00
3.600000e+00 4.449190e-01
3.660000e+00 1.982589e-01
3.720000e+00 1.977313e+00
3.780000e+00 1.599335e-01
3.840000e+00 2.063810e-01
3.900000e+00 1.929770e-01
3.960000e+00 3.148285e-01
4.020000e+00 5.740469e-01
4.080000e+00 2.292550e-01
4.140000e+00 2.670094e-02
4.200000e+00 1.289883e-01
4.260000e+00 1.085489e-01
4.320000e+00 1.937306e-01
4.380000e+00 3.315469e-01
4.440000e+00 9.663862e-01
4.500000e+00 5.931988e-02
4.560000e+00 2.320142e-02
4.620000e+00 1.563985e+00
4.680000e+00 2.276682e-02
4.740000e+00 2.886631e-02
4.800000e+00 3.987345e-03
4.860000e+00 1.906586e-02
4.920000e+00 2.887700e-01
4.980000e+00 1.362894e+00
5.040000e+00 7.595959e-02
5.100000e+00 1.306532e-01
5.160000e+00 2.717781e-02
5.220000e+00 3.894208e-03
5.280000e+00 4.195006e-02
5.340000e+00 1.070092e-03
5.400000e+00 6.827934e-03
5.460000e+00 4.837568e-04
5.520000e+00 8.093670e-03
5.580000e+00 3.245390e-04
5.640000e+00 2.097553e-03
5.700000e+00 4.104911e-03
5.760000e+00 2.759831e-04
5.820000e+00 4.806036e-04
5.880000e+00 2.637270e-04
5.940000e+00 1.687348e-05
