0.000000e+00 8.101031e+00
6.000000e-02 8.024934e+00
1.200000e-01 7.945638e+00
1.800000e-01 7.878883e+00
2.400000e-01 7.770668e+00
3.000000e-01 7.486013e+00
3.600000e-01 6.920703e+00
4.200000e-01 6.128298e+00
4.800000e-01 5.726463e+00
5.400000e-01 5.910724e+00
6.000000e-01 6.228808e+00
6.600000e-01 6.652215e+00
7.200000e-01 7.132608e+00
7.800000e-01 7.279356e+00
8.400000e-01 7.037859e+00
9.000000e-01 6.266029e+00
9.600000e-01 5.432774e+00
1.020000e+00 4.944221e+00
1.080000e+00 4.609554e+00
1.140000e+00 4.313637e+00
1.200000e+00 4.188143e+00
1.260000e+00 4.070168e+00
1.320000e+00 5.018558e+00
1.380000e+00 4.625117e+00
1.440000e+00 3.801553e+00
1.500000e+00 3.092021e+00
1.560000e+00 3.390830e+00
1.620000e+00 4.283203e+00
1.680000e+00 4.010428e+00
1.740000e+00 4.892611e+00
1.800000e+00 4.753821e+00
1.860000e+00 3.313554e+00
1.920000e+00 3.234085e+00
1.980000e+00 3.361831e+00
2.040000e+00 3.098573e+00
2.100000e+00 2.322518e+00
2.160000e+00 3.607451e+00
2.220000e+00 2.456633e+00
2.280000e+00 2.460619e+00
2.340000e+00 2.809455e+00
2.400000e+00 2.484261e+00
2.460000e+00 3.103202e+00
2.520000e+00 2.697069e+00
2.580000e+00 1.615914e+00
2.640000e+00 1.706167e+00
2.700000e+00 2.155457e+00
2.760000e+00 1.368499e+00
2.820000e+00 2.367332e+00
2.880000e+00 1.729265e+00
2.940000e+00 1.004193e+00
3.000000e+00 1.220522e+00
3.060000e+00 5.317960e-01
3.120000e+00 2.070833e+00
3.180000e+00 2.784006e+00
3.240000e+00 1.021337e+00
3.300000e+00 2.513025e-01
3.360000e+00 2.001915e+00
3.420000e+00 3.265496e-01
3.480000e+00 7.711376e-01
3.540000e+00 1.698121e-01
3.600000e+00 1.412355e+00
3.660000e+00 3.747609e-01
3.720000e+00 4.999237e-02
3.780000e+00 3.006740e-01
3.840000e+00 1.305054e-01
3.900000e+00 9.221431e-01
3.960000e+00 9.479469e-01
4.020000e+00 1.045057e-01
4.080000e+00 4.952161e-01
4.140000e+00 5.609506e-02
4.200000e+00 7.452873e-02
4.260000e+00 1.718112e+00
4.320000e+00 1.391389e-01
4.380000e+00 3.192839e-02
4.440000e+00 3.794476e-01
4.500000e+00 1.467313e-01
4.560000e+00 2.729953e-03
4.620000e+00 4.364810e-01
4.680000e+00 3.223813e-02
4.740000e+00 1.270583e-03
4.800000e+00 1.233260e-01
4.860000e+00 2.643334e-02
4.920000e+00 4.689242e-01
4.980000e+00 2.594289e-02
5.040000e+00 4.553727e-01
5.100000e+00 9.856636e-04
5.160000e+00 4.191571e-03
5.220000e+00 3.899434e-05
5.280000e+00 4.720587e-05
5.340000e+00 7.928627e-05
5.400000e+00 1.572394e-03
5.460000e+00 2.924977e-03
5.520000e+00 7.116512e-03
5.580000e+00 2.743540e-04
5.640000e+00 1.860015e-02
5.700000e+00 2.878186e-04
5.760000e+00 4.943212e-03
5.820000e+00 6.380535e-02
5.880000e+00 1.232740e-01
5.940000e+00 4.472720e-03
