0.000000e+00 8.101031e+00
6.000000e-02 8.104367e+00
1.200000e-01 8.031971e+00
1.800000e-01 7.910231e+00
2.400000e-01 7.762124e+00
3.000000e-01 7.606381e+00
3.600000e-01 7.458119e+00
4.200000e-01 7.289888e+00
4.800000e-01 6.946349e+00
5.400000e-01 6.275179e+00
6.000000e-01 6.098391e+00
6.600000e-01 6.405351e+00
7.200000e-01 6.525728e+00
7.800000e-01 6.388390e+00
8.400000e-01 6.387336e+00
9.000000e-01 6.447051e+00
9.600000e-01 5.986795e+00
1.020000e+00 5.404773e+00
1.080000e+00 4.927187e+00
1.140000e+00 5.102143e+00
1.200000e+00 4.381464e+00
1.260000e+00 5.197836e+00
1.320000e+00 5.722772e+00
1.380000e+00 4.302572e+00
1.440000e+00 4.408135e+00
1.500000e+00 4.100262e+00
1.560000e+00 2.950912e+00
1.620000e+00 3.380459e+00
1.680000e+00 3.921349e+00
1.740000e+00 4.985362e+00
1.800000e+00 3.993054e+00
1.860000e+00 4.251956e+00
1.920000e+00 4.244099e+00
1.980000e+00 2.713126e+00
2.040000e+00 2.518815e+00
2.100000e+00 4.710146e+00
2.160000e+00 3.220393e+00
2.220000e+00 2.157494e+00
2.280000e+00 3.858062e+00
2.340000e+00 3.166161e+00
2.400000e+00 2.878630e+00
2.460000e+00 1.336318e+00
2.520000e+00 1.898674e+00
2.580000e+00 2.362955e+00
2.640000e+00 1.493018e+00
2.700000e+00 2.184355e+00
2.760000e+00 1.970747e+00
2.820000e+00 1.626538e+00
2.880000e+00 3.325139e+00
2.940000e+00 1.945450e+00
3.000000e+00 1.281868e+00
3.060000e+00 1.742725e+00
3.120000e+00 2.163915e+00
3.180000e+00 1.718895e+00
3.240000e+00 1.171018e+00
3.300000e+00 4.954464e-01
3.360000e+00 9.052262e-01
3.420000e+00 2.310442e+00
3.480000e+00 1.997435e+00
3.540000e+00 1.385873e+00
3.600000e+00 2.157238e+00
3.660000e+00 1.068014e+00
3.720000e+00 1.704100e+00
3.780000e+00 1.335532e+00
3.840000e+00 2.786290e-01
3.900000e+00 1.275248e+00
3.960000e+00 1.643933e-01
4.020000e+00 5.070359e-01
4.080000e+00 1.993426e+00
4.140000e+00 1.424708e+00
4.200000e+00 1.530185e-01
4.260000e+00 1.877408e-02
4.320000e+00 1.485907e-02
4.380000e+00 7.040549e-02
4.440000e+00 1.951097e+00
4.500000e+00 3.784512e-01
4.560000e+00 1.543562e+00
4.620000e+00 1.235194e+00
4.680000e+00 1.524554e-01
4.740000e+00 3.658770e-01
4.800000e+00 5.793337e-01
4.860000e+00 1.445983e+00
4.920000e+00 1.641955e+00
4.980000e+00 1.536008e+00
5.040000e+00 2.038276e-01
5.100000e+00 6.370763e-01
5.160000e+00 8.857348e-01
5.220000e+00 8.168641e-02
5.280000e+00 1.744146e-02
5.340000e+00 5.528971e-03
5.400000e+00 1.119392e+00
5.460000e+00 5.699913e-02
5.520000e+00 1.235114e-02
5.580000e+00 1.470410e-02
5.640000e+00 4.953542e-03
5.700000e+00 4.202450e-03
5.760000e+00 2.013668e-01
5.820000e+00 1.907977e-03
5.880000e+00 1.205684e-02
5.940000e+00 7.222266e-05
