0.000000e+00 8.257015e+00
6.000000e-02 8.804826e+00
1.200000e-01 9.335239e+00
1.800000e-01 9.033423e+00
2.400000e-01 8.738907e+00
3.000000e-01 8.697530e+00
3.600000e-01 8.346028e+00
4.200000e-01 7.883256e+00
4.800000e-01 7.314509e+00
5.400000e-01 6.447767e+00
6.000000e-01 5.819025e+00
6.600000e-01 5.658787e+00
7.200000e-01 5.525450e+00
7.800000e-01 5.334674e+00
8.400000e-01 5.459108e+00
9.000000e-01 5.656324e+00
9.600000e-01 5.920345e+00
1.020000e+00 5.586617e+00
1.080000e+00 5.016284e+00
1.140000e+00 4.670418e+00
1.200000e+00 4.531544e+00
1.260000e+00 4.677832e+00
1.320000e+00 5.061857e+00
1.380000e+00 5.772815e+00
1.440000e+00 5.436108e+00
1.500000e+00 5.184146e+00
1.560000e+00 4.579910e+00
1.620000e+00 4.259775e+00
1.680000e+00 2.874221e+00
1.740000e+00 3.528064e+00
1.800000e+00 3.051005e+00
1.860000e+00 3.256184e+00
1.920000e+00 3.097357e+00
1.980000e+00 3.116601e+00
2.040000e+00 3.213207e+00
2.100000e+00 3.782964e+00
2.160000e+00 4.397256e+00
2.220000e+00 3.364195e+00
2.280000e+00 2.396174e+00
2.340000e+00 1.797758e+00
2.400000e+00 2.288359e+00
2.460000e+00 3.933016e+00
2.520000e+00 2.653189e+00
2.580000e+00 2.302145e+00
2.640000e+00 1.420996e+00
2.700000e+00 9.209242e-01
2.760000e+00 1.474175e+00
2.820000e+00 2.372101e+00
2.880000e+00 1.333020e+00
2.940000e+00 7.498511e-01
3.000000e+00 1.604067e+00
3.060000e+00 4.309235e-01
3.120000e+00 1.750712e+00
3.180000e+00 6.484556e-01
3.240000e+00 1.074844e+00
3.300000e+00 9.809453e-01
3.360000e+00 7.448108e-01
3.420000e+00 5.193894e-01
3.480000e+00 7.231547e-01
3.540000e+00 2.024267e+00
3.600000e+00 1.405140e-01
3.660000e+00 5.935646e-02
3.720000e+00 7.594271e-02
3.780000e+00 8.380236e-02
3.840000e+00 3.018262e-02
3.900000e+00 1.992723e-01
3.960000e+00 3.853439e-01
4.020000e+00 9.814188e-01
4.080000e+00 7.683637e-01
4.140000e+00 9.904219e-02
4.200000e+00 1.126537e-01
4.260000e+00 2.285891e-01
4.320000e+00 3.465744e-02
4.380000e+00 9.156045e-02
4.440000e+00 2.343571e-01
4.500000e+00 3.059069e-02
4.560000e+00 1.261227e-01
4.620000e+00 9.660340e-01
4.680000e+00 3.069607e-02
4.740000e+00 2.492304e-02
4.800000e+00 1.863961e-02
4.860000e+00 2.930063e-02
4.920000e+00 5.078786e-03
4.980000e+00 2.720059e-02
5.040000e+00 5.586049e-01
5.100000e+00 7.130881e-02
5.160000e+00 2.460367e-02
5.220000e+00 3.689809e-01
5.280000e+00 2.278293e-02
5.340000e+00 1.965411e-02
5.400000e+00 1.026805e-02
5.460000e+00 1.961350e-03
5.520000e+00 2.054755e-03
5.580000e+00 1.128862e-03
5.640000e+00 6.419000e-04
5.700000e+00 1.927262e-02
5.760000e+00 2.041496e-03
5.820000e+00 2.243589e-01
5.880000e+00 2.855328e-02
5.940000e+00 1.000840e-02
