0.000000e+00 8.257015e+00
6.000000e-02 8.146013e+00
1.200000e-01 8.133701e+00
1.800000e-01 8.131916e+00
2.400000e-01 8.114112e+00
3.000000e-01 8.031345e+00
3.600000e-01 7.654980e+00
4.200000e-01 7.352915e+00
4.800000e-01 7.325078e+00
5.400000e-01 7.493749e+00
6.000000e-01 7.726851e+00
6.600000e-01 7.729487e+00
7.200000e-01 7.394152e+00
7.800000e-01 7.004165e+00
8.400000e-01 6.757829e+00
9.000000e-01 6.723591e+00
9.600000e-01 6.611638e+00
1.020000e+00 6.603988e+00
1.080000e+00 6.589562e+00
1.140000e+00 5.808160e+00
1.200000e+00 5.070660e+00
1.260000e+00 4.749298e+00
1.320000e+00 4.465842e+00
1.380000e+00 4.217755e+00
1.440000e+00 4.059350e+00
1.500000e+00 3.906826e+00
1.560000e+00 3.814738e+00
1.620000e+00 3.989593e+00
1.680000e+00 3.665544e+00
1.740000e+00 3.588367e+00
1.800000e+00 4.432789e+00
1.860000e+00 3.898141e+00
1.920000e+00 3.570854e+00
1.980000e+00 4.632093e+00
2.040000e+00 3.173284e+00
2.100000e+00 3.447165e+00
2.160000e+00 2.634934e+00
2.220000e+00 2.404830e+00
2.280000e+00 3.573199e+00
2.340000e+00 3.678539e+00
2.400000e+00 2.251178e+00
2.460000e+00 1.507504e+00
2.520000e+00 1.187225e+00
2.580000e+00 2.345934e+00
2.640000e+00 3.316684e+00
2.700000e+00 3.494921e+00
2.760000e+00 2.045999e+00
2.820000e+00 1.876708e+00
2.880000e+00 1.963879e+00
2.940000e+00 2.458172e+00
3.000000e+00 2.212367e+00
3.060000e+00 1.970951e+00
3.120000e+00 1.659122e+00
3.180000e+00 7.761342e-01
3.240000e+00 2.878326e-01
3.300000e+00 3.676676e-01
3.360000e+00 9.664586e-01
3.420000e+00 1.498731e+00
3.480000e+00 4.588368e-01
3.540000e+00 1.728650e-01
3.600000e+00 1.807168e+00
3.660000e+00 9.990995e-01
3.720000e+00 1.761061e-01
3.780000e+00 1.670755e-01
3.840000e+00 1.257229e-01
3.900000e+00 5.363179e-02
3.960000e+00 4.146151e-01
4.020000e+00 2.045764e-01
4.080000e+00 2.960416e-01
4.140000e+00 2.184746e-01
4.200000e+00 6.788130e-03
4.260000e+00 7.009737e-02
4.320000e+00 4.700089e-02
4.380000e+00 3.381983e-01
4.440000e+00 3.180536e-01
4.500000e+00 3.959964e-02
4.560000e+00 3.419159e-01
4.620000e+00 3.669613e-01
4.680000e+00 4.424731e-02
4.740000e+00 2.547303e-01
4.800000e+00 2.079889e-01
4.860000e+00 6.099792e-03
4.920000e+00 2.975533e-02
4.980000e+00 1.453451e-01
5.040000e+00 2.182083e-03
5.100000e+00 7.038808e-05
5.160000e+00 1.274995e-04
5.220000e+00 1.995099e-04
5.280000e+00 2.114811e-02
5.340000e+00 3.903970e-05
5.400000e+00 1.338056e-04
5.460000e+00 6.760966e-02
5.520000e+00 3.081959e-03
5.580000e+00 2.106928e-03
5.640000e+00 8.971516e-05
5.700000e+00 8.963392e-05
5.760000e+00 2.388359e-03
5.820000e+00 1.690216e-02
5.880000e+00 2.713958e-03
5.940000e+00 2.872393e-04
