0.000000e+00 9.218645e-01
3.000000e-02 8.722110e-01
6.000000e-02 1.097470e+00
9.000000e-02 1.173176e+00
1.200000e-01 1.603794e+00
1.500000e-01 1.865576e+00
1.800000e-01 1.664592e+00
2.100000e-01 1.442878e+00
2.400000e-01 1.864624e+00
2.700000e-01 2.358069e+00
3.000000e-01 2.624408e+00
3.300000e-01 2.845534e+00
3.600000e-01 2.947957e+00
3.900000e-01 2.947248e+00
4.200000e-01 3.021492e+00
4.500000e-01 2.864859e+00
4.800000e-01 2.379607e+00
5.100000e-01 2.094128e+00
5.400000e-01 1.999648e+00
5.700000e-01 2.058356e+00
6.000000e-01 2.186477e+00
6.300000e-01 2.210276e+00
6.600000e-01 2.072654e+00
6.900000e-01 1.911646e+00
7.200000e-01 1.828743e+00
7.500000e-01 1.857717e+00
7.800000e-01 1.943579e+00
8.100000e-01 1.898712e+00
8.400000e-01 1.706842e+00
8.700000e-01 1.457717e+00
9.000000e-01 1.201678e+00
9.300000e-01 1.063664e+00
9.600000e-01 1.221842e+00
9.900000e-01 1.910126e+00
1.020000e+00 1.578089e+00
1.050000e+00 8.711880e-01
1.080000e+00 7.002774e-01
1.110000e+00 6.383662e-01
1.140000e+00 6.241153e-01
1.170000e+00 6.969572e-01
1.200000e+00 9.968505e-01
1.230000e+00 1.680548e+00
1.260000e+00 1.552580e+00
1.290000e+00 1.000226e+00
1.320000e+00 9.529207e-01
1.350000e+00 1.370954e+00
1.380000e+00 1.893984e+00
1.410000e+00 1.185912e+00
1.440000e+00 6.704884e-01
1.470000e+00 8.878447e-01
1.500000e+00 7.040437e-01
1.530000e+00 4.027060e-01
1.560000e+00 3.803181e-01
1.590000e+00 5.960633e-01
1.620000e+00 1.395576e+00
1.650000e+00 1.487758e+00
1.680000e+00 5.220669e-01
1.710000e+00 2.888440e-01
1.740000e+00 6.098942e-01
1.770000e+00 1.916986e+00
1.800000e+00 6.880686e-01
1.830000e+00 9.160846e-01
1.860000e+00 1.489044e+00
1.890000e+00 1.277999e+00
1.920000e+00 1.326301e+00
1.950000e+00 1.508542e+00
1.980000e+00 1.600261e+00
2.010000e+00 1.535705e+00
2.040000e+00 1.658393e+00
2.070000e+00 2.013442e+00
2.100000e+00 9.400577e-01
2.130000e+00 1.216960e+00
2.160000e+00 1.893156e+00
2.190000e+00 1.058353e+00
2.220000e+00 6.081997e-01
2.250000e+00 4.732195e-01
2.280000e+00 4.495001e-01
2.310000e+00 9.329948e-01
2.340000e+00 1.947881e+00
2.370000e+00 1.066348e+00
2.400000e+00 9.186683e-01
2.430000e+00 1.747752e+00
2.460000e+00 1.010338e+00
2.490000e+00 1.126361e+00
2.520000e+00 4.162659e-01
2.550000e+00 9.995069e-01
2.580000e+00 4.367968e-01
2.610000e+00 1.222115e+00
2.640000e+00 6.710637e-01
2.670000e+00 5.494163e-01
2.700000e+00 8.571005e-01
2.730000e+00 1.477444e+00
2.760000e+00 6.475850e-01
2.790000e+00 8.515912e-01
2.820000e+00 7.096534e-01
2.850000e+00 6.086471e-01
2.880000e+00 1.077019e+00
2.910000e+00 9.496618e-01
2.940000e+00 1.185764e+00
2.970000e+00 1.946853e+00
