0.000000e+00 9.218645e-01
3.000000e-02 1.170002e+00
6.000000e-02 1.356469e+00
9.000000e-02 1.523202e+00
1.200000e-01 1.697494e+00
1.500000e-01 1.901141e+00
1.800000e-01 2.127761e+00
2.100000e-01 2.073459e+00
2.400000e-01 1.622480e+00
2.700000e-01 1.456464e+00
3.000000e-01 1.551883e+00
3.300000e-01 1.715928e+00
3.600000e-01 1.803359e+00
3.900000e-01 1.728397e+00
4.200000e-01 1.650386e+00
4.500000e-01 1.689396e+00
4.800000e-01 1.756678e+00
5.100000e-01 1.823423e+00
5.400000e-01 1.909548e+00
5.700000e-01 2.029922e+00
6.000000e-01 2.210248e+00
6.300000e-01 2.245320e+00
6.600000e-01 2.085405e+00
6.900000e-01 2.005797e+00
7.200000e-01 2.031706e+00
7.500000e-01 2.076308e+00
7.800000e-01 2.064306e+00
8.100000e-01 1.952395e+00
8.400000e-01 1.744215e+00
8.700000e-01 1.533136e+00
9.000000e-01 1.511254e+00
9.300000e-01 1.677443e+00
9.600000e-01 1.843932e+00
9.900000e-01 1.957184e+00
1.020000e+00 2.039110e+00
1.050000e+00 2.102470e+00
1.080000e+00 2.113421e+00
1.110000e+00 1.963410e+00
1.140000e+00 1.669488e+00
1.170000e+00 1.479643e+00
1.200000e+00 1.522006e+00
1.230000e+00 2.062468e+00
1.260000e+00 1.865632e+00
1.290000e+00 1.350528e+00
1.320000e+00 1.019198e+00
1.350000e+00 1.086273e+00
1.380000e+00 1.176723e+00
1.410000e+00 1.267871e+00
1.440000e+00 1.527949e+00
1.470000e+00 1.952640e+00
1.500000e+00 1.476006e+00
1.530000e+00 8.673712e-01
1.560000e+00 6.552353e-01
1.590000e+00 9.151889e-01
1.620000e+00 9.976880e-01
1.650000e+00 1.322181e+00
1.680000e+00 1.258531e+00
1.710000e+00 1.707916e+00
1.740000e+00 1.999468e+00
1.770000e+00 1.351510e+00
1.800000e+00 7.496235e-01
1.830000e+00 6.204247e-01
1.860000e+00 1.338624e+00
1.890000e+00 7.363983e-01
1.920000e+00 1.010819e+00
1.950000e+00 9.401655e-01
1.980000e+00 1.783415e+00
2.010000e+00 1.998919e+00
2.040000e+00 1.962987e+00
2.070000e+00 1.430148e+00
2.100000e+00 1.019320e+00
2.130000e+00 9.064580e-01
2.160000e+00 1.365121e+00
2.190000e+00 2.098312e+00
2.220000e+00 1.661959e+00
2.250000e+00 1.631803e+00
2.280000e+00 1.641332e+00
2.310000e+00 1.323096e+00
2.340000e+00 1.857798e+00
2.370000e+00 1.766772e+00
2.400000e+00 1.386595e+00
2.430000e+00 1.190414e+00
2.460000e+00 1.650035e+00
2.490000e+00 8.740542e-01
2.520000e+00 8.941236e-01
2.550000e+00 4.149044e-01
2.580000e+00 2.760430e-01
2.610000e+00 4.126553e-01
2.640000e+00 6.877415e-01
2.670000e+00 1.434729e-01
2.700000e+00 4.857026e-01
2.730000e+00 7.632615e-01
2.760000e+00 1.272161e+00
2.790000e+00 9.662627e-01
2.820000e+00 1.967990e-01
2.850000e+00 5.709480e-01
2.880000e+00 1.107691e+00
2.910000e+00 5.254718e-01
2.940000e+00 3.919116e-01
2.970000e+00 6.562936e-01
