2.000000e-01 7.552005e-01
2.004000e-01 7.497470e-01
2.008000e-01 7.445519e-01
2.012000e-01 7.393382e-01
2.016000e-01 7.338200e-01
2.020000e-01 7.277236e-01
2.024000e-01 7.208080e-01
2.028000e-01 7.128816e-01
2.032000e-01 7.038162e-01
2.036000e-01 6.935528e-01
2.040000e-01 6.821032e-01
2.044000e-01 6.695433e-01
2.048000e-01 6.560033e-01
2.052000e-01 6.416533e-01
2.056000e-01 6.266887e-01
2.060000e-01 6.113155e-01
2.064000e-01 5.957377e-01
2.068000e-01 5.801477e-01
2.072000e-01 5.647192e-01
2.076000e-01 5.496031e-01
2.080000e-01 5.349259e-01
2.084000e-01 5.207899e-01
2.088000e-01 5.072747e-01
2.092000e-01 4.944394e-01
2.096000e-01 4.823255e-01
2.100000e-01 4.709596e-01
2.104000e-01 4.603565e-01
2.108000e-01 4.505212e-01
2.112000e-01 4.414518e-01
2.116000e-01 4.331409e-01
2.120000e-01 4.255777e-01
2.124000e-01 4.187490e-01
2.128000e-01 4.126407e-01
2.132000e-01 4.072384e-01
2.136000e-01 4.025284e-01
2.140000e-01 3.984980e-01
2.144000e-01 3.951364e-01
2.148000e-01 3.924346e-01
2.152000e-01 3.903861e-01
2.156000e-01 3.889870e-01
2.160000e-01 3.882363e-01
2.164000e-01 3.881361e-01
2.168000e-01 3.886918e-01
2.172000e-01 3.899125e-01
2.176000e-01 3.918107e-01
2.180000e-01 3.944035e-01
2.184000e-01 3.977118e-01
2.188000e-01 4.017613e-01
2.192000e-01 4.065827e-01
2.196000e-01 4.122115e-01
2.200000e-01 4.186892e-01
2.204000e-01 4.260629e-01
2.208000e-01 4.343857e-01
2.212000e-01 4.437172e-01
2.216000e-01 4.541230e-01
2.220000e-01 4.656748e-01
2.224000e-01 4.784495e-01
2.228000e-01 4.925278e-01
2.232000e-01 5.079918e-01
2.236000e-01 5.249209e-01
2.240000e-01 5.433861e-01
2.244000e-01 5.634402e-01
2.248000e-01 5.851049e-01
2.252000e-01 6.083514e-01
2.256000e-01 6.330743e-01
2.260000e-01 6.590560e-01
2.264000e-01 6.859229e-01
2.268000e-01 7.130936e-01
2.272000e-01 7.397261e-01
2.276000e-01 7.646773e-01
2.280000e-01 7.864971e-01
2.284000e-01 8.034899e-01
2.288000e-01 8.138722e-01
2.292000e-01 8.160403e-01
2.296000e-01 8.089143e-01
2.300000e-01 7.922677e-01
2.304000e-01 7.669125e-01
2.308000e-01 7.346401e-01
2.312000e-01 6.979115e-01
2.316000e-01 6.594028e-01
2.320000e-01 6.215677e-01
2.324000e-01 5.863397e-01
2.328000e-01 5.550171e-01
2.332000e-01 5.282966e-01
2.336000e-01 5.063919e-01
2.340000e-01 4.891774e-01
2.344000e-01 4.763187e-01
2.348000e-01 4.673755e-01
2.352000e-01 4.618732e-01
2.356000e-01 4.593484e-01
2.360000e-01 4.593772e-01
2.364000e-01 4.615887e-01
2.368000e-01 4.656726e-01
2.372000e-01 4.713811e-01
2.376000e-01 4.785290e-01
2.380000e-01 4.869920e-01
2.384000e-01 4.967050e-01
2.388000e-01 5.076592e-01
2.392000e-01 5.198988e-01
2.396000e-01 5.335165e-01
2.400000e-01 5.486472e-01
2.404000e-01 5.654591e-01
2.408000e-01 5.841413e-01
2.412000e-01 6.048856e-01
2.416000e-01 6.278622e-01
2.420000e-01 6.531866e-01
2.424000e-01 6.808778e-01
2.428000e-01 7.108081e-01
2.432000e-01 7.426481e-01
2.436000e-01 7.758169e-01
2.440000e-01 8.094501e-01
2.444000e-01 8.424044e-01
2.448000e-01 8.733174e-01
2.452000e-01 9.007316e-01
2.456000e-01 9.232725e-01
2.460000e-01 9.398497e-01
2.464000e-01 9.498312e-01
2.468000e-01 9.531443e-01
2.472000e-01 9.502776e-01
2.476000e-01 9.421943e-01
2.480000e-01 9.301920e-01
2.484000e-01 9.157597e-01
2.488000e-01 9.004716e-01
2.492000e-01 8.859487e-01
2.496000e-01 8.739054e-01
2.500000e-01 8.663055e-01
2.504000e-01 8.656761e-01
2.508000e-01 8.756933e-01
2.512000e-01 9.022868e-01
2.516000e-01 9.557843e-01
2.520000e-01 1.055030e+00
2.524000e-01 1.234012e+00
2.528000e-01 1.542142e+00
2.532000e-01 1.975875e+00
2.536000e-01 2.255914e+00
2.540000e-01 2.051377e+00
2.544000e-01 1.639807e+00
2.548000e-01 1.316132e+00
2.552000e-01 1.108625e+00
2.556000e-01 9.785783e-01
2.560000e-01 8.952050e-01
2.564000e-01 8.403565e-01
2.568000e-01 8.037471e-01
2.572000e-01 7.794336e-01
2.576000e-01 7.638659e-01
2.580000e-01 7.548521e-01
2.584000e-01 7.510008e-01
2.588000e-01 7.514110e-01
2.592000e-01 7.554942e-01
2.596000e-01 7.628687e-01
2.600000e-01 7.732947e-01
2.604000e-01 7.866334e-01
2.608000e-01 8.028207e-01
2.612000e-01 8.218492e-01
2.616000e-01 8.437566e-01
2.620000e-01 8.686167e-01
2.624000e-01 8.965337e-01
2.628000e-01 9.276368e-01
2.632000e-01 9.620761e-01
2.636000e-01 1.000019e+00
2.640000e-01 1.041648e+00
2.644000e-01 1.087156e+00
2.648000e-01 1.136744e+00
2.652000e-01 1.190619e+00
2.656000e-01 1.248994e+00
2.660000e-01 1.312084e+00
2.664000e-01 1.380113e+00
2.668000e-01 1.453307e+00
2.672000e-01 1.531896e+00
2.676000e-01 1.616098e+00
2.680000e-01 1.706091e+00
2.684000e-01 1.801928e+00
2.688000e-01 1.903400e+00
2.692000e-01 2.009771e+00
2.696000e-01 2.119361e+00
2.700000e-01 2.228959e+00
2.704000e-01 2.333114e+00
2.708000e-01 2.423555e+00
2.712000e-01 2.489224e+00
2.716000e-01 2.517602e+00
2.720000e-01 2.497713e+00
2.724000e-01 2.424103e+00
2.728000e-01 2.299827e+00
2.732000e-01 2.136289e+00
2.736000e-01 1.949750e+00
2.740000e-01 1.756557e+00
2.744000e-01 1.569604e+00
2.748000e-01 1.397038e+00
2.752000e-01 1.242740e+00
2.756000e-01 1.107555e+00
2.760000e-01 9.905295e-01
2.764000e-01 8.898417e-01
2.768000e-01 8.033908e-01
2.772000e-01 7.291196e-01
2.776000e-01 6.651657e-01
2.780000e-01 6.099140e-01
2.784000e-01 5.619979e-01
2.788000e-01 5.202769e-01
2.792000e-01 4.838055e-01
2.796000e-01 4.518025e-01
2.800000e-01 4.236222e-01
2.804000e-01 3.987301e-01
2.808000e-01 3.766829e-01
2.812000e-01 3.571112e-01
2.816000e-01 3.397063e-01
2.820000e-01 3.242095e-01
2.824000e-01 3.104032e-01
2.828000e-01 2.981036e-01
2.832000e-01 2.871554e-01
2.836000e-01 2.774271e-01
2.840000e-01 2.688074e-01
2.844000e-01 2.612021e-01
2.848000e-01 2.545319e-01
2.852000e-01 2.487301e-01
2.856000e-01 2.437416e-01
2.860000e-01 2.395212e-01
2.864000e-01 2.360329e-01
2.868000e-01 2.332489e-01
2.872000e-01 2.311497e-01
2.876000e-01 2.297229e-01
2.880000e-01 2.289637e-01
2.884000e-01 2.288748e-01
2.888000e-01 2.294663e-01
2.892000e-01 2.307563e-01
2.896000e-01 2.327715e-01
2.900000e-01 2.355477e-01
2.904000e-01 2.391313e-01
2.908000e-01 2.435802e-01
2.912000e-01 2.489655e-01
2.916000e-01 2.553741e-01
2.920000e-01 2.629108e-01
2.924000e-01 2.717016e-01
2.928000e-01 2.818980e-01
2.932000e-01 2.936819e-01
2.936000e-01 3.072716e-01
2.940000e-01 3.229293e-01
2.944000e-01 3.409706e-01
2.948000e-01 3.617752e-01
2.952000e-01 3.858007e-01
2.956000e-01 4.135981e-01
2.960000e-01 4.458286e-01
2.964000e-01 4.832828e-01
2.968000e-01 5.268954e-01
2.972000e-01 5.777534e-01
2.976000e-01 6.370836e-01
2.980000e-01 7.061993e-01
2.984000e-01 7.863700e-01
2.988000e-01 8.785572e-01
2.992000e-01 9.829407e-01
2.996000e-01 1.098158e+00
3.000000e-01 1.220255e+00
3.004000e-01 1.341580e+00
3.008000e-01 1.450276e+00
3.012000e-01 1.531447e+00
3.016000e-01 1.570780e+00
3.020000e-01 1.559772e+00
3.024000e-01 1.499597e+00
3.028000e-01 1.400742e+00
3.032000e-01 1.278618e+00
3.036000e-01 1.148286e+00
3.040000e-01 1.021112e+00
3.044000e-01 9.039665e-01
3.048000e-01 7.999964e-01
3.052000e-01 7.098689e-01
3.056000e-01 6.328628e-01
3.060000e-01 5.676200e-01
3.064000e-01 5.125936e-01
3.068000e-01 4.662824e-01
3.072000e-01 4.273363e-01
3.076000e-01 3.945901e-01
3.080000e-01 3.670617e-01
3.084000e-01 3.439347e-01
3.088000e-01 3.245353e-01
3.092000e-01 3.083096e-01
3.096000e-01 2.948029e-01
3.100000e-01 2.836417e-01
3.104000e-01 2.745190e-01
3.108000e-01 2.671823e-01
3.112000e-01 2.614231e-01
3.116000e-01 2.570693e-01
3.120000e-01 2.539784e-01
3.124000e-01 2.520325e-01
3.128000e-01 2.511337e-01
3.132000e-01 2.512008e-01
3.136000e-01 2.521664e-01
3.140000e-01 2.539742e-01
3.144000e-01 2.565777e-01
3.148000e-01 2.599379e-01
3.152000e-01 2.640222e-01
3.156000e-01 2.688037e-01
3.160000e-01 2.742607e-01
3.164000e-01 2.803779e-01
3.168000e-01 2.871533e-01
3.172000e-01 2.946352e-01
3.176000e-01 3.012466e-01
3.180000e-01 3.069578e-01
3.184000e-01 3.141304e-01
3.188000e-01 3.221921e-01
3.192000e-01 3.309905e-01
3.196000e-01 3.404372e-01
3.200000e-01 3.504563e-01
3.204000e-01 3.609669e-01
3.208000e-01 3.718732e-01
3.212000e-01 3.830573e-01
3.216000e-01 3.943739e-01
3.220000e-01 4.056457e-01
3.224000e-01 4.166608e-01
3.228000e-01 4.271732e-01
3.232000e-01 4.369068e-01
3.236000e-01 4.455659e-01
3.240000e-01 4.528519e-01
3.244000e-01 4.584866e-01
3.248000e-01 4.622416e-01
3.252000e-01 4.639705e-01
3.256000e-01 4.636375e-01
3.260000e-01 4.613378e-01
3.264000e-01 4.573032e-01
3.268000e-01 4.518891e-01
3.272000e-01 4.455449e-01
3.276000e-01 4.387718e-01
3.280000e-01 4.320754e-01
3.284000e-01 4.259229e-01
3.288000e-01 4.207101e-01
3.292000e-01 4.167413e-01
3.296000e-01 4.142230e-01
3.300000e-01 4.132684e-01
3.304000e-01 4.139086e-01
3.308000e-01 4.161081e-01
3.312000e-01 4.197811e-01
3.316000e-01 4.248059e-01
3.320000e-01 4.310389e-01
3.324000e-01 4.383245e-01
3.328000e-01 4.465038e-01
3.332000e-01 4.554210e-01
3.336000e-01 4.649274e-01
3.340000e-01 4.748854e-01
3.344000e-01 4.851703e-01
3.348000e-01 4.956716e-01
3.352000e-01 5.062939e-01
3.356000e-01 5.169577e-01
3.360000e-01 5.275985e-01
3.364000e-01 5.381674e-01
3.368000e-01 5.486300e-01
3.372000e-01 5.589657e-01
3.376000e-01 5.691672e-01
3.380000e-01 5.792392e-01
3.384000e-01 5.891978e-01
3.388000e-01 5.990691e-01
3.392000e-01 6.088883e-01
3.396000e-01 6.186991e-01
3.400000e-01 6.285523e-01
3.404000e-01 6.385055e-01
3.408000e-01 6.486223e-01
3.412000e-01 6.589717e-01
3.416000e-01 6.696278e-01
3.420000e-01 6.806696e-01
3.424000e-01 6.921807e-01
3.428000e-01 7.042495e-01
3.432000e-01 7.169695e-01
3.436000e-01 7.304390e-01
3.440000e-01 7.447621e-01
3.444000e-01 7.600488e-01
3.448000e-01 7.764155e-01
3.452000e-01 7.939860e-01
3.456000e-01 8.128915e-01
3.460000e-01 8.332715e-01
3.464000e-01 8.552741e-01
3.468000e-01 8.790564e-01
3.472000e-01 9.047841e-01
3.476000e-01 9.326310e-01
3.480000e-01 9.627779e-01
3.484000e-01 9.954100e-01
3.488000e-01 1.030713e+00
3.492000e-01 1.068867e+00
3.496000e-01 1.110038e+00
3.500000e-01 1.154366e+00
3.504000e-01 1.201946e+00
3.508000e-01 1.252808e+00
3.512000e-01 1.306883e+00
3.516000e-01 1.363966e+00
3.520000e-01 1.423666e+00
3.524000e-01 1.485352e+00
3.528000e-01 1.548085e+00
3.532000e-01 1.610563e+00
3.536000e-01 1.671070e+00
3.540000e-01 1.727453e+00
3.544000e-01 1.777160e+00
3.548000e-01 1.817343e+00
3.552000e-01 1.845061e+00
3.556000e-01 1.857571e+00
3.560000e-01 1.852677e+00
3.564000e-01 1.829080e+00
3.568000e-01 1.786646e+00
3.572000e-01 1.726505e+00
3.576000e-01 1.650953e+00
3.580000e-01 1.563162e+00
3.584000e-01 1.466783e+00
3.588000e-01 1.365522e+00
3.592000e-01 1.262786e+00
3.596000e-01 1.161448e+00
3.600000e-01 1.063733e+00
3.604000e-01 9.712148e-01
3.608000e-01 8.848788e-01
3.612000e-01 8.052285e-01
3.616000e-01 7.323962e-01
3.620000e-01 6.662489e-01
3.624000e-01 6.064771e-01
3.628000e-01 5.526650e-01
3.632000e-01 5.043426e-01
3.636000e-01 4.610226e-01
3.640000e-01 4.222247e-01
3.644000e-01 3.874916e-01
3.648000e-01 3.563975e-01
3.652000e-01 3.285526e-01
3.656000e-01 3.036039e-01
3.660000e-01 2.812350e-01
3.664000e-01 2.611639e-01
3.668000e-01 2.431404e-01
3.672000e-01 2.269436e-01
3.676000e-01 2.123788e-01
3.680000e-01 1.992753e-01
3.684000e-01 1.874831e-01
3.688000e-01 1.768714e-01
3.692000e-01 1.673264e-01
3.696000e-01 1.587492e-01
3.700000e-01 1.510553e-01
3.704000e-01 1.441723e-01
3.708000e-01 1.380403e-01
3.712000e-01 1.326104e-01
3.716000e-01 1.278451e-01
3.720000e-01 1.237185e-01
3.724000e-01 1.202171e-01
3.728000e-01 1.173407e-01
3.732000e-01 1.151050e-01
3.736000e-01 1.135439e-01
3.740000e-01 1.127137e-01
3.744000e-01 1.126975e-01
3.748000e-01 1.136099e-01
3.752000e-01 1.156013e-01
3.756000e-01 1.188572e-01
3.760000e-01 1.235855e-01
3.764000e-01 1.299790e-01
3.768000e-01 1.381340e-01
3.772000e-01 1.479052e-01
3.776000e-01 1.587141e-01
3.780000e-01 1.694104e-01
3.784000e-01 1.783882e-01
3.788000e-01 1.840989e-01
3.792000e-01 1.857411e-01
3.796000e-01 1.835985e-01
3.800000e-01 1.787579e-01
3.804000e-01 1.725215e-01
3.808000e-01 1.659632e-01
3.812000e-01 1.597804e-01
3.816000e-01 1.543406e-01
3.820000e-01 1.497877e-01
3.824000e-01 1.461378e-01
3.828000e-01 1.433446e-01
3.832000e-01 1.413367e-01
3.836000e-01 1.400387e-01
3.840000e-01 1.393800e-01
3.844000e-01 1.392990e-01
3.848000e-01 1.397437e-01
3.852000e-01 1.406712e-01
3.856000e-01 1.420471e-01
3.860000e-01 1.438434e-01
3.864000e-01 1.460381e-01
3.868000e-01 1.486137e-01
3.872000e-01 1.515566e-01
3.876000e-01 1.548559e-01
3.880000e-01 1.585027e-01
3.884000e-01 1.624899e-01
3.888000e-01 1.668108e-01
3.892000e-01 1.714594e-01
3.896000e-01 1.764292e-01
3.900000e-01 1.817130e-01
3.904000e-01 1.873023e-01
3.908000e-01 1.931869e-01
3.912000e-01 1.993545e-01
3.916000e-01 2.057898e-01
3.920000e-01 2.124749e-01
3.924000e-01 2.193882e-01
3.928000e-01 2.265045e-01
3.932000e-01 2.337946e-01
3.936000e-01 2.412256e-01
3.940000e-01 2.487602e-01
3.944000e-01 2.563576e-01
3.948000e-01 2.639734e-01
3.952000e-01 2.715605e-01
3.956000e-01 2.790693e-01
3.960000e-01 2.864489e-01
3.964000e-01 2.936479e-01
3.968000e-01 3.006159e-01
3.972000e-01 3.073041e-01
3.976000e-01 3.136668e-01
3.980000e-01 3.196628e-01
3.984000e-01 3.252560e-01
3.988000e-01 3.304166e-01
3.992000e-01 3.351217e-01
3.996000e-01 3.393559e-01
4.000000e-01 3.431114e-01
4.004000e-01 3.463879e-01
4.008000e-01 3.491926e-01
4.012000e-01 3.515393e-01
4.016000e-01 3.534482e-01
4.020000e-01 3.549448e-01
4.024000e-01 3.560588e-01
4.028000e-01 3.568237e-01
4.032000e-01 3.572756e-01
4.036000e-01 3.574520e-01
4.040000e-01 3.573917e-01
4.044000e-01 3.571333e-01
4.048000e-01 3.567151e-01
4.052000e-01 3.561746e-01
4.056000e-01 3.555475e-01
4.060000e-01 3.548682e-01
4.064000e-01 3.541690e-01
4.068000e-01 3.534805e-01
4.072000e-01 3.528309e-01
4.076000e-01 3.522465e-01
4.080000e-01 3.517519e-01
4.084000e-01 3.513694e-01
4.088000e-01 3.511199e-01
4.092000e-01 3.510224e-01
4.096000e-01 3.510949e-01
4.100000e-01 3.513538e-01
4.104000e-01 3.518144e-01
4.108000e-01 3.524912e-01
4.112000e-01 3.533981e-01
4.116000e-01 3.545480e-01
4.120000e-01 3.559537e-01
4.124000e-01 3.576275e-01
4.128000e-01 3.595818e-01
4.132000e-01 3.618286e-01
4.136000e-01 3.643805e-01
4.140000e-01 3.672498e-01
4.144000e-01 3.704496e-01
4.148000e-01 3.739931e-01
4.152000e-01 3.778944e-01
4.156000e-01 3.821681e-01
4.160000e-01 3.868294e-01
4.164000e-01 3.918948e-01
4.168000e-01 3.973814e-01
4.172000e-01 4.033074e-01
4.176000e-01 4.096924e-01
4.180000e-01 4.165570e-01
4.184000e-01 4.239231e-01
4.188000e-01 4.318143e-01
4.192000e-01 4.402554e-01
4.196000e-01 4.492729e-01
4.200000e-01 4.588949e-01
4.204000e-01 4.691514e-01
4.208000e-01 4.800739e-01
4.212000e-01 4.916959e-01
4.216000e-01 5.040525e-01
4.220000e-01 5.171809e-01
4.224000e-01 5.311199e-01
4.228000e-01 5.459099e-01
4.232000e-01 5.615932e-01
4.236000e-01 5.782132e-01
4.240000e-01 5.958145e-01
4.244000e-01 6.144426e-01
4.248000e-01 6.341431e-01
4.252000e-01 6.549615e-01
4.256000e-01 6.769422e-01
4.260000e-01 7.001273e-01
4.264000e-01 7.245561e-01
4.268000e-01 7.502628e-01
4.272000e-01 7.772753e-01
4.276000e-01 8.056129e-01
4.280000e-01 8.352835e-01
4.284000e-01 8.662809e-01
4.288000e-01 8.985810e-01
4.292000e-01 9.321383e-01
4.296000e-01 9.668808e-01
4.300000e-01 1.002705e+00
4.304000e-01 1.039473e+00
4.308000e-01 1.077002e+00
4.312000e-01 1.115064e+00
4.316000e-01 1.153379e+00
4.320000e-01 1.191613e+00
4.324000e-01 1.229375e+00
4.328000e-01 1.266216e+00
4.332000e-01 1.301639e+00
4.336000e-01 1.335105e+00
4.340000e-01 1.366048e+00
4.344000e-01 1.393897e+00
4.348000e-01 1.418099e+00
4.352000e-01 1.438150e+00
4.356000e-01 1.453626e+00
4.360000e-01 1.464212e+00
4.364000e-01 1.469729e+00
4.368000e-01 1.470147e+00
4.372000e-01 1.465589e+00
4.376000e-01 1.456326e+00
4.380000e-01 1.442755e+00
4.384000e-01 1.425370e+00
4.388000e-01 1.404726e+00
4.392000e-01 1.381405e+00
4.396000e-01 1.355981e+00
4.400000e-01 1.328998e+00
4.404000e-01 1.300947e+00
4.408000e-01 1.272256e+00
4.412000e-01 1.243289e+00
4.416000e-01 1.214344e+00
4.420000e-01 1.185662e+00
4.424000e-01 1.157430e+00
4.428000e-01 1.129793e+00
4.432000e-01 1.102861e+00
4.436000e-01 1.076713e+00
4.440000e-01 1.051408e+00
4.444000e-01 1.026987e+00
4.448000e-01 1.003477e+00
4.452000e-01 9.808978e-01
4.456000e-01 9.592583e-01
4.460000e-01 9.385634e-01
4.464000e-01 9.188133e-01
4.468000e-01 9.000047e-01
4.472000e-01 8.821319e-01
4.476000e-01 8.651870e-01
4.480000e-01 8.491609e-01
4.484000e-01 8.340434e-01
4.488000e-01 8.198237e-01
4.492000e-01 8.064904e-01
4.496000e-01 7.940324e-01
4.500000e-01 7.824384e-01
4.504000e-01 7.716978e-01
4.508000e-01 7.618005e-01
4.512000e-01 7.527371e-01
4.516000e-01 7.444994e-01
4.520000e-01 7.370801e-01
4.524000e-01 7.304735e-01
4.528000e-01 7.246752e-01
4.532000e-01 7.196822e-01
4.536000e-01 7.154934e-01
4.540000e-01 7.121095e-01
4.544000e-01 7.095332e-01
4.548000e-01 7.077691e-01
4.552000e-01 7.068239e-01
4.556000e-01 7.067069e-01
4.560000e-01 7.074295e-01
4.564000e-01 7.090056e-01
4.568000e-01 7.114518e-01
4.572000e-01 7.147873e-01
4.576000e-01 7.190344e-01
4.580000e-01 7.242181e-01
4.584000e-01 7.303664e-01
4.588000e-01 7.375107e-01
4.592000e-01 7.456856e-01
4.596000e-01 7.549290e-01
4.600000e-01 7.652826e-01
4.604000e-01 7.767913e-01
4.608000e-01 7.895038e-01
4.612000e-01 8.034723e-01
4.616000e-01 8.187526e-01
4.620000e-01 8.354041e-01
4.624000e-01 8.534894e-01
4.628000e-01 8.730738e-01
4.632000e-01 8.942254e-01
4.636000e-01 9.170140e-01
4.640000e-01 9.415105e-01
4.644000e-01 9.677855e-01
4.648000e-01 9.959081e-01
4.652000e-01 1.025944e+00
4.656000e-01 1.057951e+00
4.660000e-01 1.091981e+00
4.664000e-01 1.128071e+00
4.668000e-01 1.166241e+00
4.672000e-01 1.206488e+00
4.676000e-01 1.248780e+00
4.680000e-01 1.293047e+00
4.684000e-01 1.339175e+00
4.688000e-01 1.386994e+00
4.692000e-01 1.436272e+00
4.696000e-01 1.486698e+00
4.700000e-01 1.537879e+00
4.704000e-01 1.589330e+00
4.708000e-01 1.640467e+00
4.712000e-01 1.690607e+00
4.716000e-01 1.738974e+00
4.720000e-01 1.784714e+00
4.724000e-01 1.826913e+00
4.728000e-01 1.864635e+00
4.732000e-01 1.896965e+00
4.736000e-01 1.923058e+00
4.740000e-01 1.942202e+00
4.744000e-01 1.953871e+00
4.748000e-01 1.957781e+00
4.752000e-01 1.953925e+00
4.756000e-01 1.942595e+00
4.760000e-01 1.924381e+00
4.764000e-01 1.900139e+00
4.768000e-01 1.870948e+00
4.772000e-01 1.838035e+00
4.776000e-01 1.802708e+00
4.780000e-01 1.766264e+00
4.784000e-01 1.729921e+00
4.788000e-01 1.694748e+00
4.792000e-01 1.661611e+00
4.796000e-01 1.631141e+00
4.800000e-01 1.603714e+00
4.804000e-01 1.579455e+00
4.808000e-01 1.558252e+00
4.812000e-01 1.539791e+00
4.816000e-01 1.523600e+00
4.820000e-01 1.509101e+00
4.824000e-01 1.495663e+00
4.828000e-01 1.482659e+00
4.832000e-01 1.469506e+00
4.836000e-01 1.455706e+00
4.840000e-01 1.440865e+00
4.844000e-01 1.424706e+00
4.848000e-01 1.407070e+00
4.852000e-01 1.387899e+00
4.856000e-01 1.367226e+00
4.860000e-01 1.345151e+00
4.864000e-01 1.321821e+00
4.868000e-01 1.297407e+00
4.872000e-01 1.272082e+00
4.876000e-01 1.245992e+00
4.880000e-01 1.219208e+00
4.884000e-01 1.191415e+00
4.888000e-01 1.146087e+00
4.892000e-01 1.110432e+00
4.896000e-01 1.077962e+00
4.900000e-01 1.047490e+00
4.904000e-01 1.018633e+00
4.908000e-01 9.912101e-01
4.912000e-01 9.651116e-01
4.916000e-01 9.402610e-01
4.920000e-01 9.165963e-01
4.924000e-01 8.940634e-01
4.928000e-01 8.726125e-01
4.932000e-01 8.521962e-01
4.936000e-01 8.327696e-01
4.940000e-01 8.142890e-01
4.944000e-01 7.967125e-01
4.948000e-01 7.799996e-01
4.952000e-01 7.641112e-01
4.956000e-01 7.490100e-01
4.960000e-01 7.346603e-01
4.964000e-01 7.210277e-01
4.968000e-01 7.080797e-01
4.972000e-01 6.957854e-01
4.976000e-01 6.841153e-01
4.980000e-01 6.730416e-01
4.984000e-01 6.625379e-01
4.988000e-01 6.525794e-01
4.992000e-01 6.431426e-01
4.996000e-01 6.342054e-01
5.000000e-01 6.257472e-01
5.004000e-01 6.177484e-01
5.008000e-01 6.101908e-01
5.012000e-01 6.030573e-01
5.016000e-01 5.963319e-01
5.020000e-01 5.899997e-01
5.024000e-01 5.840469e-01
5.028000e-01 5.784604e-01
5.032000e-01 5.732283e-01
5.036000e-01 5.683395e-01
5.040000e-01 5.637837e-01
5.044000e-01 5.595515e-01
5.048000e-01 5.556342e-01
5.052000e-01 5.520238e-01
5.056000e-01 5.487133e-01
5.060000e-01 5.456959e-01
5.064000e-01 5.429660e-01
5.068000e-01 5.405183e-01
5.072000e-01 5.383483e-01
5.076000e-01 5.364519e-01
5.080000e-01 5.348258e-01
5.084000e-01 5.334673e-01
5.088000e-01 5.323741e-01
5.092000e-01 5.315447e-01
5.096000e-01 5.309781e-01
5.100000e-01 5.306739e-01
5.104000e-01 5.306322e-01
5.108000e-01 5.308540e-01
5.112000e-01 5.313406e-01
5.116000e-01 5.320944e-01
5.120000e-01 5.331180e-01
5.124000e-01 5.344154e-01
5.128000e-01 5.359909e-01
5.132000e-01 5.378501e-01
5.136000e-01 5.399994e-01
5.140000e-01 5.424464e-01
5.144000e-01 5.451999e-01
5.148000e-01 5.482703e-01
5.152000e-01 5.516694e-01
5.156000e-01 5.554108e-01
5.160000e-01 5.595105e-01
5.164000e-01 5.639864e-01
5.168000e-01 5.688597e-01
5.172000e-01 5.741543e-01
5.176000e-01 5.798981e-01
5.180000e-01 5.861232e-01
5.184000e-01 5.928665e-01
5.188000e-01 6.001708e-01
5.192000e-01 6.080854e-01
5.196000e-01 6.166675e-01
5.200000e-01 6.259829e-01
5.204000e-01 6.361078e-01
5.208000e-01 6.471297e-01
5.212000e-01 6.591490e-01
5.216000e-01 6.722807e-01
5.220000e-01 6.866547e-01
5.224000e-01 7.024170e-01
5.228000e-01 7.197287e-01
5.232000e-01 7.387639e-01
5.236000e-01 7.597044e-01
5.240000e-01 7.827304e-01
5.244000e-01 8.080052e-01
5.248000e-01 8.356519e-01
5.252000e-01 8.657198e-01
5.256000e-01 8.981403e-01
5.260000e-01 9.326733e-01
5.264000e-01 9.688511e-01
5.268000e-01 1.005932e+00
5.272000e-01 1.042884e+00
5.276000e-01 1.078425e+00
5.280000e-01 1.111133e+00
5.284000e-01 1.139621e+00
5.288000e-01 1.162763e+00
5.292000e-01 1.179878e+00
5.296000e-01 1.190848e+00
5.300000e-01 1.196101e+00
5.304000e-01 1.196496e+00
5.308000e-01 1.193147e+00
5.312000e-01 1.187235e+00
5.316000e-01 1.179865e+00
5.320000e-01 1.171985e+00
5.324000e-01 1.164342e+00
5.328000e-01 1.157491e+00
5.332000e-01 1.151817e+00
5.336000e-01 1.147571e+00
5.340000e-01 1.144898e+00
5.344000e-01 1.143872e+00
5.348000e-01 1.144515e+00
5.352000e-01 1.146819e+00
5.356000e-01 1.150757e+00
5.360000e-01 1.156293e+00
5.364000e-01 1.163386e+00
5.368000e-01 1.172002e+00
5.372000e-01 1.182105e+00
5.376000e-01 1.193670e+00
5.380000e-01 1.206674e+00
5.384000e-01 1.221106e+00
5.388000e-01 1.236957e+00
5.392000e-01 1.254229e+00
5.396000e-01 1.272927e+00
5.400000e-01 1.293064e+00
5.404000e-01 1.314656e+00
5.408000e-01 1.337725e+00
5.412000e-01 1.362298e+00
5.416000e-01 1.388400e+00
5.420000e-01 1.416063e+00
5.424000e-01 1.445314e+00
5.428000e-01 1.476182e+00
5.432000e-01 1.508689e+00
5.436000e-01 1.542853e+00
5.440000e-01 1.578682e+00
5.444000e-01 1.616168e+00
5.448000e-01 1.655288e+00
5.452000e-01 1.695993e+00
5.456000e-01 1.738201e+00
5.460000e-01 1.781793e+00
5.464000e-01 1.826599e+00
5.468000e-01 1.872388e+00
5.472000e-01 1.918857e+00
5.476000e-01 1.965615e+00
5.480000e-01 2.012172e+00
5.484000e-01 2.057925e+00
5.488000e-01 2.102150e+00
5.492000e-01 2.143999e+00
5.496000e-01 2.182506e+00
5.500000e-01 2.216601e+00
5.504000e-01 2.245154e+00
5.508000e-01 2.267016e+00
5.512000e-01 2.281105e+00
5.516000e-01 2.286485e+00
5.520000e-01 2.282470e+00
5.524000e-01 2.268714e+00
5.528000e-01 2.245287e+00
5.532000e-01 2.212714e+00
5.536000e-01 2.171960e+00
5.540000e-01 2.124379e+00
5.544000e-01 2.071600e+00
5.548000e-01 2.015401e+00
5.552000e-01 1.957567e+00
5.556000e-01 1.899759e+00
5.560000e-01 1.843421e+00
5.564000e-01 1.789713e+00
5.568000e-01 1.739490e+00
5.572000e-01 1.693306e+00
5.576000e-01 1.651445e+00
5.580000e-01 1.613961e+00
5.584000e-01 1.580729e+00
5.588000e-01 1.551490e+00
5.592000e-01 1.525893e+00
5.596000e-01 1.503535e+00
5.600000e-01 1.483986e+00
5.604000e-01 1.466813e+00
5.608000e-01 1.451599e+00
5.612000e-01 1.437953e+00
5.616000e-01 1.425517e+00
5.620000e-01 1.413972e+00
5.624000e-01 1.403039e+00
5.628000e-01 1.392482e+00
5.632000e-01 1.382104e+00
5.636000e-01 1.371750e+00
5.640000e-01 1.361300e+00
5.644000e-01 1.350666e+00
5.648000e-01 1.339796e+00
5.652000e-01 1.328661e+00
5.656000e-01 1.317261e+00
5.660000e-01 1.305614e+00
5.664000e-01 1.293760e+00
5.668000e-01 1.281750e+00
5.672000e-01 1.269653e+00
5.676000e-01 1.257543e+00
5.680000e-01 1.245506e+00
5.684000e-01 1.233631e+00
5.688000e-01 1.222012e+00
5.692000e-01 1.210743e+00
5.696000e-01 1.199921e+00
5.700000e-01 1.189641e+00
5.704000e-01 1.179997e+00
5.708000e-01 1.171080e+00
5.712000e-01 1.162978e+00
5.716000e-01 1.155774e+00
5.720000e-01 1.149550e+00
5.724000e-01 1.144381e+00
5.728000e-01 1.140340e+00
5.732000e-01 1.137494e+00
5.736000e-01 1.135908e+00
5.740000e-01 1.135642e+00
5.744000e-01 1.136754e+00
5.748000e-01 1.139300e+00
5.752000e-01 1.143333e+00
5.756000e-01 1.148904e+00
5.760000e-01 1.156067e+00
5.764000e-01 1.164873e+00
5.768000e-01 1.175378e+00
5.772000e-01 1.187638e+00
5.776000e-01 1.201715e+00
5.780000e-01 1.217674e+00
5.784000e-01 1.235586e+00
5.788000e-01 1.255528e+00
5.792000e-01 1.277581e+00
5.796000e-01 1.301833e+00
5.800000e-01 1.328374e+00
5.804000e-01 1.357291e+00
5.808000e-01 1.388668e+00
5.812000e-01 1.422572e+00
5.816000e-01 1.459044e+00
5.820000e-01 1.498086e+00
5.824000e-01 1.539637e+00
5.828000e-01 1.583558e+00
5.832000e-01 1.629602e+00
5.836000e-01 1.677391e+00
5.840000e-01 1.726399e+00
5.844000e-01 1.775939e+00
5.848000e-01 1.825174e+00
5.852000e-01 1.873139e+00
5.856000e-01 1.918803e+00
5.860000e-01 1.961137e+00
5.864000e-01 1.999209e+00
5.868000e-01 2.032276e+00
5.872000e-01 2.059852e+00
5.876000e-01 2.081756e+00
5.880000e-01 2.098110e+00
5.884000e-01 2.109309e+00
5.888000e-01 2.115956e+00
5.892000e-01 2.118786e+00
5.896000e-01 2.118591e+00
5.900000e-01 2.116156e+00
5.904000e-01 2.112211e+00
5.908000e-01 2.107401e+00
5.912000e-01 2.102273e+00
5.916000e-01 2.097271e+00
5.920000e-01 2.092746e+00
5.924000e-01 2.088964e+00
5.928000e-01 2.086118e+00
5.932000e-01 2.084343e+00
5.936000e-01 2.083723e+00
5.940000e-01 2.084307e+00
5.944000e-01 2.086111e+00
5.948000e-01 2.089128e+00
5.952000e-01 2.093331e+00
5.956000e-01 2.098680e+00
5.960000e-01 2.105119e+00
5.964000e-01 2.112583e+00
5.968000e-01 2.120994e+00
5.972000e-01 2.130266e+00
5.976000e-01 2.140304e+00
5.980000e-01 2.151002e+00
5.984000e-01 2.162244e+00
5.988000e-01 2.173906e+00
5.992000e-01 2.185856e+00
5.996000e-01 2.197955e+00
6.000000e-01 2.210058e+00
6.004000e-01 2.222018e+00
6.008000e-01 2.233687e+00
6.012000e-01 2.244925e+00
6.016000e-01 2.255599e+00
6.020000e-01 2.265596e+00
6.024000e-01 2.274822e+00
6.028000e-01 2.283217e+00
6.032000e-01 2.290756e+00
6.036000e-01 2.297461e+00
6.040000e-01 2.303408e+00
6.044000e-01 2.308730e+00
6.048000e-01 2.313625e+00
6.052000e-01 2.318359e+00
6.056000e-01 2.323268e+00
6.060000e-01 2.328759e+00
6.064000e-01 2.335307e+00
6.068000e-01 2.343452e+00
6.072000e-01 2.353791e+00
6.076000e-01 2.366966e+00
6.080000e-01 2.383654e+00
6.084000e-01 2.404542e+00
6.088000e-01 2.430298e+00
6.092000e-01 2.461532e+00
6.096000e-01 2.498738e+00
6.100000e-01 2.542219e+00
6.104000e-01 2.591989e+00
6.108000e-01 2.647655e+00
6.112000e-01 2.708286e+00
6.116000e-01 2.772281e+00
6.120000e-01 2.837280e+00
6.124000e-01 2.900151e+00
6.128000e-01 2.957119e+00
6.132000e-01 3.004058e+00
6.136000e-01 3.036960e+00
6.140000e-01 3.052499e+00
6.144000e-01 3.048569e+00
6.148000e-01 3.024638e+00
6.152000e-01 2.981813e+00
6.156000e-01 2.922597e+00
6.160000e-01 2.850427e+00
6.164000e-01 2.769136e+00
6.168000e-01 2.682473e+00
6.172000e-01 2.593760e+00
6.176000e-01 2.505711e+00
6.180000e-01 2.420385e+00
6.184000e-01 2.339227e+00
6.188000e-01 2.263166e+00
6.192000e-01 2.192719e+00
6.196000e-01 2.128101e+00
6.200000e-01 2.069307e+00
6.204000e-01 2.016195e+00
6.208000e-01 1.968529e+00
6.212000e-01 1.926026e+00
6.216000e-01 1.888384e+00
6.220000e-01 1.855295e+00
6.224000e-01 1.826463e+00
6.228000e-01 1.801609e+00
6.232000e-01 1.780472e+00
6.236000e-01 1.762818e+00
6.240000e-01 1.748431e+00
6.244000e-01 1.737119e+00
6.248000e-01 1.728711e+00
6.252000e-01 1.723055e+00
6.256000e-01 1.720013e+00
6.260000e-01 1.719466e+00
6.264000e-01 1.721305e+00
6.268000e-01 1.725432e+00
6.272000e-01 1.731760e+00
6.276000e-01 1.740208e+00
6.280000e-01 1.750699e+00
6.284000e-01 1.763161e+00
6.288000e-01 1.777522e+00
6.292000e-01 1.793709e+00
6.296000e-01 1.811647e+00
6.300000e-01 1.831255e+00
6.304000e-01 1.852448e+00
6.308000e-01 1.875129e+00
6.312000e-01 1.899191e+00
6.316000e-01 1.924515e+00
6.320000e-01 1.950966e+00
6.324000e-01 1.978396e+00
6.328000e-01 2.006635e+00
6.332000e-01 2.035500e+00
6.336000e-01 2.064786e+00
6.340000e-01 2.094272e+00
6.344000e-01 2.123722e+00
6.348000e-01 2.152883e+00
6.352000e-01 2.181492e+00
6.356000e-01 2.209281e+00
6.360000e-01 2.235979e+00
6.364000e-01 2.261320e+00
6.368000e-01 2.285051e+00
6.372000e-01 2.306936e+00
6.376000e-01 2.326768e+00
6.380000e-01 2.344372e+00
6.384000e-01 2.359615e+00
6.388000e-01 2.372408e+00
6.392000e-01 2.382714e+00
6.396000e-01 2.390547e+00
6.400000e-01 2.395971e+00
6.404000e-01 2.399103e+00
6.408000e-01 2.400105e+00
6.412000e-01 2.399178e+00
6.416000e-01 2.396558e+00
6.420000e-01 2.392508e+00
6.424000e-01 2.387307e+00
6.428000e-01 2.381243e+00
6.432000e-01 2.374606e+00
6.436000e-01 2.367676e+00
6.440000e-01 2.360724e+00
6.444000e-01 2.353999e+00
6.448000e-01 2.347727e+00
6.452000e-01 2.342108e+00
6.456000e-01 2.337310e+00
6.460000e-01 2.333474e+00
6.464000e-01 2.330705e+00
6.468000e-01 2.329077e+00
6.472000e-01 2.328636e+00
6.476000e-01 2.329394e+00
6.480000e-01 2.331335e+00
6.484000e-01 2.334419e+00
6.488000e-01 2.338577e+00
6.492000e-01 2.343720e+00
6.496000e-01 2.349739e+00
6.500000e-01 2.356507e+00
6.504000e-01 2.363883e+00
6.508000e-01 2.371713e+00
6.512000e-01 2.379839e+00
6.516000e-01 2.388094e+00
6.520000e-01 2.396312e+00
6.524000e-01 2.404329e+00
6.528000e-01 2.411986e+00
6.532000e-01 2.419134e+00
6.536000e-01 2.425638e+00
6.540000e-01 2.431375e+00
6.544000e-01 2.436244e+00
6.548000e-01 2.440163e+00
6.552000e-01 2.443076e+00
6.556000e-01 2.444949e+00
6.560000e-01 2.445780e+00
6.564000e-01 2.445593e+00
6.568000e-01 2.444443e+00
6.572000e-01 2.442416e+00
6.576000e-01 2.439630e+00
6.580000e-01 2.436239e+00
6.584000e-01 2.432430e+00
6.588000e-01 2.428426e+00
6.592000e-01 2.424490e+00
6.596000e-01 2.420922e+00
6.600000e-01 2.418064e+00
6.604000e-01 2.416301e+00
6.608000e-01 2.416058e+00
6.612000e-01 2.417799e+00
6.616000e-01 2.422021e+00
6.620000e-01 2.429243e+00
6.624000e-01 2.439979e+00
6.628000e-01 2.454718e+00
6.632000e-01 2.473868e+00
6.636000e-01 2.497707e+00
6.640000e-01 2.526308e+00
6.644000e-01 2.559464e+00
6.648000e-01 2.596616e+00
6.652000e-01 2.636815e+00
6.656000e-01 2.678717e+00
6.660000e-01 2.720657e+00
6.664000e-01 2.760774e+00
6.668000e-01 2.797208e+00
6.672000e-01 2.828300e+00
6.676000e-01 2.852776e+00
6.680000e-01 2.869859e+00
6.684000e-01 2.879301e+00
6.688000e-01 2.881333e+00
6.692000e-01 2.876559e+00
6.696000e-01 2.865825e+00
6.700000e-01 2.850096e+00
6.704000e-01 2.830351e+00
6.708000e-01 2.807513e+00
6.712000e-01 2.782402e+00
6.716000e-01 2.755718e+00
6.720000e-01 2.728033e+00
6.724000e-01 2.699804e+00
6.728000e-01 2.671383e+00
6.732000e-01 2.643031e+00
6.736000e-01 2.614938e+00
6.740000e-01 2.587231e+00
6.744000e-01 2.559992e+00
6.748000e-01 2.533264e+00
6.752000e-01 2.507062e+00
6.756000e-01 2.481378e+00
6.760000e-01 2.456190e+00
6.764000e-01 2.431463e+00
6.768000e-01 2.407152e+00
6.772000e-01 2.383207e+00
6.776000e-01 2.359576e+00
6.780000e-01 2.336203e+00
6.784000e-01 2.313030e+00
6.788000e-01 2.290002e+00
6.792000e-01 2.267063e+00
6.796000e-01 2.244160e+00
6.800000e-01 2.221242e+00
6.804000e-01 2.198259e+00
6.808000e-01 2.175167e+00
6.812000e-01 2.151925e+00
6.816000e-01 2.128495e+00
6.820000e-01 2.104845e+00
6.824000e-01 2.080946e+00
6.828000e-01 2.056775e+00
6.832000e-01 2.032316e+00
6.836000e-01 2.007557e+00
6.840000e-01 1.982491e+00
6.844000e-01 1.957119e+00
6.848000e-01 1.931447e+00
6.852000e-01 1.905487e+00
6.856000e-01 1.879257e+00
6.860000e-01 1.852782e+00
6.864000e-01 1.826093e+00
6.868000e-01 1.799223e+00
6.872000e-01 1.772214e+00
6.876000e-01 1.745111e+00
6.880000e-01 1.717961e+00
6.884000e-01 1.690818e+00
6.888000e-01 1.663732e+00
6.892000e-01 1.636755e+00
6.896000e-01 1.609926e+00
6.900000e-01 1.583223e+00
6.904000e-01 1.561937e+00
6.908000e-01 1.542921e+00
6.912000e-01 1.522087e+00
6.916000e-01 1.500871e+00
6.920000e-01 1.479669e+00
6.924000e-01 1.458696e+00
6.928000e-01 1.438100e+00
6.932000e-01 1.418000e+00
6.936000e-01 1.398499e+00
6.940000e-01 1.379689e+00
6.944000e-01 1.361652e+00
6.948000e-01 1.344465e+00
6.952000e-01 1.328196e+00
6.956000e-01 1.312909e+00
6.960000e-01 1.298661e+00
6.964000e-01 1.285504e+00
6.968000e-01 1.273482e+00
6.972000e-01 1.262637e+00
6.976000e-01 1.253004e+00
6.980000e-01 1.244613e+00
6.984000e-01 1.237490e+00
6.988000e-01 1.231657e+00
6.992000e-01 1.227132e+00
6.996000e-01 1.223930e+00
7.000000e-01 1.222063e+00
7.004000e-01 1.221540e+00
7.008000e-01 1.222370e+00
7.012000e-01 1.224559e+00
7.016000e-01 1.228110e+00
7.020000e-01 1.233030e+00
7.024000e-01 1.239320e+00
7.028000e-01 1.246985e+00
7.032000e-01 1.256027e+00
7.036000e-01 1.266450e+00
7.040000e-01 1.278257e+00
7.044000e-01 1.291453e+00
7.048000e-01 1.306042e+00
7.052000e-01 1.322028e+00
7.056000e-01 1.339415e+00
7.060000e-01 1.358209e+00
7.064000e-01 1.378415e+00
7.068000e-01 1.400036e+00
7.072000e-01 1.423076e+00
7.076000e-01 1.447539e+00
7.080000e-01 1.473426e+00
7.084000e-01 1.500736e+00
7.088000e-01 1.529467e+00
7.092000e-01 1.559612e+00
7.096000e-01 1.591164e+00
7.100000e-01 1.624110e+00
7.104000e-01 1.658432e+00
7.108000e-01 1.694106e+00
7.112000e-01 1.731105e+00
7.116000e-01 1.769391e+00
7.120000e-01 1.808920e+00
7.124000e-01 1.849641e+00
7.128000e-01 1.891490e+00
7.132000e-01 1.934393e+00
7.136000e-01 1.978265e+00
7.140000e-01 2.023007e+00
7.144000e-01 2.068506e+00
7.148000e-01 2.114633e+00
7.152000e-01 2.161240e+00
7.156000e-01 2.208162e+00
7.160000e-01 2.255213e+00
7.164000e-01 2.302185e+00
7.168000e-01 2.348848e+00
7.172000e-01 2.394945e+00
7.176000e-01 2.440197e+00
7.180000e-01 2.484297e+00
7.184000e-01 2.526915e+00
7.188000e-01 2.567697e+00
7.192000e-01 2.606266e+00
7.196000e-01 2.642232e+00
7.200000e-01 2.675190e+00
7.204000e-01 2.704736e+00
7.208000e-01 2.730471e+00
7.212000e-01 2.752018e+00
7.216000e-01 2.769033e+00
7.220000e-01 2.781226e+00
7.224000e-01 2.788376e+00
7.228000e-01 2.790353e+00
7.232000e-01 2.787135e+00
7.236000e-01 2.778824e+00
7.240000e-01 2.765659e+00
7.244000e-01 2.748024e+00
7.248000e-01 2.726446e+00
7.252000e-01 2.701583e+00
7.256000e-01 2.674208e+00
7.260000e-01 2.645173e+00
7.264000e-01 2.615372e+00
7.268000e-01 2.585694e+00
7.272000e-01 2.556970e+00
7.276000e-01 2.529928e+00
7.280000e-01 2.505148e+00
7.284000e-01 2.483035e+00
7.288000e-01 2.463800e+00
7.292000e-01 2.447467e+00
7.296000e-01 2.433886e+00
7.300000e-01 2.422768e+00
7.304000e-01 2.413721e+00
7.308000e-01 2.406298e+00
7.312000e-01 2.400039e+00
7.316000e-01 2.394502e+00
7.320000e-01 2.389297e+00
7.324000e-01 2.384102e+00
7.328000e-01 2.378669e+00
7.332000e-01 2.372832e+00
7.336000e-01 2.366495e+00
7.340000e-01 2.359627e+00
7.344000e-01 2.352249e+00
7.348000e-01 2.344422e+00
7.352000e-01 2.336236e+00
7.356000e-01 2.327800e+00
7.360000e-01 2.319229e+00
7.364000e-01 2.310643e+00
7.368000e-01 2.302154e+00
7.372000e-01 2.293870e+00
7.376000e-01 2.285885e+00
7.380000e-01 2.278280e+00
7.384000e-01 2.271125e+00
7.388000e-01 2.264474e+00
7.392000e-01 2.258367e+00
7.396000e-01 2.252833e+00
7.400000e-01 2.247887e+00
7.404000e-01 2.243534e+00
7.408000e-01 2.239769e+00
7.412000e-01 2.236578e+00
7.416000e-01 2.233939e+00
7.420000e-01 2.231825e+00
7.424000e-01 2.230203e+00
7.428000e-01 2.229036e+00
7.432000e-01 2.228283e+00
7.436000e-01 2.227904e+00
7.440000e-01 2.227854e+00
7.444000e-01 2.228091e+00
7.448000e-01 2.228573e+00
7.452000e-01 2.229259e+00
7.456000e-01 2.230111e+00
7.460000e-01 2.231094e+00
7.464000e-01 2.232176e+00
7.468000e-01 2.233331e+00
7.472000e-01 2.234536e+00
7.476000e-01 2.235775e+00
7.480000e-01 2.237035e+00
7.484000e-01 2.238312e+00
7.488000e-01 2.239603e+00
7.492000e-01 2.240915e+00
7.496000e-01 2.242259e+00
7.500000e-01 2.243649e+00
7.504000e-01 2.245106e+00
7.508000e-01 2.246655e+00
7.512000e-01 2.248323e+00
7.516000e-01 2.250142e+00
7.520000e-01 2.252144e+00
7.524000e-01 2.254363e+00
7.528000e-01 2.256833e+00
7.532000e-01 2.259587e+00
7.536000e-01 2.262658e+00
7.540000e-01 2.266075e+00
7.544000e-01 2.269863e+00
7.548000e-01 2.274046e+00
7.552000e-01 2.278641e+00
7.556000e-01 2.283658e+00
7.560000e-01 2.289106e+00
7.564000e-01 2.294983e+00
7.568000e-01 2.301283e+00
7.572000e-01 2.307993e+00
7.576000e-01 2.315092e+00
7.580000e-01 2.322555e+00
7.584000e-01 2.330348e+00
7.588000e-01 2.338433e+00
7.592000e-01 2.346763e+00
7.596000e-01 2.355289e+00
7.600000e-01 2.363953e+00
7.604000e-01 2.372697e+00
7.608000e-01 2.381453e+00
7.612000e-01 2.390154e+00
7.616000e-01 2.398727e+00
7.620000e-01 2.407097e+00
7.624000e-01 2.415185e+00
7.628000e-01 2.422914e+00
7.632000e-01 2.430200e+00
7.636000e-01 2.436963e+00
7.640000e-01 2.443119e+00
7.644000e-01 2.448587e+00
7.648000e-01 2.453285e+00
7.652000e-01 2.457131e+00
7.656000e-01 2.460049e+00
7.660000e-01 2.461960e+00
7.664000e-01 2.462794e+00
7.668000e-01 2.462480e+00
7.672000e-01 2.460955e+00
7.676000e-01 2.458159e+00
7.680000e-01 2.454039e+00
7.684000e-01 2.448550e+00
7.688000e-01 2.441652e+00
7.692000e-01 2.433314e+00
7.696000e-01 2.423515e+00
7.700000e-01 2.412241e+00
7.704000e-01 2.399488e+00
7.708000e-01 2.385263e+00
7.712000e-01 2.369580e+00
7.716000e-01 2.352466e+00
7.720000e-01 2.333955e+00
7.724000e-01 2.314092e+00
7.728000e-01 2.292930e+00
7.732000e-01 2.270530e+00
7.736000e-01 2.246963e+00
7.740000e-01 2.222303e+00
7.744000e-01 2.196633e+00
7.748000e-01 2.170040e+00
7.752000e-01 2.142615e+00
7.756000e-01 2.114451e+00
7.760000e-01 2.085644e+00
7.764000e-01 2.056291e+00
7.768000e-01 2.026488e+00
7.772000e-01 1.996330e+00
7.776000e-01 1.965911e+00
7.780000e-01 1.935322e+00
7.784000e-01 1.904649e+00
7.788000e-01 1.873977e+00
7.792000e-01 1.843383e+00
7.796000e-01 1.812943e+00
7.800000e-01 1.782726e+00
7.804000e-01 1.752794e+00
7.808000e-01 1.723208e+00
7.812000e-01 1.694018e+00
7.816000e-01 1.665275e+00
7.820000e-01 1.637019e+00
7.824000e-01 1.609289e+00
7.828000e-01 1.582117e+00
7.832000e-01 1.555532e+00
7.836000e-01 1.529557e+00
7.840000e-01 1.504214e+00
7.844000e-01 1.479518e+00
7.848000e-01 1.455482e+00
7.852000e-01 1.432118e+00
7.856000e-01 1.409434e+00
7.860000e-01 1.387436e+00
7.864000e-01 1.366128e+00
7.868000e-01 1.345512e+00
7.872000e-01 1.325592e+00
7.876000e-01 1.306367e+00
7.880000e-01 1.287841e+00
7.884000e-01 1.270012e+00
7.888000e-01 1.252883e+00
7.892000e-01 1.236456e+00
7.896000e-01 1.220734e+00
7.900000e-01 1.205722e+00
7.904000e-01 1.191426e+00
7.908000e-01 1.177856e+00
7.912000e-01 1.165021e+00
7.916000e-01 1.152936e+00
7.920000e-01 1.141619e+00
7.924000e-01 1.131089e+00
7.928000e-01 1.121373e+00
7.932000e-01 1.112499e+00
7.936000e-01 1.104501e+00
7.940000e-01 1.097420e+00
7.944000e-01 1.091300e+00
7.948000e-01 1.086192e+00
7.952000e-01 1.082156e+00
7.956000e-01 1.079257e+00
7.960000e-01 1.077567e+00
7.964000e-01 1.077168e+00
7.968000e-01 1.078150e+00
7.972000e-01 1.080610e+00
7.976000e-01 1.084657e+00
7.980000e-01 1.090406e+00
7.984000e-01 1.097984e+00
7.988000e-01 1.107523e+00
7.992000e-01 1.119166e+00
7.996000e-01 1.133060e+00
8.000000e-01 1.149359e+00
8.004000e-01 1.168216e+00
8.008000e-01 1.189783e+00
8.012000e-01 1.214206e+00
8.016000e-01 1.241613e+00
8.020000e-01 1.272112e+00
8.024000e-01 1.305774e+00
8.028000e-01 1.342620e+00
8.032000e-01 1.382607e+00
8.036000e-01 1.425605e+00
8.040000e-01 1.471375e+00
8.044000e-01 1.519547e+00
8.048000e-01 1.569598e+00
8.052000e-01 1.620828e+00
8.056000e-01 1.672354e+00
8.060000e-01 1.723105e+00
8.064000e-01 1.771841e+00
8.068000e-01 1.817187e+00
8.072000e-01 1.857702e+00
8.076000e-01 1.891954e+00
8.080000e-01 1.918625e+00
8.084000e-01 1.936614e+00
8.088000e-01 1.945139e+00
8.092000e-01 1.943804e+00
8.096000e-01 1.932641e+00
8.100000e-01 1.912100e+00
8.104000e-01 1.883005e+00
8.108000e-01 1.846470e+00
8.112000e-01 1.803800e+00
8.116000e-01 1.756391e+00
8.120000e-01 1.705629e+00
8.124000e-01 1.652820e+00
8.128000e-01 1.599132e+00
8.132000e-01 1.545569e+00
8.136000e-01 1.492952e+00
8.140000e-01 1.441929e+00
8.144000e-01 1.392986e+00
8.148000e-01 1.346464e+00
8.152000e-01 1.302584e+00
8.156000e-01 1.261470e+00
8.160000e-01 1.223164e+00
8.164000e-01 1.187650e+00
8.168000e-01 1.154866e+00
8.172000e-01 1.124719e+00
8.176000e-01 1.097095e+00
8.180000e-01 1.071864e+00
8.184000e-01 1.048892e+00
8.188000e-01 1.028039e+00
8.192000e-01 1.009171e+00
8.196000e-01 9.921527e-01
8.200000e-01 9.768575e-01
8.204000e-01 9.631643e-01
8.208000e-01 9.509593e-01
8.212000e-01 9.401364e-01
8.216000e-01 9.305972e-01
8.220000e-01 9.222511e-01
8.224000e-01 9.150150e-01
8.228000e-01 9.088127e-01
8.232000e-01 9.035754e-01
8.236000e-01 8.992405e-01
8.240000e-01 8.957518e-01
8.244000e-01 8.930586e-01
8.248000e-01 8.911159e-01
8.252000e-01 8.898838e-01
8.256000e-01 8.893270e-01
8.260000e-01 8.894147e-01
8.264000e-01 8.901202e-01
8.268000e-01 8.914208e-01
8.272000e-01 8.932971e-01
8.276000e-01 8.957333e-01
8.280000e-01 8.987166e-01
8.284000e-01 9.022373e-01
8.288000e-01 9.062880e-01
8.292000e-01 9.108643e-01
8.296000e-01 9.159638e-01
8.300000e-01 9.215864e-01
8.304000e-01 9.277342e-01
8.308000e-01 9.344109e-01
8.312000e-01 9.416220e-01
8.316000e-01 9.493745e-01
8.320000e-01 9.576769e-01
8.324000e-01 9.665389e-01
8.328000e-01 9.759710e-01
8.332000e-01 9.859847e-01
8.336000e-01 9.965920e-01
8.340000e-01 1.007805e+00
8.344000e-01 1.019637e+00
8.348000e-01 1.032098e+00
8.352000e-01 1.045202e+00
8.356000e-01 1.058957e+00
8.360000e-01 1.073374e+00
8.364000e-01 1.088458e+00
8.368000e-01 1.104215e+00
8.372000e-01 1.120646e+00
8.376000e-01 1.137748e+00
8.380000e-01 1.155515e+00
8.384000e-01 1.173937e+00
8.388000e-01 1.192997e+00
8.392000e-01 1.212674e+00
8.396000e-01 1.232939e+00
8.400000e-01 1.253760e+00
8.404000e-01 1.275098e+00
8.408000e-01 1.296908e+00
8.412000e-01 1.319143e+00
8.416000e-01 1.341752e+00
8.420000e-01 1.364685e+00
8.424000e-01 1.387895e+00
8.428000e-01 1.411339e+00
8.432000e-01 1.434986e+00
8.436000e-01 1.458817e+00
8.440000e-01 1.482835e+00
8.444000e-01 1.507062e+00
8.448000e-01 1.531552e+00
8.452000e-01 1.556386e+00
8.456000e-01 1.581681e+00
8.460000e-01 1.607588e+00
8.464000e-01 1.634289e+00
8.468000e-01 1.661998e+00
8.472000e-01 1.690952e+00
8.476000e-01 1.721405e+00
8.480000e-01 1.753617e+00
8.484000e-01 1.787843e+00
8.488000e-01 1.824315e+00
8.492000e-01 1.863233e+00
8.496000e-01 1.904743e+00
8.500000e-01 1.948923e+00
8.504000e-01 1.995767e+00
8.508000e-01 2.045169e+00
8.512000e-01 2.096913e+00
8.516000e-01 2.150661e+00
8.520000e-01 2.205953e+00
8.524000e-01 2.262209e+00
8.528000e-01 2.318735e+00
8.532000e-01 2.374748e+00
8.536000e-01 2.429396e+00
8.540000e-01 2.481794e+00
8.544000e-01 2.531060e+00
8.548000e-01 2.576360e+00
8.552000e-01 2.616942e+00
8.556000e-01 2.652177e+00
8.560000e-01 2.681584e+00
8.564000e-01 2.704848e+00
8.568000e-01 2.721829e+00
8.572000e-01 2.732556e+00
8.576000e-01 2.737212e+00
8.580000e-01 2.736115e+00
8.584000e-01 2.729688e+00
8.588000e-01 2.718431e+00
8.592000e-01 2.702892e+00
8.596000e-01 2.683640e+00
8.600000e-01 2.661244e+00
8.604000e-01 2.636251e+00
8.608000e-01 2.609174e+00
8.612000e-01 2.580483e+00
8.616000e-01 2.550598e+00
8.620000e-01 2.519888e+00
8.624000e-01 2.488669e+00
8.628000e-01 2.457207e+00
8.632000e-01 2.425724e+00
8.636000e-01 2.394396e+00
8.640000e-01 2.363363e+00
8.644000e-01 2.332732e+00
8.648000e-01 2.302582e+00
8.652000e-01 2.272968e+00
8.656000e-01 2.243927e+00
8.660000e-01 2.215483e+00
8.664000e-01 2.187650e+00
8.668000e-01 2.160434e+00
8.672000e-01 2.133842e+00
8.676000e-01 2.107883e+00
8.680000e-01 2.082571e+00
8.684000e-01 2.057931e+00
8.688000e-01 2.034000e+00
8.692000e-01 2.010832e+00
8.696000e-01 1.988499e+00
8.700000e-01 1.967095e+00
8.704000e-01 1.946738e+00
8.708000e-01 1.927565e+00
8.712000e-01 1.909739e+00
8.716000e-01 1.893441e+00
8.720000e-01 1.878867e+00
8.724000e-01 1.866225e+00
8.728000e-01 1.855723e+00
8.732000e-01 1.847561e+00
8.736000e-01 1.841925e+00
8.740000e-01 1.838970e+00
8.744000e-01 1.838815e+00
8.748000e-01 1.841531e+00
8.752000e-01 1.847135e+00
8.756000e-01 1.855587e+00
8.760000e-01 1.866785e+00
8.764000e-01 1.880575e+00
8.768000e-01 1.896749e+00
8.772000e-01 1.915058e+00
8.776000e-01 1.935218e+00
8.780000e-01 1.956927e+00
8.784000e-01 1.979870e+00
8.788000e-01 2.003735e+00
8.792000e-01 2.028216e+00
8.796000e-01 2.053028e+00
8.800000e-01 2.077908e+00
8.804000e-01 2.102620e+00
8.808000e-01 2.126959e+00
8.812000e-01 2.150748e+00
8.816000e-01 2.173845e+00
8.820000e-01 2.196133e+00
8.824000e-01 2.217527e+00
8.828000e-01 2.237964e+00
8.832000e-01 2.257405e+00
8.836000e-01 2.275833e+00
8.840000e-01 2.293247e+00
8.844000e-01 2.309662e+00
8.848000e-01 2.325106e+00
8.852000e-01 2.339620e+00
8.856000e-01 2.353252e+00
8.860000e-01 2.366058e+00
8.864000e-01 2.378100e+00
8.868000e-01 2.389444e+00
8.872000e-01 2.400159e+00
8.876000e-01 2.410317e+00
8.880000e-01 2.419989e+00
8.884000e-01 2.429246e+00
8.888000e-01 2.438159e+00
8.892000e-01 2.446796e+00
8.896000e-01 2.455223e+00
8.900000e-01 2.463502e+00
8.904000e-01 2.471690e+00
8.908000e-01 2.479840e+00
8.912000e-01 2.488000e+00
8.916000e-01 2.496210e+00
8.920000e-01 2.504504e+00
8.924000e-01 2.512909e+00
8.928000e-01 2.521445e+00
8.932000e-01 2.530119e+00
8.936000e-01 2.538934e+00
8.940000e-01 2.547880e+00
8.944000e-01 2.556937e+00
8.948000e-01 2.566076e+00
8.952000e-01 2.575256e+00
8.956000e-01 2.584423e+00
8.960000e-01 2.593513e+00
8.964000e-01 2.602452e+00
8.968000e-01 2.611152e+00
8.972000e-01 2.619515e+00
8.976000e-01 2.627433e+00
8.980000e-01 2.634790e+00
8.984000e-01 2.641461e+00
8.988000e-01 2.647315e+00
8.992000e-01 2.652216e+00
8.996000e-01 2.656028e+00
9.000000e-01 2.658615e+00
9.004000e-01 2.659843e+00
9.008000e-01 2.659589e+00
9.012000e-01 2.657738e+00
9.016000e-01 2.654187e+00
9.020000e-01 2.648852e+00
9.024000e-01 2.641670e+00
9.028000e-01 2.632597e+00
9.032000e-01 2.621615e+00
9.036000e-01 2.608734e+00
9.040000e-01 2.593988e+00
9.044000e-01 2.577438e+00
9.048000e-01 2.559174e+00
9.052000e-01 2.539307e+00
9.056000e-01 2.517973e+00
9.060000e-01 2.495327e+00
9.064000e-01 2.471539e+00
9.068000e-01 2.446796e+00
9.072000e-01 2.421289e+00
9.076000e-01 2.395219e+00
9.080000e-01 2.368787e+00
9.084000e-01 2.342193e+00
9.088000e-01 2.315631e+00
9.092000e-01 2.289291e+00
9.096000e-01 2.263351e+00
9.100000e-01 2.237980e+00
9.104000e-01 2.213334e+00
9.108000e-01 2.189555e+00
9.112000e-01 2.166774e+00
9.116000e-01 2.145105e+00
9.120000e-01 2.124653e+00
9.124000e-01 2.105507e+00
9.128000e-01 2.087745e+00
9.132000e-01 2.071435e+00
9.136000e-01 2.056633e+00
9.140000e-01 2.043386e+00
9.144000e-01 2.031735e+00
9.148000e-01 2.021713e+00
9.152000e-01 2.013347e+00
9.156000e-01 2.006663e+00
9.160000e-01 2.001682e+00
9.164000e-01 1.998429e+00
9.168000e-01 1.996935e+00
9.172000e-01 1.997242e+00
9.176000e-01 1.999426e+00
9.180000e-01 2.003637e+00
9.184000e-01 2.010284e+00
9.188000e-01 2.030459e+00
9.192000e-01 2.051513e+00
9.196000e-01 2.068649e+00
9.200000e-01 2.085223e+00
9.204000e-01 2.101850e+00
9.208000e-01 2.118724e+00
9.212000e-01 2.135900e+00
9.216000e-01 2.153370e+00
9.220000e-01 2.171094e+00
9.224000e-01 2.189017e+00
9.228000e-01 2.207075e+00
9.232000e-01 2.225203e+00
9.236000e-01 2.243336e+00
9.240000e-01 2.261416e+00
9.244000e-01 2.279394e+00
9.248000e-01 2.297231e+00
9.252000e-01 2.314900e+00
9.256000e-01 2.332393e+00
9.260000e-01 2.349716e+00
9.264000e-01 2.366894e+00
9.268000e-01 2.383973e+00
9.272000e-01 2.401019e+00
9.276000e-01 2.418117e+00
9.280000e-01 2.435374e+00
9.284000e-01 2.452918e+00
9.288000e-01 2.470893e+00
9.292000e-01 2.489466e+00
9.296000e-01 2.508816e+00
9.300000e-01 2.529141e+00
9.304000e-01 2.550651e+00
9.308000e-01 2.573565e+00
9.312000e-01 2.598112e+00
9.316000e-01 2.624525e+00
9.320000e-01 2.653037e+00
9.324000e-01 2.683877e+00
9.328000e-01 2.717266e+00
9.332000e-01 2.753406e+00
9.336000e-01 2.792476e+00
9.340000e-01 2.834621e+00
9.344000e-01 2.879940e+00
9.348000e-01 2.928473e+00
9.352000e-01 2.980188e+00
9.356000e-01 3.034965e+00
9.360000e-01 3.092579e+00
9.364000e-01 3.152685e+00
9.368000e-01 3.214807e+00
9.372000e-01 3.278328e+00
9.376000e-01 3.342490e+00
9.380000e-01 3.406405e+00
9.384000e-01 3.469071e+00
9.388000e-01 3.529408e+00
9.392000e-01 3.586309e+00
9.396000e-01 3.638690e+00
9.400000e-01 3.685559e+00
9.404000e-01 3.726080e+00
9.408000e-01 3.759627e+00
9.412000e-01 3.785831e+00
9.416000e-01 3.804600e+00
9.420000e-01 3.816123e+00
9.424000e-01 3.820846e+00
9.428000e-01 3.819435e+00
9.432000e-01 3.812725e+00
9.436000e-01 3.801661e+00
9.440000e-01 3.787243e+00
9.444000e-01 3.770472e+00
9.448000e-01 3.752312e+00
9.452000e-01 3.733656e+00
9.456000e-01 3.715305e+00
9.460000e-01 3.697960e+00
9.464000e-01 3.682211e+00
9.468000e-01 3.668545e+00
9.472000e-01 3.657352e+00
9.476000e-01 3.648927e+00
9.480000e-01 3.643485e+00
9.484000e-01 3.641164e+00
9.488000e-01 3.642037e+00
9.492000e-01 3.646116e+00
9.496000e-01 3.653355e+00
9.500000e-01 3.663657e+00
9.504000e-01 3.676871e+00
9.508000e-01 3.692790e+00
9.512000e-01 3.711154e+00
9.516000e-01 3.731640e+00
9.520000e-01 3.753862e+00
9.524000e-01 3.777364e+00
9.528000e-01 3.801612e+00
9.532000e-01 3.825997e+00
9.536000e-01 3.849830e+00
9.540000e-01 3.872343e+00
9.544000e-01 3.892706e+00
9.548000e-01 3.910032e+00
9.552000e-01 3.923409e+00
9.556000e-01 3.931930e+00
9.560000e-01 3.934728e+00
9.564000e-01 3.931029e+00
9.568000e-01 3.920193e+00
9.572000e-01 3.901763e+00
9.576000e-01 3.875499e+00
9.580000e-01 3.841403e+00
9.584000e-01 3.799729e+00
9.588000e-01 3.750967e+00
9.592000e-01 3.695816e+00
9.596000e-01 3.635139e+00
9.600000e-01 3.569912e+00
9.604000e-01 3.501168e+00
9.608000e-01 3.429943e+00
9.612000e-01 3.357229e+00
9.616000e-01 3.283941e+00
9.620000e-01 3.210893e+00
9.624000e-01 3.138781e+00
9.628000e-01 3.068184e+00
9.632000e-01 2.999563e+00
9.636000e-01 2.933274e+00
9.640000e-01 2.869579e+00
9.644000e-01 2.808657e+00
9.648000e-01 2.750619e+00
9.652000e-01 2.695524e+00
9.656000e-01 2.643384e+00
9.660000e-01 2.594182e+00
9.664000e-01 2.547874e+00
9.668000e-01 2.504402e+00
9.672000e-01 2.463693e+00
9.676000e-01 2.425671e+00
9.680000e-01 2.390253e+00
9.684000e-01 2.357358e+00
9.688000e-01 2.326906e+00
9.692000e-01 2.298819e+00
9.696000e-01 2.273023e+00
9.700000e-01 2.249447e+00
9.704000e-01 2.228027e+00
9.708000e-01 2.208702e+00
9.712000e-01 2.191417e+00
9.716000e-01 2.176121e+00
9.720000e-01 2.162768e+00
9.724000e-01 2.151317e+00
9.728000e-01 2.141730e+00
9.732000e-01 2.133974e+00
9.736000e-01 2.128019e+00
9.740000e-01 2.123838e+00
9.744000e-01 2.121409e+00
9.748000e-01 2.120708e+00
9.752000e-01 2.121718e+00
9.756000e-01 2.124421e+00
9.760000e-01 2.128799e+00
9.764000e-01 2.134838e+00
9.768000e-01 2.142519e+00
9.772000e-01 2.151828e+00
9.776000e-01 2.162746e+00
9.780000e-01 2.175252e+00
9.784000e-01 2.189324e+00
9.788000e-01 2.204934e+00
9.792000e-01 2.222052e+00
9.796000e-01 2.240641e+00
9.800000e-01 2.260659e+00
9.804000e-01 2.282054e+00
9.808000e-01 2.304771e+00
9.812000e-01 2.328740e+00
9.816000e-01 2.353887e+00
9.820000e-01 2.380124e+00
9.824000e-01 2.407354e+00
9.828000e-01 2.435469e+00
9.832000e-01 2.464349e+00
9.836000e-01 2.493863e+00
9.840000e-01 2.523872e+00
9.844000e-01 2.554224e+00
9.848000e-01 2.584763e+00
9.852000e-01 2.615322e+00
9.856000e-01 2.645732e+00
9.860000e-01 2.675823e+00
9.864000e-01 2.705422e+00
9.868000e-01 2.734363e+00
9.872000e-01 2.762484e+00
9.876000e-01 2.789633e+00
9.880000e-01 2.815672e+00
9.884000e-01 2.840475e+00
9.888000e-01 2.863939e+00
9.892000e-01 2.885977e+00
9.896000e-01 2.906526e+00
9.900000e-01 2.925545e+00
9.904000e-01 2.943019e+00
9.908000e-01 2.958953e+00
9.912000e-01 2.973379e+00
9.916000e-01 2.986349e+00
9.920000e-01 2.997936e+00
9.924000e-01 3.008231e+00
9.928000e-01 3.017342e+00
9.932000e-01 3.025390e+00
9.936000e-01 3.032508e+00
9.940000e-01 3.038838e+00
9.944000e-01 3.044528e+00
9.948000e-01 3.049728e+00
9.952000e-01 3.054592e+00
9.956000e-01 3.059272e+00
9.960000e-01 3.063918e+00
9.964000e-01 3.068676e+00
9.968000e-01 3.073688e+00
9.972000e-01 3.079085e+00
9.976000e-01 3.084993e+00
9.980000e-01 3.091528e+00
9.984000e-01 3.098795e+00
9.988000e-01 3.106886e+00
9.992000e-01 3.115879e+00
9.996000e-01 3.125839e+00
