0.000000e+00 3.750811e+00
6.000000e-02 3.547866e+00
1.200000e-01 2.719737e+00
1.800000e-01 2.314584e+00
2.400000e-01 1.308811e+00
3.000000e-01 1.515474e+00
3.600000e-01 2.242985e+00
4.200000e-01 2.604145e+00
4.800000e-01 2.400569e+00
5.400000e-01 2.659473e+00
6.000000e-01 2.672140e+00
6.600000e-01 2.068939e+00
7.200000e-01 1.958783e+00
7.800000e-01 1.965673e+00
8.400000e-01 1.988866e+00
9.000000e-01 2.143143e+00
9.600000e-01 2.079035e+00
1.020000e+00 1.730474e+00
1.080000e+00 2.432279e+00
1.140000e+00 2.489049e+00
1.200000e+00 1.584404e+00
1.260000e+00 1.330618e+00
1.320000e+00 1.559200e+00
1.380000e+00 1.406415e+00
1.440000e+00 8.514731e-01
1.500000e+00 1.226553e+00
1.560000e+00 1.573121e+00
1.620000e+00 1.786871e+00
1.680000e+00 1.413273e+00
1.740000e+00 1.605588e+00
1.800000e+00 1.527049e+00
1.860000e+00 1.840009e+00
1.920000e+00 2.247094e+00
1.980000e+00 2.028528e+00
2.040000e+00 1.925136e+00
2.100000e+00 1.920218e+00
2.160000e+00 1.993121e+00
2.220000e+00 1.869157e+00
2.280000e+00 9.556191e-01
2.340000e+00 3.163715e-01
2.400000e+00 1.554840e-01
2.460000e+00 1.245897e-01
2.520000e+00 1.461604e-01
2.580000e+00 2.134977e-01
2.640000e+00 2.868550e-01
2.700000e+00 3.923743e-01
2.760000e+00 7.313392e-01
2.820000e+00 9.927490e-01
2.880000e+00 9.891089e-01
2.940000e+00 9.616158e-01
3.000000e+00 2.017534e-01
3.060000e+00 2.999441e-01
3.120000e+00 4.992507e-01
3.180000e+00 5.540217e-01
3.240000e+00 3.944413e-01
3.300000e+00 2.581827e-01
3.360000e+00 6.609954e-01
3.420000e+00 3.234934e-01
3.480000e+00 4.769229e-01
3.540000e+00 3.964428e-01
3.600000e+00 1.865080e-01
3.660000e+00 4.361065e-01
3.720000e+00 4.664894e-02
3.780000e+00 7.291028e-01
3.840000e+00 1.691646e+00
3.900000e+00 5.394782e-02
3.960000e+00 1.571262e-01
4.020000e+00 3.468517e-01
4.080000e+00 1.849619e-01
4.140000e+00 3.077848e-01
4.200000e+00 3.548192e-01
4.260000e+00 4.461405e-01
4.320000e+00 1.505180e-01
4.380000e+00 3.138940e-02
4.440000e+00 2.613706e-02
4.500000e+00 5.132417e-02
4.560000e+00 6.366925e-01
4.620000e+00 1.084344e-01
4.680000e+00 6.300565e-02
4.740000e+00 1.388389e-02
4.800000e+00 3.475710e-02
4.860000e+00 2.510403e-02
4.920000e+00 2.180236e-01
4.980000e+00 1.198088e+00
5.040000e+00 5.983141e-01
5.100000e+00 4.446115e-02
5.160000e+00 3.915722e-02
5.220000e+00 3.290124e-01
5.280000e+00 1.059803e-01
5.340000e+00 2.641398e-02
5.400000e+00 6.556381e-02
5.460000e+00 7.586087e-02
5.520000e+00 2.286589e-03
5.580000e+00 2.047855e-02
5.640000e+00 2.076389e-04
5.700000e+00 9.300237e-04
5.760000e+00 8.800819e-05
5.820000e+00 8.114752e-04
5.880000e+00 1.362569e-02
5.940000e+00 4.566710e-01
