0.000000e+00 2.845547e+00
3.000000e-02 2.551551e+00
6.000000e-02 2.168309e+00
9.000000e-02 2.464752e+00
1.200000e-01 2.661687e+00
1.500000e-01 2.359873e+00
1.800000e-01 2.860786e+00
2.100000e-01 3.035038e+00
2.400000e-01 1.348841e+00
2.700000e-01 1.534217e+00
3.000000e-01 1.415198e+00
3.300000e-01 9.076147e-01
3.600000e-01 1.889664e+00
3.900000e-01 2.635976e+00
4.200000e-01 2.530346e+00
4.500000e-01 2.024289e+00
4.800000e-01 2.228902e+00
5.100000e-01 1.643736e+00
5.400000e-01 2.112642e+00
5.700000e-01 2.002007e+00
6.000000e-01 1.633578e+00
6.300000e-01 2.065113e+00
6.600000e-01 1.756640e+00
6.900000e-01 4.140785e-01
7.200000e-01 4.155527e-01
7.500000e-01 1.877399e+00
7.800000e-01 3.019760e-01
8.100000e-01 2.012263e+00
8.400000e-01 2.560698e+00
8.700000e-01 1.366029e+00
9.000000e-01 5.831937e-01
9.300000e-01 1.409060e+00
9.600000e-01 1.753376e+00
9.900000e-01 2.806701e-01
1.020000e+00 3.669995e-01
1.050000e+00 1.243253e-01
1.080000e+00 6.415956e-01
1.110000e+00 8.382498e-01
1.140000e+00 2.638580e-01
1.170000e+00 5.103278e-01
1.200000e+00 1.811474e+00
1.230000e+00 4.379266e-01
1.260000e+00 6.372319e-01
1.290000e+00 1.200053e+00
1.320000e+00 3.942219e-01
1.350000e+00 9.453824e-01
1.380000e+00 7.925951e-01
1.410000e+00 1.448485e+00
1.440000e+00 1.186345e+00
1.470000e+00 4.856324e-01
1.500000e+00 1.876197e-01
1.530000e+00 7.251317e-01
1.560000e+00 2.488762e-01
1.590000e+00 4.014202e-02
1.620000e+00 3.700676e-01
1.650000e+00 1.450236e-01
1.680000e+00 1.144171e-01
1.710000e+00 3.941485e-01
1.740000e+00 4.304239e-02
1.770000e+00 1.082523e+00
1.800000e+00 2.269932e-01
1.830000e+00 1.553714e+00
1.860000e+00 7.771612e-01
1.890000e+00 1.552937e+00
1.920000e+00 1.637999e+00
1.950000e+00 8.957649e-01
1.980000e+00 8.988700e-02
2.010000e+00 4.779785e-03
2.040000e+00 2.713230e-02
2.070000e+00 2.061311e-01
2.100000e+00 2.049686e-01
2.130000e+00 6.456873e-02
2.160000e+00 2.366559e-03
2.190000e+00 2.381992e-04
2.220000e+00 2.361770e-01
2.250000e+00 4.585662e-01
2.280000e+00 3.841633e-02
2.310000e+00 6.833030e-01
2.340000e+00 2.556367e-02
2.370000e+00 1.572275e-02
2.400000e+00 8.483379e-04
2.430000e+00 5.737844e-01
2.460000e+00 3.017903e-01
2.490000e+00 4.823234e-02
2.520000e+00 7.510492e-02
2.550000e+00 3.592507e-01
2.580000e+00 7.338949e-03
2.610000e+00 7.280271e-03
2.640000e+00 6.054482e-03
2.670000e+00 2.457885e-04
2.700000e+00 1.000379e-03
2.730000e+00 1.834627e-02
2.760000e+00 1.819175e-02
2.790000e+00 1.352536e-03
2.820000e+00 4.079694e-02
2.850000e+00 6.153159e-02
2.880000e+00 2.541557e-02
2.910000e+00 1.074640e-01
2.940000e+00 5.195338e-04
2.970000e+00 1.729714e-01
