0.000000e+00 2.845547e+00
3.000000e-02 2.560612e+00
6.000000e-02 1.454823e+00
9.000000e-02 1.154763e+00
1.200000e-01 2.626668e+00
1.500000e-01 2.711336e+00
1.800000e-01 1.900855e+00
2.100000e-01 2.085721e+00
2.400000e-01 1.573170e+00
2.700000e-01 1.578246e+00
3.000000e-01 9.672037e-01
3.300000e-01 9.855449e-01
3.600000e-01 2.131203e+00
3.900000e-01 1.502508e+00
4.200000e-01 2.657624e+00
4.500000e-01 2.023205e+00
4.800000e-01 1.643815e+00
5.100000e-01 1.823060e+00
5.400000e-01 2.442512e+00
5.700000e-01 1.202963e+00
6.000000e-01 2.380318e+00
6.300000e-01 1.586028e+00
6.600000e-01 5.190235e-01
6.900000e-01 7.267844e-01
7.200000e-01 1.273198e+00
7.500000e-01 9.951833e-01
7.800000e-01 2.826170e-01
8.100000e-01 4.461716e-01
8.400000e-01 1.376808e-01
8.700000e-01 3.444050e-01
9.000000e-01 2.151156e-01
9.300000e-01 5.973132e-01
9.600000e-01 1.781842e+00
9.900000e-01 2.102408e+00
1.020000e+00 1.139588e+00
1.050000e+00 9.245008e-01
1.080000e+00 7.908439e-01
1.110000e+00 7.965384e-01
1.140000e+00 2.126361e+00
1.170000e+00 4.233764e-01
1.200000e+00 5.596119e-01
1.230000e+00 4.132494e-01
1.260000e+00 1.649512e+00
1.290000e+00 2.128965e-01
1.320000e+00 2.461272e-01
1.350000e+00 1.766093e+00
1.380000e+00 2.129796e+00
1.410000e+00 1.503024e+00
1.440000e+00 7.368420e-01
1.470000e+00 1.602947e+00
1.500000e+00 3.623279e-01
1.530000e+00 1.956000e+00
1.560000e+00 1.750570e+00
1.590000e+00 1.577157e-01
1.620000e+00 6.863613e-01
1.650000e+00 7.247570e-01
1.680000e+00 1.776489e-01
1.710000e+00 1.331091e-01
1.740000e+00 1.457480e-01
1.770000e+00 7.947838e-02
1.800000e+00 3.276606e-02
1.830000e+00 7.924777e-01
1.860000e+00 2.469956e+00
1.890000e+00 4.460688e-01
1.920000e+00 1.311999e-01
1.950000e+00 2.824290e-01
1.980000e+00 1.386859e+00
2.010000e+00 1.682731e-02
2.040000e+00 1.088827e-03
2.070000e+00 6.755174e-03
2.100000e+00 5.169287e-02
2.130000e+00 1.401846e-01
2.160000e+00 4.124838e-02
2.190000e+00 6.984898e-02
2.220000e+00 2.121106e-02
2.250000e+00 1.806631e-02
2.280000e+00 2.006517e-02
2.310000e+00 8.105986e-03
2.340000e+00 3.598871e-01
2.370000e+00 3.139972e-01
2.400000e+00 9.621558e-03
2.430000e+00 6.680511e-03
2.460000e+00 6.765176e-03
2.490000e+00 1.559553e-02
2.520000e+00 9.427964e-01
2.550000e+00 4.262094e-03
2.580000e+00 6.194893e-04
2.610000e+00 2.790283e-03
2.640000e+00 1.797628e-02
2.670000e+00 1.777839e-03
2.700000e+00 4.556672e-02
2.730000e+00 1.094629e-02
2.760000e+00 1.703686e-03
2.790000e+00 6.502082e-03
2.820000e+00 4.737373e-05
2.850000e+00 2.375062e-03
2.880000e+00 2.361891e-03
2.910000e+00 5.608659e-04
2.940000e+00 7.457616e-03
2.970000e+00 2.115261e-04
