0.000000e+00 0.000000e+00
6.000000e-04 0.000000e+00
1.200000e-03 0.000000e+00
1.800000e-03 0.000000e+00
2.400000e-03 0.000000e+00
3.000000e-03 0.000000e+00
3.600000e-03 0.000000e+00
4.200000e-03 0.000000e+00
4.800000e-03 0.000000e+00
5.400000e-03 0.000000e+00
6.000000e-03 0.000000e+00
6.600000e-03 0.000000e+00
7.200000e-03 0.000000e+00
7.800000e-03 0.000000e+00
8.400000e-03 0.000000e+00
9.000000e-03 0.000000e+00
9.600000e-03 0.000000e+00
1.020000e-02 0.000000e+00
1.080000e-02 0.000000e+00
1.140000e-02 0.000000e+00
1.200000e-02 0.000000e+00
1.260000e-02 0.000000e+00
1.320000e-02 0.000000e+00
1.380000e-02 0.000000e+00
1.440000e-02 0.000000e+00
1.500000e-02 0.000000e+00
1.560000e-02 0.000000e+00
1.620000e-02 0.000000e+00
1.680000e-02 0.000000e+00
1.740000e-02 0.000000e+00
1.800000e-02 0.000000e+00
1.860000e-02 0.000000e+00
1.920000e-02 0.000000e+00
1.980000e-02 0.000000e+00
2.040000e-02 4.530566e-05
2.100000e-02 5.078808e-04
2.160000e-02 7.496788e-04
2.220000e-02 8.625836e-04
2.280000e-02 8.985180e-04
2.340000e-02 8.879030e-04
2.400000e-02 8.490465e-04
2.460000e-02 7.931768e-04
2.520000e-02 7.272613e-04
2.580000e-02 6.556446e-04
2.640000e-02 5.810317e-04
2.700000e-02 5.051015e-04
2.760000e-02 4.289088e-04
2.820000e-02 3.531757e-04
2.880000e-02 2.785448e-04
2.940000e-02 2.058705e-04
3.000000e-02 1.366647e-04
3.060000e-02 7.392417e-05
3.120000e-02 2.387881e-05
3.180000e-02 6.533801e-08
3.240000e-02 3.386424e-05
3.300000e-02 2.055498e-04
3.360000e-02 7.536091e-04
3.420000e-02 2.573835e-03
3.480000e-02 1.061544e-02
3.540000e-02 6.123473e-02
3.600000e-02 4.041775e-02
3.660000e-02 1.396910e-02
3.720000e-02 7.293977e-03
3.780000e-02 4.704276e-03
3.840000e-02 3.399613e-03
3.900000e-02 2.629506e-03
3.960000e-02 2.124527e-03
4.020000e-02 1.767696e-03
4.080000e-02 1.501065e-03
4.140000e-02 1.293032e-03
4.200000e-02 1.125050e-03
4.260000e-02 9.855999e-04
4.320000e-02 8.671924e-04
4.380000e-02 7.647798e-04
4.440000e-02 6.748591e-04
4.500000e-02 5.949430e-04
4.560000e-02 5.232340e-04
4.620000e-02 4.584154e-04
4.680000e-02 3.995153e-04
4.740000e-02 3.458124e-04
4.800000e-02 2.967721e-04
4.860000e-02 2.520000e-04
4.920000e-02 2.112085e-04
4.980000e-02 1.741924e-04
5.040000e-02 1.408102e-04
5.100000e-02 1.109711e-04
5.160000e-02 8.462475e-05
5.220000e-02 6.175452e-05
5.280000e-02 4.237320e-05
5.340000e-02 2.652080e-05
5.400000e-02 1.426449e-05
5.460000e-02 5.700499e-06
5.520000e-02 9.580471e-07
5.580000e-02 2.053728e-07
5.640000e-02 3.658169e-06
5.700000e-02 1.159079e-05
5.760000e-02 2.435084e-05
5.820000e-02 4.237809e-05
5.880000e-02 6.622892e-05
5.940000e-02 9.660820e-05
6.000000e-02 1.344114e-04
6.060000e-02 1.807806e-04
6.120000e-02 2.371803e-04
6.180000e-02 3.055016e-04
6.240000e-02 3.882073e-04
6.300000e-02 4.885385e-04
6.360000e-02 6.108137e-04
6.420000e-02 7.608709e-04
6.480000e-02 9.467384e-04
6.540000e-02 1.179678e-03
6.600000e-02 1.475858e-03
6.660000e-02 1.859134e-03
6.720000e-02 2.365848e-03
6.780000e-02 3.053539e-03
6.840000e-02 4.017633e-03
6.900000e-02 5.425713e-03
6.960000e-02 7.594137e-03
7.020000e-02 1.117897e-02
7.080000e-02 1.772566e-02
7.140000e-02 3.160415e-02
7.200000e-02 6.920785e-02
7.260000e-02 2.274145e-01
7.320000e-02 5.768642e-02
7.380000e-02 2.233973e-01
7.440000e-02 6.854443e-02
7.500000e-02 3.141447e-02
7.560000e-02 1.762366e-02
7.620000e-02 1.108217e-02
7.680000e-02 7.478536e-03
7.740000e-02 5.282686e-03
7.800000e-02 3.843269e-03
7.860000e-02 2.845218e-03
7.920000e-02 2.120613e-03
7.980000e-02 1.571950e-03
8.040000e-02 1.134746e-03
8.100000e-02 7.047925e-04
8.160000e-02 5.855980e-04
8.220000e-02 4.920527e-04
8.280000e-02 4.148230e-04
8.340000e-02 3.518864e-04
8.400000e-02 3.008140e-04
8.460000e-02 2.596105e-04
8.520000e-02 2.267465e-04
8.580000e-02 2.010870e-04
8.640000e-02 1.818197e-04
8.700000e-02 1.684007e-04
8.760000e-02 1.605185e-04
8.820000e-02 1.580740e-04
8.880000e-02 1.611764e-04
8.940000e-02 1.701541e-04
9.000000e-02 1.855819e-04
9.060000e-02 2.083296e-04
9.120000e-02 2.396377e-04
9.180000e-02 2.812307e-04
9.240000e-02 3.354878e-04
9.300000e-02 4.056986e-04
9.360000e-02 4.964541e-04
9.420000e-02 6.142557e-04
9.480000e-02 7.684910e-04
9.540000e-02 9.730449e-04
9.600000e-02 1.249065e-03
9.660000e-02 1.629913e-03
9.720000e-02 2.170530e-03
9.780000e-02 2.966261e-03
9.840000e-02 4.193854e-03
9.900000e-02 6.209897e-03
9.960000e-02 9.819837e-03
1.002000e-01 1.715452e-02
1.008000e-01 3.535542e-02
1.014000e-01 9.947113e-02
1.020000e-01 4.309562e-01
1.026000e-01 2.929425e-01
1.032000e-01 7.817993e-02
1.038000e-01 3.345690e-02
1.044000e-01 1.837639e-02
1.050000e-01 1.152577e-02
1.056000e-01 7.777607e-03
1.062000e-01 5.412783e-03
1.068000e-01 3.696858e-03
1.074000e-01 2.479333e-03
1.080000e-01 2.555981e-01
1.086000e-01 9.139448e-03
1.092000e-01 4.967461e-03
1.098000e-01 3.688808e-03
1.104000e-01 3.009761e-03
1.110000e-01 2.566546e-03
1.116000e-01 2.246375e-03
1.122000e-01 2.001175e-03
1.128000e-01 1.806206e-03
1.134000e-01 1.647065e-03
1.140000e-01 1.514627e-03
1.146000e-01 1.402749e-03
1.152000e-01 1.307101e-03
1.158000e-01 1.224525e-03
1.164000e-01 1.152652e-03
1.170000e-01 1.089664e-03
1.176000e-01 1.034142e-03
1.182000e-01 9.849607e-04
1.188000e-01 9.412149e-04
1.194000e-01 9.021689e-04
1.200000e-01 8.672190e-04
1.206000e-01 8.358654e-04
1.212000e-01 8.076916e-04
1.218000e-01 7.823481e-04
1.224000e-01 7.595401e-04
1.230000e-01 7.390182e-04
1.236000e-01 7.205704e-04
1.242000e-01 7.040162e-04
1.248000e-01 6.892019e-04
1.254000e-01 6.759965e-04
1.260000e-01 6.642891e-04
1.266000e-01 6.539857e-04
1.272000e-01 6.450077e-04
1.278000e-01 6.372901e-04
1.284000e-01 6.307802e-04
1.290000e-01 6.254367e-04
1.296000e-01 6.212292e-04
1.302000e-01 6.181374e-04
1.308000e-01 6.161510e-04
1.314000e-01 6.152696e-04
1.320000e-01 6.155032e-04
1.326000e-01 6.168723e-04
1.332000e-01 6.194087e-04
1.338000e-01 6.231568e-04
1.344000e-01 6.281745e-04
1.350000e-01 6.345355e-04
1.356000e-01 6.423314e-04
1.362000e-01 6.516749e-04
1.368000e-01 6.627037e-04
1.374000e-01 6.755861e-04
1.380000e-01 6.905269e-04
1.386000e-01 7.077775e-04
1.392000e-01 7.276468e-04
1.398000e-01 7.505176e-04
1.404000e-01 7.768682e-04
1.410000e-01 8.073026e-04
1.416000e-01 8.425929e-04
1.422000e-01 8.837392e-04
1.428000e-01 9.320588e-04
1.434000e-01 9.893172e-04
1.440000e-01 1.057931e-03
1.446000e-01 1.141283e-03
1.452000e-01 1.244240e-03
1.458000e-01 1.374016e-03
1.464000e-01 1.541687e-03
1.470000e-01 1.764955e-03
1.476000e-01 2.073491e-03
1.482000e-01 2.519850e-03
1.488000e-01 3.203299e-03
1.494000e-01 4.325304e-03
1.500000e-01 6.322996e-03
1.506000e-01 1.014358e-02
1.512000e-01 1.704952e-02
1.518000e-01 2.299738e-02
1.524000e-01 1.824933e-02
1.530000e-01 1.122512e-02
1.536000e-01 7.248138e-03
1.542000e-01 5.235752e-03
1.548000e-01 4.180735e-03
1.554000e-01 3.608116e-03
1.560000e-01 3.298820e-03
1.566000e-01 3.144608e-03
1.572000e-01 3.086787e-03
1.578000e-01 3.089256e-03
1.584000e-01 3.125218e-03
1.590000e-01 3.169275e-03
1.596000e-01 3.191560e-03
1.602000e-01 3.153373e-03
1.608000e-01 3.008974e-03
1.614000e-01 2.736944e-03
1.620000e-01 2.498060e-03
1.626000e-01 3.255644e-03
1.632000e-01 8.249892e-03
1.638000e-01 2.109695e-02
1.644000e-01 3.534295e-02
1.650000e-01 4.399832e-02
1.656000e-01 4.915801e-02
1.662000e-01 5.332612e-02
1.668000e-01 5.732668e-02
1.674000e-01 6.119436e-02
1.680000e-01 6.470472e-02
1.686000e-01 6.760572e-02
1.692000e-01 6.973603e-02
1.698000e-01 7.107709e-02
1.704000e-01 7.174852e-02
1.710000e-01 7.196514e-02
1.716000e-01 7.198389e-02
1.722000e-01 7.206311e-02
1.728000e-01 7.244352e-02
1.734000e-01 7.334889e-02
1.740000e-01 7.500136e-02
1.746000e-01 7.764713e-02
1.752000e-01 8.159280e-02
1.758000e-01 8.725708e-02
1.764000e-01 9.524818e-02
1.770000e-01 1.064837e-01
1.776000e-01 1.223683e-01
1.782000e-01 1.449844e-01
1.788000e-01 1.768647e-01
1.794000e-01 2.179505e-01
1.800000e-01 2.504995e-01
1.806000e-01 2.001236e-01
1.812000e-01 1.258127e-01
1.818000e-01 1.144952e-01
1.824000e-01 1.065346e-01
1.830000e-01 1.004259e-01
1.836000e-01 9.551279e-02
1.842000e-01 9.144426e-02
1.848000e-01 8.800883e-02
1.854000e-01 8.506848e-02
1.860000e-01 8.252794e-02
1.866000e-01 8.031877e-02
1.872000e-01 7.839025e-02
1.878000e-01 7.670405e-02
1.884000e-01 7.523078e-02
1.890000e-01 7.394785e-02
1.896000e-01 7.283797e-02
1.902000e-01 7.188832e-02
1.908000e-01 7.108990e-02
1.914000e-01 7.043736e-02
1.920000e-01 6.992893e-02
1.926000e-01 6.956676e-02
1.932000e-01 6.935746e-02
1.938000e-01 6.931316e-02
1.944000e-01 6.945302e-02
1.950000e-01 6.980561e-02
1.956000e-01 7.041244e-02
1.962000e-01 7.133332e-02
1.968000e-01 7.265458e-02
1.974000e-01 7.450182e-02
1.980000e-01 7.706023e-02
1.986000e-01 8.060746e-02
1.992000e-01 8.556849e-02
1.998000e-01 9.260928e-02
2.004000e-01 1.028010e-01
2.010000e-01 1.179141e-01
2.016000e-01 1.409499e-01
2.022000e-01 1.770629e-01
2.028000e-01 2.348545e-01
2.034000e-01 3.260743e-01
2.040000e-01 4.496956e-01
2.046000e-01 5.047401e-01
2.052000e-01 2.438983e-01
2.058000e-01 1.215617e-01
2.064000e-01 3.918893e-01
2.070000e-01 5.053372e-01
2.076000e-01 4.892337e-01
2.082000e-01 4.433170e-01
2.088000e-01 4.001720e-01
2.094000e-01 3.660445e-01
2.100000e-01 3.404606e-01
2.106000e-01 3.217572e-01
2.112000e-01 3.084022e-01
2.118000e-01 2.992169e-01
2.124000e-01 2.933419e-01
2.130000e-01 2.901611e-01
2.136000e-01 2.892351e-01
2.142000e-01 2.902521e-01
2.148000e-01 2.929922e-01
2.154000e-01 2.973027e-01
2.160000e-01 3.030803e-01
2.166000e-01 3.102579e-01
2.172000e-01 3.187943e-01
2.178000e-01 3.286653e-01
2.184000e-01 3.398553e-01
2.190000e-01 3.523475e-01
2.196000e-01 3.661127e-01
2.202000e-01 3.810935e-01
2.208000e-01 3.971831e-01
2.214000e-01 4.141955e-01
2.220000e-01 4.318229e-01
2.226000e-01 4.495767e-01
2.232000e-01 4.667057e-01
2.238000e-01 4.820890e-01
2.244000e-01 4.941027e-01
2.250000e-01 5.004785e-01
2.256000e-01 4.982013e-01
2.262000e-01 4.835654e-01
2.268000e-01 4.526183e-01
2.274000e-01 4.023588e-01
2.280000e-01 3.330681e-01
2.286000e-01 2.516640e-01
2.292000e-01 1.744633e-01
2.298000e-01 1.255687e-01
2.304000e-01 1.272388e-01
2.310000e-01 1.851989e-01
2.316000e-01 2.811010e-01
2.322000e-01 3.817123e-01
2.328000e-01 4.576397e-01
2.334000e-01 4.954695e-01
2.340000e-01 4.971810e-01
2.346000e-01 4.728247e-01
2.352000e-01 4.337771e-01
2.358000e-01 3.892669e-01
2.364000e-01 3.455308e-01
2.370000e-01 3.062333e-01
2.376000e-01 2.732202e-01
2.382000e-01 2.471904e-01
2.388000e-01 2.281787e-01
2.394000e-01 2.158623e-01
2.400000e-01 2.097373e-01
2.406000e-01 2.092123e-01
2.412000e-01 2.136491e-01
2.418000e-01 2.223776e-01
2.424000e-01 2.346969e-01
2.430000e-01 2.498765e-01
2.436000e-01 2.671617e-01
2.442000e-01 2.857895e-01
2.448000e-01 3.050133e-01
2.454000e-01 3.241358e-01
2.460000e-01 3.425445e-01
2.466000e-01 3.597422e-01
2.472000e-01 3.753676e-01
2.478000e-01 3.892015e-01
2.484000e-01 4.011578e-01
2.490000e-01 4.112628e-01
2.496000e-01 4.196278e-01
2.502000e-01 4.264201e-01
2.508000e-01 4.318378e-01
2.514000e-01 4.360901e-01
2.520000e-01 4.393840e-01
2.526000e-01 4.419163e-01
2.532000e-01 4.438703e-01
2.538000e-01 4.454149e-01
2.544000e-01 4.467050e-01
2.550000e-01 4.478829e-01
2.556000e-01 4.490795e-01
2.562000e-01 4.504158e-01
2.568000e-01 4.520036e-01
2.574000e-01 4.539459e-01
2.580000e-01 4.563369e-01
2.586000e-01 4.592606e-01
2.592000e-01 4.627884e-01
2.598000e-01 4.669732e-01
2.604000e-01 4.718406e-01
2.610000e-01 4.773728e-01
2.616000e-01 4.834829e-01
2.622000e-01 4.899721e-01
2.628000e-01 4.964625e-01
2.634000e-01 5.022924e-01
2.640000e-01 5.063687e-01
2.646000e-01 5.069907e-01
2.652000e-01 5.017654e-01
2.658000e-01 4.880225e-01
2.664000e-01 4.647970e-01
2.670000e-01 4.380356e-01
2.676000e-01 4.275201e-01
2.682000e-01 4.600480e-01
2.688000e-01 5.309023e-01
2.694000e-01 5.874942e-01
2.700000e-01 5.963903e-01
2.706000e-01 5.798308e-01
2.712000e-01 5.713671e-01
2.718000e-01 5.848995e-01
2.724000e-01 6.162599e-01
2.730000e-01 6.487846e-01
2.736000e-01 6.536203e-01
2.742000e-01 5.934786e-01
2.748000e-01 4.505556e-01
2.754000e-01 2.815490e-01
2.760000e-01 2.099256e-01
2.766000e-01 2.850783e-01
2.772000e-01 4.223741e-01
2.778000e-01 5.279144e-01
2.784000e-01 5.756653e-01
2.790000e-01 5.805427e-01
2.796000e-01 5.631717e-01
2.802000e-01 5.377470e-01
2.808000e-01 5.119169e-01
2.814000e-01 4.891887e-01
2.820000e-01 4.708708e-01
2.826000e-01 4.572188e-01
2.832000e-01 4.480338e-01
2.838000e-01 4.429517e-01
2.844000e-01 4.415714e-01
2.850000e-01 4.435007e-01
2.856000e-01 4.483601e-01
2.862000e-01 4.557608e-01
2.868000e-01 4.652641e-01
2.874000e-01 4.763210e-01
2.880000e-01 4.881872e-01
2.886000e-01 4.998066e-01
2.892000e-01 5.096593e-01
2.898000e-01 5.155768e-01
2.904000e-01 5.145591e-01
2.910000e-01 5.026895e-01
2.916000e-01 4.753740e-01
2.922000e-01 4.283175e-01
2.928000e-01 3.597920e-01
2.934000e-01 2.744269e-01
2.940000e-01 1.872088e-01
2.946000e-01 1.235127e-01
2.952000e-01 1.099321e-01
2.958000e-01 1.574517e-01
2.964000e-01 2.506336e-01
2.970000e-01 3.557160e-01
2.976000e-01 4.409084e-01
2.982000e-01 4.903023e-01
2.988000e-01 5.039132e-01
2.994000e-01 4.903363e-01
3.000000e-01 4.599197e-01
3.006000e-01 4.212448e-01
3.012000e-01 3.802200e-01
3.018000e-01 3.404135e-01
3.024000e-01 3.037197e-01
3.030000e-01 2.709667e-01
3.036000e-01 2.423588e-01
3.042000e-01 2.177659e-01
3.048000e-01 1.968997e-01
3.054000e-01 1.794160e-01
3.060000e-01 1.649699e-01
3.066000e-01 1.532448e-01
3.072000e-01 1.439655e-01
3.078000e-01 1.369030e-01
3.084000e-01 1.318750e-01
3.090000e-01 1.287459e-01
3.096000e-01 1.274257e-01
3.102000e-01 1.278706e-01
3.108000e-01 1.300861e-01
3.114000e-01 1.341331e-01
3.120000e-01 1.401394e-01
3.126000e-01 1.483194e-01
3.132000e-01 1.590077e-01
3.138000e-01 1.727145e-01
3.144000e-01 1.902204e-01
3.150000e-01 2.127415e-01
3.156000e-01 2.422269e-01
3.162000e-01 2.819396e-01
3.168000e-01 3.379000e-01
3.174000e-01 4.292918e-01
3.180000e-01 5.027291e-01
3.186000e-01 5.262846e-01
3.192000e-01 5.421350e-01
3.198000e-01 5.515695e-01
3.204000e-01 5.550665e-01
3.210000e-01 5.529611e-01
3.216000e-01 5.456063e-01
3.222000e-01 5.334197e-01
3.228000e-01 5.168895e-01
3.234000e-01 4.965653e-01
3.240000e-01 4.730443e-01
3.246000e-01 4.469601e-01
3.252000e-01 4.189790e-01
3.258000e-01 3.898039e-01
3.264000e-01 3.601877e-01
3.270000e-01 3.309519e-01
3.276000e-01 3.030083e-01
3.282000e-01 2.773749e-01
3.288000e-01 2.551799e-01
3.294000e-01 2.376402e-01
3.300000e-01 2.260076e-01
3.306000e-01 2.214720e-01
3.312000e-01 2.250242e-01
3.318000e-01 2.372894e-01
3.324000e-01 2.583598e-01
3.330000e-01 2.876692e-01
3.336000e-01 3.239521e-01
3.342000e-01 3.653229e-01
3.348000e-01 4.094749e-01
3.354000e-01 4.539669e-01
3.360000e-01 4.965318e-01
3.366000e-01 5.353366e-01
3.372000e-01 5.691407e-01
3.378000e-01 5.973348e-01
3.384000e-01 6.198750e-01
3.390000e-01 6.371516e-01
3.396000e-01 6.498343e-01
3.402000e-01 6.587279e-01
3.408000e-01 6.646575e-01
3.414000e-01 6.683912e-01
3.420000e-01 6.705959e-01
3.426000e-01 6.718192e-01
3.432000e-01 6.724899e-01
3.438000e-01 6.729277e-01
3.444000e-01 6.733585e-01
3.450000e-01 6.739298e-01
3.456000e-01 6.747253e-01
3.462000e-01 6.757762e-01
3.468000e-01 6.770702e-01
3.474000e-01 6.785565e-01
3.480000e-01 6.801483e-01
3.486000e-01 6.817225e-01
3.492000e-01 6.831174e-01
3.498000e-01 6.841280e-01
3.504000e-01 6.845016e-01
3.510000e-01 6.839333e-01
3.516000e-01 6.820646e-01
3.522000e-01 6.784883e-01
3.528000e-01 6.727638e-01
3.534000e-01 6.644498e-01
3.540000e-01 6.531603e-01
3.546000e-01 6.386500e-01
3.552000e-01 6.209318e-01
3.558000e-01 6.004145e-01
3.564000e-01 5.780359e-01
3.570000e-01 5.553392e-01
3.576000e-01 5.344251e-01
3.582000e-01 5.177164e-01
3.588000e-01 5.075205e-01
3.594000e-01 5.054674e-01
3.600000e-01 5.120015e-01
3.606000e-01 5.261422e-01
3.612000e-01 5.456485e-01
3.618000e-01 5.675519e-01
3.624000e-01 5.888580e-01
3.630000e-01 6.071624e-01
3.636000e-01 6.210101e-01
3.642000e-01 6.299604e-01
3.648000e-01 6.344349e-01
3.654000e-01 6.354655e-01
3.660000e-01 6.344412e-01
3.666000e-01 6.329095e-01
3.672000e-01 6.324483e-01
3.678000e-01 6.345951e-01
3.684000e-01 6.408033e-01
3.690000e-01 6.523816e-01
3.696000e-01 6.703446e-01
3.702000e-01 6.950608e-01
3.708000e-01 7.255063e-01
3.714000e-01 7.578687e-01
3.720000e-01 7.833738e-01
3.726000e-01 7.861525e-01
3.732000e-01 7.448303e-01
3.738000e-01 6.455225e-01
3.744000e-01 5.083163e-01
3.750000e-01 3.982606e-01
3.756000e-01 3.779949e-01
3.762000e-01 4.445572e-01
3.768000e-01 5.425102e-01
3.774000e-01 6.232668e-01
3.780000e-01 6.698513e-01
3.786000e-01 6.862470e-01
3.792000e-01 6.826412e-01
3.798000e-01 6.681711e-01
3.804000e-01 6.491677e-01
3.810000e-01 6.295150e-01
3.816000e-01 6.114252e-01
3.822000e-01 5.960837e-01
3.828000e-01 5.840813e-01
3.834000e-01 5.756730e-01
3.840000e-01 5.709202e-01
3.846000e-01 5.697567e-01
3.852000e-01 5.720054e-01
3.858000e-01 5.773654e-01
3.864000e-01 5.853903e-01
3.870000e-01 5.954879e-01
3.876000e-01 6.069718e-01
3.882000e-01 6.191540e-01
3.888000e-01 6.312010e-01
3.894000e-01 6.402859e-01
3.900000e-01 6.307031e-01
3.906000e-01 5.262628e-01
3.912000e-01 2.978288e-01
3.918000e-01 7.009424e-01
3.924000e-01 7.593604e-01
3.930000e-01 6.411493e-01
3.936000e-01 5.716061e-01
3.942000e-01 5.371632e-01
3.948000e-01 5.213340e-01
3.954000e-01 5.162467e-01
3.960000e-01 5.179805e-01
3.966000e-01 5.240807e-01
3.972000e-01 5.324429e-01
3.978000e-01 5.407891e-01
3.984000e-01 5.465283e-01
3.990000e-01 5.471233e-01
3.996000e-01 5.412047e-01
4.002000e-01 5.302892e-01
4.008000e-01 5.197074e-01
4.014000e-01 5.162225e-01
4.020000e-01 5.221076e-01
4.026000e-01 5.312867e-01
4.032000e-01 5.332232e-01
4.038000e-01 5.207643e-01
4.044000e-01 4.936897e-01
4.050000e-01 4.565375e-01
4.056000e-01 4.149060e-01
4.062000e-01 3.732276e-01
4.068000e-01 3.342221e-01
4.074000e-01 2.991936e-01
4.080000e-01 2.685220e-01
4.086000e-01 2.420726e-01
4.092000e-01 2.194677e-01
4.098000e-01 2.002456e-01
4.104000e-01 1.839444e-01
4.110000e-01 1.701409e-01
4.116000e-01 1.584656e-01
4.122000e-01 1.486044e-01
4.128000e-01 1.402953e-01
4.134000e-01 1.333226e-01
4.140000e-01 1.275106e-01
4.146000e-01 1.227180e-01
4.152000e-01 1.188330e-01
4.158000e-01 1.157695e-01
4.164000e-01 1.134644e-01
4.170000e-01 1.118753e-01
4.176000e-01 1.109798e-01
4.182000e-01 1.107758e-01
4.188000e-01 1.112824e-01
4.194000e-01 1.125425e-01
4.200000e-01 1.146272e-01
4.206000e-01 1.176424e-01
4.212000e-01 1.217382e-01
4.218000e-01 1.271229e-01
4.224000e-01 1.340835e-01
4.230000e-01 1.430139e-01
4.236000e-01 1.544572e-01
4.242000e-01 1.691635e-01
4.248000e-01 1.881698e-01
4.254000e-01 2.128992e-01
4.260000e-01 2.452506e-01
4.266000e-01 2.875716e-01
4.272000e-01 3.421488e-01
4.278000e-01 4.092015e-01
4.284000e-01 4.811562e-01
4.290000e-01 5.319303e-01
4.296000e-01 5.184056e-01
4.302000e-01 4.490046e-01
4.308000e-01 4.364627e-01
4.314000e-01 4.994364e-01
4.320000e-01 5.355488e-01
4.326000e-01 5.162660e-01
4.332000e-01 4.695359e-01
4.338000e-01 4.187161e-01
4.344000e-01 3.735390e-01
4.350000e-01 3.363439e-01
4.356000e-01 3.066874e-01
4.362000e-01 2.833759e-01
4.368000e-01 2.651959e-01
4.374000e-01 2.511244e-01
4.380000e-01 2.403572e-01
4.386000e-01 2.322808e-01
4.392000e-01 2.264346e-01
4.398000e-01 2.224773e-01
4.404000e-01 2.201597e-01
4.410000e-01 2.193049e-01
4.416000e-01 2.197934e-01
4.422000e-01 2.215535e-01
4.428000e-01 2.245540e-01
4.434000e-01 2.287996e-01
4.440000e-01 2.343290e-01
4.446000e-01 2.412131e-01
4.452000e-01 2.495554e-01
4.458000e-01 2.594916e-01
4.464000e-01 2.711899e-01
4.470000e-01 2.848491e-01
4.476000e-01 3.006936e-01
4.482000e-01 3.189622e-01
4.488000e-01 3.398856e-01
4.494000e-01 3.636465e-01
4.500000e-01 3.903118e-01
4.506000e-01 4.197244e-01
4.512000e-01 4.513429e-01
4.518000e-01 4.840296e-01
4.524000e-01 5.158194e-01
4.530000e-01 5.437859e-01
4.536000e-01 5.642520e-01
4.542000e-01 5.737128e-01
4.548000e-01 5.707010e-01
4.554000e-01 5.580247e-01
4.560000e-01 5.434321e-01
4.566000e-01 5.364929e-01
4.572000e-01 5.425476e-01
4.578000e-01 5.588016e-01
4.584000e-01 5.765285e-01
4.590000e-01 5.869704e-01
4.596000e-01 5.855493e-01
4.602000e-01 5.722750e-01
4.608000e-01 5.499222e-01
4.614000e-01 5.220687e-01
4.620000e-01 4.919101e-01
4.626000e-01 4.618210e-01
4.632000e-01 4.333507e-01
4.638000e-01 4.073887e-01
4.644000e-01 3.843572e-01
4.650000e-01 3.643732e-01
4.656000e-01 3.473670e-01
4.662000e-01 3.331620e-01
4.668000e-01 3.215250e-01
4.674000e-01 3.121961e-01
4.680000e-01 3.049044e-01
4.686000e-01 2.993759e-01
4.692000e-01 2.953353e-01
4.698000e-01 2.925066e-01
4.704000e-01 2.906113e-01
4.710000e-01 2.893685e-01
4.716000e-01 2.884960e-01
4.722000e-01 2.877141e-01
4.728000e-01 2.867523e-01
4.734000e-01 2.853581e-01
4.740000e-01 2.833084e-01
4.746000e-01 2.804210e-01
4.752000e-01 2.765649e-01
4.758000e-01 2.716687e-01
4.764000e-01 2.657233e-01
4.770000e-01 2.587804e-01
4.776000e-01 2.509450e-01
4.782000e-01 2.423640e-01
4.788000e-01 2.332118e-01
4.794000e-01 2.236753e-01
4.800000e-01 2.139404e-01
4.806000e-01 2.041804e-01
4.812000e-01 1.945485e-01
4.818000e-01 1.851730e-01
4.824000e-01 1.761561e-01
4.830000e-01 1.675742e-01
4.836000e-01 1.594809e-01
4.842000e-01 1.519094e-01
4.848000e-01 1.448763e-01
4.854000e-01 1.383845e-01
4.860000e-01 1.324254e-01
4.866000e-01 1.269793e-01
4.872000e-01 1.220107e-01
4.878000e-01 1.174428e-01
4.884000e-01 1.128801e-01
4.890000e-01 1.174221e-01
4.896000e-01 1.191474e-01
4.902000e-01 1.201524e-01
4.908000e-01 1.209318e-01
4.914000e-01 1.216635e-01
4.920000e-01 1.224367e-01
4.926000e-01 1.233047e-01
4.932000e-01 1.243034e-01
4.938000e-01 1.254594e-01
4.944000e-01 1.267943e-01
4.950000e-01 1.283265e-01
4.956000e-01 1.300732e-01
4.962000e-01 1.320508e-01
4.968000e-01 1.342759e-01
4.974000e-01 1.367656e-01
4.980000e-01 1.395380e-01
4.986000e-01 1.426123e-01
4.992000e-01 1.460095e-01
4.998000e-01 1.497525e-01
5.004000e-01 1.538662e-01
5.010000e-01 1.583783e-01
5.016000e-01 1.633190e-01
5.022000e-01 1.687219e-01
5.028000e-01 1.746238e-01
5.034000e-01 1.810656e-01
5.040000e-01 1.880923e-01
5.046000e-01 1.957533e-01
5.052000e-01 2.041030e-01
5.058000e-01 2.132007e-01
5.064000e-01 2.231109e-01
5.070000e-01 2.339032e-01
5.076000e-01 2.456517e-01
5.082000e-01 2.584341e-01
5.088000e-01 2.723300e-01
5.094000e-01 2.874174e-01
5.100000e-01 3.037682e-01
5.106000e-01 3.214403e-01
5.112000e-01 3.404660e-01
5.118000e-01 3.608339e-01
5.124000e-01 3.824631e-01
5.130000e-01 4.051644e-01
5.136000e-01 4.285847e-01
5.142000e-01 4.521295e-01
5.148000e-01 4.748556e-01
5.154000e-01 4.953329e-01
5.160000e-01 5.114805e-01
5.166000e-01 5.204053e-01
5.172000e-01 5.183194e-01
5.178000e-01 5.006970e-01
5.184000e-01 4.629457e-01
5.190000e-01 4.019557e-01
5.196000e-01 3.187446e-01
5.202000e-01 2.216887e-01
5.208000e-01 1.283676e-01
5.214000e-01 6.280405e-02
5.220000e-01 4.641362e-02
5.226000e-01 8.659188e-02
5.232000e-01 1.716321e-01
5.238000e-01 2.768763e-01
5.244000e-01 3.770680e-01
5.250000e-01 4.556458e-01
5.256000e-01 5.068083e-01
5.262000e-01 5.325559e-01
5.268000e-01 5.385903e-01
5.274000e-01 5.312977e-01
5.280000e-01 5.162126e-01
5.286000e-01 4.975349e-01
5.292000e-01 4.781887e-01
5.298000e-01 4.600793e-01
5.304000e-01 4.443727e-01
5.310000e-01 4.317304e-01
5.316000e-01 4.224837e-01
5.322000e-01 4.167559e-01
5.328000e-01 4.145410e-01
5.334000e-01 4.157537e-01
5.340000e-01 4.202576e-01
5.346000e-01 4.278791e-01
5.352000e-01 4.384114e-01
5.358000e-01 4.516118e-01
5.364000e-01 4.671955e-01
5.370000e-01 4.848265e-01
5.376000e-01 5.041101e-01
5.382000e-01 5.245869e-01
5.388000e-01 5.457330e-01
5.394000e-01 5.669681e-01
5.400000e-01 5.876743e-01
5.406000e-01 6.072268e-01
5.412000e-01 6.250352e-01
5.418000e-01 6.405901e-01
5.424000e-01 6.535084e-01
5.430000e-01 6.635661e-01
5.436000e-01 6.707079e-01
5.442000e-01 6.750302e-01
5.448000e-01 6.767383e-01
5.454000e-01 6.760884e-01
5.460000e-01 6.733292e-01
5.466000e-01 6.686587e-01
5.472000e-01 6.622048e-01
5.478000e-01 6.540299e-01
5.484000e-01 6.441564e-01
5.490000e-01 6.326012e-01
5.496000e-01 6.194137e-01
5.502000e-01 6.047079e-01
5.508000e-01 5.886869e-01
5.514000e-01 5.716546e-01
5.520000e-01 5.540148e-01
5.526000e-01 5.362572e-01
5.532000e-01 5.189297e-01
5.538000e-01 5.026016e-01
5.544000e-01 4.878201e-01
5.550000e-01 4.750673e-01
5.556000e-01 4.647226e-01
5.562000e-01 4.570360e-01
5.568000e-01 4.521149e-01
5.574000e-01 4.499254e-01
5.580000e-01 4.503058e-01
5.586000e-01 4.529906e-01
5.592000e-01 4.576392e-01
5.598000e-01 4.638659e-01
5.604000e-01 4.712684e-01
5.610000e-01 4.794521e-01
5.616000e-01 4.880484e-01
5.622000e-01 4.967282e-01
5.628000e-01 5.052093e-01
5.634000e-01 5.132597e-01
5.640000e-01 5.206975e-01
5.646000e-01 5.273881e-01
5.652000e-01 5.332399e-01
5.658000e-01 5.381996e-01
5.664000e-01 5.422459e-01
5.670000e-01 5.453848e-01
5.676000e-01 5.476444e-01
5.682000e-01 5.490699e-01
5.688000e-01 5.497198e-01
5.694000e-01 5.496619e-01
5.700000e-01 5.489707e-01
5.706000e-01 5.477240e-01
5.712000e-01 5.460013e-01
5.718000e-01 5.438814e-01
5.724000e-01 5.414408e-01
5.730000e-01 5.387524e-01
5.736000e-01 5.358841e-01
5.742000e-01 5.328983e-01
5.748000e-01 5.298506e-01
5.754000e-01 5.267892e-01
5.760000e-01 5.237547e-01
5.766000e-01 5.207794e-01
5.772000e-01 5.178877e-01
5.778000e-01 5.150955e-01
5.784000e-01 5.124113e-01
5.790000e-01 5.098362e-01
5.796000e-01 5.073649e-01
5.802000e-01 5.049871e-01
5.808000e-01 5.026889e-01
5.814000e-01 5.004541e-01
5.820000e-01 4.982664e-01
5.826000e-01 4.961114e-01
5.832000e-01 4.939781e-01
5.838000e-01 4.918613e-01
5.844000e-01 4.897628e-01
5.850000e-01 4.876932e-01
5.856000e-01 4.856725e-01
5.862000e-01 4.837313e-01
5.868000e-01 4.819107e-01
5.874000e-01 4.802629e-01
5.880000e-01 4.788503e-01
5.886000e-01 4.777455e-01
5.892000e-01 4.770303e-01
5.898000e-01 4.767945e-01
5.904000e-01 4.771350e-01
5.910000e-01 4.781539e-01
5.916000e-01 4.799563e-01
5.922000e-01 4.826474e-01
5.928000e-01 4.863290e-01
5.934000e-01 4.910942e-01
5.940000e-01 4.970216e-01
5.946000e-01 5.041663e-01
5.952000e-01 5.125506e-01
5.958000e-01 5.221511e-01
5.964000e-01 5.328848e-01
5.970000e-01 5.445933e-01
5.976000e-01 5.570268e-01
5.982000e-01 5.698294e-01
5.988000e-01 5.825287e-01
5.994000e-01 5.945319e-01
6.000000e-01 6.051345e-01
6.006000e-01 6.135429e-01
6.012000e-01 6.189153e-01
6.018000e-01 6.204218e-01
6.024000e-01 6.173194e-01
6.030000e-01 6.090361e-01
6.036000e-01 5.952534e-01
6.042000e-01 5.759718e-01
6.048000e-01 5.515473e-01
6.054000e-01 5.226891e-01
6.060000e-01 4.904146e-01
6.066000e-01 4.559675e-01
6.072000e-01 4.207124e-01
6.078000e-01 3.860211e-01
6.084000e-01 3.531692e-01
6.090000e-01 3.232557e-01
6.096000e-01 2.971525e-01
6.102000e-01 2.754861e-01
6.108000e-01 2.586446e-01
6.114000e-01 2.468058e-01
6.120000e-01 2.399756e-01
6.126000e-01 2.380309e-01
6.132000e-01 2.407601e-01
6.138000e-01 2.478986e-01
6.144000e-01 2.591569e-01
6.150000e-01 2.742407e-01
6.156000e-01 2.928643e-01
6.162000e-01 3.147571e-01
6.168000e-01 3.396662e-01
6.174000e-01 3.673547e-01
6.180000e-01 3.975976e-01
6.186000e-01 4.301770e-01
6.192000e-01 4.648760e-01
6.198000e-01 5.014734e-01
6.204000e-01 5.397388e-01
6.210000e-01 5.794289e-01
6.216000e-01 6.202849e-01
6.222000e-01 6.620318e-01
6.228000e-01 7.043782e-01
6.234000e-01 7.470177e-01
6.240000e-01 7.896305e-01
6.246000e-01 8.318855e-01
6.252000e-01 8.734418e-01
6.258000e-01 9.139493e-01
6.264000e-01 9.530490e-01
6.270000e-01 9.903716e-01
6.276000e-01 1.025537e+00
6.282000e-01 1.058152e+00
6.288000e-01 1.087818e+00
6.294000e-01 1.114131e+00
6.300000e-01 1.136701e+00
6.306000e-01 1.155169e+00
6.312000e-01 1.169238e+00
6.318000e-01 1.178704e+00
6.324000e-01 1.183486e+00
6.330000e-01 1.183655e+00
6.336000e-01 1.179449e+00
6.342000e-01 1.171264e+00
6.348000e-01 1.159638e+00
6.354000e-01 1.145213e+00
6.360000e-01 1.128685e+00
6.366000e-01 1.110754e+00
6.372000e-01 1.092085e+00
6.378000e-01 1.073265e+00
6.384000e-01 1.054785e+00
6.390000e-01 1.037031e+00
6.396000e-01 1.020279e+00
6.402000e-01 1.004708e+00
6.408000e-01 9.904118e-01
6.414000e-01 9.774099e-01
6.420000e-01 9.656659e-01
6.426000e-01 9.550999e-01
6.432000e-01 9.456009e-01
6.438000e-01 9.370371e-01
6.444000e-01 9.292650e-01
6.450000e-01 9.221363e-01
6.456000e-01 9.155040e-01
6.462000e-01 9.092262e-01
6.468000e-01 9.031706e-01
6.474000e-01 8.972163e-01
6.480000e-01 8.912557e-01
6.486000e-01 8.851958e-01
6.492000e-01 8.789585e-01
6.498000e-01 8.724801e-01
6.504000e-01 8.657113e-01
6.510000e-01 8.586158e-01
6.516000e-01 8.511688e-01
6.522000e-01 8.433559e-01
6.528000e-01 8.351711e-01
6.534000e-01 8.266151e-01
6.540000e-01 8.176935e-01
6.546000e-01 8.084151e-01
6.552000e-01 7.987909e-01
6.558000e-01 7.888323e-01
6.564000e-01 7.785505e-01
6.570000e-01 7.679560e-01
6.576000e-01 7.570584e-01
6.582000e-01 7.458665e-01
6.588000e-01 7.343897e-01
6.594000e-01 7.226385e-01
6.600000e-01 7.106270e-01
6.606000e-01 6.983740e-01
6.612000e-01 6.859061e-01
6.618000e-01 6.732593e-01
6.624000e-01 6.604810e-01
6.630000e-01 6.476312e-01
6.636000e-01 6.347833e-01
6.642000e-01 6.220235e-01
6.648000e-01 6.094496e-01
6.654000e-01 5.971687e-01
6.660000e-01 5.852947e-01
6.666000e-01 5.739446e-01
6.672000e-01 5.632356e-01
6.678000e-01 5.532818e-01
6.684000e-01 5.441915e-01
6.690000e-01 5.360649e-01
6.696000e-01 5.289926e-01
6.702000e-01 5.230546e-01
6.708000e-01 5.183195e-01
6.714000e-01 5.148444e-01
6.720000e-01 5.126747e-01
6.726000e-01 5.118444e-01
6.732000e-01 5.123760e-01
6.738000e-01 5.142796e-01
6.744000e-01 5.175530e-01
6.750000e-01 5.221795e-01
6.756000e-01 5.281272e-01
6.762000e-01 5.353454e-01
6.768000e-01 5.437622e-01
6.774000e-01 5.532806e-01
6.780000e-01 5.637740e-01
6.786000e-01 5.750818e-01
6.792000e-01 5.870059e-01
6.798000e-01 5.993070e-01
6.804000e-01 6.117043e-01
6.810000e-01 6.238783e-01
6.816000e-01 6.354796e-01
6.822000e-01 6.461444e-01
6.828000e-01 6.555193e-01
6.834000e-01 6.632955e-01
6.840000e-01 6.692506e-01
6.846000e-01 6.732937e-01
6.852000e-01 6.755060e-01
6.858000e-01 6.761655e-01
6.864000e-01 6.757440e-01
6.870000e-01 6.748681e-01
6.876000e-01 6.742438e-01
6.882000e-01 6.745570e-01
6.888000e-01 6.763764e-01
6.894000e-01 6.801054e-01
6.900000e-01 6.861419e-01
6.906000e-01 6.852613e-01
6.912000e-01 6.883859e-01
6.918000e-01 6.944616e-01
6.924000e-01 7.008374e-01
6.930000e-01 7.056882e-01
6.936000e-01 7.073233e-01
6.942000e-01 7.040747e-01
6.948000e-01 6.943033e-01
6.954000e-01 6.764938e-01
6.960000e-01 6.494713e-01
6.966000e-01 6.127824e-01
6.972000e-01 5.672552e-01
6.978000e-01 5.156649e-01
6.984000e-01 4.632627e-01
6.990000e-01 4.177268e-01
6.996000e-01 3.880359e-01
7.002000e-01 3.821069e-01
7.008000e-01 4.038634e-01
7.014000e-01 4.512189e-01
7.020000e-01 5.163641e-01
7.026000e-01 5.884250e-01
7.032000e-01 6.570275e-01
7.038000e-01 7.149390e-01
7.044000e-01 7.589031e-01
7.050000e-01 7.889816e-01
7.056000e-01 8.072601e-01
7.062000e-01 8.166256e-01
7.068000e-01 8.199326e-01
7.074000e-01 8.195747e-01
7.080000e-01 8.173463e-01
7.086000e-01 8.144690e-01
7.092000e-01 8.116882e-01
7.098000e-01 8.093878e-01
7.104000e-01 8.076946e-01
7.110000e-01 8.065651e-01
7.116000e-01 8.058528e-01
7.122000e-01 8.053579e-01
7.128000e-01 8.048647e-01
7.134000e-01 8.041671e-01
7.140000e-01 8.030862e-01
7.146000e-01 8.014818e-01
7.152000e-01 7.992583e-01
7.158000e-01 7.963664e-01
7.164000e-01 7.928018e-01
7.170000e-01 7.886009e-01
7.176000e-01 7.838347e-01
7.182000e-01 7.786014e-01
7.188000e-01 7.730186e-01
7.194000e-01 7.672147e-01
7.200000e-01 7.613217e-01
7.206000e-01 7.554684e-01
7.212000e-01 7.497744e-01
7.218000e-01 7.443459e-01
7.224000e-01 7.392729e-01
7.230000e-01 7.346272e-01
7.236000e-01 7.304621e-01
7.242000e-01 7.268126e-01
7.248000e-01 7.236970e-01
7.254000e-01 7.211183e-01
7.260000e-01 7.190668e-01
7.266000e-01 7.175221e-01
7.272000e-01 7.164556e-01
7.278000e-01 7.158328e-01
7.284000e-01 7.156157e-01
7.290000e-01 7.157640e-01
7.296000e-01 7.162374e-01
7.302000e-01 7.169963e-01
7.308000e-01 7.180036e-01
7.314000e-01 7.192248e-01
7.320000e-01 7.206289e-01
7.326000e-01 7.221886e-01
7.332000e-01 7.238807e-01
7.338000e-01 7.256858e-01
7.344000e-01 7.275885e-01
7.350000e-01 7.295771e-01
7.356000e-01 7.316430e-01
7.362000e-01 7.337807e-01
7.368000e-01 7.359874e-01
7.374000e-01 7.382620e-01
7.380000e-01 7.406052e-01
7.386000e-01 7.430184e-01
7.392000e-01 7.455034e-01
7.398000e-01 7.480616e-01
7.404000e-01 7.506927e-01
7.410000e-01 7.533944e-01
7.416000e-01 7.561610e-01
7.422000e-01 7.589819e-01
7.428000e-01 7.618401e-01
7.434000e-01 7.647104e-01
7.440000e-01 7.675567e-01
7.446000e-01 7.703292e-01
7.452000e-01 7.729605e-01
7.458000e-01 7.753612e-01
7.464000e-01 7.774139e-01
7.470000e-01 7.789664e-01
7.476000e-01 7.798233e-01
7.482000e-01 7.797359e-01
7.488000e-01 7.783916e-01
7.494000e-01 7.754035e-01
7.500000e-01 7.703019e-01
7.506000e-01 7.625342e-01
7.512000e-01 7.514799e-01
7.518000e-01 7.364963e-01
7.524000e-01 7.170131e-01
7.530000e-01 6.927002e-01
7.536000e-01 6.637222e-01
7.542000e-01 6.310630e-01
7.548000e-01 5.968250e-01
7.554000e-01 5.643059e-01
7.560000e-01 5.375974e-01
7.566000e-01 5.205750e-01
7.572000e-01 5.155494e-01
7.578000e-01 5.222772e-01
7.584000e-01 5.380156e-01
7.590000e-01 5.586433e-01
7.596000e-01 5.801481e-01
7.602000e-01 5.996691e-01
7.608000e-01 6.157817e-01
7.614000e-01 6.282258e-01
7.620000e-01 6.374383e-01
7.626000e-01 6.441412e-01
7.632000e-01 6.490720e-01
7.638000e-01 6.528446e-01
7.644000e-01 6.558986e-01
7.650000e-01 6.584968e-01
7.656000e-01 6.607457e-01
7.662000e-01 6.626237e-01
7.668000e-01 6.640101e-01
7.674000e-01 6.647108e-01
7.680000e-01 6.644796e-01
7.686000e-01 6.630348e-01
7.692000e-01 6.600733e-01
7.698000e-01 6.552838e-01
7.704000e-01 6.483647e-01
7.710000e-01 6.390511e-01
7.716000e-01 6.271601e-01
7.722000e-01 6.126641e-01
7.728000e-01 5.957981e-01
7.734000e-01 5.772072e-01
7.740000e-01 5.581186e-01
7.746000e-01 5.404980e-01
7.752000e-01 5.271035e-01
7.758000e-01 5.213106e-01
7.764000e-01 5.265854e-01
7.770000e-01 5.455925e-01
7.776000e-01 5.791543e-01
7.782000e-01 6.255254e-01
7.788000e-01 6.804730e-01
7.794000e-01 7.382990e-01
7.800000e-01 7.933878e-01
7.806000e-01 8.415560e-01
7.812000e-01 8.806694e-01
7.818000e-01 9.104788e-01
7.824000e-01 9.319946e-01
7.830000e-01 9.467848e-01
7.836000e-01 9.564405e-01
7.842000e-01 9.622764e-01
7.848000e-01 9.652307e-01
7.854000e-01 9.658902e-01
7.860000e-01 9.645798e-01
7.866000e-01 9.614720e-01
7.872000e-01 9.566896e-01
7.878000e-01 9.503878e-01
7.884000e-01 9.428075e-01
7.890000e-01 9.342945e-01
7.896000e-01 9.252871e-01
7.902000e-01 9.162755e-01
7.908000e-01 9.077448e-01
7.914000e-01 9.001148e-01
7.920000e-01 8.936895e-01
7.926000e-01 8.886271e-01
7.932000e-01 8.849345e-01
7.938000e-01 8.824850e-01
7.944000e-01 8.810514e-01
7.950000e-01 8.803459e-01
7.956000e-01 8.800600e-01
7.962000e-01 8.798961e-01
7.968000e-01 8.795894e-01
7.974000e-01 8.789203e-01
7.980000e-01 8.777175e-01
7.986000e-01 8.758552e-01
7.992000e-01 8.732466e-01
7.998000e-01 8.698365e-01
8.004000e-01 8.655935e-01
8.010000e-01 8.605034e-01
8.016000e-01 8.545644e-01
8.022000e-01 8.477845e-01
8.028000e-01 8.401801e-01
8.034000e-01 8.317766e-01
8.040000e-01 8.226100e-01
8.046000e-01 8.127295e-01
8.052000e-01 8.022009e-01
8.058000e-01 7.911095e-01
8.064000e-01 7.795636e-01
8.070000e-01 7.676968e-01
8.076000e-01 7.556693e-01
8.082000e-01 7.436679e-01
8.088000e-01 7.319048e-01
8.094000e-01 7.206140e-01
8.100000e-01 7.100463e-01
8.106000e-01 7.004626e-01
8.112000e-01 6.921256e-01
8.118000e-01 6.852901e-01
8.124000e-01 6.801938e-01
8.130000e-01 6.770463e-01
8.136000e-01 6.760195e-01
8.142000e-01 6.772385e-01
8.148000e-01 6.807726e-01
8.154000e-01 6.866280e-01
8.160000e-01 6.947405e-01
8.166000e-01 7.049694e-01
8.172000e-01 7.170909e-01
8.178000e-01 7.307926e-01
8.184000e-01 7.456691e-01
8.190000e-01 7.612191e-01
8.196000e-01 7.768496e-01
8.202000e-01 7.918874e-01
8.208000e-01 8.056085e-01
8.214000e-01 8.172891e-01
8.220000e-01 8.262864e-01
8.226000e-01 8.321517e-01
8.232000e-01 8.347669e-01
8.238000e-01 8.344823e-01
8.244000e-01 8.322113e-01
8.250000e-01 8.294258e-01
8.256000e-01 8.279996e-01
8.262000e-01 8.298907e-01
8.268000e-01 8.367164e-01
8.274000e-01 8.493494e-01
8.280000e-01 8.676818e-01
8.286000e-01 8.906572e-01
8.292000e-01 9.165586e-01
8.298000e-01 9.434420e-01
8.304000e-01 9.695610e-01
8.310000e-01 9.936629e-01
8.316000e-01 1.015109e+00
8.322000e-01 1.033839e+00
8.328000e-01 1.050233e+00
8.334000e-01 1.064924e+00
8.340000e-01 1.078591e+00
8.346000e-01 1.091746e+00
8.352000e-01 1.104506e+00
8.358000e-01 1.116343e+00
8.364000e-01 1.125825e+00
8.370000e-01 1.130436e+00
8.376000e-01 1.126675e+00
8.382000e-01 1.110719e+00
8.388000e-01 1.079923e+00
8.394000e-01 1.034892e+00
8.400000e-01 9.809525e-01
8.406000e-01 9.273762e-01
8.412000e-01 8.838770e-01
8.418000e-01 8.564395e-01
8.424000e-01 8.454383e-01
8.430000e-01 8.469414e-01
8.436000e-01 8.555096e-01
8.442000e-01 8.664363e-01
8.448000e-01 8.766591e-01
8.454000e-01 8.846794e-01
8.460000e-01 8.900867e-01
8.466000e-01 8.930775e-01
8.472000e-01 8.941099e-01
8.478000e-01 8.937018e-01
8.484000e-01 8.923307e-01
8.490000e-01 8.903958e-01
8.496000e-01 8.882117e-01
8.502000e-01 8.860168e-01
8.508000e-01 8.839863e-01
8.514000e-01 8.822461e-01
8.520000e-01 8.808840e-01
8.526000e-01 8.799601e-01
8.532000e-01 8.795136e-01
8.538000e-01 8.795691e-01
8.544000e-01 8.801401e-01
8.550000e-01 8.812319e-01
8.556000e-01 8.828431e-01
8.562000e-01 8.849662e-01
8.568000e-01 8.875872e-01
8.574000e-01 8.906849e-01
8.580000e-01 8.942284e-01
8.586000e-01 8.981753e-01
8.592000e-01 9.024690e-01
8.598000e-01 9.070367e-01
8.604000e-01 9.117893e-01
8.610000e-01 9.166238e-01
8.616000e-01 9.214315e-01
8.622000e-01 9.261128e-01
8.628000e-01 9.305994e-01
8.634000e-01 9.348808e-01
8.640000e-01 9.390295e-01
8.646000e-01 9.432121e-01
8.652000e-01 9.476743e-01
8.658000e-01 9.526942e-01
8.664000e-01 9.585119e-01
8.670000e-01 9.652591e-01
8.676000e-01 9.729174e-01
8.682000e-01 9.813247e-01
8.688000e-01 9.902238e-01
8.694000e-01 9.993326e-01
8.700000e-01 1.008408e+00
8.706000e-01 1.017286e+00
8.712000e-01 1.025890e+00
8.718000e-01 1.034226e+00
8.724000e-01 1.042357e+00
8.730000e-01 1.050382e+00
8.736000e-01 1.058415e+00
8.742000e-01 1.066572e+00
8.748000e-01 1.074960e+00
8.754000e-01 1.083674e+00
8.760000e-01 1.092795e+00
8.766000e-01 1.102390e+00
8.772000e-01 1.112515e+00
8.778000e-01 1.123216e+00
8.784000e-01 1.134532e+00
8.790000e-01 1.146494e+00
8.796000e-01 1.159125e+00
8.802000e-01 1.172438e+00
8.808000e-01 1.186429e+00
8.814000e-01 1.201075e+00
8.820000e-01 1.216316e+00
8.826000e-01 1.232054e+00
8.832000e-01 1.248137e+00
8.838000e-01 1.264355e+00
8.844000e-01 1.280442e+00
8.850000e-01 1.296078e+00
8.856000e-01 1.310907e+00
8.862000e-01 1.324563e+00
8.868000e-01 1.336696e+00
8.874000e-01 1.347007e+00
8.880000e-01 1.355272e+00
8.886000e-01 1.361363e+00
8.892000e-01 1.365261e+00
8.898000e-01 1.367049e+00
8.904000e-01 1.366904e+00
8.910000e-01 1.365078e+00
8.916000e-01 1.361872e+00
8.922000e-01 1.357611e+00
8.928000e-01 1.352620e+00
8.934000e-01 1.347204e+00
8.940000e-01 1.341621e+00
8.946000e-01 1.336069e+00
8.952000e-01 1.330665e+00
8.958000e-01 1.325420e+00
8.964000e-01 1.320222e+00
8.970000e-01 1.314809e+00
8.976000e-01 1.308749e+00
8.982000e-01 1.301439e+00
8.988000e-01 1.292134e+00
8.994000e-01 1.280034e+00
9.000000e-01 1.264437e+00
9.006000e-01 1.244931e+00
9.012000e-01 1.221580e+00
9.018000e-01 1.195001e+00
9.024000e-01 1.166317e+00
9.030000e-01 1.136954e+00
9.036000e-01 1.108370e+00
9.042000e-01 1.081772e+00
9.048000e-01 1.057955e+00
9.054000e-01 1.037283e+00
9.060000e-01 1.019781e+00
9.066000e-01 1.005289e+00
9.072000e-01 9.935914e-01
9.078000e-01 9.845155e-01
9.084000e-01 9.779908e-01
9.090000e-01 9.740706e-01
9.096000e-01 9.729282e-01
9.102000e-01 9.748306e-01
9.108000e-01 9.800915e-01
9.114000e-01 9.890035e-01
9.120000e-01 1.001748e+00
9.126000e-01 1.018283e+00
9.132000e-01 1.038196e+00
9.138000e-01 1.060534e+00
9.144000e-01 1.083591e+00
9.150000e-01 1.104669e+00
9.156000e-01 1.119870e+00
9.162000e-01 1.124064e+00
9.168000e-01 1.111434e+00
9.174000e-01 1.077273e+00
9.180000e-01 1.021840e+00
9.186000e-01 9.548685e-01
9.192000e-01 9.162527e-01
9.198000e-01 9.450666e-01
9.204000e-01 9.841670e-01
9.210000e-01 1.021436e+00
9.216000e-01 1.052727e+00
9.222000e-01 1.077452e+00
9.228000e-01 1.096490e+00
9.234000e-01 1.111142e+00
9.240000e-01 1.122662e+00
9.246000e-01 1.132087e+00
9.252000e-01 1.140205e+00
9.258000e-01 1.147583e+00
9.264000e-01 1.154608e+00
9.270000e-01 1.161529e+00
9.276000e-01 1.168491e+00
9.282000e-01 1.175562e+00
9.288000e-01 1.182752e+00
9.294000e-01 1.190021e+00
9.300000e-01 1.197292e+00
9.306000e-01 1.204449e+00
9.312000e-01 1.211339e+00
9.318000e-01 1.217771e+00
9.324000e-01 1.223510e+00
9.330000e-01 1.228275e+00
9.336000e-01 1.231734e+00
9.342000e-01 1.233505e+00
9.348000e-01 1.233163e+00
9.354000e-01 1.230250e+00
9.360000e-01 1.224305e+00
9.366000e-01 1.214899e+00
9.372000e-01 1.201686e+00
9.378000e-01 1.184461e+00
9.384000e-01 1.163212e+00
9.390000e-01 1.138160e+00
9.396000e-01 1.109774e+00
9.402000e-01 1.078746e+00
9.408000e-01 1.045939e+00
9.414000e-01 1.012301e+00
9.420000e-01 9.787773e-01
9.426000e-01 9.462247e-01
9.432000e-01 9.153455e-01
9.438000e-01 8.866537e-01
9.444000e-01 8.604662e-01
9.450000e-01 8.369184e-01
9.456000e-01 8.159941e-01
9.462000e-01 7.975620e-01
9.468000e-01 7.814118e-01
9.474000e-01 7.672863e-01
9.480000e-01 7.549079e-01
9.486000e-01 7.439968e-01
9.492000e-01 7.342847e-01
9.498000e-01 7.255222e-01
9.504000e-01 7.174831e-01
9.510000e-01 7.099656e-01
9.516000e-01 7.027922e-01
9.522000e-01 6.958077e-01
9.528000e-01 6.888775e-01
9.534000e-01 6.818854e-01
9.540000e-01 6.747316e-01
9.546000e-01 6.673309e-01
9.552000e-01 6.596112e-01
9.558000e-01 6.515123e-01
9.564000e-01 6.429855e-01
9.570000e-01 6.339933e-01
9.576000e-01 6.245095e-01
9.582000e-01 6.145195e-01
9.588000e-01 6.040215e-01
9.594000e-01 5.930276e-01
9.600000e-01 5.815650e-01
9.606000e-01 5.696778e-01
9.612000e-01 5.574289e-01
9.618000e-01 5.449016e-01
9.624000e-01 5.322011e-01
9.630000e-01 5.194567e-01
9.636000e-01 5.068222e-01
9.642000e-01 4.944772e-01
9.648000e-01 4.826270e-01
9.654000e-01 4.715024e-01
9.660000e-01 4.613576e-01
9.666000e-01 4.524689e-01
9.672000e-01 4.451313e-01
9.678000e-01 4.396548e-01
9.684000e-01 4.363601e-01
9.690000e-01 4.355740e-01
9.696000e-01 4.376244e-01
9.702000e-01 4.428351e-01
9.708000e-01 4.515207e-01
9.714000e-01 4.639817e-01
9.720000e-01 4.804978e-01
9.726000e-01 5.013211e-01
9.732000e-01 5.266654e-01
9.738000e-01 5.566904e-01
9.744000e-01 5.914780e-01
9.750000e-01 6.309960e-01
9.756000e-01 6.750459e-01
9.762000e-01 7.231900e-01
9.768000e-01 7.746574e-01
9.774000e-01 8.282343e-01
9.780000e-01 8.821579e-01
9.786000e-01 9.340524e-01
9.792000e-01 9.809679e-01
9.798000e-01 1.019597e+00
9.804000e-01 1.046714e+00
9.810000e-01 1.059818e+00
9.816000e-01 1.057802e+00
9.822000e-01 1.041423e+00
9.828000e-01 1.013306e+00
9.834000e-01 9.774546e-01
9.840000e-01 9.384265e-01
9.846000e-01 9.005005e-01
9.852000e-01 8.670748e-01
9.858000e-01 8.404010e-01
9.864000e-01 8.215983e-01
9.870000e-01 8.108326e-01
9.876000e-01 8.075552e-01
9.882000e-01 8.107318e-01
9.888000e-01 8.190344e-01
9.894000e-01 8.309916e-01
9.900000e-01 8.451028e-01
9.906000e-01 8.599233e-01
9.912000e-01 8.741283e-01
9.918000e-01 8.865568e-01
9.924000e-01 8.962382e-01
9.930000e-01 9.024026e-01
9.936000e-01 9.044776e-01
9.942000e-01 9.020730e-01
9.948000e-01 8.949587e-01
9.954000e-01 8.830402e-01
9.960000e-01 8.663350e-01
9.966000e-01 8.449547e-01
9.972000e-01 8.190948e-01
9.978000e-01 7.890339e-01
9.984000e-01 7.551412e-01
9.990000e-01 7.178925e-01
9.996000e-01 6.778902e-01
1.000200e+00 6.358845e-01
1.000800e+00 5.927896e-01
1.001400e+00 5.496906e-01
1.002000e+00 5.078330e-01
1.002600e+00 4.685915e-01
1.003200e+00 4.334142e-01
1.003800e+00 4.037420e-01
1.004400e+00 3.809088e-01
1.005000e+00 3.660320e-01
1.005600e+00 3.599052e-01
1.006200e+00 3.629116e-01
1.006800e+00 3.749701e-01
1.007400e+00 3.955265e-01
1.008000e+00 4.235925e-01
1.008600e+00 4.578287e-01
1.009200e+00 4.966590e-01
1.009800e+00 5.384015e-01
1.010400e+00 5.813968e-01
1.011000e+00 6.241204e-01
1.011600e+00 6.652669e-01
1.012200e+00 7.038034e-01
1.012800e+00 7.389915e-01
1.013400e+00 7.703820e-01
1.014000e+00 7.977911e-01
1.014600e+00 8.212631e-01
1.015200e+00 8.410276e-01
1.015800e+00 8.574560e-01
1.016400e+00 8.710204e-01
1.017000e+00 8.822580e-01
1.017600e+00 8.917393e-01
1.018200e+00 9.000412e-01
1.018800e+00 9.077221e-01
1.019400e+00 9.152952e-01
1.020000e+00 9.231972e-01
1.020600e+00 9.317434e-01
1.021200e+00 9.410632e-01
1.021800e+00 9.510011e-01
1.022400e+00 9.609705e-01
1.023000e+00 9.697457e-01
1.023600e+00 9.751924e-01
1.024200e+00 9.739865e-01
1.024800e+00 9.614930e-01
1.025400e+00 9.322282e-01
1.026000e+00 8.816395e-01
1.026600e+00 8.098794e-01
1.027200e+00 7.266448e-01
1.027800e+00 6.524071e-01
1.028400e+00 6.097783e-01
1.029000e+00 6.077323e-01
1.029600e+00 6.344102e-01
1.030200e+00 6.672717e-01
1.030800e+00 6.883634e-01
1.031400e+00 6.906329e-01
1.032000e+00 6.754727e-01
1.032600e+00 6.480855e-01
1.033200e+00 6.142945e-01
1.033800e+00 5.790672e-01
1.034400e+00 5.460385e-01
1.035000e+00 5.174929e-01
1.035600e+00 4.945445e-01
1.036200e+00 4.774008e-01
1.036800e+00 4.656452e-01
1.037400e+00 4.584935e-01
1.038000e+00 4.549994e-01
1.038600e+00 4.541987e-01
1.039200e+00 4.551989e-01
1.039800e+00 4.572222e-01
1.040400e+00 4.596188e-01
1.041000e+00 4.618599e-01
1.041600e+00 4.635220e-01
1.042200e+00 4.642682e-01
1.042800e+00 4.638310e-01
1.043400e+00 4.620001e-01
1.044000e+00 4.586171e-01
1.044600e+00 4.535801e-01
1.045200e+00 4.468597e-01
1.045800e+00 4.385299e-01
1.046400e+00 4.288171e-01
1.047000e+00 4.181691e-01
1.047600e+00 4.073417e-01
1.048200e+00 3.974959e-01
1.048800e+00 3.902809e-01
1.049400e+00 3.878624e-01
1.050000e+00 3.928322e-01
1.050600e+00 4.079286e-01
1.051200e+00 4.355226e-01
1.051800e+00 4.769120e-01
1.052400e+00 5.316064e-01
1.053000e+00 5.969064e-01
1.053600e+00 6.680775e-01
1.054200e+00 7.392035e-01
1.054800e+00 8.044674e-01
1.055400e+00 8.593734e-01
1.056000e+00 9.014638e-01
1.056600e+00 9.303746e-01
1.057200e+00 9.473775e-01
1.057800e+00 9.547046e-01
1.058400e+00 9.549173e-01
1.059000e+00 9.504576e-01
1.059600e+00 9.434032e-01
1.060200e+00 9.353839e-01
1.060800e+00 9.275988e-01
1.061400e+00 9.208822e-01
1.062000e+00 9.157846e-01
1.062600e+00 9.126490e-01
1.063200e+00 9.116752e-01
1.063800e+00 9.129688e-01
1.064400e+00 9.165776e-01
1.065000e+00 9.225170e-01
1.065600e+00 9.307859e-01
1.066200e+00 9.413761e-01
1.066800e+00 9.542761e-01
1.067400e+00 9.694687e-01
1.068000e+00 9.869250e-01
1.068600e+00 1.006592e+00
1.069200e+00 1.028372e+00
1.069800e+00 1.052099e+00
1.070400e+00 1.077494e+00
1.071000e+00 1.104117e+00
1.071600e+00 1.131302e+00
1.072200e+00 1.158071e+00
1.072800e+00 1.183045e+00
1.073400e+00 1.204357e+00
1.074000e+00 1.219604e+00
1.074600e+00 1.225892e+00
1.075200e+00 1.220051e+00
1.075800e+00 1.199137e+00
1.076400e+00 1.161260e+00
1.077000e+00 1.106699e+00
1.077600e+00 1.038994e+00
1.078200e+00 9.654219e-01
1.078800e+00 8.962246e-01
1.079400e+00 8.423422e-01
1.080000e+00 8.123166e-01
1.080600e+00 8.097614e-01
1.081200e+00 8.326619e-01
1.081800e+00 8.747109e-01
1.082400e+00 9.277578e-01
1.083000e+00 9.841196e-01
1.083600e+00 1.037975e+00
1.084200e+00 1.085753e+00
1.084800e+00 1.125853e+00
1.085400e+00 1.158084e+00
1.086000e+00 1.183107e+00
1.086600e+00 1.202003e+00
1.087200e+00 1.215988e+00
1.087800e+00 1.226251e+00
1.088400e+00 1.233878e+00
1.089000e+00 1.239822e+00
1.089600e+00 1.244895e+00
1.090200e+00 1.249762e+00
1.090800e+00 1.254928e+00
1.091400e+00 1.260705e+00
1.092000e+00 1.267182e+00
1.092600e+00 1.274189e+00
1.093200e+00 1.281295e+00
1.093800e+00 1.287842e+00
1.094400e+00 1.293037e+00
1.095000e+00 1.296076e+00
1.095600e+00 1.296286e+00
1.096200e+00 1.293230e+00
1.096800e+00 1.286775e+00
1.097400e+00 1.277082e+00
1.098000e+00 1.264553e+00
1.098600e+00 1.249750e+00
1.099200e+00 1.233306e+00
1.099800e+00 1.215849e+00
1.100400e+00 1.197950e+00
1.101000e+00 1.180095e+00
1.101600e+00 1.162668e+00
1.102200e+00 1.145957e+00
1.102800e+00 1.130162e+00
1.103400e+00 1.115410e+00
1.104000e+00 1.101768e+00
1.104600e+00 1.089258e+00
1.105200e+00 1.077869e+00
1.105800e+00 1.067568e+00
1.106400e+00 1.058310e+00
1.107000e+00 1.050041e+00
1.107600e+00 1.042711e+00
1.108200e+00 1.036275e+00
1.108800e+00 1.030695e+00
1.109400e+00 1.025950e+00
1.110000e+00 1.022034e+00
1.110600e+00 1.018960e+00
1.111200e+00 1.016763e+00
1.111800e+00 1.015496e+00
1.112400e+00 1.015228e+00
1.113000e+00 1.016044e+00
1.113600e+00 1.018029e+00
1.114200e+00 1.021264e+00
1.114800e+00 1.025809e+00
1.115400e+00 1.031684e+00
1.116000e+00 1.038860e+00
1.116600e+00 1.047240e+00
1.117200e+00 1.056648e+00
1.117800e+00 1.066831e+00
1.118400e+00 1.077460e+00
1.119000e+00 1.088149e+00
1.119600e+00 1.098473e+00
1.120200e+00 1.108001e+00
1.120800e+00 1.116324e+00
1.121400e+00 1.123086e+00
1.122000e+00 1.128008e+00
1.122600e+00 1.130903e+00
1.123200e+00 1.131685e+00
1.123800e+00 1.130371e+00
1.124400e+00 1.127073e+00
1.125000e+00 1.121985e+00
1.125600e+00 1.115367e+00
1.126200e+00 1.107532e+00
1.126800e+00 1.098826e+00
1.127400e+00 1.089613e+00
1.128000e+00 1.080260e+00
1.128600e+00 1.071124e+00
1.129200e+00 1.062544e+00
1.129800e+00 1.054823e+00
1.130400e+00 1.048228e+00
1.131000e+00 1.042976e+00
1.131600e+00 1.039230e+00
1.132200e+00 1.037093e+00
1.132800e+00 1.036605e+00
1.133400e+00 1.037744e+00
1.134000e+00 1.040420e+00
1.134600e+00 1.044485e+00
1.135200e+00 1.049732e+00
1.135800e+00 1.055908e+00
1.136400e+00 1.062721e+00
1.137000e+00 1.069849e+00
1.137600e+00 1.076957e+00
1.138200e+00 1.083703e+00
1.138800e+00 1.089755e+00
1.139400e+00 1.094801e+00
1.140000e+00 1.098558e+00
1.140600e+00 1.100782e+00
1.141200e+00 1.101279e+00
1.141800e+00 1.099910e+00
1.142400e+00 1.096598e+00
1.143000e+00 1.091337e+00
1.143600e+00 1.084191e+00
1.144200e+00 1.075301e+00
1.144800e+00 1.064879e+00
1.145400e+00 1.053206e+00
1.146000e+00 1.040619e+00
1.146600e+00 1.027496e+00
1.147200e+00 1.014236e+00
1.147800e+00 1.001237e+00
1.148400e+00 9.888704e-01
1.149000e+00 9.774630e-01
1.149600e+00 9.672766e-01
1.150200e+00 9.584979e-01
1.150800e+00 9.512340e-01
1.151400e+00 9.455153e-01
1.152000e+00 9.413046e-01
1.152600e+00 9.385104e-01
1.153200e+00 9.370024e-01
1.153800e+00 9.366281e-01
1.154400e+00 9.372270e-01
1.155000e+00 9.386432e-01
1.155600e+00 9.407349e-01
1.156200e+00 9.433798e-01
1.156800e+00 9.464787e-01
1.157400e+00 9.499564e-01
1.158000e+00 9.537599e-01
1.158600e+00 9.578567e-01
1.159200e+00 9.622311e-01
1.159800e+00 9.668812e-01
1.160400e+00 9.718151e-01
1.161000e+00 9.770476e-01
1.161600e+00 9.825976e-01
1.162200e+00 9.884849e-01
1.162800e+00 9.947284e-01
1.163400e+00 1.001344e+00
1.164000e+00 1.008344e+00
1.164600e+00 1.015734e+00
1.165200e+00 1.023515e+00
1.165800e+00 1.031680e+00
1.166400e+00 1.040223e+00
1.167000e+00 1.049133e+00
1.167600e+00 1.058420e+00
1.168200e+00 1.068156e+00
1.168800e+00 1.078745e+00
1.169400e+00 1.086689e+00
1.170000e+00 1.087293e+00
1.170600e+00 1.087912e+00
1.171200e+00 1.087956e+00
1.171800e+00 1.087297e+00
1.172400e+00 1.085903e+00
1.173000e+00 1.083783e+00
1.173600e+00 1.080967e+00
1.174200e+00 1.077500e+00
1.174800e+00 1.073436e+00
1.175400e+00 1.068832e+00
1.176000e+00 1.063745e+00
1.176600e+00 1.058225e+00
1.177200e+00 1.052315e+00
1.177800e+00 1.046046e+00
1.178400e+00 1.039433e+00
1.179000e+00 1.032476e+00
1.179600e+00 1.025157e+00
1.180200e+00 1.017437e+00
1.180800e+00 1.009259e+00
1.181400e+00 1.000548e+00
1.182000e+00 9.912095e-01
1.182600e+00 9.811335e-01
1.183200e+00 9.701977e-01
1.183800e+00 9.582718e-01
1.184400e+00 9.452239e-01
1.185000e+00 9.309290e-01
1.185600e+00 9.152808e-01
1.186200e+00 8.982056e-01
1.186800e+00 8.796797e-01
1.187400e+00 8.597503e-01
1.188000e+00 8.385582e-01
1.188600e+00 8.163624e-01
1.189200e+00 7.935625e-01
1.189800e+00 7.707175e-01
1.190400e+00 7.485545e-01
1.191000e+00 7.279640e-01
1.191600e+00 7.099752e-01
1.192200e+00 6.957080e-01
1.192800e+00 6.863009e-01
1.193400e+00 6.828188e-01
1.194000e+00 6.861487e-01
1.194600e+00 6.968977e-01
1.195200e+00 7.153105e-01
1.195800e+00 7.412218e-01
1.196400e+00 7.740547e-01
1.197000e+00 8.128680e-01
1.197600e+00 8.564454e-01
1.198200e+00 9.034110e-01
1.198800e+00 9.523514e-01
1.199400e+00 1.001927e+00
