0.000000e+00 1.865100e+00
5.000000e-02 1.836101e+00
1.000000e-01 2.002645e+00
1.500000e-01 2.271006e+00
2.000000e-01 2.558974e+00
2.500000e-01 2.817162e+00
3.000000e-01 3.025891e+00
3.500000e-01 3.165488e+00
4.000000e-01 2.617337e+00
4.500000e-01 3.169918e+00
5.000000e-01 3.273124e+00
5.500000e-01 3.282647e+00
6.000000e-01 3.342565e+00
6.500000e-01 3.625843e+00
7.000000e-01 3.454683e+00
7.500000e-01 3.205235e+00
8.000000e-01 3.092188e+00
8.500000e-01 2.710362e+00
9.000000e-01 3.172768e+00
9.500000e-01 3.383287e+00
1.000000e+00 3.589388e+00
1.050000e+00 3.371079e+00
1.100000e+00 2.265769e+00
1.150000e+00 3.158331e+00
1.200000e+00 2.755890e+00
1.250000e+00 2.015943e+00
1.300000e+00 1.965026e+00
1.350000e+00 2.026376e+00
1.400000e+00 1.847434e+00
1.450000e+00 1.656675e+00
1.500000e+00 1.328234e+00
1.550000e+00 1.988897e+00
1.600000e+00 1.195993e+00
1.650000e+00 2.282394e+00
1.700000e+00 1.844722e+00
1.750000e+00 1.478690e+00
1.800000e+00 1.201433e+00
1.850000e+00 1.559441e+00
1.900000e+00 5.965387e-01
1.950000e+00 2.081171e+00
2.000000e+00 1.821793e+00
2.050000e+00 2.046464e+00
2.100000e+00 8.095201e-01
2.150000e+00 1.930418e-01
2.200000e+00 1.852630e-01
2.250000e+00 1.462779e+00
2.300000e+00 1.239894e+00
2.350000e+00 1.884759e+00
2.400000e+00 1.541170e+00
2.450000e+00 2.914132e-01
2.500000e+00 2.019206e-01
2.550000e+00 1.277837e+00
2.600000e+00 5.806335e-01
2.650000e+00 1.987694e+00
2.700000e+00 3.939782e-01
2.750000e+00 3.951521e-01
2.800000e+00 4.734164e-02
2.850000e+00 2.048448e-01
2.900000e+00 2.172254e-01
2.950000e+00 7.759483e-02
3.000000e+00 4.902190e-01
3.050000e+00 5.184262e-02
3.100000e+00 8.910217e-02
3.150000e+00 5.545298e-01
3.200000e+00 2.003766e+00
3.250000e+00 1.718696e-01
3.300000e+00 3.781331e-01
3.350000e+00 1.874501e+00
3.400000e+00 3.324040e-02
3.450000e+00 5.273496e-02
3.500000e+00 5.211097e-01
3.550000e+00 9.441529e-03
3.600000e+00 1.851428e-01
3.650000e+00 4.086423e-03
3.700000e+00 4.926762e-01
3.750000e+00 1.795740e+00
3.800000e+00 3.378702e-01
3.850000e+00 5.496981e-01
3.900000e+00 4.670728e-02
3.950000e+00 9.136140e-01
4.000000e+00 3.749396e-01
4.050000e+00 9.828267e-03
4.100000e+00 1.760978e-02
4.150000e+00 1.899288e-02
4.200000e+00 5.636241e-02
4.250000e+00 4.961882e-01
4.300000e+00 1.141522e-01
4.350000e+00 1.038430e-01
4.400000e+00 4.053343e-01
4.450000e+00 3.028059e-01
4.500000e+00 5.003689e-01
4.550000e+00 5.922277e-03
4.600000e+00 3.693559e-02
4.650000e+00 4.188896e-02
4.700000e+00 1.283127e-01
4.750000e+00 6.385256e-02
4.800000e+00 6.780625e-02
4.850000e+00 4.103239e-04
4.900000e+00 5.683268e-03
4.950000e+00 3.962031e-01
