0.000000e+00 1.865100e+00
5.000000e-02 1.879144e+00
1.000000e-01 1.939229e+00
1.500000e-01 1.979723e+00
2.000000e-01 1.966956e+00
2.500000e-01 1.964290e+00
3.000000e-01 2.105659e+00
3.500000e-01 2.407439e+00
4.000000e-01 2.751185e+00
4.500000e-01 2.997208e+00
5.000000e-01 3.157738e+00
5.500000e-01 3.465415e+00
6.000000e-01 3.988421e+00
6.500000e-01 4.557429e+00
7.000000e-01 4.912463e+00
7.500000e-01 3.213179e+00
8.000000e-01 3.470374e+00
8.500000e-01 2.971458e+00
9.000000e-01 2.622672e+00
9.500000e-01 2.129791e+00
1.000000e+00 1.572076e+00
1.050000e+00 1.208978e+00
1.100000e+00 1.116443e+00
1.150000e+00 2.191617e+00
1.200000e+00 1.995504e+00
1.250000e+00 1.759711e+00
1.300000e+00 3.119824e+00
1.350000e+00 2.372573e+00
1.400000e+00 2.483791e+00
1.450000e+00 2.049564e+00
1.500000e+00 2.471007e+00
1.550000e+00 1.563325e+00
1.600000e+00 2.203488e+00
1.650000e+00 2.006982e+00
1.700000e+00 1.130618e+00
1.750000e+00 2.131850e+00
1.800000e+00 1.775344e+00
1.850000e+00 2.426357e+00
1.900000e+00 6.743424e-01
1.950000e+00 2.070869e+00
2.000000e+00 1.208155e+00
2.050000e+00 7.248674e-01
2.100000e+00 5.169726e-01
2.150000e+00 2.268999e+00
2.200000e+00 6.744745e-01
2.250000e+00 2.814506e-01
2.300000e+00 1.697999e-01
2.350000e+00 3.244033e-01
2.400000e+00 2.776609e-01
2.450000e+00 1.119537e+00
2.500000e+00 1.391381e+00
2.550000e+00 1.098014e+00
2.600000e+00 7.748553e-01
2.650000e+00 1.351579e+00
2.700000e+00 1.603858e-02
2.750000e+00 7.177257e-01
2.800000e+00 3.630902e-01
2.850000e+00 1.558754e-01
2.900000e+00 7.806690e-01
2.950000e+00 1.415993e+00
3.000000e+00 1.089905e-01
3.050000e+00 1.310854e+00
3.100000e+00 8.044506e-02
3.150000e+00 2.370596e-01
3.200000e+00 9.475458e-01
3.250000e+00 5.750129e-02
3.300000e+00 7.896705e-01
3.350000e+00 2.337716e-02
3.400000e+00 2.295253e-02
3.450000e+00 1.137706e+00
3.500000e+00 3.058152e-01
3.550000e+00 1.241395e-01
3.600000e+00 2.580498e-01
3.650000e+00 2.987194e-02
3.700000e+00 1.622765e-02
3.750000e+00 4.349633e-03
3.800000e+00 4.949932e-02
3.850000e+00 1.883075e+00
3.900000e+00 3.514049e-01
3.950000e+00 2.526826e-02
4.000000e+00 1.033592e-01
4.050000e+00 1.889829e-03
4.100000e+00 5.595977e-01
4.150000e+00 8.012074e-02
4.200000e+00 5.622733e-01
4.250000e+00 4.217840e-01
4.300000e+00 2.323667e-01
4.350000e+00 2.291067e-02
4.400000e+00 2.392657e-02
4.450000e+00 8.800275e-03
4.500000e+00 1.521462e-02
4.550000e+00 3.773793e-02
4.600000e+00 7.569076e-03
4.650000e+00 3.171710e-03
4.700000e+00 3.923797e-02
4.750000e+00 9.575660e-05
4.800000e+00 8.303257e-04
4.850000e+00 2.646327e-03
4.900000e+00 7.293139e-03
4.950000e+00 8.494787e-05
