0.000000e+00 1.865100e+00
5.000000e-02 1.987919e+00
1.000000e-01 2.221149e+00
1.500000e-01 2.560360e+00
2.000000e-01 2.939252e+00
2.500000e-01 3.139076e+00
3.000000e-01 2.931269e+00
3.500000e-01 2.506171e+00
4.000000e-01 2.353738e+00
4.500000e-01 2.459674e+00
5.000000e-01 2.619130e+00
5.500000e-01 3.750565e+00
6.000000e-01 4.121888e+00
6.500000e-01 3.802120e+00
7.000000e-01 3.914035e+00
7.500000e-01 3.953585e+00
8.000000e-01 3.512039e+00
8.500000e-01 3.279559e+00
9.000000e-01 3.574009e+00
9.500000e-01 3.308273e+00
1.000000e+00 3.049026e+00
1.050000e+00 3.401491e+00
1.100000e+00 3.499636e+00
1.150000e+00 2.999886e+00
1.200000e+00 3.022273e+00
1.250000e+00 3.112665e+00
1.300000e+00 2.578308e+00
1.350000e+00 3.188980e+00
1.400000e+00 2.498901e+00
1.450000e+00 2.247159e+00
1.500000e+00 2.232260e+00
1.550000e+00 2.490450e+00
1.600000e+00 2.175823e+00
1.650000e+00 2.088663e+00
1.700000e+00 1.978145e+00
1.750000e+00 1.663065e+00
1.800000e+00 2.965921e+00
1.850000e+00 2.374006e+00
1.900000e+00 1.387829e+00
1.950000e+00 1.821979e+00
2.000000e+00 1.773358e+00
2.050000e+00 1.116029e+00
2.100000e+00 1.061589e+00
2.150000e+00 5.290070e-01
2.200000e+00 3.145690e-01
2.250000e+00 1.086087e+00
2.300000e+00 1.605584e+00
2.350000e+00 1.332473e+00
2.400000e+00 1.977019e+00
2.450000e+00 9.959532e-01
2.500000e+00 4.347456e-01
2.550000e+00 2.978502e-01
2.600000e+00 6.747881e-01
2.650000e+00 1.011340e+00
2.700000e+00 1.642933e-01
2.750000e+00 1.779260e-01
2.800000e+00 4.382851e-01
2.850000e+00 4.822972e-01
2.900000e+00 8.980601e-01
2.950000e+00 5.394214e-02
3.000000e+00 1.768038e-01
3.050000e+00 4.560056e-01
3.100000e+00 4.172199e-01
3.150000e+00 1.396775e-01
3.200000e+00 4.099744e-02
3.250000e+00 2.547069e-01
3.300000e+00 1.191945e+00
3.350000e+00 1.813723e-01
3.400000e+00 8.338653e-01
3.450000e+00 1.236544e-02
3.500000e+00 1.658721e-02
3.550000e+00 1.065486e+00
3.600000e+00 6.548827e-01
3.650000e+00 5.844128e-02
3.700000e+00 9.337158e-02
3.750000e+00 1.226689e+00
3.800000e+00 5.053667e-02
3.850000e+00 1.070907e-02
3.900000e+00 6.029780e-02
3.950000e+00 4.955810e-02
4.000000e+00 5.491060e-02
4.050000e+00 4.755994e-02
4.100000e+00 2.755077e-01
4.150000e+00 1.318984e-02
4.200000e+00 7.597159e-03
4.250000e+00 4.763748e-03
4.300000e+00 5.443197e-02
4.350000e+00 2.121643e-02
4.400000e+00 2.000935e-01
4.450000e+00 9.917917e-03
4.500000e+00 1.452424e-02
4.550000e+00 3.618747e-01
4.600000e+00 1.098660e-01
4.650000e+00 1.184402e-02
4.700000e+00 1.065522e-01
4.750000e+00 6.701536e-02
4.800000e+00 1.669727e-03
4.850000e+00 1.116177e-02
4.900000e+00 1.104806e-03
4.950000e+00 3.576008e-04
