0.000000e+00 1.865100e+00
5.000000e-02 1.923053e+00
1.000000e-01 2.019469e+00
1.500000e-01 2.146731e+00
2.000000e-01 2.297017e+00
2.500000e-01 2.478392e+00
3.000000e-01 2.714454e+00
3.500000e-01 3.025671e+00
4.000000e-01 3.361245e+00
4.500000e-01 2.869179e+00
5.000000e-01 4.120362e+00
5.500000e-01 4.503500e+00
6.000000e-01 3.991415e+00
6.500000e-01 2.475018e+00
7.000000e-01 2.192576e+00
7.500000e-01 2.658452e+00
8.000000e-01 2.706208e+00
8.500000e-01 3.432763e+00
9.000000e-01 3.287859e+00
9.500000e-01 3.170617e+00
1.000000e+00 2.428495e+00
1.050000e+00 2.120712e+00
1.100000e+00 1.931826e+00
1.150000e+00 2.756373e+00
1.200000e+00 3.371862e+00
1.250000e+00 1.922714e+00
1.300000e+00 1.675034e+00
1.350000e+00 1.657912e+00
1.400000e+00 2.333999e+00
1.450000e+00 2.076854e+00
1.500000e+00 2.781345e+00
1.550000e+00 2.776114e+00
1.600000e+00 2.919915e+00
1.650000e+00 1.628769e+00
1.700000e+00 2.938371e+00
1.750000e+00 1.317998e+00
1.800000e+00 8.542446e-01
1.850000e+00 6.196361e-01
1.900000e+00 3.855309e-01
1.950000e+00 1.812579e+00
2.000000e+00 2.103220e+00
2.050000e+00 2.689093e+00
2.100000e+00 2.010048e+00
2.150000e+00 9.772627e-01
2.200000e+00 1.905905e+00
2.250000e+00 9.648996e-01
2.300000e+00 1.795470e+00
2.350000e+00 1.817337e+00
2.400000e+00 1.522919e+00
2.450000e+00 6.438250e-01
2.500000e+00 1.747528e+00
2.550000e+00 2.025764e+00
2.600000e+00 1.548176e+00
2.650000e+00 5.388799e-01
2.700000e+00 1.272902e+00
2.750000e+00 2.022597e-01
2.800000e+00 1.878436e+00
2.850000e+00 5.697073e-01
2.900000e+00 2.712673e-01
2.950000e+00 1.149716e+00
3.000000e+00 1.392164e-01
3.050000e+00 2.272623e-01
3.100000e+00 1.879836e-01
3.150000e+00 1.692646e+00
3.200000e+00 1.654984e-02
3.250000e+00 3.046988e-02
3.300000e+00 1.510085e+00
3.350000e+00 3.502286e-02
3.400000e+00 8.387366e-02
3.450000e+00 3.262399e-02
3.500000e+00 2.952281e-02
3.550000e+00 2.054562e-01
3.600000e+00 9.572047e-01
3.650000e+00 5.903365e-01
3.700000e+00 3.378991e-01
3.750000e+00 8.087633e-02
3.800000e+00 7.248255e-02
3.850000e+00 3.204547e-01
3.900000e+00 1.750681e-01
3.950000e+00 1.539410e+00
4.000000e+00 1.300410e-01
4.050000e+00 1.323595e-01
4.100000e+00 5.086614e-03
4.150000e+00 2.065501e-01
4.200000e+00 1.700349e-02
4.250000e+00 8.274965e-02
4.300000e+00 6.480715e-03
4.350000e+00 2.987773e-02
4.400000e+00 4.691479e-02
4.450000e+00 4.702030e-02
4.500000e+00 8.605942e-02
4.550000e+00 9.193979e-01
4.600000e+00 3.323085e-02
4.650000e+00 1.261799e-02
4.700000e+00 8.023009e-01
4.750000e+00 9.672159e-05
4.800000e+00 1.346802e-04
4.850000e+00 6.172864e-04
4.900000e+00 2.869842e-02
4.950000e+00 7.138226e-02
