0.000000e+00 1.865100e+00
5.000000e-02 2.094150e+00
1.000000e-01 2.624237e+00
1.500000e-01 3.287780e+00
2.000000e-01 3.721847e+00
2.500000e-01 3.882280e+00
3.000000e-01 3.876195e+00
3.500000e-01 3.558580e+00
4.000000e-01 3.263011e+00
4.500000e-01 3.633749e+00
5.000000e-01 3.444284e+00
5.500000e-01 3.068677e+00
6.000000e-01 3.285304e+00
6.500000e-01 2.666254e+00
7.000000e-01 2.807200e+00
7.500000e-01 2.756338e+00
8.000000e-01 2.112032e+00
8.500000e-01 1.978488e+00
9.000000e-01 2.676411e+00
9.500000e-01 2.228064e+00
1.000000e+00 3.802584e+00
1.050000e+00 3.233399e+00
1.100000e+00 2.184529e+00
1.150000e+00 2.568017e+00
1.200000e+00 2.180102e+00
1.250000e+00 2.995698e+00
1.300000e+00 2.997431e+00
1.350000e+00 2.316392e+00
1.400000e+00 2.838173e+00
1.450000e+00 2.606531e+00
1.500000e+00 2.164640e+00
1.550000e+00 1.921017e+00
1.600000e+00 2.837307e+00
1.650000e+00 2.048086e+00
1.700000e+00 2.055999e+00
1.750000e+00 2.366632e+00
1.800000e+00 9.065101e-01
1.850000e+00 1.594413e+00
1.900000e+00 2.445464e+00
1.950000e+00 2.557357e+00
2.000000e+00 3.205649e+00
2.050000e+00 2.063029e+00
2.100000e+00 2.021789e+00
2.150000e+00 2.902074e+00
2.200000e+00 1.411443e+00
2.250000e+00 1.238892e+00
2.300000e+00 1.247853e+00
2.350000e+00 2.454260e+00
2.400000e+00 1.248721e+00
2.450000e+00 4.236443e-01
2.500000e+00 1.257604e+00
2.550000e+00 1.247936e+00
2.600000e+00 1.798686e+00
2.650000e+00 1.764336e+00
2.700000e+00 9.310056e-01
2.750000e+00 3.781966e-01
2.800000e+00 1.172316e+00
2.850000e+00 1.874204e+00
2.900000e+00 9.276274e-02
2.950000e+00 3.847397e-01
3.000000e+00 2.204976e-02
3.050000e+00 1.555464e-01
3.100000e+00 1.622296e-01
3.150000e+00 6.393488e-01
3.200000e+00 1.224932e+00
3.250000e+00 9.267282e-01
3.300000e+00 1.484042e-01
3.350000e+00 5.301240e-01
3.400000e+00 1.322823e-01
3.450000e+00 3.383113e-02
3.500000e+00 1.624683e-01
3.550000e+00 1.164661e-02
3.600000e+00 7.390526e-03
3.650000e+00 1.022203e-01
3.700000e+00 7.548624e-02
3.750000e+00 2.323807e-02
3.800000e+00 9.815728e-02
3.850000e+00 3.494459e-02
3.900000e+00 3.621037e-02
3.950000e+00 4.251991e-02
4.000000e+00 1.009801e-01
4.050000e+00 3.500305e-01
4.100000e+00 1.543717e-02
4.150000e+00 4.383756e-02
4.200000e+00 8.770668e-01
4.250000e+00 5.708726e-02
4.300000e+00 5.653328e-04
4.350000e+00 7.083768e-04
4.400000e+00 3.954415e-03
4.450000e+00 1.191249e-02
4.500000e+00 2.056570e-02
4.550000e+00 1.859800e-01
4.600000e+00 5.078356e-01
4.650000e+00 2.438856e-02
4.700000e+00 2.423140e-03
4.750000e+00 2.131165e-02
4.800000e+00 8.234348e-01
4.850000e+00 1.664890e-03
4.900000e+00 3.987611e-03
4.950000e+00 1.204474e-03
