0.000000e+00 1.865100e+00
5.000000e-02 1.901961e+00
1.000000e-01 2.147562e+00
1.500000e-01 2.613349e+00
2.000000e-01 3.287651e+00
2.500000e-01 3.595851e+00
3.000000e-01 3.371680e+00
3.500000e-01 3.897619e+00
4.000000e-01 4.293690e+00
4.500000e-01 3.220799e+00
5.000000e-01 2.523453e+00
5.500000e-01 2.435782e+00
6.000000e-01 2.649365e+00
6.500000e-01 2.884218e+00
7.000000e-01 2.520898e+00
7.500000e-01 1.458499e+00
8.000000e-01 2.706088e+00
8.500000e-01 3.894180e+00
9.000000e-01 3.833280e+00
9.500000e-01 3.353848e+00
1.000000e+00 2.779978e+00
1.050000e+00 1.919603e+00
1.100000e+00 2.503632e+00
1.150000e+00 3.290248e+00
1.200000e+00 3.558743e+00
1.250000e+00 2.119751e+00
1.300000e+00 2.504754e+00
1.350000e+00 2.442952e+00
1.400000e+00 2.814447e+00
1.450000e+00 1.460831e+00
1.500000e+00 1.797521e+00
1.550000e+00 2.684517e+00
1.600000e+00 1.436795e+00
1.650000e+00 1.285744e+00
1.700000e+00 2.037316e+00
1.750000e+00 9.632096e-01
1.800000e+00 2.124935e+00
1.850000e+00 1.832593e+00
1.900000e+00 1.342818e+00
1.950000e+00 2.581232e+00
2.000000e+00 8.803571e-01
2.050000e+00 1.056680e+00
2.100000e+00 2.098679e+00
2.150000e+00 2.505449e+00
2.200000e+00 2.095724e+00
2.250000e+00 1.800658e+00
2.300000e+00 6.627773e-01
2.350000e+00 6.471170e-01
2.400000e+00 1.192649e+00
2.450000e+00 2.075193e+00
2.500000e+00 2.135098e+00
2.550000e+00 1.333223e+00
2.600000e+00 1.989874e+00
2.650000e+00 9.578684e-01
2.700000e+00 1.878142e+00
2.750000e+00 4.075371e-01
2.800000e+00 6.418047e-01
2.850000e+00 7.703657e-01
2.900000e+00 4.989928e-01
2.950000e+00 7.463749e-01
3.000000e+00 1.510737e-01
3.050000e+00 4.067653e-01
3.100000e+00 1.838896e-01
3.150000e+00 2.893561e-01
3.200000e+00 1.155862e+00
3.250000e+00 7.997525e-01
3.300000e+00 8.339330e-01
3.350000e+00 1.333166e+00
3.400000e+00 1.826716e+00
3.450000e+00 7.506086e-02
3.500000e+00 4.496391e-01
3.550000e+00 1.791341e-01
3.600000e+00 1.480490e-01
3.650000e+00 1.893484e+00
3.700000e+00 4.771197e-01
3.750000e+00 3.996052e-01
3.800000e+00 1.178886e+00
3.850000e+00 1.307397e-02
3.900000e+00 4.360191e-02
3.950000e+00 9.392433e-03
4.000000e+00 5.295599e-01
4.050000e+00 3.167020e-03
4.100000e+00 2.488897e-01
4.150000e+00 2.371140e-04
4.200000e+00 1.390396e+00
4.250000e+00 5.033532e-02
4.300000e+00 4.089596e-02
4.350000e+00 7.854206e-02
4.400000e+00 5.330663e-03
4.450000e+00 1.487160e-01
4.500000e+00 3.995918e-02
4.550000e+00 1.033180e-02
4.600000e+00 4.279914e-01
4.650000e+00 2.340058e-02
4.700000e+00 9.329844e-04
4.750000e+00 1.025545e-02
4.800000e+00 1.009918e-02
4.850000e+00 1.178057e-01
4.900000e+00 9.686634e-02
4.950000e+00 5.559136e-03
