-5.000000e-02 8.471018e-01
-4.990000e-02 8.601090e-01
-4.980000e-02 8.771652e-01
-4.970000e-02 8.983282e-01
-4.960000e-02 9.235661e-01
-4.950000e-02 9.526341e-01
-4.940000e-02 9.848579e-01
-4.930000e-02 1.018850e+00
-4.920000e-02 1.052320e+00
-4.910000e-02 1.082272e+00
-4.900000e-02 1.105751e+00
-4.890000e-02 1.120842e+00
-4.880000e-02 1.127257e+00
-4.870000e-02 1.126172e+00
-4.860000e-02 1.119588e+00
-4.850000e-02 1.109679e+00
-4.840000e-02 1.098356e+00
-4.830000e-02 1.087014e+00
-4.820000e-02 1.076330e+00
-4.810000e-02 1.066067e+00
-4.800000e-02 1.054841e+00
-4.790000e-02 1.039966e+00
-4.780000e-02 1.017613e+00
-4.770000e-02 9.835871e-01
-4.760000e-02 9.348583e-01
-4.750000e-02 8.713178e-01
-4.740000e-02 7.965704e-01
-4.730000e-02 7.169049e-01
-4.720000e-02 6.390119e-01
-4.710000e-02 5.679823e-01
-4.700000e-02 5.065584e-01
-4.690000e-02 4.554702e-01
-4.680000e-02 4.141907e-01
-4.670000e-02 3.816201e-01
-4.660000e-02 3.565318e-01
-4.650000e-02 3.378053e-01
-4.640000e-02 3.245209e-01
-4.630000e-02 3.159807e-01
-4.620000e-02 3.116995e-01
-4.610000e-02 3.113860e-01
-4.600000e-02 3.149263e-01
-4.590000e-02 3.223727e-01
-4.580000e-02 3.339399e-01
-4.570000e-02 3.500065e-01
-4.560000e-02 3.711178e-01
-4.550000e-02 3.979832e-01
-4.540000e-02 4.314527e-01
-4.530000e-02 4.724469e-01
-4.520000e-02 5.217994e-01
-4.510000e-02 5.799545e-01
-4.500000e-02 6.464746e-01
-4.490000e-02 7.193881e-01
-4.480000e-02 7.946142e-01
-4.470000e-02 8.659826e-01
-4.460000e-02 9.264244e-01
-4.450000e-02 9.702785e-01
-4.440000e-02 9.955176e-01
-4.430000e-02 1.004327e+00
-4.420000e-02 1.001679e+00
-4.410000e-02 9.930659e-01
-4.400000e-02 9.827572e-01
-4.390000e-02 9.730580e-01
-4.380000e-02 9.643474e-01
-4.370000e-02 9.555045e-01
-4.360000e-02 9.444951e-01
-4.350000e-02 9.290308e-01
-4.340000e-02 9.072311e-01
-4.330000e-02 8.781634e-01
-4.320000e-02 8.421064e-01
-4.310000e-02 8.004543e-01
-4.300000e-02 7.553235e-01
-4.290000e-02 7.090468e-01
-4.280000e-02 6.637422e-01
-4.270000e-02 6.210620e-01
-4.260000e-02 5.821223e-01
-4.250000e-02 5.475579e-01
-4.240000e-02 5.176334e-01
-4.230000e-02 4.923632e-01
-4.220000e-02 4.716148e-01
-4.210000e-02 4.551864e-01
-4.200000e-02 4.428608e-01
-4.190000e-02 4.344405e-01
-4.180000e-02 4.297689e-01
-4.170000e-02 4.287429e-01
-4.160000e-02 4.313200e-01
-4.150000e-02 4.375222e-01
-4.140000e-02 4.474371e-01
-4.130000e-02 4.612182e-01
-4.120000e-02 4.790813e-01
-4.110000e-02 5.012985e-01
-4.100000e-02 5.281833e-01
-4.090000e-02 5.600646e-01
-4.080000e-02 5.972418e-01
-4.070000e-02 6.399103e-01
-4.060000e-02 6.880485e-01
-4.050000e-02 7.412562e-01
-4.040000e-02 7.985471e-01
-4.030000e-02 8.581274e-01
-4.020000e-02 9.172404e-01
-4.010000e-02 9.722231e-01
-4.000000e-02 1.018951e+00
-3.990000e-02 1.053772e+00
-3.980000e-02 1.074758e+00
-3.970000e-02 1.082751e+00
-3.960000e-02 1.081447e+00
-3.950000e-02 1.075890e+00
-3.940000e-02 1.069443e+00
-3.930000e-02 1.060783e+00
-3.920000e-02 1.044538e+00
-3.910000e-02 1.017142e+00
-3.900000e-02 9.817999e-01
-3.890000e-02 9.462967e-01
-3.880000e-02 9.176352e-01
-3.870000e-02 8.994448e-01
-3.860000e-02 8.922939e-01
-3.850000e-02 8.948333e-01
-3.840000e-02 9.047414e-01
-3.830000e-02 9.193604e-01
-3.820000e-02 9.361405e-01
-3.810000e-02 9.529536e-01
-3.800000e-02 9.682699e-01
-3.790000e-02 9.811882e-01
-3.780000e-02 9.913678e-01
-3.770000e-02 9.989653e-01
-3.760000e-02 1.004644e+00
-3.750000e-02 1.009593e+00
-3.740000e-02 1.015401e+00
-3.730000e-02 1.023717e+00
-3.720000e-02 1.035824e+00
-3.710000e-02 1.052282e+00
-3.700000e-02 1.072686e+00
-3.690000e-02 1.095522e+00
-3.680000e-02 1.118134e+00
-3.670000e-02 1.136908e+00
-3.660000e-02 1.147801e+00
-3.650000e-02 1.147239e+00
-3.640000e-02 1.133130e+00
-3.630000e-02 1.105549e+00
-3.620000e-02 1.066716e+00
-3.610000e-02 1.020273e+00
-3.600000e-02 9.702766e-01
-3.590000e-02 9.203439e-01
-3.580000e-02 8.732111e-01
-3.570000e-02 8.306616e-01
-3.560000e-02 7.936794e-01
-3.550000e-02 7.626778e-01
-3.540000e-02 7.377142e-01
-3.530000e-02 7.186568e-01
-3.520000e-02 7.052981e-01
-3.510000e-02 6.974256e-01
-3.500000e-02 6.948601e-01
-3.490000e-02 6.974718e-01
-3.480000e-02 7.051790e-01
-3.470000e-02 7.179325e-01
-3.460000e-02 7.356835e-01
-3.450000e-02 7.583319e-01
-3.440000e-02 7.856492e-01
-3.430000e-02 8.171700e-01
-3.420000e-02 8.520509e-01
-3.410000e-02 8.889058e-01
-3.400000e-02 9.256528e-01
-3.390000e-02 9.594398e-01
-3.380000e-02 9.867527e-01
-3.370000e-02 1.003807e+00
-3.360000e-02 1.007246e+00
-3.350000e-02 9.949877e-01
-3.340000e-02 9.668998e-01
-3.330000e-02 9.249562e-01
-3.320000e-02 8.727582e-01
-3.310000e-02 8.146465e-01
-3.300000e-02 7.547937e-01
-3.290000e-02 6.965895e-01
-3.280000e-02 6.424058e-01
-3.270000e-02 5.936564e-01
-3.260000e-02 5.510056e-01
-3.250000e-02 5.146120e-01
-3.240000e-02 4.843425e-01
-3.230000e-02 4.599358e-01
-3.220000e-02 4.411191e-01
-3.210000e-02 4.276912e-01
-3.200000e-02 4.195861e-01
-3.190000e-02 4.169327e-01
-3.180000e-02 4.201241e-01
-3.170000e-02 4.299121e-01
-3.160000e-02 4.475413e-01
-3.150000e-02 4.749382e-01
-3.140000e-02 5.149466e-01
-3.130000e-02 5.715225e-01
-3.120000e-02 6.495507e-01
-3.110000e-02 7.533311e-01
-3.100000e-02 8.818636e-01
-3.090000e-02 1.019951e+00
-3.080000e-02 1.132790e+00
-3.070000e-02 1.182981e+00
-3.060000e-02 1.164102e+00
-3.050000e-02 1.104181e+00
-3.040000e-02 1.036180e+00
-3.030000e-02 9.790587e-01
-3.020000e-02 9.388726e-01
-3.010000e-02 9.152259e-01
-3.000000e-02 9.055566e-01
-2.990000e-02 9.069969e-01
-2.980000e-02 9.169813e-01
-2.970000e-02 9.333668e-01
-2.960000e-02 9.544026e-01
-2.950000e-02 9.786665e-01
-2.940000e-02 1.004998e+00
-2.930000e-02 1.032428e+00
-2.920000e-02 1.060100e+00
-2.910000e-02 1.087181e+00
-2.900000e-02 1.112774e+00
-2.890000e-02 1.135850e+00
-2.880000e-02 1.155220e+00
-2.870000e-02 1.169580e+00
-2.860000e-02 1.177631e+00
-2.850000e-02 1.178281e+00
-2.840000e-02 1.170870e+00
-2.830000e-02 1.155372e+00
-2.820000e-02 1.132495e+00
-2.810000e-02 1.103632e+00
-2.800000e-02 1.070699e+00
-2.790000e-02 1.035883e+00
-2.780000e-02 1.001393e+00
-2.770000e-02 9.692753e-01
-2.760000e-02 9.413108e-01
-2.750000e-02 9.189924e-01
-2.740000e-02 9.035634e-01
-2.730000e-02 8.960832e-01
-2.720000e-02 8.974923e-01
-2.710000e-02 9.086499e-01
-2.700000e-02 9.303162e-01
-2.690000e-02 9.630408e-01
-2.680000e-02 1.006915e+00
-2.670000e-02 1.061147e+00
-2.660000e-02 1.123468e+00
-2.650000e-02 1.189530e+00
-2.640000e-02 1.252669e+00
-2.630000e-02 1.304625e+00
-2.620000e-02 1.337521e+00
-2.610000e-02 1.346534e+00
-2.600000e-02 1.331730e+00
-2.590000e-02 1.297803e+00
-2.580000e-02 1.251971e+00
-2.570000e-02 1.201508e+00
-2.560000e-02 1.152143e+00
-2.550000e-02 1.107578e+00
-2.540000e-02 1.069734e+00
-2.530000e-02 1.039258e+00
-2.520000e-02 1.015998e+00
-2.510000e-02 9.993637e-01
-2.500000e-02 9.885494e-01
-2.490000e-02 9.826773e-01
-2.480000e-02 9.808771e-01
-2.470000e-02 9.823383e-01
-2.460000e-02 9.863466e-01
-2.450000e-02 9.923138e-01
-2.440000e-02 9.997988e-01
-2.430000e-02 1.008517e+00
-2.420000e-02 1.018327e+00
-2.410000e-02 1.029198e+00
-2.400000e-02 1.041145e+00
-2.390000e-02 1.054152e+00
-2.380000e-02 1.068099e+00
-2.370000e-02 1.082696e+00
-2.360000e-02 1.097457e+00
-2.350000e-02 1.111715e+00
-2.340000e-02 1.124677e+00
-2.330000e-02 1.135510e+00
-2.320000e-02 1.143438e+00
-2.310000e-02 1.147832e+00
-2.300000e-02 1.148279e+00
-2.290000e-02 1.144609e+00
-2.280000e-02 1.136894e+00
-2.270000e-02 1.125415e+00
-2.260000e-02 1.110611e+00
-2.250000e-02 1.093022e+00
-2.240000e-02 1.073232e+00
-2.230000e-02 1.051827e+00
-2.220000e-02 1.029361e+00
-2.210000e-02 1.006334e+00
-2.200000e-02 9.831876e-01
-2.190000e-02 9.602956e-01
-2.180000e-02 9.379757e-01
-2.170000e-02 9.164951e-01
-2.160000e-02 8.960820e-01
-2.150000e-02 8.769383e-01
-2.140000e-02 8.592526e-01
-2.130000e-02 8.432151e-01
-2.120000e-02 8.290337e-01
-2.110000e-02 8.169530e-01
-2.100000e-02 8.072786e-01
-2.090000e-02 8.004072e-01
-2.080000e-02 7.968691e-01
-2.070000e-02 7.973856e-01
-2.060000e-02 8.029485e-01
-2.050000e-02 8.149254e-01
-2.040000e-02 8.351840e-01
-2.030000e-02 8.661929e-01
-2.020000e-02 9.109457e-01
-2.010000e-02 9.723059e-01
-2.000000e-02 1.050954e+00
-1.990000e-02 1.141173e+00
-1.980000e-02 1.226541e+00
-1.970000e-02 1.283999e+00
-1.960000e-02 1.301075e+00
-1.950000e-02 1.286790e+00
-1.940000e-02 1.257783e+00
-1.930000e-02 1.218511e+00
-1.920000e-02 1.159203e+00
-1.910000e-02 1.072939e+00
-1.900000e-02 9.706419e-01
-1.890000e-02 8.723617e-01
-1.880000e-02 7.908934e-01
-1.870000e-02 7.287672e-01
-1.860000e-02 6.833160e-01
-1.850000e-02 6.507837e-01
-1.840000e-02 6.279467e-01
-1.830000e-02 6.124238e-01
-1.820000e-02 6.025590e-01
-1.810000e-02 5.972332e-01
-1.800000e-02 5.957070e-01
-1.790000e-02 5.975076e-01
-1.780000e-02 6.023529e-01
-1.770000e-02 6.101001e-01
-1.760000e-02 6.207125e-01
-1.750000e-02 6.342354e-01
-1.740000e-02 6.507779e-01
-1.730000e-02 6.704954e-01
-1.720000e-02 6.935705e-01
-1.710000e-02 7.201862e-01
-1.700000e-02 7.504887e-01
-1.690000e-02 7.845340e-01
-1.680000e-02 8.222163e-01
-1.670000e-02 8.631769e-01
-1.660000e-02 9.067037e-01
-1.650000e-02 9.516428e-01
-1.640000e-02 9.963606e-01
-1.630000e-02 1.038804e+00
-1.620000e-02 1.076702e+00
-1.610000e-02 1.107902e+00
-1.600000e-02 1.130772e+00
-1.590000e-02 1.144541e+00
-1.580000e-02 1.149445e+00
-1.570000e-02 1.146629e+00
-1.560000e-02 1.137851e+00
-1.550000e-02 1.125116e+00
-1.540000e-02 1.110359e+00
-1.530000e-02 1.095241e+00
-1.520000e-02 1.081057e+00
-1.510000e-02 1.068741e+00
-1.500000e-02 1.058917e+00
-1.490000e-02 1.051969e+00
-1.480000e-02 1.048111e+00
-1.470000e-02 1.047449e+00
-1.460000e-02 1.050020e+00
-1.450000e-02 1.055834e+00
-1.440000e-02 1.064888e+00
-1.430000e-02 1.077187e+00
-1.420000e-02 1.092751e+00
-1.410000e-02 1.111613e+00
-1.400000e-02 1.133824e+00
-1.390000e-02 1.159436e+00
-1.380000e-02 1.188496e+00
-1.370000e-02 1.221010e+00
-1.360000e-02 1.256908e+00
-1.350000e-02 1.295971e+00
-1.340000e-02 1.337727e+00
-1.330000e-02 1.381287e+00
-1.320000e-02 1.425122e+00
-1.310000e-02 1.466772e+00
-1.300000e-02 1.502570e+00
-1.290000e-02 1.527549e+00
-1.280000e-02 1.535807e+00
-1.270000e-02 1.521584e+00
-1.260000e-02 1.480949e+00
-1.250000e-02 1.413446e+00
-1.240000e-02 1.322742e+00
-1.230000e-02 1.215803e+00
-1.220000e-02 1.101052e+00
-1.210000e-02 9.864371e-01
-1.200000e-02 8.781679e-01
-1.190000e-02 7.802858e-01
-1.180000e-02 6.948484e-01
-1.170000e-02 6.224059e-01
-1.160000e-02 5.625228e-01
-1.150000e-02 5.142172e-01
-1.140000e-02 4.762786e-01
-1.130000e-02 4.474740e-01
-1.120000e-02 4.266686e-01
-1.110000e-02 4.128892e-01
-1.100000e-02 4.053535e-01
-1.090000e-02 4.034829e-01
-1.080000e-02 4.069102e-01
-1.070000e-02 4.154913e-01
-1.060000e-02 4.293306e-01
-1.050000e-02 4.488257e-01
-1.040000e-02 4.747448e-01
-1.030000e-02 5.083463e-01
-1.020000e-02 5.515502e-01
-1.010000e-02 6.071370e-01
-1.000000e-02 6.788145e-01
-9.900000e-03 7.705289e-01
-9.800000e-03 8.830678e-01
-9.700000e-03 1.003829e+00
-9.600000e-03 1.090227e+00
-9.500000e-03 1.080345e+00
-9.400000e-03 9.683056e-01
-9.300000e-03 8.268691e-01
-9.200000e-03 7.172081e-01
-9.100000e-03 6.521616e-01
-9.000000e-03 6.227844e-01
-8.900000e-03 6.182202e-01
-8.800000e-03 6.307719e-01
-8.700000e-03 6.557272e-01
-8.600000e-03 6.903579e-01
-8.500000e-03 7.331120e-01
-8.400000e-03 7.830546e-01
-8.300000e-03 8.394486e-01
-8.200000e-03 9.013662e-01
-8.100000e-03 9.672539e-01
-8.000000e-03 1.034419e+00
-7.900000e-03 1.098504e+00
-7.800000e-03 1.153221e+00
-7.700000e-03 1.190839e+00
-7.600000e-03 1.203981e+00
-7.500000e-03 1.188603e+00
-7.400000e-03 1.146663e+00
-7.300000e-03 1.086326e+00
-7.200000e-03 1.019057e+00
-7.100000e-03 9.555735e-01
-7.000000e-03 9.031824e-01
-6.900000e-03 8.653145e-01
-6.800000e-03 8.424465e-01
-6.700000e-03 8.333295e-01
-6.600000e-03 8.359385e-01
-6.500000e-03 8.480290e-01
-6.400000e-03 8.673921e-01
-6.300000e-03 8.919337e-01
-6.200000e-03 9.196732e-01
-6.100000e-03 9.487208e-01
-6.000000e-03 9.772701e-01
-5.900000e-03 1.003622e+00
-5.800000e-03 1.026246e+00
-5.700000e-03 1.043873e+00
-5.600000e-03 1.055594e+00
-5.500000e-03 1.060948e+00
-5.400000e-03 1.059961e+00
-5.300000e-03 1.053126e+00
-5.200000e-03 1.041317e+00
-5.100000e-03 1.025658e+00
-5.000000e-03 1.007374e+00
-4.900000e-03 9.876544e-01
-4.800000e-03 9.675506e-01
-4.700000e-03 9.479149e-01
-4.600000e-03 9.293823e-01
-4.500000e-03 9.123820e-01
-4.400000e-03 8.971693e-01
-4.300000e-03 8.838658e-01
-4.200000e-03 8.725002e-01
-4.100000e-03 8.630442e-01
-4.000000e-03 8.554400e-01
-3.900000e-03 8.496180e-01
-3.800000e-03 8.455035e-01
-3.700000e-03 8.430125e-01
-3.600000e-03 8.420378e-01
-3.500000e-03 8.424243e-01
-3.400000e-03 8.439401e-01
-3.300000e-03 8.462457e-01
-3.200000e-03 8.488711e-01
-3.100000e-03 8.512105e-01
-3.000000e-03 8.525456e-01
-2.900000e-03 8.521011e-01
-2.800000e-03 8.491330e-01
-2.700000e-03 8.430345e-01
-2.600000e-03 8.334378e-01
-2.500000e-03 8.202880e-01
-2.400000e-03 8.038729e-01
-2.300000e-03 7.848022e-01
-2.200000e-03 7.639489e-01
-2.100000e-03 7.423659e-01
-2.000000e-03 7.211986e-01
-1.900000e-03 7.016038e-01
-1.800000e-03 6.846811e-01
-1.700000e-03 6.714183e-01
-1.600000e-03 6.626466e-01
-1.500000e-03 6.590054e-01
-1.400000e-03 6.609143e-01
-1.300000e-03 6.685546e-01
-1.200000e-03 6.818615e-01
-1.100000e-03 7.005312e-01
-1.000000e-03 7.240421e-01
-9.000000e-04 7.516898e-01
-8.000000e-04 7.826320e-01
-7.000000e-04 8.159376e-01
-6.000000e-04 8.506342e-01
-5.000000e-04 8.857482e-01
-4.000000e-04 9.203365e-01
-3.000000e-04 9.535090e-01
-2.000000e-04 9.844435e-01
-1.000000e-04 1.012399e+00
1.429412e-15 1.036730e+00
1.000000e-04 1.056906e+00
2.000000e-04 1.072541e+00
3.000000e-04 1.083422e+00
4.000000e-04 1.089549e+00
5.000000e-04 1.091158e+00
6.000000e-04 1.088744e+00
7.000000e-04 1.083057e+00
8.000000e-04 1.075073e+00
9.000000e-04 1.065946e+00
1.000000e-03 1.056937e+00
1.100000e-03 1.049321e+00
1.200000e-03 1.044299e+00
1.300000e-03 1.042893e+00
1.400000e-03 1.045856e+00
1.500000e-03 1.053584e+00
1.600000e-03 1.066043e+00
1.700000e-03 1.082724e+00
1.800000e-03 1.102643e+00
1.900000e-03 1.124387e+00
2.000000e-03 1.146247e+00
2.100000e-03 1.166403e+00
2.200000e-03 1.183153e+00
2.300000e-03 1.195136e+00
2.400000e-03 1.201508e+00
2.500000e-03 1.202013e+00
2.600000e-03 1.196963e+00
2.700000e-03 1.187131e+00
2.800000e-03 1.173598e+00
2.900000e-03 1.157597e+00
3.000000e-03 1.140376e+00
3.100000e-03 1.123107e+00
3.200000e-03 1.106826e+00
3.300000e-03 1.092410e+00
3.400000e-03 1.080571e+00
3.500000e-03 1.071863e+00
3.600000e-03 1.066688e+00
3.700000e-03 1.065291e+00
3.800000e-03 1.067751e+00
3.900000e-03 1.073945e+00
4.000000e-03 1.083503e+00
4.100000e-03 1.095748e+00
4.200000e-03 1.109647e+00
4.300000e-03 1.123805e+00
4.400000e-03 1.136557e+00
4.500000e-03 1.146196e+00
4.600000e-03 1.151350e+00
4.700000e-03 1.151411e+00
4.800000e-03 1.146859e+00
4.900000e-03 1.139289e+00
5.000000e-03 1.131100e+00
5.100000e-03 1.124967e+00
5.200000e-03 1.123313e+00
5.300000e-03 1.127937e+00
5.400000e-03 1.139785e+00
5.500000e-03 1.158790e+00
5.600000e-03 1.183631e+00
5.700000e-03 1.211390e+00
5.800000e-03 1.237351e+00
5.900000e-03 1.255613e+00
6.000000e-03 1.261172e+00
6.100000e-03 1.252761e+00
6.200000e-03 1.233844e+00
6.300000e-03 1.210327e+00
6.400000e-03 1.187182e+00
6.500000e-03 1.166833e+00
6.600000e-03 1.149524e+00
6.700000e-03 1.134370e+00
6.800000e-03 1.120194e+00
6.900000e-03 1.105962e+00
7.000000e-03 1.090943e+00
7.100000e-03 1.074717e+00
7.200000e-03 1.057127e+00
7.300000e-03 1.038216e+00
7.400000e-03 1.018158e+00
7.500000e-03 9.972157e-01
7.600000e-03 9.756890e-01
7.700000e-03 9.538921e-01
7.800000e-03 9.321316e-01
7.900000e-03 9.106949e-01
8.000000e-03 8.898457e-01
8.100000e-03 8.698229e-01
8.200000e-03 8.508450e-01
8.300000e-03 8.331155e-01
8.400000e-03 8.168323e-01
8.500000e-03 8.021977e-01
8.600000e-03 7.894312e-01
8.700000e-03 7.787840e-01
8.800000e-03 7.705559e-01
8.900000e-03 7.651137e-01
9.000000e-03 7.629088e-01
9.100000e-03 7.644904e-01
9.200000e-03 7.705018e-01
9.300000e-03 7.816403e-01
9.400000e-03 7.985440e-01
9.500000e-03 8.215584e-01
9.600000e-03 8.503454e-01
9.700000e-03 8.833824e-01
9.800000e-03 9.175932e-01
9.900000e-03 9.485683e-01
1.000000e-02 9.717203e-01
1.010000e-02 9.840108e-01
1.020000e-02 9.851274e-01
1.030000e-02 9.772686e-01
1.040000e-02 9.638778e-01
1.050000e-02 9.483302e-01
1.060000e-02 9.332035e-01
1.070000e-02 9.201300e-01
1.080000e-02 9.099548e-01
1.090000e-02 9.029721e-01
1.100000e-02 8.991303e-01
1.110000e-02 8.981789e-01
1.120000e-02 8.997659e-01
1.130000e-02 9.034983e-01
1.140000e-02 9.089774e-01
1.150000e-02 9.158194e-01
1.160000e-02 9.236628e-01
1.170000e-02 9.321685e-01
1.180000e-02 9.410135e-01
1.190000e-02 9.498772e-01
1.200000e-02 9.584220e-01
1.210000e-02 9.662623e-01
1.220000e-02 9.729209e-01
1.230000e-02 9.777686e-01
1.240000e-02 9.799490e-01
1.250000e-02 9.783071e-01
1.260000e-02 9.713661e-01
1.270000e-02 9.574396e-01
1.280000e-02 9.349773e-01
1.290000e-02 9.031604e-01
1.300000e-02 8.625376e-01
1.310000e-02 8.152650e-01
1.320000e-02 7.646300e-01
1.330000e-02 7.140543e-01
1.340000e-02 6.661839e-01
1.350000e-02 6.225142e-01
1.360000e-02 5.835281e-01
1.370000e-02 5.490599e-01
1.380000e-02 5.186403e-01
1.390000e-02 4.917247e-01
1.400000e-02 4.678110e-01
1.410000e-02 4.464830e-01
1.420000e-02 4.274161e-01
1.430000e-02 4.103662e-01
1.440000e-02 3.951543e-01
1.450000e-02 3.816536e-01
1.460000e-02 3.697782e-01
1.470000e-02 3.594763e-01
1.480000e-02 3.507255e-01
1.490000e-02 3.435321e-01
1.500000e-02 3.379309e-01
1.510000e-02 3.339886e-01
1.520000e-02 3.318077e-01
1.530000e-02 3.315330e-01
1.540000e-02 3.333586e-01
1.550000e-02 3.375355e-01
1.560000e-02 3.443772e-01
1.570000e-02 3.542601e-01
1.580000e-02 3.676105e-01
1.590000e-02 3.848669e-01
1.600000e-02 4.064015e-01
1.610000e-02 4.323848e-01
1.620000e-02 4.625953e-01
1.630000e-02 4.962233e-01
1.640000e-02 5.317881e-01
1.650000e-02 5.673330e-01
1.660000e-02 6.009676e-01
1.670000e-02 6.315721e-01
1.680000e-02 6.592801e-01
1.690000e-02 6.854650e-01
1.700000e-02 7.123127e-01
1.710000e-02 7.422876e-01
1.720000e-02 7.777346e-01
1.730000e-02 8.206530e-01
1.740000e-02 8.725490e-01
1.750000e-02 9.342323e-01
1.760000e-02 1.005458e+00
1.770000e-02 1.084395e+00
1.780000e-02 1.167073e+00
1.790000e-02 1.247190e+00
1.800000e-02 1.316874e+00
1.810000e-02 1.368699e+00
1.820000e-02 1.398304e+00
1.830000e-02 1.406076e+00
1.840000e-02 1.396698e+00
1.850000e-02 1.376945e+00
1.860000e-02 1.353268e+00
1.870000e-02 1.330328e+00
1.880000e-02 1.310648e+00
1.890000e-02 1.294956e+00
1.900000e-02 1.282754e+00
1.910000e-02 1.272849e+00
1.920000e-02 1.263748e+00
1.930000e-02 1.253927e+00
1.940000e-02 1.241980e+00
1.950000e-02 1.226710e+00
1.960000e-02 1.207186e+00
1.970000e-02 1.182827e+00
1.980000e-02 1.153538e+00
1.990000e-02 1.119893e+00
2.000000e-02 1.083293e+00
2.010000e-02 1.045944e+00
2.020000e-02 1.010558e+00
2.030000e-02 9.798119e-01
2.040000e-02 9.557770e-01
2.050000e-02 9.395900e-01
2.060000e-02 9.314617e-01
2.070000e-02 9.309253e-01
2.080000e-02 9.371465e-01
2.090000e-02 9.491658e-01
2.100000e-02 9.660329e-01
2.110000e-02 9.868462e-01
2.120000e-02 1.010736e+00
2.130000e-02 1.036823e+00
2.140000e-02 1.064173e+00
2.150000e-02 1.091775e+00
2.160000e-02 1.118549e+00
2.170000e-02 1.143394e+00
2.180000e-02 1.165279e+00
2.190000e-02 1.183358e+00
2.200000e-02 1.197093e+00
2.210000e-02 1.206343e+00
2.220000e-02 1.211391e+00
2.230000e-02 1.212906e+00
2.240000e-02 1.211832e+00
2.250000e-02 1.209249e+00
2.260000e-02 1.206230e+00
2.270000e-02 1.203716e+00
2.280000e-02 1.202430e+00
2.290000e-02 1.202825e+00
2.300000e-02 1.205052e+00
2.310000e-02 1.208953e+00
2.320000e-02 1.214054e+00
2.330000e-02 1.219583e+00
2.340000e-02 1.224503e+00
2.350000e-02 1.227595e+00
2.360000e-02 1.227590e+00
2.370000e-02 1.223365e+00
2.380000e-02 1.214173e+00
2.390000e-02 1.199842e+00
2.400000e-02 1.180876e+00
2.410000e-02 1.158409e+00
2.420000e-02 1.134013e+00
2.430000e-02 1.109417e+00
2.440000e-02 1.086254e+00
2.450000e-02 1.065874e+00
2.460000e-02 1.049270e+00
2.470000e-02 1.037083e+00
2.480000e-02 1.029659e+00
2.490000e-02 1.027105e+00
2.500000e-02 1.029337e+00
2.510000e-02 1.036084e+00
2.520000e-02 1.046864e+00
2.530000e-02 1.060940e+00
2.540000e-02 1.077291e+00
2.550000e-02 1.094643e+00
2.560000e-02 1.111604e+00
2.570000e-02 1.126886e+00
2.580000e-02 1.139558e+00
2.590000e-02 1.149206e+00
2.600000e-02 1.155941e+00
2.610000e-02 1.160256e+00
2.620000e-02 1.162827e+00
2.630000e-02 1.164324e+00
2.640000e-02 1.165302e+00
2.650000e-02 1.166154e+00
2.660000e-02 1.167106e+00
2.670000e-02 1.168252e+00
2.680000e-02 1.169579e+00
2.690000e-02 1.170999e+00
2.700000e-02 1.172377e+00
2.710000e-02 1.173546e+00
2.720000e-02 1.174325e+00
2.730000e-02 1.174525e+00
2.740000e-02 1.173959e+00
2.750000e-02 1.172445e+00
2.760000e-02 1.169806e+00
2.770000e-02 1.165877e+00
2.780000e-02 1.160502e+00
2.790000e-02 1.153534e+00
2.800000e-02 1.144846e+00
2.810000e-02 1.134339e+00
2.820000e-02 1.121952e+00
2.830000e-02 1.107681e+00
2.840000e-02 1.091597e+00
2.850000e-02 1.073859e+00
2.860000e-02 1.054720e+00
2.870000e-02 1.034532e+00
2.880000e-02 1.013731e+00
2.890000e-02 9.928186e-01
2.900000e-02 9.723400e-01
2.910000e-02 9.528527e-01
2.920000e-02 9.349007e-01
2.930000e-02 9.189877e-01
2.940000e-02 9.055508e-01
2.950000e-02 8.949318e-01
2.960000e-02 8.873393e-01
2.970000e-02 8.828002e-01
2.980000e-02 8.810965e-01
2.990000e-02 8.816978e-01
3.000000e-02 8.837083e-01
3.010000e-02 8.858671e-01
3.020000e-02 8.866436e-01
3.030000e-02 8.844541e-01
3.040000e-02 8.779700e-01
3.050000e-02 8.664221e-01
3.060000e-02 8.497766e-01
3.070000e-02 8.287064e-01
3.080000e-02 8.043805e-01
3.090000e-02 7.781769e-01
3.100000e-02 7.514293e-01
3.110000e-02 7.252711e-01
3.120000e-02 7.005795e-01
3.130000e-02 6.779916e-01
3.140000e-02 6.579566e-01
3.150000e-02 6.407978e-01
3.160000e-02 6.267701e-01
3.170000e-02 6.161069e-01
3.180000e-02 6.090566e-01
3.190000e-02 6.059099e-01
3.200000e-02 6.070183e-01
3.210000e-02 6.128058e-01
3.220000e-02 6.237696e-01
3.230000e-02 6.404634e-01
3.240000e-02 6.634518e-01
3.250000e-02 6.932118e-01
3.260000e-02 7.299516e-01
3.270000e-02 7.733144e-01
3.280000e-02 8.219643e-01
3.290000e-02 8.731483e-01
3.300000e-02 9.225168e-01
3.310000e-02 9.646591e-01
3.320000e-02 9.946500e-01
3.330000e-02 1.010134e+00
3.340000e-02 1.012599e+00
3.350000e-02 1.006772e+00
3.360000e-02 9.985372e-01
3.370000e-02 9.928670e-01
3.380000e-02 9.927421e-01
3.390000e-02 9.990720e-01
3.400000e-02 1.011121e+00
3.410000e-02 1.027047e+00
3.420000e-02 1.044377e+00
3.430000e-02 1.060423e+00
3.440000e-02 1.072636e+00
3.450000e-02 1.078912e+00
3.460000e-02 1.077826e+00
3.470000e-02 1.068750e+00
3.480000e-02 1.051839e+00
3.490000e-02 1.027907e+00
3.500000e-02 9.982170e-01
3.510000e-02 9.642594e-01
3.520000e-02 9.275523e-01
3.530000e-02 8.894958e-01
3.540000e-02 8.512867e-01
3.550000e-02 8.138853e-01
3.560000e-02 7.780185e-01
3.570000e-02 7.442066e-01
3.580000e-02 7.127987e-01
3.590000e-02 6.840108e-01
3.600000e-02 6.579610e-01
3.610000e-02 6.346990e-01
3.620000e-02 6.142299e-01
3.630000e-02 5.965330e-01
3.640000e-02 5.815756e-01
3.650000e-02 5.693223e-01
3.660000e-02 5.597420e-01
3.670000e-02 5.528114e-01
3.680000e-02 5.485160e-01
3.690000e-02 5.468499e-01
3.700000e-02 5.478123e-01
3.710000e-02 5.514025e-01
3.720000e-02 5.576127e-01
3.730000e-02 5.664185e-01
3.740000e-02 5.777672e-01
3.750000e-02 5.915657e-01
3.760000e-02 6.076667e-01
3.770000e-02 6.258575e-01
3.780000e-02 6.458515e-01
3.790000e-02 6.672852e-01
3.800000e-02 6.897241e-01
3.810000e-02 7.126759e-01
3.820000e-02 7.356128e-01
3.830000e-02 7.580001e-01
3.840000e-02 7.793257e-01
3.850000e-02 7.991265e-01
3.860000e-02 8.170071e-01
3.870000e-02 8.326467e-01
3.880000e-02 8.457958e-01
3.890000e-02 8.562617e-01
3.900000e-02 8.638902e-01
3.910000e-02 8.685454e-01
3.920000e-02 8.700943e-01
3.930000e-02 8.683992e-01
3.940000e-02 8.633205e-01
3.950000e-02 8.547309e-01
3.960000e-02 8.425388e-01
3.970000e-02 8.267188e-01
3.980000e-02 8.073427e-01
3.990000e-02 7.846064e-01
4.000000e-02 7.588449e-01
4.010000e-02 7.305324e-01
4.020000e-02 7.002648e-01
4.030000e-02 6.687283e-01
4.040000e-02 6.366585e-01
4.050000e-02 6.047979e-01
4.060000e-02 5.738600e-01
4.070000e-02 5.445059e-01
4.080000e-02 5.173370e-01
4.090000e-02 4.929074e-01
4.100000e-02 4.717577e-01
4.110000e-02 4.544753e-01
4.120000e-02 4.417917e-01
4.130000e-02 4.347451e-01
4.140000e-02 4.349587e-01
4.150000e-02 4.451556e-01
4.160000e-02 4.701516e-01
4.170000e-02 5.188149e-01
4.180000e-02 6.075817e-01
4.190000e-02 7.630026e-01
4.200000e-02 9.942006e-01
4.210000e-02 1.147328e+00
4.220000e-02 9.707256e-01
4.230000e-02 6.777870e-01
4.240000e-02 4.829827e-01
4.250000e-02 3.755631e-01
4.260000e-02 3.160026e-01
4.270000e-02 2.815272e-01
4.280000e-02 2.608162e-01
4.290000e-02 2.481279e-01
4.300000e-02 2.403692e-01
4.310000e-02 2.357457e-01
4.320000e-02 2.331239e-01
4.330000e-02 2.317180e-01
4.340000e-02 2.309299e-01
4.350000e-02 2.302686e-01
4.360000e-02 2.293152e-01
4.370000e-02 2.277151e-01
4.380000e-02 2.251879e-01
4.390000e-02 2.215454e-01
4.400000e-02 2.167090e-01
4.410000e-02 2.107182e-01
4.420000e-02 2.037241e-01
4.430000e-02 1.959685e-01
4.440000e-02 1.877513e-01
4.450000e-02 1.793941e-01
4.460000e-02 1.712078e-01
4.470000e-02 1.634688e-01
4.480000e-02 1.564064e-01
4.490000e-02 1.502009e-01
4.500000e-02 1.449878e-01
4.510000e-02 1.408673e-01
4.520000e-02 1.379152e-01
4.530000e-02 1.361929e-01
4.540000e-02 1.357560e-01
4.550000e-02 1.366610e-01
4.560000e-02 1.389668e-01
4.570000e-02 1.427329e-01
4.580000e-02 1.480091e-01
4.590000e-02 1.548161e-01
4.600000e-02 1.631104e-01
4.610000e-02 1.727318e-01
4.620000e-02 1.833316e-01
4.630000e-02 1.942943e-01
4.640000e-02 2.046823e-01
4.650000e-02 2.132624e-01
4.660000e-02 2.186749e-01
4.670000e-02 2.197604e-01
4.680000e-02 2.159415e-01
4.690000e-02 2.074595e-01
4.700000e-02 1.953098e-01
4.710000e-02 1.809085e-01
4.720000e-02 1.656883e-01
4.730000e-02 1.508118e-01
4.740000e-02 1.370664e-01
4.750000e-02 1.248967e-01
4.760000e-02 1.144979e-01
4.770000e-02 1.059156e-01
4.780000e-02 9.912949e-02
4.790000e-02 9.411580e-02
4.800000e-02 9.089832e-02
4.810000e-02 8.959876e-02
4.820000e-02 9.050547e-02
4.830000e-02 9.419074e-02
4.840000e-02 1.017397e-01
4.850000e-02 1.152372e-01
4.860000e-02 1.388857e-01
4.870000e-02 1.817331e-01
4.880000e-02 2.642105e-01
4.890000e-02 4.260053e-01
4.900000e-02 6.481759e-01
4.910000e-02 6.123485e-01
4.920000e-02 3.865147e-01
4.930000e-02 2.501924e-01
4.940000e-02 1.897025e-01
4.950000e-02 1.674022e-01
4.960000e-02 1.669509e-01
4.970000e-02 1.832238e-01
4.980000e-02 2.168568e-01
4.990000e-02 2.726067e-01
