-5.000000e-02 5.644510e+00
-4.990000e-02 5.636612e+00
-4.980000e-02 5.628595e+00
-4.970000e-02 5.620463e+00
-4.960000e-02 5.612220e+00
-4.950000e-02 5.603870e+00
-4.940000e-02 5.595416e+00
-4.930000e-02 5.586860e+00
-4.920000e-02 5.578200e+00
-4.910000e-02 5.569435e+00
-4.900000e-02 5.560561e+00
-4.890000e-02 5.551575e+00
-4.880000e-02 5.542474e+00
-4.870000e-02 5.533260e+00
-4.860000e-02 5.523942e+00
-4.850000e-02 5.514535e+00
-4.840000e-02 5.505063e+00
-4.830000e-02 5.495566e+00
-4.820000e-02 5.486094e+00
-4.810000e-02 5.476713e+00
-4.800000e-02 5.467504e+00
-4.790000e-02 5.458562e+00
-4.780000e-02 5.449996e+00
-4.770000e-02 5.441925e+00
-4.760000e-02 5.434479e+00
-4.750000e-02 5.427795e+00
-4.740000e-02 5.422012e+00
-4.730000e-02 5.417271e+00
-4.720000e-02 5.413712e+00
-4.710000e-02 5.411468e+00
-4.700000e-02 5.410666e+00
-4.690000e-02 5.411424e+00
-4.680000e-02 5.413849e+00
-4.670000e-02 5.418034e+00
-4.660000e-02 5.424061e+00
-4.650000e-02 5.431998e+00
-4.640000e-02 5.441899e+00
-4.630000e-02 5.453806e+00
-4.620000e-02 5.467746e+00
-4.610000e-02 5.483734e+00
-4.600000e-02 5.501773e+00
-4.590000e-02 5.521854e+00
-4.580000e-02 5.543960e+00
-4.570000e-02 5.568060e+00
-4.560000e-02 5.594116e+00
-4.550000e-02 5.622081e+00
-4.540000e-02 5.651900e+00
-4.530000e-02 5.683510e+00
-4.520000e-02 5.716843e+00
-4.510000e-02 5.751822e+00
-4.500000e-02 5.788368e+00
-4.490000e-02 5.826394e+00
-4.480000e-02 5.865810e+00
-4.470000e-02 5.906523e+00
-4.460000e-02 5.948436e+00
-4.450000e-02 5.991452e+00
-4.440000e-02 6.035471e+00
-4.430000e-02 6.080392e+00
-4.420000e-02 6.126117e+00
-4.410000e-02 6.172548e+00
-4.400000e-02 6.219589e+00
-4.390000e-02 6.267146e+00
-4.380000e-02 6.315129e+00
-4.370000e-02 6.363453e+00
-4.360000e-02 6.412035e+00
-4.350000e-02 6.460799e+00
-4.340000e-02 6.509672e+00
-4.330000e-02 6.558587e+00
-4.320000e-02 6.607483e+00
-4.310000e-02 6.656301e+00
-4.300000e-02 6.704991e+00
-4.290000e-02 6.753504e+00
-4.280000e-02 6.801798e+00
-4.270000e-02 6.849836e+00
-4.260000e-02 6.897585e+00
-4.250000e-02 6.945018e+00
-4.240000e-02 6.992112e+00
-4.230000e-02 7.038849e+00
-4.220000e-02 7.085218e+00
-4.210000e-02 7.131210e+00
-4.200000e-02 7.176821e+00
-4.190000e-02 7.222050e+00
-4.180000e-02 7.266897e+00
-4.170000e-02 7.311359e+00
-4.160000e-02 7.355429e+00
-4.150000e-02 7.399086e+00
-4.140000e-02 7.442297e+00
-4.130000e-02 7.485003e+00
-4.120000e-02 7.527113e+00
-4.110000e-02 7.568501e+00
-4.100000e-02 7.608990e+00
-4.090000e-02 7.648353e+00
-4.080000e-02 7.686302e+00
-4.070000e-02 7.722491e+00
-4.060000e-02 7.756516e+00
-4.050000e-02 7.787921e+00
-4.040000e-02 7.816217e+00
-4.030000e-02 7.840897e+00
-4.020000e-02 7.861463e+00
-4.010000e-02 7.877457e+00
-4.000000e-02 7.888491e+00
-3.990000e-02 7.894280e+00
-3.980000e-02 7.894668e+00
-3.970000e-02 7.889647e+00
-3.960000e-02 7.879363e+00
-3.950000e-02 7.864124e+00
-3.940000e-02 7.844374e+00
-3.930000e-02 7.820680e+00
-3.920000e-02 7.793700e+00
-3.910000e-02 7.764146e+00
-3.900000e-02 7.732754e+00
-3.890000e-02 7.700253e+00
-3.880000e-02 7.667335e+00
-3.870000e-02 7.634637e+00
-3.860000e-02 7.602727e+00
-3.850000e-02 7.572094e+00
-3.840000e-02 7.543148e+00
-3.830000e-02 7.516218e+00
-3.820000e-02 7.491560e+00
-3.810000e-02 7.469363e+00
-3.800000e-02 7.449754e+00
-3.790000e-02 7.432812e+00
-3.780000e-02 7.418572e+00
-3.770000e-02 7.407034e+00
-3.760000e-02 7.398169e+00
-3.750000e-02 7.391929e+00
-3.740000e-02 7.388249e+00
-3.730000e-02 7.387054e+00
-3.720000e-02 7.388258e+00
-3.710000e-02 7.391775e+00
-3.700000e-02 7.397515e+00
-3.690000e-02 7.405385e+00
-3.680000e-02 7.415296e+00
-3.670000e-02 7.427155e+00
-3.660000e-02 7.440871e+00
-3.650000e-02 7.456350e+00
-3.640000e-02 7.473493e+00
-3.630000e-02 7.492195e+00
-3.620000e-02 7.512339e+00
-3.610000e-02 7.533796e+00
-3.600000e-02 7.556416e+00
-3.590000e-02 7.580027e+00
-3.580000e-02 7.604430e+00
-3.570000e-02 7.629401e+00
-3.560000e-02 7.654684e+00
-3.550000e-02 7.680003e+00
-3.540000e-02 7.705062e+00
-3.530000e-02 7.729558e+00
-3.520000e-02 7.753193e+00
-3.510000e-02 7.775691e+00
-3.500000e-02 7.796811e+00
-3.490000e-02 7.816360e+00
-3.480000e-02 7.834202e+00
-3.470000e-02 7.850267e+00
-3.460000e-02 7.864544e+00
-3.450000e-02 7.877080e+00
-3.440000e-02 7.887969e+00
-3.430000e-02 7.897338e+00
-3.420000e-02 7.905338e+00
-3.410000e-02 7.912129e+00
-3.400000e-02 7.917873e+00
-3.390000e-02 7.922722e+00
-3.380000e-02 7.926816e+00
-3.370000e-02 7.930277e+00
-3.360000e-02 7.933207e+00
-3.350000e-02 7.935692e+00
-3.340000e-02 7.937797e+00
-3.330000e-02 7.939574e+00
-3.320000e-02 7.941062e+00
-3.310000e-02 7.942289e+00
-3.300000e-02 7.943281e+00
-3.290000e-02 7.944058e+00
-3.280000e-02 7.944648e+00
-3.270000e-02 7.945079e+00
-3.260000e-02 7.945394e+00
-3.250000e-02 7.945645e+00
-3.240000e-02 7.945896e+00
-3.230000e-02 7.946227e+00
-3.220000e-02 7.946729e+00
-3.210000e-02 7.947501e+00
-3.200000e-02 7.948647e+00
-3.190000e-02 7.950270e+00
-3.180000e-02 7.952464e+00
-3.170000e-02 7.955308e+00
-3.160000e-02 7.958857e+00
-3.150000e-02 7.963135e+00
-3.140000e-02 7.968131e+00
-3.130000e-02 7.973791e+00
-3.120000e-02 7.980019e+00
-3.110000e-02 7.986676e+00
-3.100000e-02 7.993582e+00
-3.090000e-02 8.000523e+00
-3.080000e-02 8.007261e+00
-3.070000e-02 8.013540e+00
-3.060000e-02 8.019100e+00
-3.050000e-02 8.023690e+00
-3.040000e-02 8.027075e+00
-3.030000e-02 8.029054e+00
-3.020000e-02 8.029459e+00
-3.010000e-02 8.028167e+00
-3.000000e-02 8.025102e+00
-2.990000e-02 8.020232e+00
-2.980000e-02 8.013572e+00
-2.970000e-02 8.005175e+00
-2.960000e-02 7.995129e+00
-2.950000e-02 7.983549e+00
-2.940000e-02 7.970570e+00
-2.930000e-02 7.956345e+00
-2.920000e-02 7.941029e+00
-2.910000e-02 7.924786e+00
-2.900000e-02 7.907773e+00
-2.890000e-02 7.890144e+00
-2.880000e-02 7.872044e+00
-2.870000e-02 7.853609e+00
-2.860000e-02 7.834962e+00
-2.850000e-02 7.816216e+00
-2.840000e-02 7.797470e+00
-2.830000e-02 7.778812e+00
-2.820000e-02 7.760318e+00
-2.810000e-02 7.742054e+00
-2.800000e-02 7.724075e+00
-2.790000e-02 7.706427e+00
-2.780000e-02 7.689145e+00
-2.770000e-02 7.672258e+00
-2.760000e-02 7.655788e+00
-2.750000e-02 7.639747e+00
-2.740000e-02 7.624143e+00
-2.730000e-02 7.608978e+00
-2.720000e-02 7.594247e+00
-2.710000e-02 7.579941e+00
-2.700000e-02 7.566047e+00
-2.690000e-02 7.552544e+00
-2.680000e-02 7.539410e+00
-2.670000e-02 7.526615e+00
-2.660000e-02 7.514127e+00
-2.650000e-02 7.501910e+00
-2.640000e-02 7.489920e+00
-2.630000e-02 7.478114e+00
-2.620000e-02 7.466440e+00
-2.610000e-02 7.454844e+00
-2.600000e-02 7.443267e+00
-2.590000e-02 7.431647e+00
-2.580000e-02 7.419918e+00
-2.570000e-02 7.408009e+00
-2.560000e-02 7.395849e+00
-2.550000e-02 7.383362e+00
-2.540000e-02 7.370471e+00
-2.530000e-02 7.357101e+00
-2.520000e-02 7.343172e+00
-2.510000e-02 7.328611e+00
-2.500000e-02 7.313342e+00
-2.490000e-02 7.297297e+00
-2.480000e-02 7.280410e+00
-2.470000e-02 7.262625e+00
-2.460000e-02 7.243890e+00
-2.450000e-02 7.224163e+00
-2.440000e-02 7.203415e+00
-2.430000e-02 7.181625e+00
-2.420000e-02 7.158785e+00
-2.410000e-02 7.134899e+00
-2.400000e-02 7.109984e+00
-2.390000e-02 7.084068e+00
-2.380000e-02 7.057194e+00
-2.370000e-02 7.029414e+00
-2.360000e-02 7.000792e+00
-2.350000e-02 6.971401e+00
-2.340000e-02 6.941322e+00
-2.330000e-02 6.910643e+00
-2.320000e-02 6.879460e+00
-2.310000e-02 6.847869e+00
-2.300000e-02 6.815974e+00
-2.290000e-02 6.783876e+00
-2.280000e-02 6.751680e+00
-2.270000e-02 6.719490e+00
-2.260000e-02 6.687409e+00
-2.250000e-02 6.655537e+00
-2.240000e-02 6.623974e+00
-2.230000e-02 6.592817e+00
-2.220000e-02 6.562159e+00
-2.210000e-02 6.532091e+00
-2.200000e-02 6.502702e+00
-2.190000e-02 6.474076e+00
-2.180000e-02 6.446295e+00
-2.170000e-02 6.419438e+00
-2.160000e-02 6.393580e+00
-2.150000e-02 6.368792e+00
-2.140000e-02 6.345143e+00
-2.130000e-02 6.322697e+00
-2.120000e-02 6.301516e+00
-2.110000e-02 6.281656e+00
-2.100000e-02 6.263170e+00
-2.090000e-02 6.246107e+00
-2.080000e-02 6.230511e+00
-2.070000e-02 6.216423e+00
-2.060000e-02 6.203878e+00
-2.050000e-02 6.192909e+00
-2.040000e-02 6.183544e+00
-2.030000e-02 6.175805e+00
-2.020000e-02 6.169713e+00
-2.010000e-02 6.165282e+00
-2.000000e-02 6.162525e+00
-1.990000e-02 6.161448e+00
-1.980000e-02 6.162055e+00
-1.970000e-02 6.164345e+00
-1.960000e-02 6.168312e+00
-1.950000e-02 6.173945e+00
-1.940000e-02 6.181230e+00
-1.930000e-02 6.190145e+00
-1.920000e-02 6.200660e+00
-1.910000e-02 6.212741e+00
-1.900000e-02 6.226344e+00
-1.890000e-02 6.241417e+00
-1.880000e-02 6.257897e+00
-1.870000e-02 6.275713e+00
-1.860000e-02 6.294782e+00
-1.850000e-02 6.315008e+00
-1.840000e-02 6.336289e+00
-1.830000e-02 6.358509e+00
-1.820000e-02 6.381545e+00
-1.810000e-02 6.405263e+00
-1.800000e-02 6.429528e+00
-1.790000e-02 6.454200e+00
-1.780000e-02 6.479138e+00
-1.770000e-02 6.504208e+00
-1.760000e-02 6.529282e+00
-1.750000e-02 6.554244e+00
-1.740000e-02 6.578992e+00
-1.730000e-02 6.603445e+00
-1.720000e-02 6.627542e+00
-1.710000e-02 6.651245e+00
-1.700000e-02 6.674541e+00
-1.690000e-02 6.697440e+00
-1.680000e-02 6.719979e+00
-1.670000e-02 6.742215e+00
-1.660000e-02 6.764222e+00
-1.650000e-02 6.786095e+00
-1.640000e-02 6.807939e+00
-1.630000e-02 6.829868e+00
-1.620000e-02 6.852002e+00
-1.610000e-02 6.874460e+00
-1.600000e-02 6.897362e+00
-1.590000e-02 6.920818e+00
-1.580000e-02 6.944930e+00
-1.570000e-02 6.969789e+00
-1.560000e-02 6.995470e+00
-1.550000e-02 7.022031e+00
-1.540000e-02 7.049512e+00
-1.530000e-02 7.077932e+00
-1.520000e-02 7.107286e+00
-1.510000e-02 7.137548e+00
-1.500000e-02 7.168660e+00
-1.490000e-02 7.200534e+00
-1.480000e-02 7.233035e+00
-1.470000e-02 7.265932e+00
-1.460000e-02 7.298494e+00
-1.450000e-02 7.335680e+00
-1.440000e-02 7.372432e+00
-1.430000e-02 7.408750e+00
-1.420000e-02 7.444688e+00
-1.410000e-02 7.480132e+00
-1.400000e-02 7.514920e+00
-1.390000e-02 7.548874e+00
-1.380000e-02 7.581809e+00
-1.370000e-02 7.613547e+00
-1.360000e-02 7.643925e+00
-1.350000e-02 7.672799e+00
-1.340000e-02 7.700051e+00
-1.330000e-02 7.725592e+00
-1.320000e-02 7.749368e+00
-1.310000e-02 7.771357e+00
-1.300000e-02 7.791574e+00
-1.290000e-02 7.810065e+00
-1.280000e-02 7.826909e+00
-1.270000e-02 7.842209e+00
-1.260000e-02 7.856091e+00
-1.250000e-02 7.868695e+00
-1.240000e-02 7.880170e+00
-1.230000e-02 7.890669e+00
-1.220000e-02 7.900337e+00
-1.210000e-02 7.909315e+00
-1.200000e-02 7.917727e+00
-1.190000e-02 7.925678e+00
-1.180000e-02 7.933255e+00
-1.170000e-02 7.940522e+00
-1.160000e-02 7.947517e+00
-1.150000e-02 7.954259e+00
-1.140000e-02 7.960740e+00
-1.130000e-02 7.966937e+00
-1.120000e-02 7.972803e+00
-1.110000e-02 7.978278e+00
-1.100000e-02 7.983288e+00
-1.090000e-02 7.987750e+00
-1.080000e-02 7.991572e+00
-1.070000e-02 7.994657e+00
-1.060000e-02 7.996911e+00
-1.050000e-02 7.998237e+00
-1.040000e-02 7.998544e+00
-1.030000e-02 7.997749e+00
-1.020000e-02 7.995777e+00
-1.010000e-02 7.992562e+00
-1.000000e-02 7.988054e+00
-9.900000e-03 7.982215e+00
-9.800000e-03 7.975022e+00
-9.700000e-03 7.966468e+00
-9.600000e-03 7.956562e+00
-9.500000e-03 7.945330e+00
-9.400000e-03 7.932814e+00
-9.300000e-03 7.919072e+00
-9.200000e-03 7.904176e+00
-9.100000e-03 7.888212e+00
-9.000000e-03 7.871280e+00
-8.900000e-03 7.853489e+00
-8.800000e-03 7.834959e+00
-8.700000e-03 7.815817e+00
-8.600000e-03 7.796198e+00
-8.500000e-03 7.776239e+00
-8.400000e-03 7.756081e+00
-8.300000e-03 7.735866e+00
-8.200000e-03 7.715735e+00
-8.100000e-03 7.695826e+00
-8.000000e-03 7.676276e+00
-7.900000e-03 7.657217e+00
-7.800000e-03 7.638774e+00
-7.700000e-03 7.621068e+00
-7.600000e-03 7.604211e+00
-7.500000e-03 7.588310e+00
-7.400000e-03 7.573461e+00
-7.300000e-03 7.559756e+00
-7.200000e-03 7.547272e+00
-7.100000e-03 7.536084e+00
-7.000000e-03 7.526251e+00
-6.900000e-03 7.517825e+00
-6.800000e-03 7.510850e+00
-6.700000e-03 7.505357e+00
-6.600000e-03 7.501365e+00
-6.500000e-03 7.498886e+00
-6.400000e-03 7.497919e+00
-6.300000e-03 7.498453e+00
-6.200000e-03 7.500464e+00
-6.100000e-03 7.503920e+00
-6.000000e-03 7.508779e+00
-5.900000e-03 7.514985e+00
-5.800000e-03 7.522478e+00
-5.700000e-03 7.531187e+00
-5.600000e-03 7.541034e+00
-5.500000e-03 7.551934e+00
-5.400000e-03 7.563798e+00
-5.300000e-03 7.576531e+00
-5.200000e-03 7.590037e+00
-5.100000e-03 7.604217e+00
-5.000000e-03 7.618972e+00
-4.900000e-03 7.634204e+00
-4.800000e-03 7.649814e+00
-4.700000e-03 7.665708e+00
-4.600000e-03 7.681793e+00
-4.500000e-03 7.697980e+00
-4.400000e-03 7.714180e+00
-4.300000e-03 7.730310e+00
-4.200000e-03 7.746286e+00
-4.100000e-03 7.762027e+00
-4.000000e-03 7.777450e+00
-3.900000e-03 7.792474e+00
-3.800000e-03 7.807012e+00
-3.700000e-03 7.820974e+00
-3.600000e-03 7.834267e+00
-3.500000e-03 7.846787e+00
-3.400000e-03 7.858427e+00
-3.300000e-03 7.869070e+00
-3.200000e-03 7.878590e+00
-3.100000e-03 7.886854e+00
-3.000000e-03 7.893722e+00
-2.900000e-03 7.899049e+00
-2.800000e-03 7.902689e+00
-2.700000e-03 7.904494e+00
-2.600000e-03 7.904322e+00
-2.500000e-03 7.902037e+00
-2.400000e-03 7.897518e+00
-2.300000e-03 7.890660e+00
-2.200000e-03 7.881381e+00
-2.100000e-03 7.869621e+00
-2.000000e-03 7.855351e+00
-1.900000e-03 7.838572e+00
-1.800000e-03 7.819317e+00
-1.700000e-03 7.797650e+00
-1.600000e-03 7.773667e+00
-1.500000e-03 7.747494e+00
-1.400000e-03 7.719281e+00
-1.300000e-03 7.689203e+00
-1.200000e-03 7.657451e+00
-1.100000e-03 7.624231e+00
-1.000000e-03 7.589757e+00
-9.000000e-04 7.554251e+00
-8.000000e-04 7.517933e+00
-7.000000e-04 7.481020e+00
-6.000000e-04 7.443725e+00
-5.000000e-04 7.406251e+00
-4.000000e-04 7.368790e+00
-3.000000e-04 7.331523e+00
-2.000000e-04 7.294618e+00
-1.000000e-04 7.258229e+00
1.429412e-15 7.222496e+00
1.000000e-04 7.187547e+00
2.000000e-04 7.153496e+00
3.000000e-04 7.120444e+00
4.000000e-04 7.088483e+00
5.000000e-04 7.057693e+00
6.000000e-04 7.028143e+00
7.000000e-04 6.999895e+00
8.000000e-04 6.973003e+00
9.000000e-04 6.947514e+00
1.000000e-03 6.923467e+00
1.100000e-03 6.900899e+00
1.200000e-03 6.879839e+00
1.300000e-03 6.860313e+00
1.400000e-03 6.842345e+00
1.500000e-03 6.825952e+00
1.600000e-03 6.811154e+00
1.700000e-03 6.797962e+00
1.800000e-03 6.786392e+00
1.900000e-03 6.776452e+00
2.000000e-03 6.768152e+00
2.100000e-03 6.761501e+00
2.200000e-03 6.756504e+00
2.300000e-03 6.753168e+00
2.400000e-03 6.751496e+00
2.500000e-03 6.751491e+00
2.600000e-03 6.753157e+00
2.700000e-03 6.756493e+00
2.800000e-03 6.761500e+00
2.900000e-03 6.768175e+00
3.000000e-03 6.776517e+00
3.100000e-03 6.786520e+00
3.200000e-03 6.798178e+00
3.300000e-03 6.811483e+00
3.400000e-03 6.826426e+00
3.500000e-03 6.842995e+00
3.600000e-03 6.861175e+00
3.700000e-03 6.880950e+00
3.800000e-03 6.902300e+00
3.900000e-03 6.925205e+00
4.000000e-03 6.949638e+00
4.100000e-03 6.975573e+00
4.200000e-03 7.002978e+00
4.300000e-03 7.031820e+00
4.400000e-03 7.062061e+00
4.500000e-03 7.093661e+00
4.600000e-03 7.126577e+00
4.700000e-03 7.160762e+00
4.800000e-03 7.196166e+00
4.900000e-03 7.232736e+00
5.000000e-03 7.270418e+00
5.100000e-03 7.309154e+00
5.200000e-03 7.348884e+00
5.300000e-03 7.389546e+00
5.400000e-03 7.431078e+00
5.500000e-03 7.473414e+00
5.600000e-03 7.516490e+00
5.700000e-03 7.560239e+00
5.800000e-03 7.604596e+00
5.900000e-03 7.649493e+00
6.000000e-03 7.694864e+00
6.100000e-03 7.740643e+00
6.200000e-03 7.786761e+00
6.300000e-03 7.833152e+00
6.400000e-03 7.879747e+00
6.500000e-03 7.926477e+00
6.600000e-03 7.973269e+00
6.700000e-03 8.020051e+00
6.800000e-03 8.066744e+00
6.900000e-03 8.113266e+00
7.000000e-03 8.159528e+00
7.100000e-03 8.205438e+00
7.200000e-03 8.250893e+00
7.300000e-03 8.295784e+00
7.400000e-03 8.339990e+00
7.500000e-03 8.383383e+00
7.600000e-03 8.425825e+00
7.700000e-03 8.467167e+00
7.800000e-03 8.507250e+00
7.900000e-03 8.545907e+00
8.000000e-03 8.582965e+00
8.100000e-03 8.618244e+00
8.200000e-03 8.651561e+00
8.300000e-03 8.682735e+00
8.400000e-03 8.711588e+00
8.500000e-03 8.737949e+00
8.600000e-03 8.761661e+00
8.700000e-03 8.782586e+00
8.800000e-03 8.800606e+00
8.900000e-03 8.815633e+00
9.000000e-03 8.827615e+00
9.100000e-03 8.836536e+00
9.200000e-03 8.842427e+00
9.300000e-03 8.845367e+00
9.400000e-03 8.845486e+00
9.500000e-03 8.842969e+00
9.600000e-03 8.838057e+00
9.700000e-03 8.831042e+00
9.800000e-03 8.822268e+00
9.900000e-03 8.812121e+00
1.000000e-02 8.801025e+00
1.010000e-02 8.789426e+00
1.020000e-02 8.777781e+00
1.030000e-02 8.766542e+00
1.040000e-02 8.756141e+00
1.050000e-02 8.746969e+00
1.060000e-02 8.739366e+00
1.070000e-02 8.733598e+00
1.080000e-02 8.729852e+00
1.090000e-02 8.728223e+00
1.100000e-02 8.728710e+00
1.110000e-02 8.731213e+00
1.120000e-02 8.735541e+00
1.130000e-02 8.741417e+00
1.140000e-02 8.748490e+00
1.150000e-02 8.756356e+00
1.160000e-02 8.764574e+00
1.170000e-02 8.772692e+00
1.180000e-02 8.780265e+00
1.190000e-02 8.786882e+00
1.200000e-02 8.792187e+00
1.210000e-02 8.795894e+00
1.220000e-02 8.797801e+00
1.230000e-02 8.797800e+00
1.240000e-02 8.795873e+00
1.250000e-02 8.792094e+00
1.260000e-02 8.786616e+00
1.270000e-02 8.779658e+00
1.280000e-02 8.771486e+00
1.290000e-02 8.762399e+00
1.300000e-02 8.752709e+00
1.310000e-02 8.742721e+00
1.320000e-02 8.732721e+00
1.330000e-02 8.722964e+00
1.340000e-02 8.713661e+00
1.350000e-02 8.704982e+00
1.360000e-02 8.697044e+00
1.370000e-02 8.689921e+00
1.380000e-02 8.683641e+00
1.390000e-02 8.678197e+00
1.400000e-02 8.673551e+00
1.410000e-02 8.669644e+00
1.420000e-02 8.666400e+00
1.430000e-02 8.663736e+00
1.440000e-02 8.661560e+00
1.450000e-02 8.659738e+00
1.460000e-02 8.657587e+00
1.470000e-02 8.657130e+00
1.480000e-02 8.657256e+00
1.490000e-02 8.657893e+00
1.500000e-02 8.659050e+00
1.510000e-02 8.660758e+00
1.520000e-02 8.663063e+00
1.530000e-02 8.666013e+00
1.540000e-02 8.669658e+00
1.550000e-02 8.674036e+00
1.560000e-02 8.679173e+00
1.570000e-02 8.685075e+00
1.580000e-02 8.691723e+00
1.590000e-02 8.699069e+00
1.600000e-02 8.707036e+00
1.610000e-02 8.715511e+00
1.620000e-02 8.724350e+00
1.630000e-02 8.733374e+00
1.640000e-02 8.742370e+00
1.650000e-02 8.751100e+00
1.660000e-02 8.759298e+00
1.670000e-02 8.766676e+00
1.680000e-02 8.772934e+00
1.690000e-02 8.777763e+00
1.700000e-02 8.780853e+00
1.710000e-02 8.781904e+00
1.720000e-02 8.780634e+00
1.730000e-02 8.776787e+00
1.740000e-02 8.770145e+00
1.750000e-02 8.760538e+00
1.760000e-02 8.747847e+00
1.770000e-02 8.732017e+00
1.780000e-02 8.713058e+00
1.790000e-02 8.691048e+00
1.800000e-02 8.666134e+00
1.810000e-02 8.638528e+00
1.820000e-02 8.608498e+00
1.830000e-02 8.576366e+00
1.840000e-02 8.542492e+00
1.850000e-02 8.507262e+00
1.860000e-02 8.471077e+00
1.870000e-02 8.434337e+00
1.880000e-02 8.397429e+00
1.890000e-02 8.360718e+00
1.900000e-02 8.324529e+00
1.910000e-02 8.289147e+00
1.920000e-02 8.254806e+00
1.930000e-02 8.221687e+00
1.940000e-02 8.189918e+00
1.950000e-02 8.159572e+00
1.960000e-02 8.130673e+00
1.970000e-02 8.103200e+00
1.980000e-02 8.077093e+00
1.990000e-02 8.052263e+00
2.000000e-02 8.028599e+00
2.010000e-02 8.005979e+00
2.020000e-02 7.984279e+00
2.030000e-02 7.963380e+00
2.040000e-02 7.943183e+00
2.050000e-02 7.923607e+00
2.060000e-02 7.904601e+00
2.070000e-02 7.886143e+00
2.080000e-02 7.868246e+00
2.090000e-02 7.850949e+00
2.100000e-02 7.834320e+00
2.110000e-02 7.818451e+00
2.120000e-02 7.803445e+00
2.130000e-02 7.789416e+00
2.140000e-02 7.776478e+00
2.150000e-02 7.764736e+00
2.160000e-02 7.754282e+00
2.170000e-02 7.745187e+00
2.180000e-02 7.737496e+00
2.190000e-02 7.731225e+00
2.200000e-02 7.726359e+00
2.210000e-02 7.722850e+00
2.220000e-02 7.720620e+00
2.230000e-02 7.719557e+00
2.240000e-02 7.719527e+00
2.250000e-02 7.720366e+00
2.260000e-02 7.721895e+00
2.270000e-02 7.723917e+00
2.280000e-02 7.726225e+00
2.290000e-02 7.728607e+00
2.300000e-02 7.730853e+00
2.310000e-02 7.732756e+00
2.320000e-02 7.734119e+00
2.330000e-02 7.734762e+00
2.340000e-02 7.734520e+00
2.350000e-02 7.733252e+00
2.360000e-02 7.730841e+00
2.370000e-02 7.727194e+00
2.380000e-02 7.722247e+00
2.390000e-02 7.715965e+00
2.400000e-02 7.708336e+00
2.410000e-02 7.699379e+00
2.420000e-02 7.689135e+00
2.430000e-02 7.677669e+00
2.440000e-02 7.665065e+00
2.450000e-02 7.651426e+00
2.460000e-02 7.636868e+00
2.470000e-02 7.621520e+00
2.480000e-02 7.605518e+00
2.490000e-02 7.589002e+00
2.500000e-02 7.572114e+00
2.510000e-02 7.554995e+00
2.520000e-02 7.537782e+00
2.530000e-02 7.520602e+00
2.540000e-02 7.503577e+00
2.550000e-02 7.486815e+00
2.560000e-02 7.470412e+00
2.570000e-02 7.454449e+00
2.580000e-02 7.438993e+00
2.590000e-02 7.424094e+00
2.600000e-02 7.409785e+00
2.610000e-02 7.396086e+00
2.620000e-02 7.382995e+00
2.630000e-02 7.370499e+00
2.640000e-02 7.358564e+00
2.650000e-02 7.347143e+00
2.660000e-02 7.336173e+00
2.670000e-02 7.325574e+00
2.680000e-02 7.315250e+00
2.690000e-02 7.305092e+00
2.700000e-02 7.294973e+00
2.710000e-02 7.284750e+00
2.720000e-02 7.274268e+00
2.730000e-02 7.263355e+00
2.740000e-02 7.251826e+00
2.750000e-02 7.239483e+00
2.760000e-02 7.226123e+00
2.770000e-02 7.211533e+00
2.780000e-02 7.195503e+00
2.790000e-02 7.177828e+00
2.800000e-02 7.158316e+00
2.810000e-02 7.136793e+00
2.820000e-02 7.113119e+00
2.830000e-02 7.087187e+00
2.840000e-02 7.058938e+00
2.850000e-02 7.028362e+00
2.860000e-02 6.995508e+00
2.870000e-02 6.960479e+00
2.880000e-02 6.923439e+00
2.890000e-02 6.884602e+00
2.900000e-02 6.844231e+00
2.910000e-02 6.802625e+00
2.920000e-02 6.760113e+00
2.930000e-02 6.717038e+00
2.940000e-02 6.673749e+00
2.950000e-02 6.630589e+00
2.960000e-02 6.587882e+00
2.970000e-02 6.545931e+00
2.980000e-02 6.505003e+00
2.990000e-02 6.465334e+00
3.000000e-02 6.427116e+00
3.010000e-02 6.390505e+00
3.020000e-02 6.355614e+00
3.030000e-02 6.322521e+00
3.040000e-02 6.291265e+00
3.050000e-02 6.261855e+00
3.060000e-02 6.234267e+00
3.070000e-02 6.208455e+00
3.080000e-02 6.184349e+00
3.090000e-02 6.161859e+00
3.100000e-02 6.140884e+00
3.110000e-02 6.121309e+00
3.120000e-02 6.103011e+00
3.130000e-02 6.085862e+00
3.140000e-02 6.069733e+00
3.150000e-02 6.054493e+00
3.160000e-02 6.040016e+00
3.170000e-02 6.026179e+00
3.180000e-02 6.012866e+00
3.190000e-02 5.999971e+00
3.200000e-02 5.987395e+00
3.210000e-02 5.975052e+00
3.220000e-02 5.962866e+00
3.230000e-02 5.950774e+00
3.240000e-02 5.938728e+00
3.250000e-02 5.926690e+00
3.260000e-02 5.914637e+00
3.270000e-02 5.902557e+00
3.280000e-02 5.890452e+00
3.290000e-02 5.878335e+00
3.300000e-02 5.866231e+00
3.310000e-02 5.854172e+00
3.320000e-02 5.842202e+00
3.330000e-02 5.830374e+00
3.340000e-02 5.818746e+00
3.350000e-02 5.807383e+00
3.360000e-02 5.796356e+00
3.370000e-02 5.785739e+00
3.380000e-02 5.775611e+00
3.390000e-02 5.766054e+00
3.400000e-02 5.757151e+00
3.410000e-02 5.748986e+00
3.420000e-02 5.741645e+00
3.430000e-02 5.735214e+00
3.440000e-02 5.729779e+00
3.450000e-02 5.725424e+00
3.460000e-02 5.722235e+00
3.470000e-02 5.720294e+00
3.480000e-02 5.719683e+00
3.490000e-02 5.720484e+00
3.500000e-02 5.722772e+00
3.510000e-02 5.726625e+00
3.520000e-02 5.732116e+00
3.530000e-02 5.739314e+00
3.540000e-02 5.748285e+00
3.550000e-02 5.759091e+00
3.560000e-02 5.771789e+00
3.570000e-02 5.786430e+00
3.580000e-02 5.803058e+00
3.590000e-02 5.821710e+00
3.600000e-02 5.842411e+00
3.610000e-02 5.865180e+00
3.620000e-02 5.890019e+00
3.630000e-02 5.916919e+00
3.640000e-02 5.945854e+00
3.650000e-02 5.976781e+00
3.660000e-02 6.009637e+00
3.670000e-02 6.044335e+00
3.680000e-02 6.080766e+00
3.690000e-02 6.118795e+00
3.700000e-02 6.158258e+00
3.710000e-02 6.198963e+00
3.720000e-02 6.240687e+00
3.730000e-02 6.283174e+00
3.740000e-02 6.326141e+00
3.750000e-02 6.369273e+00
3.760000e-02 6.412224e+00
3.770000e-02 6.454626e+00
3.780000e-02 6.496088e+00
3.790000e-02 6.536200e+00
3.800000e-02 6.574543e+00
3.810000e-02 6.610697e+00
3.820000e-02 6.644248e+00
3.830000e-02 6.674801e+00
3.840000e-02 6.701996e+00
3.850000e-02 6.725522e+00
3.860000e-02 6.745136e+00
3.870000e-02 6.760680e+00
3.880000e-02 6.772105e+00
3.890000e-02 6.779485e+00
3.900000e-02 6.783030e+00
3.910000e-02 6.783103e+00
3.920000e-02 6.780213e+00
3.930000e-02 6.775013e+00
3.940000e-02 6.768279e+00
3.950000e-02 6.760880e+00
3.960000e-02 6.753747e+00
3.970000e-02 6.747821e+00
3.980000e-02 6.744014e+00
3.990000e-02 6.743159e+00
4.000000e-02 6.745966e+00
4.010000e-02 6.752987e+00
4.020000e-02 6.764583e+00
4.030000e-02 6.780896e+00
4.040000e-02 6.801839e+00
4.050000e-02 6.827083e+00
4.060000e-02 6.856058e+00
4.070000e-02 6.887963e+00
4.080000e-02 6.921787e+00
4.090000e-02 6.956346e+00
4.100000e-02 6.990329e+00
4.110000e-02 7.022360e+00
4.120000e-02 7.051071e+00
4.130000e-02 7.075181e+00
4.140000e-02 7.093571e+00
4.150000e-02 7.105351e+00
4.160000e-02 7.109913e+00
4.170000e-02 7.106953e+00
4.180000e-02 7.096483e+00
4.190000e-02 7.078798e+00
4.200000e-02 7.054447e+00
4.210000e-02 7.024171e+00
4.220000e-02 6.988844e+00
4.230000e-02 6.949418e+00
4.240000e-02 6.906865e+00
4.250000e-02 6.862135e+00
4.260000e-02 6.816123e+00
4.270000e-02 6.769645e+00
4.280000e-02 6.723425e+00
4.290000e-02 6.678090e+00
4.300000e-02 6.634169e+00
4.310000e-02 6.592097e+00
4.320000e-02 6.552225e+00
4.330000e-02 6.514823e+00
4.340000e-02 6.480094e+00
4.350000e-02 6.448179e+00
4.360000e-02 6.419167e+00
4.370000e-02 6.393105e+00
4.380000e-02 6.369998e+00
4.390000e-02 6.349822e+00
4.400000e-02 6.332526e+00
4.410000e-02 6.318035e+00
4.420000e-02 6.306257e+00
4.430000e-02 6.297083e+00
4.440000e-02 6.290392e+00
4.450000e-02 6.286053e+00
4.460000e-02 6.283926e+00
4.470000e-02 6.283862e+00
4.480000e-02 6.285709e+00
4.490000e-02 6.289312e+00
4.500000e-02 6.294513e+00
4.510000e-02 6.301151e+00
4.520000e-02 6.309069e+00
4.530000e-02 6.318110e+00
4.540000e-02 6.328122e+00
4.550000e-02 6.338958e+00
4.560000e-02 6.350477e+00
4.570000e-02 6.362548e+00
4.580000e-02 6.375049e+00
4.590000e-02 6.387873e+00
4.600000e-02 6.400924e+00
4.610000e-02 6.414121e+00
4.620000e-02 6.427402e+00
4.630000e-02 6.440721e+00
4.640000e-02 6.454051e+00
4.650000e-02 6.467386e+00
4.660000e-02 6.480738e+00
4.670000e-02 6.494139e+00
4.680000e-02 6.507644e+00
4.690000e-02 6.521323e+00
4.700000e-02 6.535267e+00
4.710000e-02 6.549584e+00
4.720000e-02 6.564396e+00
4.730000e-02 6.579840e+00
4.740000e-02 6.596064e+00
4.750000e-02 6.613220e+00
4.760000e-02 6.631467e+00
4.770000e-02 6.650964e+00
4.780000e-02 6.671863e+00
4.790000e-02 6.694307e+00
4.800000e-02 6.718419e+00
4.810000e-02 6.744299e+00
4.820000e-02 6.772015e+00
4.830000e-02 6.801592e+00
4.840000e-02 6.833003e+00
4.850000e-02 6.866161e+00
4.860000e-02 6.900910e+00
4.870000e-02 6.937013e+00
4.880000e-02 6.974152e+00
4.890000e-02 7.011921e+00
4.900000e-02 7.049828e+00
4.910000e-02 7.087308e+00
4.920000e-02 7.123734e+00
4.930000e-02 7.158444e+00
4.940000e-02 7.190769e+00
4.950000e-02 7.220069e+00
4.960000e-02 7.245772e+00
4.970000e-02 7.267414e+00
4.980000e-02 7.284671e+00
4.990000e-02 7.297381e+00
