0.000000e+00 8.101031e+00
6.000000e-02 7.878663e+00
1.200000e-01 7.711548e+00
1.800000e-01 7.570717e+00
2.400000e-01 7.415159e+00
3.000000e-01 7.218278e+00
3.600000e-01 7.017545e+00
4.200000e-01 6.853093e+00
4.800000e-01 6.701504e+00
5.400000e-01 6.585624e+00
6.000000e-01 6.708271e+00
6.600000e-01 7.064902e+00
7.200000e-01 6.524272e+00
7.800000e-01 6.523719e+00
8.400000e-01 6.501020e+00
9.000000e-01 6.487516e+00
9.600000e-01 6.187739e+00
1.020000e+00 5.872090e+00
1.080000e+00 5.198075e+00
1.140000e+00 5.379041e+00
1.200000e+00 6.084632e+00
1.260000e+00 5.962181e+00
1.320000e+00 5.327050e+00
1.380000e+00 4.896362e+00
1.440000e+00 4.299805e+00
1.500000e+00 3.251551e+00
1.560000e+00 3.720228e+00
1.620000e+00 3.966666e+00
1.680000e+00 3.645726e+00
1.740000e+00 3.915962e+00
1.800000e+00 3.159954e+00
1.860000e+00 3.632464e+00
1.920000e+00 4.115197e+00
1.980000e+00 2.991909e+00
2.040000e+00 3.986341e+00
2.100000e+00 3.616725e+00
2.160000e+00 2.690412e+00
2.220000e+00 3.889112e+00
2.280000e+00 3.416442e+00
2.340000e+00 2.771430e+00
2.400000e+00 3.104815e+00
2.460000e+00 1.815817e+00
2.520000e+00 2.615791e+00
2.580000e+00 1.670552e+00
2.640000e+00 2.045607e+00
2.700000e+00 9.698882e-01
2.760000e+00 1.892136e+00
2.820000e+00 2.364366e+00
2.880000e+00 1.058574e+00
2.940000e+00 2.073736e+00
3.000000e+00 2.339982e+00
3.060000e+00 2.019277e+00
3.120000e+00 1.039865e+00
3.180000e+00 1.074246e+00
3.240000e+00 1.122507e+00
3.300000e+00 2.486095e+00
3.360000e+00 7.154360e-01
3.420000e+00 2.758060e+00
3.480000e+00 1.529741e+00
3.540000e+00 8.600723e-01
3.600000e+00 1.170815e+00
3.660000e+00 8.738454e-01
3.720000e+00 8.114005e-01
3.780000e+00 9.886329e-02
3.840000e+00 2.619531e-01
3.900000e+00 9.981684e-01
3.960000e+00 8.169416e-02
4.020000e+00 1.249643e+00
4.080000e+00 3.045355e-01
4.140000e+00 1.575650e-02
4.200000e+00 1.357325e+00
4.260000e+00 1.698622e-01
4.320000e+00 1.394988e+00
4.380000e+00 7.139924e-01
4.440000e+00 2.099558e-02
4.500000e+00 5.360722e-02
4.560000e+00 3.932654e-03
4.620000e+00 6.016210e-01
4.680000e+00 1.785734e-03
4.740000e+00 6.442043e-04
4.800000e+00 2.696789e-01
4.860000e+00 1.231142e-01
4.920000e+00 1.252872e-02
4.980000e+00 5.061484e-02
5.040000e+00 1.113134e-02
5.100000e+00 4.684633e-02
5.160000e+00 4.226693e-03
5.220000e+00 1.882714e-01
5.280000e+00 1.307594e-01
5.340000e+00 7.709679e-03
5.400000e+00 4.219851e-03
5.460000e+00 1.789702e-02
5.520000e+00 1.402319e-01
5.580000e+00 1.727747e-01
5.640000e+00 4.026802e-03
5.700000e+00 4.740623e-05
5.760000e+00 1.123015e-05
5.820000e+00 1.456268e-04
5.880000e+00 6.657010e-04
5.940000e+00 1.683218e-04
