0.000000e+00 8.101031e+00
6.000000e-02 8.116580e+00
1.200000e-01 8.195186e+00
1.800000e-01 8.463888e+00
2.400000e-01 8.398936e+00
3.000000e-01 7.470616e+00
3.600000e-01 7.021521e+00
4.200000e-01 7.075387e+00
4.800000e-01 7.128491e+00
5.400000e-01 6.952156e+00
6.000000e-01 6.732547e+00
6.600000e-01 6.492610e+00
7.200000e-01 6.333719e+00
7.800000e-01 6.303960e+00
8.400000e-01 6.223486e+00
9.000000e-01 5.935550e+00
9.600000e-01 5.679156e+00
1.020000e+00 6.439650e+00
1.080000e+00 5.704008e+00
1.140000e+00 5.413318e+00
1.200000e+00 5.239217e+00
1.260000e+00 3.803444e+00
1.320000e+00 2.849569e+00
1.380000e+00 3.933650e+00
1.440000e+00 4.455115e+00
1.500000e+00 4.739053e+00
1.560000e+00 5.192751e+00
1.620000e+00 4.653722e+00
1.680000e+00 4.589059e+00
1.740000e+00 3.552387e+00
1.800000e+00 3.682279e+00
1.860000e+00 3.298109e+00
1.920000e+00 3.519686e+00
1.980000e+00 3.522877e+00
2.040000e+00 2.553943e+00
2.100000e+00 2.793602e+00
2.160000e+00 3.459614e+00
2.220000e+00 2.494169e+00
2.280000e+00 3.469267e+00
2.340000e+00 1.767409e+00
2.400000e+00 2.099859e+00
2.460000e+00 2.589762e+00
2.520000e+00 2.069617e+00
2.580000e+00 3.052576e+00
2.640000e+00 1.605816e+00
2.700000e+00 2.874724e+00
2.760000e+00 3.668538e+00
2.820000e+00 2.100887e+00
2.880000e+00 2.002664e+00
2.940000e+00 2.103149e+00
3.000000e+00 2.283695e+00
3.060000e+00 2.117369e+00
3.120000e+00 1.541900e+00
3.180000e+00 1.890793e+00
3.240000e+00 1.029817e+00
3.300000e+00 7.143605e-01
3.360000e+00 2.172523e+00
3.420000e+00 3.242822e-01
3.480000e+00 1.581719e+00
3.540000e+00 1.811127e+00
3.600000e+00 8.646238e-01
3.660000e+00 1.404939e+00
3.720000e+00 5.532105e-01
3.780000e+00 1.763161e+00
3.840000e+00 2.660434e-01
3.900000e+00 1.299968e+00
3.960000e+00 1.688998e+00
4.020000e+00 2.412614e+00
4.080000e+00 3.601894e-01
4.140000e+00 5.327470e-01
4.200000e+00 1.660307e+00
4.260000e+00 5.245364e-01
4.320000e+00 5.342999e-01
4.380000e+00 5.462016e-02
4.440000e+00 1.054902e+00
4.500000e+00 2.652560e-01
4.560000e+00 1.815738e-01
4.620000e+00 2.928461e-02
4.680000e+00 1.690839e+00
4.740000e+00 3.316416e-01
4.800000e+00 5.032851e-01
4.860000e+00 1.917037e-01
4.920000e+00 2.382662e+00
4.980000e+00 1.201103e-01
5.040000e+00 6.717255e-03
5.100000e+00 3.265086e-03
5.160000e+00 1.248868e+00
5.220000e+00 3.046700e-02
5.280000e+00 2.586432e-01
5.340000e+00 3.755458e-01
5.400000e+00 9.821854e-01
5.460000e+00 4.982816e-01
5.520000e+00 3.963298e-01
5.580000e+00 5.922310e-01
5.640000e+00 5.440582e-02
5.700000e+00 1.353581e-01
5.760000e+00 8.369041e-03
5.820000e+00 5.104472e-03
5.880000e+00 2.408836e-03
5.940000e+00 3.701382e-03
