0.000000e+00 4.074926e+00
5.000000e-02 4.075176e+00
1.000000e-01 3.991144e+00
1.500000e-01 3.865390e+00
2.000000e-01 3.687635e+00
2.500000e-01 3.433587e+00
3.000000e-01 3.247342e+00
3.500000e-01 3.332035e+00
4.000000e-01 3.578488e+00
4.500000e-01 3.729594e+00
5.000000e-01 3.872777e+00
5.500000e-01 3.951339e+00
6.000000e-01 3.719954e+00
6.500000e-01 3.622555e+00
7.000000e-01 3.593856e+00
7.500000e-01 3.752860e+00
8.000000e-01 3.861190e+00
8.500000e-01 3.930522e+00
9.000000e-01 3.737575e+00
9.500000e-01 3.806219e+00
1.000000e+00 3.610965e+00
1.050000e+00 3.663244e+00
1.100000e+00 3.900381e+00
1.150000e+00 4.004470e+00
1.200000e+00 3.509549e+00
1.250000e+00 2.979597e+00
1.300000e+00 3.438244e+00
1.350000e+00 3.211374e+00
1.400000e+00 3.217294e+00
1.450000e+00 3.473253e+00
1.500000e+00 3.335102e+00
1.550000e+00 2.929729e+00
1.600000e+00 2.981405e+00
1.650000e+00 2.954291e+00
1.700000e+00 2.764792e+00
1.750000e+00 2.836992e+00
1.800000e+00 3.084784e+00
1.850000e+00 3.123992e+00
1.900000e+00 2.965191e+00
1.950000e+00 2.699958e+00
2.000000e+00 2.857534e+00
2.050000e+00 2.908279e+00
2.100000e+00 2.418269e+00
2.150000e+00 2.557492e+00
2.200000e+00 2.616331e+00
2.250000e+00 2.174256e+00
2.300000e+00 2.058576e+00
2.350000e+00 2.228649e+00
2.400000e+00 2.280760e+00
2.450000e+00 2.209106e+00
2.500000e+00 2.173631e+00
2.550000e+00 2.589373e+00
2.600000e+00 2.670184e+00
2.650000e+00 1.894281e+00
2.700000e+00 2.416441e+00
2.750000e+00 1.968846e+00
2.800000e+00 1.400662e+00
2.850000e+00 1.637672e+00
2.900000e+00 2.150773e+00
2.950000e+00 2.168784e+00
3.000000e+00 1.947451e+00
3.050000e+00 1.681709e+00
3.100000e+00 1.569444e+00
3.150000e+00 1.541767e+00
3.200000e+00 1.845946e+00
3.250000e+00 1.663929e+00
3.300000e+00 1.518371e+00
3.350000e+00 1.403272e+00
3.400000e+00 1.591141e+00
3.450000e+00 1.470030e+00
3.500000e+00 2.075843e+00
3.550000e+00 1.469176e+00
3.600000e+00 1.088865e+00
3.650000e+00 1.286205e+00
3.700000e+00 9.241956e-01
3.750000e+00 9.504077e-01
3.800000e+00 1.428913e+00
3.850000e+00 1.083128e+00
3.900000e+00 1.172825e+00
3.950000e+00 8.717407e-01
4.000000e+00 1.242964e+00
4.050000e+00 6.757882e-01
4.100000e+00 1.322508e+00
4.150000e+00 8.979589e-01
4.200000e+00 1.144624e+00
4.250000e+00 9.816459e-01
4.300000e+00 8.821488e-01
4.350000e+00 7.020131e-01
4.400000e+00 4.767644e-01
4.450000e+00 6.980964e-01
4.500000e+00 1.490550e+00
4.550000e+00 7.632745e-01
4.600000e+00 9.936687e-01
4.650000e+00 7.462398e-01
4.700000e+00 4.617113e-01
4.750000e+00 7.479281e-01
4.800000e+00 1.369585e-01
4.850000e+00 2.770948e-01
4.900000e+00 5.007587e-01
4.950000e+00 6.309619e-01
