0.000000e+00 4.521144e+00
5.000000e-02 4.551089e+00
1.000000e-01 4.646475e+00
1.500000e-01 4.721252e+00
2.000000e-01 4.713297e+00
2.500000e-01 4.645040e+00
3.000000e-01 4.634191e+00
3.500000e-01 4.680814e+00
4.000000e-01 4.651706e+00
4.500000e-01 4.558548e+00
5.000000e-01 4.369949e+00
5.500000e-01 3.998389e+00
6.000000e-01 3.541215e+00
6.500000e-01 3.394723e+00
7.000000e-01 3.497701e+00
7.500000e-01 3.540948e+00
8.000000e-01 3.744634e+00
8.500000e-01 3.678921e+00
9.000000e-01 3.362886e+00
9.500000e-01 3.318596e+00
1.000000e+00 3.204468e+00
1.050000e+00 3.276390e+00
1.100000e+00 3.389321e+00
1.150000e+00 3.039061e+00
1.200000e+00 2.822507e+00
1.250000e+00 3.225094e+00
1.300000e+00 3.364783e+00
1.350000e+00 3.333922e+00
1.400000e+00 3.684762e+00
1.450000e+00 3.401587e+00
1.500000e+00 2.944966e+00
1.550000e+00 2.618686e+00
1.600000e+00 2.585879e+00
1.650000e+00 2.914544e+00
1.700000e+00 2.913865e+00
1.750000e+00 2.472848e+00
1.800000e+00 2.884397e+00
1.850000e+00 2.242917e+00
1.900000e+00 2.225513e+00
1.950000e+00 2.265214e+00
2.000000e+00 2.302769e+00
2.050000e+00 2.555388e+00
2.100000e+00 2.348939e+00
2.150000e+00 2.152487e+00
2.200000e+00 2.235456e+00
2.250000e+00 2.228941e+00
2.300000e+00 2.267654e+00
2.350000e+00 1.793104e+00
2.400000e+00 2.053205e+00
2.450000e+00 1.575345e+00
2.500000e+00 1.704435e+00
2.550000e+00 2.103949e+00
2.600000e+00 2.342079e+00
2.650000e+00 2.111069e+00
2.700000e+00 1.767824e+00
2.750000e+00 1.541135e+00
2.800000e+00 1.941191e+00
2.850000e+00 1.525752e+00
2.900000e+00 1.741613e+00
2.950000e+00 1.557572e+00
3.000000e+00 1.380179e+00
3.050000e+00 1.181682e+00
3.100000e+00 1.365040e+00
3.150000e+00 1.587693e+00
3.200000e+00 1.603207e+00
3.250000e+00 1.519949e+00
3.300000e+00 1.406587e+00
3.350000e+00 1.223604e+00
3.400000e+00 1.419244e+00
3.450000e+00 1.055389e+00
3.500000e+00 1.561889e+00
3.550000e+00 1.371774e+00
3.600000e+00 1.419435e+00
3.650000e+00 7.892931e-01
3.700000e+00 1.019426e+00
3.750000e+00 1.234920e+00
3.800000e+00 1.641505e+00
3.850000e+00 7.840468e-01
3.900000e+00 8.601547e-01
3.950000e+00 1.384130e+00
4.000000e+00 5.276980e-01
4.050000e+00 1.056055e+00
4.100000e+00 4.759393e-01
4.150000e+00 1.030141e+00
4.200000e+00 1.490374e+00
4.250000e+00 1.573141e+00
4.300000e+00 8.878150e-01
4.350000e+00 6.599121e-01
4.400000e+00 9.135707e-01
4.450000e+00 1.323220e+00
4.500000e+00 9.181086e-01
4.550000e+00 1.016225e+00
4.600000e+00 8.911674e-01
4.650000e+00 8.885893e-01
4.700000e+00 1.019533e+00
4.750000e+00 1.072431e+00
4.800000e+00 1.297372e+00
4.850000e+00 7.249354e-01
4.900000e+00 9.231720e-01
4.950000e+00 9.209072e-01
