-5.000000e-02 3.574730e-01
-4.990000e-02 1.313602e-01
-4.980000e-02 1.672825e-01
-4.970000e-02 2.370686e-01
-4.960000e-02 2.121872e-01
-4.950000e-02 2.765092e-01
-4.940000e-02 1.786841e-01
-4.930000e-02 1.760626e-01
-4.920000e-02 2.707545e-01
-4.910000e-02 1.161542e-01
-4.900000e-02 2.383358e-01
-4.890000e-02 1.519136e-01
-4.880000e-02 2.542951e-01
-4.870000e-02 2.291142e-01
-4.860000e-02 2.301709e-01
-4.850000e-02 1.395554e-01
-4.840000e-02 1.516510e-01
-4.830000e-02 2.478158e-01
-4.820000e-02 2.569212e-01
-4.810000e-02 2.732316e-01
-4.800000e-02 2.747021e-01
-4.790000e-02 2.414905e-01
-4.780000e-02 1.158404e-01
-4.770000e-02 2.325093e-01
-4.760000e-02 2.258788e-01
-4.750000e-02 3.614922e-01
-4.740000e-02 3.148129e-01
-4.730000e-02 3.323548e-01
-4.720000e-02 2.600784e-01
-4.710000e-02 2.006082e-01
-4.700000e-02 1.516327e-01
-4.690000e-02 2.126466e-01
-4.680000e-02 2.346142e-01
-4.670000e-02 1.894845e-01
-4.660000e-02 1.373758e-01
-4.650000e-02 2.270880e-01
-4.640000e-02 1.679347e-01
-4.630000e-02 1.753892e-01
-4.620000e-02 1.736365e-01
-4.610000e-02 2.615038e-01
-4.600000e-02 2.361802e-01
-4.590000e-02 1.809581e-01
-4.580000e-02 1.732160e-01
-4.570000e-02 1.165742e-01
-4.560000e-02 2.151238e-01
-4.550000e-02 1.553442e-01
-4.540000e-02 1.250138e-01
-4.530000e-02 1.806098e-01
-4.520000e-02 3.478672e-02
-4.510000e-02 2.160501e-02
-4.500000e-02 2.011111e-02
-4.490000e-02 3.718903e-02
-4.480000e-02 1.952826e-01
-4.470000e-02 1.643800e-01
-4.460000e-02 2.025616e-01
-4.450000e-02 1.241520e-01
-4.440000e-02 1.611361e-01
-4.430000e-02 1.550956e-01
-4.420000e-02 8.286890e-02
-4.410000e-02 1.934410e-01
-4.400000e-02 2.739457e-01
-4.390000e-02 1.930164e-01
-4.380000e-02 2.005012e-01
-4.370000e-02 1.467418e-01
-4.360000e-02 2.850003e-01
-4.350000e-02 4.142117e-01
-4.340000e-02 2.393057e-01
-4.330000e-02 2.398068e-01
-4.320000e-02 2.206093e-01
-4.310000e-02 2.876274e-01
-4.300000e-02 2.474034e-01
-4.290000e-02 2.676236e-01
-4.280000e-02 2.878671e-01
-4.270000e-02 2.689937e-01
-4.260000e-02 1.183583e-01
-4.250000e-02 1.634990e-01
-4.240000e-02 8.290126e-02
-4.230000e-02 1.651463e-01
-4.220000e-02 2.739453e-01
-4.210000e-02 1.648726e-01
-4.200000e-02 1.367077e-01
-4.190000e-02 1.390523e-01
-4.180000e-02 1.796013e-01
-4.170000e-02 2.084152e-01
-4.160000e-02 1.433784e-01
-4.150000e-02 2.446928e-01
-4.140000e-02 2.055127e-01
-4.130000e-02 2.936834e-01
-4.120000e-02 3.117260e-01
-4.110000e-02 1.881427e-01
-4.100000e-02 2.696143e-01
-4.090000e-02 2.701483e-01
-4.080000e-02 2.640819e-01
-4.070000e-02 2.553069e-01
-4.060000e-02 1.318361e-01
-4.050000e-02 1.663231e-01
-4.040000e-02 2.369238e-01
-4.030000e-02 2.857261e-01
-4.020000e-02 2.375981e-01
-4.010000e-02 4.384984e-01
-4.000000e-02 2.709068e-01
-3.990000e-02 1.329369e-01
-3.980000e-02 2.596694e-01
-3.970000e-02 1.508183e-01
-3.960000e-02 1.472094e-01
-3.950000e-02 1.239452e-01
-3.940000e-02 2.399212e-01
-3.930000e-02 3.760850e-01
-3.920000e-02 2.668389e-01
-3.910000e-02 2.634288e-01
-3.900000e-02 2.038201e-01
-3.890000e-02 2.448445e-01
-3.880000e-02 2.392523e-01
-3.870000e-02 2.304052e-01
-3.860000e-02 3.014013e-01
-3.850000e-02 1.413671e-01
-3.840000e-02 2.696215e-01
-3.830000e-02 3.185247e-01
-3.820000e-02 2.882460e-01
-3.810000e-02 2.565570e-01
-3.800000e-02 2.644263e-01
-3.790000e-02 8.556423e-02
-3.780000e-02 1.513249e-01
-3.770000e-02 1.028415e-01
-3.760000e-02 2.440468e-01
-3.750000e-02 2.890886e-01
-3.740000e-02 3.115718e-01
-3.730000e-02 2.984305e-01
-3.720000e-02 3.545736e-01
-3.710000e-02 2.801659e-01
-3.700000e-02 2.377156e-01
-3.690000e-02 2.622713e-01
-3.680000e-02 2.051599e-01
-3.670000e-02 2.011389e-01
-3.660000e-02 1.642296e-01
-3.650000e-02 1.631359e-01
-3.640000e-02 2.037346e-01
-3.630000e-02 2.664167e-01
-3.620000e-02 2.659012e-01
-3.610000e-02 2.283338e-01
-3.600000e-02 2.537724e-01
-3.590000e-02 2.684049e-01
-3.580000e-02 1.446432e-01
-3.570000e-02 1.969113e-01
-3.560000e-02 2.197699e-01
-3.550000e-02 2.416045e-01
-3.540000e-02 2.606097e-01
-3.530000e-02 3.956907e-01
-3.520000e-02 6.623316e-02
-3.510000e-02 8.156257e-03
-3.500000e-02 2.527905e-01
-3.490000e-02 1.462402e-01
-3.480000e-02 1.163974e-01
-3.470000e-02 1.066915e-01
-3.460000e-02 3.283306e-01
-3.450000e-02 2.412925e-01
-3.440000e-02 3.137462e-01
-3.430000e-02 1.759167e-01
-3.420000e-02 2.021846e-01
-3.410000e-02 2.766287e-01
-3.400000e-02 1.333649e-01
-3.390000e-02 2.181782e-01
-3.380000e-02 2.076001e-01
-3.370000e-02 1.032743e-01
-3.360000e-02 1.839698e-01
-3.350000e-02 2.454827e-01
-3.340000e-02 3.531479e-01
-3.330000e-02 3.280801e-01
-3.320000e-02 2.654747e-01
-3.310000e-02 2.938944e-01
-3.300000e-02 1.640913e-01
-3.290000e-02 2.120626e-01
-3.280000e-02 2.695154e-01
-3.270000e-02 1.487935e-01
-3.260000e-02 2.647128e-01
-3.250000e-02 2.676001e-01
-3.240000e-02 7.441867e-02
-3.230000e-02 2.241324e-01
-3.220000e-02 2.056366e-01
-3.210000e-02 2.532102e-01
-3.200000e-02 1.110405e-02
-3.190000e-02 2.531803e-01
-3.180000e-02 2.016335e-01
-3.170000e-02 1.546240e-01
-3.160000e-02 2.173660e-01
-3.150000e-02 2.070253e-01
-3.140000e-02 3.472243e-01
-3.130000e-02 2.431265e-01
-3.120000e-02 2.456883e-01
-3.110000e-02 1.879352e-01
-3.100000e-02 1.326919e-01
-3.090000e-02 3.047649e-01
-3.080000e-02 2.652703e-01
-3.070000e-02 2.439189e-01
-3.060000e-02 3.471752e-01
-3.050000e-02 4.037304e-01
-3.040000e-02 3.475696e-01
-3.030000e-02 1.154420e-01
-3.020000e-02 9.348627e-02
-3.010000e-02 1.356157e-01
-3.000000e-02 2.505265e-01
-2.990000e-02 3.162657e-01
-2.980000e-02 1.898410e-01
-2.970000e-02 3.956138e-01
-2.960000e-02 1.782237e-01
-2.950000e-02 3.579565e-01
-2.940000e-02 3.890871e-01
-2.930000e-02 4.138482e-01
-2.920000e-02 7.800103e-02
-2.910000e-02 2.730446e-01
-2.900000e-02 3.188681e-01
-2.890000e-02 3.649923e-01
-2.880000e-02 3.591561e-01
-2.870000e-02 2.728711e-01
-2.860000e-02 3.629486e-01
-2.850000e-02 2.952544e-01
-2.840000e-02 2.075305e-01
-2.830000e-02 2.870514e-01
-2.820000e-02 1.562112e-01
-2.810000e-02 3.071234e-01
-2.800000e-02 2.041786e-01
-2.790000e-02 1.946541e-01
-2.780000e-02 2.174531e-01
-2.770000e-02 1.391639e-01
-2.760000e-02 2.673331e-01
-2.750000e-02 2.759339e-01
-2.740000e-02 2.834637e-01
-2.730000e-02 2.441554e-01
-2.720000e-02 1.698194e-01
-2.710000e-02 3.510582e-01
-2.700000e-02 2.986385e-01
-2.690000e-02 2.530232e-01
-2.680000e-02 2.672760e-01
-2.670000e-02 2.592968e-01
-2.660000e-02 2.528612e-01
-2.650000e-02 3.546923e-01
-2.640000e-02 2.084163e-01
-2.630000e-02 1.930830e-01
-2.620000e-02 2.173312e-01
-2.610000e-02 2.607945e-01
-2.600000e-02 2.689707e-01
-2.590000e-02 2.075792e-01
-2.580000e-02 2.096141e-01
-2.570000e-02 2.905567e-01
-2.560000e-02 8.900854e-02
-2.550000e-02 2.351765e-01
-2.540000e-02 4.106374e-01
-2.530000e-02 3.006714e-01
-2.520000e-02 4.057241e-01
-2.510000e-02 4.399191e-01
-2.500000e-02 3.061871e-01
-2.490000e-02 2.828491e-01
-2.480000e-02 1.965568e-01
-2.470000e-02 3.969181e-02
-2.460000e-02 1.064707e-01
-2.450000e-02 1.520294e-01
-2.440000e-02 3.104595e-01
-2.430000e-02 2.394206e-01
-2.420000e-02 2.006389e-01
-2.410000e-02 2.537230e-01
-2.400000e-02 3.744962e-01
-2.390000e-02 2.552559e-01
-2.380000e-02 3.992592e-01
-2.370000e-02 3.066631e-01
-2.360000e-02 2.669127e-01
-2.350000e-02 2.354988e-01
-2.340000e-02 2.748148e-01
-2.330000e-02 2.164112e-01
-2.320000e-02 4.007391e-01
-2.310000e-02 1.780094e-01
-2.300000e-02 3.040433e-01
-2.290000e-02 4.019406e-01
-2.280000e-02 2.990435e-01
-2.270000e-02 1.149169e-01
-2.260000e-02 1.987195e-01
-2.250000e-02 2.934420e-01
-2.240000e-02 3.583328e-01
-2.230000e-02 2.757000e-01
-2.220000e-02 4.517883e-01
-2.210000e-02 4.292580e-01
-2.200000e-02 3.617673e-01
-2.190000e-02 2.146483e-01
-2.180000e-02 3.314967e-01
-2.170000e-02 3.214727e-01
-2.160000e-02 3.090490e-01
-2.150000e-02 3.517121e-01
-2.140000e-02 2.136088e-01
-2.130000e-02 2.993480e-01
-2.120000e-02 4.204038e-01
-2.110000e-02 3.870736e-01
-2.100000e-02 3.560722e-01
-2.090000e-02 3.443561e-01
-2.080000e-02 4.836901e-01
-2.070000e-02 4.123352e-01
-2.060000e-02 3.286052e-01
-2.050000e-02 3.462078e-01
-2.040000e-02 3.169084e-01
-2.030000e-02 1.689861e-01
-2.020000e-02 2.237430e-01
-2.010000e-02 8.513645e-02
-2.000000e-02 1.902876e-01
-1.990000e-02 9.571702e-02
-1.980000e-02 2.481959e-01
-1.970000e-02 2.060255e-01
-1.960000e-02 2.715552e-01
-1.950000e-02 2.187170e-01
-1.940000e-02 2.736719e-01
-1.930000e-02 1.761732e-01
-1.920000e-02 1.338594e-01
-1.910000e-02 1.612080e-01
-1.900000e-02 2.893086e-01
-1.890000e-02 3.505564e-01
-1.880000e-02 4.092758e-01
-1.870000e-02 4.056688e-01
-1.860000e-02 3.688459e-01
-1.850000e-02 1.999220e-01
-1.840000e-02 3.962975e-01
-1.830000e-02 3.881703e-01
-1.820000e-02 1.972916e-01
-1.810000e-02 1.783305e-01
-1.800000e-02 1.852654e-01
-1.790000e-02 3.809098e-01
-1.780000e-02 3.485418e-01
-1.770000e-02 5.069568e-01
-1.760000e-02 4.992827e-01
-1.750000e-02 4.604894e-01
-1.740000e-02 4.034427e-01
-1.730000e-02 3.086175e-01
-1.720000e-02 2.227244e-01
-1.710000e-02 2.709837e-01
-1.700000e-02 2.582502e-01
-1.690000e-02 2.653882e-01
-1.680000e-02 2.726973e-01
-1.670000e-02 2.765061e-01
-1.660000e-02 2.422981e-01
-1.650000e-02 2.519508e-01
-1.640000e-02 2.795798e-01
-1.630000e-02 1.748053e-01
-1.620000e-02 3.496575e-01
-1.610000e-02 2.741425e-01
-1.600000e-02 1.999411e-01
-1.590000e-02 1.496813e-01
-1.580000e-02 1.982663e-01
-1.570000e-02 2.863095e-01
-1.560000e-02 3.061554e-01
-1.550000e-02 4.235389e-01
-1.540000e-02 3.180987e-01
-1.530000e-02 1.248865e-01
-1.520000e-02 2.821311e-01
-1.510000e-02 2.002408e-01
-1.500000e-02 1.897470e-01
-1.490000e-02 2.538562e-01
-1.480000e-02 2.851375e-01
-1.470000e-02 2.671686e-01
-1.460000e-02 2.637557e-01
-1.450000e-02 3.483889e-01
-1.440000e-02 3.081835e-01
-1.430000e-02 2.006384e-01
-1.420000e-02 1.188364e-01
-1.410000e-02 2.767242e-01
-1.400000e-02 2.243646e-01
-1.390000e-02 2.008272e-01
-1.380000e-02 2.477850e-01
-1.370000e-02 2.030876e-01
-1.360000e-02 1.050804e-01
-1.350000e-02 3.043145e-01
-1.340000e-02 2.660760e-01
-1.330000e-02 2.495775e-01
-1.320000e-02 2.713657e-01
-1.310000e-02 1.902811e-01
-1.300000e-02 3.423007e-01
-1.290000e-02 3.945762e-01
-1.280000e-02 3.380163e-01
-1.270000e-02 3.237352e-01
-1.260000e-02 3.134718e-01
-1.250000e-02 3.359651e-01
-1.240000e-02 3.665463e-01
-1.230000e-02 3.176195e-01
-1.220000e-02 2.904704e-01
-1.210000e-02 2.898971e-01
-1.200000e-02 2.450570e-01
-1.190000e-02 1.234763e-01
-1.180000e-02 3.487961e-01
-1.170000e-02 2.888071e-01
-1.160000e-02 3.612972e-01
-1.150000e-02 2.873759e-01
-1.140000e-02 2.064155e-01
-1.130000e-02 3.232535e-01
-1.120000e-02 3.473423e-01
-1.110000e-02 2.949428e-01
-1.100000e-02 2.990099e-01
-1.090000e-02 2.094973e-01
-1.080000e-02 3.859271e-01
-1.070000e-02 2.522986e-01
-1.060000e-02 3.746777e-01
-1.050000e-02 2.614977e-01
-1.040000e-02 2.414491e-01
-1.030000e-02 2.861341e-01
-1.020000e-02 2.779616e-01
-1.010000e-02 2.647324e-01
-1.000000e-02 2.493765e-01
-9.900000e-03 2.204942e-01
-9.800000e-03 1.426917e-01
-9.700000e-03 1.904564e-01
-9.600000e-03 2.950521e-01
-9.500000e-03 1.855911e-01
-9.400000e-03 2.477934e-01
-9.300000e-03 2.570912e-01
-9.200000e-03 3.776454e-01
-9.100000e-03 2.680395e-01
-9.000000e-03 1.539333e-01
-8.900000e-03 2.739314e-01
-8.800000e-03 2.577553e-01
-8.700000e-03 2.418222e-01
-8.600000e-03 2.581355e-01
-8.500000e-03 1.140319e-01
-8.400000e-03 3.108690e-01
-8.300000e-03 3.251873e-01
-8.200000e-03 3.796942e-01
-8.100000e-03 2.733771e-01
-8.000000e-03 3.202254e-01
-7.900000e-03 2.935158e-01
-7.800000e-03 3.236784e-01
-7.700000e-03 2.519231e-01
-7.600000e-03 3.326933e-01
-7.500000e-03 3.747943e-01
-7.400000e-03 4.119784e-01
-7.300000e-03 3.579251e-01
-7.200000e-03 3.149689e-01
-7.100000e-03 2.974697e-01
-7.000000e-03 2.859422e-01
-6.900000e-03 2.736546e-01
-6.800000e-03 2.541803e-01
-6.700000e-03 3.056943e-01
-6.600000e-03 1.767204e-01
-6.500000e-03 3.261850e-01
-6.400000e-03 2.796694e-01
-6.300000e-03 1.614260e-01
-6.200000e-03 1.653286e-01
-6.100000e-03 2.837089e-01
-6.000000e-03 1.574251e-01
-5.900000e-03 3.059169e-01
-5.800000e-03 3.515576e-01
-5.700000e-03 3.404602e-01
-5.600000e-03 4.475494e-01
-5.500000e-03 3.526424e-01
-5.400000e-03 3.641917e-01
-5.300000e-03 3.556201e-01
-5.200000e-03 2.986859e-01
-5.100000e-03 3.111995e-01
-5.000000e-03 2.448361e-01
-4.900000e-03 2.658442e-01
-4.800000e-03 2.912027e-01
-4.700000e-03 3.263907e-01
-4.600000e-03 3.288302e-01
-4.500000e-03 2.667455e-01
-4.400000e-03 2.685631e-01
-4.300000e-03 2.397994e-01
-4.200000e-03 3.046183e-01
-4.100000e-03 3.468884e-01
-4.000000e-03 3.301575e-01
-3.900000e-03 2.728569e-01
-3.800000e-03 2.200890e-01
-3.700000e-03 1.943986e-01
-3.600000e-03 2.710836e-01
-3.500000e-03 2.370517e-01
-3.400000e-03 1.043164e-01
-3.300000e-03 1.277642e-01
-3.200000e-03 2.661315e-01
-3.100000e-03 2.964523e-01
-3.000000e-03 2.771308e-01
-2.900000e-03 3.142572e-01
-2.800000e-03 1.863501e-01
-2.700000e-03 2.667745e-01
-2.600000e-03 2.841853e-01
-2.500000e-03 2.584686e-01
-2.400000e-03 3.471185e-01
-2.300000e-03 2.078499e-01
-2.200000e-03 1.542625e-01
-2.100000e-03 2.678527e-01
-2.000000e-03 1.241996e-01
-1.900000e-03 7.668880e-02
-1.800000e-03 2.047395e-01
-1.700000e-03 2.110687e-01
-1.600000e-03 2.729507e-01
-1.500000e-03 2.366029e-01
-1.400000e-03 2.069035e-01
-1.300000e-03 2.462845e-01
-1.200000e-03 2.738137e-01
-1.100000e-03 2.990782e-01
-1.000000e-03 9.278899e-02
-9.000000e-04 1.926918e-01
-8.000000e-04 1.525783e-01
-7.000000e-04 2.386151e-01
-6.000000e-04 2.811463e-01
-5.000000e-04 9.769083e-02
-4.000000e-04 1.541787e-01
-3.000000e-04 7.127634e-02
-2.000000e-04 1.164255e-02
-1.000000e-04 3.624933e-02
1.429412e-15 6.429553e-02
1.000000e-04 2.301082e-01
2.000000e-04 1.923843e-01
3.000000e-04 1.319014e-01
4.000000e-04 1.487778e-01
5.000000e-04 1.186762e-01
6.000000e-04 8.113520e-02
7.000000e-04 1.654404e-01
8.000000e-04 3.118477e-01
9.000000e-04 2.413948e-01
1.000000e-03 3.044182e-01
1.100000e-03 2.437974e-01
1.200000e-03 2.627399e-01
1.300000e-03 2.175553e-01
1.400000e-03 1.912025e-01
1.500000e-03 2.380161e-01
1.600000e-03 2.082498e-01
1.700000e-03 2.715191e-01
1.800000e-03 2.153804e-01
1.900000e-03 2.441006e-01
2.000000e-03 2.959258e-01
2.100000e-03 2.495415e-01
2.200000e-03 2.791765e-01
2.300000e-03 2.898517e-01
2.400000e-03 2.901340e-01
2.500000e-03 2.825854e-01
2.600000e-03 3.278020e-01
2.700000e-03 4.654258e-01
2.800000e-03 3.289245e-01
2.900000e-03 1.598976e-01
3.000000e-03 8.571670e-02
3.100000e-03 2.909536e-01
3.200000e-03 1.029213e-01
3.300000e-03 1.913319e-01
3.400000e-03 2.689837e-01
3.500000e-03 2.442985e-01
3.600000e-03 3.001384e-01
3.700000e-03 2.455717e-01
3.800000e-03 1.289762e-01
3.900000e-03 1.544420e-01
4.000000e-03 2.850642e-01
4.100000e-03 2.725162e-01
4.200000e-03 1.407944e-01
4.300000e-03 2.650644e-01
4.400000e-03 2.323488e-01
4.500000e-03 3.199067e-01
4.600000e-03 3.681991e-01
4.700000e-03 3.225654e-01
4.800000e-03 1.719088e-01
4.900000e-03 1.812925e-01
5.000000e-03 3.290382e-01
5.100000e-03 3.740618e-01
5.200000e-03 3.624307e-01
5.300000e-03 2.893350e-01
5.400000e-03 2.770604e-01
5.500000e-03 2.314471e-01
5.600000e-03 3.365348e-01
5.700000e-03 2.381592e-01
5.800000e-03 2.416127e-01
5.900000e-03 4.207965e-01
6.000000e-03 4.216235e-01
6.100000e-03 3.426159e-01
6.200000e-03 2.959219e-01
6.300000e-03 2.068054e-01
6.400000e-03 7.310686e-02
6.500000e-03 1.616535e-01
6.600000e-03 2.808034e-01
6.700000e-03 5.674756e-02
6.800000e-03 1.476115e-01
6.900000e-03 2.596677e-01
7.000000e-03 2.000725e-01
7.100000e-03 2.370925e-01
7.200000e-03 2.687314e-01
7.300000e-03 6.185426e-02
7.400000e-03 2.316315e-01
7.500000e-03 2.481113e-01
7.600000e-03 2.648173e-01
7.700000e-03 2.866198e-01
7.800000e-03 2.655199e-01
7.900000e-03 1.797196e-01
8.000000e-03 1.431493e-01
8.100000e-03 2.690213e-01
8.200000e-03 2.625801e-01
8.300000e-03 3.922528e-01
8.400000e-03 2.821775e-01
8.500000e-03 1.892081e-01
8.600000e-03 2.539403e-01
8.700000e-03 2.440040e-01
8.800000e-03 2.483590e-01
8.900000e-03 2.489569e-01
9.000000e-03 3.401063e-01
9.100000e-03 3.532358e-01
9.200000e-03 2.551515e-01
9.300000e-03 3.806679e-01
9.400000e-03 3.875172e-01
9.500000e-03 2.964759e-01
9.600000e-03 4.079228e-01
9.700000e-03 3.884753e-01
9.800000e-03 2.139828e-01
9.900000e-03 2.270670e-01
1.000000e-02 3.837956e-01
1.010000e-02 4.054619e-01
1.020000e-02 3.192712e-01
1.030000e-02 1.230861e-01
1.040000e-02 2.395756e-01
1.050000e-02 2.812826e-01
1.060000e-02 3.130167e-01
1.070000e-02 2.726648e-01
1.080000e-02 4.041085e-01
1.090000e-02 3.688425e-01
1.100000e-02 3.639090e-01
1.110000e-02 2.074705e-01
1.120000e-02 3.136810e-01
1.130000e-02 2.151676e-01
1.140000e-02 2.549555e-01
1.150000e-02 2.067616e-01
1.160000e-02 1.256392e-01
1.170000e-02 1.358008e-01
1.180000e-02 1.952300e-01
1.190000e-02 1.286935e-01
1.200000e-02 1.882290e-01
1.210000e-02 3.989556e-01
1.220000e-02 8.864760e-02
1.230000e-02 1.092510e-01
1.240000e-02 2.761003e-01
1.250000e-02 2.718801e-01
1.260000e-02 1.853672e-01
1.270000e-02 2.103856e-01
1.280000e-02 2.415178e-01
1.290000e-02 6.216718e-02
1.300000e-02 1.752506e-01
1.310000e-02 2.934178e-01
1.320000e-02 2.415362e-01
1.330000e-02 1.892939e-01
1.340000e-02 1.952748e-01
1.350000e-02 1.793404e-01
1.360000e-02 2.814569e-01
1.370000e-02 3.336977e-01
1.380000e-02 3.757664e-01
1.390000e-02 4.183186e-01
1.400000e-02 2.852469e-01
1.410000e-02 1.815531e-01
1.420000e-02 2.362696e-01
1.430000e-02 2.591700e-01
1.440000e-02 2.527011e-01
1.450000e-02 2.185539e-01
1.460000e-02 3.663970e-01
1.470000e-02 3.687970e-01
1.480000e-02 3.148121e-01
1.490000e-02 1.658370e-01
1.500000e-02 2.641135e-01
1.510000e-02 3.107289e-01
1.520000e-02 1.933876e-01
1.530000e-02 1.343645e-01
1.540000e-02 1.530633e-01
1.550000e-02 2.731538e-01
1.560000e-02 2.358485e-01
1.570000e-02 2.161152e-01
1.580000e-02 1.897140e-01
1.590000e-02 2.015670e-01
1.600000e-02 1.923994e-01
1.610000e-02 2.531262e-01
1.620000e-02 1.496760e-01
1.630000e-02 2.591456e-01
1.640000e-02 2.551840e-01
1.650000e-02 2.608280e-01
1.660000e-02 1.396252e-01
1.670000e-02 7.770565e-02
1.680000e-02 7.258832e-02
1.690000e-02 1.065929e-01
1.700000e-02 2.310295e-01
1.710000e-02 2.634674e-01
1.720000e-02 2.702334e-01
1.730000e-02 2.450936e-01
1.740000e-02 2.402662e-01
1.750000e-02 2.007818e-01
1.760000e-02 1.649026e-01
1.770000e-02 7.093464e-02
1.780000e-02 1.620495e-01
1.790000e-02 1.519194e-01
1.800000e-02 5.982252e-02
1.810000e-02 1.737495e-01
1.820000e-02 2.520364e-01
1.830000e-02 2.213958e-01
1.840000e-02 1.532444e-01
1.850000e-02 2.011330e-01
1.860000e-02 2.541434e-01
1.870000e-02 2.053934e-01
1.880000e-02 2.586306e-01
1.890000e-02 1.660609e-01
1.900000e-02 1.206777e-01
1.910000e-02 1.027825e-01
1.920000e-02 1.015515e-01
1.930000e-02 1.840688e-01
1.940000e-02 2.852113e-01
1.950000e-02 2.021096e-01
1.960000e-02 3.659764e-01
1.970000e-02 2.196119e-01
1.980000e-02 2.630091e-02
1.990000e-02 3.094331e-01
2.000000e-02 2.700656e-01
2.010000e-02 2.592486e-01
2.020000e-02 1.260081e-01
2.030000e-02 6.859967e-02
2.040000e-02 2.552683e-01
2.050000e-02 1.293905e-01
2.060000e-02 1.977159e-01
2.070000e-02 2.489220e-01
2.080000e-02 2.555312e-01
2.090000e-02 2.115315e-01
2.100000e-02 1.391471e-01
2.110000e-02 1.650175e-01
2.120000e-02 1.204262e-01
2.130000e-02 1.457140e-01
2.140000e-02 3.057239e-01
2.150000e-02 2.010010e-01
2.160000e-02 1.863635e-01
2.170000e-02 2.257946e-01
2.180000e-02 2.558809e-01
2.190000e-02 2.336709e-01
2.200000e-02 2.925198e-01
2.210000e-02 3.055692e-01
2.220000e-02 4.217320e-01
2.230000e-02 3.677604e-01
2.240000e-02 2.260308e-01
2.250000e-02 1.316161e-01
2.260000e-02 1.461729e-01
2.270000e-02 2.922377e-01
2.280000e-02 2.769208e-01
2.290000e-02 3.403433e-01
2.300000e-02 2.238056e-01
2.310000e-02 2.768668e-01
2.320000e-02 9.602354e-02
2.330000e-02 8.178061e-02
2.340000e-02 2.806136e-01
2.350000e-02 2.439091e-01
2.360000e-02 3.385908e-01
2.370000e-02 2.412056e-01
2.380000e-02 2.749831e-01
2.390000e-02 2.648823e-01
2.400000e-02 2.610929e-01
2.410000e-02 1.459715e-01
2.420000e-02 2.586015e-01
2.430000e-02 2.682637e-01
2.440000e-02 2.174253e-01
2.450000e-02 2.092626e-01
2.460000e-02 1.161399e-01
2.470000e-02 1.841933e-01
2.480000e-02 2.739737e-01
2.490000e-02 3.603480e-01
2.500000e-02 2.964203e-01
2.510000e-02 2.869896e-01
2.520000e-02 1.889001e-01
2.530000e-02 1.663426e-01
2.540000e-02 1.989852e-01
2.550000e-02 1.695597e-01
2.560000e-02 2.684792e-01
2.570000e-02 2.463724e-01
2.580000e-02 2.172989e-01
2.590000e-02 1.897498e-01
2.600000e-02 1.717603e-01
2.610000e-02 2.760626e-01
2.620000e-02 3.001249e-01
2.630000e-02 2.195185e-01
2.640000e-02 1.988436e-01
2.650000e-02 2.556024e-01
2.660000e-02 2.636474e-01
2.670000e-02 2.558557e-01
2.680000e-02 2.526364e-01
2.690000e-02 2.286252e-01
2.700000e-02 2.644580e-01
2.710000e-02 2.877350e-01
2.720000e-02 2.734492e-01
2.730000e-02 3.250700e-01
2.740000e-02 3.854732e-01
2.750000e-02 2.750864e-01
2.760000e-02 2.379504e-01
2.770000e-02 2.657145e-01
2.780000e-02 2.836463e-01
2.790000e-02 3.187554e-01
2.800000e-02 4.074286e-01
2.810000e-02 4.237854e-01
2.820000e-02 4.470580e-01
2.830000e-02 3.890148e-01
2.840000e-02 4.286941e-01
2.850000e-02 3.903601e-01
2.860000e-02 3.096533e-01
2.870000e-02 3.613127e-01
2.880000e-02 3.862418e-01
2.890000e-02 2.099365e-01
2.900000e-02 3.530089e-01
2.910000e-02 2.447114e-01
2.920000e-02 2.186136e-01
2.930000e-02 2.495389e-01
2.940000e-02 1.902045e-01
2.950000e-02 1.432669e-01
2.960000e-02 1.981592e-01
2.970000e-02 3.261441e-01
2.980000e-02 1.083651e-01
2.990000e-02 1.447411e-01
3.000000e-02 2.701216e-01
3.010000e-02 3.635967e-01
3.020000e-02 2.312218e-01
3.030000e-02 2.509529e-01
3.040000e-02 2.524502e-01
3.050000e-02 2.617276e-01
3.060000e-02 1.372901e-01
3.070000e-02 2.353833e-01
3.080000e-02 2.803836e-01
3.090000e-02 2.990135e-01
3.100000e-02 3.849012e-01
3.110000e-02 1.672730e-01
3.120000e-02 1.487965e-01
3.130000e-02 2.980941e-01
3.140000e-02 3.334185e-01
3.150000e-02 3.020050e-01
3.160000e-02 2.738643e-01
3.170000e-02 1.918006e-01
3.180000e-02 1.034272e-01
3.190000e-02 3.273243e-01
3.200000e-02 2.782278e-01
3.210000e-02 2.146749e-01
3.220000e-02 2.531201e-01
3.230000e-02 2.391148e-01
3.240000e-02 2.717321e-01
3.250000e-02 7.950634e-02
3.260000e-02 1.996254e-01
3.270000e-02 2.144571e-01
3.280000e-02 1.205060e-01
3.290000e-02 1.441251e-01
3.300000e-02 2.184026e-01
3.310000e-02 2.884007e-01
3.320000e-02 3.455120e-01
3.330000e-02 3.824737e-01
3.340000e-02 3.283075e-01
3.350000e-02 4.200977e-01
3.360000e-02 3.268933e-01
3.370000e-02 2.751966e-01
3.380000e-02 2.389821e-01
3.390000e-02 2.993372e-01
3.400000e-02 2.670955e-01
3.410000e-02 2.629411e-01
3.420000e-02 3.474963e-01
3.430000e-02 2.764566e-01
3.440000e-02 2.608824e-01
3.450000e-02 2.990535e-01
3.460000e-02 1.409987e-01
3.470000e-02 5.486297e-02
3.480000e-02 7.168212e-02
3.490000e-02 5.968968e-02
3.500000e-02 2.183522e-01
3.510000e-02 1.913254e-01
3.520000e-02 2.002838e-01
3.530000e-02 2.723424e-01
3.540000e-02 3.767718e-01
3.550000e-02 3.855094e-01
3.560000e-02 3.470858e-01
3.570000e-02 2.931787e-01
3.580000e-02 1.940881e-01
3.590000e-02 2.963842e-01
3.600000e-02 2.967367e-01
3.610000e-02 3.616461e-01
3.620000e-02 2.378565e-01
3.630000e-02 2.580951e-01
3.640000e-02 2.795091e-01
3.650000e-02 2.392119e-01
3.660000e-02 2.601188e-01
3.670000e-02 2.610485e-01
3.680000e-02 2.696086e-01
3.690000e-02 9.122523e-02
3.700000e-02 2.791193e-01
3.710000e-02 2.530478e-01
3.720000e-02 2.854931e-01
3.730000e-02 2.119893e-01
3.740000e-02 1.101134e-01
3.750000e-02 1.897366e-01
3.760000e-02 2.337454e-01
3.770000e-02 1.232668e-01
3.780000e-02 1.435593e-01
3.790000e-02 1.074601e-01
3.800000e-02 1.412348e-01
3.810000e-02 2.639954e-01
3.820000e-02 2.455103e-01
3.830000e-02 3.514738e-01
3.840000e-02 2.957907e-01
3.850000e-02 2.429220e-01
3.860000e-02 2.293436e-01
3.870000e-02 3.471383e-01
3.880000e-02 2.845344e-01
3.890000e-02 1.600822e-01
3.900000e-02 4.126692e-02
3.910000e-02 1.567043e-01
3.920000e-02 2.854587e-01
3.930000e-02 2.804477e-01
3.940000e-02 1.819902e-01
3.950000e-02 1.210985e-01
3.960000e-02 1.829383e-01
3.970000e-02 2.561562e-01
3.980000e-02 2.250383e-01
3.990000e-02 2.534020e-01
4.000000e-02 3.506454e-01
4.010000e-02 3.803002e-01
4.020000e-02 2.819041e-01
4.030000e-02 2.178709e-01
4.040000e-02 3.090861e-01
4.050000e-02 3.082845e-01
4.060000e-02 2.692123e-01
4.070000e-02 1.663033e-01
4.080000e-02 1.754148e-01
4.090000e-02 2.844465e-01
4.100000e-02 1.685362e-01
4.110000e-02 3.006753e-01
4.120000e-02 7.223999e-02
4.130000e-02 3.885546e-01
4.140000e-02 3.467437e-01
4.150000e-02 3.168775e-01
4.160000e-02 3.239972e-01
4.170000e-02 3.662650e-01
4.180000e-02 3.506873e-01
4.190000e-02 2.928704e-01
4.200000e-02 2.833866e-01
4.210000e-02 2.431133e-01
4.220000e-02 1.777595e-01
4.230000e-02 2.500438e-01
4.240000e-02 4.667095e-02
4.250000e-02 2.832885e-01
4.260000e-02 2.910642e-01
4.270000e-02 2.501496e-01
4.280000e-02 2.683202e-01
4.290000e-02 1.546897e-01
4.300000e-02 4.228483e-01
4.310000e-02 3.204870e-01
4.320000e-02 3.355396e-01
4.330000e-02 1.927243e-01
4.340000e-02 2.273328e-01
4.350000e-02 2.781890e-01
4.360000e-02 2.717076e-01
4.370000e-02 1.680029e-01
4.380000e-02 2.574306e-01
4.390000e-02 2.549646e-01
4.400000e-02 2.599577e-01
4.410000e-02 1.848546e-01
4.420000e-02 1.001115e-01
4.430000e-02 2.616002e-01
4.440000e-02 3.097202e-01
4.450000e-02 3.528875e-01
4.460000e-02 4.870589e-01
4.470000e-02 4.422392e-01
4.480000e-02 2.986326e-01
4.490000e-02 2.362303e-01
4.500000e-02 2.957495e-01
4.510000e-02 2.187414e-01
4.520000e-02 1.813560e-01
4.530000e-02 2.540516e-01
4.540000e-02 2.953488e-01
4.550000e-02 2.957406e-01
4.560000e-02 2.143267e-01
4.570000e-02 2.001099e-01
4.580000e-02 2.641837e-01
4.590000e-02 2.036916e-01
4.600000e-02 2.841024e-01
4.610000e-02 3.964535e-01
4.620000e-02 2.647355e-01
4.630000e-02 4.709379e-01
4.640000e-02 4.858953e-01
4.650000e-02 3.257873e-01
4.660000e-02 2.316227e-01
4.670000e-02 7.922950e-02
4.680000e-02 1.150058e-01
4.690000e-02 2.810134e-01
4.700000e-02 3.898327e-01
4.710000e-02 3.443415e-01
4.720000e-02 2.947649e-01
4.730000e-02 2.961089e-01
4.740000e-02 3.092051e-01
4.750000e-02 2.536512e-01
4.760000e-02 2.995726e-01
4.770000e-02 2.606317e-01
4.780000e-02 3.798030e-01
4.790000e-02 3.019862e-01
4.800000e-02 2.086041e-01
4.810000e-02 1.581457e-01
4.820000e-02 1.570290e-01
4.830000e-02 2.390125e-01
4.840000e-02 2.903921e-01
4.850000e-02 1.123550e-01
4.860000e-02 3.071987e-01
4.870000e-02 2.985802e-01
4.880000e-02 2.537878e-01
4.890000e-02 2.187430e-01
4.900000e-02 2.124619e-01
4.910000e-02 3.568593e-01
4.920000e-02 3.433310e-01
4.930000e-02 4.199258e-01
4.940000e-02 2.016717e-01
4.950000e-02 3.234581e-01
4.960000e-02 3.846718e-01
4.970000e-02 2.737308e-01
4.980000e-02 1.833360e-01
4.990000e-02 1.550733e-01
