0.000000e+00 3.631308e+00
3.000000e-02 3.643295e+00
6.000000e-02 3.647859e+00
9.000000e-02 3.645712e+00
1.200000e-01 3.637248e+00
1.500000e-01 3.622393e+00
1.800000e-01 3.600398e+00
2.100000e-01 3.569580e+00
2.400000e-01 3.526896e+00
2.700000e-01 3.467170e+00
3.000000e-01 3.381249e+00
3.300000e-01 3.250569e+00
3.600000e-01 3.026980e+00
3.900000e-01 2.608027e+00
4.200000e-01 3.278057e+00
4.500000e-01 3.201428e+00
4.800000e-01 2.896459e+00
5.100000e-01 2.579864e+00
5.400000e-01 2.268051e+00
5.700000e-01 2.041923e+00
6.000000e-01 1.968207e+00
6.300000e-01 1.796390e+00
6.600000e-01 1.496175e+00
6.900000e-01 1.380770e+00
7.200000e-01 1.598869e+00
7.500000e-01 1.952826e+00
7.800000e-01 2.150654e+00
8.100000e-01 2.432902e+00
8.400000e-01 3.335710e+00
8.700000e-01 3.118338e+00
9.000000e-01 2.950330e+00
9.300000e-01 2.951348e+00
9.600000e-01 2.776093e+00
9.900000e-01 2.410985e+00
1.020000e+00 2.113410e+00
1.050000e+00 2.031631e+00
1.080000e+00 2.175741e+00
1.110000e+00 2.229893e+00
1.140000e+00 1.951870e+00
1.170000e+00 1.474487e+00
1.200000e+00 1.318877e+00
1.230000e+00 2.185620e+00
1.260000e+00 2.035496e+00
1.290000e+00 2.192905e+00
1.320000e+00 1.528704e+00
1.350000e+00 1.959931e+00
1.380000e+00 1.898580e+00
1.410000e+00 1.570690e+00
1.440000e+00 2.196447e+00
1.470000e+00 3.143130e+00
1.500000e+00 1.953640e+00
1.530000e+00 2.105979e+00
1.560000e+00 1.711554e+00
1.590000e+00 1.150173e+00
1.620000e+00 1.473804e+00
1.650000e+00 1.319268e+00
1.680000e+00 9.236868e-01
1.710000e+00 1.739085e+00
1.740000e+00 1.264989e+00
1.770000e+00 2.551269e+00
1.800000e+00 1.147317e+00
1.830000e+00 6.839705e-01
1.860000e+00 1.072383e+00
1.890000e+00 1.498552e+00
1.920000e+00 6.696221e-01
1.950000e+00 4.505892e-01
1.980000e+00 7.596561e-01
2.010000e+00 3.487143e-01
2.040000e+00 6.406370e-01
2.070000e+00 1.196000e+00
2.100000e+00 7.691653e-01
2.130000e+00 1.002957e+00
2.160000e+00 1.673817e+00
2.190000e+00 2.039046e+00
2.220000e+00 2.292324e+00
2.250000e+00 1.948934e+00
2.280000e+00 2.055986e+00
2.310000e+00 2.080825e+00
2.340000e+00 1.741129e+00
2.370000e+00 1.305423e+00
2.400000e+00 3.539620e-01
2.430000e+00 1.894129e-01
2.460000e+00 4.337213e-01
2.490000e+00 6.507862e-01
2.520000e+00 4.035332e-02
2.550000e+00 5.496217e-02
2.580000e+00 4.900975e-01
2.610000e+00 1.373400e+00
2.640000e+00 9.575898e-01
2.670000e+00 1.327540e+00
2.700000e+00 3.167203e-01
2.730000e+00 2.404520e-01
2.760000e+00 3.322808e-01
2.790000e+00 1.031755e+00
2.820000e+00 2.142816e-01
2.850000e+00 8.791031e-02
2.880000e+00 2.500381e-01
2.910000e+00 3.531656e-01
2.940000e+00 9.482869e-02
2.970000e+00 3.202230e-01
