0.000000e+00 3.631308e+00
3.000000e-02 3.616966e+00
6.000000e-02 3.596579e+00
9.000000e-02 3.570209e+00
1.200000e-01 3.537979e+00
1.500000e-01 3.500013e+00
1.800000e-01 3.456351e+00
2.100000e-01 3.406851e+00
2.400000e-01 3.351117e+00
2.700000e-01 3.288469e+00
3.000000e-01 3.218021e+00
3.300000e-01 3.138889e+00
3.600000e-01 3.050446e+00
3.900000e-01 2.952418e+00
4.200000e-01 2.844427e+00
4.500000e-01 2.724507e+00
4.800000e-01 2.585651e+00
5.100000e-01 2.406628e+00
5.400000e-01 2.119731e+00
5.700000e-01 1.561996e+00
6.000000e-01 1.928393e+00
6.300000e-01 2.812217e+00
6.600000e-01 2.271209e+00
6.900000e-01 1.948329e+00
7.200000e-01 1.669383e+00
7.500000e-01 1.457394e+00
7.800000e-01 1.461632e+00
8.100000e-01 1.543931e+00
8.400000e-01 1.440332e+00
8.700000e-01 1.163389e+00
9.000000e-01 8.749694e-01
9.300000e-01 8.628341e-01
9.600000e-01 1.052937e+00
9.900000e-01 1.345203e+00
1.020000e+00 1.614135e+00
1.050000e+00 1.721124e+00
1.080000e+00 1.833583e+00
1.110000e+00 2.060339e+00
1.140000e+00 2.205187e+00
1.170000e+00 2.184349e+00
1.200000e+00 1.826674e+00
1.230000e+00 1.423385e+00
1.260000e+00 1.909079e+00
1.290000e+00 1.390407e+00
1.320000e+00 1.307966e+00
1.350000e+00 2.118925e+00
1.380000e+00 2.673748e+00
1.410000e+00 2.137935e+00
1.440000e+00 1.641948e+00
1.470000e+00 1.844641e+00
1.500000e+00 2.201700e+00
1.530000e+00 1.916469e+00
1.560000e+00 1.859618e+00
1.590000e+00 1.933803e+00
1.620000e+00 1.980020e+00
1.650000e+00 2.124103e+00
1.680000e+00 8.819292e-01
1.710000e+00 6.967944e-01
1.740000e+00 7.591764e-01
1.770000e+00 1.102433e+00
1.800000e+00 2.444059e+00
1.830000e+00 4.267213e-01
1.860000e+00 7.331689e-01
1.890000e+00 1.606972e+00
1.920000e+00 1.093520e+00
1.950000e+00 1.076217e+00
1.980000e+00 2.411364e-01
2.010000e+00 6.832097e-01
2.040000e+00 6.131268e-02
2.070000e+00 1.624014e-02
2.100000e+00 8.149907e-02
2.130000e+00 8.320071e-01
2.160000e+00 1.662952e+00
2.190000e+00 2.842652e-01
2.220000e+00 2.187778e-02
2.250000e+00 1.907786e-02
2.280000e+00 3.811157e-02
2.310000e+00 1.558754e-01
2.340000e+00 5.083013e-02
2.370000e+00 1.809381e-02
2.400000e+00 3.101564e-02
2.430000e+00 6.425081e-02
2.460000e+00 1.834953e-01
2.490000e+00 1.858152e-02
2.520000e+00 7.030162e-03
2.550000e+00 1.465848e-02
2.580000e+00 1.245682e-02
2.610000e+00 8.122415e-03
2.640000e+00 7.751420e-03
2.670000e+00 1.262954e-02
2.700000e+00 2.705624e-02
2.730000e+00 3.421733e-02
2.760000e+00 5.398274e-02
2.790000e+00 6.239555e-01
2.820000e+00 4.757533e-01
2.850000e+00 1.294511e+00
2.880000e+00 4.712374e-01
2.910000e+00 2.081753e-01
2.940000e+00 3.078202e-01
2.970000e+00 1.149096e-01
