0.000000e+00 3.631308e+00
3.000000e-02 3.632239e+00
6.000000e-02 3.634869e+00
9.000000e-02 3.639746e+00
1.200000e-01 3.647493e+00
1.500000e-01 3.658898e+00
1.800000e-01 3.675349e+00
2.100000e-01 3.700300e+00
2.400000e-01 3.744257e+00
2.700000e-01 3.844515e+00
3.000000e-01 4.135597e+00
3.300000e-01 3.692243e+00
3.600000e-01 3.258157e+00
3.900000e-01 3.180094e+00
4.200000e-01 3.061827e+00
4.500000e-01 2.836283e+00
4.800000e-01 2.417127e+00
5.100000e-01 1.770239e+00
5.400000e-01 1.274310e+00
5.700000e-01 1.426392e+00
6.000000e-01 2.322475e+00
6.300000e-01 2.936398e+00
6.600000e-01 3.066854e+00
6.900000e-01 3.297575e+00
7.200000e-01 3.292440e+00
7.500000e-01 2.932568e+00
7.800000e-01 2.644418e+00
8.100000e-01 2.597094e+00
8.400000e-01 2.626164e+00
8.700000e-01 2.524733e+00
9.000000e-01 2.289930e+00
9.300000e-01 1.887406e+00
9.600000e-01 1.382129e+00
9.900000e-01 1.216814e+00
1.020000e+00 9.301199e-01
1.050000e+00 8.686052e-01
1.080000e+00 1.136723e+00
1.110000e+00 1.504418e+00
1.140000e+00 1.735310e+00
1.170000e+00 1.779063e+00
1.200000e+00 1.720375e+00
1.230000e+00 1.632455e+00
1.260000e+00 1.543985e+00
1.290000e+00 1.485368e+00
1.320000e+00 1.479715e+00
1.350000e+00 1.516572e+00
1.380000e+00 1.820189e+00
1.410000e+00 7.730789e-01
1.440000e+00 1.104510e+00
1.470000e+00 1.632497e+00
1.500000e+00 1.568795e+00
1.530000e+00 9.518927e-01
1.560000e+00 4.627936e-01
1.590000e+00 6.259350e-01
1.620000e+00 2.453924e+00
1.650000e+00 4.494135e-01
1.680000e+00 2.400828e-01
1.710000e+00 1.169467e+00
1.740000e+00 1.246136e+00
1.770000e+00 1.972957e-01
1.800000e+00 1.500793e-01
1.830000e+00 2.326661e-01
1.860000e+00 9.636436e-01
1.890000e+00 5.800432e-01
1.920000e+00 1.433479e+00
1.950000e+00 1.108110e+00
1.980000e+00 4.777470e-01
2.010000e+00 1.498887e-01
2.040000e+00 1.325499e-01
2.070000e+00 1.659744e-01
2.100000e+00 5.590810e-01
2.130000e+00 4.089283e-01
2.160000e+00 4.627721e-01
2.190000e+00 2.248951e-01
2.220000e+00 6.696920e-02
2.250000e+00 2.615658e-02
2.280000e+00 3.387624e-02
2.310000e+00 8.551277e-02
2.340000e+00 1.401355e-01
2.370000e+00 4.876026e-02
2.400000e+00 1.184180e-01
2.430000e+00 6.926559e-01
2.460000e+00 7.909677e-01
2.490000e+00 1.416305e-01
2.520000e+00 1.258888e-02
2.550000e+00 4.987834e-02
2.580000e+00 3.884412e-02
2.610000e+00 2.281351e-01
2.640000e+00 1.971620e-01
2.670000e+00 1.564075e-01
2.700000e+00 2.256719e-02
2.730000e+00 3.505798e-03
2.760000e+00 7.564971e-03
2.790000e+00 1.979435e-02
2.820000e+00 2.914143e-01
2.850000e+00 1.809699e+00
2.880000e+00 1.702021e-01
2.910000e+00 6.341006e-02
2.940000e+00 4.565050e-02
2.970000e+00 2.572334e-02
