0.000000e+00 3.631308e+00
3.000000e-02 3.622576e+00
6.000000e-02 3.614799e+00
9.000000e-02 3.608144e+00
1.200000e-01 3.603009e+00
1.500000e-01 3.600128e+00
1.800000e-01 3.600733e+00
2.100000e-01 3.606803e+00
2.400000e-01 3.621473e+00
2.700000e-01 3.649577e+00
3.000000e-01 3.697371e+00
3.300000e-01 3.764893e+00
3.600000e-01 3.794556e+00
3.900000e-01 3.437480e+00
4.200000e-01 2.370801e+00
4.500000e-01 3.587293e+00
4.800000e-01 4.528678e+00
5.100000e-01 4.234247e+00
5.400000e-01 3.536441e+00
5.700000e-01 2.821641e+00
6.000000e-01 2.247527e+00
6.300000e-01 1.947416e+00
6.600000e-01 1.825329e+00
6.900000e-01 1.794955e+00
7.200000e-01 1.827794e+00
7.500000e-01 1.921964e+00
7.800000e-01 2.079958e+00
8.100000e-01 2.282584e+00
8.400000e-01 2.410126e+00
8.700000e-01 2.112934e+00
9.000000e-01 1.220859e+00
9.300000e-01 6.768892e-01
9.600000e-01 1.160255e+00
9.900000e-01 1.501264e+00
1.020000e+00 2.010972e+00
1.050000e+00 1.981218e+00
1.080000e+00 1.650739e+00
1.110000e+00 2.130629e+00
1.140000e+00 1.120084e+00
1.170000e+00 9.321975e-01
1.200000e+00 9.606956e-01
1.230000e+00 1.070827e+00
1.260000e+00 1.148984e+00
1.290000e+00 6.760533e-01
1.320000e+00 5.759460e-01
1.350000e+00 5.831759e-01
1.380000e+00 6.381683e-01
1.410000e+00 7.255228e-01
1.440000e+00 1.480434e+00
1.470000e+00 1.349135e+00
1.500000e+00 1.552633e+00
1.530000e+00 2.284738e+00
1.560000e+00 1.776508e+00
1.590000e+00 1.557223e+00
1.620000e+00 1.920314e+00
1.650000e+00 1.276688e+00
1.680000e+00 1.233433e+00
1.710000e+00 6.461620e-01
1.740000e+00 2.913203e-01
1.770000e+00 2.315341e-01
1.800000e+00 3.190204e-01
1.830000e+00 6.592640e-01
1.860000e+00 4.663938e-01
1.890000e+00 5.000866e-01
1.920000e+00 1.787159e-01
1.950000e+00 3.124445e-01
1.980000e+00 8.625500e-02
2.010000e+00 3.204466e-02
2.040000e+00 1.690533e-02
2.070000e+00 1.609611e-02
2.100000e+00 4.468345e-02
2.130000e+00 2.568757e-01
2.160000e+00 7.701408e-01
2.190000e+00 8.710702e-01
2.220000e+00 7.221466e-01
2.250000e+00 4.603023e-01
2.280000e+00 1.150801e+00
2.310000e+00 1.605673e-01
2.340000e+00 1.718152e-01
2.370000e+00 1.224029e-01
2.400000e+00 1.124924e+00
2.430000e+00 3.484786e-01
2.460000e+00 1.815013e-01
2.490000e+00 1.421888e-01
2.520000e+00 1.332766e-01
2.550000e+00 1.309442e-01
2.580000e+00 1.075387e+00
2.610000e+00 5.670402e-01
2.640000e+00 1.944680e-01
2.670000e+00 3.542163e-01
2.700000e+00 3.269395e-01
2.730000e+00 4.736960e-01
2.760000e+00 1.433955e+00
2.790000e+00 4.599925e-01
2.820000e+00 1.649295e+00
2.850000e+00 1.170375e+00
2.880000e+00 3.342712e-01
2.910000e+00 2.551412e-01
2.940000e+00 3.851289e-01
2.970000e+00 4.087193e-01
