0.000000e+00 0.000000e+00
6.000000e-04 0.000000e+00
1.200000e-03 0.000000e+00
1.800000e-03 0.000000e+00
2.400000e-03 0.000000e+00
3.000000e-03 0.000000e+00
3.600000e-03 0.000000e+00
4.200000e-03 0.000000e+00
4.800000e-03 0.000000e+00
5.400000e-03 0.000000e+00
6.000000e-03 0.000000e+00
6.600000e-03 0.000000e+00
7.200000e-03 0.000000e+00
7.800000e-03 0.000000e+00
8.400000e-03 0.000000e+00
9.000000e-03 0.000000e+00
9.600000e-03 0.000000e+00
1.020000e-02 0.000000e+00
1.080000e-02 0.000000e+00
1.140000e-02 0.000000e+00
1.200000e-02 0.000000e+00
1.260000e-02 0.000000e+00
1.320000e-02 0.000000e+00
1.380000e-02 0.000000e+00
1.440000e-02 0.000000e+00
1.500000e-02 0.000000e+00
1.560000e-02 0.000000e+00
1.620000e-02 0.000000e+00
1.680000e-02 0.000000e+00
1.740000e-02 0.000000e+00
1.800000e-02 0.000000e+00
1.860000e-02 0.000000e+00
1.920000e-02 0.000000e+00
1.980000e-02 0.000000e+00
2.040000e-02 6.541365e-04
2.100000e-02 8.068728e-03
2.160000e-02 1.347132e-02
2.220000e-02 1.784516e-02
2.280000e-02 2.165729e-02
2.340000e-02 2.513324e-02
2.400000e-02 2.835975e-02
2.460000e-02 3.132678e-02
2.520000e-02 3.394864e-02
2.580000e-02 3.608431e-02
2.640000e-02 3.756803e-02
2.700000e-02 3.825338e-02
2.760000e-02 3.806181e-02
2.820000e-02 3.701710e-02
2.880000e-02 3.524854e-02
2.940000e-02 3.296057e-02
3.000000e-02 3.038442e-02
3.060000e-02 2.773356e-02
3.120000e-02 2.517719e-02
3.180000e-02 2.283372e-02
3.240000e-02 2.077803e-02
3.300000e-02 1.905566e-02
3.360000e-02 1.769888e-02
3.420000e-02 1.674391e-02
3.480000e-02 1.625154e-02
3.540000e-02 1.633906e-02
3.600000e-02 1.724214e-02
3.660000e-02 1.945733e-02
3.720000e-02 2.412238e-02
3.780000e-02 3.421794e-02
3.840000e-02 5.934748e-02
3.900000e-02 1.427241e-01
3.960000e-02 6.198146e-01
4.020000e-02 1.447341e+00
4.080000e-02 4.074340e-01
4.140000e-02 2.162633e-01
4.200000e-02 1.743850e-01
4.260000e-02 1.814508e-01
4.320000e-02 2.238799e-01
4.380000e-02 2.997184e-01
4.440000e-02 3.671861e-01
4.500000e-02 3.351804e-01
4.560000e-02 2.353455e-01
4.620000e-02 1.538969e-01
4.680000e-02 1.039643e-01
4.740000e-02 7.429434e-02
4.800000e-02 5.599015e-02
4.860000e-02 4.411886e-02
4.920000e-02 3.604728e-02
4.980000e-02 3.032713e-02
5.040000e-02 2.612360e-02
5.100000e-02 2.293008e-02
5.160000e-02 2.042095e-02
5.220000e-02 1.837064e-02
5.280000e-02 1.660362e-02
5.340000e-02 1.495496e-02
5.400000e-02 1.322301e-02
5.460000e-02 1.108189e-02
5.520000e-02 7.874026e-03
5.580000e-02 2.336689e-03
5.640000e-02 4.222259e-02
5.700000e-02 1.416818e-01
5.760000e-02 6.179280e-02
5.820000e-02 5.057164e-02
5.880000e-02 4.936244e-02
5.940000e-02 5.299613e-02
6.000000e-02 6.146021e-02
6.060000e-02 7.742475e-02
6.120000e-02 1.086394e-01
6.180000e-02 1.793913e-01
6.240000e-02 3.886248e-01
6.300000e-02 1.050685e+00
6.360000e-02 5.562916e-01
6.420000e-02 1.479605e-01
6.480000e-02 5.422750e-02
6.540000e-02 2.429442e-02
6.600000e-02 1.212605e-02
6.660000e-02 6.392420e-03
6.720000e-02 3.429411e-03
6.780000e-02 1.810126e-03
6.840000e-02 9.016875e-04
6.900000e-02 3.955419e-04
6.960000e-02 1.303146e-04
7.020000e-02 1.711651e-05
7.080000e-02 5.170314e-06
7.140000e-02 6.480260e-05
7.200000e-02 1.784216e-04
7.260000e-02 3.352438e-04
7.320000e-02 5.275329e-04
7.380000e-02 7.466746e-04
7.440000e-02 9.768500e-04
7.500000e-02 1.181683e-03
7.560000e-02 1.272706e-03
7.620000e-02 1.038092e-03
7.680000e-02 1.720199e-04
7.740000e-02 9.997548e-03
7.800000e-02 2.969914e-01
7.860000e-02 7.933248e-02
7.920000e-02 7.831731e-02
7.980000e-02 1.100945e-01
8.040000e-02 2.025609e-01
8.100000e-02 5.621734e-01
8.160000e-02 1.657232e+00
8.220000e-02 1.108860e+00
8.280000e-02 3.258639e-01
8.340000e-02 1.405535e-01
8.400000e-02 8.043855e-02
8.460000e-02 5.463744e-02
8.520000e-02 4.119849e-02
8.580000e-02 3.314604e-02
8.640000e-02 2.779276e-02
8.700000e-02 2.394835e-02
8.760000e-02 2.102598e-02
8.820000e-02 1.871024e-02
8.880000e-02 1.681894e-02
8.940000e-02 1.524013e-02
9.000000e-02 1.390131e-02
9.060000e-02 1.275333e-02
9.120000e-02 1.176159e-02
9.180000e-02 1.090095e-02
9.240000e-02 1.015268e-02
9.300000e-02 9.502589e-03
9.360000e-02 8.939793e-03
9.420000e-02 8.455940e-03
9.480000e-02 8.044665e-03
9.540000e-02 7.701234e-03
9.600000e-02 7.422304e-03
9.660000e-02 7.205770e-03
9.720000e-02 7.050674e-03
9.780000e-02 6.957174e-03
9.840000e-02 6.926557e-03
9.900000e-02 6.961299e-03
9.960000e-02 7.065181e-03
1.002000e-01 7.243456e-03
1.008000e-01 7.503088e-03
1.014000e-01 7.853077e-03
1.020000e-01 8.304891e-03
1.026000e-01 8.873054e-03
1.032000e-01 9.575922e-03
1.038000e-01 1.043673e-02
1.044000e-01 1.148501e-02
1.050000e-01 1.275857e-02
1.056000e-01 1.430613e-02
1.062000e-01 1.619120e-02
1.068000e-01 1.849745e-02
1.074000e-01 2.133660e-02
1.080000e-01 2.486002e-02
1.086000e-01 2.927627e-02
1.092000e-01 3.487808e-02
1.098000e-01 4.208494e-02
1.104000e-01 5.151192e-02
1.110000e-01 6.408419e-02
1.116000e-01 8.123243e-02
1.122000e-01 1.052350e-01
1.128000e-01 1.398269e-01
1.134000e-01 1.912750e-01
1.140000e-01 2.701240e-01
1.146000e-01 3.930671e-01
1.152000e-01 5.796397e-01
1.158000e-01 8.222051e-01
1.164000e-01 1.012400e+00
1.170000e-01 9.905717e-01
1.176000e-01 7.999710e-01
1.182000e-01 5.966162e-01
1.188000e-01 4.439546e-01
1.194000e-01 3.399355e-01
1.200000e-01 2.699376e-01
1.206000e-01 2.222040e-01
1.212000e-01 1.890929e-01
1.218000e-01 1.658568e-01
1.224000e-01 1.495453e-01
1.230000e-01 1.383029e-01
1.236000e-01 1.309531e-01
1.242000e-01 1.267541e-01
1.248000e-01 1.252571e-01
1.254000e-01 1.262223e-01
1.260000e-01 1.295730e-01
1.266000e-01 1.353724e-01
1.272000e-01 1.438184e-01
1.278000e-01 1.552520e-01
1.284000e-01 1.701812e-01
1.290000e-01 1.893195e-01
1.296000e-01 2.136449e-01
1.302000e-01 2.444841e-01
1.308000e-01 2.836283e-01
1.314000e-01 3.334887e-01
1.320000e-01 3.972904e-01
1.326000e-01 4.792856e-01
1.332000e-01 5.849014e-01
1.338000e-01 7.206001e-01
1.344000e-01 8.929242e-01
1.350000e-01 1.105725e+00
1.356000e-01 1.354300e+00
1.362000e-01 1.616661e+00
1.368000e-01 1.848060e+00
1.374000e-01 1.992013e+00
1.380000e-01 2.011656e+00
1.386000e-01 1.914840e+00
1.392000e-01 1.744304e+00
1.398000e-01 1.547342e+00
1.404000e-01 1.356310e+00
1.410000e-01 1.186705e+00
1.416000e-01 1.042891e+00
1.422000e-01 9.237258e-01
1.428000e-01 8.260166e-01
1.434000e-01 7.462129e-01
1.440000e-01 6.810896e-01
1.446000e-01 6.279513e-01
1.452000e-01 5.846345e-01
1.458000e-01 5.494405e-01
1.464000e-01 5.210539e-01
1.470000e-01 4.984693e-01
1.476000e-01 4.809311e-01
1.482000e-01 4.678880e-01
1.488000e-01 4.589603e-01
1.494000e-01 4.539183e-01
1.500000e-01 4.526703e-01
1.506000e-01 4.552615e-01
1.512000e-01 4.618807e-01
1.518000e-01 4.728794e-01
1.524000e-01 4.888043e-01
1.530000e-01 5.104467e-01
1.536000e-01 5.389157e-01
1.542000e-01 5.757432e-01
1.548000e-01 6.230279e-01
1.554000e-01 6.836250e-01
1.560000e-01 7.613647e-01
1.566000e-01 8.612166e-01
1.572000e-01 9.891201e-01
1.578000e-01 1.150697e+00
1.584000e-01 1.347006e+00
1.590000e-01 1.564303e+00
1.596000e-01 1.757751e+00
1.602000e-01 1.847104e+00
1.608000e-01 1.763162e+00
1.614000e-01 1.523442e+00
1.620000e-01 1.222475e+00
1.626000e-01 9.449283e-01
1.632000e-01 7.249208e-01
1.638000e-01 5.623248e-01
1.644000e-01 4.453896e-01
1.650000e-01 3.618102e-01
1.656000e-01 3.018941e-01
1.662000e-01 2.587006e-01
1.668000e-01 2.274245e-01
1.674000e-01 2.047645e-01
1.680000e-01 1.884433e-01
1.686000e-01 1.768752e-01
1.692000e-01 1.689435e-01
1.698000e-01 1.638534e-01
1.704000e-01 1.610344e-01
1.710000e-01 1.600754e-01
1.716000e-01 1.606816e-01
1.722000e-01 1.626463e-01
1.728000e-01 1.658329e-01
1.734000e-01 1.701651e-01
1.740000e-01 1.756224e-01
1.746000e-01 1.822428e-01
1.752000e-01 1.901308e-01
1.758000e-01 1.994739e-01
1.764000e-01 2.105692e-01
1.770000e-01 2.238655e-01
1.776000e-01 2.400247e-01
1.782000e-01 2.599991e-01
1.788000e-01 2.850666e-01
1.794000e-01 3.164503e-01
1.800000e-01 3.521395e-01
1.806000e-01 3.567209e-01
1.812000e-01 2.119620e-01
1.818000e-01 1.788795e-01
1.824000e-01 1.584234e-01
1.830000e-01 1.437672e-01
1.836000e-01 1.326142e-01
1.842000e-01 1.238760e-01
1.848000e-01 1.169468e-01
1.854000e-01 1.114595e-01
1.860000e-01 1.071839e-01
1.866000e-01 1.039784e-01
1.872000e-01 1.017670e-01
1.878000e-01 1.005295e-01
1.884000e-01 1.003006e-01
1.890000e-01 1.011777e-01
1.896000e-01 1.033379e-01
1.902000e-01 1.070702e-01
1.908000e-01 1.128291e-01
1.914000e-01 1.213281e-01
1.920000e-01 1.337006e-01
1.926000e-01 1.517867e-01
1.932000e-01 1.786467e-01
1.938000e-01 2.194774e-01
1.944000e-01 2.831087e-01
1.950000e-01 3.836164e-01
1.956000e-01 5.375230e-01
1.962000e-01 7.387384e-01
1.968000e-01 8.999504e-01
1.974000e-01 8.960124e-01
1.980000e-01 7.587779e-01
1.986000e-01 6.063323e-01
1.992000e-01 4.896009e-01
1.998000e-01 4.096214e-01
2.004000e-01 3.564523e-01
2.010000e-01 3.215058e-01
2.016000e-01 2.990195e-01
2.022000e-01 2.853548e-01
2.028000e-01 2.782423e-01
2.034000e-01 2.762716e-01
2.040000e-01 2.785780e-01
2.046000e-01 2.846555e-01
2.052000e-01 2.942431e-01
2.058000e-01 3.072552e-01
2.064000e-01 3.237372e-01
2.070000e-01 3.438336e-01
2.076000e-01 3.677625e-01
2.082000e-01 3.957878e-01
2.088000e-01 4.281834e-01
2.094000e-01 4.651822e-01
2.100000e-01 5.069013e-01
2.106000e-01 5.532370e-01
2.112000e-01 6.037259e-01
2.118000e-01 6.573807e-01
2.124000e-01 7.125298e-01
2.130000e-01 7.667180e-01
2.136000e-01 8.167553e-01
2.142000e-01 8.589972e-01
2.148000e-01 8.898824e-01
2.154000e-01 9.066306e-01
2.160000e-01 9.078751e-01
2.166000e-01 8.939724e-01
2.172000e-01 8.668575e-01
2.178000e-01 8.295226e-01
2.184000e-01 7.853498e-01
2.190000e-01 7.375347e-01
2.196000e-01 6.887265e-01
2.202000e-01 6.408947e-01
2.208000e-01 5.953564e-01
2.214000e-01 5.528877e-01
2.220000e-01 5.138597e-01
2.226000e-01 4.783634e-01
2.232000e-01 4.463108e-01
2.238000e-01 4.175094e-01
2.244000e-01 3.917134e-01
2.250000e-01 3.686575e-01
2.256000e-01 3.480774e-01
2.262000e-01 3.297219e-01
2.268000e-01 3.133593e-01
2.274000e-01 2.987795e-01
2.280000e-01 2.857948e-01
2.286000e-01 2.742389e-01
2.292000e-01 2.639652e-01
2.298000e-01 2.548448e-01
2.304000e-01 2.467650e-01
2.310000e-01 2.396272e-01
2.316000e-01 2.333449e-01
2.322000e-01 2.278427e-01
2.328000e-01 2.230542e-01
2.334000e-01 2.189212e-01
2.340000e-01 2.153924e-01
2.346000e-01 2.124221e-01
2.352000e-01 2.099697e-01
2.358000e-01 2.079986e-01
2.364000e-01 2.064754e-01
2.370000e-01 2.053692e-01
2.376000e-01 2.046509e-01
2.382000e-01 2.042926e-01
2.388000e-01 2.042668e-01
2.394000e-01 2.045456e-01
2.400000e-01 2.051007e-01
2.406000e-01 2.059020e-01
2.412000e-01 2.069176e-01
2.418000e-01 2.081128e-01
2.424000e-01 2.094502e-01
2.430000e-01 2.108885e-01
2.436000e-01 2.123832e-01
2.442000e-01 2.138859e-01
2.448000e-01 2.153444e-01
2.454000e-01 2.167037e-01
2.460000e-01 2.179062e-01
2.466000e-01 2.188929e-01
2.472000e-01 2.196048e-01
2.478000e-01 2.199846e-01
2.484000e-01 2.199784e-01
2.490000e-01 2.195377e-01
2.496000e-01 2.186215e-01
2.502000e-01 2.171980e-01
2.508000e-01 2.152461e-01
2.514000e-01 2.127563e-01
2.520000e-01 2.097314e-01
2.526000e-01 2.061861e-01
2.532000e-01 2.021466e-01
2.538000e-01 1.976487e-01
2.544000e-01 1.927366e-01
2.550000e-01 1.874608e-01
2.556000e-01 1.818757e-01
2.562000e-01 1.760379e-01
2.568000e-01 1.700040e-01
2.574000e-01 1.638289e-01
2.580000e-01 1.575646e-01
2.586000e-01 1.512593e-01
2.592000e-01 1.449565e-01
2.598000e-01 1.386945e-01
2.604000e-01 1.325068e-01
2.610000e-01 1.264218e-01
2.616000e-01 1.204632e-01
2.622000e-01 1.146502e-01
2.628000e-01 1.089980e-01
2.634000e-01 1.035186e-01
2.640000e-01 9.822058e-02
2.646000e-01 9.311019e-02
2.652000e-01 8.819140e-02
2.658000e-01 8.346643e-02
2.664000e-01 7.893611e-02
2.670000e-01 7.460023e-02
2.676000e-01 7.045787e-02
2.682000e-01 6.650765e-02
2.688000e-01 6.274813e-02
2.694000e-01 5.917802e-02
2.700000e-01 5.579656e-02
2.706000e-01 5.260385e-02
2.712000e-01 4.960126e-02
2.718000e-01 4.679193e-02
2.724000e-01 4.418136e-02
2.730000e-01 4.177820e-02
2.736000e-01 3.959520e-02
2.742000e-01 3.765057e-02
2.748000e-01 3.596970e-02
2.754000e-01 3.458760e-02
2.760000e-01 3.355219e-02
2.766000e-01 3.292895e-02
2.772000e-01 3.280750e-02
2.778000e-01 3.331104e-02
2.784000e-01 3.461011e-02
2.790000e-01 3.694279e-02
2.796000e-01 4.064492e-02
2.802000e-01 4.619553e-02
2.808000e-01 5.428580e-02
2.814000e-01 6.592333e-02
2.820000e-01 8.258749e-02
2.826000e-01 1.064491e-01
2.832000e-01 1.406405e-01
2.838000e-01 1.894505e-01
2.844000e-01 2.579790e-01
2.850000e-01 3.500229e-01
2.856000e-01 4.622221e-01
2.862000e-01 5.752554e-01
2.868000e-01 6.540461e-01
2.874000e-01 6.713796e-01
2.880000e-01 6.322877e-01
2.886000e-01 5.637961e-01
2.892000e-01 4.901212e-01
2.898000e-01 4.235788e-01
2.904000e-01 3.678207e-01
2.910000e-01 3.225146e-01
2.916000e-01 2.860556e-01
2.922000e-01 2.567052e-01
2.928000e-01 2.329634e-01
2.934000e-01 2.136366e-01
2.940000e-01 1.978056e-01
2.946000e-01 1.847712e-01
2.952000e-01 1.740029e-01
2.958000e-01 1.650981e-01
2.964000e-01 1.577503e-01
2.970000e-01 1.517267e-01
2.976000e-01 1.468508e-01
2.982000e-01 1.429905e-01
2.988000e-01 1.400498e-01
2.994000e-01 1.379626e-01
3.000000e-01 1.366889e-01
3.006000e-01 1.362130e-01
3.012000e-01 1.365426e-01
3.018000e-01 1.377102e-01
3.024000e-01 1.397759e-01
3.030000e-01 1.428322e-01
3.036000e-01 1.470120e-01
3.042000e-01 1.525002e-01
3.048000e-01 1.595515e-01
3.054000e-01 1.685162e-01
3.060000e-01 1.798803e-01
3.066000e-01 1.943250e-01
3.072000e-01 2.128201e-01
3.078000e-01 2.367675e-01
3.084000e-01 2.682219e-01
3.090000e-01 3.102112e-01
3.096000e-01 3.671187e-01
3.102000e-01 4.447807e-01
3.108000e-01 5.487393e-01
3.114000e-01 6.755675e-01
3.120000e-01 7.892718e-01
3.126000e-01 8.060387e-01
3.132000e-01 6.792599e-01
3.138000e-01 4.901669e-01
3.144000e-01 3.319120e-01
3.150000e-01 2.266694e-01
3.156000e-01 1.625070e-01
3.162000e-01 1.250891e-01
3.168000e-01 1.051057e-01
3.174000e-01 9.986569e-02
3.180000e-01 1.205636e-01
3.186000e-01 1.288862e-01
3.192000e-01 1.371695e-01
3.198000e-01 1.456473e-01
3.204000e-01 1.540289e-01
3.210000e-01 1.619866e-01
3.216000e-01 1.692433e-01
3.222000e-01 1.755952e-01
3.228000e-01 1.809178e-01
3.234000e-01 1.851624e-01
3.240000e-01 1.883480e-01
3.246000e-01 1.905477e-01
3.252000e-01 1.918744e-01
3.258000e-01 1.924649e-01
3.264000e-01 1.924666e-01
3.270000e-01 1.920267e-01
3.276000e-01 1.912840e-01
3.282000e-01 1.903643e-01
3.288000e-01 1.893781e-01
3.294000e-01 1.884196e-01
3.300000e-01 1.875677e-01
3.306000e-01 1.868879e-01
3.312000e-01 1.864335e-01
3.318000e-01 1.862481e-01
3.324000e-01 1.863676e-01
3.330000e-01 1.868219e-01
3.336000e-01 1.876365e-01
3.342000e-01 1.888344e-01
3.348000e-01 1.904368e-01
3.354000e-01 1.924643e-01
3.360000e-01 1.949382e-01
3.366000e-01 1.978813e-01
3.372000e-01 2.013182e-01
3.378000e-01 2.052768e-01
3.384000e-01 2.097885e-01
3.390000e-01 2.148889e-01
3.396000e-01 2.206190e-01
3.402000e-01 2.270255e-01
3.408000e-01 2.341615e-01
3.414000e-01 2.420879e-01
3.420000e-01 2.508732e-01
3.426000e-01 2.605949e-01
3.432000e-01 2.713395e-01
3.438000e-01 2.832029e-01
3.444000e-01 2.962902e-01
3.450000e-01 3.107148e-01
3.456000e-01 3.265967e-01
3.462000e-01 3.440599e-01
3.468000e-01 3.632284e-01
3.474000e-01 3.842201e-01
3.480000e-01 4.071395e-01
3.486000e-01 4.320683e-01
3.492000e-01 4.590544e-01
3.498000e-01 4.881001e-01
3.504000e-01 5.191503e-01
3.510000e-01 5.520821e-01
3.516000e-01 5.866978e-01
3.522000e-01 6.227224e-01
3.528000e-01 6.598078e-01
3.534000e-01 6.975442e-01
3.540000e-01 7.354774e-01
3.546000e-01 7.731323e-01
3.552000e-01 8.100391e-01
3.558000e-01 8.457592e-01
3.564000e-01 8.799093e-01
3.570000e-01 9.121794e-01
3.576000e-01 9.423454e-01
3.582000e-01 9.702749e-01
3.588000e-01 9.959270e-01
3.594000e-01 1.019347e+00
3.600000e-01 1.040658e+00
3.606000e-01 1.060049e+00
3.612000e-01 1.077768e+00
3.618000e-01 1.094105e+00
3.624000e-01 1.109386e+00
3.630000e-01 1.123962e+00
3.636000e-01 1.138203e+00
3.642000e-01 1.152493e+00
3.648000e-01 1.167224e+00
3.654000e-01 1.182795e+00
3.660000e-01 1.199611e+00
3.666000e-01 1.218086e+00
3.672000e-01 1.238642e+00
3.678000e-01 1.261717e+00
3.684000e-01 1.287770e+00
3.690000e-01 1.317287e+00
3.696000e-01 1.350794e+00
3.702000e-01 1.388859e+00
3.708000e-01 1.432081e+00
3.714000e-01 1.481038e+00
3.720000e-01 1.536108e+00
3.726000e-01 1.597058e+00
3.732000e-01 1.662228e+00
3.738000e-01 1.727522e+00
3.744000e-01 1.786451e+00
3.750000e-01 1.833198e+00
3.756000e-01 1.867230e+00
3.762000e-01 1.893528e+00
3.768000e-01 1.917764e+00
3.774000e-01 1.942703e+00
3.780000e-01 1.968244e+00
3.786000e-01 1.992846e+00
3.792000e-01 2.014635e+00
3.798000e-01 2.031958e+00
3.804000e-01 2.043599e+00
3.810000e-01 2.048829e+00
3.816000e-01 2.047403e+00
3.822000e-01 2.039500e+00
3.828000e-01 2.025652e+00
3.834000e-01 2.006651e+00
3.840000e-01 1.983457e+00
3.846000e-01 1.957115e+00
3.852000e-01 1.928673e+00
3.858000e-01 1.899135e+00
3.864000e-01 1.869413e+00
3.870000e-01 1.840313e+00
3.876000e-01 1.812520e+00
3.882000e-01 1.786603e+00
3.888000e-01 1.763021e+00
3.894000e-01 1.742137e+00
3.900000e-01 1.724231e+00
3.906000e-01 1.709515e+00
3.912000e-01 1.698144e+00
3.918000e-01 1.690229e+00
3.924000e-01 1.685843e+00
3.930000e-01 1.685034e+00
3.936000e-01 1.687825e+00
3.942000e-01 1.694221e+00
3.948000e-01 1.704208e+00
3.954000e-01 1.717755e+00
3.960000e-01 1.734813e+00
3.966000e-01 1.755307e+00
3.972000e-01 1.779140e+00
3.978000e-01 1.806182e+00
3.984000e-01 1.836264e+00
3.990000e-01 1.869176e+00
3.996000e-01 1.904656e+00
4.002000e-01 1.942389e+00
4.008000e-01 1.981998e+00
4.014000e-01 2.023049e+00
4.020000e-01 2.065050e+00
4.026000e-01 2.107463e+00
4.032000e-01 2.149719e+00
4.038000e-01 2.191243e+00
4.044000e-01 2.231483e+00
4.050000e-01 2.269954e+00
4.056000e-01 2.306275e+00
4.062000e-01 2.340204e+00
4.068000e-01 2.371656e+00
4.074000e-01 2.400673e+00
4.080000e-01 2.427339e+00
4.086000e-01 2.451595e+00
4.092000e-01 2.472995e+00
4.098000e-01 2.490442e+00
4.104000e-01 2.502103e+00
4.110000e-01 2.505644e+00
4.116000e-01 2.498857e+00
4.122000e-01 2.480422e+00
4.128000e-01 2.450390e+00
4.134000e-01 2.410147e+00
4.140000e-01 2.361935e+00
4.146000e-01 2.308271e+00
4.152000e-01 2.251494e+00
4.158000e-01 2.193541e+00
4.164000e-01 2.135895e+00
4.170000e-01 2.079629e+00
4.176000e-01 2.025486e+00
4.182000e-01 1.973964e+00
4.188000e-01 1.925378e+00
4.194000e-01 1.879919e+00
4.200000e-01 1.837684e+00
4.206000e-01 1.798710e+00
4.212000e-01 1.762993e+00
4.218000e-01 1.730497e+00
4.224000e-01 1.701171e+00
4.230000e-01 1.674950e+00
4.236000e-01 1.651766e+00
4.242000e-01 1.631545e+00
4.248000e-01 1.614217e+00
4.254000e-01 1.599712e+00
4.260000e-01 1.587963e+00
4.266000e-01 1.578909e+00
4.272000e-01 1.572490e+00
4.278000e-01 1.568653e+00
4.284000e-01 1.567346e+00
4.290000e-01 1.568517e+00
4.296000e-01 1.572120e+00
4.302000e-01 1.578103e+00
4.308000e-01 1.586412e+00
4.314000e-01 1.596987e+00
4.320000e-01 1.609761e+00
4.326000e-01 1.624651e+00
4.332000e-01 1.641560e+00
4.338000e-01 1.660366e+00
4.344000e-01 1.680926e+00
4.350000e-01 1.703063e+00
4.356000e-01 1.726563e+00
4.362000e-01 1.751173e+00
4.368000e-01 1.776596e+00
4.374000e-01 1.802486e+00
4.380000e-01 1.828450e+00
4.386000e-01 1.854053e+00
4.392000e-01 1.878819e+00
4.398000e-01 1.902246e+00
4.404000e-01 1.923819e+00
4.410000e-01 1.943035e+00
4.416000e-01 1.959419e+00
4.422000e-01 1.972559e+00
4.428000e-01 1.982132e+00
4.434000e-01 1.987927e+00
4.440000e-01 1.989869e+00
4.446000e-01 1.988030e+00
4.452000e-01 1.982634e+00
4.458000e-01 1.974047e+00
4.464000e-01 1.962760e+00
4.470000e-01 1.949357e+00
4.476000e-01 1.934482e+00
4.482000e-01 1.918794e+00
4.488000e-01 1.902927e+00
4.494000e-01 1.887447e+00
4.500000e-01 1.872808e+00
4.506000e-01 1.859321e+00
4.512000e-01 1.847113e+00
4.518000e-01 1.836111e+00
4.524000e-01 1.826014e+00
4.530000e-01 1.816295e+00
4.536000e-01 1.806209e+00
4.542000e-01 1.794830e+00
4.548000e-01 1.781116e+00
4.554000e-01 1.764003e+00
4.560000e-01 1.742528e+00
4.566000e-01 1.715958e+00
4.572000e-01 1.683917e+00
4.578000e-01 1.646465e+00
4.584000e-01 1.604129e+00
4.590000e-01 1.557863e+00
4.596000e-01 1.508951e+00
4.602000e-01 1.458872e+00
4.608000e-01 1.409163e+00
4.614000e-01 1.361293e+00
4.620000e-01 1.316584e+00
4.626000e-01 1.276166e+00
4.632000e-01 1.240973e+00
4.638000e-01 1.211764e+00
4.644000e-01 1.189156e+00
4.650000e-01 1.173673e+00
4.656000e-01 1.165777e+00
4.662000e-01 1.165894e+00
4.668000e-01 1.174410e+00
4.674000e-01 1.191638e+00
4.680000e-01 1.217719e+00
4.686000e-01 1.252461e+00
4.692000e-01 1.295076e+00
4.698000e-01 1.343848e+00
4.704000e-01 1.395788e+00
4.710000e-01 1.446467e+00
4.716000e-01 1.490308e+00
4.722000e-01 1.521543e+00
4.728000e-01 1.535773e+00
4.734000e-01 1.531469e+00
4.740000e-01 1.510610e+00
4.746000e-01 1.478033e+00
4.752000e-01 1.439954e+00
4.758000e-01 1.402499e+00
4.764000e-01 1.370865e+00
4.770000e-01 1.349189e+00
4.776000e-01 1.340919e+00
4.782000e-01 1.349424e+00
4.788000e-01 1.378694e+00
4.794000e-01 1.433999e+00
4.800000e-01 1.522243e+00
4.806000e-01 1.651122e+00
4.812000e-01 1.824844e+00
4.818000e-01 2.032967e+00
4.824000e-01 2.234412e+00
4.830000e-01 2.360290e+00
4.836000e-01 2.362935e+00
4.842000e-01 2.262475e+00
4.848000e-01 2.119518e+00
4.854000e-01 1.982469e+00
4.860000e-01 1.872431e+00
4.866000e-01 1.793028e+00
4.872000e-01 1.740855e+00
4.878000e-01 1.710332e+00
4.884000e-01 1.690661e+00
4.890000e-01 1.825516e+00
4.896000e-01 1.918331e+00
4.902000e-01 2.004181e+00
4.908000e-01 2.090624e+00
4.914000e-01 2.179739e+00
4.920000e-01 2.271965e+00
4.926000e-01 2.366988e+00
4.932000e-01 2.464064e+00
4.938000e-01 2.562166e+00
4.944000e-01 2.660097e+00
4.950000e-01 2.756573e+00
4.956000e-01 2.850316e+00
4.962000e-01 2.940130e+00
4.968000e-01 3.024978e+00
4.974000e-01 3.104039e+00
4.980000e-01 3.176734e+00
4.986000e-01 3.242731e+00
4.992000e-01 3.301920e+00
4.998000e-01 3.354359e+00
5.004000e-01 3.400210e+00
5.010000e-01 3.439669e+00
5.016000e-01 3.472893e+00
5.022000e-01 3.499947e+00
5.028000e-01 3.520771e+00
5.034000e-01 3.535160e+00
5.040000e-01 3.542780e+00
5.046000e-01 3.543198e+00
5.052000e-01 3.535934e+00
5.058000e-01 3.520527e+00
5.064000e-01 3.496599e+00
5.070000e-01 3.463925e+00
5.076000e-01 3.422483e+00
5.082000e-01 3.372490e+00
5.088000e-01 3.314412e+00
5.094000e-01 3.248956e+00
5.100000e-01 3.177035e+00
5.106000e-01 3.099720e+00
5.112000e-01 3.018185e+00
5.118000e-01 2.933643e+00
5.124000e-01 2.847293e+00
5.130000e-01 2.760272e+00
5.136000e-01 2.673616e+00
5.142000e-01 2.588241e+00
5.148000e-01 2.504921e+00
5.154000e-01 2.424294e+00
5.160000e-01 2.346857e+00
5.166000e-01 2.272984e+00
5.172000e-01 2.202927e+00
5.178000e-01 2.136841e+00
5.184000e-01 2.074788e+00
5.190000e-01 2.016755e+00
5.196000e-01 1.962661e+00
5.202000e-01 1.912369e+00
5.208000e-01 1.865690e+00
5.214000e-01 1.822388e+00
5.220000e-01 1.782180e+00
5.226000e-01 1.744744e+00
5.232000e-01 1.709708e+00
5.238000e-01 1.676660e+00
5.244000e-01 1.645141e+00
5.250000e-01 1.614656e+00
5.256000e-01 1.584676e+00
5.262000e-01 1.554653e+00
5.268000e-01 1.524047e+00
5.274000e-01 1.492354e+00
5.280000e-01 1.459142e+00
5.286000e-01 1.424099e+00
5.292000e-01 1.387074e+00
5.298000e-01 1.348107e+00
5.304000e-01 1.307444e+00
5.310000e-01 1.265533e+00
5.316000e-01 1.222985e+00
5.322000e-01 1.180518e+00
5.328000e-01 1.138894e+00
5.334000e-01 1.098847e+00
5.340000e-01 1.061029e+00
5.346000e-01 1.025969e+00
5.352000e-01 9.940582e-01
5.358000e-01 9.655448e-01
5.364000e-01 9.405532e-01
5.370000e-01 9.191030e-01
5.376000e-01 9.011354e-01
5.382000e-01 8.865371e-01
5.388000e-01 8.751616e-01
5.394000e-01 8.668468e-01
5.400000e-01 8.614280e-01
5.406000e-01 8.587470e-01
5.412000e-01 8.586584e-01
5.418000e-01 8.610328e-01
5.424000e-01 8.657586e-01
5.430000e-01 8.727419e-01
5.436000e-01 8.819058e-01
5.442000e-01 8.931888e-01
5.448000e-01 9.065427e-01
5.454000e-01 9.219301e-01
5.460000e-01 9.393218e-01
5.466000e-01 9.586937e-01
5.472000e-01 9.800242e-01
5.478000e-01 1.003291e+00
5.484000e-01 1.028469e+00
5.490000e-01 1.055528e+00
5.496000e-01 1.084430e+00
5.502000e-01 1.115131e+00
5.508000e-01 1.147582e+00
5.514000e-01 1.181730e+00
5.520000e-01 1.217522e+00
5.526000e-01 1.254909e+00
5.532000e-01 1.293835e+00
5.538000e-01 1.334231e+00
5.544000e-01 1.375966e+00
5.550000e-01 1.418791e+00
5.556000e-01 1.462225e+00
5.562000e-01 1.505429e+00
5.568000e-01 1.547077e+00
5.574000e-01 1.585288e+00
5.580000e-01 1.617706e+00
5.586000e-01 1.641768e+00
5.592000e-01 1.655144e+00
5.598000e-01 1.656223e+00
5.604000e-01 1.644471e+00
5.610000e-01 1.620530e+00
5.616000e-01 1.586025e+00
5.622000e-01 1.543208e+00
5.628000e-01 1.494550e+00
5.634000e-01 1.442416e+00
5.640000e-01 1.388860e+00
5.646000e-01 1.335535e+00
5.652000e-01 1.283684e+00
5.658000e-01 1.234187e+00
5.664000e-01 1.187621e+00
5.670000e-01 1.144325e+00
5.676000e-01 1.104465e+00
5.682000e-01 1.068082e+00
5.688000e-01 1.035129e+00
5.694000e-01 1.005507e+00
5.700000e-01 9.790845e-01
5.706000e-01 9.557135e-01
5.712000e-01 9.352433e-01
5.718000e-01 9.175277e-01
5.724000e-01 9.024311e-01
5.730000e-01 8.898323e-01
5.736000e-01 8.796274e-01
5.742000e-01 8.717321e-01
5.748000e-01 8.660824e-01
5.754000e-01 8.626369e-01
5.760000e-01 8.613776e-01
5.766000e-01 8.623111e-01
5.772000e-01 8.654713e-01
5.778000e-01 8.709209e-01
5.784000e-01 8.787542e-01
5.790000e-01 8.891011e-01
5.796000e-01 9.021307e-01
5.802000e-01 9.180569e-01
5.808000e-01 9.371440e-01
5.814000e-01 9.597136e-01
5.820000e-01 9.861521e-01
5.826000e-01 1.016918e+00
5.832000e-01 1.052547e+00
5.838000e-01 1.093659e+00
5.844000e-01 1.140952e+00
5.850000e-01 1.195186e+00
5.856000e-01 1.257155e+00
5.862000e-01 1.327614e+00
5.868000e-01 1.407165e+00
5.874000e-01 1.496076e+00
5.880000e-01 1.594014e+00
5.886000e-01 1.699699e+00
5.892000e-01 1.810529e+00
5.898000e-01 1.922281e+00
5.904000e-01 2.029096e+00
5.910000e-01 2.123980e+00
5.916000e-01 2.199906e+00
5.922000e-01 2.251352e+00
5.928000e-01 2.275699e+00
5.934000e-01 2.273874e+00
5.940000e-01 2.249932e+00
5.946000e-01 2.209826e+00
5.952000e-01 2.159979e+00
5.958000e-01 2.106160e+00
5.964000e-01 2.052891e+00
5.970000e-01 2.003322e+00
5.976000e-01 1.959396e+00
5.982000e-01 1.922121e+00
5.988000e-01 1.891848e+00
5.994000e-01 1.868506e+00
6.000000e-01 1.851770e+00
6.006000e-01 1.841186e+00
6.012000e-01 1.836244e+00
6.018000e-01 1.836425e+00
6.024000e-01 1.841230e+00
6.030000e-01 1.850193e+00
6.036000e-01 1.862888e+00
6.042000e-01 1.878931e+00
6.048000e-01 1.897982e+00
6.054000e-01 1.919738e+00
6.060000e-01 1.943939e+00
6.066000e-01 1.970360e+00
6.072000e-01 1.998816e+00
6.078000e-01 2.029156e+00
6.084000e-01 2.061265e+00
6.090000e-01 2.095064e+00
6.096000e-01 2.130509e+00
6.102000e-01 2.167590e+00
6.108000e-01 2.206329e+00
6.114000e-01 2.246777e+00
6.120000e-01 2.289006e+00
6.126000e-01 2.333103e+00
6.132000e-01 2.379152e+00
6.138000e-01 2.427211e+00
6.144000e-01 2.477287e+00
6.150000e-01 2.529292e+00
6.156000e-01 2.582992e+00
6.162000e-01 2.637954e+00
6.168000e-01 2.693485e+00
6.174000e-01 2.748587e+00
6.180000e-01 2.801944e+00
6.186000e-01 2.851955e+00
6.192000e-01 2.896846e+00
6.198000e-01 2.934837e+00
6.204000e-01 2.964360e+00
6.210000e-01 2.984274e+00
6.216000e-01 2.994000e+00
6.222000e-01 2.993564e+00
6.228000e-01 2.983515e+00
6.234000e-01 2.964774e+00
6.240000e-01 2.938445e+00
6.246000e-01 2.905664e+00
6.252000e-01 2.867483e+00
6.258000e-01 2.824820e+00
6.264000e-01 2.778451e+00
6.270000e-01 2.729033e+00
6.276000e-01 2.677131e+00
6.282000e-01 2.623248e+00
6.288000e-01 2.567851e+00
6.294000e-01 2.511383e+00
6.300000e-01 2.454260e+00
6.306000e-01 2.396873e+00
6.312000e-01 2.339576e+00
6.318000e-01 2.282675e+00
6.324000e-01 2.226415e+00
6.330000e-01 2.170973e+00
6.336000e-01 2.116450e+00
6.342000e-01 2.062866e+00
6.348000e-01 2.010155e+00
6.354000e-01 1.958170e+00
6.360000e-01 1.906681e+00
6.366000e-01 1.855386e+00
6.372000e-01 1.803917e+00
6.378000e-01 1.751861e+00
6.384000e-01 1.698774e+00
6.390000e-01 1.644222e+00
6.396000e-01 1.587816e+00
6.402000e-01 1.529267e+00
6.408000e-01 1.468445e+00
6.414000e-01 1.405450e+00
6.420000e-01 1.340669e+00
6.426000e-01 1.274830e+00
6.432000e-01 1.209019e+00
6.438000e-01 1.144665e+00
6.444000e-01 1.083469e+00
6.450000e-01 1.027297e+00
6.456000e-01 9.780417e-01
6.462000e-01 9.374707e-01
6.468000e-01 9.070941e-01
6.474000e-01 8.880602e-01
6.480000e-01 8.810918e-01
6.486000e-01 8.864570e-01
6.492000e-01 9.039630e-01
6.498000e-01 9.329574e-01
6.504000e-01 9.723258e-01
6.510000e-01 1.020483e+00
6.516000e-01 1.075364e+00
6.522000e-01 1.134443e+00
6.528000e-01 1.194788e+00
6.534000e-01 1.253206e+00
6.540000e-01 1.306466e+00
6.546000e-01 1.351594e+00
6.552000e-01 1.386195e+00
6.558000e-01 1.408735e+00
6.564000e-01 1.418690e+00
6.570000e-01 1.416554e+00
6.576000e-01 1.403674e+00
6.582000e-01 1.382000e+00
6.588000e-01 1.353779e+00
6.594000e-01 1.321296e+00
6.600000e-01 1.286664e+00
6.606000e-01 1.251714e+00
6.612000e-01 1.217940e+00
6.618000e-01 1.186505e+00
6.624000e-01 1.158276e+00
6.630000e-01 1.133880e+00
6.636000e-01 1.113753e+00
6.642000e-01 1.098194e+00
6.648000e-01 1.087410e+00
6.654000e-01 1.081546e+00
6.660000e-01 1.080717e+00
6.666000e-01 1.085025e+00
6.672000e-01 1.094574e+00
6.678000e-01 1.109474e+00
6.684000e-01 1.129849e+00
6.690000e-01 1.155828e+00
6.696000e-01 1.187542e+00
6.702000e-01 1.225105e+00
6.708000e-01 1.268592e+00
6.714000e-01 1.318014e+00
6.720000e-01 1.373271e+00
6.726000e-01 1.434107e+00
6.732000e-01 1.500052e+00
6.738000e-01 1.570361e+00
6.744000e-01 1.643952e+00
6.750000e-01 1.719366e+00
6.756000e-01 1.794748e+00
6.762000e-01 1.867892e+00
6.768000e-01 1.936334e+00
6.774000e-01 1.997543e+00
6.780000e-01 2.049155e+00
6.786000e-01 2.089263e+00
6.792000e-01 2.116671e+00
6.798000e-01 2.131085e+00
6.804000e-01 2.133170e+00
6.810000e-01 2.124465e+00
6.816000e-01 2.107168e+00
6.822000e-01 2.083833e+00
6.828000e-01 2.057050e+00
6.834000e-01 2.029149e+00
6.840000e-01 2.001984e+00
6.846000e-01 1.976809e+00
6.852000e-01 1.954265e+00
6.858000e-01 1.934460e+00
6.864000e-01 1.917128e+00
6.870000e-01 1.901831e+00
6.876000e-01 1.888172e+00
6.882000e-01 1.875989e+00
6.888000e-01 1.865562e+00
6.894000e-01 1.858031e+00
6.900000e-01 1.857650e+00
6.906000e-01 1.888262e+00
6.912000e-01 1.882519e+00
6.918000e-01 1.872945e+00
6.924000e-01 1.863220e+00
6.930000e-01 1.854588e+00
6.936000e-01 1.847671e+00
6.942000e-01 1.842827e+00
6.948000e-01 1.840273e+00
6.954000e-01 1.840143e+00
6.960000e-01 1.842519e+00
6.966000e-01 1.847451e+00
6.972000e-01 1.854965e+00
6.978000e-01 1.865074e+00
6.984000e-01 1.877781e+00
6.990000e-01 1.893084e+00
6.996000e-01 1.910971e+00
7.002000e-01 1.931428e+00
7.008000e-01 1.954432e+00
7.014000e-01 1.979949e+00
7.020000e-01 2.007930e+00
7.026000e-01 2.038307e+00
7.032000e-01 2.070983e+00
7.038000e-01 2.105826e+00
7.044000e-01 2.142655e+00
7.050000e-01 2.181230e+00
7.056000e-01 2.221239e+00
7.062000e-01 2.262278e+00
7.068000e-01 2.303845e+00
7.074000e-01 2.345322e+00
7.080000e-01 2.385971e+00
7.086000e-01 2.424938e+00
7.092000e-01 2.461262e+00
7.098000e-01 2.493909e+00
7.104000e-01 2.521820e+00
7.110000e-01 2.543976e+00
7.116000e-01 2.559486e+00
7.122000e-01 2.567673e+00
7.128000e-01 2.568166e+00
7.134000e-01 2.560967e+00
7.140000e-01 2.546487e+00
7.146000e-01 2.525540e+00
7.152000e-01 2.499291e+00
7.158000e-01 2.469170e+00
7.164000e-01 2.436757e+00
7.170000e-01 2.403668e+00
7.176000e-01 2.371443e+00
7.182000e-01 2.341465e+00
7.188000e-01 2.314900e+00
7.194000e-01 2.292670e+00
7.200000e-01 2.275442e+00
7.206000e-01 2.263640e+00
7.212000e-01 2.257460e+00
7.218000e-01 2.256895e+00
7.224000e-01 2.261751e+00
7.230000e-01 2.271668e+00
7.236000e-01 2.286125e+00
7.242000e-01 2.304457e+00
7.248000e-01 2.325853e+00
7.254000e-01 2.349366e+00
7.260000e-01 2.373922e+00
7.266000e-01 2.398337e+00
7.272000e-01 2.421342e+00
7.278000e-01 2.441626e+00
7.284000e-01 2.457892e+00
7.290000e-01 2.468928e+00
7.296000e-01 2.473687e+00
7.302000e-01 2.471374e+00
7.308000e-01 2.461528e+00
7.314000e-01 2.444085e+00
7.320000e-01 2.419423e+00
7.326000e-01 2.388373e+00
7.332000e-01 2.352200e+00
7.338000e-01 2.312559e+00
7.344000e-01 2.271436e+00
7.350000e-01 2.231085e+00
7.356000e-01 2.193979e+00
7.362000e-01 2.162771e+00
7.368000e-01 2.140286e+00
7.374000e-01 2.129522e+00
7.380000e-01 2.133649e+00
7.386000e-01 2.155955e+00
7.392000e-01 2.199653e+00
7.398000e-01 2.267415e+00
7.404000e-01 2.360416e+00
7.410000e-01 2.476671e+00
7.416000e-01 2.608695e+00
7.422000e-01 2.741220e+00
7.428000e-01 2.851009e+00
7.434000e-01 2.911420e+00
7.440000e-01 2.902029e+00
7.446000e-01 2.818144e+00
7.452000e-01 2.672721e+00
7.458000e-01 2.489207e+00
7.464000e-01 2.291510e+00
7.470000e-01 2.097581e+00
7.476000e-01 1.917967e+00
7.482000e-01 1.757278e+00
7.488000e-01 1.616353e+00
7.494000e-01 1.494036e+00
7.500000e-01 1.388320e+00
7.506000e-01 1.296993e+00
7.512000e-01 1.217949e+00
7.518000e-01 1.149318e+00
7.524000e-01 1.089498e+00
7.530000e-01 1.037143e+00
7.536000e-01 9.911346e-01
7.542000e-01 9.505459e-01
7.548000e-01 9.146104e-01
7.554000e-01 8.826931e-01
7.560000e-01 8.542662e-01
7.566000e-01 8.288897e-01
7.572000e-01 8.061953e-01
7.578000e-01 7.858729e-01
7.584000e-01 7.676610e-01
7.590000e-01 7.513372e-01
7.596000e-01 7.367124e-01
7.602000e-01 7.236245e-01
7.608000e-01 7.119343e-01
7.614000e-01 7.015220e-01
7.620000e-01 6.922839e-01
7.626000e-01 6.841301e-01
7.632000e-01 6.769826e-01
7.638000e-01 6.707736e-01
7.644000e-01 6.654443e-01
7.650000e-01 6.609434e-01
7.656000e-01 6.572268e-01
7.662000e-01 6.542564e-01
7.668000e-01 6.520000e-01
7.674000e-01 6.504303e-01
7.680000e-01 6.495252e-01
7.686000e-01 6.492673e-01
7.692000e-01 6.496441e-01
7.698000e-01 6.506475e-01
7.704000e-01 6.522747e-01
7.710000e-01 6.545281e-01
7.716000e-01 6.574155e-01
7.722000e-01 6.609513e-01
7.728000e-01 6.651563e-01
7.734000e-01 6.700593e-01
7.740000e-01 6.756978e-01
7.746000e-01 6.821191e-01
7.752000e-01 6.893817e-01
7.758000e-01 6.975570e-01
7.764000e-01 7.067308e-01
7.770000e-01 7.170056e-01
7.776000e-01 7.285025e-01
7.782000e-01 7.413639e-01
7.788000e-01 7.557554e-01
7.794000e-01 7.718686e-01
7.800000e-01 7.899233e-01
7.806000e-01 8.101691e-01
7.812000e-01 8.328862e-01
7.818000e-01 8.583843e-01
7.824000e-01 8.869989e-01
7.830000e-01 9.190828e-01
7.836000e-01 9.549921e-01
7.842000e-01 9.950615e-01
7.848000e-01 1.039568e+00
7.854000e-01 1.088677e+00
7.860000e-01 1.142370e+00
7.866000e-01 1.200347e+00
7.872000e-01 1.261918e+00
7.878000e-01 1.325889e+00
7.884000e-01 1.390468e+00
7.890000e-01 1.453244e+00
7.896000e-01 1.511274e+00
7.902000e-01 1.561333e+00
7.908000e-01 1.600313e+00
7.914000e-01 1.625712e+00
7.920000e-01 1.636095e+00
7.926000e-01 1.631364e+00
7.932000e-01 1.612760e+00
7.938000e-01 1.582589e+00
7.944000e-01 1.543789e+00
7.950000e-01 1.499467e+00
7.956000e-01 1.452520e+00
7.962000e-01 1.405404e+00
7.968000e-01 1.360044e+00
7.974000e-01 1.317838e+00
7.980000e-01 1.279736e+00
7.986000e-01 1.246325e+00
7.992000e-01 1.217931e+00
7.998000e-01 1.194701e+00
8.004000e-01 1.176666e+00
8.010000e-01 1.163794e+00
8.016000e-01 1.156028e+00
8.022000e-01 1.153308e+00
8.028000e-01 1.155590e+00
8.034000e-01 1.162858e+00
8.040000e-01 1.175130e+00
8.046000e-01 1.192459e+00
8.052000e-01 1.214936e+00
8.058000e-01 1.242690e+00
8.064000e-01 1.275879e+00
8.070000e-01 1.314690e+00
8.076000e-01 1.359325e+00
8.082000e-01 1.409990e+00
8.088000e-01 1.466877e+00
8.094000e-01 1.530142e+00
8.100000e-01 1.599874e+00
8.106000e-01 1.676062e+00
8.112000e-01 1.758550e+00
8.118000e-01 1.846993e+00
8.124000e-01 1.940811e+00
8.130000e-01 2.039148e+00
8.136000e-01 2.140844e+00
8.142000e-01 2.244428e+00
8.148000e-01 2.348143e+00
8.154000e-01 2.449998e+00
8.160000e-01 2.547860e+00
8.166000e-01 2.639545e+00
8.172000e-01 2.722922e+00
8.178000e-01 2.795985e+00
8.184000e-01 2.856899e+00
8.190000e-01 2.904027e+00
8.196000e-01 2.935970e+00
8.202000e-01 2.951650e+00
8.208000e-01 2.950466e+00
8.214000e-01 2.932493e+00
8.220000e-01 2.898666e+00
8.226000e-01 2.850856e+00
8.232000e-01 2.791789e+00
8.238000e-01 2.724790e+00
8.244000e-01 2.653429e+00
8.250000e-01 2.581155e+00
8.256000e-01 2.511007e+00
8.262000e-01 2.445438e+00
8.268000e-01 2.386254e+00
8.274000e-01 2.334641e+00
8.280000e-01 2.291234e+00
8.286000e-01 2.256210e+00
8.292000e-01 2.229372e+00
8.298000e-01 2.210213e+00
8.304000e-01 2.197971e+00
8.310000e-01 2.191656e+00
8.316000e-01 2.190080e+00
8.322000e-01 2.191871e+00
8.328000e-01 2.195504e+00
8.334000e-01 2.199334e+00
8.340000e-01 2.201656e+00
8.346000e-01 2.200778e+00
8.352000e-01 2.195119e+00
8.358000e-01 2.183314e+00
8.364000e-01 2.164312e+00
8.370000e-01 2.137466e+00
8.376000e-01 2.102575e+00
8.382000e-01 2.059897e+00
8.388000e-01 2.010103e+00
8.394000e-01 1.954201e+00
8.400000e-01 1.893429e+00
8.406000e-01 1.829145e+00
8.412000e-01 1.762716e+00
8.418000e-01 1.695436e+00
8.424000e-01 1.628460e+00
8.430000e-01 1.562770e+00
8.436000e-01 1.499159e+00
8.442000e-01 1.438238e+00
8.448000e-01 1.380445e+00
8.454000e-01 1.326076e+00
8.460000e-01 1.275301e+00
8.466000e-01 1.228196e+00
8.472000e-01 1.184761e+00
8.478000e-01 1.144943e+00
8.484000e-01 1.108650e+00
8.490000e-01 1.075766e+00
8.496000e-01 1.046161e+00
8.502000e-01 1.019701e+00
8.508000e-01 9.962516e-01
8.514000e-01 9.756852e-01
8.520000e-01 9.578822e-01
8.526000e-01 9.427347e-01
8.532000e-01 9.301477e-01
8.538000e-01 9.200405e-01
8.544000e-01 9.123480e-01
8.550000e-01 9.070207e-01
8.556000e-01 9.040259e-01
8.562000e-01 9.033485e-01
8.568000e-01 9.049915e-01
8.574000e-01 9.089772e-01
8.580000e-01 9.153486e-01
8.586000e-01 9.241707e-01
8.592000e-01 9.355328e-01
8.598000e-01 9.495506e-01
8.604000e-01 9.663692e-01
8.610000e-01 9.861668e-01
8.616000e-01 1.009159e+00
8.622000e-01 1.035601e+00
8.628000e-01 1.065799e+00
8.634000e-01 1.100109e+00
8.640000e-01 1.138946e+00
8.646000e-01 1.182792e+00
8.652000e-01 1.232198e+00
8.658000e-01 1.287787e+00
8.664000e-01 1.350251e+00
8.670000e-01 1.420341e+00
8.676000e-01 1.498843e+00
8.682000e-01 1.586527e+00
8.688000e-01 1.684075e+00
8.694000e-01 1.791955e+00
8.700000e-01 1.910259e+00
8.706000e-01 2.038474e+00
8.712000e-01 2.175248e+00
8.718000e-01 2.318191e+00
8.724000e-01 2.463828e+00
8.730000e-01 2.607861e+00
8.736000e-01 2.745815e+00
8.742000e-01 2.873977e+00
8.748000e-01 2.990269e+00
8.754000e-01 3.094525e+00
8.760000e-01 3.187803e+00
8.766000e-01 3.270940e+00
8.772000e-01 3.343124e+00
8.778000e-01 3.401469e+00
8.784000e-01 3.442053e+00
8.790000e-01 3.461910e+00
8.796000e-01 3.460765e+00
8.802000e-01 3.441464e+00
8.808000e-01 3.409037e+00
8.814000e-01 3.369142e+00
8.820000e-01 3.326719e+00
8.826000e-01 3.285267e+00
8.832000e-01 3.246705e+00
8.838000e-01 3.211600e+00
8.844000e-01 3.179535e+00
8.850000e-01 3.149492e+00
8.856000e-01 3.120187e+00
8.862000e-01 3.090329e+00
8.868000e-01 3.058818e+00
8.874000e-01 3.024860e+00
8.880000e-01 2.988038e+00
8.886000e-01 2.948313e+00
8.892000e-01 2.905989e+00
8.898000e-01 2.861650e+00
8.904000e-01 2.816073e+00
8.910000e-01 2.770147e+00
8.916000e-01 2.724792e+00
8.922000e-01 2.680902e+00
8.928000e-01 2.639291e+00
8.934000e-01 2.600674e+00
8.940000e-01 2.565647e+00
8.946000e-01 2.534689e+00
8.952000e-01 2.508167e+00
8.958000e-01 2.486348e+00
8.964000e-01 2.469413e+00
8.970000e-01 2.457471e+00
8.976000e-01 2.450572e+00
8.982000e-01 2.448715e+00
8.988000e-01 2.451862e+00
8.994000e-01 2.459939e+00
9.000000e-01 2.472842e+00
9.006000e-01 2.490437e+00
9.012000e-01 2.512554e+00
9.018000e-01 2.538987e+00
9.024000e-01 2.569479e+00
9.030000e-01 2.603712e+00
9.036000e-01 2.641291e+00
9.042000e-01 2.681726e+00
9.048000e-01 2.724411e+00
9.054000e-01 2.768605e+00
9.060000e-01 2.813416e+00
9.066000e-01 2.857789e+00
9.072000e-01 2.900512e+00
9.078000e-01 2.940236e+00
9.084000e-01 2.975516e+00
9.090000e-01 3.004888e+00
9.096000e-01 3.026958e+00
9.102000e-01 3.040521e+00
9.108000e-01 3.044678e+00
9.114000e-01 3.038944e+00
9.120000e-01 3.023327e+00
9.126000e-01 2.998355e+00
9.132000e-01 2.965060e+00
9.138000e-01 2.924901e+00
9.144000e-01 2.879661e+00
9.150000e-01 2.831317e+00
9.156000e-01 2.781920e+00
9.162000e-01 2.733488e+00
9.168000e-01 2.687922e+00
9.174000e-01 2.646957e+00
9.180000e-01 2.612103e+00
9.186000e-01 2.584381e+00
9.192000e-01 2.580383e+00
9.198000e-01 2.579023e+00
9.204000e-01 2.584938e+00
9.210000e-01 2.599549e+00
9.216000e-01 2.623421e+00
9.222000e-01 2.656612e+00
9.228000e-01 2.698668e+00
9.234000e-01 2.748530e+00
9.240000e-01 2.804404e+00
9.246000e-01 2.863651e+00
9.252000e-01 2.922734e+00
9.258000e-01 2.977293e+00
9.264000e-01 3.022403e+00
9.270000e-01 3.053062e+00
9.276000e-01 3.064850e+00
9.282000e-01 3.054636e+00
9.288000e-01 3.021152e+00
9.294000e-01 2.965230e+00
9.300000e-01 2.889626e+00
9.306000e-01 2.798492e+00
9.312000e-01 2.696666e+00
9.318000e-01 2.588990e+00
9.324000e-01 2.479789e+00
9.330000e-01 2.372582e+00
9.336000e-01 2.269992e+00
9.342000e-01 2.173801e+00
9.348000e-01 2.085085e+00
9.354000e-01 2.004368e+00
9.360000e-01 1.931778e+00
9.366000e-01 1.867174e+00
9.372000e-01 1.810248e+00
9.378000e-01 1.760598e+00
9.384000e-01 1.717780e+00
9.390000e-01 1.681347e+00
9.396000e-01 1.650865e+00
9.402000e-01 1.625931e+00
9.408000e-01 1.606176e+00
9.414000e-01 1.591270e+00
9.420000e-01 1.580920e+00
9.426000e-01 1.574866e+00
9.432000e-01 1.572882e+00
9.438000e-01 1.574766e+00
9.444000e-01 1.580341e+00
9.450000e-01 1.589443e+00
9.456000e-01 1.601923e+00
9.462000e-01 1.617636e+00
9.468000e-01 1.636436e+00
9.474000e-01 1.658173e+00
9.480000e-01 1.682681e+00
9.486000e-01 1.709777e+00
9.492000e-01 1.739250e+00
9.498000e-01 1.770860e+00
9.504000e-01 1.804324e+00
9.510000e-01 1.839321e+00
9.516000e-01 1.875483e+00
9.522000e-01 1.912392e+00
9.528000e-01 1.949588e+00
9.534000e-01 1.986566e+00
9.540000e-01 2.022789e+00
9.546000e-01 2.057698e+00
9.552000e-01 2.090724e+00
9.558000e-01 2.121311e+00
9.564000e-01 2.148933e+00
9.570000e-01 2.173117e+00
9.576000e-01 2.193461e+00
9.582000e-01 2.209653e+00
9.588000e-01 2.221485e+00
9.594000e-01 2.228862e+00
9.600000e-01 2.231804e+00
9.606000e-01 2.230442e+00
9.612000e-01 2.225008e+00
9.618000e-01 2.215822e+00
9.624000e-01 2.203277e+00
9.630000e-01 2.187816e+00
9.636000e-01 2.169916e+00
9.642000e-01 2.150067e+00
9.648000e-01 2.128763e+00
9.654000e-01 2.106482e+00
9.660000e-01 2.083682e+00
9.666000e-01 2.060792e+00
9.672000e-01 2.038211e+00
9.678000e-01 2.016308e+00
9.684000e-01 1.995422e+00
9.690000e-01 1.975871e+00
9.696000e-01 1.957952e+00
9.702000e-01 1.941958e+00
9.708000e-01 1.928182e+00
9.714000e-01 1.916932e+00
9.720000e-01 1.908544e+00
9.726000e-01 1.903406e+00
9.732000e-01 1.901971e+00
9.738000e-01 1.904792e+00
9.744000e-01 1.912547e+00
9.750000e-01 1.926082e+00
9.756000e-01 1.946448e+00
9.762000e-01 1.974945e+00
9.768000e-01 2.013148e+00
9.774000e-01 2.062900e+00
9.780000e-01 2.126216e+00
9.786000e-01 2.205021e+00
9.792000e-01 2.300603e+00
9.798000e-01 2.412662e+00
9.804000e-01 2.537950e+00
9.810000e-01 2.668903e+00
9.816000e-01 2.793242e+00
9.822000e-01 2.895844e+00
9.828000e-01 2.963207e+00
9.834000e-01 2.988473e+00
9.840000e-01 2.973662e+00
9.846000e-01 2.927725e+00
9.852000e-01 2.862279e+00
9.858000e-01 2.787906e+00
9.864000e-01 2.712382e+00
9.870000e-01 2.640529e+00
9.876000e-01 2.574842e+00
9.882000e-01 2.516263e+00
9.888000e-01 2.464815e+00
9.894000e-01 2.420039e+00
9.900000e-01 2.381262e+00
9.906000e-01 2.347750e+00
9.912000e-01 2.318795e+00
9.918000e-01 2.293744e+00
9.924000e-01 2.272021e+00
9.930000e-01 2.253125e+00
9.936000e-01 2.236628e+00
9.942000e-01 2.222167e+00
9.948000e-01 2.209435e+00
9.954000e-01 2.198178e+00
9.960000e-01 2.188185e+00
9.966000e-01 2.179285e+00
9.972000e-01 2.171337e+00
9.978000e-01 2.164235e+00
9.984000e-01 2.157894e+00
9.990000e-01 2.152255e+00
9.996000e-01 2.147279e+00
1.000200e+00 2.142944e+00
1.000800e+00 2.139244e+00
1.001400e+00 2.136191e+00
1.002000e+00 2.133806e+00
1.002600e+00 2.132125e+00
1.003200e+00 2.131193e+00
1.003800e+00 2.131067e+00
1.004400e+00 2.131813e+00
1.005000e+00 2.133503e+00
1.005600e+00 2.136222e+00
1.006200e+00 2.140059e+00
1.006800e+00 2.145111e+00
1.007400e+00 2.151484e+00
1.008000e+00 2.159292e+00
1.008600e+00 2.168653e+00
1.009200e+00 2.179696e+00
1.009800e+00 2.192558e+00
1.010400e+00 2.207383e+00
1.011000e+00 2.224326e+00
1.011600e+00 2.243549e+00
1.012200e+00 2.265226e+00
1.012800e+00 2.289539e+00
1.013400e+00 2.316678e+00
1.014000e+00 2.346842e+00
1.014600e+00 2.380231e+00
1.015200e+00 2.417040e+00
1.015800e+00 2.457452e+00
1.016400e+00 2.501618e+00
1.017000e+00 2.549639e+00
1.017600e+00 2.601525e+00
1.018200e+00 2.657155e+00
1.018800e+00 2.716216e+00
1.019400e+00 2.778128e+00
1.020000e+00 2.841961e+00
1.020600e+00 2.906355e+00
1.021200e+00 2.969469e+00
1.021800e+00 3.028985e+00
1.022400e+00 3.082228e+00
1.023000e+00 3.126417e+00
1.023600e+00 3.159062e+00
1.024200e+00 3.178438e+00
1.024800e+00 3.184014e+00
1.025400e+00 3.176683e+00
1.026000e+00 3.158686e+00
1.026600e+00 3.133237e+00
1.027200e+00 3.103983e+00
1.027800e+00 3.074458e+00
1.028400e+00 3.047673e+00
1.029000e+00 3.025914e+00
1.029600e+00 3.010695e+00
1.030200e+00 3.002843e+00
1.030800e+00 3.002621e+00
1.031400e+00 3.009864e+00
1.032000e+00 3.024089e+00
1.032600e+00 3.044576e+00
1.033200e+00 3.070423e+00
1.033800e+00 3.100570e+00
1.034400e+00 3.133814e+00
1.035000e+00 3.168819e+00
1.035600e+00 3.204123e+00
1.036200e+00 3.238162e+00
1.036800e+00 3.269308e+00
1.037400e+00 3.295926e+00
1.038000e+00 3.316462e+00
1.038600e+00 3.329539e+00
1.039200e+00 3.334067e+00
1.039800e+00 3.329339e+00
1.040400e+00 3.315114e+00
1.041000e+00 3.291642e+00
1.041600e+00 3.259662e+00
1.042200e+00 3.220334e+00
1.042800e+00 3.175138e+00
1.043400e+00 3.125755e+00
1.044000e+00 3.073931e+00
1.044600e+00 3.021367e+00
1.045200e+00 2.969624e+00
1.045800e+00 2.920061e+00
1.046400e+00 2.873797e+00
1.047000e+00 2.831708e+00
1.047600e+00 2.794428e+00
1.048200e+00 2.762372e+00
1.048800e+00 2.735761e+00
1.049400e+00 2.714644e+00
1.050000e+00 2.698931e+00
1.050600e+00 2.688407e+00
1.051200e+00 2.682758e+00
1.051800e+00 2.681586e+00
1.052400e+00 2.684423e+00
1.053000e+00 2.690752e+00
1.053600e+00 2.700017e+00
1.054200e+00 2.711643e+00
1.054800e+00 2.725053e+00
1.055400e+00 2.739689e+00
1.056000e+00 2.755023e+00
1.056600e+00 2.770585e+00
1.057200e+00 2.785966e+00
1.057800e+00 2.800839e+00
1.058400e+00 2.814953e+00
1.059000e+00 2.828140e+00
1.059600e+00 2.840306e+00
1.060200e+00 2.851416e+00
1.060800e+00 2.861481e+00
1.061400e+00 2.870539e+00
1.062000e+00 2.878633e+00
1.062600e+00 2.885790e+00
1.063200e+00 2.892011e+00
1.063800e+00 2.897249e+00
1.064400e+00 2.901406e+00
1.065000e+00 2.904323e+00
1.065600e+00 2.905788e+00
1.066200e+00 2.905542e+00
1.066800e+00 2.903292e+00
1.067400e+00 2.898730e+00
1.068000e+00 2.891559e+00
1.068600e+00 2.881517e+00
1.069200e+00 2.868400e+00
1.069800e+00 2.852090e+00
1.070400e+00 2.832570e+00
1.071000e+00 2.809938e+00
1.071600e+00 2.784412e+00
1.072200e+00 2.756328e+00
1.072800e+00 2.726127e+00
1.073400e+00 2.694346e+00
1.074000e+00 2.661596e+00
1.074600e+00 2.628548e+00
1.075200e+00 2.595912e+00
1.075800e+00 2.564429e+00
1.076400e+00 2.534859e+00
1.077000e+00 2.507981e+00
1.077600e+00 2.484592e+00
1.078200e+00 2.465513e+00
1.078800e+00 2.451596e+00
1.079400e+00 2.443727e+00
1.080000e+00 2.442824e+00
1.080600e+00 2.449821e+00
1.081200e+00 2.465626e+00
1.081800e+00 2.491046e+00
1.082400e+00 2.526669e+00
1.083000e+00 2.572692e+00
1.083600e+00 2.628715e+00
1.084200e+00 2.693537e+00
1.084800e+00 2.765004e+00
1.085400e+00 2.840016e+00
1.086000e+00 2.914739e+00
1.086600e+00 2.985044e+00
1.087200e+00 3.047060e+00
1.087800e+00 3.097709e+00
1.088400e+00 3.135036e+00
1.089000e+00 3.158287e+00
1.089600e+00 3.167758e+00
1.090200e+00 3.164513e+00
1.090800e+00 3.150090e+00
1.091400e+00 3.126252e+00
1.092000e+00 3.094818e+00
1.092600e+00 3.057557e+00
1.093200e+00 3.016131e+00
1.093800e+00 2.972064e+00
1.094400e+00 2.926727e+00
1.095000e+00 2.881331e+00
1.095600e+00 2.836923e+00
1.096200e+00 2.794393e+00
1.096800e+00 2.754485e+00
1.097400e+00 2.717808e+00
1.098000e+00 2.684858e+00
1.098600e+00 2.656035e+00
1.099200e+00 2.631669e+00
1.099800e+00 2.612036e+00
1.100400e+00 2.597376e+00
1.101000e+00 2.587915e+00
1.101600e+00 2.583872e+00
1.102200e+00 2.585473e+00
1.102800e+00 2.592953e+00
1.103400e+00 2.606562e+00
1.104000e+00 2.626553e+00
1.104600e+00 2.653168e+00
1.105200e+00 2.686616e+00
1.105800e+00 2.727026e+00
1.106400e+00 2.774389e+00
1.107000e+00 2.828477e+00
1.107600e+00 2.888738e+00
1.108200e+00 2.954181e+00
1.108800e+00 3.023253e+00
1.109400e+00 3.093755e+00
1.110000e+00 3.162828e+00
1.110600e+00 3.227068e+00
1.111200e+00 3.282810e+00
1.111800e+00 3.326570e+00
1.112400e+00 3.355589e+00
1.113000e+00 3.368326e+00
1.113600e+00 3.364756e+00
1.114200e+00 3.346371e+00
1.114800e+00 3.315870e+00
1.115400e+00 3.276669e+00
1.116000e+00 3.232369e+00
1.116600e+00 3.186326e+00
1.117200e+00 3.141366e+00
1.117800e+00 3.099675e+00
1.118400e+00 3.062803e+00
1.119000e+00 3.031736e+00
1.119600e+00 3.007008e+00
1.120200e+00 2.988800e+00
1.120800e+00 2.977036e+00
1.121400e+00 2.971454e+00
1.122000e+00 2.971658e+00
1.122600e+00 2.977153e+00
1.123200e+00 2.987366e+00
1.123800e+00 3.001661e+00
1.124400e+00 3.019346e+00
1.125000e+00 3.039679e+00
1.125600e+00 3.061874e+00
1.126200e+00 3.085115e+00
1.126800e+00 3.108566e+00
1.127400e+00 3.131399e+00
1.128000e+00 3.152820e+00
1.128600e+00 3.172106e+00
1.129200e+00 3.188646e+00
1.129800e+00 3.201983e+00
1.130400e+00 3.211850e+00
1.131000e+00 3.218197e+00
1.131600e+00 3.221214e+00
1.132200e+00 3.221326e+00
1.132800e+00 3.219174e+00
1.133400e+00 3.215583e+00
1.134000e+00 3.211506e+00
1.134600e+00 3.207960e+00
1.135200e+00 3.205954e+00
1.135800e+00 3.206401e+00
1.136400e+00 3.210045e+00
1.137000e+00 3.217374e+00
1.137600e+00 3.228539e+00
1.138200e+00 3.243295e+00
1.138800e+00 3.260944e+00
1.139400e+00 3.280327e+00
1.140000e+00 3.299858e+00
1.140600e+00 3.317618e+00
1.141200e+00 3.331533e+00
1.141800e+00 3.339593e+00
1.142400e+00 3.340118e+00
1.143000e+00 3.331991e+00
1.143600e+00 3.314829e+00
1.144200e+00 3.289033e+00
1.144800e+00 3.255725e+00
1.145400e+00 3.216579e+00
1.146000e+00 3.173599e+00
1.146600e+00 3.128897e+00
1.147200e+00 3.084499e+00
1.147800e+00 3.042215e+00
1.148400e+00 3.003563e+00
1.149000e+00 2.969742e+00
1.149600e+00 2.941637e+00
1.150200e+00 2.919842e+00
1.150800e+00 2.904690e+00
1.151400e+00 2.896275e+00
1.152000e+00 2.894473e+00
1.152600e+00 2.898956e+00
1.153200e+00 2.909198e+00
1.153800e+00 2.924485e+00
1.154400e+00 2.943938e+00
1.155000e+00 2.966539e+00
1.155600e+00 2.991182e+00
1.156200e+00 3.016735e+00
1.156800e+00 3.042114e+00
1.157400e+00 3.066360e+00
1.158000e+00 3.088703e+00
1.158600e+00 3.108604e+00
1.159200e+00 3.125776e+00
1.159800e+00 3.140169e+00
1.160400e+00 3.151936e+00
1.161000e+00 3.161387e+00
1.161600e+00 3.168933e+00
1.162200e+00 3.175037e+00
1.162800e+00 3.180172e+00
1.163400e+00 3.184790e+00
1.164000e+00 3.189301e+00
1.164600e+00 3.194061e+00
1.165200e+00 3.199374e+00
1.165800e+00 3.205490e+00
1.166400e+00 3.212613e+00
1.167000e+00 3.220917e+00
1.167600e+00 3.230561e+00
1.168200e+00 3.241736e+00
1.168800e+00 3.254863e+00
1.169400e+00 3.291748e+00
1.170000e+00 3.322228e+00
1.170600e+00 3.346358e+00
1.171200e+00 3.368484e+00
1.171800e+00 3.389785e+00
1.172400e+00 3.410780e+00
1.173000e+00 3.431744e+00
1.173600e+00 3.452829e+00
1.174200e+00 3.474124e+00
1.174800e+00 3.495673e+00
1.175400e+00 3.517492e+00
1.176000e+00 3.539577e+00
1.176600e+00 3.561908e+00
1.177200e+00 3.584451e+00
1.177800e+00 3.607161e+00
1.178400e+00 3.629980e+00
1.179000e+00 3.652842e+00
1.179600e+00 3.675669e+00
1.180200e+00 3.698375e+00
1.180800e+00 3.720860e+00
1.181400e+00 3.743017e+00
1.182000e+00 3.764726e+00
1.182600e+00 3.785857e+00
1.183200e+00 3.806273e+00
1.183800e+00 3.825824e+00
1.184400e+00 3.844355e+00
1.185000e+00 3.861702e+00
1.185600e+00 3.877698e+00
1.186200e+00 3.892173e+00
1.186800e+00 3.904958e+00
1.187400e+00 3.915884e+00
1.188000e+00 3.924794e+00
1.188600e+00 3.931536e+00
1.189200e+00 3.935974e+00
1.189800e+00 3.937989e+00
1.190400e+00 3.937480e+00
1.191000e+00 3.934371e+00
1.191600e+00 3.928611e+00
1.192200e+00 3.920175e+00
1.192800e+00 3.909063e+00
1.193400e+00 3.895307e+00
1.194000e+00 3.878961e+00
1.194600e+00 3.860107e+00
1.195200e+00 3.838849e+00
1.195800e+00 3.815310e+00
1.196400e+00 3.789631e+00
1.197000e+00 3.761965e+00
1.197600e+00 3.732476e+00
1.198200e+00 3.701335e+00
1.198800e+00 3.668715e+00
1.199400e+00 3.634788e+00
