0.000000e+00 0.000000e+00
6.000000e-04 0.000000e+00
1.200000e-03 0.000000e+00
1.800000e-03 0.000000e+00
2.400000e-03 0.000000e+00
3.000000e-03 0.000000e+00
3.600000e-03 0.000000e+00
4.200000e-03 0.000000e+00
4.800000e-03 0.000000e+00
5.400000e-03 0.000000e+00
6.000000e-03 0.000000e+00
6.600000e-03 0.000000e+00
7.200000e-03 0.000000e+00
7.800000e-03 0.000000e+00
8.400000e-03 0.000000e+00
9.000000e-03 0.000000e+00
9.600000e-03 0.000000e+00
1.020000e-02 0.000000e+00
1.080000e-02 0.000000e+00
1.140000e-02 0.000000e+00
1.200000e-02 0.000000e+00
1.260000e-02 0.000000e+00
1.320000e-02 0.000000e+00
1.380000e-02 0.000000e+00
1.440000e-02 0.000000e+00
1.500000e-02 0.000000e+00
1.560000e-02 0.000000e+00
1.620000e-02 0.000000e+00
1.680000e-02 0.000000e+00
1.740000e-02 0.000000e+00
1.800000e-02 0.000000e+00
1.860000e-02 0.000000e+00
1.920000e-02 0.000000e+00
1.980000e-02 0.000000e+00
2.040000e-02 4.017874e-05
2.100000e-02 8.978387e-04
2.160000e-02 2.907157e-03
2.220000e-02 8.680120e-03
2.280000e-02 3.277100e-02
2.340000e-02 2.441413e-01
2.400000e-02 1.885382e-01
2.460000e-02 5.014272e-02
2.520000e-02 2.477906e-02
2.580000e-02 1.611232e-02
2.640000e-02 1.213939e-02
2.700000e-02 1.002759e-02
2.760000e-02 8.826909e-03
2.820000e-02 8.145545e-03
2.880000e-02 7.800182e-03
2.940000e-02 7.699434e-03
3.000000e-02 7.798542e-03
3.060000e-02 8.080070e-03
3.120000e-02 8.545613e-03
3.180000e-02 9.213040e-03
3.240000e-02 1.011729e-02
3.300000e-02 1.131436e-02
3.360000e-02 1.288929e-02
3.420000e-02 1.497021e-02
3.480000e-02 1.775281e-02
3.540000e-02 2.154406e-02
3.600000e-02 2.684364e-02
3.660000e-02 3.450443e-02
3.720000e-02 4.607189e-02
3.780000e-02 6.456649e-02
3.840000e-02 9.649532e-02
3.900000e-02 1.577831e-01
3.960000e-02 2.944168e-01
4.020000e-02 6.638491e-01
4.080000e-02 1.612478e+00
4.140000e-02 1.470627e+00
4.200000e-02 6.173437e-01
4.260000e-02 2.968984e-01
4.320000e-02 1.709472e-01
4.380000e-02 1.112640e-01
4.440000e-02 7.871344e-02
4.500000e-02 5.909107e-02
4.560000e-02 4.636353e-02
4.620000e-02 3.763857e-02
4.680000e-02 3.139454e-02
4.740000e-02 2.677034e-02
4.800000e-02 2.324931e-02
4.860000e-02 2.050626e-02
4.920000e-02 1.832825e-02
4.980000e-02 1.657104e-02
5.040000e-02 1.513413e-02
5.100000e-02 1.394570e-02
5.160000e-02 1.295335e-02
5.220000e-02 1.211808e-02
5.280000e-02 1.141044e-02
5.340000e-02 1.080779e-02
5.400000e-02 1.029255e-02
5.460000e-02 9.850902e-03
5.520000e-02 9.471867e-03
5.580000e-02 9.146652e-03
5.640000e-02 8.868161e-03
5.700000e-02 8.630635e-03
5.760000e-02 8.429379e-03
5.820000e-02 8.260551e-03
5.880000e-02 8.121008e-03
5.940000e-02 8.008178e-03
6.000000e-02 7.919970e-03
6.060000e-02 7.854692e-03
6.120000e-02 7.811002e-03
6.180000e-02 7.787856e-03
6.240000e-02 7.784474e-03
6.300000e-02 7.800317e-03
6.360000e-02 7.835065e-03
6.420000e-02 7.888604e-03
6.480000e-02 7.961017e-03
6.540000e-02 8.052583e-03
6.600000e-02 8.163774e-03
6.660000e-02 8.295264e-03
6.720000e-02 8.447936e-03
6.780000e-02 8.622898e-03
6.840000e-02 8.821500e-03
6.900000e-02 9.045358e-03
6.960000e-02 9.296385e-03
7.020000e-02 9.576822e-03
7.080000e-02 9.889284e-03
7.140000e-02 1.023680e-02
7.200000e-02 1.062288e-02
7.260000e-02 1.105153e-02
7.320000e-02 1.152735e-02
7.380000e-02 1.205550e-02
7.440000e-02 1.264171e-02
7.500000e-02 1.329209e-02
7.560000e-02 1.401277e-02
7.620000e-02 1.480892e-02
7.680000e-02 1.568275e-02
7.740000e-02 1.662913e-02
7.800000e-02 1.762584e-02
7.860000e-02 1.861147e-02
7.920000e-02 1.943286e-02
7.980000e-02 1.971341e-02
8.040000e-02 1.850040e-02
8.100000e-02 1.226298e-02
8.160000e-02 5.489727e-03
8.220000e-02 4.233907e-03
8.280000e-02 6.341765e-03
8.340000e-02 1.353413e-02
8.400000e-02 2.887836e-02
8.460000e-02 5.678099e-02
8.520000e-02 1.014255e-01
8.580000e-02 1.607651e-01
8.640000e-02 2.177878e-01
8.700000e-02 2.471021e-01
8.760000e-02 2.410626e-01
8.820000e-02 2.137567e-01
8.880000e-02 1.809805e-01
8.940000e-02 1.507556e-01
9.000000e-02 1.254078e-01
9.060000e-02 1.048636e-01
9.120000e-02 8.835767e-02
9.180000e-02 7.506764e-02
9.240000e-02 6.429503e-02
9.300000e-02 5.548984e-02
9.360000e-02 4.823000e-02
9.420000e-02 4.219358e-02
9.480000e-02 3.713430e-02
9.540000e-02 3.286243e-02
9.600000e-02 2.923055e-02
9.660000e-02 2.612307e-02
9.720000e-02 2.344854e-02
9.780000e-02 2.113397e-02
9.840000e-02 1.912064e-02
9.900000e-02 1.736096e-02
9.960000e-02 1.581606e-02
1.002000e-01 1.445397e-02
1.008000e-01 1.324829e-02
1.014000e-01 1.217703e-02
1.020000e-01 1.122181e-02
1.026000e-01 1.036717e-02
1.032000e-01 9.600071e-03
1.038000e-01 8.909436e-03
1.044000e-01 8.285837e-03
1.050000e-01 7.721209e-03
1.056000e-01 7.208633e-03
1.062000e-01 6.742153e-03
1.068000e-01 6.316625e-03
1.074000e-01 5.927599e-03
1.080000e-01 5.571213e-03
1.086000e-01 5.244116e-03
1.092000e-01 4.943392e-03
1.098000e-01 4.666509e-03
1.104000e-01 4.411270e-03
1.110000e-01 4.175774e-03
1.116000e-01 3.958384e-03
1.122000e-01 3.757707e-03
1.128000e-01 3.572568e-03
1.134000e-01 3.402003e-03
1.140000e-01 3.245247e-03
1.146000e-01 3.101728e-03
1.152000e-01 2.971071e-03
1.158000e-01 2.853100e-03
1.164000e-01 2.747849e-03
1.170000e-01 2.655575e-03
1.176000e-01 2.576779e-03
1.182000e-01 2.512229e-03
1.188000e-01 2.462994e-03
1.194000e-01 2.430479e-03
1.200000e-01 2.416472e-03
1.206000e-01 2.423199e-03
1.212000e-01 2.453391e-03
1.218000e-01 2.510367e-03
1.224000e-01 2.598131e-03
1.230000e-01 2.721500e-03
1.236000e-01 2.886255e-03
1.242000e-01 3.099323e-03
1.248000e-01 3.368977e-03
1.254000e-01 3.705013e-03
1.260000e-01 4.118811e-03
1.266000e-01 4.623028e-03
1.272000e-01 5.230413e-03
1.278000e-01 5.950612e-03
1.284000e-01 6.782770e-03
1.290000e-01 7.699963e-03
1.296000e-01 8.620139e-03
1.302000e-01 9.362705e-03
1.308000e-01 9.615830e-03
1.314000e-01 9.000249e-03
1.320000e-01 7.331170e-03
1.326000e-01 4.936619e-03
1.332000e-01 2.594119e-03
1.338000e-01 1.083280e-03
1.344000e-01 9.548441e-04
1.350000e-01 2.772426e-03
1.356000e-01 7.720296e-03
1.362000e-01 1.897459e-02
1.368000e-01 4.628391e-02
1.374000e-01 1.269306e-01
1.380000e-01 4.344947e-01
1.386000e-01 7.946503e-01
1.392000e-01 3.211253e-01
1.398000e-01 1.419335e-01
1.404000e-01 7.934488e-02
1.410000e-01 5.121477e-02
1.416000e-01 3.616057e-02
1.422000e-01 2.710621e-02
1.428000e-01 2.119607e-02
1.434000e-01 1.709972e-02
1.440000e-01 1.412783e-02
1.446000e-01 1.189310e-02
1.452000e-01 1.016359e-02
1.458000e-01 8.793114e-03
1.464000e-01 7.685549e-03
1.470000e-01 6.775443e-03
1.476000e-01 6.016879e-03
1.482000e-01 5.376808e-03
1.488000e-01 4.830911e-03
1.494000e-01 4.360945e-03
1.500000e-01 3.952989e-03
1.506000e-01 3.596256e-03
1.512000e-01 3.282278e-03
1.518000e-01 3.004323e-03
1.524000e-01 2.756984e-03
1.530000e-01 2.535875e-03
1.536000e-01 2.337409e-03
1.542000e-01 2.158628e-03
1.548000e-01 1.997081e-03
1.554000e-01 1.850724e-03
1.560000e-01 1.717849e-03
1.566000e-01 1.597022e-03
1.572000e-01 1.487044e-03
1.578000e-01 1.386915e-03
1.584000e-01 1.295807e-03
1.590000e-01 1.213049e-03
1.596000e-01 1.138110e-03
1.602000e-01 1.070594e-03
1.608000e-01 1.010238e-03
1.614000e-01 9.569154e-04
1.620000e-01 9.106477e-04
1.626000e-01 8.716212e-04
1.632000e-01 8.402152e-04
1.638000e-01 8.170431e-04
1.644000e-01 8.030102e-04
1.650000e-01 7.993961e-04
1.656000e-01 8.079711e-04
1.662000e-01 8.311622e-04
1.668000e-01 8.722922e-04
1.674000e-01 9.359282e-04
1.680000e-01 1.028398e-03
1.686000e-01 1.158568e-03
1.692000e-01 1.339043e-03
1.698000e-01 1.588045e-03
1.704000e-01 1.932462e-03
1.710000e-01 2.412884e-03
1.716000e-01 3.092225e-03
1.722000e-01 4.070955e-03
1.728000e-01 5.514932e-03
1.734000e-01 7.707912e-03
1.740000e-01 1.115286e-02
1.746000e-01 1.676491e-02
1.752000e-01 2.619294e-02
1.758000e-01 4.201861e-02
1.764000e-01 6.585319e-02
1.770000e-01 8.949608e-02
1.776000e-01 9.279305e-02
1.782000e-01 7.580819e-02
1.788000e-01 5.612387e-02
1.794000e-01 4.110141e-02
1.800000e-01 3.033057e-02
1.806000e-01 2.121935e-02
1.812000e-01 2.560775e-02
1.818000e-01 2.946276e-02
1.824000e-01 3.263603e-02
1.830000e-01 3.581348e-02
1.836000e-01 3.926038e-02
1.842000e-01 4.315315e-02
1.848000e-01 4.765612e-02
1.854000e-01 5.295442e-02
1.860000e-01 5.927813e-02
1.866000e-01 6.692917e-02
1.872000e-01 7.631793e-02
1.878000e-01 8.801849e-02
1.884000e-01 1.028562e-01
1.890000e-01 1.220519e-01
1.896000e-01 1.474684e-01
1.902000e-01 1.820451e-01
1.908000e-01 2.305849e-01
1.914000e-01 3.011885e-01
1.920000e-01 4.076992e-01
1.926000e-01 5.724107e-01
1.932000e-01 8.189788e-01
1.938000e-01 1.104609e+00
1.944000e-01 1.167307e+00
1.950000e-01 8.381178e-01
1.956000e-01 4.586591e-01
1.962000e-01 2.274450e-01
1.968000e-01 1.218494e-01
1.974000e-01 1.118310e-01
1.980000e-01 2.133464e-01
1.986000e-01 4.887787e-01
1.992000e-01 9.227615e-01
1.998000e-01 1.172016e+00
2.004000e-01 1.069374e+00
2.010000e-01 8.672900e-01
2.016000e-01 7.032638e-01
2.022000e-01 5.900960e-01
2.028000e-01 5.149018e-01
2.034000e-01 4.659570e-01
2.040000e-01 4.355528e-01
2.046000e-01 4.189764e-01
2.052000e-01 4.134460e-01
2.058000e-01 4.174194e-01
2.064000e-01 4.301835e-01
2.070000e-01 4.516081e-01
2.076000e-01 4.819869e-01
2.082000e-01 5.219080e-01
2.088000e-01 5.721039e-01
2.094000e-01 6.332321e-01
2.100000e-01 7.055278e-01
2.106000e-01 7.882861e-01
2.112000e-01 8.791854e-01
2.118000e-01 9.736105e-01
2.124000e-01 1.064360e+00
2.130000e-01 1.142284e+00
2.136000e-01 1.198187e+00
2.142000e-01 1.225529e+00
2.148000e-01 1.222589e+00
2.154000e-01 1.192772e+00
2.160000e-01 1.142986e+00
2.166000e-01 1.081213e+00
2.172000e-01 1.014557e+00
2.178000e-01 9.483075e-01
2.184000e-01 8.858586e-01
2.190000e-01 8.290620e-01
2.196000e-01 7.786941e-01
2.202000e-01 7.348624e-01
2.208000e-01 6.973035e-01
2.214000e-01 6.655780e-01
2.220000e-01 6.391895e-01
2.226000e-01 6.176516e-01
2.232000e-01 6.005223e-01
2.238000e-01 5.874200e-01
2.244000e-01 5.780284e-01
2.250000e-01 5.720962e-01
2.256000e-01 5.694340e-01
2.262000e-01 5.699114e-01
2.268000e-01 5.734524e-01
2.274000e-01 5.800334e-01
2.280000e-01 5.896806e-01
2.286000e-01 6.024678e-01
2.292000e-01 6.185161e-01
2.298000e-01 6.379919e-01
2.304000e-01 6.611056e-01
2.310000e-01 6.881084e-01
2.316000e-01 7.192878e-01
2.322000e-01 7.549576e-01
2.328000e-01 7.954438e-01
2.334000e-01 8.410612e-01
2.340000e-01 8.920783e-01
2.346000e-01 9.486684e-01
2.352000e-01 1.010842e+00
2.358000e-01 1.078363e+00
2.364000e-01 1.150649e+00
2.370000e-01 1.226671e+00
2.376000e-01 1.304873e+00
2.382000e-01 1.383149e+00
2.388000e-01 1.458908e+00
2.394000e-01 1.529274e+00
2.400000e-01 1.591413e+00
2.406000e-01 1.642945e+00
2.412000e-01 1.682351e+00
2.418000e-01 1.709254e+00
2.424000e-01 1.724475e+00
2.430000e-01 1.729836e+00
2.436000e-01 1.727761e+00
2.442000e-01 1.720713e+00
2.448000e-01 1.710572e+00
2.454000e-01 1.697936e+00
2.460000e-01 1.681388e+00
2.466000e-01 1.656854e+00
2.472000e-01 1.617511e+00
2.478000e-01 1.555095e+00
2.484000e-01 1.463309e+00
2.490000e-01 1.342318e+00
2.496000e-01 1.200928e+00
2.502000e-01 1.053621e+00
2.508000e-01 9.143493e-01
2.514000e-01 7.919729e-01
2.520000e-01 6.895934e-01
2.526000e-01 6.063475e-01
2.532000e-01 5.395229e-01
2.538000e-01 4.859878e-01
2.544000e-01 4.428877e-01
2.550000e-01 4.078770e-01
2.556000e-01 3.791256e-01
2.562000e-01 3.552410e-01
2.568000e-01 3.351759e-01
2.574000e-01 3.181438e-01
2.580000e-01 3.035527e-01
2.586000e-01 2.909541e-01
2.592000e-01 2.800056e-01
2.598000e-01 2.704433e-01
2.604000e-01 2.620621e-01
2.610000e-01 2.547011e-01
2.616000e-01 2.482329e-01
2.622000e-01 2.425560e-01
2.628000e-01 2.375887e-01
2.634000e-01 2.332652e-01
2.640000e-01 2.295321e-01
2.646000e-01 2.263463e-01
2.652000e-01 2.236726e-01
2.658000e-01 2.214828e-01
2.664000e-01 2.197544e-01
2.670000e-01 2.184698e-01
2.676000e-01 2.176156e-01
2.682000e-01 2.171821e-01
2.688000e-01 2.171629e-01
2.694000e-01 2.175548e-01
2.700000e-01 2.183573e-01
2.706000e-01 2.195725e-01
2.712000e-01 2.212049e-01
2.718000e-01 2.232615e-01
2.724000e-01 2.257515e-01
2.730000e-01 2.286863e-01
2.736000e-01 2.320794e-01
2.742000e-01 2.359464e-01
2.748000e-01 2.403048e-01
2.754000e-01 2.451738e-01
2.760000e-01 2.505743e-01
2.766000e-01 2.565285e-01
2.772000e-01 2.630597e-01
2.778000e-01 2.701918e-01
2.784000e-01 2.779485e-01
2.790000e-01 2.863528e-01
2.796000e-01 2.954259e-01
2.802000e-01 3.051856e-01
2.808000e-01 3.156453e-01
2.814000e-01 3.268116e-01
2.820000e-01 3.386824e-01
2.826000e-01 3.512441e-01
2.832000e-01 3.644691e-01
2.838000e-01 3.783129e-01
2.844000e-01 3.927115e-01
2.850000e-01 4.075797e-01
2.856000e-01 4.228097e-01
2.862000e-01 4.382715e-01
2.868000e-01 4.538151e-01
2.874000e-01 4.692743e-01
2.880000e-01 4.844730e-01
2.886000e-01 4.992326e-01
2.892000e-01 5.133818e-01
2.898000e-01 5.267656e-01
2.904000e-01 5.392553e-01
2.910000e-01 5.507565e-01
2.916000e-01 5.612161e-01
2.922000e-01 5.706269e-01
2.928000e-01 5.790296e-01
2.934000e-01 5.865129e-01
2.940000e-01 5.932120e-01
2.946000e-01 5.993053e-01
2.952000e-01 6.050109e-01
2.958000e-01 6.105826e-01
2.964000e-01 6.163074e-01
2.970000e-01 6.225034e-01
2.976000e-01 6.295204e-01
2.982000e-01 6.377421e-01
2.988000e-01 6.475917e-01
2.994000e-01 6.595401e-01
3.000000e-01 6.741180e-01
3.006000e-01 6.919311e-01
3.012000e-01 7.136799e-01
3.018000e-01 7.401825e-01
3.024000e-01 7.724010e-01
3.030000e-01 8.114673e-01
3.036000e-01 8.587044e-01
3.042000e-01 9.156306e-01
3.048000e-01 9.839273e-01
3.054000e-01 1.065332e+00
3.060000e-01 1.161401e+00
3.066000e-01 1.273052e+00
3.072000e-01 1.399811e+00
3.078000e-01 1.538725e+00
3.084000e-01 1.683139e+00
3.090000e-01 1.821932e+00
3.096000e-01 1.940237e+00
3.102000e-01 2.022532e+00
3.108000e-01 2.057573e+00
3.114000e-01 2.042675e+00
3.120000e-01 1.984504e+00
3.126000e-01 1.895916e+00
3.132000e-01 1.791205e+00
3.138000e-01 1.682426e+00
3.144000e-01 1.577860e+00
3.150000e-01 1.482110e+00
3.156000e-01 1.396890e+00
3.162000e-01 1.321874e+00
3.168000e-01 1.255342e+00
3.174000e-01 1.193220e+00
3.180000e-01 1.236828e+00
3.186000e-01 1.271760e+00
3.192000e-01 1.313808e+00
3.198000e-01 1.364877e+00
3.204000e-01 1.422601e+00
3.210000e-01 1.481117e+00
3.216000e-01 1.530769e+00
3.222000e-01 1.559108e+00
3.228000e-01 1.554612e+00
3.234000e-01 1.512408e+00
3.240000e-01 1.437984e+00
3.246000e-01 1.344995e+00
3.252000e-01 1.248684e+00
3.258000e-01 1.160254e+00
3.264000e-01 1.085178e+00
3.270000e-01 1.024409e+00
3.276000e-01 9.763872e-01
3.282000e-01 9.386425e-01
3.288000e-01 9.087690e-01
3.294000e-01 8.849104e-01
3.300000e-01 8.659469e-01
3.306000e-01 8.515056e-01
3.312000e-01 8.418637e-01
3.318000e-01 8.377886e-01
3.324000e-01 8.403502e-01
3.330000e-01 8.507304e-01
3.336000e-01 8.700494e-01
3.342000e-01 8.992135e-01
3.348000e-01 9.387804e-01
3.354000e-01 9.888348e-01
3.360000e-01 1.048869e+00
3.366000e-01 1.117679e+00
3.372000e-01 1.193286e+00
3.378000e-01 1.272939e+00
3.384000e-01 1.353212e+00
3.390000e-01 1.430241e+00
3.396000e-01 1.500086e+00
3.402000e-01 1.559167e+00
3.408000e-01 1.604686e+00
3.414000e-01 1.634933e+00
3.420000e-01 1.649407e+00
3.426000e-01 1.648732e+00
3.432000e-01 1.634421e+00
3.438000e-01 1.608558e+00
3.444000e-01 1.573478e+00
3.450000e-01 1.531502e+00
3.456000e-01 1.484756e+00
3.462000e-01 1.435066e+00
3.468000e-01 1.383923e+00
3.474000e-01 1.332488e+00
3.480000e-01 1.281627e+00
3.486000e-01 1.231954e+00
3.492000e-01 1.183885e+00
3.498000e-01 1.137675e+00
3.504000e-01 1.093462e+00
3.510000e-01 1.051297e+00
3.516000e-01 1.011170e+00
3.522000e-01 9.730310e-01
3.528000e-01 9.368031e-01
3.534000e-01 9.023965e-01
3.540000e-01 8.697159e-01
3.546000e-01 8.386667e-01
3.552000e-01 8.091600e-01
3.558000e-01 7.811151e-01
3.564000e-01 7.544620e-01
3.570000e-01 7.291423e-01
3.576000e-01 7.051103e-01
3.582000e-01 6.823329e-01
3.588000e-01 6.607896e-01
3.594000e-01 6.404722e-01
3.600000e-01 6.213843e-01
3.606000e-01 6.035410e-01
3.612000e-01 5.869684e-01
3.618000e-01 5.717031e-01
3.624000e-01 5.577926e-01
3.630000e-01 5.452952e-01
3.636000e-01 5.342809e-01
3.642000e-01 5.248329e-01
3.648000e-01 5.170489e-01
3.654000e-01 5.110442e-01
3.660000e-01 5.069550e-01
3.666000e-01 5.049432e-01
3.672000e-01 5.052017e-01
3.678000e-01 5.079618e-01
3.684000e-01 5.135008e-01
3.690000e-01 5.221518e-01
3.696000e-01 5.343129e-01
3.702000e-01 5.504571e-01
3.708000e-01 5.711372e-01
3.714000e-01 5.969843e-01
3.720000e-01 6.286885e-01
3.726000e-01 6.669488e-01
3.732000e-01 7.123708e-01
3.738000e-01 7.652803e-01
3.744000e-01 8.254245e-01
3.750000e-01 8.915478e-01
3.756000e-01 9.609049e-01
3.762000e-01 1.028902e+00
3.768000e-01 1.089227e+00
3.774000e-01 1.134835e+00
3.780000e-01 1.159798e+00
3.786000e-01 1.161305e+00
3.792000e-01 1.140665e+00
3.798000e-01 1.102676e+00
3.804000e-01 1.053810e+00
3.810000e-01 1.000351e+00
3.816000e-01 9.472302e-01
3.822000e-01 8.977142e-01
3.828000e-01 8.536098e-01
3.834000e-01 8.156696e-01
3.840000e-01 7.839817e-01
3.846000e-01 7.582664e-01
3.852000e-01 7.380736e-01
3.858000e-01 7.229018e-01
3.864000e-01 7.122636e-01
3.870000e-01 7.057183e-01
3.876000e-01 7.028844e-01
3.882000e-01 7.034426e-01
3.888000e-01 7.071324e-01
3.894000e-01 7.137472e-01
3.900000e-01 7.231279e-01
3.906000e-01 7.351580e-01
3.912000e-01 7.497573e-01
3.918000e-01 7.668782e-01
3.924000e-01 7.865010e-01
3.930000e-01 8.086306e-01
3.936000e-01 8.332932e-01
3.942000e-01 8.605334e-01
3.948000e-01 8.904111e-01
3.954000e-01 9.229984e-01
3.960000e-01 9.583759e-01
3.966000e-01 9.966288e-01
3.972000e-01 1.037842e+00
3.978000e-01 1.082092e+00
3.984000e-01 1.129443e+00
3.990000e-01 1.179933e+00
3.996000e-01 1.233564e+00
4.002000e-01 1.290285e+00
4.008000e-01 1.349977e+00
4.014000e-01 1.412428e+00
4.020000e-01 1.477314e+00
4.026000e-01 1.544165e+00
4.032000e-01 1.612342e+00
4.038000e-01 1.681007e+00
4.044000e-01 1.749103e+00
4.050000e-01 1.815334e+00
4.056000e-01 1.878168e+00
4.062000e-01 1.935852e+00
4.068000e-01 1.986461e+00
4.074000e-01 2.027964e+00
4.080000e-01 2.058325e+00
4.086000e-01 2.075628e+00
4.092000e-01 2.078204e+00
4.098000e-01 2.064767e+00
4.104000e-01 2.034521e+00
4.110000e-01 1.987242e+00
4.116000e-01 1.923337e+00
4.122000e-01 1.843888e+00
4.128000e-01 1.750748e+00
4.134000e-01 1.646755e+00
4.140000e-01 1.536198e+00
4.146000e-01 1.425676e+00
4.152000e-01 1.325386e+00
4.158000e-01 1.250325e+00
4.164000e-01 1.219478e+00
4.170000e-01 1.249201e+00
4.176000e-01 1.339390e+00
4.182000e-01 1.463181e+00
4.188000e-01 1.578058e+00
4.194000e-01 1.652169e+00
4.200000e-01 1.677440e+00
4.206000e-01 1.662448e+00
4.212000e-01 1.620566e+00
4.218000e-01 1.563367e+00
4.224000e-01 1.498968e+00
4.230000e-01 1.432499e+00
4.236000e-01 1.367001e+00
4.242000e-01 1.304192e+00
4.248000e-01 1.244982e+00
4.254000e-01 1.189803e+00
4.260000e-01 1.138810e+00
4.266000e-01 1.092004e+00
4.272000e-01 1.049300e+00
4.278000e-01 1.010572e+00
4.284000e-01 9.756795e-01
4.290000e-01 9.444757e-01
4.296000e-01 9.168187e-01
4.302000e-01 8.925709e-01
4.308000e-01 8.715961e-01
4.314000e-01 8.537534e-01
4.320000e-01 8.388889e-01
4.326000e-01 8.268236e-01
4.332000e-01 8.173422e-01
4.338000e-01 8.101827e-01
4.344000e-01 8.050314e-01
4.350000e-01 8.015297e-01
4.356000e-01 7.992972e-01
4.362000e-01 7.979772e-01
4.368000e-01 7.973067e-01
4.374000e-01 7.972085e-01
4.380000e-01 7.979014e-01
4.386000e-01 8.000261e-01
4.392000e-01 8.047985e-01
4.398000e-01 8.142211e-01
4.404000e-01 8.314115e-01
4.410000e-01 8.610994e-01
4.416000e-01 9.101857e-01
4.422000e-01 9.874377e-01
4.428000e-01 1.098595e+00
4.434000e-01 1.228583e+00
4.440000e-01 1.316856e+00
4.446000e-01 1.293662e+00
4.452000e-01 1.176235e+00
4.458000e-01 1.039044e+00
4.464000e-01 9.250888e-01
4.470000e-01 8.411390e-01
4.476000e-01 7.814449e-01
4.482000e-01 7.392216e-01
4.488000e-01 7.093341e-01
4.494000e-01 6.882931e-01
4.500000e-01 6.737858e-01
4.506000e-01 6.642730e-01
4.512000e-01 6.587141e-01
4.518000e-01 6.563913e-01
4.524000e-01 6.567978e-01
4.530000e-01 6.595666e-01
4.536000e-01 6.644244e-01
4.542000e-01 6.711598e-01
4.548000e-01 6.796020e-01
4.554000e-01 6.896051e-01
4.560000e-01 7.010363e-01
4.566000e-01 7.137674e-01
4.572000e-01 7.276672e-01
4.578000e-01 7.425960e-01
4.584000e-01 7.584015e-01
4.590000e-01 7.749160e-01
4.596000e-01 7.919547e-01
4.602000e-01 8.093161e-01
4.608000e-01 8.267845e-01
4.614000e-01 8.441343e-01
4.620000e-01 8.611370e-01
4.626000e-01 8.775701e-01
4.632000e-01 8.932279e-01
4.638000e-01 9.079339e-01
4.644000e-01 9.215537e-01
4.650000e-01 9.340070e-01
4.656000e-01 9.452788e-01
4.662000e-01 9.554278e-01
4.668000e-01 9.645916e-01
4.674000e-01 9.729885e-01
4.680000e-01 9.809157e-01
4.686000e-01 9.887433e-01
4.692000e-01 9.969071e-01
4.698000e-01 1.005898e+00
4.704000e-01 1.016249e+00
4.710000e-01 1.028526e+00
4.716000e-01 1.043311e+00
4.722000e-01 1.061189e+00
4.728000e-01 1.082734e+00
4.734000e-01 1.108491e+00
4.740000e-01 1.138958e+00
4.746000e-01 1.174563e+00
4.752000e-01 1.215642e+00
4.758000e-01 1.262406e+00
4.764000e-01 1.314915e+00
4.770000e-01 1.373038e+00
4.776000e-01 1.436424e+00
4.782000e-01 1.504461e+00
4.788000e-01 1.576251e+00
4.794000e-01 1.650586e+00
4.800000e-01 1.725940e+00
4.806000e-01 1.800477e+00
4.812000e-01 1.872095e+00
4.818000e-01 1.938487e+00
4.824000e-01 1.997251e+00
4.830000e-01 2.046027e+00
4.836000e-01 2.082660e+00
4.842000e-01 2.105374e+00
4.848000e-01 2.112935e+00
4.854000e-01 2.104774e+00
4.860000e-01 2.081046e+00
4.866000e-01 2.042619e+00
4.872000e-01 1.990969e+00
4.878000e-01 1.927978e+00
4.884000e-01 1.855133e+00
4.890000e-01 1.785138e+00
4.896000e-01 1.711273e+00
4.902000e-01 1.634763e+00
4.908000e-01 1.557327e+00
4.914000e-01 1.480368e+00
4.920000e-01 1.405062e+00
4.926000e-01 1.332369e+00
4.932000e-01 1.263041e+00
4.938000e-01 1.197636e+00
4.944000e-01 1.136546e+00
4.950000e-01 1.080018e+00
4.956000e-01 1.028183e+00
4.962000e-01 9.810838e-01
4.968000e-01 9.386963e-01
4.974000e-01 9.009520e-01
4.980000e-01 8.677553e-01
4.986000e-01 8.389972e-01
4.992000e-01 8.145673e-01
4.998000e-01 7.943626e-01
5.004000e-01 7.782940e-01
5.010000e-01 7.662908e-01
5.016000e-01 7.583041e-01
5.022000e-01 7.543072e-01
5.028000e-01 7.542956e-01
5.034000e-01 7.582841e-01
5.040000e-01 7.663023e-01
5.046000e-01 7.783864e-01
5.052000e-01 7.945676e-01
5.058000e-01 8.148563e-01
5.064000e-01 8.392197e-01
5.070000e-01 8.675534e-01
5.076000e-01 8.996448e-01
5.082000e-01 9.351306e-01
5.088000e-01 9.734484e-01
5.094000e-01 1.013790e+00
5.100000e-01 1.055060e+00
5.106000e-01 1.095860e+00
5.112000e-01 1.134508e+00
5.118000e-01 1.169108e+00
5.124000e-01 1.197685e+00
5.130000e-01 1.218375e+00
5.136000e-01 1.229651e+00
5.142000e-01 1.230533e+00
5.148000e-01 1.220747e+00
5.154000e-01 1.200771e+00
5.160000e-01 1.171769e+00
5.166000e-01 1.135421e+00
5.172000e-01 1.093697e+00
5.178000e-01 1.048630e+00
5.184000e-01 1.002125e+00
5.190000e-01 9.558286e-01
5.196000e-01 9.110713e-01
5.202000e-01 8.688539e-01
5.208000e-01 8.298778e-01
5.214000e-01 7.945927e-01
5.220000e-01 7.632528e-01
5.226000e-01 7.359705e-01
5.232000e-01 7.127655e-01
5.238000e-01 6.936050e-01
5.244000e-01 6.784373e-01
5.250000e-01 6.672179e-01
5.256000e-01 6.599315e-01
5.262000e-01 6.566103e-01
5.268000e-01 6.573505e-01
5.274000e-01 6.623286e-01
5.280000e-01 6.718182e-01
5.286000e-01 6.862087e-01
5.292000e-01 7.060253e-01
5.298000e-01 7.319494e-01
5.304000e-01 7.648348e-01
5.310000e-01 8.057102e-01
5.316000e-01 8.557480e-01
5.322000e-01 9.161612e-01
5.328000e-01 9.879594e-01
5.334000e-01 1.071458e+00
5.340000e-01 1.165414e+00
5.346000e-01 1.265721e+00
5.352000e-01 1.363948e+00
5.358000e-01 1.446728e+00
5.364000e-01 1.497762e+00
5.370000e-01 1.503511e+00
5.376000e-01 1.460195e+00
5.382000e-01 1.376545e+00
5.388000e-01 1.269483e+00
5.394000e-01 1.156475e+00
5.400000e-01 1.050248e+00
5.406000e-01 9.576501e-01
5.412000e-01 8.810100e-01
5.418000e-01 8.200229e-01
5.424000e-01 7.731903e-01
5.430000e-01 7.386773e-01
5.436000e-01 7.147366e-01
5.442000e-01 6.998786e-01
5.448000e-01 6.929138e-01
5.454000e-01 6.929381e-01
5.460000e-01 6.992982e-01
5.466000e-01 7.115542e-01
5.472000e-01 7.294466e-01
5.478000e-01 7.528680e-01
5.484000e-01 7.818407e-01
5.490000e-01 8.164995e-01
5.496000e-01 8.570766e-01
5.502000e-01 9.038891e-01
5.508000e-01 9.573260e-01
5.514000e-01 1.017835e+00
5.520000e-01 1.085906e+00
5.526000e-01 1.162052e+00
5.532000e-01 1.246785e+00
5.538000e-01 1.340585e+00
5.544000e-01 1.443860e+00
5.550000e-01 1.556894e+00
5.556000e-01 1.679762e+00
5.562000e-01 1.812214e+00
5.568000e-01 1.953477e+00
5.574000e-01 2.101953e+00
5.580000e-01 2.254800e+00
5.586000e-01 2.407433e+00
5.592000e-01 2.553117e+00
5.598000e-01 2.682974e+00
5.604000e-01 2.786826e+00
5.610000e-01 2.855053e+00
5.616000e-01 2.881089e+00
5.622000e-01 2.863518e+00
5.628000e-01 2.806642e+00
5.634000e-01 2.719204e+00
5.640000e-01 2.611975e+00
5.646000e-01 2.495387e+00
5.652000e-01 2.377994e+00
5.658000e-01 2.265918e+00
5.664000e-01 2.162993e+00
5.670000e-01 2.071230e+00
5.676000e-01 1.991341e+00
5.682000e-01 1.923195e+00
5.688000e-01 1.866145e+00
5.694000e-01 1.819262e+00
5.700000e-01 1.781480e+00
5.706000e-01 1.751680e+00
5.712000e-01 1.728751e+00
5.718000e-01 1.711614e+00
5.724000e-01 1.699254e+00
5.730000e-01 1.690726e+00
5.736000e-01 1.685173e+00
5.742000e-01 1.681840e+00
5.748000e-01 1.680077e+00
5.754000e-01 1.679353e+00
5.760000e-01 1.679250e+00
5.766000e-01 1.679467e+00
5.772000e-01 1.679806e+00
5.778000e-01 1.680166e+00
5.784000e-01 1.680524e+00
5.790000e-01 1.680921e+00
5.796000e-01 1.681441e+00
5.802000e-01 1.682202e+00
5.808000e-01 1.683333e+00
5.814000e-01 1.684971e+00
5.820000e-01 1.687245e+00
5.826000e-01 1.690276e+00
5.832000e-01 1.694170e+00
5.838000e-01 1.699019e+00
5.844000e-01 1.704901e+00
5.850000e-01 1.711882e+00
5.856000e-01 1.720026e+00
5.862000e-01 1.729390e+00
5.868000e-01 1.740043e+00
5.874000e-01 1.752062e+00
5.880000e-01 1.765547e+00
5.886000e-01 1.780624e+00
5.892000e-01 1.797453e+00
5.898000e-01 1.816233e+00
5.904000e-01 1.837202e+00
5.910000e-01 1.860631e+00
5.916000e-01 1.886812e+00
5.922000e-01 1.916034e+00
5.928000e-01 1.948534e+00
5.934000e-01 1.984429e+00
5.940000e-01 2.023618e+00
5.946000e-01 2.065645e+00
5.952000e-01 2.109536e+00
5.958000e-01 2.153627e+00
5.964000e-01 2.195434e+00
5.970000e-01 2.231625e+00
5.976000e-01 2.258198e+00
5.982000e-01 2.270920e+00
5.988000e-01 2.266005e+00
5.994000e-01 2.240881e+00
6.000000e-01 2.194785e+00
6.006000e-01 2.128964e+00
6.012000e-01 2.046390e+00
6.018000e-01 1.951113e+00
6.024000e-01 1.847519e+00
6.030000e-01 1.739706e+00
6.036000e-01 1.631112e+00
6.042000e-01 1.524373e+00
6.048000e-01 1.421365e+00
6.054000e-01 1.323326e+00
6.060000e-01 1.231004e+00
6.066000e-01 1.144795e+00
6.072000e-01 1.064852e+00
6.078000e-01 9.911674e-01
6.084000e-01 9.236231e-01
6.090000e-01 8.620314e-01
6.096000e-01 8.061572e-01
6.102000e-01 7.557339e-01
6.108000e-01 7.104746e-01
6.114000e-01 6.700810e-01
6.120000e-01 6.342499e-01
6.126000e-01 6.026799e-01
6.132000e-01 5.750762e-01
6.138000e-01 5.511552e-01
6.144000e-01 5.306481e-01
6.150000e-01 5.133040e-01
6.156000e-01 4.988918e-01
6.162000e-01 4.872017e-01
6.168000e-01 4.780457e-01
6.174000e-01 4.712581e-01
6.180000e-01 4.666950e-01
6.186000e-01 4.642339e-01
6.192000e-01 4.637729e-01
6.198000e-01 4.652297e-01
6.204000e-01 4.685401e-01
6.210000e-01 4.736577e-01
6.216000e-01 4.805515e-01
6.222000e-01 4.892053e-01
6.228000e-01 4.996157e-01
6.234000e-01 5.117907e-01
6.240000e-01 5.257471e-01
6.246000e-01 5.415085e-01
6.252000e-01 5.591024e-01
6.258000e-01 5.785563e-01
6.264000e-01 5.998934e-01
6.270000e-01 6.231275e-01
6.276000e-01 6.482564e-01
6.282000e-01 6.752546e-01
6.288000e-01 7.040645e-01
6.294000e-01 7.345875e-01
6.300000e-01 7.666737e-01
6.306000e-01 8.001126e-01
6.312000e-01 8.346251e-01
6.318000e-01 8.698583e-01
6.324000e-01 9.053849e-01
6.330000e-01 9.407087e-01
6.336000e-01 9.752787e-01
6.342000e-01 1.008511e+00
6.348000e-01 1.039820e+00
6.354000e-01 1.068653e+00
6.360000e-01 1.094535e+00
6.366000e-01 1.117099e+00
6.372000e-01 1.136123e+00
6.378000e-01 1.151544e+00
6.384000e-01 1.163465e+00
6.390000e-01 1.172145e+00
6.396000e-01 1.177976e+00
6.402000e-01 1.181450e+00
6.408000e-01 1.183128e+00
6.414000e-01 1.183604e+00
6.420000e-01 1.183477e+00
6.426000e-01 1.183327e+00
6.432000e-01 1.183704e+00
6.438000e-01 1.185114e+00
6.444000e-01 1.188026e+00
6.450000e-01 1.192870e+00
6.456000e-01 1.200047e+00
6.462000e-01 1.209941e+00
6.468000e-01 1.222930e+00
6.474000e-01 1.239401e+00
6.480000e-01 1.259763e+00
6.486000e-01 1.284465e+00
6.492000e-01 1.314008e+00
6.498000e-01 1.348958e+00
6.504000e-01 1.389959e+00
6.510000e-01 1.437728e+00
6.516000e-01 1.493047e+00
6.522000e-01 1.556712e+00
6.528000e-01 1.629436e+00
6.534000e-01 1.711662e+00
6.540000e-01 1.803226e+00
6.546000e-01 1.902835e+00
6.552000e-01 2.007307e+00
6.558000e-01 2.110707e+00
6.564000e-01 2.203749e+00
6.570000e-01 2.274258e+00
6.576000e-01 2.309586e+00
6.582000e-01 2.300992e+00
6.588000e-01 2.248017e+00
6.594000e-01 2.159687e+00
6.600000e-01 2.051223e+00
6.606000e-01 1.938514e+00
6.612000e-01 1.833844e+00
6.618000e-01 1.744459e+00
6.624000e-01 1.673280e+00
6.630000e-01 1.620377e+00
6.636000e-01 1.584322e+00
6.642000e-01 1.563097e+00
6.648000e-01 1.554615e+00
6.654000e-01 1.556950e+00
6.660000e-01 1.568423e+00
6.666000e-01 1.587602e+00
6.672000e-01 1.613258e+00
6.678000e-01 1.644323e+00
6.684000e-01 1.679835e+00
6.690000e-01 1.718891e+00
6.696000e-01 1.760609e+00
6.702000e-01 1.804089e+00
6.708000e-01 1.848393e+00
6.714000e-01 1.892522e+00
6.720000e-01 1.935412e+00
6.726000e-01 1.975942e+00
6.732000e-01 2.012946e+00
6.738000e-01 2.045253e+00
6.744000e-01 2.071728e+00
6.750000e-01 2.091332e+00
6.756000e-01 2.103186e+00
6.762000e-01 2.106633e+00
6.768000e-01 2.101293e+00
6.774000e-01 2.087108e+00
6.780000e-01 2.064352e+00
6.786000e-01 2.033627e+00
6.792000e-01 1.995825e+00
6.798000e-01 1.952078e+00
6.804000e-01 1.903686e+00
6.810000e-01 1.852044e+00
6.816000e-01 1.798572e+00
6.822000e-01 1.744656e+00
6.828000e-01 1.691603e+00
6.834000e-01 1.640613e+00
6.840000e-01 1.592767e+00
6.846000e-01 1.549034e+00
6.852000e-01 1.510286e+00
6.858000e-01 1.477330e+00
6.864000e-01 1.450952e+00
6.870000e-01 1.431981e+00
6.876000e-01 1.421389e+00
6.882000e-01 1.420475e+00
6.888000e-01 1.431280e+00
6.894000e-01 1.457839e+00
6.900000e-01 1.513209e+00
6.906000e-01 1.613175e+00
6.912000e-01 1.610742e+00
6.918000e-01 1.611106e+00
6.924000e-01 1.619851e+00
6.930000e-01 1.639470e+00
6.936000e-01 1.671566e+00
6.942000e-01 1.717113e+00
6.948000e-01 1.776405e+00
6.954000e-01 1.848905e+00
6.960000e-01 1.933086e+00
6.966000e-01 2.026363e+00
6.972000e-01 2.125174e+00
6.978000e-01 2.225276e+00
6.984000e-01 2.322236e+00
6.990000e-01 2.412011e+00
6.996000e-01 2.491472e+00
7.002000e-01 2.558724e+00
7.008000e-01 2.613152e+00
7.014000e-01 2.655225e+00
7.020000e-01 2.686151e+00
7.026000e-01 2.707511e+00
7.032000e-01 2.720939e+00
7.038000e-01 2.727910e+00
7.044000e-01 2.729618e+00
7.050000e-01 2.726952e+00
7.056000e-01 2.720516e+00
7.062000e-01 2.710690e+00
7.068000e-01 2.697702e+00
7.074000e-01 2.681694e+00
7.080000e-01 2.662790e+00
7.086000e-01 2.641138e+00
7.092000e-01 2.616943e+00
7.098000e-01 2.590481e+00
7.104000e-01 2.562101e+00
7.110000e-01 2.532215e+00
7.116000e-01 2.501281e+00
7.122000e-01 2.469785e+00
7.128000e-01 2.438220e+00
7.134000e-01 2.407066e+00
7.140000e-01 2.376778e+00
7.146000e-01 2.347776e+00
7.152000e-01 2.320430e+00
7.158000e-01 2.295067e+00
7.164000e-01 2.271960e+00
7.170000e-01 2.251338e+00
7.176000e-01 2.233381e+00
7.182000e-01 2.218230e+00
7.188000e-01 2.205987e+00
7.194000e-01 2.196718e+00
7.200000e-01 2.190461e+00
7.206000e-01 2.187223e+00
7.212000e-01 2.186985e+00
7.218000e-01 2.189705e+00
7.224000e-01 2.195313e+00
7.230000e-01 2.203718e+00
7.236000e-01 2.214803e+00
7.242000e-01 2.228426e+00
7.248000e-01 2.244420e+00
7.254000e-01 2.262592e+00
7.260000e-01 2.282720e+00
7.266000e-01 2.304561e+00
7.272000e-01 2.327845e+00
7.278000e-01 2.352281e+00
7.284000e-01 2.377563e+00
7.290000e-01 2.403371e+00
7.296000e-01 2.429380e+00
7.302000e-01 2.455266e+00
7.308000e-01 2.480718e+00
7.314000e-01 2.505436e+00
7.320000e-01 2.529149e+00
7.326000e-01 2.551610e+00
7.332000e-01 2.572605e+00
7.338000e-01 2.591953e+00
7.344000e-01 2.609500e+00
7.350000e-01 2.625117e+00
7.356000e-01 2.638694e+00
7.362000e-01 2.650130e+00
7.368000e-01 2.659326e+00
7.374000e-01 2.666174e+00
7.380000e-01 2.670556e+00
7.386000e-01 2.672334e+00
7.392000e-01 2.671355e+00
7.398000e-01 2.667444e+00
7.404000e-01 2.660422e+00
7.410000e-01 2.650101e+00
7.416000e-01 2.636309e+00
7.422000e-01 2.618890e+00
7.428000e-01 2.597731e+00
7.434000e-01 2.572767e+00
7.440000e-01 2.543995e+00
7.446000e-01 2.511487e+00
7.452000e-01 2.475396e+00
7.458000e-01 2.435954e+00
7.464000e-01 2.393474e+00
7.470000e-01 2.348344e+00
7.476000e-01 2.301013e+00
7.482000e-01 2.251984e+00
7.488000e-01 2.201795e+00
7.494000e-01 2.151007e+00
7.500000e-01 2.100189e+00
7.506000e-01 2.049902e+00
7.512000e-01 2.000691e+00
7.518000e-01 1.953073e+00
7.524000e-01 1.907532e+00
7.530000e-01 1.864510e+00
7.536000e-01 1.824407e+00
7.542000e-01 1.787576e+00
7.548000e-01 1.754320e+00
7.554000e-01 1.724895e+00
7.560000e-01 1.699503e+00
7.566000e-01 1.678288e+00
7.572000e-01 1.661337e+00
7.578000e-01 1.648671e+00
7.584000e-01 1.640237e+00
7.590000e-01 1.635904e+00
7.596000e-01 1.635455e+00
7.602000e-01 1.638578e+00
7.608000e-01 1.644867e+00
7.614000e-01 1.653819e+00
7.620000e-01 1.664841e+00
7.626000e-01 1.677261e+00
7.632000e-01 1.690349e+00
7.638000e-01 1.703344e+00
7.644000e-01 1.715483e+00
7.650000e-01 1.726041e+00
7.656000e-01 1.734361e+00
7.662000e-01 1.739891e+00
7.668000e-01 1.742208e+00
7.674000e-01 1.741034e+00
7.680000e-01 1.736245e+00
7.686000e-01 1.727865e+00
7.692000e-01 1.716054e+00
7.698000e-01 1.701094e+00
7.704000e-01 1.683358e+00
7.710000e-01 1.663294e+00
7.716000e-01 1.641397e+00
7.722000e-01 1.618190e+00
7.728000e-01 1.594205e+00
7.734000e-01 1.569971e+00
7.740000e-01 1.545998e+00
7.746000e-01 1.522772e+00
7.752000e-01 1.500745e+00
7.758000e-01 1.480328e+00
7.764000e-01 1.461888e+00
7.770000e-01 1.445739e+00
7.776000e-01 1.432137e+00
7.782000e-01 1.421273e+00
7.788000e-01 1.413271e+00
7.794000e-01 1.408182e+00
7.800000e-01 1.405983e+00
7.806000e-01 1.406582e+00
7.812000e-01 1.409819e+00
7.818000e-01 1.415479e+00
7.824000e-01 1.423300e+00
7.830000e-01 1.432992e+00
7.836000e-01 1.444250e+00
7.842000e-01 1.456771e+00
7.848000e-01 1.470265e+00
7.854000e-01 1.484469e+00
7.860000e-01 1.499158e+00
7.866000e-01 1.514147e+00
7.872000e-01 1.529294e+00
7.878000e-01 1.544503e+00
7.884000e-01 1.559717e+00
7.890000e-01 1.574920e+00
7.896000e-01 1.590126e+00
7.902000e-01 1.605381e+00
7.908000e-01 1.620753e+00
7.914000e-01 1.636330e+00
7.920000e-01 1.652218e+00
7.926000e-01 1.668534e+00
7.932000e-01 1.685408e+00
7.938000e-01 1.702978e+00
7.944000e-01 1.721393e+00
7.950000e-01 1.740813e+00
7.956000e-01 1.761407e+00
7.962000e-01 1.783357e+00
7.968000e-01 1.806862e+00
7.974000e-01 1.832136e+00
7.980000e-01 1.859420e+00
7.986000e-01 1.888980e+00
7.992000e-01 1.921115e+00
7.998000e-01 1.956166e+00
8.004000e-01 1.994520e+00
8.010000e-01 2.036621e+00
8.016000e-01 2.082976e+00
8.022000e-01 2.134157e+00
8.028000e-01 2.190787e+00
8.034000e-01 2.253488e+00
8.040000e-01 2.322718e+00
8.046000e-01 2.398366e+00
8.052000e-01 2.478746e+00
8.058000e-01 2.558276e+00
8.064000e-01 2.622820e+00
8.070000e-01 2.643717e+00
8.076000e-01 2.583068e+00
8.082000e-01 2.436036e+00
8.088000e-01 2.272963e+00
8.094000e-01 2.174963e+00
8.100000e-01 2.156154e+00
8.106000e-01 2.189243e+00
8.112000e-01 2.247227e+00
8.118000e-01 2.313807e+00
8.124000e-01 2.380498e+00
8.130000e-01 2.442997e+00
8.136000e-01 2.499062e+00
8.142000e-01 2.547478e+00
8.148000e-01 2.587600e+00
8.154000e-01 2.619144e+00
8.160000e-01 2.642104e+00
8.166000e-01 2.656704e+00
8.172000e-01 2.663362e+00
8.178000e-01 2.662656e+00
8.184000e-01 2.655284e+00
8.190000e-01 2.642019e+00
8.196000e-01 2.623670e+00
8.202000e-01 2.601045e+00
8.208000e-01 2.574916e+00
8.214000e-01 2.545995e+00
8.220000e-01 2.514922e+00
8.226000e-01 2.482250e+00
8.232000e-01 2.448449e+00
8.238000e-01 2.413901e+00
8.244000e-01 2.378916e+00
8.250000e-01 2.343733e+00
8.256000e-01 2.308536e+00
8.262000e-01 2.273465e+00
8.268000e-01 2.238630e+00
8.274000e-01 2.204120e+00
8.280000e-01 2.170018e+00
8.286000e-01 2.136408e+00
8.292000e-01 2.103387e+00
8.298000e-01 2.071074e+00
8.304000e-01 2.039608e+00
8.310000e-01 2.009162e+00
8.316000e-01 1.979932e+00
8.322000e-01 1.952146e+00
8.328000e-01 1.926054e+00
8.334000e-01 1.901924e+00
8.340000e-01 1.880037e+00
8.346000e-01 1.860676e+00
8.352000e-01 1.844119e+00
8.358000e-01 1.830632e+00
8.364000e-01 1.820456e+00
8.370000e-01 1.813804e+00
8.376000e-01 1.810850e+00
8.382000e-01 1.811724e+00
8.388000e-01 1.816504e+00
8.394000e-01 1.825212e+00
8.400000e-01 1.837805e+00
8.406000e-01 1.854172e+00
8.412000e-01 1.874126e+00
8.418000e-01 1.897399e+00
8.424000e-01 1.923640e+00
8.430000e-01 1.952413e+00
8.436000e-01 1.983201e+00
8.442000e-01 2.015413e+00
8.448000e-01 2.048399e+00
8.454000e-01 2.081474e+00
8.460000e-01 2.113946e+00
8.466000e-01 2.145155e+00
8.472000e-01 2.174510e+00
8.478000e-01 2.201535e+00
8.484000e-01 2.225902e+00
8.490000e-01 2.247467e+00
8.496000e-01 2.266282e+00
8.502000e-01 2.282604e+00
8.508000e-01 2.296884e+00
8.514000e-01 2.309744e+00
8.520000e-01 2.321946e+00
8.526000e-01 2.334360e+00
8.532000e-01 2.347924e+00
8.538000e-01 2.363611e+00
8.544000e-01 2.382407e+00
8.550000e-01 2.405281e+00
8.556000e-01 2.433177e+00
8.562000e-01 2.466999e+00
8.568000e-01 2.507601e+00
8.574000e-01 2.555775e+00
8.580000e-01 2.612235e+00
8.586000e-01 2.677586e+00
8.592000e-01 2.752283e+00
8.598000e-01 2.836560e+00
8.604000e-01 2.930339e+00
8.610000e-01 3.033105e+00
8.616000e-01 3.143750e+00
8.622000e-01 3.260411e+00
8.628000e-01 3.380321e+00
8.634000e-01 3.499731e+00
8.640000e-01 3.613963e+00
8.646000e-01 3.717674e+00
8.652000e-01 3.805330e+00
8.658000e-01 3.871876e+00
8.664000e-01 3.913444e+00
8.670000e-01 3.927924e+00
8.676000e-01 3.915234e+00
8.682000e-01 3.877218e+00
8.688000e-01 3.817230e+00
8.694000e-01 3.739556e+00
8.700000e-01 3.648831e+00
8.706000e-01 3.549556e+00
8.712000e-01 3.445784e+00
8.718000e-01 3.340954e+00
8.724000e-01 3.237840e+00
8.730000e-01 3.138582e+00
8.736000e-01 3.044763e+00
8.742000e-01 2.957491e+00
8.748000e-01 2.877498e+00
8.754000e-01 2.805217e+00
8.760000e-01 2.740854e+00
8.766000e-01 2.684451e+00
8.772000e-01 2.635930e+00
8.778000e-01 2.595131e+00
8.784000e-01 2.561838e+00
8.790000e-01 2.535799e+00
8.796000e-01 2.516739e+00
8.802000e-01 2.504370e+00
8.808000e-01 2.498389e+00
8.814000e-01 2.498481e+00
8.820000e-01 2.504313e+00
8.826000e-01 2.515527e+00
8.832000e-01 2.531727e+00
8.838000e-01 2.552467e+00
8.844000e-01 2.577231e+00
8.850000e-01 2.605416e+00
8.856000e-01 2.636310e+00
8.862000e-01 2.669067e+00
8.868000e-01 2.702692e+00
8.874000e-01 2.736020e+00
8.880000e-01 2.767716e+00
8.886000e-01 2.796283e+00
8.892000e-01 2.820094e+00
8.898000e-01 2.837454e+00
8.904000e-01 2.846696e+00
8.910000e-01 2.846295e+00
8.916000e-01 2.835016e+00
8.922000e-01 2.812056e+00
8.928000e-01 2.777161e+00
8.934000e-01 2.730703e+00
8.940000e-01 2.673672e+00
8.946000e-01 2.607608e+00
8.952000e-01 2.534454e+00
8.958000e-01 2.456371e+00
8.964000e-01 2.375548e+00
8.970000e-01 2.294034e+00
8.976000e-01 2.213608e+00
8.982000e-01 2.135713e+00
8.988000e-01 2.061432e+00
8.994000e-01 1.991504e+00
9.000000e-01 1.926371e+00
9.006000e-01 1.866231e+00
9.012000e-01 1.811095e+00
9.018000e-01 1.760844e+00
9.024000e-01 1.715273e+00
9.030000e-01 1.674127e+00
9.036000e-01 1.637129e+00
9.042000e-01 1.604002e+00
9.048000e-01 1.574481e+00
9.054000e-01 1.548321e+00
9.060000e-01 1.525305e+00
9.066000e-01 1.505244e+00
9.072000e-01 1.487977e+00
9.078000e-01 1.473377e+00
9.084000e-01 1.461341e+00
9.090000e-01 1.451798e+00
9.096000e-01 1.444701e+00
9.102000e-01 1.440033e+00
9.108000e-01 1.437801e+00
9.114000e-01 1.438038e+00
9.120000e-01 1.440805e+00
9.126000e-01 1.446191e+00
9.132000e-01 1.454311e+00
9.138000e-01 1.465314e+00
9.144000e-01 1.479381e+00
9.150000e-01 1.496728e+00
9.156000e-01 1.517607e+00
9.162000e-01 1.542312e+00
9.168000e-01 1.571172e+00
9.174000e-01 1.604553e+00
9.180000e-01 1.642811e+00
9.186000e-01 1.685934e+00
9.192000e-01 1.759873e+00
9.198000e-01 1.829216e+00
9.204000e-01 1.901700e+00
9.210000e-01 1.979387e+00
9.216000e-01 2.063214e+00
9.222000e-01 2.153652e+00
9.228000e-01 2.250755e+00
9.234000e-01 2.354067e+00
9.240000e-01 2.462462e+00
9.246000e-01 2.573977e+00
9.252000e-01 2.685667e+00
9.258000e-01 2.793575e+00
9.264000e-01 2.892893e+00
9.270000e-01 2.978372e+00
9.276000e-01 3.044981e+00
9.282000e-01 3.088705e+00
9.288000e-01 3.107272e+00
9.294000e-01 3.100567e+00
9.300000e-01 3.070605e+00
9.306000e-01 3.021073e+00
9.312000e-01 2.956616e+00
9.318000e-01 2.882102e+00
9.324000e-01 2.802035e+00
9.330000e-01 2.720200e+00
9.336000e-01 2.639529e+00
9.342000e-01 2.562123e+00
9.348000e-01 2.489366e+00
9.354000e-01 2.422080e+00
9.360000e-01 2.360668e+00
9.366000e-01 2.305244e+00
9.372000e-01 2.255735e+00
9.378000e-01 2.211959e+00
9.384000e-01 2.173677e+00
9.390000e-01 2.140637e+00
9.396000e-01 2.112593e+00
9.402000e-01 2.089328e+00
9.408000e-01 2.070660e+00
9.414000e-01 2.056453e+00
9.420000e-01 2.046617e+00
9.426000e-01 2.041112e+00
9.432000e-01 2.039952e+00
9.438000e-01 2.043200e+00
9.444000e-01 2.050970e+00
9.450000e-01 2.063423e+00
9.456000e-01 2.080762e+00
9.462000e-01 2.103219e+00
9.468000e-01 2.131038e+00
9.474000e-01 2.164447e+00
9.480000e-01 2.203615e+00
9.486000e-01 2.248591e+00
9.492000e-01 2.299231e+00
9.498000e-01 2.355106e+00
9.504000e-01 2.415407e+00
9.510000e-01 2.478878e+00
9.516000e-01 2.543791e+00
9.522000e-01 2.608014e+00
9.528000e-01 2.669190e+00
9.534000e-01 2.725004e+00
9.540000e-01 2.773502e+00
9.546000e-01 2.813362e+00
9.552000e-01 2.844041e+00
9.558000e-01 2.865752e+00
9.564000e-01 2.879306e+00
9.570000e-01 2.885868e+00
9.576000e-01 2.886710e+00
9.582000e-01 2.883023e+00
9.588000e-01 2.875791e+00
9.594000e-01 2.865753e+00
9.600000e-01 2.853403e+00
9.606000e-01 2.839041e+00
9.612000e-01 2.822824e+00
9.618000e-01 2.804834e+00
9.624000e-01 2.785130e+00
9.630000e-01 2.763793e+00
9.636000e-01 2.740954e+00
9.642000e-01 2.716806e+00
9.648000e-01 2.691602e+00
9.654000e-01 2.665641e+00
9.660000e-01 2.639245e+00
9.666000e-01 2.612732e+00
9.672000e-01 2.586394e+00
9.678000e-01 2.560475e+00
9.684000e-01 2.535159e+00
9.690000e-01 2.510562e+00
9.696000e-01 2.486734e+00
9.702000e-01 2.463665e+00
9.708000e-01 2.441291e+00
9.714000e-01 2.419512e+00
9.720000e-01 2.398197e+00
9.726000e-01 2.377203e+00
9.732000e-01 2.356381e+00
9.738000e-01 2.335591e+00
9.744000e-01 2.314706e+00
9.750000e-01 2.293622e+00
9.756000e-01 2.272266e+00
9.762000e-01 2.250593e+00
9.768000e-01 2.228597e+00
9.774000e-01 2.206308e+00
9.780000e-01 2.183796e+00
9.786000e-01 2.161166e+00
9.792000e-01 2.138563e+00
9.798000e-01 2.116168e+00
9.804000e-01 2.094197e+00
9.810000e-01 2.072899e+00
9.816000e-01 2.052553e+00
9.822000e-01 2.033474e+00
9.828000e-01 2.016005e+00
9.834000e-01 2.000520e+00
9.840000e-01 1.987429e+00
9.846000e-01 1.977176e+00
9.852000e-01 1.970245e+00
9.858000e-01 1.967159e+00
9.864000e-01 1.968487e+00
9.870000e-01 1.974840e+00
9.876000e-01 1.986870e+00
9.882000e-01 2.005249e+00
9.888000e-01 2.030649e+00
9.894000e-01 2.063683e+00
9.900000e-01 2.104819e+00
9.906000e-01 2.154249e+00
9.912000e-01 2.211696e+00
9.918000e-01 2.276161e+00
9.924000e-01 2.345639e+00
9.930000e-01 2.416870e+00
9.936000e-01 2.485250e+00
9.942000e-01 2.545072e+00
9.948000e-01 2.590236e+00
9.954000e-01 2.615380e+00
9.960000e-01 2.617146e+00
9.966000e-01 2.595072e+00
9.972000e-01 2.551707e+00
9.978000e-01 2.491884e+00
9.984000e-01 2.421522e+00
9.990000e-01 2.346450e+00
9.996000e-01 2.271599e+00
1.000200e+00 2.200651e+00
1.000800e+00 2.136050e+00
1.001400e+00 2.079207e+00
1.002000e+00 2.030762e+00
1.002600e+00 1.990834e+00
1.003200e+00 1.959216e+00
1.003800e+00 1.935522e+00
1.004400e+00 1.919278e+00
1.005000e+00 1.909984e+00
1.005600e+00 1.907147e+00
1.006200e+00 1.910299e+00
1.006800e+00 1.919007e+00
1.007400e+00 1.932870e+00
1.008000e+00 1.951526e+00
1.008600e+00 1.974638e+00
1.009200e+00 2.001900e+00
1.009800e+00 2.033027e+00
1.010400e+00 2.067751e+00
1.011000e+00 2.105819e+00
1.011600e+00 2.146980e+00
1.012200e+00 2.190981e+00
1.012800e+00 2.237552e+00
1.013400e+00 2.286389e+00
1.014000e+00 2.337136e+00
1.014600e+00 2.389362e+00
1.015200e+00 2.442533e+00
1.015800e+00 2.495990e+00
1.016400e+00 2.548932e+00
1.017000e+00 2.600409e+00
1.017600e+00 2.649340e+00
1.018200e+00 2.694549e+00
1.018800e+00 2.734840e+00
1.019400e+00 2.769094e+00
1.020000e+00 2.796386e+00
1.020600e+00 2.816101e+00
1.021200e+00 2.828022e+00
1.021800e+00 2.832378e+00
1.022400e+00 2.829828e+00
1.023000e+00 2.821392e+00
1.023600e+00 2.808338e+00
1.024200e+00 2.792043e+00
1.024800e+00 2.773870e+00
1.025400e+00 2.755058e+00
1.026000e+00 2.736648e+00
1.026600e+00 2.719443e+00
1.027200e+00 2.704000e+00
1.027800e+00 2.690638e+00
1.028400e+00 2.679466e+00
1.029000e+00 2.670414e+00
1.029600e+00 2.663271e+00
1.030200e+00 2.657719e+00
1.030800e+00 2.653369e+00
1.031400e+00 2.649790e+00
1.032000e+00 2.646542e+00
1.032600e+00 2.643200e+00
1.033200e+00 2.639373e+00
1.033800e+00 2.634730e+00
1.034400e+00 2.629007e+00
1.035000e+00 2.622015e+00
1.035600e+00 2.613652e+00
1.036200e+00 2.603889e+00
1.036800e+00 2.592775e+00
1.037400e+00 2.580422e+00
1.038000e+00 2.566993e+00
1.038600e+00 2.552690e+00
1.039200e+00 2.537744e+00
1.039800e+00 2.522397e+00
1.040400e+00 2.506895e+00
1.041000e+00 2.491479e+00
1.041600e+00 2.476378e+00
1.042200e+00 2.461805e+00
1.042800e+00 2.447952e+00
1.043400e+00 2.434993e+00
1.044000e+00 2.423081e+00
1.044600e+00 2.412350e+00
1.045200e+00 2.402914e+00
1.045800e+00 2.394870e+00
1.046400e+00 2.388294e+00
1.047000e+00 2.383241e+00
1.047600e+00 2.379739e+00
1.048200e+00 2.377777e+00
1.048800e+00 2.377297e+00
1.049400e+00 2.378171e+00
1.050000e+00 2.380180e+00
1.050600e+00 2.382992e+00
1.051200e+00 2.386139e+00
1.051800e+00 2.389011e+00
1.052400e+00 2.390879e+00
1.053000e+00 2.390948e+00
1.053600e+00 2.388459e+00
1.054200e+00 2.382811e+00
1.054800e+00 2.373682e+00
1.055400e+00 2.361104e+00
1.056000e+00 2.345456e+00
1.056600e+00 2.327384e+00
1.057200e+00 2.307675e+00
1.057800e+00 2.287119e+00
1.058400e+00 2.266412e+00
1.059000e+00 2.246100e+00
1.059600e+00 2.226563e+00
1.060200e+00 2.208037e+00
1.060800e+00 2.190636e+00
1.061400e+00 2.174391e+00
1.062000e+00 2.159276e+00
1.062600e+00 2.145230e+00
1.063200e+00 2.132176e+00
1.063800e+00 2.120035e+00
1.064400e+00 2.108727e+00
1.065000e+00 2.098184e+00
1.065600e+00 2.088344e+00
1.066200e+00 2.079161e+00
1.066800e+00 2.070600e+00
1.067400e+00 2.062635e+00
1.068000e+00 2.055258e+00
1.068600e+00 2.048467e+00
1.069200e+00 2.042273e+00
1.069800e+00 2.036698e+00
1.070400e+00 2.031774e+00
1.071000e+00 2.027539e+00
1.071600e+00 2.024043e+00
1.072200e+00 2.021343e+00
1.072800e+00 2.019502e+00
1.073400e+00 2.018591e+00
1.074000e+00 2.018684e+00
1.074600e+00 2.019863e+00
1.075200e+00 2.022211e+00
1.075800e+00 2.025814e+00
1.076400e+00 2.030758e+00
1.077000e+00 2.037129e+00
1.077600e+00 2.045009e+00
1.078200e+00 2.054477e+00
1.078800e+00 2.065603e+00
1.079400e+00 2.078446e+00
1.080000e+00 2.093056e+00
1.080600e+00 2.109464e+00
1.081200e+00 2.127684e+00
1.081800e+00 2.147707e+00
1.082400e+00 2.169499e+00
1.083000e+00 2.192997e+00
1.083600e+00 2.218108e+00
1.084200e+00 2.244706e+00
1.084800e+00 2.272627e+00
1.085400e+00 2.301673e+00
1.086000e+00 2.331611e+00
1.086600e+00 2.362170e+00
1.087200e+00 2.393051e+00
1.087800e+00 2.423926e+00
1.088400e+00 2.454449e+00
1.089000e+00 2.484258e+00
1.089600e+00 2.512990e+00
1.090200e+00 2.540288e+00
1.090800e+00 2.565813e+00
1.091400e+00 2.589257e+00
1.092000e+00 2.610351e+00
1.092600e+00 2.628878e+00
1.093200e+00 2.644678e+00
1.093800e+00 2.657659e+00
1.094400e+00 2.667798e+00
1.095000e+00 2.675141e+00
1.095600e+00 2.679806e+00
1.096200e+00 2.681978e+00
1.096800e+00 2.681902e+00
1.097400e+00 2.679882e+00
1.098000e+00 2.676265e+00
1.098600e+00 2.671443e+00
1.099200e+00 2.665843e+00
1.099800e+00 2.659917e+00
1.100400e+00 2.654147e+00
1.101000e+00 2.649036e+00
1.101600e+00 2.645112e+00
1.102200e+00 2.642935e+00
1.102800e+00 2.643097e+00
1.103400e+00 2.646239e+00
1.104000e+00 2.653061e+00
1.104600e+00 2.664343e+00
1.105200e+00 2.680960e+00
1.105800e+00 2.703906e+00
1.106400e+00 2.734314e+00
1.107000e+00 2.773463e+00
1.107600e+00 2.822767e+00
1.108200e+00 2.883726e+00
1.108800e+00 2.957804e+00
1.109400e+00 3.046180e+00
1.110000e+00 3.149331e+00
1.110600e+00 3.266377e+00
1.111200e+00 3.394195e+00
1.111800e+00 3.526490e+00
1.112400e+00 3.653236e+00
1.113000e+00 3.761217e+00
1.113600e+00 3.836275e+00
1.114200e+00 3.867028e+00
1.114800e+00 3.848566e+00
1.115400e+00 3.784009e+00
1.116000e+00 3.683034e+00
1.116600e+00 3.558394e+00
1.117200e+00 3.422449e+00
1.117800e+00 3.285027e+00
1.118400e+00 3.152807e+00
1.119000e+00 3.029667e+00
1.119600e+00 2.917414e+00
1.120200e+00 2.816504e+00
1.120800e+00 2.726619e+00
1.121400e+00 2.647051e+00
1.122000e+00 2.576946e+00
1.122600e+00 2.515448e+00
1.123200e+00 2.461768e+00
1.123800e+00 2.415225e+00
1.124400e+00 2.375248e+00
1.125000e+00 2.341381e+00
1.125600e+00 2.313273e+00
1.126200e+00 2.290666e+00
1.126800e+00 2.273384e+00
1.127400e+00 2.261320e+00
1.128000e+00 2.254423e+00
1.128600e+00 2.252680e+00
1.129200e+00 2.256099e+00
1.129800e+00 2.264685e+00
1.130400e+00 2.278409e+00
1.131000e+00 2.297175e+00
1.131600e+00 2.320768e+00
1.132200e+00 2.348805e+00
1.132800e+00 2.380677e+00
1.133400e+00 2.415488e+00
1.134000e+00 2.452014e+00
1.134600e+00 2.488695e+00
1.135200e+00 2.523666e+00
1.135800e+00 2.554868e+00
1.136400e+00 2.580219e+00
1.137000e+00 2.597849e+00
1.137600e+00 2.606341e+00
1.138200e+00 2.604934e+00
1.138800e+00 2.593633e+00
1.139400e+00 2.573189e+00
1.140000e+00 2.544960e+00
1.140600e+00 2.510705e+00
1.141200e+00 2.472345e+00
1.141800e+00 2.431761e+00
1.142400e+00 2.390641e+00
1.143000e+00 2.350400e+00
1.143600e+00 2.312148e+00
1.144200e+00 2.276709e+00
1.144800e+00 2.244654e+00
1.145400e+00 2.216347e+00
1.146000e+00 2.191994e+00
1.146600e+00 2.171686e+00
1.147200e+00 2.155433e+00
1.147800e+00 2.143192e+00
1.148400e+00 2.134894e+00
1.149000e+00 2.130452e+00
1.149600e+00 2.129778e+00
1.150200e+00 2.132791e+00
1.150800e+00 2.139422e+00
1.151400e+00 2.149616e+00
1.152000e+00 2.163338e+00
1.152600e+00 2.180573e+00
1.153200e+00 2.201328e+00
1.153800e+00 2.225633e+00
1.154400e+00 2.253543e+00
1.155000e+00 2.285139e+00
1.155600e+00 2.320529e+00
1.156200e+00 2.359851e+00
1.156800e+00 2.403273e+00
1.157400e+00 2.450999e+00
1.158000e+00 2.503266e+00
1.158600e+00 2.560349e+00
1.159200e+00 2.622558e+00
1.159800e+00 2.690236e+00
1.160400e+00 2.763749e+00
1.161000e+00 2.843461e+00
1.161600e+00 2.929704e+00
1.162200e+00 3.022706e+00
1.162800e+00 3.122489e+00
1.163400e+00 3.228706e+00
1.164000e+00 3.340424e+00
1.164600e+00 3.455843e+00
1.165200e+00 3.572038e+00
1.165800e+00 3.684839e+00
1.166400e+00 3.789054e+00
1.167000e+00 3.879240e+00
1.167600e+00 3.950965e+00
1.168200e+00 4.002191e+00
1.168800e+00 4.034286e+00
1.169400e+00 4.075337e+00
1.170000e+00 4.100269e+00
1.170600e+00 4.115003e+00
1.171200e+00 4.125055e+00
1.171800e+00 4.132222e+00
1.172400e+00 4.137101e+00
1.173000e+00 4.139646e+00
1.173600e+00 4.139465e+00
1.174200e+00 4.136026e+00
1.174800e+00 4.128802e+00
1.175400e+00 4.117363e+00
1.176000e+00 4.101427e+00
1.176600e+00 4.080887e+00
1.177200e+00 4.055813e+00
1.177800e+00 4.026437e+00
1.178400e+00 3.993123e+00
1.179000e+00 3.956343e+00
1.179600e+00 3.916636e+00
1.180200e+00 3.874578e+00
1.180800e+00 3.830754e+00
1.181400e+00 3.785731e+00
1.182000e+00 3.740040e+00
1.182600e+00 3.694164e+00
1.183200e+00 3.648529e+00
1.183800e+00 3.603503e+00
1.184400e+00 3.559393e+00
1.185000e+00 3.516451e+00
1.185600e+00 3.474881e+00
1.186200e+00 3.434839e+00
1.186800e+00 3.396444e+00
1.187400e+00 3.359786e+00
1.188000e+00 3.324928e+00
1.188600e+00 3.291913e+00
1.189200e+00 3.260771e+00
1.189800e+00 3.231520e+00
1.190400e+00 3.204173e+00
1.191000e+00 3.178738e+00
1.191600e+00 3.155220e+00
1.192200e+00 3.133624e+00
1.192800e+00 3.113957e+00
1.193400e+00 3.096227e+00
1.194000e+00 3.080443e+00
1.194600e+00 3.066618e+00
1.195200e+00 3.054768e+00
1.195800e+00 3.044911e+00
1.196400e+00 3.037066e+00
1.197000e+00 3.031258e+00
1.197600e+00 3.027512e+00
1.198200e+00 3.025856e+00
1.198800e+00 3.026318e+00
1.199400e+00 3.028929e+00
