0.000000e+00 0.000000e+00
6.000000e-04 0.000000e+00
1.200000e-03 0.000000e+00
1.800000e-03 0.000000e+00
2.400000e-03 0.000000e+00
3.000000e-03 0.000000e+00
3.600000e-03 0.000000e+00
4.200000e-03 0.000000e+00
4.800000e-03 0.000000e+00
5.400000e-03 0.000000e+00
6.000000e-03 0.000000e+00
6.600000e-03 0.000000e+00
7.200000e-03 0.000000e+00
7.800000e-03 0.000000e+00
8.400000e-03 0.000000e+00
9.000000e-03 0.000000e+00
9.600000e-03 0.000000e+00
1.020000e-02 0.000000e+00
1.080000e-02 0.000000e+00
1.140000e-02 0.000000e+00
1.200000e-02 0.000000e+00
1.260000e-02 0.000000e+00
1.320000e-02 0.000000e+00
1.380000e-02 0.000000e+00
1.440000e-02 0.000000e+00
1.500000e-02 0.000000e+00
1.560000e-02 0.000000e+00
1.620000e-02 0.000000e+00
1.680000e-02 0.000000e+00
1.740000e-02 0.000000e+00
1.800000e-02 0.000000e+00
1.860000e-02 0.000000e+00
1.920000e-02 0.000000e+00
1.980000e-02 0.000000e+00
2.040000e-02 1.404869e-06
2.100000e-02 2.502184e-05
2.160000e-02 5.940953e-05
2.220000e-02 1.129816e-04
2.280000e-02 2.034336e-04
2.340000e-02 3.704733e-04
2.400000e-02 6.980208e-04
2.460000e-02 1.227842e-03
2.520000e-02 1.353367e-03
2.580000e-02 8.229260e-04
2.640000e-02 4.245421e-04
2.700000e-02 2.268391e-04
2.760000e-02 1.273092e-04
2.820000e-02 7.332693e-05
2.880000e-02 4.212134e-05
2.940000e-02 2.332910e-05
3.000000e-02 1.185855e-05
3.060000e-02 5.032639e-06
3.120000e-02 1.371160e-06
3.180000e-02 3.437207e-08
3.240000e-02 5.537923e-07
3.300000e-02 2.698084e-06
3.360000e-02 6.408834e-06
3.420000e-02 1.177818e-05
3.480000e-02 1.905853e-05
3.540000e-02 2.870693e-05
3.600000e-02 4.147988e-05
3.660000e-02 5.861778e-05
3.720000e-02 8.220874e-05
3.780000e-02 1.159477e-04
3.840000e-02 1.668608e-04
3.900000e-02 2.497043e-04
3.960000e-02 4.001112e-04
4.020000e-02 7.240948e-04
4.080000e-02 1.668785e-03
4.140000e-02 7.140367e-03
4.200000e-02 3.706782e-02
4.260000e-02 3.020547e-03
4.320000e-02 8.361381e-04
4.380000e-02 3.457688e-04
4.440000e-02 1.684779e-04
4.500000e-02 8.795766e-05
4.560000e-02 4.649281e-05
4.620000e-02 2.365861e-05
4.680000e-02 1.082619e-05
4.740000e-02 3.880068e-06
4.800000e-02 6.794046e-07
4.860000e-02 3.880125e-08
4.920000e-02 1.273383e-06
4.980000e-02 3.978371e-06
5.040000e-02 7.915046e-06
5.100000e-02 1.294858e-05
5.160000e-02 1.901269e-05
5.220000e-02 2.608881e-05
5.280000e-02 3.419361e-05
5.340000e-02 4.337114e-05
5.400000e-02 5.368786e-05
5.460000e-02 6.522914e-05
5.520000e-02 7.809634e-05
5.580000e-02 9.240364e-05
5.640000e-02 1.082736e-04
5.700000e-02 1.258305e-04
5.760000e-02 1.451886e-04
5.820000e-02 1.664336e-04
5.880000e-02 1.895910e-04
5.940000e-02 2.145740e-04
6.000000e-02 2.410962e-04
6.060000e-02 2.685268e-04
6.120000e-02 2.956486e-04
6.180000e-02 3.202548e-04
6.240000e-02 3.384865e-04
6.300000e-02 3.437907e-04
6.360000e-02 3.254948e-04
6.420000e-02 2.678947e-04
6.480000e-02 1.556228e-04
6.540000e-02 1.713126e-05
6.600000e-02 1.933504e-04
6.660000e-02 3.144497e-03
6.720000e-02 2.891069e-02
6.780000e-02 2.592802e-01
6.840000e-02 7.854155e-01
6.900000e-02 1.235141e+00
6.960000e-02 1.899630e+00
7.020000e-02 4.846267e-01
7.080000e-02 1.350799e-01
7.140000e-02 5.408030e-02
7.200000e-02 2.666811e-02
7.260000e-02 1.482047e-02
7.320000e-02 8.775611e-03
7.380000e-02 5.257179e-03
7.440000e-02 2.908346e-03
7.500000e-02 1.014234e-03
7.560000e-02 5.808086e-04
7.620000e-02 8.139261e-03
7.680000e-02 3.810939e-03
7.740000e-02 2.343372e-03
7.800000e-02 1.594434e-03
7.860000e-02 1.123961e-03
7.920000e-02 7.968517e-04
7.980000e-02 5.567888e-04
8.040000e-02 3.759200e-04
8.100000e-02 2.445639e-04
8.160000e-02 2.045318e-04
8.220000e-02 1.523133e-04
8.280000e-02 1.485038e-04
8.340000e-02 1.931868e-04
8.400000e-02 2.832978e-04
8.460000e-02 4.164996e-04
8.520000e-02 5.918699e-04
8.580000e-02 8.099428e-04
8.640000e-02 1.072632e-03
8.700000e-02 1.383173e-03
8.760000e-02 1.746109e-03
8.820000e-02 2.167347e-03
8.880000e-02 2.654266e-03
8.940000e-02 3.215885e-03
9.000000e-02 3.863109e-03
9.060000e-02 4.609038e-03
9.120000e-02 5.469377e-03
9.180000e-02 6.462945e-03
9.240000e-02 7.612325e-03
9.300000e-02 8.944677e-03
9.360000e-02 1.049277e-02
9.420000e-02 1.229628e-02
9.480000e-02 1.440345e-02
9.540000e-02 1.687323e-02
9.600000e-02 1.977796e-02
9.660000e-02 2.320694e-02
9.720000e-02 2.727096e-02
9.780000e-02 3.210838e-02
9.840000e-02 3.789302e-02
9.900000e-02 4.484464e-02
9.960000e-02 5.324306e-02
1.002000e-01 6.344701e-02
1.008000e-01 7.591962e-02
1.014000e-01 9.126304e-02
1.020000e-01 1.102653e-01
1.026000e-01 1.339642e-01
1.032000e-01 1.637321e-01
1.038000e-01 2.013892e-01
1.044000e-01 2.493452e-01
1.050000e-01 3.107654e-01
1.056000e-01 3.897278e-01
1.062000e-01 4.912821e-01
1.068000e-01 6.211985e-01
1.074000e-01 7.849908e-01
1.080000e-01 9.855646e-01
1.086000e-01 1.218949e+00
1.092000e-01 1.468895e+00
1.098000e-01 1.704353e+00
1.104000e-01 1.886269e+00
1.110000e-01 1.984605e+00
1.116000e-01 1.993587e+00
1.122000e-01 1.931423e+00
1.128000e-01 1.826862e+00
1.134000e-01 1.705991e+00
1.140000e-01 1.586586e+00
1.146000e-01 1.478453e+00
1.152000e-01 1.385932e+00
1.158000e-01 1.310278e+00
1.164000e-01 1.251313e+00
1.170000e-01 1.208394e+00
1.176000e-01 1.180955e+00
1.182000e-01 1.168802e+00
1.188000e-01 1.172294e+00
1.194000e-01 1.192453e+00
1.200000e-01 1.230982e+00
1.206000e-01 1.289990e+00
1.212000e-01 1.370744e+00
1.218000e-01 1.469488e+00
1.224000e-01 1.565334e+00
1.230000e-01 1.593643e+00
1.236000e-01 1.427936e+00
1.242000e-01 9.922820e-01
1.248000e-01 5.010121e-01
1.254000e-01 4.292061e-01
1.260000e-01 1.433008e-01
1.266000e-01 3.968446e-02
1.272000e-01 1.585719e-02
1.278000e-01 2.593354e-02
1.284000e-01 5.129437e-02
1.290000e-01 8.416447e-02
1.296000e-01 1.214778e-01
1.302000e-01 1.623638e-01
1.308000e-01 2.070837e-01
1.314000e-01 2.565918e-01
1.320000e-01 3.123859e-01
1.326000e-01 3.765079e-01
1.332000e-01 4.516303e-01
1.338000e-01 5.411894e-01
1.344000e-01 6.495094e-01
1.350000e-01 7.817788e-01
1.356000e-01 9.435513e-01
1.362000e-01 1.139040e+00
1.368000e-01 1.366880e+00
1.374000e-01 1.611976e+00
1.380000e-01 1.835243e+00
1.386000e-01 1.973194e+00
1.392000e-01 1.966404e+00
1.398000e-01 1.806866e+00
1.404000e-01 1.548791e+00
1.410000e-01 1.265386e+00
1.416000e-01 1.006772e+00
1.422000e-01 7.926741e-01
1.428000e-01 6.239943e-01
1.434000e-01 4.941960e-01
1.440000e-01 3.954482e-01
1.446000e-01 3.210332e-01
1.452000e-01 2.660251e-01
1.458000e-01 2.274358e-01
1.464000e-01 2.044726e-01
1.470000e-01 1.994826e-01
1.476000e-01 2.207496e-01
1.482000e-01 2.905333e-01
1.488000e-01 4.686992e-01
1.494000e-01 9.077217e-01
1.500000e-01 1.693983e+00
1.506000e-01 1.733942e+00
1.512000e-01 1.065140e+00
1.518000e-01 6.398502e-01
1.524000e-01 4.218267e-01
1.530000e-01 3.016684e-01
1.536000e-01 2.288885e-01
1.542000e-01 1.812072e-01
1.548000e-01 1.479997e-01
1.554000e-01 1.237493e-01
1.560000e-01 1.053699e-01
1.566000e-01 9.102336e-02
1.572000e-01 7.955572e-02
1.578000e-01 7.021014e-02
1.584000e-01 6.247127e-02
1.590000e-01 5.597685e-02
1.596000e-01 5.046520e-02
1.602000e-01 4.574273e-02
1.608000e-01 4.166327e-02
1.614000e-01 3.811441e-02
1.620000e-01 3.500836e-02
1.626000e-01 3.227554e-02
1.632000e-01 2.986017e-02
1.638000e-01 2.771699e-02
1.644000e-01 2.580896e-02
1.650000e-01 2.410548e-02
1.656000e-01 2.258108e-02
1.662000e-01 2.121442e-02
1.668000e-01 1.998754e-02
1.674000e-01 1.888520e-02
1.680000e-01 1.789447e-02
1.686000e-01 1.700433e-02
1.692000e-01 1.620534e-02
1.698000e-01 1.548946e-02
1.704000e-01 1.484977e-02
1.710000e-01 1.428041e-02
1.716000e-01 1.377637e-02
1.722000e-01 1.333340e-02
1.728000e-01 1.294793e-02
1.734000e-01 1.261702e-02
1.740000e-01 1.233823e-02
1.746000e-01 1.210960e-02
1.752000e-01 1.192959e-02
1.758000e-01 1.179700e-02
1.764000e-01 1.171088e-02
1.770000e-01 1.167045e-02
1.776000e-01 1.167489e-02
1.782000e-01 1.172298e-02
1.788000e-01 1.181240e-02
1.794000e-01 1.193783e-02
1.800000e-01 1.208436e-02
1.806000e-01 1.217568e-02
1.812000e-01 1.287676e-02
1.818000e-01 1.364133e-02
1.824000e-01 1.441579e-02
1.830000e-01 1.523854e-02
1.836000e-01 1.612655e-02
1.842000e-01 1.709125e-02
1.848000e-01 1.814193e-02
1.854000e-01 1.928692e-02
1.860000e-01 2.053405e-02
1.866000e-01 2.189085e-02
1.872000e-01 2.336460e-02
1.878000e-01 2.496232e-02
1.884000e-01 2.669077e-02
1.890000e-01 2.855640e-02
1.896000e-01 3.056530e-02
1.902000e-01 3.272321e-02
1.908000e-01 3.503548e-02
1.914000e-01 3.750717e-02
1.920000e-01 4.014311e-02
1.926000e-01 4.294811e-02
1.932000e-01 4.592713e-02
1.938000e-01 4.908567e-02
1.944000e-01 5.243013e-02
1.950000e-01 5.596835e-02
1.956000e-01 5.971018e-02
1.962000e-01 6.366826e-02
1.968000e-01 6.785881e-02
1.974000e-01 7.230271e-02
1.980000e-01 7.702663e-02
1.986000e-01 8.206452e-02
1.992000e-01 8.745934e-02
1.998000e-01 9.326522e-02
2.004000e-01 9.955017e-02
2.010000e-01 1.063995e-01
2.016000e-01 1.139202e-01
2.022000e-01 1.222461e-01
2.028000e-01 1.315450e-01
2.034000e-01 1.420261e-01
2.040000e-01 1.539492e-01
2.046000e-01 1.676327e-01
2.052000e-01 1.834578e-01
2.058000e-01 2.018625e-01
2.064000e-01 2.233135e-01
2.070000e-01 2.482360e-01
2.076000e-01 2.768834e-01
2.082000e-01 3.091349e-01
2.088000e-01 3.442645e-01
2.094000e-01 3.808073e-01
2.100000e-01 4.167200e-01
2.106000e-01 4.499381e-01
2.112000e-01 4.791275e-01
2.118000e-01 5.041784e-01
2.124000e-01 5.261349e-01
2.130000e-01 5.466948e-01
2.136000e-01 5.676505e-01
2.142000e-01 5.905255e-01
2.148000e-01 6.164340e-01
2.154000e-01 6.460714e-01
2.160000e-01 6.797423e-01
2.166000e-01 7.173710e-01
2.172000e-01 7.584799e-01
2.178000e-01 8.021510e-01
2.184000e-01 8.470186e-01
2.190000e-01 8.913828e-01
2.196000e-01 9.335875e-01
2.202000e-01 9.728635e-01
2.208000e-01 1.010862e+00
2.214000e-01 1.054031e+00
2.220000e-01 1.116544e+00
2.226000e-01 1.221498e+00
2.232000e-01 1.391491e+00
2.238000e-01 1.611064e+00
2.244000e-01 1.781175e+00
2.250000e-01 1.786817e+00
2.256000e-01 1.636930e+00
2.262000e-01 1.424184e+00
2.268000e-01 1.215771e+00
2.274000e-01 1.035881e+00
2.280000e-01 8.871724e-01
2.286000e-01 7.655368e-01
2.292000e-01 6.658410e-01
2.298000e-01 5.835826e-01
2.304000e-01 5.151688e-01
2.310000e-01 4.578148e-01
2.316000e-01 4.093732e-01
2.322000e-01 3.681818e-01
2.328000e-01 3.329448e-01
2.334000e-01 3.026442e-01
2.340000e-01 2.764739e-01
2.346000e-01 2.537920e-01
2.352000e-01 2.340846e-01
2.358000e-01 2.169396e-01
2.364000e-01 2.020260e-01
2.370000e-01 1.890800e-01
2.376000e-01 1.778928e-01
2.382000e-01 1.683034e-01
2.388000e-01 1.601922e-01
2.394000e-01 1.534776e-01
2.400000e-01 1.481136e-01
2.406000e-01 1.440902e-01
2.412000e-01 1.414343e-01
2.418000e-01 1.402131e-01
2.424000e-01 1.405398e-01
2.430000e-01 1.425814e-01
2.436000e-01 1.465705e-01
2.442000e-01 1.528205e-01
2.448000e-01 1.617470e-01
2.454000e-01 1.738963e-01
2.460000e-01 1.899822e-01
2.466000e-01 2.109362e-01
2.472000e-01 2.379701e-01
2.478000e-01 2.726559e-01
2.484000e-01 3.170200e-01
2.490000e-01 3.736418e-01
2.496000e-01 4.457319e-01
2.502000e-01 5.371236e-01
2.508000e-01 6.520488e-01
2.514000e-01 7.944685e-01
2.520000e-01 9.666251e-01
2.526000e-01 1.166542e+00
2.532000e-01 1.384748e+00
2.538000e-01 1.601873e+00
2.544000e-01 1.790330e+00
2.550000e-01 1.922334e+00
2.556000e-01 1.981227e+00
2.562000e-01 1.968038e+00
2.568000e-01 1.898445e+00
2.574000e-01 1.793865e+00
2.580000e-01 1.673638e+00
2.586000e-01 1.551539e+00
2.592000e-01 1.435748e+00
2.598000e-01 1.330263e+00
2.604000e-01 1.236441e+00
2.610000e-01 1.154172e+00
2.616000e-01 1.082627e+00
2.622000e-01 1.020700e+00
2.628000e-01 9.672389e-01
2.634000e-01 9.211590e-01
2.640000e-01 8.814911e-01
2.646000e-01 8.473928e-01
2.652000e-01 8.181442e-01
2.658000e-01 7.931363e-01
2.664000e-01 7.718569e-01
2.670000e-01 7.538765e-01
2.676000e-01 7.388364e-01
2.682000e-01 7.264372e-01
2.688000e-01 7.164298e-01
2.694000e-01 7.086077e-01
2.700000e-01 7.028005e-01
2.706000e-01 6.988689e-01
2.712000e-01 6.966999e-01
2.718000e-01 6.962041e-01
2.724000e-01 6.973120e-01
2.730000e-01 6.999722e-01
2.736000e-01 7.041494e-01
2.742000e-01 7.098231e-01
2.748000e-01 7.169860e-01
2.754000e-01 7.256432e-01
2.760000e-01 7.358118e-01
2.766000e-01 7.475194e-01
2.772000e-01 7.608044e-01
2.778000e-01 7.757148e-01
2.784000e-01 7.923078e-01
2.790000e-01 8.106495e-01
2.796000e-01 8.308135e-01
2.802000e-01 8.528804e-01
2.808000e-01 8.769361e-01
2.814000e-01 9.030701e-01
2.820000e-01 9.313734e-01
2.826000e-01 9.619351e-01
2.832000e-01 9.948386e-01
2.838000e-01 1.030156e+00
2.844000e-01 1.067944e+00
2.850000e-01 1.108232e+00
2.856000e-01 1.151016e+00
2.862000e-01 1.196247e+00
2.868000e-01 1.243815e+00
2.874000e-01 1.293539e+00
2.880000e-01 1.345148e+00
2.886000e-01 1.398268e+00
2.892000e-01 1.452404e+00
2.898000e-01 1.506933e+00
2.904000e-01 1.561098e+00
2.910000e-01 1.614009e+00
2.916000e-01 1.664656e+00
2.922000e-01 1.711943e+00
2.928000e-01 1.754720e+00
2.934000e-01 1.791849e+00
2.940000e-01 1.822260e+00
2.946000e-01 1.845030e+00
2.952000e-01 1.859443e+00
2.958000e-01 1.865051e+00
2.964000e-01 1.861705e+00
2.970000e-01 1.849570e+00
2.976000e-01 1.829106e+00
2.982000e-01 1.801029e+00
2.988000e-01 1.766256e+00
2.994000e-01 1.725834e+00
3.000000e-01 1.680874e+00
3.006000e-01 1.632489e+00
3.012000e-01 1.581740e+00
3.018000e-01 1.529599e+00
3.024000e-01 1.476924e+00
3.030000e-01 1.424448e+00
3.036000e-01 1.372777e+00
3.042000e-01 1.322393e+00
3.048000e-01 1.273669e+00
3.054000e-01 1.226876e+00
3.060000e-01 1.182205e+00
3.066000e-01 1.139774e+00
3.072000e-01 1.099647e+00
3.078000e-01 1.061841e+00
3.084000e-01 1.026339e+00
3.090000e-01 9.930988e-01
3.096000e-01 9.620569e-01
3.102000e-01 9.331370e-01
3.108000e-01 9.062522e-01
3.114000e-01 8.813082e-01
3.120000e-01 8.582036e-01
3.126000e-01 8.368300e-01
3.132000e-01 8.170685e-01
3.138000e-01 7.987835e-01
3.144000e-01 7.818093e-01
3.150000e-01 7.659235e-01
3.156000e-01 7.507867e-01
3.162000e-01 7.357835e-01
3.168000e-01 7.194416e-01
3.174000e-01 6.941315e-01
3.180000e-01 6.988801e-01
3.186000e-01 7.133408e-01
3.192000e-01 7.290800e-01
3.198000e-01 7.472249e-01
3.204000e-01 7.683741e-01
3.210000e-01 7.930283e-01
3.216000e-01 8.216931e-01
3.222000e-01 8.549194e-01
3.228000e-01 8.933226e-01
3.234000e-01 9.375929e-01
3.240000e-01 9.884929e-01
3.246000e-01 1.046840e+00
3.252000e-01 1.113461e+00
3.258000e-01 1.189098e+00
3.264000e-01 1.274246e+00
3.270000e-01 1.368861e+00
3.276000e-01 1.471928e+00
3.282000e-01 1.580812e+00
3.288000e-01 1.690474e+00
3.294000e-01 1.792725e+00
3.300000e-01 1.876030e+00
3.306000e-01 1.926600e+00
3.312000e-01 1.931394e+00
3.318000e-01 1.882567e+00
3.324000e-01 1.781296e+00
3.330000e-01 1.638348e+00
3.336000e-01 1.470630e+00
3.342000e-01 1.295820e+00
3.348000e-01 1.128097e+00
3.354000e-01 9.764536e-01
3.360000e-01 8.451442e-01
3.366000e-01 7.350711e-01
3.372000e-01 6.452142e-01
3.378000e-01 5.737011e-01
3.384000e-01 5.184807e-01
3.390000e-01 4.776922e-01
3.396000e-01 4.498400e-01
3.402000e-01 4.338606e-01
3.408000e-01 4.291309e-01
3.414000e-01 4.354425e-01
3.420000e-01 4.529435e-01
3.426000e-01 4.820253e-01
3.432000e-01 5.231136e-01
3.438000e-01 5.763029e-01
3.444000e-01 6.407817e-01
3.450000e-01 7.140819e-01
3.456000e-01 7.913970e-01
3.462000e-01 8.655280e-01
3.468000e-01 9.281090e-01
3.474000e-01 9.721635e-01
3.480000e-01 9.948179e-01
3.486000e-01 9.984085e-01
3.492000e-01 9.893177e-01
3.498000e-01 9.756029e-01
3.504000e-01 9.649783e-01
3.510000e-01 9.638777e-01
3.516000e-01 9.774027e-01
3.522000e-01 1.009613e+00
3.528000e-01 1.063653e+00
3.534000e-01 1.141285e+00
3.540000e-01 1.241446e+00
3.546000e-01 1.357642e+00
3.552000e-01 1.475027e+00
3.558000e-01 1.570078e+00
3.564000e-01 1.616996e+00
3.570000e-01 1.600292e+00
3.576000e-01 1.523936e+00
3.582000e-01 1.407842e+00
3.588000e-01 1.275838e+00
3.594000e-01 1.146186e+00
3.600000e-01 1.029068e+00
3.606000e-01 9.283573e-01
3.612000e-01 8.442769e-01
3.618000e-01 7.753853e-01
3.624000e-01 7.197248e-01
3.630000e-01 6.753773e-01
3.636000e-01 6.406897e-01
3.642000e-01 6.143394e-01
3.648000e-01 5.953322e-01
3.654000e-01 5.829803e-01
3.660000e-01 5.768812e-01
3.666000e-01 5.769079e-01
3.672000e-01 5.832171e-01
3.678000e-01 5.962793e-01
3.684000e-01 6.169357e-01
3.690000e-01 6.464893e-01
3.696000e-01 6.868367e-01
3.702000e-01 7.406423e-01
3.708000e-01 8.115391e-01
3.714000e-01 9.042878e-01
3.720000e-01 1.024702e+00
3.726000e-01 1.178883e+00
3.732000e-01 1.370933e+00
3.738000e-01 1.598147e+00
3.744000e-01 1.844137e+00
3.750000e-01 2.075038e+00
3.756000e-01 2.248396e+00
3.762000e-01 2.335746e+00
3.768000e-01 2.339462e+00
3.774000e-01 2.286270e+00
3.780000e-01 2.207705e+00
3.786000e-01 2.126885e+00
3.792000e-01 2.056103e+00
3.798000e-01 1.999687e+00
3.804000e-01 1.957375e+00
3.810000e-01 1.926646e+00
3.816000e-01 1.904034e+00
3.822000e-01 1.885801e+00
3.828000e-01 1.868319e+00
3.834000e-01 1.848317e+00
3.840000e-01 1.823083e+00
3.846000e-01 1.790636e+00
3.852000e-01 1.749846e+00
3.858000e-01 1.700466e+00
3.864000e-01 1.643081e+00
3.870000e-01 1.578944e+00
3.876000e-01 1.509774e+00
3.882000e-01 1.437513e+00
3.888000e-01 1.364118e+00
3.894000e-01 1.291396e+00
3.900000e-01 1.220902e+00
3.906000e-01 1.153899e+00
3.912000e-01 1.091353e+00
3.918000e-01 1.033968e+00
3.924000e-01 9.822327e-01
3.930000e-01 9.364722e-01
3.936000e-01 8.968941e-01
3.942000e-01 8.636291e-01
3.948000e-01 8.367580e-01
3.954000e-01 8.163250e-01
3.960000e-01 8.023330e-01
3.966000e-01 7.947186e-01
3.972000e-01 7.933024e-01
3.978000e-01 7.977132e-01
3.984000e-01 8.072890e-01
3.990000e-01 8.209699e-01
3.996000e-01 8.372128e-01
4.002000e-01 8.539797e-01
4.008000e-01 8.688535e-01
4.014000e-01 8.793163e-01
4.020000e-01 8.831579e-01
4.026000e-01 8.789013e-01
4.032000e-01 8.660896e-01
4.038000e-01 8.453189e-01
4.044000e-01 8.180140e-01
4.050000e-01 7.860563e-01
4.056000e-01 7.514056e-01
4.062000e-01 7.158216e-01
4.068000e-01 6.807171e-01
4.074000e-01 6.471251e-01
4.080000e-01 6.157352e-01
4.086000e-01 5.869632e-01
4.092000e-01 5.610260e-01
4.098000e-01 5.380076e-01
4.104000e-01 5.179127e-01
4.110000e-01 5.007075e-01
4.116000e-01 4.863487e-01
4.122000e-01 4.748060e-01
4.128000e-01 4.660789e-01
4.134000e-01 4.602111e-01
4.140000e-01 4.573045e-01
4.146000e-01 4.575348e-01
4.152000e-01 4.611700e-01
4.158000e-01 4.685953e-01
4.164000e-01 4.803444e-01
4.170000e-01 4.971428e-01
4.176000e-01 5.199625e-01
4.182000e-01 5.500915e-01
4.188000e-01 5.892130e-01
4.194000e-01 6.394772e-01
4.200000e-01 7.035139e-01
4.206000e-01 7.842620e-01
4.212000e-01 8.843438e-01
4.218000e-01 1.004497e+00
4.224000e-01 1.140473e+00
4.230000e-01 1.278600e+00
4.236000e-01 1.393133e+00
4.242000e-01 1.452433e+00
4.248000e-01 1.436720e+00
4.254000e-01 1.353212e+00
4.260000e-01 1.230539e+00
4.266000e-01 1.099433e+00
4.272000e-01 9.799726e-01
4.278000e-01 8.807110e-01
4.284000e-01 8.029789e-01
4.290000e-01 7.448862e-01
4.296000e-01 7.036427e-01
4.302000e-01 6.765937e-01
4.308000e-01 6.615725e-01
4.314000e-01 6.569512e-01
4.320000e-01 6.615831e-01
4.326000e-01 6.747161e-01
4.332000e-01 6.959069e-01
4.338000e-01 7.249416e-01
4.344000e-01 7.617598e-01
4.350000e-01 8.063743e-01
4.356000e-01 8.587790e-01
4.362000e-01 9.188354e-01
4.368000e-01 9.861325e-01
4.374000e-01 1.059819e+00
4.380000e-01 1.138423e+00
4.386000e-01 1.219683e+00
4.392000e-01 1.300459e+00
4.398000e-01 1.376781e+00
4.404000e-01 1.444120e+00
4.410000e-01 1.497894e+00
4.416000e-01 1.534155e+00
4.422000e-01 1.550269e+00
4.428000e-01 1.545398e+00
4.434000e-01 1.520585e+00
4.440000e-01 1.478451e+00
4.446000e-01 1.422610e+00
4.452000e-01 1.357024e+00
4.458000e-01 1.285465e+00
4.464000e-01 1.211183e+00
4.470000e-01 1.136788e+00
4.476000e-01 1.064303e+00
4.482000e-01 9.953588e-01
4.488000e-01 9.315013e-01
4.494000e-01 8.746500e-01
4.500000e-01 8.278007e-01
4.506000e-01 7.961404e-01
4.512000e-01 7.887732e-01
4.518000e-01 8.209937e-01
4.524000e-01 9.157053e-01
4.530000e-01 1.098883e+00
4.536000e-01 1.380104e+00
4.542000e-01 1.721696e+00
4.548000e-01 2.039097e+00
4.554000e-01 2.260909e+00
4.560000e-01 2.376999e+00
4.566000e-01 2.419439e+00
4.572000e-01 2.424655e+00
4.578000e-01 2.417230e+00
4.584000e-01 2.410055e+00
4.590000e-01 2.408490e+00
4.596000e-01 2.413714e+00
4.602000e-01 2.424703e+00
4.608000e-01 2.439296e+00
4.614000e-01 2.454792e+00
4.620000e-01 2.468336e+00
4.626000e-01 2.477223e+00
4.632000e-01 2.479166e+00
4.638000e-01 2.472502e+00
4.644000e-01 2.456334e+00
4.650000e-01 2.430565e+00
4.656000e-01 2.395829e+00
4.662000e-01 2.353341e+00
4.668000e-01 2.304690e+00
4.674000e-01 2.251643e+00
4.680000e-01 2.195959e+00
4.686000e-01 2.139257e+00
4.692000e-01 2.082942e+00
4.698000e-01 2.028166e+00
4.704000e-01 1.975828e+00
4.710000e-01 1.926600e+00
4.716000e-01 1.880958e+00
4.722000e-01 1.839220e+00
4.728000e-01 1.801585e+00
4.734000e-01 1.768160e+00
4.740000e-01 1.738991e+00
4.746000e-01 1.714082e+00
4.752000e-01 1.693404e+00
4.758000e-01 1.676905e+00
4.764000e-01 1.664507e+00
4.770000e-01 1.656097e+00
4.776000e-01 1.651502e+00
4.782000e-01 1.650459e+00
4.788000e-01 1.652558e+00
4.794000e-01 1.657176e+00
4.800000e-01 1.663385e+00
4.806000e-01 1.669862e+00
4.812000e-01 1.674803e+00
4.818000e-01 1.675919e+00
4.824000e-01 1.670558e+00
4.830000e-01 1.656033e+00
4.836000e-01 1.630178e+00
4.842000e-01 1.592003e+00
4.848000e-01 1.542208e+00
4.854000e-01 1.483249e+00
4.860000e-01 1.418851e+00
4.866000e-01 1.353129e+00
4.872000e-01 1.289678e+00
4.878000e-01 1.230780e+00
4.884000e-01 1.174693e+00
4.890000e-01 1.173306e+00
4.896000e-01 1.165919e+00
4.902000e-01 1.157664e+00
4.908000e-01 1.150557e+00
4.914000e-01 1.145187e+00
4.920000e-01 1.141773e+00
4.926000e-01 1.140415e+00
4.932000e-01 1.141163e+00
4.938000e-01 1.144058e+00
4.944000e-01 1.149141e+00
4.950000e-01 1.156466e+00
4.956000e-01 1.166102e+00
4.962000e-01 1.178139e+00
4.968000e-01 1.192688e+00
4.974000e-01 1.209883e+00
4.980000e-01 1.229883e+00
4.986000e-01 1.252873e+00
4.992000e-01 1.279062e+00
4.998000e-01 1.308683e+00
5.004000e-01 1.341989e+00
5.010000e-01 1.379245e+00
5.016000e-01 1.420716e+00
5.022000e-01 1.466647e+00
5.028000e-01 1.517237e+00
5.034000e-01 1.572585e+00
5.040000e-01 1.632635e+00
5.046000e-01 1.697088e+00
5.052000e-01 1.765285e+00
5.058000e-01 1.836079e+00
5.064000e-01 1.907693e+00
5.070000e-01 1.977602e+00
5.076000e-01 2.042499e+00
5.082000e-01 2.098411e+00
5.088000e-01 2.141033e+00
5.094000e-01 2.166315e+00
5.100000e-01 2.171209e+00
5.106000e-01 2.154395e+00
5.112000e-01 2.116718e+00
5.118000e-01 2.061139e+00
5.124000e-01 1.992189e+00
5.130000e-01 1.915129e+00
5.136000e-01 1.835094e+00
5.142000e-01 1.756468e+00
5.148000e-01 1.682566e+00
5.154000e-01 1.615599e+00
5.160000e-01 1.556816e+00
5.166000e-01 1.506721e+00
5.172000e-01 1.465301e+00
5.178000e-01 1.432209e+00
5.184000e-01 1.406917e+00
5.190000e-01 1.388808e+00
5.196000e-01 1.377246e+00
5.202000e-01 1.371613e+00
5.208000e-01 1.371323e+00
5.214000e-01 1.375834e+00
5.220000e-01 1.384640e+00
5.226000e-01 1.397272e+00
5.232000e-01 1.413282e+00
5.238000e-01 1.432235e+00
5.244000e-01 1.453704e+00
5.250000e-01 1.477253e+00
5.256000e-01 1.502439e+00
5.262000e-01 1.528802e+00
5.268000e-01 1.555873e+00
5.274000e-01 1.583169e+00
5.280000e-01 1.610209e+00
5.286000e-01 1.636522e+00
5.292000e-01 1.661663e+00
5.298000e-01 1.685228e+00
5.304000e-01 1.706873e+00
5.310000e-01 1.726321e+00
5.316000e-01 1.743380e+00
5.322000e-01 1.757943e+00
5.328000e-01 1.769990e+00
5.334000e-01 1.779584e+00
5.340000e-01 1.786867e+00
5.346000e-01 1.792041e+00
5.352000e-01 1.795363e+00
5.358000e-01 1.797129e+00
5.364000e-01 1.797662e+00
5.370000e-01 1.797300e+00
5.376000e-01 1.796389e+00
5.382000e-01 1.795274e+00
5.388000e-01 1.794291e+00
5.394000e-01 1.793768e+00
5.400000e-01 1.794014e+00
5.406000e-01 1.795324e+00
5.412000e-01 1.797972e+00
5.418000e-01 1.802213e+00
5.424000e-01 1.808276e+00
5.430000e-01 1.816367e+00
5.436000e-01 1.826663e+00
5.442000e-01 1.839307e+00
5.448000e-01 1.854404e+00
5.454000e-01 1.872015e+00
5.460000e-01 1.892146e+00
5.466000e-01 1.914745e+00
5.472000e-01 1.939686e+00
5.478000e-01 1.966764e+00
5.484000e-01 1.995683e+00
5.490000e-01 2.026052e+00
5.496000e-01 2.057385e+00
5.502000e-01 2.089098e+00
5.508000e-01 2.120525e+00
5.514000e-01 2.150939e+00
5.520000e-01 2.179578e+00
5.526000e-01 2.205682e+00
5.532000e-01 2.228542e+00
5.538000e-01 2.247543e+00
5.544000e-01 2.262210e+00
5.550000e-01 2.272239e+00
5.556000e-01 2.277524e+00
5.562000e-01 2.278159e+00
5.568000e-01 2.274426e+00
5.574000e-01 2.266769e+00
5.580000e-01 2.255752e+00
5.586000e-01 2.242013e+00
5.592000e-01 2.226217e+00
5.598000e-01 2.209012e+00
5.604000e-01 2.190993e+00
5.610000e-01 2.172672e+00
5.616000e-01 2.154465e+00
5.622000e-01 2.136685e+00
5.628000e-01 2.119539e+00
5.634000e-01 2.103146e+00
5.640000e-01 2.087546e+00
5.646000e-01 2.072722e+00
5.652000e-01 2.058622e+00
5.658000e-01 2.045176e+00
5.664000e-01 2.032325e+00
5.670000e-01 2.020027e+00
5.676000e-01 2.008278e+00
5.682000e-01 1.997119e+00
5.688000e-01 1.986637e+00
5.694000e-01 1.976969e+00
5.700000e-01 1.968297e+00
5.706000e-01 1.960839e+00
5.712000e-01 1.954849e+00
5.718000e-01 1.950600e+00
5.724000e-01 1.948381e+00
5.730000e-01 1.948488e+00
5.736000e-01 1.951209e+00
5.742000e-01 1.956822e+00
5.748000e-01 1.965573e+00
5.754000e-01 1.977658e+00
5.760000e-01 1.993199e+00
5.766000e-01 2.012195e+00
5.772000e-01 2.034465e+00
5.778000e-01 2.059554e+00
5.784000e-01 2.086605e+00
5.790000e-01 2.114186e+00
5.796000e-01 2.140076e+00
5.802000e-01 2.161024e+00
5.808000e-01 2.172556e+00
5.814000e-01 2.168959e+00
5.820000e-01 2.143662e+00
5.826000e-01 2.090258e+00
5.832000e-01 2.004239e+00
5.838000e-01 1.885095e+00
5.844000e-01 1.737801e+00
5.850000e-01 1.572611e+00
5.856000e-01 1.402781e+00
5.862000e-01 1.241222e+00
5.868000e-01 1.097713e+00
5.874000e-01 9.777383e-01
5.880000e-01 8.828855e-01
5.886000e-01 8.120377e-01
5.892000e-01 7.626460e-01
5.898000e-01 7.316938e-01
5.904000e-01 7.162851e-01
5.910000e-01 7.139329e-01
5.916000e-01 7.226570e-01
5.922000e-01 7.409815e-01
5.928000e-01 7.678864e-01
5.934000e-01 8.027484e-01
5.940000e-01 8.452826e-01
5.946000e-01 8.954940e-01
5.952000e-01 9.536349e-01
5.958000e-01 1.020169e+00
5.964000e-01 1.095729e+00
5.970000e-01 1.181069e+00
5.976000e-01 1.276988e+00
5.982000e-01 1.384213e+00
5.988000e-01 1.503211e+00
5.994000e-01 1.633922e+00
6.000000e-01 1.775366e+00
6.006000e-01 1.925152e+00
6.012000e-01 2.078951e+00
6.018000e-01 2.230091e+00
6.024000e-01 2.369593e+00
6.030000e-01 2.486988e+00
6.036000e-01 2.572100e+00
6.042000e-01 2.617494e+00
6.048000e-01 2.620694e+00
6.054000e-01 2.585087e+00
6.060000e-01 2.518994e+00
6.066000e-01 2.433386e+00
6.072000e-01 2.339345e+00
6.078000e-01 2.246198e+00
6.084000e-01 2.160673e+00
6.090000e-01 2.086885e+00
6.096000e-01 2.026760e+00
6.102000e-01 1.980599e+00
6.108000e-01 1.947580e+00
6.114000e-01 1.926142e+00
6.120000e-01 1.914252e+00
6.126000e-01 1.909587e+00
6.132000e-01 1.909669e+00
6.138000e-01 1.911971e+00
6.144000e-01 1.914037e+00
6.150000e-01 1.913600e+00
6.156000e-01 1.908707e+00
6.162000e-01 1.897835e+00
6.168000e-01 1.879974e+00
6.174000e-01 1.854675e+00
6.180000e-01 1.822032e+00
6.186000e-01 1.782617e+00
6.192000e-01 1.737373e+00
6.198000e-01 1.687487e+00
6.204000e-01 1.634260e+00
6.210000e-01 1.578990e+00
6.216000e-01 1.522889e+00
6.222000e-01 1.467022e+00
6.228000e-01 1.412278e+00
6.234000e-01 1.359360e+00
6.240000e-01 1.308799e+00
6.246000e-01 1.260968e+00
6.252000e-01 1.216104e+00
6.258000e-01 1.174340e+00
6.264000e-01 1.135718e+00
6.270000e-01 1.100218e+00
6.276000e-01 1.067773e+00
6.282000e-01 1.038281e+00
6.288000e-01 1.011617e+00
6.294000e-01 9.876461e-01
6.300000e-01 9.662236e-01
6.306000e-01 9.472038e-01
6.312000e-01 9.304416e-01
6.318000e-01 9.157951e-01
6.324000e-01 9.031267e-01
6.330000e-01 8.923036e-01
6.336000e-01 8.831981e-01
6.342000e-01 8.756875e-01
6.348000e-01 8.696530e-01
6.354000e-01 8.649796e-01
6.360000e-01 8.615551e-01
6.366000e-01 8.592693e-01
6.372000e-01 8.580130e-01
6.378000e-01 8.576773e-01
6.384000e-01 8.581527e-01
6.390000e-01 8.593283e-01
6.396000e-01 8.610912e-01
6.402000e-01 8.633261e-01
6.408000e-01 8.659147e-01
6.414000e-01 8.687359e-01
6.420000e-01 8.716654e-01
6.426000e-01 8.745766e-01
6.432000e-01 8.773410e-01
6.438000e-01 8.798292e-01
6.444000e-01 8.819123e-01
6.450000e-01 8.834634e-01
6.456000e-01 8.843598e-01
6.462000e-01 8.844849e-01
6.468000e-01 8.837310e-01
6.474000e-01 8.820016e-01
6.480000e-01 8.792141e-01
6.486000e-01 8.753022e-01
6.492000e-01 8.702181e-01
6.498000e-01 8.639346e-01
6.504000e-01 8.564461e-01
6.510000e-01 8.477698e-01
6.516000e-01 8.379455e-01
6.522000e-01 8.270353e-01
6.528000e-01 8.151223e-01
6.534000e-01 8.023087e-01
6.540000e-01 7.887139e-01
6.546000e-01 7.744711e-01
6.552000e-01 7.597251e-01
6.558000e-01 7.446289e-01
6.564000e-01 7.293408e-01
6.570000e-01 7.140221e-01
6.576000e-01 6.988342e-01
6.582000e-01 6.839374e-01
6.588000e-01 6.694890e-01
6.594000e-01 6.556428e-01
6.600000e-01 6.425486e-01
6.606000e-01 6.303524e-01
6.612000e-01 6.191973e-01
6.618000e-01 6.092242e-01
6.624000e-01 6.005732e-01
6.630000e-01 5.933849e-01
6.636000e-01 5.878014e-01
6.642000e-01 5.839677e-01
6.648000e-01 5.820309e-01
6.654000e-01 5.821392e-01
6.660000e-01 5.844386e-01
6.666000e-01 5.890663e-01
6.672000e-01 5.961400e-01
6.678000e-01 6.057423e-01
6.684000e-01 6.178982e-01
6.690000e-01 6.325467e-01
6.696000e-01 6.495057e-01
6.702000e-01 6.684360e-01
6.708000e-01 6.888096e-01
6.714000e-01 7.098949e-01
6.720000e-01 7.307709e-01
6.726000e-01 7.503831e-01
6.732000e-01 7.676427e-01
6.738000e-01 7.815599e-01
6.744000e-01 7.913826e-01
6.750000e-01 7.967043e-01
6.756000e-01 7.975127e-01
6.762000e-01 7.941650e-01
6.768000e-01 7.873048e-01
6.774000e-01 7.777462e-01
6.780000e-01 7.663585e-01
6.786000e-01 7.539741e-01
6.792000e-01 7.413281e-01
6.798000e-01 7.290299e-01
6.804000e-01 7.175598e-01
6.810000e-01 7.072797e-01
6.816000e-01 6.984532e-01
6.822000e-01 6.912660e-01
6.828000e-01 6.858471e-01
6.834000e-01 6.822860e-01
6.840000e-01 6.806474e-01
6.846000e-01 6.809831e-01
6.852000e-01 6.833411e-01
6.858000e-01 6.877735e-01
6.864000e-01 6.943430e-01
6.870000e-01 7.031300e-01
6.876000e-01 7.142417e-01
6.882000e-01 7.278258e-01
6.888000e-01 7.441015e-01
6.894000e-01 7.634445e-01
6.900000e-01 7.868249e-01
6.906000e-01 8.361448e-01
6.912000e-01 8.775609e-01
6.918000e-01 9.167058e-01
6.924000e-01 9.561098e-01
6.930000e-01 9.964906e-01
6.936000e-01 1.038130e+00
6.942000e-01 1.081126e+00
6.948000e-01 1.125476e+00
6.954000e-01 1.171109e+00
6.960000e-01 1.217906e+00
6.966000e-01 1.265713e+00
6.972000e-01 1.314350e+00
6.978000e-01 1.363626e+00
6.984000e-01 1.413346e+00
6.990000e-01 1.463327e+00
6.996000e-01 1.513403e+00
7.002000e-01 1.563437e+00
7.008000e-01 1.613328e+00
7.014000e-01 1.663014e+00
7.020000e-01 1.712477e+00
7.026000e-01 1.761740e+00
7.032000e-01 1.810868e+00
7.038000e-01 1.859957e+00
7.044000e-01 1.909137e+00
7.050000e-01 1.958553e+00
7.056000e-01 2.008366e+00
7.062000e-01 2.058738e+00
7.068000e-01 2.109827e+00
7.074000e-01 2.161770e+00
7.080000e-01 2.214683e+00
7.086000e-01 2.268642e+00
7.092000e-01 2.323680e+00
7.098000e-01 2.379773e+00
7.104000e-01 2.436836e+00
7.110000e-01 2.494708e+00
7.116000e-01 2.553152e+00
7.122000e-01 2.611848e+00
7.128000e-01 2.670390e+00
7.134000e-01 2.728293e+00
7.140000e-01 2.785001e+00
7.146000e-01 2.839899e+00
7.152000e-01 2.892340e+00
7.158000e-01 2.941669e+00
7.164000e-01 2.987260e+00
7.170000e-01 3.028551e+00
7.176000e-01 3.065084e+00
7.182000e-01 3.096539e+00
7.188000e-01 3.122761e+00
7.194000e-01 3.143781e+00
7.200000e-01 3.159821e+00
7.206000e-01 3.171288e+00
7.212000e-01 3.178757e+00
7.218000e-01 3.182947e+00
7.224000e-01 3.184690e+00
7.230000e-01 3.184898e+00
7.236000e-01 3.184532e+00
7.242000e-01 3.184578e+00
7.248000e-01 3.186027e+00
7.254000e-01 3.189860e+00
7.260000e-01 3.197040e+00
7.266000e-01 3.208513e+00
7.272000e-01 3.225197e+00
7.278000e-01 3.247980e+00
7.284000e-01 3.277708e+00
7.290000e-01 3.315156e+00
7.296000e-01 3.360988e+00
7.302000e-01 3.415698e+00
7.308000e-01 3.479522e+00
7.314000e-01 3.552350e+00
7.320000e-01 3.633620e+00
7.326000e-01 3.722245e+00
7.332000e-01 3.816582e+00
7.338000e-01 3.914479e+00
7.344000e-01 4.013400e+00
7.350000e-01 4.110619e+00
7.356000e-01 4.203426e+00
7.362000e-01 4.289283e+00
7.368000e-01 4.365888e+00
7.374000e-01 4.431153e+00
7.380000e-01 4.483115e+00
7.386000e-01 4.519892e+00
7.392000e-01 4.539711e+00
7.398000e-01 4.541059e+00
7.404000e-01 4.522917e+00
7.410000e-01 4.485002e+00
7.416000e-01 4.427939e+00
7.422000e-01 4.353295e+00
7.428000e-01 4.263459e+00
7.434000e-01 4.161403e+00
7.440000e-01 4.050379e+00
7.446000e-01 3.933631e+00
7.452000e-01 3.814158e+00
7.458000e-01 3.694561e+00
7.464000e-01 3.576972e+00
7.470000e-01 3.463045e+00
7.476000e-01 3.353992e+00
7.482000e-01 3.250646e+00
7.488000e-01 3.153524e+00
7.494000e-01 3.062904e+00
7.500000e-01 2.978876e+00
7.506000e-01 2.901399e+00
7.512000e-01 2.830339e+00
7.518000e-01 2.765500e+00
7.524000e-01 2.706650e+00
7.530000e-01 2.653532e+00
7.536000e-01 2.605883e+00
7.542000e-01 2.563435e+00
7.548000e-01 2.525922e+00
7.554000e-01 2.493083e+00
7.560000e-01 2.464659e+00
7.566000e-01 2.440393e+00
7.572000e-01 2.420031e+00
7.578000e-01 2.403312e+00
7.584000e-01 2.389971e+00
7.590000e-01 2.379729e+00
7.596000e-01 2.372294e+00
7.602000e-01 2.367354e+00
7.608000e-01 2.364574e+00
7.614000e-01 2.363593e+00
7.620000e-01 2.364023e+00
7.626000e-01 2.365449e+00
7.632000e-01 2.367430e+00
7.638000e-01 2.369504e+00
7.644000e-01 2.371199e+00
7.650000e-01 2.372038e+00
7.656000e-01 2.371555e+00
7.662000e-01 2.369311e+00
7.668000e-01 2.364913e+00
7.674000e-01 2.358029e+00
7.680000e-01 2.348408e+00
7.686000e-01 2.335892e+00
7.692000e-01 2.320434e+00
7.698000e-01 2.302100e+00
7.704000e-01 2.281075e+00
7.710000e-01 2.257661e+00
7.716000e-01 2.232273e+00
7.722000e-01 2.205435e+00
7.728000e-01 2.177772e+00
7.734000e-01 2.150006e+00
7.740000e-01 2.122952e+00
7.746000e-01 2.097519e+00
7.752000e-01 2.074706e+00
7.758000e-01 2.055593e+00
7.764000e-01 2.041311e+00
7.770000e-01 2.032999e+00
7.776000e-01 2.031718e+00
7.782000e-01 2.038351e+00
7.788000e-01 2.053486e+00
7.794000e-01 2.077320e+00
7.800000e-01 2.109615e+00
7.806000e-01 2.149737e+00
7.812000e-01 2.196758e+00
7.818000e-01 2.249607e+00
7.824000e-01 2.307209e+00
7.830000e-01 2.368589e+00
7.836000e-01 2.432918e+00
7.842000e-01 2.499496e+00
7.848000e-01 2.567715e+00
7.854000e-01 2.636994e+00
7.860000e-01 2.706727e+00
7.866000e-01 2.776239e+00
7.872000e-01 2.844771e+00
7.878000e-01 2.911480e+00
7.884000e-01 2.975470e+00
7.890000e-01 3.035849e+00
7.896000e-01 3.091798e+00
7.902000e-01 3.142658e+00
7.908000e-01 3.188025e+00
7.914000e-01 3.227830e+00
7.920000e-01 3.262415e+00
7.926000e-01 3.292576e+00
7.932000e-01 3.319574e+00
7.938000e-01 3.345109e+00
7.944000e-01 3.371240e+00
7.950000e-01 3.400244e+00
7.956000e-01 3.434387e+00
7.962000e-01 3.475561e+00
7.968000e-01 3.524751e+00
7.974000e-01 3.581293e+00
7.980000e-01 3.641990e+00
7.986000e-01 3.700330e+00
7.992000e-01 3.746365e+00
7.998000e-01 3.767954e+00
8.004000e-01 3.753692e+00
8.010000e-01 3.696716e+00
8.016000e-01 3.597422e+00
8.022000e-01 3.463362e+00
8.028000e-01 3.306418e+00
8.034000e-01 3.139086e+00
8.040000e-01 2.971735e+00
8.046000e-01 2.811513e+00
8.052000e-01 2.662501e+00
8.058000e-01 2.526447e+00
8.064000e-01 2.403577e+00
8.070000e-01 2.293245e+00
8.076000e-01 2.194378e+00
8.082000e-01 2.105756e+00
8.088000e-01 2.026165e+00
8.094000e-01 1.954472e+00
8.100000e-01 1.889662e+00
8.106000e-01 1.830841e+00
8.112000e-01 1.777232e+00
8.118000e-01 1.728165e+00
8.124000e-01 1.683062e+00
8.130000e-01 1.641426e+00
8.136000e-01 1.602826e+00
8.142000e-01 1.566892e+00
8.148000e-01 1.533301e+00
8.154000e-01 1.501772e+00
8.160000e-01 1.472059e+00
8.166000e-01 1.443948e+00
8.172000e-01 1.417250e+00
8.178000e-01 1.391796e+00
8.184000e-01 1.367441e+00
8.190000e-01 1.344053e+00
8.196000e-01 1.321518e+00
8.202000e-01 1.299734e+00
8.208000e-01 1.278613e+00
8.214000e-01 1.258077e+00
8.220000e-01 1.238059e+00
8.226000e-01 1.218504e+00
8.232000e-01 1.199364e+00
8.238000e-01 1.180603e+00
8.244000e-01 1.162195e+00
8.250000e-01 1.144123e+00
8.256000e-01 1.126379e+00
8.262000e-01 1.108968e+00
8.268000e-01 1.091902e+00
8.274000e-01 1.075208e+00
8.280000e-01 1.058920e+00
8.286000e-01 1.043088e+00
8.292000e-01 1.027770e+00
8.298000e-01 1.013039e+00
8.304000e-01 9.989774e-01
8.310000e-01 9.856822e-01
8.316000e-01 9.732609e-01
8.322000e-01 9.618325e-01
8.328000e-01 9.515272e-01
8.334000e-01 9.424850e-01
8.340000e-01 9.348551e-01
8.346000e-01 9.287949e-01
8.352000e-01 9.244686e-01
8.358000e-01 9.220462e-01
8.364000e-01 9.217025e-01
8.370000e-01 9.236159e-01
8.376000e-01 9.279684e-01
8.382000e-01 9.349445e-01
8.388000e-01 9.447323e-01
8.394000e-01 9.575236e-01
8.400000e-01 9.735158e-01
8.406000e-01 9.929134e-01
8.412000e-01 1.015931e+00
8.418000e-01 1.042798e+00
8.424000e-01 1.073758e+00
8.430000e-01 1.109080e+00
8.436000e-01 1.149054e+00
8.442000e-01 1.194003e+00
8.448000e-01 1.244280e+00
8.454000e-01 1.300273e+00
8.460000e-01 1.362402e+00
8.466000e-01 1.431109e+00
8.472000e-01 1.506853e+00
8.478000e-01 1.590078e+00
8.484000e-01 1.681180e+00
8.490000e-01 1.780453e+00
8.496000e-01 1.888004e+00
8.502000e-01 2.003654e+00
8.508000e-01 2.126804e+00
8.514000e-01 2.256283e+00
8.520000e-01 2.390200e+00
8.526000e-01 2.525835e+00
8.532000e-01 2.659620e+00
8.538000e-01 2.787270e+00
8.544000e-01 2.904119e+00
8.550000e-01 3.005646e+00
8.556000e-01 3.088110e+00
8.562000e-01 3.149155e+00
8.568000e-01 3.188188e+00
8.574000e-01 3.206417e+00
8.580000e-01 3.206544e+00
8.586000e-01 3.192223e+00
8.592000e-01 3.167442e+00
8.598000e-01 3.136001e+00
8.604000e-01 3.101153e+00
8.610000e-01 3.065438e+00
8.616000e-01 3.030655e+00
8.622000e-01 2.997951e+00
8.628000e-01 2.967937e+00
8.634000e-01 2.940836e+00
8.640000e-01 2.916608e+00
8.646000e-01 2.895062e+00
8.652000e-01 2.875944e+00
8.658000e-01 2.858998e+00
8.664000e-01 2.844016e+00
8.670000e-01 2.830863e+00
8.676000e-01 2.819496e+00
8.682000e-01 2.809967e+00
8.688000e-01 2.802428e+00
8.694000e-01 2.797125e+00
8.700000e-01 2.794383e+00
8.706000e-01 2.794601e+00
8.712000e-01 2.798228e+00
8.718000e-01 2.805733e+00
8.724000e-01 2.817550e+00
8.730000e-01 2.833999e+00
8.736000e-01 2.855137e+00
8.742000e-01 2.880548e+00
8.748000e-01 2.909036e+00
8.754000e-01 2.938254e+00
8.760000e-01 2.964390e+00
8.766000e-01 2.982137e+00
8.772000e-01 2.985316e+00
8.778000e-01 2.968328e+00
8.784000e-01 2.928115e+00
8.790000e-01 2.865603e+00
8.796000e-01 2.785612e+00
8.802000e-01 2.695189e+00
8.808000e-01 2.601403e+00
8.814000e-01 2.509778e+00
8.820000e-01 2.423767e+00
8.826000e-01 2.344993e+00
8.832000e-01 2.273809e+00
8.838000e-01 2.209828e+00
8.844000e-01 2.152320e+00
8.850000e-01 2.100456e+00
8.856000e-01 2.053438e+00
8.862000e-01 2.010565e+00
8.868000e-01 1.971244e+00
8.874000e-01 1.934992e+00
8.880000e-01 1.901420e+00
8.886000e-01 1.870224e+00
8.892000e-01 1.841163e+00
8.898000e-01 1.814050e+00
8.904000e-01 1.788737e+00
8.910000e-01 1.765107e+00
8.916000e-01 1.743068e+00
8.922000e-01 1.722544e+00
8.928000e-01 1.703470e+00
8.934000e-01 1.685791e+00
8.940000e-01 1.669457e+00
8.946000e-01 1.654424e+00
8.952000e-01 1.640647e+00
8.958000e-01 1.628085e+00
8.964000e-01 1.616697e+00
8.970000e-01 1.606443e+00
8.976000e-01 1.597284e+00
8.982000e-01 1.589182e+00
8.988000e-01 1.582099e+00
8.994000e-01 1.576001e+00
9.000000e-01 1.570852e+00
9.006000e-01 1.566624e+00
9.012000e-01 1.563290e+00
9.018000e-01 1.560826e+00
9.024000e-01 1.559214e+00
9.030000e-01 1.558442e+00
9.036000e-01 1.558504e+00
9.042000e-01 1.559399e+00
9.048000e-01 1.561134e+00
9.054000e-01 1.563725e+00
9.060000e-01 1.567195e+00
9.066000e-01 1.571574e+00
9.072000e-01 1.576901e+00
9.078000e-01 1.583225e+00
9.084000e-01 1.590603e+00
9.090000e-01 1.599097e+00
9.096000e-01 1.608782e+00
9.102000e-01 1.619738e+00
9.108000e-01 1.632052e+00
9.114000e-01 1.645819e+00
9.120000e-01 1.661139e+00
9.126000e-01 1.678116e+00
9.132000e-01 1.696859e+00
9.138000e-01 1.717478e+00
9.144000e-01 1.740080e+00
9.150000e-01 1.764768e+00
9.156000e-01 1.791632e+00
9.162000e-01 1.820741e+00
9.168000e-01 1.852113e+00
9.174000e-01 1.885664e+00
9.180000e-01 1.921011e+00
9.186000e-01 1.955828e+00
9.192000e-01 1.993997e+00
9.198000e-01 2.042009e+00
9.204000e-01 2.092888e+00
9.210000e-01 2.146407e+00
9.216000e-01 2.202381e+00
9.222000e-01 2.260588e+00
9.228000e-01 2.320751e+00
9.234000e-01 2.382520e+00
9.240000e-01 2.445468e+00
9.246000e-01 2.509079e+00
9.252000e-01 2.572754e+00
9.258000e-01 2.635805e+00
9.264000e-01 2.697467e+00
9.270000e-01 2.756906e+00
9.276000e-01 2.813235e+00
9.282000e-01 2.865541e+00
9.288000e-01 2.912904e+00
9.294000e-01 2.954435e+00
9.300000e-01 2.989303e+00
9.306000e-01 3.016770e+00
9.312000e-01 3.036226e+00
9.318000e-01 3.047215e+00
9.324000e-01 3.049457e+00
9.330000e-01 3.042872e+00
9.336000e-01 3.027582e+00
9.342000e-01 3.003915e+00
9.348000e-01 2.972390e+00
9.354000e-01 2.933699e+00
9.360000e-01 2.888678e+00
9.366000e-01 2.838269e+00
9.372000e-01 2.783482e+00
9.378000e-01 2.725354e+00
9.384000e-01 2.664916e+00
9.390000e-01 2.603152e+00
9.396000e-01 2.540982e+00
9.402000e-01 2.479234e+00
9.408000e-01 2.418642e+00
9.414000e-01 2.359835e+00
9.420000e-01 2.303338e+00
9.426000e-01 2.249581e+00
9.432000e-01 2.198906e+00
9.438000e-01 2.151574e+00
9.444000e-01 2.107780e+00
9.450000e-01 2.067661e+00
9.456000e-01 2.031309e+00
9.462000e-01 1.998779e+00
9.468000e-01 1.970096e+00
9.474000e-01 1.945265e+00
9.480000e-01 1.924275e+00
9.486000e-01 1.907104e+00
9.492000e-01 1.893723e+00
9.498000e-01 1.884097e+00
9.504000e-01 1.878188e+00
9.510000e-01 1.875953e+00
9.516000e-01 1.877347e+00
9.522000e-01 1.882316e+00
9.528000e-01 1.890798e+00
9.534000e-01 1.902715e+00
9.540000e-01 1.917974e+00
9.546000e-01 1.936453e+00
9.552000e-01 1.957998e+00
9.558000e-01 1.982416e+00
9.564000e-01 2.009462e+00
9.570000e-01 2.038830e+00
9.576000e-01 2.070149e+00
9.582000e-01 2.102970e+00
9.588000e-01 2.136764e+00
9.594000e-01 2.170919e+00
9.600000e-01 2.204748e+00
9.606000e-01 2.237498e+00
9.612000e-01 2.268371e+00
9.618000e-01 2.296549e+00
9.624000e-01 2.321234e+00
9.630000e-01 2.341686e+00
9.636000e-01 2.357265e+00
9.642000e-01 2.367476e+00
9.648000e-01 2.372004e+00
9.654000e-01 2.370732e+00
9.660000e-01 2.363754e+00
9.666000e-01 2.351366e+00
9.672000e-01 2.334046e+00
9.678000e-01 2.312416e+00
9.684000e-01 2.287202e+00
9.690000e-01 2.259193e+00
9.696000e-01 2.229192e+00
9.702000e-01 2.197983e+00
9.708000e-01 2.166298e+00
9.714000e-01 2.134801e+00
9.720000e-01 2.104069e+00
9.726000e-01 2.074592e+00
9.732000e-01 2.046768e+00
9.738000e-01 2.020914e+00
9.744000e-01 1.997268e+00
9.750000e-01 1.976001e+00
9.756000e-01 1.957227e+00
9.762000e-01 1.941012e+00
9.768000e-01 1.927379e+00
9.774000e-01 1.916323e+00
9.780000e-01 1.907814e+00
9.786000e-01 1.901801e+00
9.792000e-01 1.898222e+00
9.798000e-01 1.897002e+00
9.804000e-01 1.898061e+00
9.810000e-01 1.901314e+00
9.816000e-01 1.906671e+00
9.822000e-01 1.914044e+00
9.828000e-01 1.923338e+00
9.834000e-01 1.934459e+00
9.840000e-01 1.947313e+00
9.846000e-01 1.961799e+00
9.852000e-01 1.977813e+00
9.858000e-01 1.995248e+00
9.864000e-01 2.013988e+00
9.870000e-01 2.033908e+00
9.876000e-01 2.054872e+00
9.882000e-01 2.076733e+00
9.888000e-01 2.099331e+00
9.894000e-01 2.122491e+00
9.900000e-01 2.146025e+00
9.906000e-01 2.169731e+00
9.912000e-01 2.193400e+00
9.918000e-01 2.216816e+00
9.924000e-01 2.239761e+00
9.930000e-01 2.262029e+00
9.936000e-01 2.283424e+00
9.942000e-01 2.303778e+00
9.948000e-01 2.322956e+00
9.954000e-01 2.340861e+00
9.960000e-01 2.357448e+00
9.966000e-01 2.372719e+00
9.972000e-01 2.386732e+00
9.978000e-01 2.399593e+00
9.984000e-01 2.411453e+00
9.990000e-01 2.422502e+00
9.996000e-01 2.432956e+00
1.000200e+00 2.443052e+00
1.000800e+00 2.453032e+00
1.001400e+00 2.463136e+00
1.002000e+00 2.473596e+00
1.002600e+00 2.484624e+00
1.003200e+00 2.496414e+00
1.003800e+00 2.509132e+00
1.004400e+00 2.522919e+00
1.005000e+00 2.537888e+00
1.005600e+00 2.554130e+00
1.006200e+00 2.571706e+00
1.006800e+00 2.590660e+00
1.007400e+00 2.611012e+00
1.008000e+00 2.632767e+00
1.008600e+00 2.655912e+00
1.009200e+00 2.680422e+00
1.009800e+00 2.706263e+00
1.010400e+00 2.733389e+00
1.011000e+00 2.761747e+00
1.011600e+00 2.791279e+00
1.012200e+00 2.821924e+00
1.012800e+00 2.853615e+00
1.013400e+00 2.886287e+00
1.014000e+00 2.919872e+00
1.014600e+00 2.954306e+00
1.015200e+00 2.989527e+00
1.015800e+00 3.025477e+00
1.016400e+00 3.062109e+00
1.017000e+00 3.099385e+00
1.017600e+00 3.137281e+00
1.018200e+00 3.175796e+00
1.018800e+00 3.214958e+00
1.019400e+00 3.254831e+00
1.020000e+00 3.295533e+00
1.020600e+00 3.337249e+00
1.021200e+00 3.380252e+00
1.021800e+00 3.424914e+00
1.022400e+00 3.471715e+00
1.023000e+00 3.521195e+00
1.023600e+00 3.573810e+00
1.024200e+00 3.629551e+00
1.024800e+00 3.687136e+00
1.025400e+00 3.742656e+00
1.026000e+00 3.788131e+00
1.026600e+00 3.812008e+00
1.027200e+00 3.804345e+00
1.027800e+00 3.764774e+00
1.028400e+00 3.704280e+00
1.029000e+00 3.637539e+00
1.029600e+00 3.574870e+00
1.030200e+00 3.520484e+00
1.030800e+00 3.474675e+00
1.031400e+00 3.436180e+00
1.032000e+00 3.403495e+00
1.032600e+00 3.375363e+00
1.033200e+00 3.350867e+00
1.033800e+00 3.329365e+00
1.034400e+00 3.310396e+00
1.035000e+00 3.293588e+00
1.035600e+00 3.278597e+00
1.036200e+00 3.265052e+00
1.036800e+00 3.252532e+00
1.037400e+00 3.240554e+00
1.038000e+00 3.228581e+00
1.038600e+00 3.216035e+00
1.039200e+00 3.202329e+00
1.039800e+00 3.186895e+00
1.040400e+00 3.169223e+00
1.041000e+00 3.148892e+00
1.041600e+00 3.125600e+00
1.042200e+00 3.099187e+00
1.042800e+00 3.069640e+00
1.043400e+00 3.037099e+00
1.044000e+00 3.001840e+00
1.044600e+00 2.964263e+00
1.045200e+00 2.924863e+00
1.045800e+00 2.884200e+00
1.046400e+00 2.842873e+00
1.047000e+00 2.801491e+00
1.047600e+00 2.760648e+00
1.048200e+00 2.720901e+00
1.048800e+00 2.682755e+00
1.049400e+00 2.646643e+00
1.050000e+00 2.612917e+00
1.050600e+00 2.581833e+00
1.051200e+00 2.553540e+00
1.051800e+00 2.528065e+00
1.052400e+00 2.505299e+00
1.053000e+00 2.484982e+00
1.053600e+00 2.466691e+00
1.054200e+00 2.449835e+00
1.054800e+00 2.433664e+00
1.055400e+00 2.417290e+00
1.056000e+00 2.399742e+00
1.056600e+00 2.380035e+00
1.057200e+00 2.357267e+00
1.057800e+00 2.330719e+00
1.058400e+00 2.299948e+00
1.059000e+00 2.264847e+00
1.059600e+00 2.225659e+00
1.060200e+00 2.182941e+00
1.060800e+00 2.137490e+00
1.061400e+00 2.090237e+00
1.062000e+00 2.042152e+00
1.062600e+00 1.994155e+00
1.063200e+00 1.947051e+00
1.063800e+00 1.901503e+00
1.064400e+00 1.858022e+00
1.065000e+00 1.816971e+00
1.065600e+00 1.778590e+00
1.066200e+00 1.743015e+00
1.066800e+00 1.710305e+00
1.067400e+00 1.680463e+00
1.068000e+00 1.653454e+00
1.068600e+00 1.629221e+00
1.069200e+00 1.607699e+00
1.069800e+00 1.588818e+00
1.070400e+00 1.572517e+00
1.071000e+00 1.558744e+00
1.071600e+00 1.547458e+00
1.072200e+00 1.538638e+00
1.072800e+00 1.532277e+00
1.073400e+00 1.528388e+00
1.074000e+00 1.527004e+00
1.074600e+00 1.528179e+00
1.075200e+00 1.531986e+00
1.075800e+00 1.538522e+00
1.076400e+00 1.547903e+00
1.077000e+00 1.560271e+00
1.077600e+00 1.575789e+00
1.078200e+00 1.594644e+00
1.078800e+00 1.617044e+00
1.079400e+00 1.643222e+00
1.080000e+00 1.673426e+00
1.080600e+00 1.707922e+00
1.081200e+00 1.746985e+00
1.081800e+00 1.790889e+00
1.082400e+00 1.839896e+00
1.083000e+00 1.894232e+00
1.083600e+00 1.954068e+00
1.084200e+00 2.019478e+00
1.084800e+00 2.090401e+00
1.085400e+00 2.166584e+00
1.086000e+00 2.247522e+00
1.086600e+00 2.332396e+00
1.087200e+00 2.420014e+00
1.087800e+00 2.508771e+00
1.088400e+00 2.596649e+00
1.089000e+00 2.681274e+00
1.089600e+00 2.760038e+00
1.090200e+00 2.830305e+00
1.090800e+00 2.889668e+00
1.091400e+00 2.936231e+00
1.092000e+00 2.968851e+00
1.092600e+00 2.987291e+00
1.093200e+00 2.992241e+00
1.093800e+00 2.985204e+00
1.094400e+00 2.968279e+00
1.095000e+00 2.943895e+00
1.095600e+00 2.914542e+00
1.096200e+00 2.882559e+00
1.096800e+00 2.849981e+00
1.097400e+00 2.818468e+00
1.098000e+00 2.789276e+00
1.098600e+00 2.763289e+00
1.099200e+00 2.741057e+00
1.099800e+00 2.722855e+00
1.100400e+00 2.708744e+00
1.101000e+00 2.698617e+00
1.101600e+00 2.692255e+00
1.102200e+00 2.689356e+00
1.102800e+00 2.689577e+00
1.103400e+00 2.692551e+00
1.104000e+00 2.697918e+00
1.104600e+00 2.705337e+00
1.105200e+00 2.714503e+00
1.105800e+00 2.725163e+00
1.106400e+00 2.737122e+00
1.107000e+00 2.750256e+00
1.107600e+00 2.764521e+00
1.108200e+00 2.779951e+00
1.108800e+00 2.796664e+00
1.109400e+00 2.814855e+00
1.110000e+00 2.834786e+00
1.110600e+00 2.856766e+00
1.111200e+00 2.881116e+00
1.111800e+00 2.908121e+00
1.112400e+00 2.937960e+00
1.113000e+00 2.970613e+00
1.113600e+00 3.005742e+00
1.114200e+00 3.042557e+00
1.114800e+00 3.079684e+00
1.115400e+00 3.115065e+00
1.116000e+00 3.145959e+00
1.116600e+00 3.169078e+00
1.117200e+00 3.180928e+00
1.117800e+00 3.178314e+00
1.118400e+00 3.158930e+00
1.119000e+00 3.121863e+00
1.119600e+00 3.067814e+00
1.120200e+00 2.998987e+00
1.120800e+00 2.918654e+00
1.121400e+00 2.830579e+00
1.122000e+00 2.738463e+00
1.122600e+00 2.645552e+00
1.123200e+00 2.554423e+00
1.123800e+00 2.466942e+00
1.124400e+00 2.384331e+00
1.125000e+00 2.307281e+00
1.125600e+00 2.236080e+00
1.126200e+00 2.170731e+00
1.126800e+00 2.111043e+00
1.127400e+00 2.056704e+00
1.128000e+00 2.007332e+00
1.128600e+00 1.962508e+00
1.129200e+00 1.921801e+00
1.129800e+00 1.884781e+00
1.130400e+00 1.851025e+00
1.131000e+00 1.820130e+00
1.131600e+00 1.791705e+00
1.132200e+00 1.765382e+00
1.132800e+00 1.740815e+00
1.133400e+00 1.717678e+00
1.134000e+00 1.695673e+00
1.134600e+00 1.674529e+00
1.135200e+00 1.654005e+00
1.135800e+00 1.633893e+00
1.136400e+00 1.614021e+00
1.137000e+00 1.594253e+00
1.137600e+00 1.574493e+00
1.138200e+00 1.554684e+00
1.138800e+00 1.534808e+00
1.139400e+00 1.514884e+00
1.140000e+00 1.494965e+00
1.140600e+00 1.475137e+00
1.141200e+00 1.455512e+00
1.141800e+00 1.436224e+00
1.142400e+00 1.417427e+00
1.143000e+00 1.399289e+00
1.143600e+00 1.381989e+00
1.144200e+00 1.365714e+00
1.144800e+00 1.350656e+00
1.145400e+00 1.337012e+00
1.146000e+00 1.324987e+00
1.146600e+00 1.314788e+00
1.147200e+00 1.306632e+00
1.147800e+00 1.300746e+00
1.148400e+00 1.297371e+00
1.149000e+00 1.296768e+00
1.149600e+00 1.299218e+00
1.150200e+00 1.305030e+00
1.150800e+00 1.314546e+00
1.151400e+00 1.328141e+00
1.152000e+00 1.346221e+00
1.152600e+00 1.369228e+00
1.153200e+00 1.397617e+00
1.153800e+00 1.431846e+00
1.154400e+00 1.472332e+00
1.155000e+00 1.519396e+00
1.155600e+00 1.573186e+00
1.156200e+00 1.633557e+00
1.156800e+00 1.699942e+00
1.157400e+00 1.771205e+00
1.158000e+00 1.845518e+00
1.158600e+00 1.920314e+00
1.159200e+00 1.992383e+00
1.159800e+00 2.058146e+00
1.160400e+00 2.114120e+00
1.161000e+00 2.157469e+00
1.161600e+00 2.186500e+00
1.162200e+00 2.200935e+00
1.162800e+00 2.201868e+00
1.163400e+00 2.191453e+00
1.164000e+00 2.172434e+00
1.164600e+00 2.147679e+00
1.165200e+00 2.119815e+00
1.165800e+00 2.091005e+00
1.166400e+00 2.062849e+00
1.167000e+00 2.036345e+00
1.167600e+00 2.011840e+00
1.168200e+00 1.988749e+00
1.168800e+00 1.963810e+00
1.169400e+00 1.990478e+00
1.170000e+00 2.051480e+00
1.170600e+00 2.099157e+00
1.171200e+00 2.144724e+00
1.171800e+00 2.190909e+00
1.172400e+00 2.238726e+00
1.173000e+00 2.288548e+00
1.173600e+00 2.340426e+00
1.174200e+00 2.394225e+00
1.174800e+00 2.449688e+00
1.175400e+00 2.506477e+00
1.176000e+00 2.564205e+00
1.176600e+00 2.622459e+00
1.177200e+00 2.680822e+00
1.177800e+00 2.738899e+00
1.178400e+00 2.796336e+00
1.179000e+00 2.852841e+00
1.179600e+00 2.908197e+00
1.180200e+00 2.962277e+00
1.180800e+00 3.015048e+00
1.181400e+00 3.066573e+00
1.182000e+00 3.117006e+00
1.182600e+00 3.166579e+00
1.183200e+00 3.215586e+00
1.183800e+00 3.264364e+00
1.184400e+00 3.313270e+00
1.185000e+00 3.362654e+00
1.185600e+00 3.412837e+00
1.186200e+00 3.464089e+00
1.186800e+00 3.516606e+00
1.187400e+00 3.570498e+00
1.188000e+00 3.625775e+00
1.188600e+00 3.682347e+00
1.189200e+00 3.740027e+00
1.189800e+00 3.798538e+00
1.190400e+00 3.857539e+00
1.191000e+00 3.916643e+00
1.191600e+00 3.975452e+00
1.192200e+00 4.033581e+00
1.192800e+00 4.090689e+00
1.193400e+00 4.146501e+00
1.194000e+00 4.200823e+00
1.194600e+00 4.253544e+00
1.195200e+00 4.304631e+00
1.195800e+00 4.354113e+00
1.196400e+00 4.402058e+00
1.197000e+00 4.448544e+00
1.197600e+00 4.493629e+00
1.198200e+00 4.537330e+00
1.198800e+00 4.579600e+00
1.199400e+00 4.620314e+00
