0.000000e+00 0.000000e+00
6.000000e-04 0.000000e+00
1.200000e-03 0.000000e+00
1.800000e-03 0.000000e+00
2.400000e-03 0.000000e+00
3.000000e-03 0.000000e+00
3.600000e-03 0.000000e+00
4.200000e-03 0.000000e+00
4.800000e-03 0.000000e+00
5.400000e-03 0.000000e+00
6.000000e-03 0.000000e+00
6.600000e-03 0.000000e+00
7.200000e-03 0.000000e+00
7.800000e-03 0.000000e+00
8.400000e-03 0.000000e+00
9.000000e-03 0.000000e+00
9.600000e-03 0.000000e+00
1.020000e-02 0.000000e+00
1.080000e-02 0.000000e+00
1.140000e-02 0.000000e+00
1.200000e-02 0.000000e+00
1.260000e-02 0.000000e+00
1.320000e-02 0.000000e+00
1.380000e-02 0.000000e+00
1.440000e-02 0.000000e+00
1.500000e-02 0.000000e+00
1.560000e-02 0.000000e+00
1.620000e-02 0.000000e+00
1.680000e-02 0.000000e+00
1.740000e-02 0.000000e+00
1.800000e-02 0.000000e+00
1.860000e-02 0.000000e+00
1.920000e-02 0.000000e+00
1.980000e-02 0.000000e+00
2.040000e-02 1.536362e-04
2.100000e-02 3.697221e-03
2.160000e-02 1.191839e-02
2.220000e-02 3.134638e-02
2.280000e-02 8.126880e-02
2.340000e-02 2.310972e-01
2.400000e-02 7.772369e-01
2.460000e-02 1.966777e+00
2.520000e-02 1.284954e+00
2.580000e-02 6.661243e-01
2.640000e-02 4.212259e-01
2.700000e-02 3.085849e-01
2.760000e-02 2.485453e-01
2.820000e-02 2.132943e-01
2.880000e-02 1.913513e-01
2.940000e-02 1.772720e-01
3.000000e-02 1.681676e-01
3.060000e-02 1.623433e-01
3.120000e-02 1.586995e-01
3.180000e-02 1.564394e-01
3.240000e-02 1.549181e-01
3.300000e-02 1.535645e-01
3.360000e-02 1.518499e-01
3.420000e-02 1.492927e-01
3.480000e-02 1.454915e-01
3.540000e-02 1.401740e-01
3.600000e-02 1.332441e-01
3.660000e-02 1.248037e-01
3.720000e-02 1.151354e-01
3.780000e-02 1.046464e-01
3.840000e-02 9.379046e-02
3.900000e-02 8.299397e-02
3.960000e-02 7.260403e-02
4.020000e-02 6.286554e-02
4.080000e-02 5.392300e-02
4.140000e-02 4.583727e-02
4.200000e-02 3.860797e-02
4.260000e-02 3.219529e-02
4.320000e-02 2.653798e-02
4.380000e-02 2.156670e-02
4.440000e-02 1.721339e-02
4.500000e-02 1.341731e-02
4.560000e-02 1.012897e-02
4.620000e-02 7.312475e-03
4.680000e-02 4.946867e-03
4.740000e-02 3.026286e-03
4.800000e-02 1.558770e-03
4.860000e-02 5.627830e-04
4.920000e-02 6.055221e-05
4.980000e-02 6.751235e-05
5.040000e-02 5.784417e-04
5.100000e-02 1.553150e-03
5.160000e-02 2.907102e-03
5.220000e-02 4.513027e-03
5.280000e-02 6.216345e-03
5.340000e-02 7.860740e-03
5.400000e-02 9.314514e-03
5.460000e-02 1.048811e-02
5.520000e-02 1.133839e-02
5.580000e-02 1.186181e-02
5.640000e-02 1.208198e-02
5.700000e-02 1.203697e-02
5.760000e-02 1.176941e-02
5.820000e-02 1.132010e-02
5.880000e-02 1.072481e-02
5.940000e-02 1.001318e-02
6.000000e-02 9.209051e-03
6.060000e-02 8.331424e-03
6.120000e-02 7.395882e-03
6.180000e-02 6.416191e-03
6.240000e-02 5.406134e-03
6.300000e-02 4.381669e-03
6.360000e-02 3.363615e-03
6.420000e-02 2.381145e-03
6.480000e-02 1.476522e-03
6.540000e-02 7.116221e-04
6.600000e-02 1.769462e-04
6.660000e-02 3.953242e-06
6.720000e-02 3.814939e-04
6.780000e-02 1.576630e-03
6.840000e-02 3.958628e-03
6.900000e-02 8.021472e-03
6.960000e-02 1.439372e-02
7.020000e-02 2.381470e-02
7.080000e-02 3.704639e-02
7.140000e-02 5.469323e-02
7.200000e-02 7.693876e-02
7.260000e-02 1.032888e-01
7.320000e-02 1.324919e-01
7.380000e-02 1.627791e-01
7.440000e-02 1.923718e-01
7.500000e-02 2.199968e-01
7.560000e-02 2.451479e-01
7.620000e-02 2.680380e-01
7.680000e-02 2.893778e-01
7.740000e-02 3.101437e-01
7.800000e-02 3.314299e-01
7.860000e-02 3.544065e-01
7.920000e-02 3.803868e-01
7.980000e-02 4.110726e-01
8.040000e-02 4.494449e-01
8.100000e-02 5.123122e-01
8.160000e-02 5.544334e-01
8.220000e-02 5.901439e-01
8.280000e-02 6.323869e-01
8.340000e-02 6.835599e-01
8.400000e-02 7.462080e-01
8.460000e-02 8.233688e-01
8.520000e-02 9.186912e-01
8.580000e-02 1.036303e+00
8.640000e-02 1.180091e+00
8.700000e-02 1.351615e+00
8.760000e-02 1.545346e+00
8.820000e-02 1.740196e+00
8.880000e-02 1.890774e+00
8.940000e-02 1.933278e+00
9.000000e-02 1.823374e+00
9.060000e-02 1.580993e+00
9.120000e-02 1.280058e+00
9.180000e-02 9.920380e-01
9.240000e-02 7.528783e-01
9.300000e-02 5.686041e-01
9.360000e-02 4.315768e-01
9.420000e-02 3.310830e-01
9.480000e-02 2.575964e-01
9.540000e-02 2.037787e-01
9.600000e-02 1.643009e-01
9.660000e-02 1.353887e-01
9.720000e-02 1.143989e-01
9.780000e-02 9.949805e-02
9.840000e-02 8.944272e-02
9.900000e-02 8.344843e-02
9.960000e-02 8.114886e-02
1.002000e-01 8.269553e-02
1.008000e-01 8.921049e-02
1.014000e-01 1.045288e-01
1.020000e-01 1.436768e-01
1.026000e-01 2.970681e-01
1.032000e-01 7.110153e-01
1.038000e-01 2.312430e-01
1.044000e-01 1.510342e-01
1.050000e-01 1.433613e-01
1.056000e-01 1.528705e-01
1.062000e-01 1.702135e-01
1.068000e-01 1.932872e-01
1.074000e-01 2.218314e-01
1.080000e-01 2.562654e-01
1.086000e-01 2.973548e-01
1.092000e-01 3.460859e-01
1.098000e-01 4.035851e-01
1.104000e-01 4.710230e-01
1.110000e-01 5.494646e-01
1.116000e-01 6.396367e-01
1.122000e-01 7.415934e-01
1.128000e-01 8.542940e-01
1.134000e-01 9.751652e-01
1.140000e-01 1.099790e+00
1.146000e-01 1.221914e+00
1.152000e-01 1.333914e+00
1.158000e-01 1.427658e+00
1.164000e-01 1.495509e+00
1.170000e-01 1.531219e+00
1.176000e-01 1.530768e+00
1.182000e-01 1.493541e+00
1.188000e-01 1.423723e+00
1.194000e-01 1.330690e+00
1.200000e-01 1.226986e+00
1.206000e-01 1.124527e+00
1.212000e-01 1.031564e+00
1.218000e-01 9.519984e-01
1.224000e-01 8.864887e-01
1.230000e-01 8.339613e-01
1.236000e-01 7.927414e-01
1.242000e-01 7.611629e-01
1.248000e-01 7.378177e-01
1.254000e-01 7.216141e-01
1.260000e-01 7.117573e-01
1.266000e-01 7.077058e-01
1.272000e-01 7.091292e-01
1.278000e-01 7.158741e-01
1.284000e-01 7.279387e-01
1.290000e-01 7.454558e-01
1.296000e-01 7.686815e-01
1.302000e-01 7.979865e-01
1.308000e-01 8.338484e-01
1.314000e-01 8.768390e-01
1.320000e-01 9.276040e-01
1.326000e-01 9.868252e-01
1.332000e-01 1.055156e+00
1.338000e-01 1.133114e+00
1.344000e-01 1.220920e+00
1.350000e-01 1.318253e+00
1.356000e-01 1.423933e+00
1.362000e-01 1.535524e+00
1.368000e-01 1.648958e+00
1.374000e-01 1.758296e+00
1.380000e-01 1.855878e+00
1.386000e-01 1.933066e+00
1.392000e-01 1.981670e+00
1.398000e-01 1.995765e+00
1.404000e-01 1.973262e+00
1.410000e-01 1.916519e+00
1.416000e-01 1.831689e+00
1.422000e-01 1.727125e+00
1.428000e-01 1.611559e+00
1.434000e-01 1.492702e+00
1.440000e-01 1.376521e+00
1.446000e-01 1.267123e+00
1.452000e-01 1.167012e+00
1.458000e-01 1.077491e+00
1.464000e-01 9.990371e-01
1.470000e-01 9.315668e-01
1.476000e-01 8.744357e-01
1.482000e-01 8.258568e-01
1.488000e-01 7.808527e-01
1.494000e-01 7.263822e-01
1.500000e-01 6.381728e-01
1.506000e-01 5.077641e-01
1.512000e-01 3.842166e-01
1.518000e-01 3.092328e-01
1.524000e-01 2.714596e-01
1.530000e-01 2.506179e-01
1.536000e-01 2.361807e-01
1.542000e-01 2.240676e-01
1.548000e-01 2.128630e-01
1.554000e-01 2.021244e-01
1.560000e-01 1.917476e-01
1.566000e-01 1.817384e-01
1.572000e-01 1.721326e-01
1.578000e-01 1.629706e-01
1.584000e-01 1.542907e-01
1.590000e-01 1.461298e-01
1.596000e-01 1.385269e-01
1.602000e-01 1.315279e-01
1.608000e-01 1.251919e-01
1.614000e-01 1.196022e-01
1.620000e-01 1.148823e-01
1.626000e-01 1.112267e-01
1.632000e-01 1.089602e-01
1.638000e-01 1.086653e-01
1.644000e-01 1.114854e-01
1.650000e-01 1.199420e-01
1.656000e-01 1.404610e-01
1.662000e-01 1.903679e-01
1.668000e-01 2.332295e-01
1.674000e-01 5.384660e-02
1.680000e-01 1.369603e-02
1.686000e-01 1.267860e-02
1.692000e-01 1.494496e-02
1.698000e-01 1.683327e-02
1.704000e-01 1.814333e-02
1.710000e-01 1.905570e-02
1.716000e-01 1.974526e-02
1.722000e-01 2.034177e-02
1.728000e-01 2.093893e-02
1.734000e-01 2.160677e-02
1.740000e-01 2.240140e-02
1.746000e-01 2.337218e-02
1.752000e-01 2.456745e-02
1.758000e-01 2.603964e-02
1.764000e-01 2.785084e-02
1.770000e-01 3.007983e-02
1.776000e-01 3.283262e-02
1.782000e-01 3.626012e-02
1.788000e-01 4.059270e-02
1.794000e-01 4.622107e-02
1.800000e-01 5.395524e-02
1.806000e-01 6.688305e-02
1.812000e-01 8.493680e-02
1.818000e-01 9.431955e-02
1.824000e-01 1.041975e-01
1.830000e-01 1.151721e-01
1.836000e-01 1.276605e-01
1.842000e-01 1.420806e-01
1.848000e-01 1.589046e-01
1.854000e-01 1.786900e-01
1.860000e-01 2.021041e-01
1.866000e-01 2.299435e-01
1.872000e-01 2.631442e-01
1.878000e-01 3.027714e-01
1.884000e-01 3.499681e-01
1.890000e-01 4.058305e-01
1.896000e-01 4.711657e-01
1.902000e-01 5.460861e-01
1.908000e-01 6.294374e-01
1.914000e-01 7.181654e-01
1.920000e-01 8.069287e-01
1.926000e-01 8.884299e-01
1.932000e-01 9.548186e-01
1.938000e-01 9.998904e-01
1.944000e-01 1.021035e+00
1.950000e-01 1.019797e+00
1.956000e-01 1.000838e+00
1.962000e-01 9.700833e-01
1.968000e-01 9.331113e-01
1.974000e-01 8.942494e-01
1.980000e-01 8.563407e-01
1.986000e-01 8.208760e-01
1.992000e-01 7.882292e-01
1.998000e-01 7.578536e-01
2.004000e-01 7.283996e-01
2.010000e-01 6.978095e-01
2.016000e-01 6.635457e-01
2.022000e-01 6.231991e-01
2.028000e-01 5.756577e-01
2.034000e-01 5.225221e-01
2.040000e-01 4.686340e-01
2.046000e-01 4.206209e-01
2.052000e-01 3.841058e-01
2.058000e-01 3.617725e-01
2.064000e-01 3.534641e-01
2.070000e-01 3.575018e-01
2.076000e-01 3.719556e-01
2.082000e-01 3.953436e-01
2.088000e-01 4.268483e-01
2.094000e-01 4.662802e-01
2.100000e-01 5.139307e-01
2.106000e-01 5.703448e-01
2.112000e-01 6.359520e-01
2.118000e-01 7.104176e-01
2.124000e-01 7.915378e-01
2.130000e-01 8.736433e-01
2.136000e-01 9.461003e-01
2.142000e-01 9.937798e-01
2.148000e-01 1.002011e+00
2.154000e-01 9.652913e-01
2.160000e-01 8.925732e-01
2.166000e-01 8.026664e-01
2.172000e-01 7.140724e-01
2.178000e-01 6.384656e-01
2.184000e-01 5.803676e-01
2.190000e-01 5.397519e-01
2.196000e-01 5.145652e-01
2.202000e-01 5.022397e-01
2.208000e-01 5.003721e-01
2.214000e-01 5.069407e-01
2.220000e-01 5.203182e-01
2.226000e-01 5.392185e-01
2.232000e-01 5.626360e-01
2.238000e-01 5.898029e-01
2.244000e-01 6.201652e-01
2.250000e-01 6.533780e-01
2.256000e-01 6.893104e-01
2.262000e-01 7.280515e-01
2.268000e-01 7.699101e-01
2.274000e-01 8.153959e-01
2.280000e-01 8.651768e-01
2.286000e-01 9.200001e-01
2.292000e-01 9.805660e-01
2.298000e-01 1.047338e+00
2.304000e-01 1.120275e+00
2.310000e-01 1.198477e+00
2.316000e-01 1.279770e+00
2.322000e-01 1.360330e+00
2.328000e-01 1.434528e+00
2.334000e-01 1.495268e+00
2.340000e-01 1.535042e+00
2.346000e-01 1.547633e+00
2.352000e-01 1.529904e+00
2.358000e-01 1.482848e+00
2.364000e-01 1.411313e+00
2.370000e-01 1.322548e+00
2.376000e-01 1.224340e+00
2.382000e-01 1.123519e+00
2.388000e-01 1.025204e+00
2.394000e-01 9.327009e-01
2.400000e-01 8.477904e-01
2.406000e-01 7.711401e-01
2.412000e-01 7.026969e-01
2.418000e-01 6.419907e-01
2.424000e-01 5.883457e-01
2.430000e-01 5.410145e-01
2.436000e-01 4.992560e-01
2.442000e-01 4.623781e-01
2.448000e-01 4.297557e-01
2.454000e-01 4.008364e-01
2.460000e-01 3.751388e-01
2.466000e-01 3.522465e-01
2.472000e-01 3.318013e-01
2.478000e-01 3.134958e-01
2.484000e-01 2.970664e-01
2.490000e-01 2.822872e-01
2.496000e-01 2.689641e-01
2.502000e-01 2.569305e-01
2.508000e-01 2.460426e-01
2.514000e-01 2.361765e-01
2.520000e-01 2.272250e-01
2.526000e-01 2.190951e-01
2.532000e-01 2.117059e-01
2.538000e-01 2.049871e-01
2.544000e-01 1.988773e-01
2.550000e-01 1.933226e-01
2.556000e-01 1.882760e-01
2.562000e-01 1.836963e-01
2.568000e-01 1.795470e-01
2.574000e-01 1.757964e-01
2.580000e-01 1.724163e-01
2.586000e-01 1.693819e-01
2.592000e-01 1.666715e-01
2.598000e-01 1.642659e-01
2.604000e-01 1.621484e-01
2.610000e-01 1.603041e-01
2.616000e-01 1.587203e-01
2.622000e-01 1.573856e-01
2.628000e-01 1.562905e-01
2.634000e-01 1.554266e-01
2.640000e-01 1.547868e-01
2.646000e-01 1.543652e-01
2.652000e-01 1.541571e-01
2.658000e-01 1.541585e-01
2.664000e-01 1.543664e-01
2.670000e-01 1.547790e-01
2.676000e-01 1.553949e-01
2.682000e-01 1.562136e-01
2.688000e-01 1.572355e-01
2.694000e-01 1.584617e-01
2.700000e-01 1.598939e-01
2.706000e-01 1.615346e-01
2.712000e-01 1.633869e-01
2.718000e-01 1.654549e-01
2.724000e-01 1.677430e-01
2.730000e-01 1.702567e-01
2.736000e-01 1.730022e-01
2.742000e-01 1.759862e-01
2.748000e-01 1.792165e-01
2.754000e-01 1.827018e-01
2.760000e-01 1.864515e-01
2.766000e-01 1.904761e-01
2.772000e-01 1.947872e-01
2.778000e-01 1.993976e-01
2.784000e-01 2.043212e-01
2.790000e-01 2.095734e-01
2.796000e-01 2.151710e-01
2.802000e-01 2.211326e-01
2.808000e-01 2.274787e-01
2.814000e-01 2.342320e-01
2.820000e-01 2.414176e-01
2.826000e-01 2.490635e-01
2.832000e-01 2.572009e-01
2.838000e-01 2.658649e-01
2.844000e-01 2.750952e-01
2.850000e-01 2.849372e-01
2.856000e-01 2.954428e-01
2.862000e-01 3.066722e-01
2.868000e-01 3.186960e-01
2.874000e-01 3.315976e-01
2.880000e-01 3.454771e-01
2.886000e-01 3.604557e-01
2.892000e-01 3.766824e-01
2.898000e-01 3.943426e-01
2.904000e-01 4.136696e-01
2.910000e-01 4.349602e-01
2.916000e-01 4.585948e-01
2.922000e-01 4.850632e-01
2.928000e-01 5.149942e-01
2.934000e-01 5.491843e-01
2.940000e-01 5.886108e-01
2.946000e-01 6.343934e-01
2.952000e-01 6.876291e-01
2.958000e-01 7.489744e-01
2.964000e-01 8.178196e-01
2.970000e-01 8.910688e-01
2.976000e-01 9.621367e-01
2.982000e-01 1.021663e+00
2.988000e-01 1.061109e+00
2.994000e-01 1.077403e+00
3.000000e-01 1.074366e+00
3.006000e-01 1.059686e+00
3.012000e-01 1.040791e+00
3.018000e-01 1.022718e+00
3.024000e-01 1.008047e+00
3.030000e-01 9.976900e-01
3.036000e-01 9.916642e-01
3.042000e-01 9.896187e-01
3.048000e-01 9.911196e-01
3.054000e-01 9.957893e-01
3.060000e-01 1.003364e+00
3.066000e-01 1.013710e+00
3.072000e-01 1.026828e+00
3.078000e-01 1.042843e+00
3.084000e-01 1.061997e+00
3.090000e-01 1.084641e+00
3.096000e-01 1.111223e+00
3.102000e-01 1.142271e+00
3.108000e-01 1.178370e+00
3.114000e-01 1.220111e+00
3.120000e-01 1.268011e+00
3.126000e-01 1.322361e+00
3.132000e-01 1.382991e+00
3.138000e-01 1.448872e+00
3.144000e-01 1.517566e+00
3.150000e-01 1.584511e+00
3.156000e-01 1.642363e+00
3.162000e-01 1.680813e+00
3.168000e-01 1.687467e+00
3.174000e-01 1.647971e+00
3.180000e-01 1.549822e+00
3.186000e-01 1.441691e+00
3.192000e-01 1.322116e+00
3.198000e-01 1.200627e+00
3.204000e-01 1.084885e+00
3.210000e-01 9.797218e-01
3.216000e-01 8.874388e-01
3.222000e-01 8.085241e-01
3.228000e-01 7.423744e-01
3.234000e-01 6.878451e-01
3.240000e-01 6.436086e-01
3.246000e-01 6.083596e-01
3.252000e-01 5.809173e-01
3.258000e-01 5.602661e-01
3.264000e-01 5.455612e-01
3.270000e-01 5.361184e-01
3.276000e-01 5.313960e-01
3.282000e-01 5.309761e-01
3.288000e-01 5.345453e-01
3.294000e-01 5.418786e-01
3.300000e-01 5.528238e-01
3.306000e-01 5.672882e-01
3.312000e-01 5.852255e-01
3.318000e-01 6.066233e-01
3.324000e-01 6.314897e-01
3.330000e-01 6.598381e-01
3.336000e-01 6.916697e-01
3.342000e-01 7.269526e-01
3.348000e-01 7.655974e-01
3.354000e-01 8.074283e-01
3.360000e-01 8.521511e-01
3.366000e-01 8.993194e-01
3.372000e-01 9.483033e-01
3.378000e-01 9.982648e-01
3.384000e-01 1.048148e+00
3.390000e-01 1.096691e+00
3.396000e-01 1.142472e+00
3.402000e-01 1.183983e+00
3.408000e-01 1.219745e+00
3.414000e-01 1.248436e+00
3.420000e-01 1.269024e+00
3.426000e-01 1.280883e+00
3.432000e-01 1.283854e+00
3.438000e-01 1.278255e+00
3.444000e-01 1.264833e+00
3.450000e-01 1.244663e+00
3.456000e-01 1.219027e+00
3.462000e-01 1.189293e+00
3.468000e-01 1.156802e+00
3.474000e-01 1.122792e+00
3.480000e-01 1.088342e+00
3.486000e-01 1.054356e+00
3.492000e-01 1.021556e+00
3.498000e-01 9.904940e-01
3.504000e-01 9.615792e-01
3.510000e-01 9.350966e-01
3.516000e-01 9.112340e-01
3.522000e-01 8.901036e-01
3.528000e-01 8.717618e-01
3.534000e-01 8.562246e-01
3.540000e-01 8.434807e-01
3.546000e-01 8.335010e-01
3.552000e-01 8.262462e-01
3.558000e-01 8.216714e-01
3.564000e-01 8.197298e-01
3.570000e-01 8.203749e-01
3.576000e-01 8.235610e-01
3.582000e-01 8.292434e-01
3.588000e-01 8.373776e-01
3.594000e-01 8.479179e-01
3.600000e-01 8.608154e-01
3.606000e-01 8.760159e-01
3.612000e-01 8.934573e-01
3.618000e-01 9.130667e-01
3.624000e-01 9.347579e-01
3.630000e-01 9.584287e-01
3.636000e-01 9.839580e-01
3.642000e-01 1.011204e+00
3.648000e-01 1.040003e+00
3.654000e-01 1.070169e+00
3.660000e-01 1.101492e+00
3.666000e-01 1.133742e+00
3.672000e-01 1.166669e+00
3.678000e-01 1.200008e+00
3.684000e-01 1.233483e+00
3.690000e-01 1.266813e+00
3.696000e-01 1.299715e+00
3.702000e-01 1.331915e+00
3.708000e-01 1.363151e+00
3.714000e-01 1.393177e+00
3.720000e-01 1.421773e+00
3.726000e-01 1.448744e+00
3.732000e-01 1.473924e+00
3.738000e-01 1.497176e+00
3.744000e-01 1.518395e+00
3.750000e-01 1.537503e+00
3.756000e-01 1.554448e+00
3.762000e-01 1.569202e+00
3.768000e-01 1.581757e+00
3.774000e-01 1.592122e+00
3.780000e-01 1.600319e+00
3.786000e-01 1.606382e+00
3.792000e-01 1.610357e+00
3.798000e-01 1.612295e+00
3.804000e-01 1.612261e+00
3.810000e-01 1.610330e+00
3.816000e-01 1.606590e+00
3.822000e-01 1.601151e+00
3.828000e-01 1.594147e+00
3.834000e-01 1.585744e+00
3.840000e-01 1.576155e+00
3.846000e-01 1.565644e+00
3.852000e-01 1.554550e+00
3.858000e-01 1.543298e+00
3.864000e-01 1.532424e+00
3.870000e-01 1.522600e+00
3.876000e-01 1.514654e+00
3.882000e-01 1.509598e+00
3.888000e-01 1.508636e+00
3.894000e-01 1.513150e+00
3.900000e-01 1.524634e+00
3.906000e-01 1.544535e+00
3.912000e-01 1.573966e+00
3.918000e-01 1.613260e+00
3.924000e-01 1.661413e+00
3.930000e-01 1.715591e+00
3.936000e-01 1.771010e+00
3.942000e-01 1.821521e+00
3.948000e-01 1.860937e+00
3.954000e-01 1.884609e+00
3.960000e-01 1.890529e+00
3.966000e-01 1.879427e+00
3.972000e-01 1.854029e+00
3.978000e-01 1.817979e+00
3.984000e-01 1.774933e+00
3.990000e-01 1.728021e+00
3.996000e-01 1.679655e+00
4.002000e-01 1.631555e+00
4.008000e-01 1.584861e+00
4.014000e-01 1.540280e+00
4.020000e-01 1.498207e+00
4.026000e-01 1.458830e+00
4.032000e-01 1.422193e+00
4.038000e-01 1.388259e+00
4.044000e-01 1.356932e+00
4.050000e-01 1.328088e+00
4.056000e-01 1.301587e+00
4.062000e-01 1.277277e+00
4.068000e-01 1.255006e+00
4.074000e-01 1.234621e+00
4.080000e-01 1.215968e+00
4.086000e-01 1.198898e+00
4.092000e-01 1.183263e+00
4.098000e-01 1.168921e+00
4.104000e-01 1.155741e+00
4.110000e-01 1.143604e+00
4.116000e-01 1.132422e+00
4.122000e-01 1.122144e+00
4.128000e-01 1.112780e+00
4.134000e-01 1.104422e+00
4.140000e-01 1.097274e+00
4.146000e-01 1.091673e+00
4.152000e-01 1.088112e+00
4.158000e-01 1.087252e+00
4.164000e-01 1.089912e+00
4.170000e-01 1.097048e+00
4.176000e-01 1.109706e+00
4.182000e-01 1.128963e+00
4.188000e-01 1.155859e+00
4.194000e-01 1.191318e+00
4.200000e-01 1.236062e+00
4.206000e-01 1.290503e+00
4.212000e-01 1.354608e+00
4.218000e-01 1.427725e+00
4.224000e-01 1.508379e+00
4.230000e-01 1.594079e+00
4.236000e-01 1.681208e+00
4.242000e-01 1.765114e+00
4.248000e-01 1.840492e+00
4.254000e-01 1.902101e+00
4.260000e-01 1.945672e+00
4.266000e-01 1.968752e+00
4.272000e-01 1.971156e+00
4.278000e-01 1.954864e+00
4.284000e-01 1.923436e+00
4.290000e-01 1.881196e+00
4.296000e-01 1.832473e+00
4.302000e-01 1.781073e+00
4.308000e-01 1.730023e+00
4.314000e-01 1.681534e+00
4.320000e-01 1.637093e+00
4.326000e-01 1.597608e+00
4.332000e-01 1.563565e+00
4.338000e-01 1.535160e+00
4.344000e-01 1.512405e+00
4.350000e-01 1.495209e+00
4.356000e-01 1.483429e+00
4.362000e-01 1.476909e+00
4.368000e-01 1.475506e+00
4.374000e-01 1.479098e+00
4.380000e-01 1.487597e+00
4.386000e-01 1.500946e+00
4.392000e-01 1.519120e+00
4.398000e-01 1.542117e+00
4.404000e-01 1.569945e+00
4.410000e-01 1.602606e+00
4.416000e-01 1.640067e+00
4.422000e-01 1.682227e+00
4.428000e-01 1.728862e+00
4.434000e-01 1.779556e+00
4.440000e-01 1.833621e+00
4.446000e-01 1.889988e+00
4.452000e-01 1.947096e+00
4.458000e-01 2.002794e+00
4.464000e-01 2.054281e+00
4.470000e-01 2.098151e+00
4.476000e-01 2.130594e+00
4.482000e-01 2.147798e+00
4.488000e-01 2.146538e+00
4.494000e-01 2.124851e+00
4.500000e-01 2.082591e+00
4.506000e-01 2.021661e+00
4.512000e-01 1.945774e+00
4.518000e-01 1.859810e+00
4.524000e-01 1.768991e+00
4.530000e-01 1.678107e+00
4.536000e-01 1.591012e+00
4.542000e-01 1.510415e+00
4.548000e-01 1.437919e+00
4.554000e-01 1.374208e+00
4.560000e-01 1.319283e+00
4.566000e-01 1.272686e+00
4.572000e-01 1.233683e+00
4.578000e-01 1.201407e+00
4.584000e-01 1.174945e+00
4.590000e-01 1.153401e+00
4.596000e-01 1.135931e+00
4.602000e-01 1.121761e+00
4.608000e-01 1.110200e+00
4.614000e-01 1.100638e+00
4.620000e-01 1.092549e+00
4.626000e-01 1.085487e+00
4.632000e-01 1.079080e+00
4.638000e-01 1.073030e+00
4.644000e-01 1.067103e+00
4.650000e-01 1.061126e+00
4.656000e-01 1.054977e+00
4.662000e-01 1.048580e+00
4.668000e-01 1.041901e+00
4.674000e-01 1.034935e+00
4.680000e-01 1.027703e+00
4.686000e-01 1.020248e+00
4.692000e-01 1.012625e+00
4.698000e-01 1.004897e+00
4.704000e-01 9.971351e-01
4.710000e-01 9.894105e-01
4.716000e-01 9.817944e-01
4.722000e-01 9.743559e-01
4.728000e-01 9.671606e-01
4.734000e-01 9.602708e-01
4.740000e-01 9.537449e-01
4.746000e-01 9.476387e-01
4.752000e-01 9.420064e-01
4.758000e-01 9.369027e-01
4.764000e-01 9.323853e-01
4.770000e-01 9.285180e-01
4.776000e-01 9.253757e-01
4.782000e-01 9.230486e-01
4.788000e-01 9.216495e-01
4.794000e-01 9.213201e-01
4.800000e-01 9.222392e-01
4.806000e-01 9.246294e-01
4.812000e-01 9.287628e-01
4.818000e-01 9.349621e-01
4.824000e-01 9.435965e-01
4.830000e-01 9.550666e-01
4.836000e-01 9.697800e-01
4.842000e-01 9.881150e-01
4.848000e-01 1.010379e+00
4.854000e-01 1.036767e+00
4.860000e-01 1.067338e+00
4.866000e-01 1.102028e+00
4.872000e-01 1.140748e+00
4.878000e-01 1.183751e+00
4.884000e-01 1.234885e+00
4.890000e-01 1.262462e+00
4.896000e-01 1.287838e+00
4.902000e-01 1.315997e+00
4.908000e-01 1.346201e+00
4.914000e-01 1.378297e+00
4.920000e-01 1.412317e+00
4.926000e-01 1.448405e+00
4.932000e-01 1.486789e+00
4.938000e-01 1.527780e+00
4.944000e-01 1.571771e+00
4.950000e-01 1.619237e+00
4.956000e-01 1.670731e+00
4.962000e-01 1.726862e+00
4.968000e-01 1.788250e+00
4.974000e-01 1.855433e+00
4.980000e-01 1.928686e+00
4.986000e-01 2.007678e+00
4.992000e-01 2.090902e+00
4.998000e-01 2.174748e+00
5.004000e-01 2.252227e+00
5.010000e-01 2.311672e+00
5.016000e-01 2.336547e+00
5.022000e-01 2.308480e+00
5.028000e-01 2.215063e+00
5.034000e-01 2.059539e+00
5.040000e-01 1.863857e+00
5.046000e-01 1.659685e+00
5.052000e-01 1.474261e+00
5.058000e-01 1.322357e+00
5.064000e-01 1.207092e+00
5.070000e-01 1.124765e+00
5.076000e-01 1.069211e+00
5.082000e-01 1.034269e+00
5.088000e-01 1.014770e+00
5.094000e-01 1.006721e+00
5.100000e-01 1.007173e+00
5.106000e-01 1.013993e+00
5.112000e-01 1.025657e+00
5.118000e-01 1.041085e+00
5.124000e-01 1.059509e+00
5.130000e-01 1.080385e+00
5.136000e-01 1.103325e+00
5.142000e-01 1.128053e+00
5.148000e-01 1.154366e+00
5.154000e-01 1.182115e+00
5.160000e-01 1.211185e+00
5.166000e-01 1.241483e+00
5.172000e-01 1.272927e+00
5.178000e-01 1.305439e+00
5.184000e-01 1.338943e+00
5.190000e-01 1.373352e+00
5.196000e-01 1.408572e+00
5.202000e-01 1.444498e+00
5.208000e-01 1.481009e+00
5.214000e-01 1.517968e+00
5.220000e-01 1.555221e+00
5.226000e-01 1.592599e+00
5.232000e-01 1.629914e+00
5.238000e-01 1.666968e+00
5.244000e-01 1.703546e+00
5.250000e-01 1.739425e+00
5.256000e-01 1.774378e+00
5.262000e-01 1.808175e+00
5.268000e-01 1.840590e+00
5.274000e-01 1.871408e+00
5.280000e-01 1.900428e+00
5.286000e-01 1.927467e+00
5.292000e-01 1.952371e+00
5.298000e-01 1.975014e+00
5.304000e-01 1.995303e+00
5.310000e-01 2.013183e+00
5.316000e-01 2.028635e+00
5.322000e-01 2.041677e+00
5.328000e-01 2.052365e+00
5.334000e-01 2.060788e+00
5.340000e-01 2.067065e+00
5.346000e-01 2.071343e+00
5.352000e-01 2.073790e+00
5.358000e-01 2.074590e+00
5.364000e-01 2.073939e+00
5.370000e-01 2.072041e+00
5.376000e-01 2.069098e+00
5.382000e-01 2.065311e+00
5.388000e-01 2.060874e+00
5.394000e-01 2.055970e+00
5.400000e-01 2.050767e+00
5.406000e-01 2.045418e+00
5.412000e-01 2.040059e+00
5.418000e-01 2.034803e+00
5.424000e-01 2.029744e+00
5.430000e-01 2.024953e+00
5.436000e-01 2.020479e+00
5.442000e-01 2.016348e+00
5.448000e-01 2.012561e+00
5.454000e-01 2.009098e+00
5.460000e-01 2.005914e+00
5.466000e-01 2.002942e+00
5.472000e-01 2.000093e+00
5.478000e-01 1.997258e+00
5.484000e-01 1.994307e+00
5.490000e-01 1.991098e+00
5.496000e-01 1.987472e+00
5.502000e-01 1.983263e+00
5.508000e-01 1.978298e+00
5.514000e-01 1.972410e+00
5.520000e-01 1.965435e+00
5.526000e-01 1.957227e+00
5.532000e-01 1.947662e+00
5.538000e-01 1.936646e+00
5.544000e-01 1.924124e+00
5.550000e-01 1.910087e+00
5.556000e-01 1.894573e+00
5.562000e-01 1.877680e+00
5.568000e-01 1.859559e+00
5.574000e-01 1.840420e+00
5.580000e-01 1.820527e+00
5.586000e-01 1.800195e+00
5.592000e-01 1.779783e+00
5.598000e-01 1.759690e+00
5.604000e-01 1.740339e+00
5.610000e-01 1.722180e+00
5.616000e-01 1.705674e+00
5.622000e-01 1.691288e+00
5.628000e-01 1.679492e+00
5.634000e-01 1.670754e+00
5.640000e-01 1.665534e+00
5.646000e-01 1.664283e+00
5.652000e-01 1.667441e+00
5.658000e-01 1.675428e+00
5.664000e-01 1.688637e+00
5.670000e-01 1.707425e+00
5.676000e-01 1.732087e+00
5.682000e-01 1.762832e+00
5.688000e-01 1.799743e+00
5.694000e-01 1.842735e+00
5.700000e-01 1.891495e+00
5.706000e-01 1.945433e+00
5.712000e-01 2.003627e+00
5.718000e-01 2.064802e+00
5.724000e-01 2.127332e+00
5.730000e-01 2.189306e+00
5.736000e-01 2.248646e+00
5.742000e-01 2.303283e+00
5.748000e-01 2.351372e+00
5.754000e-01 2.391506e+00
5.760000e-01 2.422890e+00
5.766000e-01 2.445444e+00
5.772000e-01 2.459803e+00
5.778000e-01 2.467248e+00
5.784000e-01 2.469566e+00
5.790000e-01 2.468894e+00
5.796000e-01 2.467563e+00
5.802000e-01 2.467977e+00
5.808000e-01 2.472521e+00
5.814000e-01 2.483487e+00
5.820000e-01 2.503006e+00
5.826000e-01 2.532936e+00
5.832000e-01 2.574655e+00
5.838000e-01 2.628713e+00
5.844000e-01 2.694280e+00
5.850000e-01 2.768411e+00
5.856000e-01 2.845308e+00
5.862000e-01 2.916045e+00
5.868000e-01 2.969414e+00
5.874000e-01 2.994381e+00
5.880000e-01 2.983605e+00
5.886000e-01 2.936258e+00
5.892000e-01 2.858315e+00
5.898000e-01 2.760114e+00
5.904000e-01 2.652851e+00
5.910000e-01 2.545899e+00
5.916000e-01 2.445695e+00
5.922000e-01 2.355862e+00
5.928000e-01 2.277901e+00
5.934000e-01 2.211940e+00
5.940000e-01 2.157343e+00
5.946000e-01 2.113108e+00
5.952000e-01 2.078111e+00
5.958000e-01 2.051238e+00
5.964000e-01 2.031443e+00
5.970000e-01 2.017771e+00
5.976000e-01 2.009354e+00
5.982000e-01 2.005402e+00
5.988000e-01 2.005193e+00
5.994000e-01 2.008053e+00
6.000000e-01 2.013348e+00
6.006000e-01 2.020475e+00
6.012000e-01 2.028858e+00
6.018000e-01 2.037942e+00
6.024000e-01 2.047201e+00
6.030000e-01 2.056136e+00
6.036000e-01 2.064286e+00
6.042000e-01 2.071235e+00
6.048000e-01 2.076620e+00
6.054000e-01 2.080137e+00
6.060000e-01 2.081552e+00
6.066000e-01 2.080697e+00
6.072000e-01 2.077474e+00
6.078000e-01 2.071854e+00
6.084000e-01 2.063870e+00
6.090000e-01 2.053608e+00
6.096000e-01 2.041198e+00
6.102000e-01 2.026810e+00
6.108000e-01 2.010635e+00
6.114000e-01 1.992883e+00
6.120000e-01 1.973772e+00
6.126000e-01 1.953522e+00
6.132000e-01 1.932350e+00
6.138000e-01 1.910466e+00
6.144000e-01 1.888069e+00
6.150000e-01 1.865348e+00
6.156000e-01 1.842478e+00
6.162000e-01 1.819624e+00
6.168000e-01 1.796935e+00
6.174000e-01 1.774554e+00
6.180000e-01 1.752608e+00
6.186000e-01 1.731219e+00
6.192000e-01 1.710496e+00
6.198000e-01 1.690543e+00
6.204000e-01 1.671457e+00
6.210000e-01 1.653328e+00
6.216000e-01 1.636242e+00
6.222000e-01 1.620282e+00
6.228000e-01 1.605526e+00
6.234000e-01 1.592051e+00
6.240000e-01 1.579933e+00
6.246000e-01 1.569247e+00
6.252000e-01 1.560069e+00
6.258000e-01 1.552477e+00
6.264000e-01 1.546549e+00
6.270000e-01 1.542370e+00
6.276000e-01 1.540027e+00
6.282000e-01 1.539611e+00
6.288000e-01 1.541222e+00
6.294000e-01 1.544962e+00
6.300000e-01 1.550945e+00
6.306000e-01 1.559287e+00
6.312000e-01 1.570115e+00
6.318000e-01 1.583561e+00
6.324000e-01 1.599761e+00
6.330000e-01 1.618853e+00
6.336000e-01 1.640976e+00
6.342000e-01 1.666260e+00
6.348000e-01 1.694821e+00
6.354000e-01 1.726751e+00
6.360000e-01 1.762104e+00
6.366000e-01 1.800884e+00
6.372000e-01 1.843023e+00
6.378000e-01 1.888371e+00
6.384000e-01 1.936682e+00
6.390000e-01 1.987611e+00
6.396000e-01 2.040721e+00
6.402000e-01 2.095511e+00
6.408000e-01 2.151435e+00
6.414000e-01 2.207896e+00
6.420000e-01 2.264166e+00
6.426000e-01 2.319164e+00
6.432000e-01 2.371109e+00
6.438000e-01 2.417136e+00
6.444000e-01 2.453136e+00
6.450000e-01 2.474089e+00
6.456000e-01 2.475012e+00
6.462000e-01 2.452268e+00
6.468000e-01 2.404707e+00
6.474000e-01 2.334118e+00
6.480000e-01 2.244815e+00
6.486000e-01 2.142617e+00
6.492000e-01 2.033668e+00
6.498000e-01 1.923499e+00
6.504000e-01 1.816500e+00
6.510000e-01 1.715773e+00
6.516000e-01 1.623239e+00
6.522000e-01 1.539868e+00
6.528000e-01 1.465942e+00
6.534000e-01 1.401283e+00
6.540000e-01 1.345434e+00
6.546000e-01 1.297797e+00
6.552000e-01 1.257721e+00
6.558000e-01 1.224563e+00
6.564000e-01 1.197720e+00
6.570000e-01 1.176654e+00
6.576000e-01 1.160896e+00
6.582000e-01 1.150049e+00
6.588000e-01 1.143791e+00
6.594000e-01 1.141867e+00
6.600000e-01 1.144083e+00
6.606000e-01 1.150305e+00
6.612000e-01 1.160441e+00
6.618000e-01 1.174443e+00
6.624000e-01 1.192286e+00
6.630000e-01 1.213955e+00
6.636000e-01 1.239425e+00
6.642000e-01 1.268636e+00
6.648000e-01 1.301458e+00
6.654000e-01 1.337651e+00
6.660000e-01 1.376820e+00
6.666000e-01 1.418365e+00
6.672000e-01 1.461436e+00
6.678000e-01 1.504902e+00
6.684000e-01 1.547351e+00
6.690000e-01 1.587133e+00
6.696000e-01 1.622463e+00
6.702000e-01 1.651576e+00
6.708000e-01 1.672931e+00
6.714000e-01 1.685413e+00
6.720000e-01 1.688493e+00
6.726000e-01 1.682307e+00
6.732000e-01 1.667629e+00
6.738000e-01 1.645743e+00
6.744000e-01 1.618262e+00
6.750000e-01 1.586930e+00
6.756000e-01 1.553446e+00
6.762000e-01 1.519345e+00
6.768000e-01 1.485921e+00
6.774000e-01 1.454214e+00
6.780000e-01 1.425016e+00
6.786000e-01 1.398903e+00
6.792000e-01 1.376277e+00
6.798000e-01 1.357408e+00
6.804000e-01 1.342468e+00
6.810000e-01 1.331563e+00
6.816000e-01 1.324758e+00
6.822000e-01 1.322092e+00
6.828000e-01 1.323595e+00
6.834000e-01 1.329290e+00
6.840000e-01 1.339198e+00
6.846000e-01 1.353336e+00
6.852000e-01 1.371710e+00
6.858000e-01 1.394309e+00
6.864000e-01 1.421083e+00
6.870000e-01 1.451932e+00
6.876000e-01 1.486677e+00
6.882000e-01 1.525031e+00
6.888000e-01 1.566568e+00
6.894000e-01 1.610670e+00
6.900000e-01 1.656398e+00
6.906000e-01 1.705162e+00
6.912000e-01 1.753925e+00
6.918000e-01 1.801992e+00
6.924000e-01 1.848923e+00
6.930000e-01 1.893939e+00
6.936000e-01 1.936187e+00
6.942000e-01 1.974857e+00
6.948000e-01 2.009259e+00
6.954000e-01 2.038902e+00
6.960000e-01 2.063531e+00
6.966000e-01 2.083159e+00
6.972000e-01 2.098052e+00
6.978000e-01 2.108697e+00
6.984000e-01 2.115744e+00
6.990000e-01 2.119939e+00
6.996000e-01 2.122054e+00
7.002000e-01 2.122829e+00
7.008000e-01 2.122920e+00
7.014000e-01 2.122868e+00
7.020000e-01 2.123083e+00
7.026000e-01 2.123832e+00
7.032000e-01 2.125253e+00
7.038000e-01 2.127367e+00
7.044000e-01 2.130093e+00
7.050000e-01 2.133275e+00
7.056000e-01 2.136704e+00
7.062000e-01 2.140146e+00
7.068000e-01 2.143357e+00
7.074000e-01 2.146111e+00
7.080000e-01 2.148213e+00
7.086000e-01 2.149515e+00
7.092000e-01 2.149920e+00
7.098000e-01 2.149390e+00
7.104000e-01 2.147942e+00
7.110000e-01 2.145644e+00
7.116000e-01 2.142611e+00
7.122000e-01 2.138989e+00
7.128000e-01 2.134948e+00
7.134000e-01 2.130671e+00
7.140000e-01 2.126340e+00
7.146000e-01 2.122130e+00
7.152000e-01 2.118198e+00
7.158000e-01 2.114677e+00
7.164000e-01 2.111669e+00
7.170000e-01 2.109243e+00
7.176000e-01 2.107430e+00
7.182000e-01 2.106223e+00
7.188000e-01 2.105574e+00
7.194000e-01 2.105398e+00
7.200000e-01 2.105574e+00
7.206000e-01 2.105945e+00
7.212000e-01 2.106331e+00
7.218000e-01 2.106532e+00
7.224000e-01 2.106337e+00
7.230000e-01 2.105542e+00
7.236000e-01 2.103960e+00
7.242000e-01 2.101439e+00
7.248000e-01 2.097875e+00
7.254000e-01 2.093222e+00
7.260000e-01 2.087505e+00
7.266000e-01 2.080811e+00
7.272000e-01 2.073291e+00
7.278000e-01 2.065136e+00
7.284000e-01 2.056562e+00
7.290000e-01 2.047781e+00
7.296000e-01 2.038978e+00
7.302000e-01 2.030291e+00
7.308000e-01 2.021797e+00
7.314000e-01 2.013505e+00
7.320000e-01 2.005360e+00
7.326000e-01 1.997253e+00
7.332000e-01 1.989032e+00
7.338000e-01 1.980527e+00
7.344000e-01 1.971559e+00
7.350000e-01 1.961966e+00
7.356000e-01 1.951613e+00
7.362000e-01 1.940402e+00
7.368000e-01 1.928280e+00
7.374000e-01 1.915244e+00
7.380000e-01 1.901334e+00
7.386000e-01 1.886631e+00
7.392000e-01 1.871251e+00
7.398000e-01 1.855331e+00
7.404000e-01 1.839025e+00
7.410000e-01 1.822489e+00
7.416000e-01 1.805871e+00
7.422000e-01 1.789308e+00
7.428000e-01 1.772911e+00
7.434000e-01 1.756765e+00
7.440000e-01 1.740928e+00
7.446000e-01 1.725420e+00
7.452000e-01 1.710235e+00
7.458000e-01 1.695335e+00
7.464000e-01 1.680656e+00
7.470000e-01 1.666114e+00
7.476000e-01 1.651608e+00
7.482000e-01 1.637028e+00
7.488000e-01 1.622258e+00
7.494000e-01 1.607186e+00
7.500000e-01 1.591710e+00
7.506000e-01 1.575736e+00
7.512000e-01 1.559192e+00
7.518000e-01 1.542025e+00
7.524000e-01 1.524204e+00
7.530000e-01 1.505723e+00
7.536000e-01 1.486599e+00
7.542000e-01 1.466872e+00
7.548000e-01 1.446602e+00
7.554000e-01 1.425868e+00
7.560000e-01 1.404763e+00
7.566000e-01 1.383393e+00
7.572000e-01 1.361871e+00
7.578000e-01 1.340315e+00
7.584000e-01 1.318848e+00
7.590000e-01 1.297590e+00
7.596000e-01 1.276659e+00
7.602000e-01 1.256171e+00
7.608000e-01 1.236235e+00
7.614000e-01 1.216955e+00
7.620000e-01 1.198429e+00
7.626000e-01 1.180749e+00
7.632000e-01 1.164002e+00
7.638000e-01 1.148272e+00
7.644000e-01 1.133638e+00
7.650000e-01 1.120179e+00
7.656000e-01 1.107974e+00
7.662000e-01 1.097105e+00
7.668000e-01 1.087659e+00
7.674000e-01 1.079732e+00
7.680000e-01 1.073434e+00
7.686000e-01 1.068889e+00
7.692000e-01 1.066249e+00
7.698000e-01 1.065692e+00
7.704000e-01 1.067440e+00
7.710000e-01 1.071765e+00
7.716000e-01 1.079009e+00
7.722000e-01 1.089601e+00
7.728000e-01 1.104083e+00
7.734000e-01 1.123141e+00
7.740000e-01 1.147644e+00
7.746000e-01 1.178686e+00
7.752000e-01 1.217625e+00
7.758000e-01 1.266107e+00
7.764000e-01 1.326042e+00
7.770000e-01 1.399477e+00
7.776000e-01 1.488270e+00
7.782000e-01 1.593469e+00
7.788000e-01 1.714335e+00
7.794000e-01 1.847162e+00
7.800000e-01 1.984509e+00
7.806000e-01 2.115763e+00
7.812000e-01 2.229663e+00
7.818000e-01 2.317956e+00
7.824000e-01 2.378039e+00
7.830000e-01 2.412942e+00
7.836000e-01 2.429081e+00
7.842000e-01 2.433542e+00
7.848000e-01 2.432249e+00
7.854000e-01 2.429264e+00
7.860000e-01 2.426848e+00
7.866000e-01 2.425843e+00
7.872000e-01 2.426092e+00
7.878000e-01 2.426805e+00
7.884000e-01 2.426844e+00
7.890000e-01 2.424939e+00
7.896000e-01 2.419867e+00
7.902000e-01 2.410587e+00
7.908000e-01 2.396350e+00
7.914000e-01 2.376770e+00
7.920000e-01 2.351854e+00
7.926000e-01 2.321992e+00
7.932000e-01 2.287902e+00
7.938000e-01 2.250555e+00
7.944000e-01 2.211073e+00
7.950000e-01 2.170636e+00
7.956000e-01 2.130388e+00
7.962000e-01 2.091379e+00
7.968000e-01 2.054510e+00
7.974000e-01 2.020518e+00
7.980000e-01 1.989966e+00
7.986000e-01 1.963252e+00
7.992000e-01 1.940627e+00
7.998000e-01 1.922212e+00
8.004000e-01 1.908025e+00
8.010000e-01 1.897995e+00
8.016000e-01 1.891987e+00
8.022000e-01 1.889812e+00
8.028000e-01 1.891243e+00
8.034000e-01 1.896026e+00
8.040000e-01 1.903885e+00
8.046000e-01 1.914532e+00
8.052000e-01 1.927675e+00
8.058000e-01 1.943015e+00
8.064000e-01 1.960262e+00
8.070000e-01 1.979131e+00
8.076000e-01 1.999351e+00
8.082000e-01 2.020671e+00
8.088000e-01 2.042863e+00
8.094000e-01 2.065729e+00
8.100000e-01 2.089108e+00
8.106000e-01 2.112879e+00
8.112000e-01 2.136966e+00
8.118000e-01 2.161340e+00
8.124000e-01 2.186024e+00
8.130000e-01 2.211084e+00
8.136000e-01 2.236634e+00
8.142000e-01 2.262816e+00
8.148000e-01 2.289797e+00
8.154000e-01 2.317739e+00
8.160000e-01 2.346785e+00
8.166000e-01 2.377022e+00
8.172000e-01 2.408456e+00
8.178000e-01 2.440981e+00
8.184000e-01 2.474352e+00
8.190000e-01 2.508173e+00
8.196000e-01 2.541903e+00
8.202000e-01 2.574872e+00
8.208000e-01 2.606332e+00
8.214000e-01 2.635510e+00
8.220000e-01 2.661679e+00
8.226000e-01 2.684226e+00
8.232000e-01 2.702704e+00
8.238000e-01 2.716864e+00
8.244000e-01 2.726663e+00
8.250000e-01 2.732252e+00
8.256000e-01 2.733944e+00
8.262000e-01 2.732168e+00
8.268000e-01 2.727434e+00
8.274000e-01 2.720284e+00
8.280000e-01 2.711266e+00
8.286000e-01 2.700904e+00
8.292000e-01 2.689684e+00
8.298000e-01 2.678046e+00
8.304000e-01 2.666376e+00
8.310000e-01 2.655014e+00
8.316000e-01 2.644252e+00
8.322000e-01 2.634340e+00
8.328000e-01 2.625498e+00
8.334000e-01 2.617915e+00
8.340000e-01 2.611766e+00
8.346000e-01 2.607211e+00
8.352000e-01 2.604407e+00
8.358000e-01 2.603520e+00
8.364000e-01 2.604729e+00
8.370000e-01 2.608240e+00
8.376000e-01 2.614303e+00
8.382000e-01 2.623225e+00
8.388000e-01 2.635393e+00
8.394000e-01 2.651308e+00
8.400000e-01 2.671621e+00
8.406000e-01 2.697182e+00
8.412000e-01 2.729110e+00
8.418000e-01 2.768860e+00
8.424000e-01 2.818292e+00
8.430000e-01 2.879657e+00
8.436000e-01 2.955353e+00
8.442000e-01 3.047029e+00
8.448000e-01 3.153242e+00
8.454000e-01 3.264593e+00
8.460000e-01 3.357170e+00
8.466000e-01 3.392676e+00
8.472000e-01 3.340156e+00
8.478000e-01 3.208877e+00
8.484000e-01 3.045249e+00
8.490000e-01 2.893553e+00
8.496000e-01 2.773587e+00
8.502000e-01 2.686381e+00
8.508000e-01 2.625705e+00
8.514000e-01 2.584516e+00
8.520000e-01 2.557078e+00
8.526000e-01 2.539200e+00
8.532000e-01 2.527942e+00
8.538000e-01 2.521254e+00
8.544000e-01 2.517700e+00
8.550000e-01 2.516255e+00
8.556000e-01 2.516171e+00
8.562000e-01 2.516892e+00
8.568000e-01 2.517987e+00
8.574000e-01 2.519116e+00
8.580000e-01 2.520005e+00
8.586000e-01 2.520425e+00
8.592000e-01 2.520181e+00
8.598000e-01 2.519108e+00
8.604000e-01 2.517064e+00
8.610000e-01 2.513926e+00
8.616000e-01 2.509590e+00
8.622000e-01 2.503971e+00
8.628000e-01 2.497001e+00
8.634000e-01 2.488629e+00
8.640000e-01 2.478822e+00
8.646000e-01 2.467565e+00
8.652000e-01 2.454858e+00
8.658000e-01 2.440720e+00
8.664000e-01 2.425181e+00
8.670000e-01 2.408292e+00
8.676000e-01 2.390111e+00
8.682000e-01 2.370713e+00
8.688000e-01 2.350179e+00
8.694000e-01 2.328601e+00
8.700000e-01 2.306077e+00
8.706000e-01 2.282710e+00
8.712000e-01 2.258605e+00
8.718000e-01 2.233872e+00
8.724000e-01 2.208618e+00
8.730000e-01 2.182949e+00
8.736000e-01 2.156972e+00
8.742000e-01 2.130787e+00
8.748000e-01 2.104492e+00
8.754000e-01 2.078180e+00
8.760000e-01 2.051940e+00
8.766000e-01 2.025853e+00
8.772000e-01 1.999997e+00
8.778000e-01 1.974442e+00
8.784000e-01 1.949256e+00
8.790000e-01 1.924497e+00
8.796000e-01 1.900220e+00
8.802000e-01 1.876476e+00
8.808000e-01 1.853310e+00
8.814000e-01 1.830760e+00
8.820000e-01 1.808864e+00
8.826000e-01 1.787654e+00
8.832000e-01 1.767158e+00
8.838000e-01 1.747403e+00
8.844000e-01 1.728411e+00
8.850000e-01 1.710202e+00
8.856000e-01 1.692795e+00
8.862000e-01 1.676206e+00
8.868000e-01 1.660450e+00
8.874000e-01 1.645541e+00
8.880000e-01 1.631493e+00
8.886000e-01 1.618316e+00
8.892000e-01 1.606024e+00
8.898000e-01 1.594627e+00
8.904000e-01 1.584138e+00
8.910000e-01 1.574569e+00
8.916000e-01 1.565933e+00
8.922000e-01 1.558242e+00
8.928000e-01 1.551511e+00
8.934000e-01 1.545755e+00
8.940000e-01 1.540990e+00
8.946000e-01 1.537234e+00
8.952000e-01 1.534505e+00
8.958000e-01 1.532823e+00
8.964000e-01 1.532210e+00
8.970000e-01 1.532690e+00
8.976000e-01 1.534286e+00
8.982000e-01 1.537025e+00
8.988000e-01 1.540934e+00
8.994000e-01 1.546042e+00
9.000000e-01 1.552379e+00
9.006000e-01 1.559976e+00
9.012000e-01 1.568863e+00
9.018000e-01 1.579072e+00
9.024000e-01 1.590634e+00
9.030000e-01 1.603580e+00
9.036000e-01 1.617938e+00
9.042000e-01 1.633736e+00
9.048000e-01 1.650995e+00
9.054000e-01 1.669735e+00
9.060000e-01 1.689969e+00
9.066000e-01 1.711705e+00
9.072000e-01 1.734939e+00
9.078000e-01 1.759661e+00
9.084000e-01 1.785847e+00
9.090000e-01 1.813460e+00
9.096000e-01 1.842450e+00
9.102000e-01 1.872749e+00
9.108000e-01 1.904270e+00
9.114000e-01 1.936911e+00
9.120000e-01 1.970548e+00
9.126000e-01 2.005040e+00
9.132000e-01 2.040229e+00
9.138000e-01 2.075941e+00
9.144000e-01 2.111992e+00
9.150000e-01 2.148195e+00
9.156000e-01 2.184363e+00
9.162000e-01 2.220320e+00
9.168000e-01 2.255907e+00
9.174000e-01 2.290991e+00
9.180000e-01 2.325429e+00
9.186000e-01 2.358610e+00
9.192000e-01 2.430299e+00
9.198000e-01 2.489370e+00
9.204000e-01 2.546023e+00
9.210000e-01 2.602374e+00
9.216000e-01 2.659179e+00
9.222000e-01 2.716820e+00
9.228000e-01 2.775502e+00
9.234000e-01 2.835302e+00
9.240000e-01 2.896163e+00
9.246000e-01 2.957870e+00
9.252000e-01 3.020021e+00
9.258000e-01 3.081996e+00
9.264000e-01 3.142937e+00
9.270000e-01 3.201741e+00
9.276000e-01 3.257092e+00
9.282000e-01 3.307521e+00
9.288000e-01 3.351513e+00
9.294000e-01 3.387644e+00
9.300000e-01 3.414739e+00
9.306000e-01 3.432019e+00
9.312000e-01 3.439217e+00
9.318000e-01 3.436618e+00
9.324000e-01 3.425039e+00
9.330000e-01 3.405724e+00
9.336000e-01 3.380202e+00
9.342000e-01 3.350121e+00
9.348000e-01 3.317084e+00
9.354000e-01 3.282520e+00
9.360000e-01 3.247584e+00
9.366000e-01 3.213096e+00
9.372000e-01 3.179507e+00
9.378000e-01 3.146892e+00
9.384000e-01 3.114961e+00
9.390000e-01 3.083086e+00
9.396000e-01 3.050355e+00
9.402000e-01 3.015646e+00
9.408000e-01 2.977741e+00
9.414000e-01 2.935467e+00
9.420000e-01 2.887857e+00
9.426000e-01 2.834323e+00
9.432000e-01 2.774786e+00
9.438000e-01 2.709756e+00
9.444000e-01 2.640315e+00
9.450000e-01 2.568008e+00
9.456000e-01 2.494674e+00
9.462000e-01 2.422232e+00
9.468000e-01 2.352488e+00
9.474000e-01 2.286980e+00
9.480000e-01 2.226900e+00
9.486000e-01 2.173064e+00
9.492000e-01 2.125934e+00
9.498000e-01 2.085676e+00
9.504000e-01 2.052221e+00
9.510000e-01 2.025336e+00
9.516000e-01 2.004676e+00
9.522000e-01 1.989836e+00
9.528000e-01 1.980384e+00
9.534000e-01 1.975885e+00
9.540000e-01 1.975921e+00
9.546000e-01 1.980093e+00
9.552000e-01 1.988032e+00
9.558000e-01 1.999393e+00
9.564000e-01 2.013853e+00
9.570000e-01 2.031109e+00
9.576000e-01 2.050867e+00
9.582000e-01 2.072838e+00
9.588000e-01 2.096729e+00
9.594000e-01 2.122235e+00
9.600000e-01 2.149030e+00
9.606000e-01 2.176759e+00
9.612000e-01 2.205035e+00
9.618000e-01 2.233428e+00
9.624000e-01 2.261470e+00
9.630000e-01 2.288649e+00
9.636000e-01 2.314414e+00
9.642000e-01 2.338189e+00
9.648000e-01 2.359381e+00
9.654000e-01 2.377401e+00
9.660000e-01 2.391688e+00
9.666000e-01 2.401736e+00
9.672000e-01 2.407123e+00
9.678000e-01 2.407534e+00
9.684000e-01 2.402793e+00
9.690000e-01 2.392873e+00
9.696000e-01 2.377909e+00
9.702000e-01 2.358194e+00
9.708000e-01 2.334165e+00
9.714000e-01 2.306386e+00
9.720000e-01 2.275516e+00
9.726000e-01 2.242277e+00
9.732000e-01 2.207420e+00
9.738000e-01 2.171693e+00
9.744000e-01 2.135815e+00
9.750000e-01 2.100452e+00
9.756000e-01 2.066201e+00
9.762000e-01 2.033585e+00
9.768000e-01 2.003043e+00
9.774000e-01 1.974937e+00
9.780000e-01 1.949549e+00
9.786000e-01 1.927094e+00
9.792000e-01 1.907721e+00
9.798000e-01 1.891525e+00
9.804000e-01 1.878550e+00
9.810000e-01 1.868801e+00
9.816000e-01 1.862245e+00
9.822000e-01 1.858818e+00
9.828000e-01 1.858426e+00
9.834000e-01 1.860953e+00
9.840000e-01 1.866257e+00
9.846000e-01 1.874174e+00
9.852000e-01 1.884518e+00
9.858000e-01 1.897082e+00
9.864000e-01 1.911637e+00
9.870000e-01 1.927933e+00
9.876000e-01 1.945700e+00
9.882000e-01 1.964649e+00
9.888000e-01 1.984476e+00
9.894000e-01 2.004863e+00
9.900000e-01 2.025482e+00
9.906000e-01 2.046005e+00
9.912000e-01 2.066107e+00
9.918000e-01 2.085475e+00
9.924000e-01 2.103817e+00
9.930000e-01 2.120870e+00
9.936000e-01 2.136410e+00
9.942000e-01 2.150257e+00
9.948000e-01 2.162284e+00
9.954000e-01 2.172421e+00
9.960000e-01 2.180661e+00
9.966000e-01 2.187053e+00
9.972000e-01 2.191710e+00
9.978000e-01 2.194799e+00
9.984000e-01 2.196535e+00
9.990000e-01 2.197180e+00
9.996000e-01 2.197028e+00
1.000200e+00 2.196398e+00
1.000800e+00 2.195625e+00
1.001400e+00 2.195051e+00
1.002000e+00 2.195012e+00
1.002600e+00 2.195828e+00
1.003200e+00 2.197791e+00
1.003800e+00 2.201152e+00
1.004400e+00 2.206109e+00
1.005000e+00 2.212786e+00
1.005600e+00 2.221220e+00
1.006200e+00 2.231340e+00
1.006800e+00 2.242951e+00
1.007400e+00 2.255721e+00
1.008000e+00 2.269180e+00
1.008600e+00 2.282733e+00
1.009200e+00 2.295696e+00
1.009800e+00 2.307351e+00
1.010400e+00 2.317028e+00
1.011000e+00 2.324192e+00
1.011600e+00 2.328528e+00
1.012200e+00 2.329997e+00
1.012800e+00 2.328854e+00
1.013400e+00 2.325616e+00
1.014000e+00 2.320997e+00
1.014600e+00 2.315819e+00
1.015200e+00 2.310924e+00
1.015800e+00 2.307095e+00
1.016400e+00 2.305009e+00
1.017000e+00 2.305211e+00
1.017600e+00 2.308110e+00
1.018200e+00 2.313989e+00
1.018800e+00 2.323028e+00
1.019400e+00 2.335329e+00
1.020000e+00 2.350937e+00
1.020600e+00 2.369869e+00
1.021200e+00 2.392128e+00
1.021800e+00 2.417724e+00
1.022400e+00 2.446678e+00
1.023000e+00 2.479016e+00
1.023600e+00 2.514737e+00
1.024200e+00 2.553722e+00
1.024800e+00 2.595570e+00
1.025400e+00 2.639273e+00
1.026000e+00 2.682728e+00
1.026600e+00 2.722185e+00
1.027200e+00 2.752098e+00
1.027800e+00 2.766356e+00
1.028400e+00 2.761434e+00
1.029000e+00 2.739694e+00
1.029600e+00 2.709179e+00
1.030200e+00 2.679325e+00
1.030800e+00 2.656729e+00
1.031400e+00 2.644082e+00
1.032000e+00 2.641378e+00
1.032600e+00 2.647449e+00
1.033200e+00 2.660930e+00
1.033800e+00 2.680667e+00
1.034400e+00 2.705820e+00
1.035000e+00 2.735828e+00
1.035600e+00 2.770339e+00
1.036200e+00 2.809136e+00
1.036800e+00 2.852075e+00
1.037400e+00 2.899025e+00
1.038000e+00 2.949832e+00
1.038600e+00 3.004269e+00
1.039200e+00 3.062016e+00
1.039800e+00 3.122620e+00
1.040400e+00 3.185485e+00
1.041000e+00 3.249853e+00
1.041600e+00 3.314792e+00
1.042200e+00 3.379200e+00
1.042800e+00 3.441812e+00
1.043400e+00 3.501206e+00
1.044000e+00 3.555840e+00
1.044600e+00 3.604086e+00
1.045200e+00 3.644298e+00
1.045800e+00 3.674899e+00
1.046400e+00 3.694501e+00
1.047000e+00 3.702031e+00
1.047600e+00 3.696856e+00
1.048200e+00 3.678875e+00
1.048800e+00 3.648550e+00
1.049400e+00 3.606869e+00
1.050000e+00 3.555246e+00
1.050600e+00 3.495380e+00
1.051200e+00 3.429092e+00
1.051800e+00 3.358192e+00
1.052400e+00 3.284361e+00
1.053000e+00 3.209088e+00
1.053600e+00 3.133634e+00
1.054200e+00 3.059027e+00
1.054800e+00 2.986087e+00
1.055400e+00 2.915443e+00
1.056000e+00 2.847574e+00
1.056600e+00 2.782835e+00
1.057200e+00 2.721485e+00
1.057800e+00 2.663715e+00
1.058400e+00 2.609663e+00
1.059000e+00 2.559429e+00
1.059600e+00 2.513089e+00
1.060200e+00 2.470695e+00
1.060800e+00 2.432286e+00
1.061400e+00 2.397883e+00
1.062000e+00 2.367489e+00
1.062600e+00 2.341080e+00
1.063200e+00 2.318602e+00
1.063800e+00 2.299953e+00
1.064400e+00 2.284970e+00
1.065000e+00 2.273410e+00
1.065600e+00 2.264930e+00
1.066200e+00 2.259059e+00
1.066800e+00 2.255177e+00
1.067400e+00 2.252498e+00
1.068000e+00 2.250058e+00
1.068600e+00 2.246723e+00
1.069200e+00 2.241213e+00
1.069800e+00 2.232162e+00
1.070400e+00 2.218201e+00
1.071000e+00 2.198071e+00
1.071600e+00 2.170748e+00
1.072200e+00 2.135562e+00
1.072800e+00 2.092287e+00
1.073400e+00 2.041187e+00
1.074000e+00 1.982990e+00
1.074600e+00 1.918818e+00
1.075200e+00 1.850066e+00
1.075800e+00 1.778261e+00
1.076400e+00 1.704933e+00
1.077000e+00 1.631504e+00
1.077600e+00 1.559214e+00
1.078200e+00 1.489082e+00
1.078800e+00 1.421897e+00
1.079400e+00 1.358231e+00
1.080000e+00 1.298467e+00
1.080600e+00 1.242833e+00
1.081200e+00 1.191433e+00
1.081800e+00 1.144280e+00
1.082400e+00 1.101327e+00
1.083000e+00 1.062484e+00
1.083600e+00 1.027639e+00
1.084200e+00 9.966738e-01
1.084800e+00 9.694711e-01
1.085400e+00 9.459250e-01
1.086000e+00 9.259463e-01
1.086600e+00 9.094669e-01
1.087200e+00 8.964433e-01
1.087800e+00 8.868596e-01
1.088400e+00 8.807297e-01
1.089000e+00 8.780993e-01
1.089600e+00 8.790480e-01
1.090200e+00 8.836911e-01
1.090800e+00 8.921812e-01
1.091400e+00 9.047093e-01
1.092000e+00 9.215057e-01
1.092600e+00 9.428390e-01
1.093200e+00 9.690145e-01
1.093800e+00 1.000368e+00
1.094400e+00 1.037259e+00
1.095000e+00 1.080053e+00
1.095600e+00 1.129100e+00
1.096200e+00 1.184702e+00
1.096800e+00 1.247067e+00
1.097400e+00 1.316247e+00
1.098000e+00 1.392060e+00
1.098600e+00 1.474002e+00
1.099200e+00 1.561149e+00
1.099800e+00 1.652068e+00
1.100400e+00 1.744756e+00
1.101000e+00 1.836642e+00
1.101600e+00 1.924674e+00
1.102200e+00 2.005516e+00
1.102800e+00 2.075848e+00
1.103400e+00 2.132737e+00
1.104000e+00 2.173997e+00
1.104600e+00 2.198470e+00
1.105200e+00 2.206151e+00
1.105800e+00 2.198127e+00
1.106400e+00 2.176366e+00
1.107000e+00 2.143406e+00
1.107600e+00 2.102033e+00
1.108200e+00 2.054997e+00
1.108800e+00 2.004814e+00
1.109400e+00 1.953640e+00
1.110000e+00 1.903234e+00
1.110600e+00 1.854965e+00
1.111200e+00 1.809852e+00
1.111800e+00 1.768622e+00
1.112400e+00 1.731772e+00
1.113000e+00 1.699622e+00
1.113600e+00 1.672365e+00
1.114200e+00 1.650109e+00
1.114800e+00 1.632906e+00
1.115400e+00 1.620781e+00
1.116000e+00 1.613746e+00
1.116600e+00 1.611820e+00
1.117200e+00 1.615034e+00
1.117800e+00 1.623441e+00
1.118400e+00 1.637123e+00
1.119000e+00 1.656191e+00
1.119600e+00 1.680788e+00
1.120200e+00 1.711093e+00
1.120800e+00 1.747313e+00
1.121400e+00 1.789685e+00
1.122000e+00 1.838467e+00
1.122600e+00 1.893930e+00
1.123200e+00 1.956345e+00
1.123800e+00 2.025957e+00
1.124400e+00 2.102964e+00
1.125000e+00 2.187475e+00
1.125600e+00 2.279459e+00
1.126200e+00 2.378688e+00
1.126800e+00 2.484656e+00
1.127400e+00 2.596494e+00
1.128000e+00 2.712883e+00
1.128600e+00 2.831971e+00
1.129200e+00 2.951319e+00
1.129800e+00 3.067899e+00
1.130400e+00 3.178164e+00
1.131000e+00 3.278226e+00
1.131600e+00 3.364117e+00
1.132200e+00 3.432138e+00
1.132800e+00 3.479221e+00
1.133400e+00 3.503253e+00
1.134000e+00 3.503277e+00
1.134600e+00 3.479542e+00
1.135200e+00 3.433399e+00
1.135800e+00 3.367070e+00
1.136400e+00 3.283360e+00
1.137000e+00 3.185363e+00
1.137600e+00 3.076206e+00
1.138200e+00 2.958856e+00
1.138800e+00 2.835994e+00
1.139400e+00 2.709954e+00
1.140000e+00 2.582703e+00
1.140600e+00 2.455862e+00
1.141200e+00 2.330747e+00
1.141800e+00 2.208420e+00
1.142400e+00 2.089739e+00
1.143000e+00 1.975408e+00
1.143600e+00 1.866009e+00
1.144200e+00 1.762037e+00
1.144800e+00 1.663903e+00
1.145400e+00 1.571946e+00
1.146000e+00 1.486422e+00
1.146600e+00 1.407501e+00
1.147200e+00 1.335259e+00
1.147800e+00 1.269677e+00
1.148400e+00 1.210639e+00
1.149000e+00 1.157950e+00
1.149600e+00 1.111342e+00
1.150200e+00 1.070500e+00
1.150800e+00 1.035076e+00
1.151400e+00 1.004713e+00
1.152000e+00 9.790562e-01
1.152600e+00 9.577743e-01
1.153200e+00 9.405659e-01
1.153800e+00 9.271699e-01
1.154400e+00 9.173702e-01
1.155000e+00 9.110007e-01
1.155600e+00 9.079467e-01
1.156200e+00 9.081471e-01
1.156800e+00 9.115958e-01
1.157400e+00 9.183426e-01
1.158000e+00 9.284953e-01
1.158600e+00 9.422213e-01
1.159200e+00 9.597506e-01
1.159800e+00 9.813777e-01
1.160400e+00 1.007464e+00
1.161000e+00 1.038439e+00
1.161600e+00 1.074797e+00
1.162200e+00 1.117092e+00
1.162800e+00 1.165922e+00
1.163400e+00 1.221898e+00
1.164000e+00 1.285601e+00
1.164600e+00 1.357502e+00
1.165200e+00 1.437860e+00
1.165800e+00 1.526568e+00
1.166400e+00 1.622974e+00
1.167000e+00 1.725678e+00
1.167600e+00 1.832377e+00
1.168200e+00 1.939843e+00
1.168800e+00 2.044403e+00
1.169400e+00 2.153372e+00
1.170000e+00 2.239285e+00
1.170600e+00 2.302957e+00
1.171200e+00 2.344036e+00
1.171800e+00 2.362844e+00
1.172400e+00 2.361529e+00
1.173000e+00 2.343728e+00
1.173600e+00 2.313861e+00
1.174200e+00 2.276419e+00
1.174800e+00 2.235439e+00
1.175400e+00 2.194219e+00
1.176000e+00 2.155251e+00
1.176600e+00 2.120282e+00
1.177200e+00 2.090443e+00
1.177800e+00 2.066388e+00
1.178400e+00 2.048432e+00
1.179000e+00 2.036647e+00
1.179600e+00 2.030948e+00
1.180200e+00 2.031145e+00
1.180800e+00 2.036986e+00
1.181400e+00 2.048173e+00
1.182000e+00 2.064386e+00
1.182600e+00 2.085287e+00
1.183200e+00 2.110528e+00
1.183800e+00 2.139759e+00
1.184400e+00 2.172637e+00
1.185000e+00 2.208830e+00
1.185600e+00 2.248035e+00
1.186200e+00 2.289990e+00
1.186800e+00 2.334483e+00
1.187400e+00 2.381368e+00
1.188000e+00 2.430570e+00
1.188600e+00 2.482089e+00
1.189200e+00 2.535992e+00
1.189800e+00 2.592403e+00
1.190400e+00 2.651488e+00
1.191000e+00 2.713431e+00
1.191600e+00 2.778403e+00
1.192200e+00 2.846544e+00
1.192800e+00 2.917926e+00
1.193400e+00 2.992525e+00
1.194000e+00 3.070200e+00
1.194600e+00 3.150663e+00
1.195200e+00 3.233463e+00
1.195800e+00 3.317968e+00
1.196400e+00 3.403365e+00
1.197000e+00 3.488661e+00
1.197600e+00 3.572709e+00
1.198200e+00 3.654238e+00
1.198800e+00 3.731910e+00
1.199400e+00 3.804385e+00
