0.000000e+00 1.600000e+01
5.000000e-02 1.591161e+01
1.000000e-01 1.567485e+01
1.500000e-01 1.534605e+01
2.000000e-01 1.496988e+01
2.500000e-01 1.456303e+01
3.000000e-01 1.411710e+01
3.500000e-01 1.361169e+01
4.000000e-01 1.303757e+01
4.500000e-01 1.241840e+01
5.000000e-01 1.180175e+01
5.500000e-01 1.122528e+01
6.000000e-01 1.070045e+01
6.500000e-01 1.022153e+01
7.000000e-01 9.778687e+00
7.500000e-01 9.364783e+00
8.000000e-01 8.977082e+00
8.500000e-01 8.616600e+00
9.000000e-01 8.286552e+00
9.500000e-01 7.990171e+00
1.000000e+00 7.727092e+00
1.050000e+00 7.487060e+00
1.100000e+00 7.242594e+00
1.150000e+00 6.952606e+00
1.200000e+00 6.593372e+00
1.250000e+00 6.193348e+00
1.300000e+00 5.817176e+00
1.350000e+00 5.521497e+00
1.400000e+00 5.342179e+00
1.450000e+00 5.305481e+00
1.500000e+00 5.421979e+00
1.550000e+00 5.615525e+00
1.600000e+00 5.634798e+00
1.650000e+00 5.325877e+00
1.700000e+00 4.922854e+00
1.750000e+00 4.624603e+00
1.800000e+00 4.416302e+00
1.850000e+00 4.260377e+00
1.900000e+00 4.138736e+00
1.950000e+00 3.922159e+00
2.000000e+00 3.691280e+00
2.050000e+00 3.647267e+00
2.100000e+00 3.519101e+00
2.150000e+00 2.784045e+00
2.200000e+00 2.075830e+00
2.250000e+00 1.702897e+00
2.300000e+00 1.770776e+00
2.350000e+00 2.500628e+00
2.400000e+00 1.484163e+00
2.450000e+00 1.340395e+00
2.500000e+00 1.539920e+00
2.550000e+00 1.904621e+00
2.600000e+00 2.367276e+00
2.650000e+00 3.050938e+00
2.700000e+00 3.199694e+00
2.750000e+00 2.169182e+00
2.800000e+00 1.764049e+00
2.850000e+00 1.070018e+00
2.900000e+00 1.140174e+00
2.950000e+00 1.383235e+00
3.000000e+00 2.024927e+00
3.050000e+00 1.442635e+00
3.100000e+00 1.565284e+00
3.150000e+00 2.230709e+00
3.200000e+00 2.058723e+00
3.250000e+00 1.099753e+00
3.300000e+00 1.883851e+00
3.350000e+00 1.287784e+00
3.400000e+00 1.060818e+00
3.450000e+00 1.216138e+00
3.500000e+00 5.496267e-01
3.550000e+00 2.394790e-01
3.600000e+00 2.769176e-01
3.650000e+00 4.161915e-01
3.700000e+00 1.001252e+00
3.750000e+00 1.085502e+00
3.800000e+00 4.427618e-01
3.850000e+00 1.248369e+00
3.900000e+00 8.838795e-01
3.950000e+00 5.134180e-01
4.000000e+00 1.438977e+00
4.050000e+00 8.716381e-01
4.100000e+00 3.813837e-01
4.150000e+00 5.795229e-01
4.200000e+00 3.022903e-01
4.250000e+00 3.542649e-01
4.300000e+00 1.667140e-01
4.350000e+00 1.246621e-01
4.400000e+00 2.369892e-01
4.450000e+00 3.468858e-01
4.500000e+00 4.282619e-01
4.550000e+00 4.881806e-01
4.600000e+00 1.657028e-01
4.650000e+00 8.885075e-02
4.700000e+00 1.726022e-01
4.750000e+00 1.057805e+00
4.800000e+00 4.831724e-01
4.850000e+00 6.992705e-02
4.900000e+00 1.098647e-01
4.950000e+00 1.342268e-01
