0.000000e+00 1.600000e+01
5.000000e-02 1.595011e+01
1.000000e-01 1.580779e+01
1.500000e-01 1.558738e+01
2.000000e-01 1.530520e+01
2.500000e-01 1.497698e+01
3.000000e-01 1.461620e+01
3.500000e-01 1.423325e+01
4.000000e-01 1.383556e+01
4.500000e-01 1.342806e+01
5.000000e-01 1.301381e+01
5.500000e-01 1.259455e+01
6.000000e-01 1.217089e+01
6.500000e-01 1.174243e+01
7.000000e-01 1.130806e+01
7.500000e-01 1.086692e+01
8.000000e-01 1.042001e+01
8.500000e-01 9.971284e+00
9.000000e-01 9.526894e+00
9.500000e-01 9.092914e+00
1.000000e+00 8.673410e+00
1.050000e+00 8.270566e+00
1.100000e+00 7.886388e+00
1.150000e+00 7.524355e+00
1.200000e+00 7.189923e+00
1.250000e+00 6.889891e+00
1.300000e+00 6.631375e+00
1.350000e+00 6.420977e+00
1.400000e+00 6.264205e+00
1.450000e+00 6.164515e+00
1.500000e+00 6.120467e+00
1.550000e+00 6.117882e+00
1.600000e+00 6.112911e+00
1.650000e+00 6.014562e+00
1.700000e+00 5.722872e+00
1.750000e+00 5.252721e+00
1.800000e+00 4.750759e+00
1.850000e+00 4.348480e+00
1.900000e+00 4.096281e+00
1.950000e+00 3.987387e+00
2.000000e+00 3.958487e+00
2.050000e+00 3.873002e+00
2.100000e+00 3.633490e+00
2.150000e+00 3.213600e+00
2.200000e+00 2.703728e+00
2.250000e+00 2.364647e+00
2.300000e+00 2.285597e+00
2.350000e+00 2.543037e+00
2.400000e+00 3.190058e+00
2.450000e+00 3.128587e+00
2.500000e+00 2.951858e+00
2.550000e+00 3.448640e+00
2.600000e+00 3.083620e+00
2.650000e+00 2.309847e+00
2.700000e+00 2.152709e+00
2.750000e+00 2.443544e+00
2.800000e+00 2.981468e+00
2.850000e+00 3.401751e+00
2.900000e+00 2.630426e+00
2.950000e+00 2.369566e+00
3.000000e+00 2.067206e+00
3.050000e+00 1.330369e+00
3.100000e+00 8.285543e-01
3.150000e+00 8.010035e-01
3.200000e+00 9.810648e-01
3.250000e+00 7.768049e-01
3.300000e+00 1.659519e+00
3.350000e+00 1.772857e+00
3.400000e+00 2.448265e-01
3.450000e+00 2.859511e-01
3.500000e+00 5.934097e-01
3.550000e+00 1.555112e+00
3.600000e+00 2.511303e+00
3.650000e+00 2.097472e+00
3.700000e+00 1.828231e+00
3.750000e+00 1.940765e+00
3.800000e+00 1.932276e+00
3.850000e+00 1.375967e+00
3.900000e+00 8.917958e-01
3.950000e+00 5.207181e-01
4.000000e+00 1.274113e+00
4.050000e+00 1.553730e+00
4.100000e+00 4.845017e-01
4.150000e+00 2.084432e-01
4.200000e+00 3.894833e-01
4.250000e+00 1.807809e+00
4.300000e+00 1.558434e-01
4.350000e+00 9.592052e-02
4.400000e+00 7.510049e-02
4.450000e+00 8.807376e-02
4.500000e+00 1.705903e-01
4.550000e+00 4.601510e-02
4.600000e+00 4.011729e-02
4.650000e+00 2.434338e-01
4.700000e+00 4.463532e-01
4.750000e+00 4.426957e-01
4.800000e+00 1.573382e+00
4.850000e+00 2.598894e-01
4.900000e+00 2.130232e-01
4.950000e+00 1.084164e-01
