0.000000e+00 1.600000e+01
5.000000e-02 1.594748e+01
1.000000e-01 1.579125e+01
1.500000e-01 1.553642e+01
2.000000e-01 1.519358e+01
2.500000e-01 1.477872e+01
3.000000e-01 1.431058e+01
3.500000e-01 1.380609e+01
4.000000e-01 1.327685e+01
4.500000e-01 1.272874e+01
5.000000e-01 1.216444e+01
5.500000e-01 1.158706e+01
6.000000e-01 1.100261e+01
6.500000e-01 1.042030e+01
7.000000e-01 9.850733e+00
7.500000e-01 9.303367e+00
8.000000e-01 8.784743e+00
8.500000e-01 8.298362e+00
9.000000e-01 7.846111e+00
9.500000e-01 7.430634e+00
1.000000e+00 7.058123e+00
1.050000e+00 6.740672e+00
1.100000e+00 6.495419e+00
1.150000e+00 6.333727e+00
1.200000e+00 6.238069e+00
1.250000e+00 6.156939e+00
1.300000e+00 6.051597e+00
1.350000e+00 5.933505e+00
1.400000e+00 5.837341e+00
1.450000e+00 5.780669e+00
1.500000e+00 5.747732e+00
1.550000e+00 5.700368e+00
1.600000e+00 5.612633e+00
1.650000e+00 5.487846e+00
1.700000e+00 5.328096e+00
1.750000e+00 5.117480e+00
1.800000e+00 4.841022e+00
1.850000e+00 4.507234e+00
1.900000e+00 4.204276e+00
1.950000e+00 4.012614e+00
2.000000e+00 3.893362e+00
2.050000e+00 3.749754e+00
2.100000e+00 3.497265e+00
2.150000e+00 3.075877e+00
2.200000e+00 2.478650e+00
2.250000e+00 1.888598e+00
2.300000e+00 1.515571e+00
2.350000e+00 1.385266e+00
2.400000e+00 1.489693e+00
2.450000e+00 1.796522e+00
2.500000e+00 1.826873e+00
2.550000e+00 1.719961e+00
2.600000e+00 1.796289e+00
2.650000e+00 1.478385e+00
2.700000e+00 1.144662e+00
2.750000e+00 1.136005e+00
2.800000e+00 1.114122e+00
2.850000e+00 8.189363e-01
2.900000e+00 7.107683e-01
2.950000e+00 1.078658e+00
3.000000e+00 1.849035e+00
3.050000e+00 1.232805e+00
3.100000e+00 1.359538e+00
3.150000e+00 9.600003e-01
3.200000e+00 1.449226e+00
3.250000e+00 7.682987e-01
3.300000e+00 8.646008e-01
3.350000e+00 1.752543e+00
3.400000e+00 1.028739e+00
3.450000e+00 1.500423e+00
3.500000e+00 1.778753e+00
3.550000e+00 8.638387e-01
3.600000e+00 4.024333e-01
3.650000e+00 3.544280e-01
3.700000e+00 8.855064e-01
3.750000e+00 1.050319e+00
3.800000e+00 1.196921e+00
3.850000e+00 2.468238e-01
3.900000e+00 2.220071e-01
3.950000e+00 8.419361e-02
4.000000e+00 7.266619e-02
4.050000e+00 3.367761e-01
4.100000e+00 1.421487e+00
4.150000e+00 9.830311e-01
4.200000e+00 1.068855e-01
4.250000e+00 3.154232e-02
4.300000e+00 1.975768e-02
4.350000e+00 1.101682e-01
4.400000e+00 3.708320e-01
4.450000e+00 2.867417e-01
4.500000e+00 1.694330e+00
4.550000e+00 1.775849e-01
4.600000e+00 2.405530e-01
4.650000e+00 8.412143e-02
4.700000e+00 1.008118e-01
4.750000e+00 3.941734e-03
4.800000e+00 4.570925e-03
4.850000e+00 1.551941e-02
4.900000e+00 3.760583e-01
4.950000e+00 9.425358e-03
