0.000000e+00 1.600000e+01
5.000000e-02 1.591955e+01
1.000000e-01 1.568451e+01
1.500000e-01 1.531759e+01
2.000000e-01 1.485084e+01
2.500000e-01 1.431665e+01
3.000000e-01 1.374326e+01
3.500000e-01 1.315394e+01
4.000000e-01 1.256748e+01
4.500000e-01 1.199827e+01
5.000000e-01 1.145601e+01
5.500000e-01 1.094576e+01
6.000000e-01 1.046850e+01
6.500000e-01 1.002216e+01
7.000000e-01 9.602752e+00
7.500000e-01 9.205255e+00
8.000000e-01 8.824361e+00
8.500000e-01 8.455013e+00
9.000000e-01 8.092905e+00
9.500000e-01 7.734974e+00
1.000000e+00 7.379855e+00
1.050000e+00 7.028173e+00
1.100000e+00 6.682534e+00
1.150000e+00 6.347112e+00
1.200000e+00 6.026886e+00
1.250000e+00 5.726716e+00
1.300000e+00 5.450528e+00
1.350000e+00 5.200841e+00
1.400000e+00 4.978731e+00
1.450000e+00 4.784207e+00
1.500000e+00 4.616833e+00
1.550000e+00 4.476390e+00
1.600000e+00 4.363367e+00
1.650000e+00 4.279127e+00
1.700000e+00 4.225611e+00
1.750000e+00 4.204228e+00
1.800000e+00 4.213053e+00
1.850000e+00 4.240300e+00
1.900000e+00 4.250337e+00
1.950000e+00 4.162392e+00
2.000000e+00 3.861737e+00
2.050000e+00 3.329976e+00
2.100000e+00 2.743982e+00
2.150000e+00 2.291979e+00
2.200000e+00 2.021754e+00
2.250000e+00 1.901139e+00
2.300000e+00 1.924225e+00
2.350000e+00 2.157062e+00
2.400000e+00 2.548730e+00
2.450000e+00 2.735094e+00
2.500000e+00 2.981001e+00
2.550000e+00 3.327755e+00
2.600000e+00 3.374730e+00
2.650000e+00 2.331554e+00
2.700000e+00 1.669171e+00
2.750000e+00 1.513383e+00
2.800000e+00 1.596372e+00
2.850000e+00 1.862045e+00
2.900000e+00 2.415090e+00
2.950000e+00 2.470380e+00
3.000000e+00 1.714634e+00
3.050000e+00 1.897312e+00
3.100000e+00 2.619889e+00
3.150000e+00 2.677691e+00
3.200000e+00 1.757461e+00
3.250000e+00 1.146274e+00
3.300000e+00 9.355747e-01
3.350000e+00 7.323195e-01
3.400000e+00 6.123568e-01
3.450000e+00 1.176786e+00
3.500000e+00 1.292199e+00
3.550000e+00 1.374125e+00
3.600000e+00 9.167017e-01
3.650000e+00 1.010556e+00
3.700000e+00 4.525398e-01
3.750000e+00 4.389572e-01
3.800000e+00 6.333969e-01
3.850000e+00 1.556011e+00
3.900000e+00 5.117055e-01
3.950000e+00 1.156837e-01
4.000000e+00 6.201698e-02
4.050000e+00 2.662270e-01
4.100000e+00 1.533615e-01
4.150000e+00 1.649090e-02
4.200000e+00 6.308883e-03
4.250000e+00 4.299572e-03
4.300000e+00 1.176583e-02
4.350000e+00 1.462164e+00
4.400000e+00 1.075264e-01
4.450000e+00 2.261970e-03
4.500000e+00 6.008266e-04
4.550000e+00 6.219529e-04
4.600000e+00 1.190350e-03
4.650000e+00 9.508376e-03
4.700000e+00 1.273504e-02
4.750000e+00 5.732140e-03
4.800000e+00 2.976391e-03
4.850000e+00 8.666419e-03
4.900000e+00 3.895546e-02
4.950000e+00 2.149276e-02
