0.000000e+00 1.600000e+01
5.000000e-02 1.593727e+01
1.000000e-01 1.575368e+01
1.500000e-01 1.546371e+01
2.000000e-01 1.508946e+01
2.500000e-01 1.465662e+01
3.000000e-01 1.419053e+01
3.500000e-01 1.371311e+01
4.000000e-01 1.324114e+01
4.500000e-01 1.278576e+01
5.000000e-01 1.235268e+01
5.500000e-01 1.194260e+01
6.000000e-01 1.155118e+01
6.500000e-01 1.116851e+01
7.000000e-01 1.077945e+01
7.500000e-01 1.036766e+01
8.000000e-01 9.926274e+00
8.500000e-01 9.468670e+00
9.000000e-01 9.023883e+00
9.500000e-01 8.616921e+00
1.000000e+00 8.256546e+00
1.050000e+00 7.939748e+00
1.100000e+00 7.661653e+00
1.150000e+00 7.421989e+00
1.200000e+00 7.227647e+00
1.250000e+00 7.092771e+00
1.300000e+00 7.034723e+00
1.350000e+00 7.054908e+00
1.400000e+00 7.079275e+00
1.450000e+00 6.914795e+00
1.500000e+00 6.546469e+00
1.550000e+00 6.305076e+00
1.600000e+00 6.209514e+00
1.650000e+00 5.977293e+00
1.700000e+00 5.529961e+00
1.750000e+00 4.910392e+00
1.800000e+00 4.147280e+00
1.850000e+00 3.440333e+00
1.900000e+00 2.949400e+00
1.950000e+00 2.656155e+00
2.000000e+00 2.518234e+00
2.050000e+00 2.512331e+00
2.100000e+00 2.614199e+00
2.150000e+00 2.781086e+00
2.200000e+00 2.960339e+00
2.250000e+00 3.083447e+00
2.300000e+00 2.984697e+00
2.350000e+00 2.710608e+00
2.400000e+00 2.461519e+00
2.450000e+00 2.244924e+00
2.500000e+00 2.267467e+00
2.550000e+00 2.403422e+00
2.600000e+00 2.276338e+00
2.650000e+00 2.034568e+00
2.700000e+00 1.819632e+00
2.750000e+00 1.076101e+00
2.800000e+00 9.564467e-01
2.850000e+00 2.288439e+00
2.900000e+00 1.526408e+00
2.950000e+00 1.355969e+00
3.000000e+00 1.872641e+00
3.050000e+00 2.504624e+00
3.100000e+00 1.704120e+00
3.150000e+00 1.340810e+00
3.200000e+00 1.081932e+00
3.250000e+00 1.497948e+00
3.300000e+00 2.080892e+00
3.350000e+00 1.568455e+00
3.400000e+00 1.064242e+00
3.450000e+00 1.527399e+00
3.500000e+00 2.078164e+00
3.550000e+00 1.109146e+00
3.600000e+00 9.825957e-01
3.650000e+00 1.489460e+00
3.700000e+00 1.370576e+00
3.750000e+00 7.971557e-01
3.800000e+00 1.005405e+00
3.850000e+00 1.386024e+00
3.900000e+00 3.234561e-01
3.950000e+00 1.614809e+00
4.000000e+00 1.005059e-01
4.050000e+00 6.434856e-02
4.100000e+00 2.618475e-01
4.150000e+00 1.484558e+00
4.200000e+00 3.557470e-01
4.250000e+00 2.469808e-01
4.300000e+00 6.420473e-02
4.350000e+00 2.295801e-02
4.400000e+00 7.627176e-02
4.450000e+00 3.623392e-02
4.500000e+00 5.037839e-03
4.550000e+00 2.815462e-03
4.600000e+00 1.008846e-02
4.650000e+00 2.558709e-01
4.700000e+00 2.893841e-01
4.750000e+00 1.300325e-01
4.800000e+00 1.829424e-01
4.850000e+00 7.431787e-03
4.900000e+00 2.764703e-02
4.950000e+00 5.416370e-01
