-5.000000e-02 5.979329e+00
-4.990000e-02 6.019351e+00
-4.980000e-02 6.060865e+00
-4.970000e-02 6.103730e+00
-4.960000e-02 6.147779e+00
-4.950000e-02 6.192810e+00
-4.940000e-02 6.238584e+00
-4.930000e-02 6.284824e+00
-4.920000e-02 6.331209e+00
-4.910000e-02 6.377378e+00
-4.900000e-02 6.422924e+00
-4.890000e-02 6.467401e+00
-4.880000e-02 6.510326e+00
-4.870000e-02 6.551183e+00
-4.860000e-02 6.589438e+00
-4.850000e-02 6.624545e+00
-4.840000e-02 6.655964e+00
-4.830000e-02 6.683177e+00
-4.820000e-02 6.705702e+00
-4.810000e-02 6.723114e+00
-4.800000e-02 6.735061e+00
-4.790000e-02 6.741275e+00
-4.780000e-02 6.741587e+00
-4.770000e-02 6.735928e+00
-4.760000e-02 6.724336e+00
-4.750000e-02 6.706948e+00
-4.740000e-02 6.683995e+00
-4.730000e-02 6.655790e+00
-4.720000e-02 6.622714e+00
-4.710000e-02 6.585196e+00
-4.700000e-02 6.543703e+00
-4.690000e-02 6.498721e+00
-4.680000e-02 6.450741e+00
-4.670000e-02 6.400246e+00
-4.660000e-02 6.347702e+00
-4.650000e-02 6.293549e+00
-4.640000e-02 6.238198e+00
-4.630000e-02 6.182025e+00
-4.620000e-02 6.125371e+00
-4.610000e-02 6.068540e+00
-4.600000e-02 6.011803e+00
-4.590000e-02 5.955398e+00
-4.580000e-02 5.899529e+00
-4.570000e-02 5.844376e+00
-4.560000e-02 5.790090e+00
-4.550000e-02 5.736801e+00
-4.540000e-02 5.684618e+00
-4.530000e-02 5.633631e+00
-4.520000e-02 5.583916e+00
-4.510000e-02 5.535533e+00
-4.500000e-02 5.488534e+00
-4.490000e-02 5.442957e+00
-4.480000e-02 5.398834e+00
-4.470000e-02 5.356187e+00
-4.460000e-02 5.315035e+00
-4.450000e-02 5.275389e+00
-4.440000e-02 5.237258e+00
-4.430000e-02 5.200647e+00
-4.420000e-02 5.165556e+00
-4.410000e-02 5.131987e+00
-4.400000e-02 5.099938e+00
-4.390000e-02 5.069406e+00
-4.380000e-02 5.040391e+00
-4.370000e-02 5.012889e+00
-4.360000e-02 4.986901e+00
-4.350000e-02 4.962427e+00
-4.340000e-02 4.939470e+00
-4.330000e-02 4.918037e+00
-4.320000e-02 4.898137e+00
-4.310000e-02 4.879784e+00
-4.300000e-02 4.862995e+00
-4.290000e-02 4.847795e+00
-4.280000e-02 4.834214e+00
-4.270000e-02 4.822288e+00
-4.260000e-02 4.812061e+00
-4.250000e-02 4.803584e+00
-4.240000e-02 4.796915e+00
-4.230000e-02 4.792121e+00
-4.220000e-02 4.789274e+00
-4.210000e-02 4.788450e+00
-4.200000e-02 4.789732e+00
-4.190000e-02 4.793201e+00
-4.180000e-02 4.798938e+00
-4.170000e-02 4.807017e+00
-4.160000e-02 4.817501e+00
-4.150000e-02 4.830442e+00
-4.140000e-02 4.845869e+00
-4.130000e-02 4.863793e+00
-4.120000e-02 4.884195e+00
-4.110000e-02 4.907034e+00
-4.100000e-02 4.932242e+00
-4.090000e-02 4.959727e+00
-4.080000e-02 4.989381e+00
-4.070000e-02 5.021081e+00
-4.060000e-02 5.054701e+00
-4.050000e-02 5.090116e+00
-4.040000e-02 5.127208e+00
-4.030000e-02 5.165872e+00
-4.020000e-02 5.206014e+00
-4.010000e-02 5.247553e+00
-4.000000e-02 5.290415e+00
-3.990000e-02 5.334519e+00
-3.980000e-02 5.379770e+00
-3.970000e-02 5.426041e+00
-3.960000e-02 5.473155e+00
-3.950000e-02 5.520866e+00
-3.940000e-02 5.568838e+00
-3.930000e-02 5.616630e+00
-3.920000e-02 5.663685e+00
-3.910000e-02 5.709325e+00
-3.900000e-02 5.752757e+00
-3.890000e-02 5.793089e+00
-3.880000e-02 5.829369e+00
-3.870000e-02 5.860626e+00
-3.860000e-02 5.885932e+00
-3.850000e-02 5.904458e+00
-3.840000e-02 5.915544e+00
-3.830000e-02 5.918745e+00
-3.820000e-02 5.913872e+00
-3.810000e-02 5.901004e+00
-3.800000e-02 5.880485e+00
-3.790000e-02 5.852894e+00
-3.780000e-02 5.818999e+00
-3.770000e-02 5.779706e+00
-3.760000e-02 5.736000e+00
-3.750000e-02 5.688895e+00
-3.740000e-02 5.639382e+00
-3.730000e-02 5.588400e+00
-3.720000e-02 5.536806e+00
-3.710000e-02 5.485361e+00
-3.700000e-02 5.434725e+00
-3.690000e-02 5.385457e+00
-3.680000e-02 5.338019e+00
-3.670000e-02 5.292784e+00
-3.660000e-02 5.250048e+00
-3.650000e-02 5.210036e+00
-3.640000e-02 5.172918e+00
-3.630000e-02 5.138811e+00
-3.620000e-02 5.107794e+00
-3.610000e-02 5.079912e+00
-3.600000e-02 5.055182e+00
-3.590000e-02 5.033601e+00
-3.580000e-02 5.015147e+00
-3.570000e-02 4.999786e+00
-3.560000e-02 4.987471e+00
-3.550000e-02 4.978148e+00
-3.540000e-02 4.971753e+00
-3.530000e-02 4.968218e+00
-3.520000e-02 4.967471e+00
-3.510000e-02 4.969434e+00
-3.500000e-02 4.974024e+00
-3.490000e-02 4.981155e+00
-3.480000e-02 4.990739e+00
-3.470000e-02 5.002679e+00
-3.460000e-02 5.016879e+00
-3.450000e-02 5.033233e+00
-3.440000e-02 5.051635e+00
-3.430000e-02 5.071970e+00
-3.420000e-02 5.094118e+00
-3.410000e-02 5.117954e+00
-3.400000e-02 5.143345e+00
-3.390000e-02 5.170153e+00
-3.380000e-02 5.198233e+00
-3.370000e-02 5.227432e+00
-3.360000e-02 5.257592e+00
-3.350000e-02 5.288548e+00
-3.340000e-02 5.320131e+00
-3.330000e-02 5.352164e+00
-3.320000e-02 5.384470e+00
-3.310000e-02 5.416866e+00
-3.300000e-02 5.449168e+00
-3.290000e-02 5.481195e+00
-3.280000e-02 5.512764e+00
-3.270000e-02 5.543698e+00
-3.260000e-02 5.573825e+00
-3.250000e-02 5.602981e+00
-3.240000e-02 5.631011e+00
-3.230000e-02 5.657772e+00
-3.220000e-02 5.683135e+00
-3.210000e-02 5.706983e+00
-3.200000e-02 5.729219e+00
-3.190000e-02 5.749760e+00
-3.180000e-02 5.768541e+00
-3.170000e-02 5.785516e+00
-3.160000e-02 5.800655e+00
-3.150000e-02 5.813944e+00
-3.140000e-02 5.825388e+00
-3.130000e-02 5.835005e+00
-3.120000e-02 5.842824e+00
-3.110000e-02 5.848889e+00
-3.100000e-02 5.853250e+00
-3.090000e-02 5.855968e+00
-3.080000e-02 5.857105e+00
-3.070000e-02 5.856731e+00
-3.060000e-02 5.854915e+00
-3.050000e-02 5.851726e+00
-3.040000e-02 5.847233e+00
-3.030000e-02 5.841500e+00
-3.020000e-02 5.834590e+00
-3.010000e-02 5.826559e+00
-3.000000e-02 5.817458e+00
-2.990000e-02 5.807335e+00
-2.980000e-02 5.796229e+00
-2.970000e-02 5.784175e+00
-2.960000e-02 5.771202e+00
-2.950000e-02 5.757337e+00
-2.940000e-02 5.742598e+00
-2.930000e-02 5.727004e+00
-2.920000e-02 5.710568e+00
-2.910000e-02 5.693303e+00
-2.900000e-02 5.675220e+00
-2.890000e-02 5.656330e+00
-2.880000e-02 5.636646e+00
-2.870000e-02 5.616181e+00
-2.860000e-02 5.594952e+00
-2.850000e-02 5.572978e+00
-2.840000e-02 5.550283e+00
-2.830000e-02 5.526896e+00
-2.820000e-02 5.502850e+00
-2.810000e-02 5.478185e+00
-2.800000e-02 5.452945e+00
-2.790000e-02 5.427180e+00
-2.780000e-02 5.400950e+00
-2.770000e-02 5.374314e+00
-2.760000e-02 5.347343e+00
-2.750000e-02 5.320109e+00
-2.740000e-02 5.292690e+00
-2.730000e-02 5.265167e+00
-2.720000e-02 5.237627e+00
-2.710000e-02 5.210155e+00
-2.700000e-02 5.182842e+00
-2.690000e-02 5.155778e+00
-2.680000e-02 5.129051e+00
-2.670000e-02 5.102751e+00
-2.660000e-02 5.076964e+00
-2.650000e-02 5.051776e+00
-2.640000e-02 5.027267e+00
-2.630000e-02 5.003515e+00
-2.620000e-02 4.980592e+00
-2.610000e-02 4.958567e+00
-2.600000e-02 4.937503e+00
-2.590000e-02 4.917457e+00
-2.580000e-02 4.898483e+00
-2.570000e-02 4.880626e+00
-2.560000e-02 4.863927e+00
-2.550000e-02 4.848424e+00
-2.540000e-02 4.834147e+00
-2.530000e-02 4.821122e+00
-2.520000e-02 4.809371e+00
-2.510000e-02 4.798913e+00
-2.500000e-02 4.789760e+00
-2.490000e-02 4.781925e+00
-2.480000e-02 4.775415e+00
-2.470000e-02 4.770235e+00
-2.460000e-02 4.766391e+00
-2.450000e-02 4.763884e+00
-2.440000e-02 4.762715e+00
-2.430000e-02 4.762885e+00
-2.420000e-02 4.764395e+00
-2.410000e-02 4.767245e+00
-2.400000e-02 4.771435e+00
-2.390000e-02 4.776967e+00
-2.380000e-02 4.783843e+00
-2.370000e-02 4.792068e+00
-2.360000e-02 4.801646e+00
-2.350000e-02 4.812583e+00
-2.340000e-02 4.824889e+00
-2.330000e-02 4.838574e+00
-2.320000e-02 4.853649e+00
-2.310000e-02 4.870128e+00
-2.300000e-02 4.888026e+00
-2.290000e-02 4.907362e+00
-2.280000e-02 4.928151e+00
-2.270000e-02 4.950415e+00
-2.260000e-02 4.974171e+00
-2.250000e-02 4.999438e+00
-2.240000e-02 5.026233e+00
-2.230000e-02 5.054570e+00
-2.220000e-02 5.084461e+00
-2.210000e-02 5.115909e+00
-2.200000e-02 5.148911e+00
-2.190000e-02 5.183454e+00
-2.180000e-02 5.219511e+00
-2.170000e-02 5.257041e+00
-2.160000e-02 5.295980e+00
-2.150000e-02 5.336242e+00
-2.140000e-02 5.377712e+00
-2.130000e-02 5.420245e+00
-2.120000e-02 5.463656e+00
-2.110000e-02 5.507721e+00
-2.100000e-02 5.552171e+00
-2.090000e-02 5.596692e+00
-2.080000e-02 5.640922e+00
-2.070000e-02 5.684451e+00
-2.060000e-02 5.726832e+00
-2.050000e-02 5.767579e+00
-2.040000e-02 5.806183e+00
-2.030000e-02 5.842123e+00
-2.020000e-02 5.874887e+00
-2.010000e-02 5.903983e+00
-2.000000e-02 5.928967e+00
-1.990000e-02 5.949458e+00
-1.980000e-02 5.965159e+00
-1.970000e-02 5.975872e+00
-1.960000e-02 5.981504e+00
-1.950000e-02 5.982078e+00
-1.940000e-02 5.977724e+00
-1.930000e-02 5.968679e+00
-1.920000e-02 5.955266e+00
-1.910000e-02 5.937885e+00
-1.900000e-02 5.916987e+00
-1.890000e-02 5.893058e+00
-1.880000e-02 5.866601e+00
-1.870000e-02 5.838115e+00
-1.860000e-02 5.808082e+00
-1.850000e-02 5.776956e+00
-1.840000e-02 5.745153e+00
-1.830000e-02 5.713049e+00
-1.820000e-02 5.680974e+00
-1.810000e-02 5.649215e+00
-1.800000e-02 5.618012e+00
-1.790000e-02 5.587568e+00
-1.780000e-02 5.558046e+00
-1.770000e-02 5.529577e+00
-1.760000e-02 5.502263e+00
-1.750000e-02 5.476179e+00
-1.740000e-02 5.451380e+00
-1.730000e-02 5.427905e+00
-1.720000e-02 5.405776e+00
-1.710000e-02 5.385005e+00
-1.700000e-02 5.365595e+00
-1.690000e-02 5.347544e+00
-1.680000e-02 5.330844e+00
-1.670000e-02 5.315485e+00
-1.660000e-02 5.301455e+00
-1.650000e-02 5.288742e+00
-1.640000e-02 5.277336e+00
-1.630000e-02 5.267225e+00
-1.620000e-02 5.258402e+00
-1.610000e-02 5.250861e+00
-1.600000e-02 5.244599e+00
-1.590000e-02 5.239613e+00
-1.580000e-02 5.235905e+00
-1.570000e-02 5.233478e+00
-1.560000e-02 5.232334e+00
-1.550000e-02 5.232479e+00
-1.540000e-02 5.233918e+00
-1.530000e-02 5.236653e+00
-1.520000e-02 5.240685e+00
-1.510000e-02 5.246013e+00
-1.500000e-02 5.252628e+00
-1.490000e-02 5.260514e+00
-1.480000e-02 5.269639e+00
-1.470000e-02 5.279933e+00
-1.460000e-02 5.291111e+00
-1.450000e-02 5.307899e+00
-1.440000e-02 5.324462e+00
-1.430000e-02 5.341681e+00
-1.420000e-02 5.359737e+00
-1.410000e-02 5.378638e+00
-1.400000e-02 5.398338e+00
-1.390000e-02 5.418759e+00
-1.380000e-02 5.439807e+00
-1.370000e-02 5.461372e+00
-1.360000e-02 5.483335e+00
-1.350000e-02 5.505569e+00
-1.340000e-02 5.527940e+00
-1.330000e-02 5.550312e+00
-1.320000e-02 5.572549e+00
-1.310000e-02 5.594517e+00
-1.300000e-02 5.616086e+00
-1.290000e-02 5.637130e+00
-1.280000e-02 5.657535e+00
-1.270000e-02 5.677193e+00
-1.260000e-02 5.696010e+00
-1.250000e-02 5.713900e+00
-1.240000e-02 5.730792e+00
-1.230000e-02 5.746626e+00
-1.220000e-02 5.761350e+00
-1.210000e-02 5.774927e+00
-1.200000e-02 5.787326e+00
-1.190000e-02 5.798525e+00
-1.180000e-02 5.808509e+00
-1.170000e-02 5.817267e+00
-1.160000e-02 5.824793e+00
-1.150000e-02 5.831083e+00
-1.140000e-02 5.836136e+00
-1.130000e-02 5.839949e+00
-1.120000e-02 5.842521e+00
-1.110000e-02 5.843850e+00
-1.100000e-02 5.843933e+00
-1.090000e-02 5.842769e+00
-1.080000e-02 5.840353e+00
-1.070000e-02 5.836683e+00
-1.060000e-02 5.831759e+00
-1.050000e-02 5.825582e+00
-1.040000e-02 5.818157e+00
-1.030000e-02 5.809493e+00
-1.020000e-02 5.799606e+00
-1.010000e-02 5.788519e+00
-1.000000e-02 5.776264e+00
-9.900000e-03 5.762885e+00
-9.800000e-03 5.748432e+00
-9.700000e-03 5.732973e+00
-9.600000e-03 5.716585e+00
-9.500000e-03 5.699360e+00
-9.400000e-03 5.681402e+00
-9.300000e-03 5.662829e+00
-9.200000e-03 5.643772e+00
-9.100000e-03 5.624371e+00
-9.000000e-03 5.604779e+00
-8.900000e-03 5.585157e+00
-8.800000e-03 5.565672e+00
-8.700000e-03 5.546496e+00
-8.600000e-03 5.527804e+00
-8.500000e-03 5.509772e+00
-8.400000e-03 5.492570e+00
-8.300000e-03 5.476366e+00
-8.200000e-03 5.461318e+00
-8.100000e-03 5.447574e+00
-8.000000e-03 5.435266e+00
-7.900000e-03 5.424509e+00
-7.800000e-03 5.415399e+00
-7.700000e-03 5.408003e+00
-7.600000e-03 5.402365e+00
-7.500000e-03 5.398492e+00
-7.400000e-03 5.396358e+00
-7.300000e-03 5.395896e+00
-7.200000e-03 5.396995e+00
-7.100000e-03 5.399499e+00
-7.000000e-03 5.403202e+00
-6.900000e-03 5.407849e+00
-6.800000e-03 5.413139e+00
-6.700000e-03 5.418722e+00
-6.600000e-03 5.424215e+00
-6.500000e-03 5.429203e+00
-6.400000e-03 5.433257e+00
-6.300000e-03 5.435952e+00
-6.200000e-03 5.436882e+00
-6.100000e-03 5.435686e+00
-6.000000e-03 5.432067e+00
-5.900000e-03 5.425815e+00
-5.800000e-03 5.416822e+00
-5.700000e-03 5.405095e+00
-5.600000e-03 5.390762e+00
-5.500000e-03 5.374070e+00
-5.400000e-03 5.355376e+00
-5.300000e-03 5.335133e+00
-5.200000e-03 5.313870e+00
-5.100000e-03 5.292168e+00
-5.000000e-03 5.270641e+00
-4.900000e-03 5.249907e+00
-4.800000e-03 5.230576e+00
-4.700000e-03 5.213224e+00
-4.600000e-03 5.198382e+00
-4.500000e-03 5.186524e+00
-4.400000e-03 5.178058e+00
-4.300000e-03 5.173314e+00
-4.200000e-03 5.172541e+00
-4.100000e-03 5.175897e+00
-4.000000e-03 5.183442e+00
-3.900000e-03 5.195134e+00
-3.800000e-03 5.210822e+00
-3.700000e-03 5.230243e+00
-3.600000e-03 5.253017e+00
-3.500000e-03 5.278660e+00
-3.400000e-03 5.306582e+00
-3.300000e-03 5.336109e+00
-3.200000e-03 5.366501e+00
-3.100000e-03 5.396979e+00
-3.000000e-03 5.426759e+00
-2.900000e-03 5.455078e+00
-2.800000e-03 5.481234e+00
-2.700000e-03 5.504610e+00
-2.600000e-03 5.524697e+00
-2.500000e-03 5.541111e+00
-2.400000e-03 5.553598e+00
-2.300000e-03 5.562032e+00
-2.200000e-03 5.566408e+00
-2.100000e-03 5.566827e+00
-2.000000e-03 5.563477e+00
-1.900000e-03 5.556612e+00
-1.800000e-03 5.546539e+00
-1.700000e-03 5.533591e+00
-1.600000e-03 5.518118e+00
-1.500000e-03 5.500471e+00
-1.400000e-03 5.480991e+00
-1.300000e-03 5.460005e+00
-1.200000e-03 5.437817e+00
-1.100000e-03 5.414705e+00
-1.000000e-03 5.390923e+00
-9.000000e-04 5.366698e+00
-8.000000e-04 5.342233e+00
-7.000000e-04 5.317703e+00
-6.000000e-04 5.293266e+00
-5.000000e-04 5.269054e+00
-4.000000e-04 5.245186e+00
-3.000000e-04 5.221760e+00
-2.000000e-04 5.198862e+00
-1.000000e-04 5.176566e+00
1.429412e-15 5.154934e+00
1.000000e-04 5.134018e+00
2.000000e-04 5.113863e+00
3.000000e-04 5.094506e+00
4.000000e-04 5.075977e+00
5.000000e-04 5.058304e+00
6.000000e-04 5.041508e+00
7.000000e-04 5.025605e+00
8.000000e-04 5.010612e+00
9.000000e-04 4.996538e+00
1.000000e-03 4.983392e+00
1.100000e-03 4.971182e+00
1.200000e-03 4.959910e+00
1.300000e-03 4.949580e+00
1.400000e-03 4.940191e+00
1.500000e-03 4.931742e+00
1.600000e-03 4.924230e+00
1.700000e-03 4.917651e+00
1.800000e-03 4.911996e+00
1.900000e-03 4.907258e+00
2.000000e-03 4.903426e+00
2.100000e-03 4.900486e+00
2.200000e-03 4.898425e+00
2.300000e-03 4.897225e+00
2.400000e-03 4.896867e+00
2.500000e-03 4.897327e+00
2.600000e-03 4.898582e+00
2.700000e-03 4.900602e+00
2.800000e-03 4.903357e+00
2.900000e-03 4.906812e+00
3.000000e-03 4.910930e+00
3.100000e-03 4.915670e+00
3.200000e-03 4.920987e+00
3.300000e-03 4.926833e+00
3.400000e-03 4.933155e+00
3.500000e-03 4.939899e+00
3.600000e-03 4.947006e+00
3.700000e-03 4.954414e+00
3.800000e-03 4.962058e+00
3.900000e-03 4.969870e+00
4.000000e-03 4.977780e+00
4.100000e-03 4.985715e+00
4.200000e-03 4.993602e+00
4.300000e-03 5.001366e+00
4.400000e-03 5.008932e+00
4.500000e-03 5.016224e+00
4.600000e-03 5.023170e+00
4.700000e-03 5.029697e+00
4.800000e-03 5.035736e+00
4.900000e-03 5.041220e+00
5.000000e-03 5.046086e+00
5.100000e-03 5.050279e+00
5.200000e-03 5.053745e+00
5.300000e-03 5.056440e+00
5.400000e-03 5.058324e+00
5.500000e-03 5.059365e+00
5.600000e-03 5.059542e+00
5.700000e-03 5.058836e+00
5.800000e-03 5.057242e+00
5.900000e-03 5.054761e+00
6.000000e-03 5.051403e+00
6.100000e-03 5.047185e+00
6.200000e-03 5.042134e+00
6.300000e-03 5.036284e+00
6.400000e-03 5.029678e+00
6.500000e-03 5.022363e+00
6.600000e-03 5.014397e+00
6.700000e-03 5.005839e+00
6.800000e-03 4.996758e+00
6.900000e-03 4.987224e+00
7.000000e-03 4.977313e+00
7.100000e-03 4.967105e+00
7.200000e-03 4.956681e+00
7.300000e-03 4.946124e+00
7.400000e-03 4.935521e+00
7.500000e-03 4.924956e+00
7.600000e-03 4.914518e+00
7.700000e-03 4.904292e+00
7.800000e-03 4.894364e+00
7.900000e-03 4.884819e+00
8.000000e-03 4.875740e+00
8.100000e-03 4.867210e+00
8.200000e-03 4.859309e+00
8.300000e-03 4.852113e+00
8.400000e-03 4.845700e+00
8.500000e-03 4.840141e+00
8.600000e-03 4.835509e+00
8.700000e-03 4.831870e+00
8.800000e-03 4.829291e+00
8.900000e-03 4.827835e+00
9.000000e-03 4.827560e+00
9.100000e-03 4.828525e+00
9.200000e-03 4.830785e+00
9.300000e-03 4.834391e+00
9.400000e-03 4.839392e+00
9.500000e-03 4.845835e+00
9.600000e-03 4.853763e+00
9.700000e-03 4.863216e+00
9.800000e-03 4.874233e+00
9.900000e-03 4.886848e+00
1.000000e-02 4.901091e+00
1.010000e-02 4.916991e+00
1.020000e-02 4.934571e+00
1.030000e-02 4.953850e+00
1.040000e-02 4.974844e+00
1.050000e-02 4.997563e+00
1.060000e-02 5.022011e+00
1.070000e-02 5.048188e+00
1.080000e-02 5.076084e+00
1.090000e-02 5.105684e+00
1.100000e-02 5.136963e+00
1.110000e-02 5.169887e+00
1.120000e-02 5.204410e+00
1.130000e-02 5.240476e+00
1.140000e-02 5.278014e+00
1.150000e-02 5.316941e+00
1.160000e-02 5.357154e+00
1.170000e-02 5.398537e+00
1.180000e-02 5.440953e+00
1.190000e-02 5.484248e+00
1.200000e-02 5.528247e+00
1.210000e-02 5.572756e+00
1.220000e-02 5.617561e+00
1.230000e-02 5.662431e+00
1.240000e-02 5.707119e+00
1.250000e-02 5.751363e+00
1.260000e-02 5.794895e+00
1.270000e-02 5.837440e+00
1.280000e-02 5.878726e+00
1.290000e-02 5.918490e+00
1.300000e-02 5.956485e+00
1.310000e-02 5.992488e+00
1.320000e-02 6.026308e+00
1.330000e-02 6.057795e+00
1.340000e-02 6.086845e+00
1.350000e-02 6.113404e+00
1.360000e-02 6.137478e+00
1.370000e-02 6.159127e+00
1.380000e-02 6.178470e+00
1.390000e-02 6.195680e+00
1.400000e-02 6.210975e+00
1.410000e-02 6.224617e+00
1.420000e-02 6.236892e+00
1.430000e-02 6.248103e+00
1.440000e-02 6.258545e+00
1.450000e-02 6.268458e+00
1.460000e-02 6.278126e+00
1.470000e-02 6.289765e+00
1.480000e-02 6.301447e+00
1.490000e-02 6.313510e+00
1.500000e-02 6.326088e+00
1.510000e-02 6.339237e+00
1.520000e-02 6.352949e+00
1.530000e-02 6.367156e+00
1.540000e-02 6.381741e+00
1.550000e-02 6.396543e+00
1.560000e-02 6.411368e+00
1.570000e-02 6.426009e+00
1.580000e-02 6.440249e+00
1.590000e-02 6.453882e+00
1.600000e-02 6.466720e+00
1.610000e-02 6.478602e+00
1.620000e-02 6.489402e+00
1.630000e-02 6.499030e+00
1.640000e-02 6.507435e+00
1.650000e-02 6.514600e+00
1.660000e-02 6.520544e+00
1.670000e-02 6.525308e+00
1.680000e-02 6.528960e+00
1.690000e-02 6.531581e+00
1.700000e-02 6.533264e+00
1.710000e-02 6.534105e+00
1.720000e-02 6.534204e+00
1.730000e-02 6.533656e+00
1.740000e-02 6.532553e+00
1.750000e-02 6.530980e+00
1.760000e-02 6.529014e+00
1.770000e-02 6.526722e+00
1.780000e-02 6.524166e+00
1.790000e-02 6.521398e+00
1.800000e-02 6.518464e+00
1.810000e-02 6.515402e+00
1.820000e-02 6.512247e+00
1.830000e-02 6.509028e+00
1.840000e-02 6.505771e+00
1.850000e-02 6.502499e+00
1.860000e-02 6.499236e+00
1.870000e-02 6.496001e+00
1.880000e-02 6.492816e+00
1.890000e-02 6.489703e+00
1.900000e-02 6.486684e+00
1.910000e-02 6.483783e+00
1.920000e-02 6.481024e+00
1.930000e-02 6.478435e+00
1.940000e-02 6.476046e+00
1.950000e-02 6.473887e+00
1.960000e-02 6.471992e+00
1.970000e-02 6.470397e+00
1.980000e-02 6.469140e+00
1.990000e-02 6.468262e+00
2.000000e-02 6.467805e+00
2.010000e-02 6.467814e+00
2.020000e-02 6.468335e+00
2.030000e-02 6.469417e+00
2.040000e-02 6.471107e+00
2.050000e-02 6.473456e+00
2.060000e-02 6.476512e+00
2.070000e-02 6.480323e+00
2.080000e-02 6.484935e+00
2.090000e-02 6.490388e+00
2.100000e-02 6.496720e+00
2.110000e-02 6.503958e+00
2.120000e-02 6.512122e+00
2.130000e-02 6.521219e+00
2.140000e-02 6.531241e+00
2.150000e-02 6.542162e+00
2.160000e-02 6.553936e+00
2.170000e-02 6.566493e+00
2.180000e-02 6.579736e+00
2.190000e-02 6.593536e+00
2.200000e-02 6.607736e+00
2.210000e-02 6.622141e+00
2.220000e-02 6.636525e+00
2.230000e-02 6.650623e+00
2.240000e-02 6.664144e+00
2.250000e-02 6.676764e+00
2.260000e-02 6.688138e+00
2.270000e-02 6.697909e+00
2.280000e-02 6.705714e+00
2.290000e-02 6.711197e+00
2.300000e-02 6.714026e+00
2.310000e-02 6.713902e+00
2.320000e-02 6.710574e+00
2.330000e-02 6.703855e+00
2.340000e-02 6.693623e+00
2.350000e-02 6.679840e+00
2.360000e-02 6.662542e+00
2.370000e-02 6.641848e+00
2.380000e-02 6.617950e+00
2.390000e-02 6.591101e+00
2.400000e-02 6.561610e+00
2.410000e-02 6.529823e+00
2.420000e-02 6.496110e+00
2.430000e-02 6.460853e+00
2.440000e-02 6.424428e+00
2.450000e-02 6.387202e+00
2.460000e-02 6.349515e+00
2.470000e-02 6.311682e+00
2.480000e-02 6.273982e+00
2.490000e-02 6.236663e+00
2.500000e-02 6.199934e+00
2.510000e-02 6.163973e+00
2.520000e-02 6.128923e+00
2.530000e-02 6.094899e+00
2.540000e-02 6.061988e+00
2.550000e-02 6.030253e+00
2.560000e-02 5.999736e+00
2.570000e-02 5.970460e+00
2.580000e-02 5.942434e+00
2.590000e-02 5.915651e+00
2.600000e-02 5.890092e+00
2.610000e-02 5.865732e+00
2.620000e-02 5.842533e+00
2.630000e-02 5.820454e+00
2.640000e-02 5.799447e+00
2.650000e-02 5.779461e+00
2.660000e-02 5.760441e+00
2.670000e-02 5.742330e+00
2.680000e-02 5.725073e+00
2.690000e-02 5.708612e+00
2.700000e-02 5.692891e+00
2.710000e-02 5.677859e+00
2.720000e-02 5.663464e+00
2.730000e-02 5.649661e+00
2.740000e-02 5.636409e+00
2.750000e-02 5.623670e+00
2.760000e-02 5.611415e+00
2.770000e-02 5.599619e+00
2.780000e-02 5.588264e+00
2.790000e-02 5.577341e+00
2.800000e-02 5.566844e+00
2.810000e-02 5.556777e+00
2.820000e-02 5.547148e+00
2.830000e-02 5.537973e+00
2.840000e-02 5.529271e+00
2.850000e-02 5.521069e+00
2.860000e-02 5.513397e+00
2.870000e-02 5.506286e+00
2.880000e-02 5.499774e+00
2.890000e-02 5.493897e+00
2.900000e-02 5.488693e+00
2.910000e-02 5.484201e+00
2.920000e-02 5.480456e+00
2.930000e-02 5.477493e+00
2.940000e-02 5.475344e+00
2.950000e-02 5.474037e+00
2.960000e-02 5.473597e+00
2.970000e-02 5.474042e+00
2.980000e-02 5.475385e+00
2.990000e-02 5.477635e+00
3.000000e-02 5.480793e+00
3.010000e-02 5.484854e+00
3.020000e-02 5.489804e+00
3.030000e-02 5.495627e+00
3.040000e-02 5.502294e+00
3.050000e-02 5.509772e+00
3.060000e-02 5.518021e+00
3.070000e-02 5.526991e+00
3.080000e-02 5.536628e+00
3.090000e-02 5.546869e+00
3.100000e-02 5.557643e+00
3.110000e-02 5.568874e+00
3.120000e-02 5.580477e+00
3.130000e-02 5.592364e+00
3.140000e-02 5.604437e+00
3.150000e-02 5.616593e+00
3.160000e-02 5.628726e+00
3.170000e-02 5.640723e+00
3.180000e-02 5.652468e+00
3.190000e-02 5.663840e+00
3.200000e-02 5.674717e+00
3.210000e-02 5.684978e+00
3.220000e-02 5.694497e+00
3.230000e-02 5.703155e+00
3.240000e-02 5.710831e+00
3.250000e-02 5.717413e+00
3.260000e-02 5.722792e+00
3.270000e-02 5.726869e+00
3.280000e-02 5.729555e+00
3.290000e-02 5.730772e+00
3.300000e-02 5.730456e+00
3.310000e-02 5.728558e+00
3.320000e-02 5.725043e+00
3.330000e-02 5.719896e+00
3.340000e-02 5.713119e+00
3.350000e-02 5.704731e+00
3.360000e-02 5.694770e+00
3.370000e-02 5.683293e+00
3.380000e-02 5.670372e+00
3.390000e-02 5.656096e+00
3.400000e-02 5.640568e+00
3.410000e-02 5.623905e+00
3.420000e-02 5.606233e+00
3.430000e-02 5.587689e+00
3.440000e-02 5.568415e+00
3.450000e-02 5.548558e+00
3.460000e-02 5.528269e+00
3.470000e-02 5.507698e+00
3.480000e-02 5.486994e+00
3.490000e-02 5.466304e+00
3.500000e-02 5.445769e+00
3.510000e-02 5.425527e+00
3.520000e-02 5.405705e+00
3.530000e-02 5.386428e+00
3.540000e-02 5.367807e+00
3.550000e-02 5.349950e+00
3.560000e-02 5.332952e+00
3.570000e-02 5.316901e+00
3.580000e-02 5.301877e+00
3.590000e-02 5.287949e+00
3.600000e-02 5.275179e+00
3.610000e-02 5.263622e+00
3.620000e-02 5.253323e+00
3.630000e-02 5.244321e+00
3.640000e-02 5.236648e+00
3.650000e-02 5.230330e+00
3.660000e-02 5.225386e+00
3.670000e-02 5.221829e+00
3.680000e-02 5.219670e+00
3.690000e-02 5.218910e+00
3.700000e-02 5.219551e+00
3.710000e-02 5.221587e+00
3.720000e-02 5.225011e+00
3.730000e-02 5.229812e+00
3.740000e-02 5.235974e+00
3.750000e-02 5.243480e+00
3.760000e-02 5.252311e+00
3.770000e-02 5.262445e+00
3.780000e-02 5.273857e+00
3.790000e-02 5.286522e+00
3.800000e-02 5.300412e+00
3.810000e-02 5.315499e+00
3.820000e-02 5.331752e+00
3.830000e-02 5.349140e+00
3.840000e-02 5.367633e+00
3.850000e-02 5.387197e+00
3.860000e-02 5.407800e+00
3.870000e-02 5.429410e+00
3.880000e-02 5.451992e+00
3.890000e-02 5.475514e+00
3.900000e-02 5.499944e+00
3.910000e-02 5.525250e+00
3.920000e-02 5.551398e+00
3.930000e-02 5.578358e+00
3.940000e-02 5.606098e+00
3.950000e-02 5.634588e+00
3.960000e-02 5.663797e+00
3.970000e-02 5.693695e+00
3.980000e-02 5.724250e+00
3.990000e-02 5.755433e+00
4.000000e-02 5.787213e+00
4.010000e-02 5.819556e+00
4.020000e-02 5.852429e+00
4.030000e-02 5.885798e+00
4.040000e-02 5.919623e+00
4.050000e-02 5.953866e+00
4.060000e-02 5.988482e+00
4.070000e-02 6.023424e+00
4.080000e-02 6.058642e+00
4.090000e-02 6.094079e+00
4.100000e-02 6.129678e+00
4.110000e-02 6.165372e+00
4.120000e-02 6.201095e+00
4.130000e-02 6.236773e+00
4.140000e-02 6.272333e+00
4.150000e-02 6.307695e+00
4.160000e-02 6.342781e+00
4.170000e-02 6.377513e+00
4.180000e-02 6.411813e+00
4.190000e-02 6.445609e+00
4.200000e-02 6.478832e+00
4.210000e-02 6.511422e+00
4.220000e-02 6.543330e+00
4.230000e-02 6.574514e+00
4.240000e-02 6.604951e+00
4.250000e-02 6.634626e+00
4.260000e-02 6.663544e+00
4.270000e-02 6.691722e+00
4.280000e-02 6.719195e+00
4.290000e-02 6.746009e+00
4.300000e-02 6.772227e+00
4.310000e-02 6.797920e+00
4.320000e-02 6.823169e+00
4.330000e-02 6.848060e+00
4.340000e-02 6.872681e+00
4.350000e-02 6.897123e+00
4.360000e-02 6.921467e+00
4.370000e-02 6.945789e+00
4.380000e-02 6.970153e+00
4.390000e-02 6.994607e+00
4.400000e-02 7.019182e+00
4.410000e-02 7.043888e+00
4.420000e-02 7.068710e+00
4.430000e-02 7.093610e+00
4.440000e-02 7.118524e+00
4.450000e-02 7.143363e+00
4.460000e-02 7.168012e+00
4.470000e-02 7.192336e+00
4.480000e-02 7.216179e+00
4.490000e-02 7.239374e+00
4.500000e-02 7.261742e+00
4.510000e-02 7.283107e+00
4.520000e-02 7.303295e+00
4.530000e-02 7.322148e+00
4.540000e-02 7.339529e+00
4.550000e-02 7.355329e+00
4.560000e-02 7.369472e+00
4.570000e-02 7.381920e+00
4.580000e-02 7.392675e+00
4.590000e-02 7.401776e+00
4.600000e-02 7.409300e+00
4.610000e-02 7.415355e+00
4.620000e-02 7.420076e+00
4.630000e-02 7.423616e+00
4.640000e-02 7.426139e+00
4.650000e-02 7.427811e+00
4.660000e-02 7.428796e+00
4.670000e-02 7.429246e+00
4.680000e-02 7.429296e+00
4.690000e-02 7.429059e+00
4.700000e-02 7.428626e+00
4.710000e-02 7.428059e+00
4.720000e-02 7.427393e+00
4.730000e-02 7.426634e+00
4.740000e-02 7.425762e+00
4.750000e-02 7.424731e+00
4.760000e-02 7.423472e+00
4.770000e-02 7.421895e+00
4.780000e-02 7.419893e+00
4.790000e-02 7.417349e+00
4.800000e-02 7.414134e+00
4.810000e-02 7.410117e+00
4.820000e-02 7.405166e+00
4.830000e-02 7.399158e+00
4.840000e-02 7.391975e+00
4.850000e-02 7.383518e+00
4.860000e-02 7.373701e+00
4.870000e-02 7.362460e+00
4.880000e-02 7.349755e+00
4.890000e-02 7.335566e+00
4.900000e-02 7.319898e+00
4.910000e-02 7.302775e+00
4.920000e-02 7.284244e+00
4.930000e-02 7.264367e+00
4.940000e-02 7.243217e+00
4.950000e-02 7.220879e+00
4.960000e-02 7.197441e+00
4.970000e-02 7.172992e+00
4.980000e-02 7.147620e+00
4.990000e-02 7.121405e+00
