-5.000000e-02 4.356287e+00
-4.990000e-02 4.356203e+00
-4.980000e-02 4.356989e+00
-4.970000e-02 4.358641e+00
-4.960000e-02 4.361149e+00
-4.950000e-02 4.364503e+00
-4.940000e-02 4.368686e+00
-4.930000e-02 4.373677e+00
-4.920000e-02 4.379453e+00
-4.910000e-02 4.385983e+00
-4.900000e-02 4.393232e+00
-4.890000e-02 4.401160e+00
-4.880000e-02 4.409720e+00
-4.870000e-02 4.418862e+00
-4.860000e-02 4.428528e+00
-4.850000e-02 4.438656e+00
-4.840000e-02 4.449179e+00
-4.830000e-02 4.460024e+00
-4.820000e-02 4.471116e+00
-4.810000e-02 4.482378e+00
-4.800000e-02 4.493729e+00
-4.790000e-02 4.505092e+00
-4.780000e-02 4.516388e+00
-4.770000e-02 4.527544e+00
-4.760000e-02 4.538495e+00
-4.750000e-02 4.549182e+00
-4.740000e-02 4.559558e+00
-4.730000e-02 4.569592e+00
-4.720000e-02 4.579269e+00
-4.710000e-02 4.588592e+00
-4.700000e-02 4.597588e+00
-4.690000e-02 4.606306e+00
-4.680000e-02 4.614823e+00
-4.670000e-02 4.623242e+00
-4.660000e-02 4.631693e+00
-4.650000e-02 4.640338e+00
-4.640000e-02 4.649364e+00
-4.630000e-02 4.658990e+00
-4.620000e-02 4.669458e+00
-4.610000e-02 4.681039e+00
-4.600000e-02 4.694023e+00
-4.590000e-02 4.708723e+00
-4.580000e-02 4.725463e+00
-4.570000e-02 4.744575e+00
-4.560000e-02 4.766389e+00
-4.550000e-02 4.791221e+00
-4.540000e-02 4.819352e+00
-4.530000e-02 4.851004e+00
-4.520000e-02 4.886311e+00
-4.510000e-02 4.925276e+00
-4.500000e-02 4.967721e+00
-4.490000e-02 5.013238e+00
-4.480000e-02 5.061130e+00
-4.470000e-02 5.110374e+00
-4.460000e-02 5.159612e+00
-4.450000e-02 5.207181e+00
-4.440000e-02 5.251221e+00
-4.430000e-02 5.289842e+00
-4.420000e-02 5.321349e+00
-4.410000e-02 5.344478e+00
-4.400000e-02 5.358593e+00
-4.390000e-02 5.363781e+00
-4.380000e-02 5.360827e+00
-4.370000e-02 5.351075e+00
-4.360000e-02 5.336213e+00
-4.350000e-02 5.318048e+00
-4.340000e-02 5.298309e+00
-4.330000e-02 5.278508e+00
-4.320000e-02 5.259874e+00
-4.310000e-02 5.243334e+00
-4.300000e-02 5.229529e+00
-4.290000e-02 5.218859e+00
-4.280000e-02 5.211529e+00
-4.270000e-02 5.207594e+00
-4.260000e-02 5.207002e+00
-4.250000e-02 5.209628e+00
-4.240000e-02 5.215297e+00
-4.230000e-02 5.223808e+00
-4.220000e-02 5.234947e+00
-4.210000e-02 5.248496e+00
-4.200000e-02 5.264241e+00
-4.190000e-02 5.281978e+00
-4.180000e-02 5.301514e+00
-4.170000e-02 5.322672e+00
-4.160000e-02 5.345285e+00
-4.150000e-02 5.369206e+00
-4.140000e-02 5.394297e+00
-4.130000e-02 5.420437e+00
-4.120000e-02 5.447514e+00
-4.110000e-02 5.475427e+00
-4.100000e-02 5.504085e+00
-4.090000e-02 5.533403e+00
-4.080000e-02 5.563302e+00
-4.070000e-02 5.593703e+00
-4.060000e-02 5.624534e+00
-4.050000e-02 5.655720e+00
-4.040000e-02 5.687185e+00
-4.030000e-02 5.718851e+00
-4.020000e-02 5.750636e+00
-4.010000e-02 5.782455e+00
-4.000000e-02 5.814218e+00
-3.990000e-02 5.845827e+00
-3.980000e-02 5.877181e+00
-3.970000e-02 5.908174e+00
-3.960000e-02 5.938692e+00
-3.950000e-02 5.968618e+00
-3.940000e-02 5.997829e+00
-3.930000e-02 6.026198e+00
-3.920000e-02 6.053596e+00
-3.910000e-02 6.079892e+00
-3.900000e-02 6.104951e+00
-3.890000e-02 6.128642e+00
-3.880000e-02 6.150832e+00
-3.870000e-02 6.171393e+00
-3.860000e-02 6.190201e+00
-3.850000e-02 6.207140e+00
-3.840000e-02 6.222099e+00
-3.830000e-02 6.234979e+00
-3.820000e-02 6.245693e+00
-3.810000e-02 6.254166e+00
-3.800000e-02 6.260339e+00
-3.790000e-02 6.264169e+00
-3.780000e-02 6.265631e+00
-3.770000e-02 6.264718e+00
-3.760000e-02 6.261444e+00
-3.750000e-02 6.255840e+00
-3.740000e-02 6.247961e+00
-3.730000e-02 6.237878e+00
-3.720000e-02 6.225684e+00
-3.710000e-02 6.211488e+00
-3.700000e-02 6.195417e+00
-3.690000e-02 6.177614e+00
-3.680000e-02 6.158235e+00
-3.670000e-02 6.137450e+00
-3.660000e-02 6.115437e+00
-3.650000e-02 6.092383e+00
-3.640000e-02 6.068482e+00
-3.630000e-02 6.043932e+00
-3.620000e-02 6.018932e+00
-3.610000e-02 5.993685e+00
-3.600000e-02 5.968389e+00
-3.590000e-02 5.943244e+00
-3.580000e-02 5.918443e+00
-3.570000e-02 5.894176e+00
-3.560000e-02 5.870626e+00
-3.550000e-02 5.847971e+00
-3.540000e-02 5.826379e+00
-3.530000e-02 5.806012e+00
-3.520000e-02 5.787022e+00
-3.510000e-02 5.769549e+00
-3.500000e-02 5.753725e+00
-3.490000e-02 5.739670e+00
-3.480000e-02 5.727489e+00
-3.470000e-02 5.717275e+00
-3.460000e-02 5.709105e+00
-3.450000e-02 5.703037e+00
-3.440000e-02 5.699112e+00
-3.430000e-02 5.697346e+00
-3.420000e-02 5.697734e+00
-3.410000e-02 5.700240e+00
-3.400000e-02 5.704798e+00
-3.390000e-02 5.711308e+00
-3.380000e-02 5.719631e+00
-3.370000e-02 5.729589e+00
-3.360000e-02 5.740959e+00
-3.350000e-02 5.753476e+00
-3.340000e-02 5.766829e+00
-3.330000e-02 5.780669e+00
-3.320000e-02 5.794611e+00
-3.310000e-02 5.808243e+00
-3.300000e-02 5.821139e+00
-3.290000e-02 5.832871e+00
-3.280000e-02 5.843023e+00
-3.270000e-02 5.851215e+00
-3.260000e-02 5.857110e+00
-3.250000e-02 5.860436e+00
-3.240000e-02 5.860994e+00
-3.230000e-02 5.858664e+00
-3.220000e-02 5.853410e+00
-3.210000e-02 5.845279e+00
-3.200000e-02 5.834389e+00
-3.190000e-02 5.820923e+00
-3.180000e-02 5.805115e+00
-3.170000e-02 5.787238e+00
-3.160000e-02 5.767590e+00
-3.150000e-02 5.746479e+00
-3.140000e-02 5.724216e+00
-3.130000e-02 5.701105e+00
-3.120000e-02 5.677432e+00
-3.110000e-02 5.653467e+00
-3.100000e-02 5.629457e+00
-3.090000e-02 5.605623e+00
-3.080000e-02 5.582163e+00
-3.070000e-02 5.559248e+00
-3.060000e-02 5.537028e+00
-3.050000e-02 5.515631e+00
-3.040000e-02 5.495162e+00
-3.030000e-02 5.475708e+00
-3.020000e-02 5.457342e+00
-3.010000e-02 5.440119e+00
-3.000000e-02 5.424080e+00
-2.990000e-02 5.409256e+00
-2.980000e-02 5.395668e+00
-2.970000e-02 5.383326e+00
-2.960000e-02 5.372233e+00
-2.950000e-02 5.362387e+00
-2.940000e-02 5.353780e+00
-2.930000e-02 5.346397e+00
-2.920000e-02 5.340222e+00
-2.910000e-02 5.335236e+00
-2.900000e-02 5.331416e+00
-2.890000e-02 5.328741e+00
-2.880000e-02 5.327184e+00
-2.870000e-02 5.326721e+00
-2.860000e-02 5.327327e+00
-2.850000e-02 5.328976e+00
-2.840000e-02 5.331644e+00
-2.830000e-02 5.335306e+00
-2.820000e-02 5.339938e+00
-2.810000e-02 5.345517e+00
-2.800000e-02 5.352020e+00
-2.790000e-02 5.359425e+00
-2.780000e-02 5.367711e+00
-2.770000e-02 5.376855e+00
-2.760000e-02 5.386837e+00
-2.750000e-02 5.397635e+00
-2.740000e-02 5.409227e+00
-2.730000e-02 5.421591e+00
-2.720000e-02 5.434702e+00
-2.710000e-02 5.448536e+00
-2.700000e-02 5.463066e+00
-2.690000e-02 5.478263e+00
-2.680000e-02 5.494095e+00
-2.670000e-02 5.510529e+00
-2.660000e-02 5.527528e+00
-2.650000e-02 5.545052e+00
-2.640000e-02 5.563057e+00
-2.630000e-02 5.581499e+00
-2.620000e-02 5.600326e+00
-2.610000e-02 5.619487e+00
-2.600000e-02 5.638927e+00
-2.590000e-02 5.658588e+00
-2.580000e-02 5.678410e+00
-2.570000e-02 5.698335e+00
-2.560000e-02 5.718302e+00
-2.550000e-02 5.738250e+00
-2.540000e-02 5.758122e+00
-2.530000e-02 5.777863e+00
-2.520000e-02 5.797422e+00
-2.510000e-02 5.816751e+00
-2.500000e-02 5.835811e+00
-2.490000e-02 5.854566e+00
-2.480000e-02 5.872991e+00
-2.470000e-02 5.891067e+00
-2.460000e-02 5.908782e+00
-2.450000e-02 5.926134e+00
-2.440000e-02 5.943127e+00
-2.430000e-02 5.959773e+00
-2.420000e-02 5.976087e+00
-2.410000e-02 5.992090e+00
-2.400000e-02 6.007805e+00
-2.390000e-02 6.023255e+00
-2.380000e-02 6.038459e+00
-2.370000e-02 6.053436e+00
-2.360000e-02 6.068195e+00
-2.350000e-02 6.082740e+00
-2.340000e-02 6.097061e+00
-2.330000e-02 6.111141e+00
-2.320000e-02 6.124950e+00
-2.310000e-02 6.138444e+00
-2.300000e-02 6.151568e+00
-2.290000e-02 6.164258e+00
-2.280000e-02 6.176438e+00
-2.270000e-02 6.188026e+00
-2.260000e-02 6.198934e+00
-2.250000e-02 6.209074e+00
-2.240000e-02 6.218358e+00
-2.230000e-02 6.226701e+00
-2.220000e-02 6.234027e+00
-2.210000e-02 6.240266e+00
-2.200000e-02 6.245361e+00
-2.190000e-02 6.249268e+00
-2.180000e-02 6.251951e+00
-2.170000e-02 6.253389e+00
-2.160000e-02 6.253569e+00
-2.150000e-02 6.252484e+00
-2.140000e-02 6.250133e+00
-2.130000e-02 6.246514e+00
-2.120000e-02 6.241621e+00
-2.110000e-02 6.235443e+00
-2.100000e-02 6.227953e+00
-2.090000e-02 6.219115e+00
-2.080000e-02 6.208874e+00
-2.070000e-02 6.197158e+00
-2.060000e-02 6.183876e+00
-2.050000e-02 6.168925e+00
-2.040000e-02 6.152185e+00
-2.030000e-02 6.133531e+00
-2.020000e-02 6.112832e+00
-2.010000e-02 6.089963e+00
-2.000000e-02 6.064806e+00
-1.990000e-02 6.037263e+00
-1.980000e-02 6.007257e+00
-1.970000e-02 5.974740e+00
-1.960000e-02 5.939701e+00
-1.950000e-02 5.902163e+00
-1.940000e-02 5.862194e+00
-1.930000e-02 5.819898e+00
-1.920000e-02 5.775425e+00
-1.910000e-02 5.728961e+00
-1.900000e-02 5.680731e+00
-1.890000e-02 5.630997e+00
-1.880000e-02 5.580048e+00
-1.870000e-02 5.528204e+00
-1.860000e-02 5.475810e+00
-1.850000e-02 5.423229e+00
-1.840000e-02 5.370842e+00
-1.830000e-02 5.319046e+00
-1.820000e-02 5.268244e+00
-1.810000e-02 5.218847e+00
-1.800000e-02 5.171268e+00
-1.790000e-02 5.125918e+00
-1.780000e-02 5.083200e+00
-1.770000e-02 5.043505e+00
-1.760000e-02 5.007207e+00
-1.750000e-02 4.974654e+00
-1.740000e-02 4.946161e+00
-1.730000e-02 4.922000e+00
-1.720000e-02 4.902391e+00
-1.710000e-02 4.887486e+00
-1.700000e-02 4.877359e+00
-1.690000e-02 4.871987e+00
-1.680000e-02 4.871234e+00
-1.670000e-02 4.874837e+00
-1.660000e-02 4.882392e+00
-1.650000e-02 4.893341e+00
-1.640000e-02 4.906975e+00
-1.630000e-02 4.922438e+00
-1.620000e-02 4.938755e+00
-1.610000e-02 4.954872e+00
-1.600000e-02 4.969707e+00
-1.590000e-02 4.982228e+00
-1.580000e-02 4.991529e+00
-1.570000e-02 4.996904e+00
-1.560000e-02 4.997911e+00
-1.550000e-02 4.994410e+00
-1.540000e-02 4.986572e+00
-1.530000e-02 4.974849e+00
-1.520000e-02 4.959924e+00
-1.510000e-02 4.942639e+00
-1.500000e-02 4.923911e+00
-1.490000e-02 4.904661e+00
-1.480000e-02 4.885756e+00
-1.470000e-02 4.867986e+00
-1.460000e-02 4.852278e+00
-1.450000e-02 4.838072e+00
-1.440000e-02 4.825124e+00
-1.430000e-02 4.814469e+00
-1.420000e-02 4.806166e+00
-1.410000e-02 4.800152e+00
-1.400000e-02 4.796280e+00
-1.390000e-02 4.794337e+00
-1.380000e-02 4.794064e+00
-1.370000e-02 4.795179e+00
-1.360000e-02 4.797386e+00
-1.350000e-02 4.800391e+00
-1.340000e-02 4.803911e+00
-1.330000e-02 4.807684e+00
-1.320000e-02 4.811472e+00
-1.310000e-02 4.815068e+00
-1.300000e-02 4.818295e+00
-1.290000e-02 4.821011e+00
-1.280000e-02 4.823105e+00
-1.270000e-02 4.824498e+00
-1.260000e-02 4.825137e+00
-1.250000e-02 4.824995e+00
-1.240000e-02 4.824065e+00
-1.230000e-02 4.822356e+00
-1.220000e-02 4.819891e+00
-1.210000e-02 4.816699e+00
-1.200000e-02 4.812814e+00
-1.190000e-02 4.808274e+00
-1.180000e-02 4.803114e+00
-1.170000e-02 4.797370e+00
-1.160000e-02 4.791078e+00
-1.150000e-02 4.784275e+00
-1.140000e-02 4.777002e+00
-1.130000e-02 4.769313e+00
-1.120000e-02 4.761275e+00
-1.110000e-02 4.752984e+00
-1.100000e-02 4.744564e+00
-1.090000e-02 4.736185e+00
-1.080000e-02 4.728062e+00
-1.070000e-02 4.720463e+00
-1.060000e-02 4.713705e+00
-1.050000e-02 4.708148e+00
-1.040000e-02 4.704175e+00
-1.030000e-02 4.702168e+00
-1.020000e-02 4.702478e+00
-1.010000e-02 4.705383e+00
-1.000000e-02 4.711057e+00
-9.900000e-03 4.719542e+00
-9.800000e-03 4.730732e+00
-9.700000e-03 4.744378e+00
-9.600000e-03 4.760106e+00
-9.500000e-03 4.777449e+00
-9.400000e-03 4.795888e+00
-9.300000e-03 4.814891e+00
-9.200000e-03 4.833957e+00
-9.100000e-03 4.852633e+00
-9.000000e-03 4.870545e+00
-8.900000e-03 4.887395e+00
-8.800000e-03 4.902972e+00
-8.700000e-03 4.917137e+00
-8.600000e-03 4.929820e+00
-8.500000e-03 4.941007e+00
-8.400000e-03 4.950728e+00
-8.300000e-03 4.959044e+00
-8.200000e-03 4.966041e+00
-8.100000e-03 4.971819e+00
-8.000000e-03 4.976483e+00
-7.900000e-03 4.980142e+00
-7.800000e-03 4.982901e+00
-7.700000e-03 4.984858e+00
-7.600000e-03 4.986103e+00
-7.500000e-03 4.986713e+00
-7.400000e-03 4.986754e+00
-7.300000e-03 4.986276e+00
-7.200000e-03 4.985317e+00
-7.100000e-03 4.983898e+00
-7.000000e-03 4.982026e+00
-6.900000e-03 4.979691e+00
-6.800000e-03 4.976870e+00
-6.700000e-03 4.973524e+00
-6.600000e-03 4.969598e+00
-6.500000e-03 4.965025e+00
-6.400000e-03 4.959727e+00
-6.300000e-03 4.953612e+00
-6.200000e-03 4.946583e+00
-6.100000e-03 4.938537e+00
-6.000000e-03 4.929372e+00
-5.900000e-03 4.918988e+00
-5.800000e-03 4.907298e+00
-5.700000e-03 4.894232e+00
-5.600000e-03 4.879747e+00
-5.500000e-03 4.863834e+00
-5.400000e-03 4.846525e+00
-5.300000e-03 4.827905e+00
-5.200000e-03 4.808114e+00
-5.100000e-03 4.787355e+00
-5.000000e-03 4.765891e+00
-4.900000e-03 4.744045e+00
-4.800000e-03 4.722193e+00
-4.700000e-03 4.700752e+00
-4.600000e-03 4.680168e+00
-4.500000e-03 4.660896e+00
-4.400000e-03 4.643386e+00
-4.300000e-03 4.628064e+00
-4.200000e-03 4.615315e+00
-4.100000e-03 4.605471e+00
-4.000000e-03 4.598803e+00
-3.900000e-03 4.595514e+00
-3.800000e-03 4.595738e+00
-3.700000e-03 4.599544e+00
-3.600000e-03 4.606934e+00
-3.500000e-03 4.617855e+00
-3.400000e-03 4.632203e+00
-3.300000e-03 4.649830e+00
-3.200000e-03 4.670549e+00
-3.100000e-03 4.694138e+00
-3.000000e-03 4.720348e+00
-2.900000e-03 4.748903e+00
-2.800000e-03 4.779504e+00
-2.700000e-03 4.811832e+00
-2.600000e-03 4.845548e+00
-2.500000e-03 4.880299e+00
-2.400000e-03 4.915721e+00
-2.300000e-03 4.951445e+00
-2.200000e-03 4.987105e+00
-2.100000e-03 5.022348e+00
-2.000000e-03 5.056849e+00
-1.900000e-03 5.090321e+00
-1.800000e-03 5.122533e+00
-1.700000e-03 5.153327e+00
-1.600000e-03 5.182627e+00
-1.500000e-03 5.210457e+00
-1.400000e-03 5.236944e+00
-1.300000e-03 5.262321e+00
-1.200000e-03 5.286922e+00
-1.100000e-03 5.311173e+00
-1.000000e-03 5.335569e+00
-9.000000e-04 5.360658e+00
-8.000000e-04 5.387012e+00
-7.000000e-04 5.415196e+00
-6.000000e-04 5.445743e+00
-5.000000e-04 5.479125e+00
-4.000000e-04 5.515725e+00
-3.000000e-04 5.555816e+00
-2.000000e-04 5.599540e+00
-1.000000e-04 5.646895e+00
1.429412e-15 5.697723e+00
1.000000e-04 5.751704e+00
2.000000e-04 5.808359e+00
3.000000e-04 5.867060e+00
4.000000e-04 5.927041e+00
5.000000e-04 5.987427e+00
6.000000e-04 6.047266e+00
7.000000e-04 6.105565e+00
8.000000e-04 6.161336e+00
9.000000e-04 6.213642e+00
1.000000e-03 6.261635e+00
1.100000e-03 6.304601e+00
1.200000e-03 6.341982e+00
1.300000e-03 6.373394e+00
1.400000e-03 6.398633e+00
1.500000e-03 6.417668e+00
1.600000e-03 6.430622e+00
1.700000e-03 6.437749e+00
1.800000e-03 6.439407e+00
1.900000e-03 6.436025e+00
2.000000e-03 6.428080e+00
2.100000e-03 6.416066e+00
2.200000e-03 6.400476e+00
2.300000e-03 6.381781e+00
2.400000e-03 6.360424e+00
2.500000e-03 6.336803e+00
2.600000e-03 6.311268e+00
2.700000e-03 6.284121e+00
2.800000e-03 6.255611e+00
2.900000e-03 6.225937e+00
3.000000e-03 6.195251e+00
3.100000e-03 6.163661e+00
3.200000e-03 6.131237e+00
3.300000e-03 6.098017e+00
3.400000e-03 6.064011e+00
3.500000e-03 6.029216e+00
3.600000e-03 5.993616e+00
3.700000e-03 5.957197e+00
3.800000e-03 5.919951e+00
3.900000e-03 5.881886e+00
4.000000e-03 5.843032e+00
4.100000e-03 5.803446e+00
4.200000e-03 5.763215e+00
4.300000e-03 5.722455e+00
4.400000e-03 5.681312e+00
4.500000e-03 5.639957e+00
4.600000e-03 5.598580e+00
4.700000e-03 5.557384e+00
4.800000e-03 5.516580e+00
4.900000e-03 5.476373e+00
5.000000e-03 5.436964e+00
5.100000e-03 5.398536e+00
5.200000e-03 5.361256e+00
5.300000e-03 5.325269e+00
5.400000e-03 5.290696e+00
5.500000e-03 5.257634e+00
5.600000e-03 5.226160e+00
5.700000e-03 5.196329e+00
5.800000e-03 5.168177e+00
5.900000e-03 5.141727e+00
6.000000e-03 5.116990e+00
6.100000e-03 5.093969e+00
6.200000e-03 5.072659e+00
6.300000e-03 5.053056e+00
6.400000e-03 5.035154e+00
6.500000e-03 5.018950e+00
6.600000e-03 5.004446e+00
6.700000e-03 4.991647e+00
6.800000e-03 4.980565e+00
6.900000e-03 4.971221e+00
7.000000e-03 4.963637e+00
7.100000e-03 4.957841e+00
7.200000e-03 4.953863e+00
7.300000e-03 4.951728e+00
7.400000e-03 4.951458e+00
7.500000e-03 4.953059e+00
7.600000e-03 4.956517e+00
7.700000e-03 4.961792e+00
7.800000e-03 4.968805e+00
7.900000e-03 4.977436e+00
8.000000e-03 4.987510e+00
8.100000e-03 4.998799e+00
8.200000e-03 5.011020e+00
8.300000e-03 5.023838e+00
8.400000e-03 5.036878e+00
8.500000e-03 5.049736e+00
8.600000e-03 5.062007e+00
8.700000e-03 5.073300e+00
8.800000e-03 5.083263e+00
8.900000e-03 5.091602e+00
9.000000e-03 5.098097e+00
9.100000e-03 5.102607e+00
9.200000e-03 5.105075e+00
9.300000e-03 5.105519e+00
9.400000e-03 5.104022e+00
9.500000e-03 5.100723e+00
9.600000e-03 5.095796e+00
9.700000e-03 5.089441e+00
9.800000e-03 5.081867e+00
9.900000e-03 5.073286e+00
1.000000e-02 5.063901e+00
1.010000e-02 5.053904e+00
1.020000e-02 5.043468e+00
1.030000e-02 5.032749e+00
1.040000e-02 5.021886e+00
1.050000e-02 5.010998e+00
1.060000e-02 5.000187e+00
1.070000e-02 4.989543e+00
1.080000e-02 4.979138e+00
1.090000e-02 4.969035e+00
1.100000e-02 4.959289e+00
1.110000e-02 4.949945e+00
1.120000e-02 4.941040e+00
1.130000e-02 4.932610e+00
1.140000e-02 4.924684e+00
1.150000e-02 4.917288e+00
1.160000e-02 4.910447e+00
1.170000e-02 4.904181e+00
1.180000e-02 4.898510e+00
1.190000e-02 4.893452e+00
1.200000e-02 4.889021e+00
1.210000e-02 4.885233e+00
1.220000e-02 4.882096e+00
1.230000e-02 4.879621e+00
1.240000e-02 4.877811e+00
1.250000e-02 4.876669e+00
1.260000e-02 4.876196e+00
1.270000e-02 4.876387e+00
1.280000e-02 4.877235e+00
1.290000e-02 4.878730e+00
1.300000e-02 4.880861e+00
1.310000e-02 4.883611e+00
1.320000e-02 4.886964e+00
1.330000e-02 4.890902e+00
1.340000e-02 4.895405e+00
1.350000e-02 4.900454e+00
1.360000e-02 4.906030e+00
1.370000e-02 4.912115e+00
1.380000e-02 4.918692e+00
1.390000e-02 4.925748e+00
1.400000e-02 4.933273e+00
1.410000e-02 4.941258e+00
1.420000e-02 4.949702e+00
1.430000e-02 4.958603e+00
1.440000e-02 4.967966e+00
1.450000e-02 4.977783e+00
1.460000e-02 4.988321e+00
1.470000e-02 4.999956e+00
1.480000e-02 5.011881e+00
1.490000e-02 5.024318e+00
1.500000e-02 5.037352e+00
1.510000e-02 5.051057e+00
1.520000e-02 5.065503e+00
1.530000e-02 5.080764e+00
1.540000e-02 5.096915e+00
1.550000e-02 5.114036e+00
1.560000e-02 5.132206e+00
1.570000e-02 5.151507e+00
1.580000e-02 5.172015e+00
1.590000e-02 5.193802e+00
1.600000e-02 5.216931e+00
1.610000e-02 5.241451e+00
1.620000e-02 5.267393e+00
1.630000e-02 5.294761e+00
1.640000e-02 5.323529e+00
1.650000e-02 5.353628e+00
1.660000e-02 5.384943e+00
1.670000e-02 5.417296e+00
1.680000e-02 5.450444e+00
1.690000e-02 5.484063e+00
1.700000e-02 5.517747e+00
1.710000e-02 5.550999e+00
1.720000e-02 5.583232e+00
1.730000e-02 5.613777e+00
1.740000e-02 5.641893e+00
1.750000e-02 5.666791e+00
1.760000e-02 5.687667e+00
1.770000e-02 5.703737e+00
1.780000e-02 5.714286e+00
1.790000e-02 5.718716e+00
1.800000e-02 5.716590e+00
1.810000e-02 5.707672e+00
1.820000e-02 5.691951e+00
1.830000e-02 5.669651e+00
1.840000e-02 5.641219e+00
1.850000e-02 5.607304e+00
1.860000e-02 5.568713e+00
1.870000e-02 5.526362e+00
1.880000e-02 5.481231e+00
1.890000e-02 5.434305e+00
1.900000e-02 5.386541e+00
1.910000e-02 5.338829e+00
1.920000e-02 5.291970e+00
1.930000e-02 5.246662e+00
1.940000e-02 5.203498e+00
1.950000e-02 5.162964e+00
1.960000e-02 5.125446e+00
1.970000e-02 5.091242e+00
1.980000e-02 5.060570e+00
1.990000e-02 5.033581e+00
2.000000e-02 5.010369e+00
2.010000e-02 4.990979e+00
2.020000e-02 4.975419e+00
2.030000e-02 4.963662e+00
2.040000e-02 4.955653e+00
2.050000e-02 4.951312e+00
2.060000e-02 4.950538e+00
2.070000e-02 4.953207e+00
2.080000e-02 4.959176e+00
2.090000e-02 4.968279e+00
2.100000e-02 4.980328e+00
2.110000e-02 4.995113e+00
2.120000e-02 5.012400e+00
2.130000e-02 5.031932e+00
2.140000e-02 5.053431e+00
2.150000e-02 5.076598e+00
2.160000e-02 5.101117e+00
2.170000e-02 5.126666e+00
2.180000e-02 5.152914e+00
2.190000e-02 5.179541e+00
2.200000e-02 5.206238e+00
2.210000e-02 5.232724e+00
2.220000e-02 5.258756e+00
2.230000e-02 5.284135e+00
2.240000e-02 5.308721e+00
2.250000e-02 5.332434e+00
2.260000e-02 5.355262e+00
2.270000e-02 5.377260e+00
2.280000e-02 5.398548e+00
2.290000e-02 5.419305e+00
2.300000e-02 5.439764e+00
2.310000e-02 5.460197e+00
2.320000e-02 5.480909e+00
2.330000e-02 5.502222e+00
2.340000e-02 5.524462e+00
2.350000e-02 5.547947e+00
2.360000e-02 5.572975e+00
2.370000e-02 5.599808e+00
2.380000e-02 5.628665e+00
2.390000e-02 5.659706e+00
2.400000e-02 5.693019e+00
2.410000e-02 5.728611e+00
2.420000e-02 5.766389e+00
2.430000e-02 5.806157e+00
2.440000e-02 5.847593e+00
2.450000e-02 5.890248e+00
2.460000e-02 5.933533e+00
2.470000e-02 5.976721e+00
2.480000e-02 6.018954e+00
2.490000e-02 6.059258e+00
2.500000e-02 6.096575e+00
2.510000e-02 6.129810e+00
2.520000e-02 6.157884e+00
2.530000e-02 6.179807e+00
2.540000e-02 6.194749e+00
2.550000e-02 6.202107e+00
2.560000e-02 6.201564e+00
2.570000e-02 6.193113e+00
2.580000e-02 6.177068e+00
2.590000e-02 6.154031e+00
2.600000e-02 6.124840e+00
2.610000e-02 6.090501e+00
2.620000e-02 6.052106e+00
2.630000e-02 6.010762e+00
2.640000e-02 5.967526e+00
2.650000e-02 5.923359e+00
2.660000e-02 5.879098e+00
2.670000e-02 5.835444e+00
2.680000e-02 5.792957e+00
2.690000e-02 5.752073e+00
2.700000e-02 5.713116e+00
2.710000e-02 5.676313e+00
2.720000e-02 5.641815e+00
2.730000e-02 5.609711e+00
2.740000e-02 5.580043e+00
2.750000e-02 5.552814e+00
2.760000e-02 5.528003e+00
2.770000e-02 5.505567e+00
2.780000e-02 5.485449e+00
2.790000e-02 5.467581e+00
2.800000e-02 5.451885e+00
2.810000e-02 5.438279e+00
2.820000e-02 5.426675e+00
2.830000e-02 5.416979e+00
2.840000e-02 5.409095e+00
2.850000e-02 5.402921e+00
2.860000e-02 5.398352e+00
2.870000e-02 5.395281e+00
2.880000e-02 5.393593e+00
2.890000e-02 5.393173e+00
2.900000e-02 5.393901e+00
2.910000e-02 5.395655e+00
2.920000e-02 5.398310e+00
2.930000e-02 5.401743e+00
2.940000e-02 5.405831e+00
2.950000e-02 5.410455e+00
2.960000e-02 5.415502e+00
2.970000e-02 5.420871e+00
2.980000e-02 5.426472e+00
2.990000e-02 5.432235e+00
3.000000e-02 5.438109e+00
3.010000e-02 5.444071e+00
3.020000e-02 5.450126e+00
3.030000e-02 5.456312e+00
3.040000e-02 5.462703e+00
3.050000e-02 5.469407e+00
3.060000e-02 5.476572e+00
3.070000e-02 5.484379e+00
3.080000e-02 5.493043e+00
3.090000e-02 5.502805e+00
3.100000e-02 5.513928e+00
3.110000e-02 5.526685e+00
3.120000e-02 5.541351e+00
3.130000e-02 5.558192e+00
3.140000e-02 5.577447e+00
3.150000e-02 5.599319e+00
3.160000e-02 5.623958e+00
3.170000e-02 5.651448e+00
3.180000e-02 5.681799e+00
3.190000e-02 5.714938e+00
3.200000e-02 5.750713e+00
3.210000e-02 5.788900e+00
3.220000e-02 5.829225e+00
3.230000e-02 5.871399e+00
3.240000e-02 5.915164e+00
3.250000e-02 5.960347e+00
3.260000e-02 6.006921e+00
3.270000e-02 6.055056e+00
3.280000e-02 6.105145e+00
3.290000e-02 6.157779e+00
3.300000e-02 6.213640e+00
3.310000e-02 6.273286e+00
3.320000e-02 6.336782e+00
3.330000e-02 6.403206e+00
3.340000e-02 6.470073e+00
3.350000e-02 6.532882e+00
3.360000e-02 6.585079e+00
3.370000e-02 6.618790e+00
3.380000e-02 6.626404e+00
3.390000e-02 6.602643e+00
3.400000e-02 6.546208e+00
3.410000e-02 6.460203e+00
3.420000e-02 6.351133e+00
3.430000e-02 6.227095e+00
3.440000e-02 6.096019e+00
3.450000e-02 5.964514e+00
3.460000e-02 5.837436e+00
3.470000e-02 5.717948e+00
3.480000e-02 5.607845e+00
3.490000e-02 5.507919e+00
3.500000e-02 5.418292e+00
3.510000e-02 5.338670e+00
3.520000e-02 5.268510e+00
3.530000e-02 5.207147e+00
3.540000e-02 5.153856e+00
3.550000e-02 5.107895e+00
3.560000e-02 5.068528e+00
3.570000e-02 5.035037e+00
3.580000e-02 5.006722e+00
3.590000e-02 4.982903e+00
3.600000e-02 4.962925e+00
3.610000e-02 4.946153e+00
3.620000e-02 4.931978e+00
3.630000e-02 4.919822e+00
3.640000e-02 4.909141e+00
3.650000e-02 4.899437e+00
3.660000e-02 4.890262e+00
3.670000e-02 4.881231e+00
3.680000e-02 4.872026e+00
3.690000e-02 4.862401e+00
3.700000e-02 4.852191e+00
3.710000e-02 4.841304e+00
3.720000e-02 4.829727e+00
3.730000e-02 4.817512e+00
3.740000e-02 4.804773e+00
3.750000e-02 4.791676e+00
3.760000e-02 4.778424e+00
3.770000e-02 4.765249e+00
3.780000e-02 4.752399e+00
3.790000e-02 4.740130e+00
3.800000e-02 4.728698e+00
3.810000e-02 4.718348e+00
3.820000e-02 4.709314e+00
3.830000e-02 4.701813e+00
3.840000e-02 4.696044e+00
3.850000e-02 4.692184e+00
3.860000e-02 4.690394e+00
3.870000e-02 4.690813e+00
3.880000e-02 4.693563e+00
3.890000e-02 4.698752e+00
3.900000e-02 4.706469e+00
3.910000e-02 4.716793e+00
3.920000e-02 4.729788e+00
3.930000e-02 4.745508e+00
3.940000e-02 4.763994e+00
3.950000e-02 4.785277e+00
3.960000e-02 4.809378e+00
3.970000e-02 4.836303e+00
3.980000e-02 4.866046e+00
3.990000e-02 4.898587e+00
4.000000e-02 4.933888e+00
4.010000e-02 4.971891e+00
4.020000e-02 5.012516e+00
4.030000e-02 5.055659e+00
4.040000e-02 5.101185e+00
4.050000e-02 5.148928e+00
4.060000e-02 5.198690e+00
4.070000e-02 5.250232e+00
4.080000e-02 5.303279e+00
4.090000e-02 5.357518e+00
4.100000e-02 5.412598e+00
4.110000e-02 5.468131e+00
4.120000e-02 5.523704e+00
4.130000e-02 5.578878e+00
4.140000e-02 5.633203e+00
4.150000e-02 5.686225e+00
4.160000e-02 5.737504e+00
4.170000e-02 5.786621e+00
4.180000e-02 5.833199e+00
4.190000e-02 5.876907e+00
4.200000e-02 5.917479e+00
4.210000e-02 5.954718e+00
4.220000e-02 5.988499e+00
4.230000e-02 6.018777e+00
4.240000e-02 6.045577e+00
4.250000e-02 6.068993e+00
4.260000e-02 6.089176e+00
4.270000e-02 6.106328e+00
4.280000e-02 6.120683e+00
4.290000e-02 6.132500e+00
4.300000e-02 6.142051e+00
4.310000e-02 6.149605e+00
4.320000e-02 6.155425e+00
4.330000e-02 6.159757e+00
4.340000e-02 6.162824e+00
4.350000e-02 6.164826e+00
4.360000e-02 6.165932e+00
4.370000e-02 6.166287e+00
4.380000e-02 6.166007e+00
4.390000e-02 6.165185e+00
4.400000e-02 6.163891e+00
4.410000e-02 6.162176e+00
4.420000e-02 6.160077e+00
4.430000e-02 6.157620e+00
4.440000e-02 6.154822e+00
4.450000e-02 6.151697e+00
4.460000e-02 6.148257e+00
4.470000e-02 6.144519e+00
4.480000e-02 6.140501e+00
4.490000e-02 6.136232e+00
4.500000e-02 6.131748e+00
4.510000e-02 6.127094e+00
4.520000e-02 6.122331e+00
4.530000e-02 6.117527e+00
4.540000e-02 6.112768e+00
4.550000e-02 6.108148e+00
4.560000e-02 6.103777e+00
4.570000e-02 6.099776e+00
4.580000e-02 6.096279e+00
4.590000e-02 6.093431e+00
4.600000e-02 6.091387e+00
4.610000e-02 6.090313e+00
4.620000e-02 6.090386e+00
4.630000e-02 6.091788e+00
4.640000e-02 6.094710e+00
4.650000e-02 6.099350e+00
4.660000e-02 6.105908e+00
4.670000e-02 6.114585e+00
4.680000e-02 6.125580e+00
4.690000e-02 6.139084e+00
4.700000e-02 6.155269e+00
4.710000e-02 6.174285e+00
4.720000e-02 6.196239e+00
4.730000e-02 6.221182e+00
4.740000e-02 6.249086e+00
4.750000e-02 6.279819e+00
4.760000e-02 6.313114e+00
4.770000e-02 6.348536e+00
4.780000e-02 6.385456e+00
4.790000e-02 6.423024e+00
4.800000e-02 6.460162e+00
4.810000e-02 6.495578e+00
4.820000e-02 6.527809e+00
4.830000e-02 6.555307e+00
4.840000e-02 6.576552e+00
4.850000e-02 6.590198e+00
4.860000e-02 6.595220e+00
4.870000e-02 6.591044e+00
4.880000e-02 6.577627e+00
4.890000e-02 6.555474e+00
4.900000e-02 6.525582e+00
4.910000e-02 6.489331e+00
4.920000e-02 6.448337e+00
4.930000e-02 6.404303e+00
4.940000e-02 6.358882e+00
4.950000e-02 6.313580e+00
4.960000e-02 6.269693e+00
4.970000e-02 6.228275e+00
4.980000e-02 6.190143e+00
4.990000e-02 6.155892e+00
