0.000000e+00 8.790180e+00
6.000000e-02 8.770634e+00
1.200000e-01 8.709810e+00
1.800000e-01 8.646229e+00
2.400000e-01 8.613511e+00
3.000000e-01 8.618425e+00
3.600000e-01 8.649509e+00
4.200000e-01 8.688985e+00
4.800000e-01 8.718102e+00
5.400000e-01 8.720905e+00
6.000000e-01 8.704780e+00
6.600000e-01 8.714388e+00
7.200000e-01 8.769055e+00
7.800000e-01 8.690098e+00
8.400000e-01 8.384341e+00
9.000000e-01 7.929009e+00
9.600000e-01 7.479849e+00
1.020000e+00 7.115334e+00
1.080000e+00 6.857381e+00
1.140000e+00 6.718434e+00
1.200000e+00 6.660191e+00
1.260000e+00 6.383869e+00
1.320000e+00 5.982881e+00
1.380000e+00 5.644822e+00
1.440000e+00 5.528773e+00
1.500000e+00 5.488808e+00
1.560000e+00 5.467253e+00
1.620000e+00 5.279482e+00
1.680000e+00 4.860990e+00
1.740000e+00 4.387677e+00
1.800000e+00 4.366511e+00
1.860000e+00 4.566721e+00
1.920000e+00 4.531913e+00
1.980000e+00 4.165454e+00
2.040000e+00 4.373684e+00
2.100000e+00 4.104045e+00
2.160000e+00 4.007874e+00
2.220000e+00 3.616382e+00
2.280000e+00 3.634501e+00
2.340000e+00 4.172425e+00
2.400000e+00 3.691417e+00
2.460000e+00 3.889068e+00
2.520000e+00 3.553087e+00
2.580000e+00 3.337567e+00
2.640000e+00 3.572168e+00
2.700000e+00 3.276882e+00
2.760000e+00 3.079305e+00
2.820000e+00 2.562258e+00
2.880000e+00 2.483002e+00
2.940000e+00 2.716125e+00
3.000000e+00 2.236017e+00
3.060000e+00 2.226022e+00
3.120000e+00 2.376410e+00
3.180000e+00 2.042306e+00
3.240000e+00 1.822468e+00
3.300000e+00 2.761572e+00
3.360000e+00 2.959497e+00
3.420000e+00 2.484447e+00
3.480000e+00 2.018835e+00
3.540000e+00 2.232652e+00
3.600000e+00 1.789940e+00
3.660000e+00 1.875425e+00
3.720000e+00 1.266976e+00
3.780000e+00 1.089506e+00
3.840000e+00 1.633185e+00
3.900000e+00 1.808547e+00
3.960000e+00 1.131218e+00
4.020000e+00 1.043699e+00
4.080000e+00 1.826086e+00
4.140000e+00 1.703595e+00
4.200000e+00 9.413806e-01
4.260000e+00 9.589907e-01
4.320000e+00 1.401593e+00
4.380000e+00 6.604175e-01
4.440000e+00 1.415431e+00
4.500000e+00 8.482433e-01
4.560000e+00 7.825326e-01
4.620000e+00 1.121763e+00
4.680000e+00 9.184427e-01
4.740000e+00 1.170103e+00
4.800000e+00 1.483208e-01
4.860000e+00 5.414002e-01
4.920000e+00 4.040351e-01
4.980000e+00 1.912187e-01
5.040000e+00 4.968968e-01
5.100000e+00 6.925361e-02
5.160000e+00 9.834616e-02
5.220000e+00 5.807950e-01
5.280000e+00 2.360269e-01
5.340000e+00 7.986593e-02
5.400000e+00 2.913452e-01
5.460000e+00 6.531846e-01
5.520000e+00 7.566204e-02
5.580000e+00 1.641822e-01
5.640000e+00 2.735164e-01
5.700000e+00 8.857483e-01
5.760000e+00 5.994535e-02
5.820000e+00 4.708655e-02
5.880000e+00 9.876068e-02
5.940000e+00 1.564496e-02
