-5.000000e-02 1.013142e+00
-4.990000e-02 1.021959e+00
-4.980000e-02 9.873214e-01
-4.970000e-02 9.003296e-01
-4.960000e-02 7.813893e-01
-4.950000e-02 6.769798e-01
-4.940000e-02 6.229951e-01
-4.930000e-02 6.237107e-01
-4.920000e-02 6.648746e-01
-4.910000e-02 7.305526e-01
-4.900000e-02 8.091305e-01
-4.890000e-02 8.930061e-01
-4.880000e-02 9.769827e-01
-4.870000e-02 1.057087e+00
-4.860000e-02 1.130027e+00
-4.850000e-02 1.193138e+00
-4.840000e-02 1.244594e+00
-4.830000e-02 1.283676e+00
-4.820000e-02 1.310889e+00
-4.810000e-02 1.327838e+00
-4.800000e-02 1.336862e+00
-4.790000e-02 1.340547e+00
-4.780000e-02 1.341254e+00
-4.770000e-02 1.340795e+00
-4.760000e-02 1.340284e+00
-4.750000e-02 1.340178e+00
-4.740000e-02 1.340497e+00
-4.730000e-02 1.341158e+00
-4.720000e-02 1.342383e+00
-4.710000e-02 1.345030e+00
-4.700000e-02 1.350664e+00
-4.690000e-02 1.361074e+00
-4.680000e-02 1.376975e+00
-4.670000e-02 1.395960e+00
-4.660000e-02 1.410753e+00
-4.650000e-02 1.410193e+00
-4.640000e-02 1.384555e+00
-4.630000e-02 1.332006e+00
-4.620000e-02 1.259851e+00
-4.610000e-02 1.179635e+00
-4.600000e-02 1.101545e+00
-4.590000e-02 1.032006e+00
-4.580000e-02 9.740174e-01
-4.570000e-02 9.283801e-01
-4.560000e-02 8.947425e-01
-4.550000e-02 8.722216e-01
-4.540000e-02 8.596556e-01
-4.530000e-02 8.556013e-01
-4.520000e-02 8.581518e-01
-4.510000e-02 8.646482e-01
-4.500000e-02 8.714160e-01
-4.490000e-02 8.737975e-01
-4.480000e-02 8.668597e-01
-4.470000e-02 8.469702e-01
-4.460000e-02 8.136904e-01
-4.450000e-02 7.706416e-01
-4.440000e-02 7.243768e-01
-4.430000e-02 6.819391e-01
-4.420000e-02 6.488080e-01
-4.410000e-02 6.282078e-01
-4.400000e-02 6.215021e-01
-4.390000e-02 6.289441e-01
-4.380000e-02 6.502862e-01
-4.370000e-02 6.850913e-01
-4.360000e-02 7.327565e-01
-4.350000e-02 7.923022e-01
-4.340000e-02 8.619886e-01
-4.330000e-02 9.388697e-01
-4.320000e-02 1.018513e+00
-4.310000e-02 1.095230e+00
-4.300000e-02 1.163119e+00
-4.290000e-02 1.217736e+00
-4.280000e-02 1.257570e+00
-4.270000e-02 1.284279e+00
-4.260000e-02 1.301448e+00
-4.250000e-02 1.312736e+00
-4.240000e-02 1.320548e+00
-4.230000e-02 1.325725e+00
-4.220000e-02 1.328014e+00
-4.210000e-02 1.326756e+00
-4.200000e-02 1.321395e+00
-4.190000e-02 1.311675e+00
-4.180000e-02 1.297575e+00
-4.170000e-02 1.279150e+00
-4.160000e-02 1.256398e+00
-4.150000e-02 1.229217e+00
-4.140000e-02 1.197473e+00
-4.130000e-02 1.161133e+00
-4.120000e-02 1.120427e+00
-4.110000e-02 1.075955e+00
-4.100000e-02 1.028724e+00
-4.090000e-02 9.800704e-01
-4.080000e-02 9.315158e-01
-4.070000e-02 8.845964e-01
-4.060000e-02 8.407143e-01
-4.050000e-02 8.010476e-01
-4.040000e-02 7.665261e-01
-4.030000e-02 7.378626e-01
-4.020000e-02 7.156197e-01
-4.010000e-02 7.002967e-01
-4.000000e-02 6.924227e-01
-3.990000e-02 6.926504e-01
-3.980000e-02 7.018451e-01
-3.970000e-02 7.211607e-01
-3.960000e-02 7.520766e-01
-3.950000e-02 7.963318e-01
-3.940000e-02 8.556202e-01
-3.930000e-02 9.307992e-01
-3.920000e-02 1.020293e+00
-3.910000e-02 1.117635e+00
-3.900000e-02 1.209280e+00
-3.890000e-02 1.275861e+00
-3.880000e-02 1.299846e+00
-3.870000e-02 1.276038e+00
-3.860000e-02 1.214827e+00
-3.850000e-02 1.134742e+00
-3.840000e-02 1.052661e+00
-3.830000e-02 9.792440e-01
-3.820000e-02 9.194100e-01
-3.810000e-02 8.745193e-01
-3.800000e-02 8.442640e-01
-3.790000e-02 8.278017e-01
-3.780000e-02 8.243013e-01
-3.770000e-02 8.331348e-01
-3.760000e-02 8.538609e-01
-3.750000e-02 8.860583e-01
-3.740000e-02 9.290026e-01
-3.730000e-02 9.811633e-01
-3.720000e-02 1.039546e+00
-3.710000e-02 1.099080e+00
-3.700000e-02 1.152552e+00
-3.690000e-02 1.191805e+00
-3.680000e-02 1.210435e+00
-3.670000e-02 1.206831e+00
-3.660000e-02 1.185316e+00
-3.650000e-02 1.154287e+00
-3.640000e-02 1.122742e+00
-3.630000e-02 1.097523e+00
-3.620000e-02 1.082289e+00
-3.610000e-02 1.077794e+00
-3.600000e-02 1.082656e+00
-3.590000e-02 1.094153e+00
-3.580000e-02 1.108937e+00
-3.570000e-02 1.123676e+00
-3.560000e-02 1.135624e+00
-3.550000e-02 1.143061e+00
-3.540000e-02 1.145495e+00
-3.530000e-02 1.143618e+00
-3.520000e-02 1.139091e+00
-3.510000e-02 1.134272e+00
-3.500000e-02 1.131991e+00
-3.490000e-02 1.135299e+00
-3.480000e-02 1.146860e+00
-3.470000e-02 1.167062e+00
-3.460000e-02 1.189475e+00
-3.450000e-02 1.194476e+00
-3.440000e-02 1.152141e+00
-3.430000e-02 1.048853e+00
-3.420000e-02 9.089000e-01
-3.410000e-02 7.699624e-01
-3.400000e-02 6.525593e-01
-3.390000e-02 5.596155e-01
-3.380000e-02 4.870182e-01
-3.370000e-02 4.297968e-01
-3.360000e-02 3.839657e-01
-3.350000e-02 3.466618e-01
-3.340000e-02 3.158796e-01
-3.330000e-02 2.902035e-01
-3.320000e-02 2.686134e-01
-3.310000e-02 2.503573e-01
-3.300000e-02 2.348682e-01
-3.290000e-02 2.217113e-01
-3.280000e-02 2.105489e-01
-3.270000e-02 2.011164e-01
-3.260000e-02 1.932065e-01
-3.250000e-02 1.866578e-01
-3.240000e-02 1.813471e-01
-3.230000e-02 1.771834e-01
-3.220000e-02 1.741049e-01
-3.210000e-02 1.720766e-01
-3.200000e-02 1.710900e-01
-3.190000e-02 1.711632e-01
-3.180000e-02 1.723434e-01
-3.170000e-02 1.747099e-01
-3.160000e-02 1.783799e-01
-3.150000e-02 1.835151e-01
-3.140000e-02 1.903315e-01
-3.130000e-02 1.991105e-01
-3.120000e-02 2.102117e-01
-3.110000e-02 2.240847e-01
-3.100000e-02 2.412728e-01
-3.090000e-02 2.623961e-01
-3.080000e-02 2.880836e-01
-3.070000e-02 3.188044e-01
-3.060000e-02 3.545163e-01
-3.050000e-02 3.940580e-01
-3.040000e-02 4.343415e-01
-3.030000e-02 4.698090e-01
-3.020000e-02 4.931751e-01
-3.010000e-02 4.982402e-01
-3.000000e-02 4.834873e-01
-2.990000e-02 4.532208e-01
-2.980000e-02 4.149741e-01
-2.970000e-02 3.757945e-01
-2.960000e-02 3.402577e-01
-2.950000e-02 3.104711e-01
-2.940000e-02 2.869206e-01
-2.930000e-02 2.692890e-01
-2.920000e-02 2.569846e-01
-2.910000e-02 2.494141e-01
-2.900000e-02 2.461030e-01
-2.890000e-02 2.467382e-01
-2.880000e-02 2.511792e-01
-2.870000e-02 2.594610e-01
-2.860000e-02 2.717981e-01
-2.850000e-02 2.885968e-01
-2.840000e-02 3.104749e-01
-2.830000e-02 3.382890e-01
-2.820000e-02 3.731620e-01
-2.810000e-02 4.164959e-01
-2.800000e-02 4.699352e-01
-2.790000e-02 5.352114e-01
-2.780000e-02 6.137447e-01
-2.770000e-02 7.058227e-01
-2.760000e-02 8.092046e-01
-2.750000e-02 9.173368e-01
-2.740000e-02 1.018268e+00
-2.730000e-02 1.096398e+00
-2.720000e-02 1.138402e+00
-2.710000e-02 1.140491e+00
-2.700000e-02 1.110812e+00
-2.690000e-02 1.064750e+00
-2.680000e-02 1.017820e+00
-2.670000e-02 9.813007e-01
-2.660000e-02 9.614103e-01
-2.650000e-02 9.600906e-01
-2.640000e-02 9.757890e-01
-2.630000e-02 1.003772e+00
-2.620000e-02 1.036441e+00
-2.610000e-02 1.064526e+00
-2.600000e-02 1.079563e+00
-2.590000e-02 1.076755e+00
-2.580000e-02 1.056385e+00
-2.570000e-02 1.022856e+00
-2.560000e-02 9.822958e-01
-2.550000e-02 9.404108e-01
-2.540000e-02 9.014241e-01
-2.530000e-02 8.679676e-01
-2.520000e-02 8.414308e-01
-2.510000e-02 8.223938e-01
-2.500000e-02 8.109746e-01
-2.490000e-02 8.070553e-01
-2.480000e-02 8.104036e-01
-2.470000e-02 8.207138e-01
-2.460000e-02 8.375897e-01
-2.450000e-02 8.604814e-01
-2.440000e-02 8.885874e-01
-2.430000e-02 9.207362e-01
-2.420000e-02 9.552760e-01
-2.410000e-02 9.900164e-01
-2.400000e-02 1.022286e+00
-2.390000e-02 1.049159e+00
-2.380000e-02 1.067875e+00
-2.370000e-02 1.076352e+00
-2.360000e-02 1.073660e+00
-2.350000e-02 1.060242e+00
-2.340000e-02 1.037799e+00
-2.330000e-02 1.008882e+00
-2.320000e-02 9.763743e-01
-2.310000e-02 9.430276e-01
-2.300000e-02 9.111723e-01
-2.290000e-02 8.826037e-01
-2.280000e-02 8.586015e-01
-2.270000e-02 8.400177e-01
-2.260000e-02 8.273844e-01
-2.250000e-02 8.210073e-01
-2.240000e-02 8.210308e-01
-2.230000e-02 8.274670e-01
-2.220000e-02 8.401863e-01
-2.210000e-02 8.588678e-01
-2.200000e-02 8.829123e-01
-2.190000e-02 9.113251e-01
-2.180000e-02 9.425901e-01
-2.170000e-02 9.745818e-01
-2.160000e-02 1.004580e+00
-2.150000e-02 1.029469e+00
-2.140000e-02 1.046150e+00
-2.130000e-02 1.052129e+00
-2.120000e-02 1.046089e+00
-2.110000e-02 1.028223e+00
-2.100000e-02 1.000174e+00
-2.090000e-02 9.646035e-01
-2.080000e-02 9.245888e-01
-2.070000e-02 8.830744e-01
-2.060000e-02 8.425203e-01
-2.050000e-02 8.047682e-01
-2.040000e-02 7.710708e-01
-2.030000e-02 7.422075e-01
-2.020000e-02 7.186247e-01
-2.010000e-02 7.005667e-01
-2.000000e-02 6.881820e-01
-1.990000e-02 6.816029e-01
-1.980000e-02 6.810009e-01
-1.970000e-02 6.866215e-01
-1.960000e-02 6.987945e-01
-1.950000e-02 7.179170e-01
-1.940000e-02 7.443891e-01
-1.930000e-02 7.784782e-01
-1.920000e-02 8.200756e-01
-1.910000e-02 8.683164e-01
-1.900000e-02 9.210853e-01
-1.890000e-02 9.745636e-01
-1.880000e-02 1.023174e+00
-1.870000e-02 1.060396e+00
-1.860000e-02 1.080598e+00
-1.850000e-02 1.081190e+00
-1.840000e-02 1.063744e+00
-1.830000e-02 1.033244e+00
-1.820000e-02 9.960687e-01
-1.810000e-02 9.580468e-01
-1.800000e-02 9.234315e-01
-1.790000e-02 8.947725e-01
-1.780000e-02 8.732614e-01
-1.770000e-02 8.591764e-01
-1.760000e-02 8.522437e-01
-1.750000e-02 8.518813e-01
-1.740000e-02 8.573554e-01
-1.730000e-02 8.679078e-01
-1.720000e-02 8.829084e-01
-1.710000e-02 9.020490e-01
-1.700000e-02 9.255001e-01
-1.690000e-02 9.538122e-01
-1.680000e-02 9.873539e-01
-1.670000e-02 1.025435e+00
-1.660000e-02 1.065753e+00
-1.650000e-02 1.104707e+00
-1.640000e-02 1.138403e+00
-1.630000e-02 1.163693e+00
-1.620000e-02 1.178774e+00
-1.610000e-02 1.183281e+00
-1.600000e-02 1.178047e+00
-1.590000e-02 1.164711e+00
-1.580000e-02 1.145302e+00
-1.570000e-02 1.121914e+00
-1.560000e-02 1.096472e+00
-1.550000e-02 1.070618e+00
-1.540000e-02 1.045674e+00
-1.530000e-02 1.022665e+00
-1.520000e-02 1.002365e+00
-1.510000e-02 9.853566e-01
-1.500000e-02 9.720870e-01
-1.490000e-02 9.629189e-01
-1.480000e-02 9.581689e-01
-1.470000e-02 9.581358e-01
-1.460000e-02 9.631187e-01
-1.450000e-02 9.734198e-01
-1.440000e-02 9.893278e-01
-1.430000e-02 1.011068e+00
-1.420000e-02 1.038692e+00
-1.410000e-02 1.071875e+00
-1.400000e-02 1.109557e+00
-1.390000e-02 1.149438e+00
-1.380000e-02 1.187401e+00
-1.370000e-02 1.217251e+00
-1.360000e-02 1.231425e+00
-1.350000e-02 1.223188e+00
-1.340000e-02 1.189712e+00
-1.330000e-02 1.133991e+00
-1.320000e-02 1.063847e+00
-1.310000e-02 9.886863e-01
-1.300000e-02 9.164260e-01
-1.290000e-02 8.521287e-01
-1.280000e-02 7.981976e-01
-1.270000e-02 7.552215e-01
-1.260000e-02 7.228082e-01
-1.250000e-02 7.001637e-01
-1.240000e-02 6.864219e-01
-1.230000e-02 6.807998e-01
-1.220000e-02 6.826497e-01
-1.210000e-02 6.914548e-01
-1.200000e-02 7.067918e-01
-1.190000e-02 7.282737e-01
-1.180000e-02 7.554752e-01
-1.170000e-02 7.878416e-01
-1.160000e-02 8.245864e-01
-1.150000e-02 8.645844e-01
-1.140000e-02 9.062840e-01
-1.130000e-02 9.476692e-01
-1.120000e-02 9.863175e-01
-1.110000e-02 1.019588e+00
-1.100000e-02 1.044944e+00
-1.090000e-02 1.060367e+00
-1.080000e-02 1.064739e+00
-1.070000e-02 1.058074e+00
-1.060000e-02 1.041517e+00
-1.050000e-02 1.017098e+00
-1.040000e-02 9.873593e-01
-1.030000e-02 9.549613e-01
-1.020000e-02 9.223812e-01
-1.010000e-02 8.917388e-01
-1.000000e-02 8.647396e-01
-9.900000e-03 8.426976e-01
-9.800000e-03 8.265935e-01
-9.700000e-03 8.171303e-01
-9.600000e-03 8.147608e-01
-9.500000e-03 8.196669e-01
-9.400000e-03 8.316842e-01
-9.300000e-03 8.501780e-01
-9.200000e-03 8.739069e-01
-9.100000e-03 9.009405e-01
-9.000000e-03 9.287270e-01
-8.900000e-03 9.543831e-01
-8.800000e-03 9.751846e-01
-8.700000e-03 9.891051e-01
-8.600000e-03 9.951788e-01
-8.500000e-03 9.935351e-01
-8.400000e-03 9.851263e-01
-8.300000e-03 9.713076e-01
-8.200000e-03 9.534496e-01
-8.100000e-03 9.326858e-01
-8.000000e-03 9.098089e-01
-7.900000e-03 8.852812e-01
-7.800000e-03 8.593090e-01
-7.700000e-03 8.319438e-01
-7.600000e-03 8.031834e-01
-7.500000e-03 7.730586e-01
-7.400000e-03 7.416942e-01
-7.300000e-03 7.093421e-01
-7.200000e-03 6.763834e-01
-7.100000e-03 6.433049e-01
-7.000000e-03 6.106580e-01
-6.900000e-03 5.790095e-01
-6.800000e-03 5.488954e-01
-6.700000e-03 5.207838e-01
-6.600000e-03 4.950528e-01
-6.500000e-03 4.719802e-01
-6.400000e-03 4.517459e-01
-6.300000e-03 4.344407e-01
-6.200000e-03 4.200788e-01
-6.100000e-03 4.086113e-01
-6.000000e-03 3.999374e-01
-5.900000e-03 3.939147e-01
-5.800000e-03 3.903661e-01
-5.700000e-03 3.890864e-01
-5.600000e-03 3.898488e-01
-5.500000e-03 3.924128e-01
-5.400000e-03 3.965358e-01
-5.300000e-03 4.019880e-01
-5.200000e-03 4.085724e-01
-5.100000e-03 4.161478e-01
-5.000000e-03 4.246549e-01
-4.900000e-03 4.341438e-01
-4.800000e-03 4.448021e-01
-4.700000e-03 4.569850e-01
-4.600000e-03 4.712512e-01
-4.500000e-03 4.884089e-01
-4.400000e-03 5.095799e-01
-4.300000e-03 5.362896e-01
-4.200000e-03 5.705781e-01
-4.100000e-03 6.150994e-01
-4.000000e-03 6.730701e-01
-3.900000e-03 7.476489e-01
-3.800000e-03 8.397040e-01
-3.700000e-03 9.421502e-01
-3.600000e-03 1.030836e+00
-3.500000e-03 1.063380e+00
-3.400000e-03 1.008372e+00
-3.300000e-03 8.841663e-01
-3.200000e-03 7.421390e-01
-3.100000e-03 6.196815e-01
-3.000000e-03 5.278523e-01
-2.900000e-03 4.637181e-01
-2.800000e-03 4.209545e-01
-2.700000e-03 3.939953e-01
-2.600000e-03 3.788799e-01
-2.500000e-03 3.730744e-01
-2.400000e-03 3.751295e-01
-2.300000e-03 3.844038e-01
-2.200000e-03 4.008744e-01
-2.100000e-03 4.249981e-01
-2.000000e-03 4.575649e-01
-1.900000e-03 4.994615e-01
-1.800000e-03 5.512500e-01
-1.700000e-03 6.125108e-01
-1.600000e-03 6.810741e-01
-1.500000e-03 7.525957e-01
-1.400000e-03 8.211203e-01
-1.300000e-03 8.807991e-01
-1.200000e-03 9.278556e-01
-1.100000e-03 9.614621e-01
-1.000000e-03 9.831332e-01
-9.000000e-04 9.954351e-01
-8.000000e-04 1.000957e+00
-7.000000e-04 1.001901e+00
-6.000000e-04 1.000162e+00
-5.000000e-04 9.976760e-01
-4.000000e-04 9.969191e-01
-3.000000e-04 1.001607e+00
-2.000000e-04 1.017780e+00
-1.000000e-04 1.055381e+00
1.429412e-15 1.129113e+00
1.000000e-04 1.251212e+00
2.000000e-04 1.400094e+00
3.000000e-04 1.495003e+00
4.000000e-04 1.484109e+00
5.000000e-04 1.413170e+00
6.000000e-04 1.339022e+00
7.000000e-04 1.283351e+00
8.000000e-04 1.248060e+00
9.000000e-04 1.229574e+00
1.000000e-03 1.223669e+00
1.100000e-03 1.226365e+00
1.200000e-03 1.233773e+00
1.300000e-03 1.241839e+00
1.400000e-03 1.246282e+00
1.500000e-03 1.242889e+00
1.600000e-03 1.228189e+00
1.700000e-03 1.200326e+00
1.800000e-03 1.159713e+00
1.900000e-03 1.109038e+00
2.000000e-03 1.052503e+00
2.100000e-03 9.946604e-01
2.200000e-03 9.393691e-01
2.300000e-03 8.892477e-01
2.400000e-03 8.456244e-01
2.500000e-03 8.087989e-01
2.600000e-03 7.784018e-01
2.700000e-03 7.537199e-01
2.800000e-03 7.339365e-01
2.900000e-03 7.182848e-01
3.000000e-03 7.061316e-01
3.100000e-03 6.970102e-01
3.200000e-03 6.906193e-01
3.300000e-03 6.868000e-01
3.400000e-03 6.854996e-01
3.500000e-03 6.867288e-01
3.600000e-03 6.905168e-01
3.700000e-03 6.968663e-01
3.800000e-03 7.057109e-01
3.900000e-03 7.168767e-01
4.000000e-03 7.300485e-01
4.100000e-03 7.447461e-01
4.200000e-03 7.603146e-01
4.300000e-03 7.759369e-01
4.400000e-03 7.906730e-01
4.500000e-03 8.035319e-01
4.600000e-03 8.135702e-01
4.700000e-03 8.200055e-01
4.800000e-03 8.223250e-01
4.900000e-03 8.203648e-01
5.000000e-03 8.143430e-01
5.100000e-03 8.048416e-01
5.200000e-03 7.927472e-01
5.300000e-03 7.791704e-01
5.400000e-03 7.653685e-01
5.500000e-03 7.526906e-01
5.600000e-03 7.425562e-01
5.700000e-03 7.364646e-01
5.800000e-03 7.360117e-01
5.900000e-03 7.428406e-01
6.000000e-03 7.583217e-01
6.100000e-03 7.824480e-01
6.200000e-03 8.108986e-01
6.300000e-03 8.295395e-01
6.400000e-03 8.115486e-01
6.500000e-03 7.346080e-01
6.600000e-03 6.139561e-01
6.700000e-03 4.928126e-01
6.800000e-03 3.985457e-01
6.900000e-03 3.335613e-01
7.000000e-03 2.904533e-01
7.100000e-03 2.617603e-01
7.200000e-03 2.422888e-01
7.300000e-03 2.288148e-01
7.400000e-03 2.194160e-01
7.500000e-03 2.129716e-01
7.600000e-03 2.088564e-01
7.700000e-03 2.067709e-01
7.800000e-03 2.066579e-01
7.900000e-03 2.086825e-01
8.000000e-03 2.132665e-01
8.100000e-03 2.211931e-01
8.200000e-03 2.338202e-01
8.300000e-03 2.534823e-01
8.400000e-03 2.842191e-01
8.500000e-03 3.330005e-01
8.600000e-03 4.112848e-01
8.700000e-03 5.346016e-01
8.800000e-03 7.105578e-01
8.900000e-03 9.023267e-01
9.000000e-03 1.016601e+00
9.100000e-03 1.008339e+00
9.200000e-03 9.333538e-01
9.300000e-03 8.539250e-01
9.400000e-03 7.947790e-01
9.500000e-03 7.592398e-01
9.600000e-03 7.444431e-01
9.700000e-03 7.467158e-01
9.800000e-03 7.624367e-01
9.900000e-03 7.874201e-01
1.000000e-02 8.160478e-01
1.010000e-02 8.410846e-01
1.020000e-02 8.551241e-01
1.030000e-02 8.535658e-01
1.040000e-02 8.369848e-01
1.050000e-02 8.105424e-01
1.060000e-02 7.809713e-01
1.070000e-02 7.537994e-01
1.080000e-02 7.323221e-01
1.090000e-02 7.179103e-01
1.100000e-02 7.107284e-01
1.110000e-02 7.103359e-01
1.120000e-02 7.160503e-01
1.130000e-02 7.271225e-01
1.140000e-02 7.427975e-01
1.150000e-02 7.623168e-01
1.160000e-02 7.848963e-01
1.170000e-02 8.097017e-01
1.180000e-02 8.358339e-01
1.190000e-02 8.623384e-01
1.200000e-02 8.882457e-01
1.210000e-02 9.126514e-01
1.220000e-02 9.348310e-01
1.230000e-02 9.543790e-01
1.240000e-02 9.713449e-01
1.250000e-02 9.863351e-01
1.260000e-02 1.000543e+00
1.270000e-02 1.015680e+00
1.280000e-02 1.033791e+00
1.290000e-02 1.056940e+00
1.300000e-02 1.086764e+00
1.310000e-02 1.123917e+00
1.320000e-02 1.167478e+00
1.330000e-02 1.214547e+00
1.340000e-02 1.260334e+00
1.350000e-02 1.299044e+00
1.360000e-02 1.325462e+00
1.370000e-02 1.336608e+00
1.380000e-02 1.332608e+00
1.390000e-02 1.316376e+00
1.400000e-02 1.292475e+00
1.410000e-02 1.265862e+00
1.420000e-02 1.241013e+00
1.430000e-02 1.221547e+00
1.440000e-02 1.210173e+00
1.450000e-02 1.208746e+00
1.460000e-02 1.218239e+00
1.470000e-02 1.238449e+00
1.480000e-02 1.267359e+00
1.490000e-02 1.300207e+00
1.500000e-02 1.328748e+00
1.510000e-02 1.341877e+00
1.520000e-02 1.328889e+00
1.530000e-02 1.284721e+00
1.540000e-02 1.213411e+00
1.550000e-02 1.126224e+00
1.560000e-02 1.036008e+00
1.570000e-02 9.524960e-01
1.580000e-02 8.809315e-01
1.590000e-02 8.230013e-01
1.600000e-02 7.783511e-01
1.610000e-02 7.457641e-01
1.620000e-02 7.238456e-01
1.630000e-02 7.113450e-01
1.640000e-02 7.072699e-01
1.650000e-02 7.108991e-01
1.660000e-02 7.217492e-01
1.670000e-02 7.395207e-01
1.680000e-02 7.640302e-01
1.690000e-02 7.951264e-01
1.700000e-02 8.325836e-01
1.710000e-02 8.759665e-01
1.720000e-02 9.244687e-01
1.730000e-02 9.767451e-01
1.740000e-02 1.030789e+00
1.750000e-02 1.083938e+00
1.760000e-02 1.133113e+00
1.770000e-02 1.175324e+00
1.780000e-02 1.208343e+00
1.790000e-02 1.231251e+00
1.800000e-02 1.244508e+00
1.810000e-02 1.249374e+00
1.820000e-02 1.246872e+00
1.830000e-02 1.236827e+00
1.840000e-02 1.217618e+00
1.850000e-02 1.187079e+00
1.860000e-02 1.144341e+00
1.870000e-02 1.091635e+00
1.880000e-02 1.034865e+00
1.890000e-02 9.827212e-01
1.900000e-02 9.453241e-01
1.910000e-02 9.333632e-01
1.920000e-02 9.571287e-01
1.930000e-02 1.021583e+00
1.940000e-02 1.110751e+00
1.950000e-02 1.170107e+00
1.960000e-02 1.139758e+00
1.970000e-02 1.028223e+00
1.980000e-02 8.933277e-01
1.990000e-02 7.745154e-01
2.000000e-02 6.820776e-01
2.010000e-02 6.134000e-01
2.020000e-02 5.632442e-01
2.030000e-02 5.270497e-01
2.040000e-02 5.014718e-01
2.050000e-02 4.841962e-01
2.060000e-02 4.736637e-01
2.070000e-02 4.688518e-01
2.080000e-02 4.691258e-01
2.090000e-02 4.741440e-01
2.100000e-02 4.838001e-01
2.110000e-02 4.981907e-01
2.120000e-02 5.175981e-01
2.130000e-02 5.424763e-01
2.140000e-02 5.734292e-01
2.150000e-02 6.111570e-01
2.160000e-02 6.563371e-01
2.170000e-02 7.093859e-01
2.180000e-02 7.700411e-01
2.190000e-02 8.367276e-01
2.200000e-02 9.058089e-01
2.210000e-02 9.711042e-01
2.220000e-02 1.024391e+00
2.230000e-02 1.057497e+00
2.240000e-02 1.065514e+00
2.250000e-02 1.049173e+00
2.260000e-02 1.014558e+00
2.270000e-02 9.704231e-01
2.280000e-02 9.251894e-01
2.290000e-02 8.852072e-01
2.300000e-02 8.544121e-01
2.310000e-02 8.346467e-01
2.320000e-02 8.259149e-01
2.330000e-02 8.260896e-01
2.340000e-02 8.298845e-01
2.350000e-02 8.275468e-01
2.360000e-02 8.053312e-01
2.370000e-02 7.511750e-01
2.380000e-02 6.647018e-01
2.390000e-02 5.607899e-01
2.400000e-02 4.596250e-01
2.410000e-02 3.745755e-01
2.420000e-02 3.094746e-01
2.430000e-02 2.624400e-01
2.440000e-02 2.298100e-01
2.450000e-02 2.081391e-01
2.460000e-02 1.948092e-01
2.470000e-02 1.880496e-01
2.480000e-02 1.867975e-01
2.490000e-02 1.905623e-01
2.500000e-02 1.993430e-01
2.510000e-02 2.136054e-01
2.520000e-02 2.343164e-01
2.530000e-02 2.630257e-01
2.540000e-02 3.019601e-01
2.550000e-02 3.540217e-01
2.560000e-02 4.223745e-01
2.570000e-02 5.088714e-01
2.580000e-02 6.100972e-01
2.590000e-02 7.109182e-01
2.600000e-02 7.818604e-01
2.610000e-02 7.936781e-01
2.620000e-02 7.437088e-01
2.630000e-02 6.584299e-01
2.640000e-02 5.685000e-01
2.650000e-02 4.916769e-01
2.660000e-02 4.336879e-01
2.670000e-02 3.945387e-01
2.680000e-02 3.729071e-01
2.690000e-02 3.681877e-01
2.700000e-02 3.812503e-01
2.710000e-02 4.143789e-01
2.720000e-02 4.699782e-01
2.730000e-02 5.470637e-01
2.740000e-02 6.354566e-01
2.750000e-02 7.113325e-01
2.760000e-02 7.426936e-01
2.770000e-02 7.097509e-01
2.780000e-02 6.231891e-01
2.790000e-02 5.147012e-01
2.800000e-02 4.119778e-01
2.810000e-02 3.276247e-01
2.820000e-02 2.631381e-01
2.830000e-02 2.154439e-01
2.840000e-02 1.806605e-01
2.850000e-02 1.554764e-01
2.860000e-02 1.374185e-01
2.870000e-02 1.247559e-01
2.880000e-02 1.163367e-01
2.890000e-02 1.114555e-01
2.900000e-02 1.097743e-01
2.910000e-02 1.113043e-01
2.920000e-02 1.164618e-01
2.930000e-02 1.262414e-01
2.940000e-02 1.426056e-01
2.950000e-02 1.693245e-01
2.960000e-02 2.137870e-01
2.970000e-02 2.906875e-01
2.980000e-02 4.265769e-01
2.990000e-02 6.403994e-01
3.000000e-02 8.095104e-01
3.010000e-02 7.103871e-01
3.020000e-02 5.072287e-01
3.030000e-02 3.697792e-01
3.040000e-02 2.965594e-01
3.050000e-02 2.617464e-01
3.060000e-02 2.500125e-01
3.070000e-02 2.540978e-01
3.080000e-02 2.711211e-01
3.090000e-02 3.006706e-01
3.100000e-02 3.438868e-01
3.110000e-02 4.028241e-01
3.120000e-02 4.794288e-01
3.130000e-02 5.732425e-01
3.140000e-02 6.769787e-01
3.150000e-02 7.714147e-01
3.160000e-02 8.274334e-01
3.170000e-02 8.239951e-01
3.180000e-02 7.682849e-01
3.190000e-02 6.899563e-01
3.200000e-02 6.177529e-01
3.210000e-02 5.671898e-01
3.220000e-02 5.423084e-01
3.230000e-02 5.405254e-01
3.240000e-02 5.554470e-01
3.250000e-02 5.782291e-01
3.260000e-02 5.993192e-01
3.270000e-02 6.111766e-01
3.280000e-02 6.106169e-01
3.290000e-02 5.990380e-01
3.300000e-02 5.806020e-01
3.310000e-02 5.600092e-01
3.320000e-02 5.411406e-01
3.330000e-02 5.267011e-01
3.340000e-02 5.184240e-01
3.350000e-02 5.174270e-01
3.360000e-02 5.245146e-01
3.370000e-02 5.403559e-01
3.380000e-02 5.655099e-01
3.390000e-02 6.002505e-01
3.400000e-02 6.441018e-01
3.410000e-02 6.949744e-01
3.420000e-02 7.479209e-01
3.430000e-02 7.940411e-01
3.440000e-02 8.209891e-01
3.450000e-02 8.168406e-01
3.460000e-02 7.765706e-01
3.470000e-02 7.059977e-01
3.480000e-02 6.187397e-01
3.490000e-02 5.289966e-01
3.500000e-02 4.464711e-01
3.510000e-02 3.755930e-01
3.520000e-02 3.171142e-01
3.530000e-02 2.699323e-01
3.540000e-02 2.323104e-01
3.550000e-02 2.024981e-01
3.560000e-02 1.789794e-01
3.570000e-02 1.605342e-01
3.580000e-02 1.462215e-01
3.590000e-02 1.353395e-01
3.600000e-02 1.273832e-01
3.610000e-02 1.220093e-01
3.620000e-02 1.190102e-01
3.630000e-02 1.182958e-01
3.640000e-02 1.198821e-01
3.650000e-02 1.238841e-01
3.660000e-02 1.305108e-01
3.670000e-02 1.400554e-01
3.680000e-02 1.528744e-01
3.690000e-02 1.693419e-01
3.700000e-02 1.897602e-01
3.710000e-02 2.142065e-01
3.720000e-02 2.423040e-01
3.730000e-02 2.729487e-01
3.740000e-02 3.041014e-01
3.750000e-02 3.328463e-01
3.760000e-02 3.559023e-01
3.770000e-02 3.705346e-01
3.780000e-02 3.754469e-01
3.790000e-02 3.711191e-01
3.800000e-02 3.594194e-01
3.810000e-02 3.428176e-01
3.820000e-02 3.236702e-01
3.830000e-02 3.038276e-01
3.840000e-02 2.845452e-01
3.850000e-02 2.665683e-01
3.860000e-02 2.502717e-01
3.870000e-02 2.357904e-01
3.880000e-02 2.231192e-01
3.890000e-02 2.121800e-01
3.900000e-02 2.028640e-01
3.910000e-02 1.950572e-01
3.920000e-02 1.886539e-01
3.930000e-02 1.835646e-01
3.940000e-02 1.797195e-01
3.950000e-02 1.770702e-01
3.960000e-02 1.755904e-01
3.970000e-02 1.752764e-01
3.980000e-02 1.761472e-01
3.990000e-02 1.782453e-01
4.000000e-02 1.816368e-01
4.010000e-02 1.864116e-01
4.020000e-02 1.926830e-01
4.030000e-02 2.005855e-01
4.040000e-02 2.102695e-01
4.050000e-02 2.218913e-01
4.060000e-02 2.355960e-01
4.070000e-02 2.514890e-01
4.080000e-02 2.695952e-01
4.090000e-02 2.898042e-01
4.100000e-02 3.118090e-01
4.110000e-02 3.350530e-01
4.120000e-02 3.587192e-01
4.130000e-02 3.817977e-01
4.140000e-02 4.032630e-01
4.150000e-02 4.223487e-01
4.160000e-02 4.388502e-01
4.170000e-02 4.533558e-01
4.180000e-02 4.673368e-01
4.190000e-02 4.831141e-01
4.200000e-02 5.037962e-01
4.210000e-02 5.332884e-01
4.220000e-02 5.763769e-01
4.230000e-02 6.386552e-01
4.240000e-02 7.255026e-01
4.250000e-02 8.383029e-01
4.260000e-02 9.657973e-01
4.270000e-02 1.074847e+00
4.280000e-02 1.120957e+00
4.290000e-02 1.087301e+00
4.300000e-02 1.002041e+00
4.310000e-02 9.064227e-01
4.320000e-02 8.257808e-01
4.330000e-02 7.684368e-01
4.340000e-02 7.342510e-01
4.350000e-02 7.204877e-01
4.360000e-02 7.241301e-01
4.370000e-02 7.423232e-01
4.380000e-02 7.720516e-01
4.390000e-02 8.095799e-01
4.400000e-02 8.500191e-01
4.410000e-02 8.874347e-01
4.420000e-02 9.158351e-01
4.430000e-02 9.308892e-01
4.440000e-02 9.314731e-01
4.450000e-02 9.199714e-01
4.460000e-02 9.011214e-01
4.470000e-02 8.802475e-01
4.480000e-02 8.618963e-01
4.490000e-02 8.492614e-01
4.500000e-02 8.442060e-01
4.510000e-02 8.475335e-01
4.520000e-02 8.592594e-01
4.530000e-02 8.787846e-01
4.540000e-02 9.049642e-01
4.550000e-02 9.361126e-01
4.560000e-02 9.700072e-01
4.570000e-02 1.003959e+00
4.580000e-02 1.035008e+00
4.590000e-02 1.060257e+00
4.600000e-02 1.077296e+00
4.610000e-02 1.084598e+00
4.620000e-02 1.081749e+00
4.630000e-02 1.069446e+00
4.640000e-02 1.049247e+00
4.650000e-02 1.023214e+00
4.660000e-02 9.935333e-01
4.670000e-02 9.622370e-01
4.680000e-02 9.310392e-01
4.690000e-02 9.012821e-01
4.700000e-02 8.739565e-01
4.710000e-02 8.497610e-01
4.720000e-02 8.291718e-01
4.730000e-02 8.125087e-01
4.740000e-02 7.999855e-01
4.750000e-02 7.917449e-01
4.760000e-02 7.878751e-01
4.770000e-02 7.884112e-01
4.780000e-02 7.933241e-01
4.790000e-02 8.025008e-01
4.800000e-02 8.157223e-01
4.810000e-02 8.326451e-01
4.820000e-02 8.527909e-01
4.830000e-02 8.755501e-01
4.840000e-02 9.001980e-01
4.850000e-02 9.259227e-01
4.860000e-02 9.518602e-01
4.870000e-02 9.771342e-01
4.880000e-02 1.000894e+00
4.890000e-02 1.022355e+00
4.900000e-02 1.040827e+00
4.910000e-02 1.055751e+00
4.920000e-02 1.066716e+00
4.930000e-02 1.073478e+00
4.940000e-02 1.075966e+00
4.950000e-02 1.074275e+00
4.960000e-02 1.068651e+00
4.970000e-02 1.059467e+00
4.980000e-02 1.047187e+00
4.990000e-02 1.032338e+00
