0.000000e+00 2.539201e+00
1.000000e-02 2.060825e+00
2.000000e-02 1.784609e+00
3.000000e-02 1.801007e+00
4.000000e-02 2.638384e+00
5.000000e-02 2.916542e+00
6.000000e-02 3.140640e+00
7.000000e-02 3.615019e+00
8.000000e-02 2.591281e+00
9.000000e-02 1.621869e+00
1.000000e-01 1.819596e+00
1.100000e-01 2.236981e+00
1.200000e-01 2.028585e+00
1.300000e-01 3.089242e+00
1.400000e-01 3.369244e+00
1.500000e-01 3.390149e+00
1.600000e-01 3.429739e+00
1.700000e-01 5.197342e+00
1.800000e-01 4.760893e+00
1.900000e-01 5.162248e+00
2.000000e-01 4.782869e+00
2.100000e-01 4.024427e+00
2.200000e-01 3.110172e+00
2.300000e-01 3.159666e+00
2.400000e-01 3.565381e+00
2.500000e-01 3.643493e+00
2.600000e-01 3.826339e+00
2.700000e-01 2.712281e+00
2.800000e-01 3.754054e+00
2.900000e-01 3.566215e+00
3.000000e-01 3.921364e+00
3.100000e-01 3.651437e+00
3.200000e-01 4.501773e+00
3.300000e-01 4.663749e+00
3.400000e-01 4.374572e+00
3.500000e-01 5.230443e+00
3.600000e-01 4.621896e+00
3.700000e-01 4.605765e+00
3.800000e-01 4.152071e+00
3.900000e-01 4.994754e+00
4.000000e-01 3.540126e+00
4.100000e-01 3.947244e+00
4.200000e-01 4.056435e+00
4.300000e-01 3.348202e+00
4.400000e-01 2.054533e+00
4.500000e-01 3.519474e+00
4.600000e-01 2.001899e+00
4.700000e-01 3.533130e+00
4.800000e-01 3.208791e+00
4.900000e-01 4.704942e+00
5.000000e-01 3.779129e+00
5.100000e-01 2.712152e+00
5.200000e-01 3.795868e+00
5.300000e-01 2.383830e+00
5.400000e-01 3.509187e+00
5.500000e-01 3.361942e+00
5.600000e-01 2.083484e+00
5.700000e-01 1.982440e+00
5.800000e-01 2.480077e+00
5.900000e-01 3.065412e+00
6.000000e-01 1.436725e+00
6.100000e-01 2.704670e+00
6.200000e-01 2.780430e+00
6.300000e-01 3.969092e+00
6.400000e-01 1.217839e+00
6.500000e-01 2.885539e+00
6.600000e-01 2.674326e+00
6.700000e-01 3.296443e+00
6.800000e-01 3.638901e+00
6.900000e-01 3.648190e+00
7.000000e-01 2.380901e+00
7.100000e-01 1.717322e+00
7.200000e-01 2.506983e+00
7.300000e-01 2.911519e+00
7.400000e-01 2.573934e+00
7.500000e-01 2.420062e+00
7.600000e-01 1.423653e+00
7.700000e-01 3.431765e+00
7.800000e-01 1.743548e+00
7.900000e-01 1.907982e+00
8.000000e-01 2.266456e+00
8.100000e-01 2.256441e+00
8.200000e-01 3.615862e+00
8.300000e-01 3.617748e+00
8.400000e-01 3.197857e+00
8.500000e-01 2.847867e+00
8.600000e-01 2.759557e+00
8.700000e-01 2.898945e+00
8.800000e-01 3.806424e+00
8.900000e-01 3.058774e+00
9.000000e-01 3.027581e+00
9.100000e-01 3.894701e+00
9.200000e-01 2.989300e+00
9.300000e-01 2.496054e+00
9.400000e-01 2.142948e+00
9.500000e-01 1.720230e+00
9.600000e-01 3.727290e+00
9.700000e-01 2.753270e+00
9.800000e-01 3.052582e+00
9.900000e-01 1.875969e+00
