0.000000e+00 2.539201e+00
1.000000e-02 2.506545e+00
2.000000e-02 2.512909e+00
3.000000e-02 2.668250e+00
4.000000e-02 2.951585e+00
5.000000e-02 3.030974e+00
6.000000e-02 3.206068e+00
7.000000e-02 3.756188e+00
8.000000e-02 4.409126e+00
9.000000e-02 4.466764e+00
1.000000e-01 3.716999e+00
1.100000e-01 3.857437e+00
1.200000e-01 4.193299e+00
1.300000e-01 5.002906e+00
1.400000e-01 4.590024e+00
1.500000e-01 4.479204e+00
1.600000e-01 3.432181e+00
1.700000e-01 2.521267e+00
1.800000e-01 3.595752e+00
1.900000e-01 3.287511e+00
2.000000e-01 4.981192e+00
2.100000e-01 3.871305e+00
2.200000e-01 2.975674e+00
2.300000e-01 3.628158e+00
2.400000e-01 3.216685e+00
2.500000e-01 3.198485e+00
2.600000e-01 2.846639e+00
2.700000e-01 2.464738e+00
2.800000e-01 3.472571e+00
2.900000e-01 3.702518e+00
3.000000e-01 3.394501e+00
3.100000e-01 2.808061e+00
3.200000e-01 2.303079e+00
3.300000e-01 4.035554e+00
3.400000e-01 3.746865e+00
3.500000e-01 4.523588e+00
3.600000e-01 3.355941e+00
3.700000e-01 3.088484e+00
3.800000e-01 4.289391e+00
3.900000e-01 4.196292e+00
4.000000e-01 4.495727e+00
4.100000e-01 5.009023e+00
4.200000e-01 4.289863e+00
4.300000e-01 4.141637e+00
4.400000e-01 3.369073e+00
4.500000e-01 3.015752e+00
4.600000e-01 4.162482e+00
4.700000e-01 4.344572e+00
4.800000e-01 2.457908e+00
4.900000e-01 4.358406e+00
5.000000e-01 2.537831e+00
5.100000e-01 4.441995e+00
5.200000e-01 3.989796e+00
5.300000e-01 4.268493e+00
5.400000e-01 2.561465e+00
5.500000e-01 3.346299e+00
5.600000e-01 3.529614e+00
5.700000e-01 3.661328e+00
5.800000e-01 2.733008e+00
5.900000e-01 2.998681e+00
6.000000e-01 2.788889e+00
6.100000e-01 4.285568e+00
6.200000e-01 3.342367e+00
6.300000e-01 2.127861e+00
6.400000e-01 2.524151e+00
6.500000e-01 3.260831e+00
6.600000e-01 2.780893e+00
6.700000e-01 3.011000e+00
6.800000e-01 2.166203e+00
6.900000e-01 2.648017e+00
7.000000e-01 3.118036e+00
7.100000e-01 2.879094e+00
7.200000e-01 3.489489e+00
7.300000e-01 3.386226e+00
7.400000e-01 3.401257e+00
7.500000e-01 3.828753e+00
7.600000e-01 2.372920e+00
7.700000e-01 2.440119e+00
7.800000e-01 3.855333e+00
7.900000e-01 4.383950e+00
8.000000e-01 4.434019e+00
8.100000e-01 3.891521e+00
8.200000e-01 2.626824e+00
8.300000e-01 2.863145e+00
8.400000e-01 3.078738e+00
8.500000e-01 3.078116e+00
8.600000e-01 2.580594e+00
8.700000e-01 2.336761e+00
8.800000e-01 3.150713e+00
8.900000e-01 2.887063e+00
9.000000e-01 1.890983e+00
9.100000e-01 2.147583e+00
9.200000e-01 2.032054e+00
9.300000e-01 3.105838e+00
9.400000e-01 1.096560e+00
9.500000e-01 2.701082e+00
9.600000e-01 3.663070e+00
9.700000e-01 1.998498e+00
9.800000e-01 2.920835e+00
9.900000e-01 2.469299e+00
