0.000000e+00 1.780107e+00
5.000000e-02 3.016505e+00
1.000000e-01 3.533983e+00
1.500000e-01 3.736388e+00
2.000000e-01 4.498591e+00
2.500000e-01 3.831791e+00
3.000000e-01 3.905650e+00
3.500000e-01 3.366195e+00
4.000000e-01 3.973056e+00
4.500000e-01 3.834816e+00
5.000000e-01 3.433242e+00
5.500000e-01 3.606328e+00
6.000000e-01 1.833569e+00
6.500000e-01 2.774874e+00
7.000000e-01 2.304095e+00
7.500000e-01 2.582885e+00
8.000000e-01 2.003186e+00
8.500000e-01 2.253352e+00
9.000000e-01 1.698932e+00
9.500000e-01 1.226351e+00
