0.000000e+00 1.780107e+00
5.000000e-02 3.621610e+00
1.000000e-01 4.000495e+00
1.500000e-01 3.694451e+00
2.000000e-01 3.639834e+00
2.500000e-01 3.935261e+00
3.000000e-01 3.557074e+00
3.500000e-01 4.193999e+00
4.000000e-01 3.776809e+00
4.500000e-01 3.898157e+00
5.000000e-01 4.651300e+00
5.500000e-01 3.315945e+00
6.000000e-01 2.538802e+00
6.500000e-01 2.985825e+00
7.000000e-01 2.768427e+00
7.500000e-01 1.837397e+00
8.000000e-01 1.733892e+00
8.500000e-01 2.251520e+00
9.000000e-01 2.152576e+00
9.500000e-01 1.083184e+00
