0.000000e+00 4.074926e+00
5.000000e-02 4.008553e+00
1.000000e-01 4.027962e+00
1.500000e-01 4.005402e+00
2.000000e-01 3.907518e+00
2.500000e-01 3.810027e+00
3.000000e-01 3.772541e+00
3.500000e-01 3.749003e+00
4.000000e-01 3.667797e+00
4.500000e-01 3.573963e+00
5.000000e-01 3.491949e+00
5.500000e-01 3.318260e+00
6.000000e-01 3.355855e+00
6.500000e-01 3.867237e+00
7.000000e-01 3.828906e+00
7.500000e-01 3.655705e+00
8.000000e-01 3.718786e+00
8.500000e-01 3.768327e+00
9.000000e-01 3.868752e+00
9.500000e-01 3.584089e+00
1.000000e+00 3.737611e+00
1.050000e+00 3.925697e+00
1.100000e+00 3.924712e+00
1.150000e+00 3.780485e+00
1.200000e+00 3.480030e+00
1.250000e+00 3.227204e+00
1.300000e+00 3.160035e+00
1.350000e+00 3.519287e+00
1.400000e+00 3.420284e+00
1.450000e+00 3.420007e+00
1.500000e+00 3.448266e+00
1.550000e+00 3.315191e+00
1.600000e+00 3.420648e+00
1.650000e+00 3.398603e+00
1.700000e+00 2.974546e+00
1.750000e+00 2.775407e+00
1.800000e+00 2.308117e+00
1.850000e+00 2.485728e+00
1.900000e+00 2.348058e+00
1.950000e+00 2.569941e+00
2.000000e+00 2.640932e+00
2.050000e+00 2.303352e+00
2.100000e+00 2.733912e+00
2.150000e+00 2.456640e+00
2.200000e+00 2.335304e+00
2.250000e+00 2.297626e+00
2.300000e+00 2.481807e+00
2.350000e+00 1.852664e+00
2.400000e+00 1.736415e+00
2.450000e+00 2.029956e+00
2.500000e+00 2.086975e+00
2.550000e+00 2.266469e+00
2.600000e+00 2.199103e+00
2.650000e+00 1.934879e+00
2.700000e+00 2.050829e+00
2.750000e+00 2.010351e+00
2.800000e+00 1.948616e+00
2.850000e+00 1.529135e+00
2.900000e+00 2.200544e+00
2.950000e+00 1.696832e+00
3.000000e+00 2.019553e+00
3.050000e+00 1.877363e+00
3.100000e+00 2.077840e+00
3.150000e+00 1.557688e+00
3.200000e+00 2.049314e+00
3.250000e+00 1.830372e+00
3.300000e+00 2.106629e+00
3.350000e+00 1.274332e+00
3.400000e+00 2.017544e+00
3.450000e+00 1.745529e+00
3.500000e+00 1.744006e+00
3.550000e+00 1.889860e+00
3.600000e+00 1.479347e+00
3.650000e+00 1.638640e+00
3.700000e+00 1.208219e+00
3.750000e+00 1.188103e+00
3.800000e+00 4.449609e-01
3.850000e+00 1.263223e+00
3.900000e+00 9.726919e-01
3.950000e+00 9.638363e-01
4.000000e+00 9.575327e-01
4.050000e+00 1.073693e+00
4.100000e+00 7.879850e-01
4.150000e+00 1.047411e+00
4.200000e+00 9.906865e-01
4.250000e+00 6.125118e-01
4.300000e+00 8.032545e-01
4.350000e+00 2.910067e-01
4.400000e+00 1.037876e+00
4.450000e+00 1.093146e+00
4.500000e+00 6.839379e-01
4.550000e+00 1.955271e-01
4.600000e+00 4.432340e-01
4.650000e+00 3.614933e-01
4.700000e+00 4.329282e-01
4.750000e+00 6.980805e-01
4.800000e+00 8.147505e-01
4.850000e+00 8.510962e-01
4.900000e+00 4.042729e-01
4.950000e+00 9.540358e-01
