0.000000e+00 4.074926e+00
5.000000e-02 3.928437e+00
1.000000e-01 3.817953e+00
1.500000e-01 3.752511e+00
2.000000e-01 3.725399e+00
2.500000e-01 3.750761e+00
3.000000e-01 3.830138e+00
3.500000e-01 3.941416e+00
4.000000e-01 4.028224e+00
4.500000e-01 4.000758e+00
5.000000e-01 3.841745e+00
5.500000e-01 3.579215e+00
6.000000e-01 3.423958e+00
6.500000e-01 3.440156e+00
7.000000e-01 3.592400e+00
7.500000e-01 3.672692e+00
8.000000e-01 3.489446e+00
8.500000e-01 3.204799e+00
9.000000e-01 3.056080e+00
9.500000e-01 3.211684e+00
1.000000e+00 3.340588e+00
1.050000e+00 3.370521e+00
1.100000e+00 3.633691e+00
1.150000e+00 3.641307e+00
1.200000e+00 3.931223e+00
1.250000e+00 3.923956e+00
1.300000e+00 3.352997e+00
1.350000e+00 3.246421e+00
1.400000e+00 3.143938e+00
1.450000e+00 2.856495e+00
1.500000e+00 3.072390e+00
1.550000e+00 2.800153e+00
1.600000e+00 2.734068e+00
1.650000e+00 2.665332e+00
1.700000e+00 2.698258e+00
1.750000e+00 2.704693e+00
1.800000e+00 2.879978e+00
1.850000e+00 2.576396e+00
1.900000e+00 2.515130e+00
1.950000e+00 2.448776e+00
2.000000e+00 2.578468e+00
2.050000e+00 3.006932e+00
2.100000e+00 3.019139e+00
2.150000e+00 2.646368e+00
2.200000e+00 2.249700e+00
2.250000e+00 2.411834e+00
2.300000e+00 2.605104e+00
2.350000e+00 2.604910e+00
2.400000e+00 2.221099e+00
2.450000e+00 2.247307e+00
2.500000e+00 1.722542e+00
2.550000e+00 2.075319e+00
2.600000e+00 2.216702e+00
2.650000e+00 2.017878e+00
2.700000e+00 1.513075e+00
2.750000e+00 1.563763e+00
2.800000e+00 1.817917e+00
2.850000e+00 2.064194e+00
2.900000e+00 1.869017e+00
2.950000e+00 1.535514e+00
3.000000e+00 1.012708e+00
3.050000e+00 1.227333e+00
3.100000e+00 1.789460e+00
3.150000e+00 1.031617e+00
3.200000e+00 1.323683e+00
3.250000e+00 6.223185e-01
3.300000e+00 8.853863e-01
3.350000e+00 1.126579e+00
3.400000e+00 1.266141e+00
3.450000e+00 1.407930e+00
3.500000e+00 1.125022e+00
3.550000e+00 1.102035e+00
3.600000e+00 1.254937e+00
3.650000e+00 1.256563e+00
3.700000e+00 1.376573e+00
3.750000e+00 1.633147e+00
3.800000e+00 1.465653e+00
3.850000e+00 1.518155e+00
3.900000e+00 1.466900e+00
3.950000e+00 8.167448e-01
4.000000e+00 7.482168e-01
4.050000e+00 1.068416e+00
4.100000e+00 8.650109e-01
4.150000e+00 4.097026e-01
4.200000e+00 5.253853e-01
4.250000e+00 1.137292e+00
4.300000e+00 8.264884e-01
4.350000e+00 9.524115e-01
4.400000e+00 4.220211e-01
4.450000e+00 1.088751e+00
4.500000e+00 5.887118e-01
4.550000e+00 7.656565e-01
4.600000e+00 1.937484e-01
4.650000e+00 2.410522e-01
4.700000e+00 9.006358e-01
4.750000e+00 1.052547e+00
4.800000e+00 7.176619e-01
4.850000e+00 1.393111e-01
4.900000e+00 6.673441e-01
4.950000e+00 4.961315e-01
