0.000000e+00 1.232941e+01
6.000000e-02 1.237950e+01
1.200000e-01 1.234779e+01
1.800000e-01 1.226676e+01
2.400000e-01 1.218424e+01
3.000000e-01 1.207419e+01
3.600000e-01 1.192120e+01
4.200000e-01 1.167665e+01
4.800000e-01 1.133718e+01
5.400000e-01 1.095695e+01
6.000000e-01 1.064762e+01
6.600000e-01 1.036538e+01
7.200000e-01 1.009251e+01
7.800000e-01 9.833856e+00
8.400000e-01 9.584499e+00
9.000000e-01 9.369930e+00
9.600000e-01 9.177901e+00
1.020000e+00 9.016562e+00
1.080000e+00 8.798389e+00
1.140000e+00 8.512338e+00
1.200000e+00 8.082022e+00
1.260000e+00 7.704754e+00
1.320000e+00 7.465283e+00
1.380000e+00 7.238860e+00
1.440000e+00 7.077079e+00
1.500000e+00 6.724640e+00
1.560000e+00 6.589438e+00
1.620000e+00 6.030901e+00
1.680000e+00 5.692205e+00
1.740000e+00 5.572654e+00
1.800000e+00 5.732789e+00
1.860000e+00 5.647707e+00
1.920000e+00 5.489698e+00
1.980000e+00 5.805897e+00
2.040000e+00 5.523844e+00
2.100000e+00 4.824484e+00
2.160000e+00 4.539078e+00
2.220000e+00 4.453656e+00
2.280000e+00 3.627278e+00
2.340000e+00 3.714254e+00
2.400000e+00 3.749089e+00
2.460000e+00 3.687540e+00
2.520000e+00 4.081491e+00
2.580000e+00 3.904064e+00
2.640000e+00 3.268107e+00
2.700000e+00 3.409329e+00
2.760000e+00 3.486961e+00
2.820000e+00 3.323323e+00
2.880000e+00 2.879647e+00
2.940000e+00 3.081234e+00
3.000000e+00 3.023432e+00
3.060000e+00 3.132372e+00
3.120000e+00 2.888966e+00
3.180000e+00 2.805619e+00
3.240000e+00 2.603195e+00
3.300000e+00 2.779962e+00
3.360000e+00 2.675551e+00
3.420000e+00 2.597436e+00
3.480000e+00 2.145226e+00
3.540000e+00 1.765624e+00
3.600000e+00 2.447251e+00
3.660000e+00 2.018733e+00
3.720000e+00 2.179544e+00
3.780000e+00 2.039518e+00
3.840000e+00 1.353421e+00
3.900000e+00 1.966717e+00
3.960000e+00 2.116340e+00
4.020000e+00 1.743569e+00
4.080000e+00 1.509341e+00
4.140000e+00 1.401791e+00
4.200000e+00 1.523014e+00
4.260000e+00 7.722630e-01
4.320000e+00 1.870996e-01
4.380000e+00 4.557635e-01
4.440000e+00 6.910719e-01
4.500000e+00 9.996858e-01
4.560000e+00 5.315060e-01
4.620000e+00 8.545946e-01
4.680000e+00 1.178956e+00
4.740000e+00 4.183251e-01
4.800000e+00 1.267245e+00
4.860000e+00 4.621266e-01
4.920000e+00 5.673931e-01
4.980000e+00 4.596807e-01
5.040000e+00 3.483735e-01
5.100000e+00 2.847424e-01
5.160000e+00 4.202721e-01
5.220000e+00 9.453412e-01
5.280000e+00 5.167623e-01
5.340000e+00 6.833103e-01
5.400000e+00 6.623525e-01
5.460000e+00 4.305045e-02
5.520000e+00 5.089132e-02
5.580000e+00 8.146939e-01
5.640000e+00 4.105150e-01
5.700000e+00 1.292404e-01
5.760000e+00 7.036072e-01
5.820000e+00 4.217913e-01
5.880000e+00 4.969359e-02
5.940000e+00 5.190579e-02
