-5.000000e-02 1.791606e+00
-4.990000e-02 1.850752e+00
-4.980000e-02 1.906024e+00
-4.970000e-02 1.956788e+00
-4.960000e-02 2.002727e+00
-4.950000e-02 2.043825e+00
-4.940000e-02 2.080315e+00
-4.930000e-02 2.112605e+00
-4.920000e-02 2.141205e+00
-4.910000e-02 2.166662e+00
-4.900000e-02 2.189522e+00
-4.890000e-02 2.210301e+00
-4.880000e-02 2.229472e+00
-4.870000e-02 2.247458e+00
-4.860000e-02 2.264635e+00
-4.850000e-02 2.281326e+00
-4.840000e-02 2.297808e+00
-4.830000e-02 2.314311e+00
-4.820000e-02 2.331016e+00
-4.810000e-02 2.348057e+00
-4.800000e-02 2.365518e+00
-4.790000e-02 2.383427e+00
-4.780000e-02 2.401762e+00
-4.770000e-02 2.420448e+00
-4.760000e-02 2.439360e+00
-4.750000e-02 2.458338e+00
-4.740000e-02 2.477195e+00
-4.730000e-02 2.495734e+00
-4.720000e-02 2.513765e+00
-4.710000e-02 2.531107e+00
-4.700000e-02 2.547571e+00
-4.690000e-02 2.562918e+00
-4.680000e-02 2.576786e+00
-4.670000e-02 2.588614e+00
-4.660000e-02 2.597580e+00
-4.650000e-02 2.602625e+00
-4.640000e-02 2.602579e+00
-4.630000e-02 2.596394e+00
-4.620000e-02 2.583423e+00
-4.610000e-02 2.563626e+00
-4.600000e-02 2.537628e+00
-4.590000e-02 2.506577e+00
-4.580000e-02 2.471851e+00
-4.570000e-02 2.434715e+00
-4.560000e-02 2.396010e+00
-4.550000e-02 2.355924e+00
-4.540000e-02 2.313885e+00
-4.530000e-02 2.268573e+00
-4.520000e-02 2.218082e+00
-4.510000e-02 2.160258e+00
-4.500000e-02 2.093216e+00
-4.490000e-02 2.015987e+00
-4.480000e-02 1.929091e+00
-4.470000e-02 1.834797e+00
-4.460000e-02 1.736859e+00
-4.450000e-02 1.639777e+00
-4.440000e-02 1.547861e+00
-4.430000e-02 1.464476e+00
-4.420000e-02 1.391686e+00
-4.410000e-02 1.330305e+00
-4.400000e-02 1.280178e+00
-4.390000e-02 1.240538e+00
-4.380000e-02 1.210321e+00
-4.370000e-02 1.188386e+00
-4.360000e-02 1.173650e+00
-4.350000e-02 1.165156e+00
-4.340000e-02 1.162100e+00
-4.330000e-02 1.163826e+00
-4.320000e-02 1.169813e+00
-4.310000e-02 1.179655e+00
-4.300000e-02 1.193045e+00
-4.290000e-02 1.209752e+00
-4.280000e-02 1.229607e+00
-4.270000e-02 1.252489e+00
-4.260000e-02 1.278313e+00
-4.250000e-02 1.307021e+00
-4.240000e-02 1.338569e+00
-4.230000e-02 1.372926e+00
-4.220000e-02 1.410062e+00
-4.210000e-02 1.449947e+00
-4.200000e-02 1.492542e+00
-4.190000e-02 1.537794e+00
-4.180000e-02 1.585634e+00
-4.170000e-02 1.635971e+00
-4.160000e-02 1.688686e+00
-4.150000e-02 1.743629e+00
-4.140000e-02 1.800614e+00
-4.130000e-02 1.859411e+00
-4.120000e-02 1.919745e+00
-4.110000e-02 1.981283e+00
-4.100000e-02 2.043638e+00
-4.090000e-02 2.106353e+00
-4.080000e-02 2.168905e+00
-4.070000e-02 2.230696e+00
-4.060000e-02 2.291060e+00
-4.050000e-02 2.349264e+00
-4.040000e-02 2.404523e+00
-4.030000e-02 2.456019e+00
-4.020000e-02 2.502936e+00
-4.010000e-02 2.544490e+00
-4.000000e-02 2.579988e+00
-3.990000e-02 2.608868e+00
-3.980000e-02 2.630760e+00
-3.970000e-02 2.645520e+00
-3.960000e-02 2.653263e+00
-3.950000e-02 2.654366e+00
-3.940000e-02 2.649456e+00
-3.930000e-02 2.639368e+00
-3.920000e-02 2.625091e+00
-3.910000e-02 2.607701e+00
-3.900000e-02 2.588298e+00
-3.890000e-02 2.567947e+00
-3.880000e-02 2.547632e+00
-3.870000e-02 2.528224e+00
-3.860000e-02 2.510464e+00
-3.850000e-02 2.494965e+00
-3.840000e-02 2.482211e+00
-3.830000e-02 2.472575e+00
-3.820000e-02 2.466325e+00
-3.810000e-02 2.463634e+00
-3.800000e-02 2.464595e+00
-3.790000e-02 2.469211e+00
-3.780000e-02 2.477399e+00
-3.770000e-02 2.488978e+00
-3.760000e-02 2.503676e+00
-3.750000e-02 2.521159e+00
-3.740000e-02 2.541151e+00
-3.730000e-02 2.563774e+00
-3.720000e-02 2.590408e+00
-3.710000e-02 2.625676e+00
-3.700000e-02 2.680742e+00
-3.690000e-02 2.771761e+00
-3.680000e-02 2.890047e+00
-3.670000e-02 2.971793e+00
-3.660000e-02 2.980718e+00
-3.650000e-02 2.945499e+00
-3.640000e-02 2.894737e+00
-3.630000e-02 2.839621e+00
-3.620000e-02 2.783417e+00
-3.610000e-02 2.727254e+00
-3.600000e-02 2.671899e+00
-3.590000e-02 2.618108e+00
-3.580000e-02 2.566601e+00
-3.570000e-02 2.517999e+00
-3.560000e-02 2.472781e+00
-3.550000e-02 2.431279e+00
-3.540000e-02 2.393690e+00
-3.530000e-02 2.360101e+00
-3.520000e-02 2.330518e+00
-3.510000e-02 2.304889e+00
-3.500000e-02 2.283127e+00
-3.490000e-02 2.265124e+00
-3.480000e-02 2.250769e+00
-3.470000e-02 2.239951e+00
-3.460000e-02 2.232567e+00
-3.450000e-02 2.228529e+00
-3.440000e-02 2.227761e+00
-3.430000e-02 2.230204e+00
-3.420000e-02 2.235817e+00
-3.410000e-02 2.244573e+00
-3.400000e-02 2.256465e+00
-3.390000e-02 2.271500e+00
-3.380000e-02 2.289699e+00
-3.370000e-02 2.311100e+00
-3.360000e-02 2.335751e+00
-3.350000e-02 2.363710e+00
-3.340000e-02 2.395038e+00
-3.330000e-02 2.429798e+00
-3.320000e-02 2.468037e+00
-3.310000e-02 2.509782e+00
-3.300000e-02 2.555013e+00
-3.290000e-02 2.603641e+00
-3.280000e-02 2.655471e+00
-3.270000e-02 2.710167e+00
-3.260000e-02 2.767198e+00
-3.250000e-02 2.825798e+00
-3.240000e-02 2.884922e+00
-3.230000e-02 2.943235e+00
-3.220000e-02 2.999124e+00
-3.210000e-02 3.050765e+00
-3.200000e-02 3.096226e+00
-3.190000e-02 3.133599e+00
-3.180000e-02 3.161119e+00
-3.170000e-02 3.177231e+00
-3.160000e-02 3.180568e+00
-3.150000e-02 3.169849e+00
-3.140000e-02 3.143727e+00
-3.130000e-02 3.100738e+00
-3.120000e-02 3.039597e+00
-3.110000e-02 2.960206e+00
-3.100000e-02 2.865590e+00
-3.090000e-02 2.764034e+00
-3.080000e-02 2.668910e+00
-3.070000e-02 2.593863e+00
-3.060000e-02 2.545857e+00
-3.050000e-02 2.522644e+00
-3.040000e-02 2.516453e+00
-3.030000e-02 2.519144e+00
-3.020000e-02 2.524925e+00
-3.010000e-02 2.530629e+00
-3.000000e-02 2.534990e+00
-2.990000e-02 2.537860e+00
-2.980000e-02 2.539658e+00
-2.970000e-02 2.541052e+00
-2.960000e-02 2.542783e+00
-2.950000e-02 2.545584e+00
-2.940000e-02 2.550138e+00
-2.930000e-02 2.557065e+00
-2.920000e-02 2.566913e+00
-2.910000e-02 2.580154e+00
-2.900000e-02 2.597177e+00
-2.890000e-02 2.618283e+00
-2.880000e-02 2.643673e+00
-2.870000e-02 2.673434e+00
-2.860000e-02 2.707521e+00
-2.850000e-02 2.745739e+00
-2.840000e-02 2.787721e+00
-2.830000e-02 2.832913e+00
-2.820000e-02 2.880566e+00
-2.810000e-02 2.929740e+00
-2.800000e-02 2.979327e+00
-2.790000e-02 3.028107e+00
-2.780000e-02 3.074823e+00
-2.770000e-02 3.118298e+00
-2.760000e-02 3.157571e+00
-2.750000e-02 3.192040e+00
-2.740000e-02 3.221602e+00
-2.730000e-02 3.246741e+00
-2.720000e-02 3.268558e+00
-2.710000e-02 3.288686e+00
-2.700000e-02 3.309095e+00
-2.690000e-02 3.331752e+00
-2.680000e-02 3.358175e+00
-2.670000e-02 3.388914e+00
-2.660000e-02 3.423088e+00
-2.650000e-02 3.458137e+00
-2.640000e-02 3.489992e+00
-2.630000e-02 3.513745e+00
-2.620000e-02 3.524715e+00
-2.610000e-02 3.519566e+00
-2.600000e-02 3.497063e+00
-2.590000e-02 3.458196e+00
-2.580000e-02 3.405726e+00
-2.570000e-02 3.343421e+00
-2.560000e-02 3.275300e+00
-2.550000e-02 3.205074e+00
-2.540000e-02 3.135836e+00
-2.530000e-02 3.069969e+00
-2.520000e-02 3.009171e+00
-2.510000e-02 2.954557e+00
-2.500000e-02 2.906758e+00
-2.490000e-02 2.866023e+00
-2.480000e-02 2.832292e+00
-2.470000e-02 2.805238e+00
-2.460000e-02 2.784304e+00
-2.450000e-02 2.768716e+00
-2.440000e-02 2.757491e+00
-2.430000e-02 2.749454e+00
-2.420000e-02 2.743267e+00
-2.410000e-02 2.737484e+00
-2.400000e-02 2.730630e+00
-2.390000e-02 2.721312e+00
-2.380000e-02 2.708339e+00
-2.370000e-02 2.690845e+00
-2.360000e-02 2.668381e+00
-2.350000e-02 2.640959e+00
-2.340000e-02 2.609039e+00
-2.330000e-02 2.573457e+00
-2.320000e-02 2.535314e+00
-2.310000e-02 2.495847e+00
-2.300000e-02 2.456311e+00
-2.290000e-02 2.417878e+00
-2.280000e-02 2.381575e+00
-2.270000e-02 2.348250e+00
-2.260000e-02 2.318564e+00
-2.250000e-02 2.293003e+00
-2.240000e-02 2.271896e+00
-2.230000e-02 2.255445e+00
-2.220000e-02 2.243745e+00
-2.210000e-02 2.236807e+00
-2.200000e-02 2.234572e+00
-2.190000e-02 2.236925e+00
-2.180000e-02 2.243692e+00
-2.170000e-02 2.254652e+00
-2.160000e-02 2.269520e+00
-2.150000e-02 2.287949e+00
-2.140000e-02 2.309520e+00
-2.130000e-02 2.333731e+00
-2.120000e-02 2.359999e+00
-2.110000e-02 2.387659e+00
-2.100000e-02 2.415978e+00
-2.090000e-02 2.444181e+00
-2.080000e-02 2.471487e+00
-2.070000e-02 2.497158e+00
-2.060000e-02 2.520553e+00
-2.050000e-02 2.541182e+00
-2.040000e-02 2.558746e+00
-2.030000e-02 2.573168e+00
-2.020000e-02 2.584588e+00
-2.010000e-02 2.593352e+00
-2.000000e-02 2.599965e+00
-1.990000e-02 2.605043e+00
-1.980000e-02 2.609257e+00
-1.970000e-02 2.613276e+00
-1.960000e-02 2.617720e+00
-1.950000e-02 2.623118e+00
-1.940000e-02 2.629880e+00
-1.930000e-02 2.638273e+00
-1.920000e-02 2.648402e+00
-1.910000e-02 2.660210e+00
-1.900000e-02 2.673472e+00
-1.890000e-02 2.687818e+00
-1.880000e-02 2.702756e+00
-1.870000e-02 2.717716e+00
-1.860000e-02 2.732094e+00
-1.850000e-02 2.745287e+00
-1.840000e-02 2.756696e+00
-1.830000e-02 2.765677e+00
-1.820000e-02 2.771429e+00
-1.810000e-02 2.772845e+00
-1.800000e-02 2.768361e+00
-1.790000e-02 2.755899e+00
-1.780000e-02 2.733010e+00
-1.770000e-02 2.697320e+00
-1.760000e-02 2.647254e+00
-1.750000e-02 2.582844e+00
-1.740000e-02 2.506236e+00
-1.730000e-02 2.421540e+00
-1.720000e-02 2.334005e+00
-1.710000e-02 2.248869e+00
-1.700000e-02 2.170410e+00
-1.690000e-02 2.101492e+00
-1.680000e-02 2.043600e+00
-1.670000e-02 1.997175e+00
-1.660000e-02 1.962009e+00
-1.650000e-02 1.937602e+00
-1.640000e-02 1.923416e+00
-1.630000e-02 1.919044e+00
-1.620000e-02 1.924301e+00
-1.610000e-02 1.939295e+00
-1.600000e-02 1.964451e+00
-1.590000e-02 2.000547e+00
-1.580000e-02 2.048714e+00
-1.570000e-02 2.110428e+00
-1.560000e-02 2.187430e+00
-1.550000e-02 2.281542e+00
-1.540000e-02 2.394275e+00
-1.530000e-02 2.526127e+00
-1.520000e-02 2.675514e+00
-1.510000e-02 2.837520e+00
-1.500000e-02 3.003144e+00
-1.490000e-02 3.160185e+00
-1.480000e-02 3.296388e+00
-1.470000e-02 3.403158e+00
-1.460000e-02 3.476140e+00
-1.450000e-02 3.511278e+00
-1.440000e-02 3.500870e+00
-1.430000e-02 3.436020e+00
-1.420000e-02 3.315102e+00
-1.410000e-02 3.149498e+00
-1.400000e-02 2.960073e+00
-1.390000e-02 2.768221e+00
-1.380000e-02 2.589337e+00
-1.370000e-02 2.431437e+00
-1.360000e-02 2.296926e+00
-1.350000e-02 2.184968e+00
-1.340000e-02 2.093275e+00
-1.330000e-02 2.019166e+00
-1.320000e-02 1.960086e+00
-1.310000e-02 1.913810e+00
-1.300000e-02 1.878491e+00
-1.290000e-02 1.852636e+00
-1.280000e-02 1.835058e+00
-1.270000e-02 1.824816e+00
-1.260000e-02 1.821166e+00
-1.250000e-02 1.823513e+00
-1.240000e-02 1.831371e+00
-1.230000e-02 1.844326e+00
-1.220000e-02 1.862006e+00
-1.210000e-02 1.884051e+00
-1.200000e-02 1.910088e+00
-1.190000e-02 1.939706e+00
-1.180000e-02 1.972440e+00
-1.170000e-02 2.007755e+00
-1.160000e-02 2.045037e+00
-1.150000e-02 2.083596e+00
-1.140000e-02 2.122672e+00
-1.130000e-02 2.161457e+00
-1.120000e-02 2.199122e+00
-1.110000e-02 2.234858e+00
-1.100000e-02 2.267917e+00
-1.090000e-02 2.297650e+00
-1.080000e-02 2.323551e+00
-1.070000e-02 2.345281e+00
-1.060000e-02 2.362681e+00
-1.050000e-02 2.375779e+00
-1.040000e-02 2.384772e+00
-1.030000e-02 2.390004e+00
-1.020000e-02 2.391942e+00
-1.010000e-02 2.391133e+00
-1.000000e-02 2.388180e+00
-9.900000e-03 2.383712e+00
-9.800000e-03 2.378356e+00
-9.700000e-03 2.372728e+00
-9.600000e-03 2.367413e+00
-9.500000e-03 2.362969e+00
-9.400000e-03 2.359917e+00
-9.300000e-03 2.358750e+00
-9.200000e-03 2.359936e+00
-9.100000e-03 2.363922e+00
-9.000000e-03 2.371144e+00
-8.900000e-03 2.382030e+00
-8.800000e-03 2.397010e+00
-8.700000e-03 2.416512e+00
-8.600000e-03 2.440965e+00
-8.500000e-03 2.470790e+00
-8.400000e-03 2.506380e+00
-8.300000e-03 2.548070e+00
-8.200000e-03 2.596091e+00
-8.100000e-03 2.650491e+00
-8.000000e-03 2.711040e+00
-7.900000e-03 2.777104e+00
-7.800000e-03 2.847515e+00
-7.700000e-03 2.920475e+00
-7.600000e-03 2.993558e+00
-7.500000e-03 3.063900e+00
-7.400000e-03 3.128625e+00
-7.300000e-03 3.185445e+00
-7.200000e-03 3.233220e+00
-7.100000e-03 3.272202e+00
-7.000000e-03 3.303783e+00
-6.900000e-03 3.329884e+00
-6.800000e-03 3.352302e+00
-6.700000e-03 3.372307e+00
-6.600000e-03 3.390573e+00
-6.500000e-03 3.407343e+00
-6.400000e-03 3.422665e+00
-6.300000e-03 3.436596e+00
-6.200000e-03 3.449307e+00
-6.100000e-03 3.461121e+00
-6.000000e-03 3.472477e+00
-5.900000e-03 3.483885e+00
-5.800000e-03 3.495861e+00
-5.700000e-03 3.508884e+00
-5.600000e-03 3.523350e+00
-5.500000e-03 3.539547e+00
-5.400000e-03 3.557637e+00
-5.300000e-03 3.577638e+00
-5.200000e-03 3.599409e+00
-5.100000e-03 3.622644e+00
-5.000000e-03 3.646851e+00
-4.900000e-03 3.671341e+00
-4.800000e-03 3.695218e+00
-4.700000e-03 3.717375e+00
-4.600000e-03 3.736500e+00
-4.500000e-03 3.751104e+00
-4.400000e-03 3.759568e+00
-4.300000e-03 3.760226e+00
-4.200000e-03 3.751475e+00
-4.100000e-03 3.731908e+00
-4.000000e-03 3.700467e+00
-3.900000e-03 3.656582e+00
-3.800000e-03 3.600290e+00
-3.700000e-03 3.532292e+00
-3.600000e-03 3.453943e+00
-3.500000e-03 3.367171e+00
-3.400000e-03 3.274332e+00
-3.300000e-03 3.178022e+00
-3.200000e-03 3.080886e+00
-3.100000e-03 2.985436e+00
-3.000000e-03 2.893909e+00
-2.900000e-03 2.808177e+00
-2.800000e-03 2.729690e+00
-2.700000e-03 2.659475e+00
-2.600000e-03 2.598156e+00
-2.500000e-03 2.545996e+00
-2.400000e-03 2.502954e+00
-2.300000e-03 2.468740e+00
-2.200000e-03 2.442873e+00
-2.100000e-03 2.424737e+00
-2.000000e-03 2.413627e+00
-1.900000e-03 2.408791e+00
-1.800000e-03 2.409466e+00
-1.700000e-03 2.414904e+00
-1.600000e-03 2.424393e+00
-1.500000e-03 2.437273e+00
-1.400000e-03 2.452945e+00
-1.300000e-03 2.470873e+00
-1.200000e-03 2.490585e+00
-1.100000e-03 2.511671e+00
-1.000000e-03 2.533775e+00
-9.000000e-04 2.556591e+00
-8.000000e-04 2.579854e+00
-7.000000e-04 2.603335e+00
-6.000000e-04 2.626829e+00
-5.000000e-04 2.650156e+00
-4.000000e-04 2.673151e+00
-3.000000e-04 2.695662e+00
-2.000000e-04 2.717546e+00
-1.000000e-04 2.738671e+00
1.429412e-15 2.758913e+00
1.000000e-04 2.778156e+00
2.000000e-04 2.796296e+00
3.000000e-04 2.813241e+00
4.000000e-04 2.828910e+00
5.000000e-04 2.843242e+00
6.000000e-04 2.856191e+00
7.000000e-04 2.867730e+00
8.000000e-04 2.877852e+00
9.000000e-04 2.886569e+00
1.000000e-03 2.893911e+00
1.100000e-03 2.899929e+00
1.200000e-03 2.904687e+00
1.300000e-03 2.908264e+00
1.400000e-03 2.910753e+00
1.500000e-03 2.912252e+00
1.600000e-03 2.912867e+00
1.700000e-03 2.912709e+00
1.800000e-03 2.911884e+00
1.900000e-03 2.910499e+00
2.000000e-03 2.908651e+00
2.100000e-03 2.906425e+00
2.200000e-03 2.903889e+00
2.300000e-03 2.901086e+00
2.400000e-03 2.898023e+00
2.500000e-03 2.894653e+00
2.600000e-03 2.890852e+00
2.700000e-03 2.886373e+00
2.800000e-03 2.880776e+00
2.900000e-03 2.873323e+00
3.000000e-03 2.862803e+00
3.100000e-03 2.847328e+00
3.200000e-03 2.824257e+00
3.300000e-03 2.790910e+00
3.400000e-03 2.747658e+00
3.500000e-03 2.703769e+00
3.600000e-03 2.677560e+00
3.700000e-03 2.680313e+00
3.800000e-03 2.704744e+00
3.900000e-03 2.736798e+00
4.000000e-03 2.767557e+00
4.100000e-03 2.793739e+00
4.200000e-03 2.814703e+00
4.300000e-03 2.830504e+00
4.400000e-03 2.841107e+00
4.500000e-03 2.846146e+00
4.600000e-03 2.844948e+00
4.700000e-03 2.836743e+00
4.800000e-03 2.821116e+00
4.900000e-03 2.798754e+00
5.000000e-03 2.772332e+00
5.100000e-03 2.746987e+00
5.200000e-03 2.729549e+00
5.300000e-03 2.726325e+00
5.400000e-03 2.740693e+00
5.500000e-03 2.772266e+00
5.600000e-03 2.818009e+00
5.700000e-03 2.874080e+00
5.800000e-03 2.937171e+00
5.900000e-03 3.005025e+00
6.000000e-03 3.076403e+00
6.100000e-03 3.150833e+00
6.200000e-03 3.228346e+00
6.300000e-03 3.309230e+00
6.400000e-03 3.393827e+00
6.500000e-03 3.482293e+00
6.600000e-03 3.574305e+00
6.700000e-03 3.668651e+00
6.800000e-03 3.762693e+00
6.900000e-03 3.851804e+00
7.000000e-03 3.929055e+00
7.100000e-03 3.985683e+00
7.200000e-03 4.012895e+00
7.300000e-03 4.004904e+00
7.400000e-03 3.961853e+00
7.500000e-03 3.890546e+00
7.600000e-03 3.802151e+00
7.700000e-03 3.708350e+00
7.800000e-03 3.618297e+00
7.900000e-03 3.537506e+00
8.000000e-03 3.468292e+00
8.100000e-03 3.410820e+00
8.200000e-03 3.364097e+00
8.300000e-03 3.326671e+00
8.400000e-03 3.297035e+00
8.500000e-03 3.273826e+00
8.600000e-03 3.255894e+00
8.700000e-03 3.242318e+00
8.800000e-03 3.232380e+00
8.900000e-03 3.225538e+00
9.000000e-03 3.221398e+00
9.100000e-03 3.219683e+00
9.200000e-03 3.220209e+00
9.300000e-03 3.222870e+00
9.400000e-03 3.227621e+00
9.500000e-03 3.234466e+00
9.600000e-03 3.243447e+00
9.700000e-03 3.254641e+00
9.800000e-03 3.268150e+00
9.900000e-03 3.284099e+00
1.000000e-02 3.302630e+00
1.010000e-02 3.323903e+00
1.020000e-02 3.348090e+00
1.030000e-02 3.375374e+00
1.040000e-02 3.405947e+00
1.050000e-02 3.440007e+00
1.060000e-02 3.477757e+00
1.070000e-02 3.519397e+00
1.080000e-02 3.565117e+00
1.090000e-02 3.615078e+00
1.100000e-02 3.669382e+00
1.110000e-02 3.728012e+00
1.120000e-02 3.790724e+00
1.130000e-02 3.856861e+00
1.140000e-02 3.925054e+00
1.150000e-02 3.992793e+00
1.160000e-02 4.055960e+00
1.170000e-02 4.108616e+00
1.180000e-02 4.143650e+00
1.190000e-02 4.154811e+00
1.200000e-02 4.139655e+00
1.210000e-02 4.101381e+00
1.220000e-02 4.047627e+00
1.230000e-02 3.986980e+00
1.240000e-02 3.925931e+00
1.250000e-02 3.867904e+00
1.260000e-02 3.813890e+00
1.270000e-02 3.763544e+00
1.280000e-02 3.716049e+00
1.290000e-02 3.670603e+00
1.300000e-02 3.626619e+00
1.310000e-02 3.583768e+00
1.320000e-02 3.541945e+00
1.330000e-02 3.501207e+00
1.340000e-02 3.461718e+00
1.350000e-02 3.423699e+00
1.360000e-02 3.387390e+00
1.370000e-02 3.353022e+00
1.380000e-02 3.320804e+00
1.390000e-02 3.290909e+00
1.400000e-02 3.263472e+00
1.410000e-02 3.238592e+00
1.420000e-02 3.216329e+00
1.430000e-02 3.196713e+00
1.440000e-02 3.179743e+00
1.450000e-02 3.165397e+00
1.460000e-02 3.153633e+00
1.470000e-02 3.144394e+00
1.480000e-02 3.137610e+00
1.490000e-02 3.133207e+00
1.500000e-02 3.131102e+00
1.510000e-02 3.131214e+00
1.520000e-02 3.133458e+00
1.530000e-02 3.137754e+00
1.540000e-02 3.144025e+00
1.550000e-02 3.152200e+00
1.560000e-02 3.162215e+00
1.570000e-02 3.174017e+00
1.580000e-02 3.187560e+00
1.590000e-02 3.202814e+00
1.600000e-02 3.219760e+00
1.610000e-02 3.238392e+00
1.620000e-02 3.258721e+00
1.630000e-02 3.280770e+00
1.640000e-02 3.304575e+00
1.650000e-02 3.330180e+00
1.660000e-02 3.357632e+00
1.670000e-02 3.386970e+00
1.680000e-02 3.418211e+00
1.690000e-02 3.451328e+00
1.700000e-02 3.486218e+00
1.710000e-02 3.522668e+00
1.720000e-02 3.560298e+00
1.730000e-02 3.598499e+00
1.740000e-02 3.636369e+00
1.750000e-02 3.672638e+00
1.760000e-02 3.705614e+00
1.770000e-02 3.733164e+00
1.780000e-02 3.752760e+00
1.790000e-02 3.761618e+00
1.800000e-02 3.756950e+00
1.810000e-02 3.736309e+00
1.820000e-02 3.697994e+00
1.830000e-02 3.641399e+00
1.840000e-02 3.567220e+00
1.850000e-02 3.477445e+00
1.860000e-02 3.375103e+00
1.870000e-02 3.263864e+00
1.880000e-02 3.147581e+00
1.890000e-02 3.029899e+00
1.900000e-02 2.913988e+00
1.910000e-02 2.802430e+00
1.920000e-02 2.697224e+00
1.930000e-02 2.599883e+00
1.940000e-02 2.511562e+00
1.950000e-02 2.433208e+00
1.960000e-02 2.365696e+00
1.970000e-02 2.309938e+00
1.980000e-02 2.266974e+00
1.990000e-02 2.238004e+00
2.000000e-02 2.224384e+00
2.010000e-02 2.227531e+00
2.020000e-02 2.248743e+00
2.030000e-02 2.288922e+00
2.040000e-02 2.348207e+00
2.050000e-02 2.425598e+00
2.060000e-02 2.518684e+00
2.070000e-02 2.623628e+00
2.080000e-02 2.735492e+00
2.090000e-02 2.848891e+00
2.100000e-02 2.958793e+00
2.110000e-02 3.061215e+00
2.120000e-02 3.153611e+00
2.130000e-02 3.234889e+00
2.140000e-02 3.305149e+00
2.150000e-02 3.365270e+00
2.160000e-02 3.416505e+00
2.170000e-02 3.460150e+00
2.180000e-02 3.497318e+00
2.190000e-02 3.528821e+00
2.200000e-02 3.555111e+00
2.210000e-02 3.576290e+00
2.220000e-02 3.592135e+00
2.230000e-02 3.602151e+00
2.240000e-02 3.605627e+00
2.250000e-02 3.601699e+00
2.260000e-02 3.589419e+00
2.270000e-02 3.567816e+00
2.280000e-02 3.535967e+00
2.290000e-02 3.493065e+00
2.300000e-02 3.438480e+00
2.310000e-02 3.371827e+00
2.320000e-02 3.293024e+00
2.330000e-02 3.202344e+00
2.340000e-02 3.100455e+00
2.350000e-02 2.988443e+00
2.360000e-02 2.867810e+00
2.370000e-02 2.740456e+00
2.380000e-02 2.608623e+00
2.390000e-02 2.474829e+00
2.400000e-02 2.341780e+00
2.410000e-02 2.212285e+00
2.420000e-02 2.089155e+00
2.430000e-02 1.975126e+00
2.440000e-02 1.872776e+00
2.450000e-02 1.784445e+00
2.460000e-02 1.712152e+00
2.470000e-02 1.657495e+00
2.480000e-02 1.621535e+00
2.490000e-02 1.604670e+00
2.500000e-02 1.606511e+00
2.510000e-02 1.625799e+00
2.520000e-02 1.660386e+00
2.530000e-02 1.707328e+00
2.540000e-02 1.763091e+00
2.550000e-02 1.823849e+00
2.560000e-02 1.885840e+00
2.570000e-02 1.945698e+00
2.580000e-02 2.000713e+00
2.590000e-02 2.048970e+00
2.600000e-02 2.089369e+00
2.610000e-02 2.121542e+00
2.620000e-02 2.145720e+00
2.630000e-02 2.162558e+00
2.640000e-02 2.172983e+00
2.650000e-02 2.178061e+00
2.660000e-02 2.178894e+00
2.670000e-02 2.176553e+00
2.680000e-02 2.172038e+00
2.690000e-02 2.166254e+00
2.700000e-02 2.160010e+00
2.710000e-02 2.154019e+00
2.720000e-02 2.148907e+00
2.730000e-02 2.145228e+00
2.740000e-02 2.143472e+00
2.750000e-02 2.144078e+00
2.760000e-02 2.147443e+00
2.770000e-02 2.153928e+00
2.780000e-02 2.163859e+00
2.790000e-02 2.177531e+00
2.800000e-02 2.195199e+00
2.810000e-02 2.217071e+00
2.820000e-02 2.243295e+00
2.830000e-02 2.273934e+00
2.840000e-02 2.308947e+00
2.850000e-02 2.348158e+00
2.860000e-02 2.391224e+00
2.870000e-02 2.437609e+00
2.880000e-02 2.486560e+00
2.890000e-02 2.537092e+00
2.900000e-02 2.588004e+00
2.910000e-02 2.637898e+00
2.920000e-02 2.685243e+00
2.930000e-02 2.728457e+00
2.940000e-02 2.766000e+00
2.950000e-02 2.796488e+00
2.960000e-02 2.818792e+00
2.970000e-02 2.832116e+00
2.980000e-02 2.836049e+00
2.990000e-02 2.830571e+00
3.000000e-02 2.816037e+00
3.010000e-02 2.793119e+00
3.020000e-02 2.762741e+00
3.030000e-02 2.726004e+00
3.040000e-02 2.684116e+00
3.050000e-02 2.638325e+00
3.060000e-02 2.589874e+00
3.070000e-02 2.539964e+00
3.080000e-02 2.489727e+00
3.090000e-02 2.440213e+00
3.100000e-02 2.392381e+00
3.110000e-02 2.347100e+00
3.120000e-02 2.305145e+00
3.130000e-02 2.267201e+00
3.140000e-02 2.233864e+00
3.150000e-02 2.205640e+00
3.160000e-02 2.182950e+00
3.170000e-02 2.166118e+00
3.180000e-02 2.155374e+00
3.190000e-02 2.150840e+00
3.200000e-02 2.152522e+00
3.210000e-02 2.160298e+00
3.220000e-02 2.173899e+00
3.230000e-02 2.192906e+00
3.240000e-02 2.216739e+00
3.250000e-02 2.244659e+00
3.260000e-02 2.275791e+00
3.270000e-02 2.309156e+00
3.280000e-02 2.343728e+00
3.290000e-02 2.378507e+00
3.300000e-02 2.412607e+00
3.310000e-02 2.445336e+00
3.320000e-02 2.476277e+00
3.330000e-02 2.505331e+00
3.340000e-02 2.532731e+00
3.350000e-02 2.559028e+00
3.360000e-02 2.585035e+00
3.370000e-02 2.611762e+00
3.380000e-02 2.640340e+00
3.390000e-02 2.671942e+00
3.400000e-02 2.707715e+00
3.410000e-02 2.748715e+00
3.420000e-02 2.795835e+00
3.430000e-02 2.849728e+00
3.440000e-02 2.910701e+00
3.450000e-02 2.978585e+00
3.460000e-02 3.052586e+00
3.470000e-02 3.131141e+00
3.480000e-02 3.211845e+00
3.490000e-02 3.291521e+00
3.500000e-02 3.366510e+00
3.510000e-02 3.433174e+00
3.520000e-02 3.488528e+00
3.530000e-02 3.530783e+00
3.540000e-02 3.559617e+00
3.550000e-02 3.576081e+00
3.560000e-02 3.582209e+00
3.570000e-02 3.580519e+00
3.580000e-02 3.573549e+00
3.590000e-02 3.563559e+00
3.600000e-02 3.552385e+00
3.610000e-02 3.541408e+00
3.620000e-02 3.531611e+00
3.630000e-02 3.523652e+00
3.640000e-02 3.517938e+00
3.650000e-02 3.514697e+00
3.660000e-02 3.514023e+00
3.670000e-02 3.515907e+00
3.680000e-02 3.520254e+00
3.690000e-02 3.526890e+00
3.700000e-02 3.535562e+00
3.710000e-02 3.545927e+00
3.720000e-02 3.557544e+00
3.730000e-02 3.569868e+00
3.740000e-02 3.582239e+00
3.750000e-02 3.593884e+00
3.760000e-02 3.603926e+00
3.770000e-02 3.611402e+00
3.780000e-02 3.615300e+00
3.790000e-02 3.614605e+00
3.800000e-02 3.608365e+00
3.810000e-02 3.595764e+00
3.820000e-02 3.576200e+00
3.830000e-02 3.549361e+00
3.840000e-02 3.515282e+00
3.850000e-02 3.474391e+00
3.860000e-02 3.427513e+00
3.870000e-02 3.375856e+00
3.880000e-02 3.320961e+00
3.890000e-02 3.264646e+00
3.900000e-02 3.208928e+00
3.910000e-02 3.155959e+00
3.920000e-02 3.107968e+00
3.930000e-02 3.067223e+00
3.940000e-02 3.036009e+00
3.950000e-02 3.016614e+00
3.960000e-02 3.011322e+00
3.970000e-02 3.022386e+00
3.980000e-02 3.051953e+00
3.990000e-02 3.101920e+00
4.000000e-02 3.173664e+00
4.010000e-02 3.267601e+00
4.020000e-02 3.382576e+00
4.030000e-02 3.515107e+00
4.040000e-02 3.658676e+00
4.050000e-02 3.803396e+00
4.060000e-02 3.936511e+00
4.070000e-02 4.044056e+00
4.080000e-02 4.113531e+00
4.090000e-02 4.136769e+00
4.100000e-02 4.111816e+00
4.110000e-02 4.042995e+00
4.120000e-02 3.939231e+00
4.130000e-02 3.811540e+00
4.140000e-02 3.670711e+00
4.150000e-02 3.525810e+00
4.160000e-02 3.383592e+00
4.170000e-02 3.248554e+00
4.180000e-02 3.123334e+00
4.190000e-02 3.009195e+00
4.200000e-02 2.906468e+00
4.210000e-02 2.814904e+00
4.220000e-02 2.733922e+00
4.230000e-02 2.662780e+00
4.240000e-02 2.600684e+00
4.250000e-02 2.546854e+00
4.260000e-02 2.500560e+00
4.270000e-02 2.461139e+00
4.280000e-02 2.428013e+00
4.290000e-02 2.400684e+00
4.300000e-02 2.378744e+00
4.310000e-02 2.361874e+00
4.320000e-02 2.349854e+00
4.330000e-02 2.342575e+00
4.340000e-02 2.340069e+00
4.350000e-02 2.342549e+00
4.360000e-02 2.350492e+00
4.370000e-02 2.364773e+00
4.380000e-02 2.386907e+00
4.390000e-02 2.419494e+00
4.400000e-02 2.467032e+00
4.410000e-02 2.537441e+00
4.420000e-02 2.644706e+00
4.430000e-02 2.811989e+00
4.440000e-02 3.066187e+00
4.450000e-02 3.383650e+00
4.460000e-02 3.575137e+00
4.470000e-02 3.463485e+00
4.480000e-02 3.214549e+00
4.490000e-02 3.011452e+00
4.500000e-02 2.884149e+00
4.510000e-02 2.812165e+00
4.520000e-02 2.775415e+00
4.530000e-02 2.761002e+00
4.540000e-02 2.761231e+00
4.550000e-02 2.771483e+00
4.560000e-02 2.788901e+00
4.570000e-02 2.811645e+00
4.580000e-02 2.838470e+00
4.590000e-02 2.868494e+00
4.600000e-02 2.901042e+00
4.610000e-02 2.935567e+00
4.620000e-02 2.971587e+00
4.630000e-02 3.008648e+00
4.640000e-02 3.046296e+00
4.650000e-02 3.084062e+00
4.660000e-02 3.121452e+00
4.670000e-02 3.157948e+00
4.680000e-02 3.193008e+00
4.690000e-02 3.226085e+00
4.700000e-02 3.256643e+00
4.710000e-02 3.284185e+00
4.720000e-02 3.308274e+00
4.730000e-02 3.328556e+00
4.740000e-02 3.344775e+00
4.750000e-02 3.356766e+00
4.760000e-02 3.364441e+00
4.770000e-02 3.367755e+00
4.780000e-02 3.366665e+00
4.790000e-02 3.361076e+00
4.800000e-02 3.350803e+00
4.810000e-02 3.335527e+00
4.820000e-02 3.314797e+00
4.830000e-02 3.288053e+00
4.840000e-02 3.254719e+00
4.850000e-02 3.214366e+00
4.860000e-02 3.166963e+00
4.870000e-02 3.113181e+00
4.880000e-02 3.054636e+00
4.890000e-02 2.993938e+00
4.900000e-02 2.934361e+00
4.910000e-02 2.879176e+00
4.920000e-02 2.830894e+00
4.930000e-02 2.790769e+00
4.940000e-02 2.758787e+00
4.950000e-02 2.734028e+00
4.960000e-02 2.715179e+00
4.970000e-02 2.700948e+00
4.980000e-02 2.690306e+00
4.990000e-02 2.682573e+00
