0.000000e+00 3.802300e+00
5.000000e-02 3.564841e+00
1.000000e-01 3.417883e+00
1.500000e-01 3.312296e+00
2.000000e-01 3.234122e+00
2.500000e-01 3.192661e+00
3.000000e-01 3.243558e+00
3.500000e-01 3.566653e+00
4.000000e-01 3.514607e+00
4.500000e-01 4.365535e+00
5.000000e-01 4.333959e+00
5.500000e-01 4.129631e+00
6.000000e-01 3.932559e+00
6.500000e-01 4.159574e+00
7.000000e-01 4.887658e+00
7.500000e-01 5.329404e+00
8.000000e-01 5.544473e+00
8.500000e-01 4.865596e+00
9.000000e-01 3.758824e+00
9.500000e-01 3.475651e+00
1.000000e+00 3.408149e+00
1.050000e+00 4.562761e+00
1.100000e+00 4.241774e+00
1.150000e+00 2.862617e+00
1.200000e+00 2.916372e+00
1.250000e+00 2.578837e+00
1.300000e+00 2.942677e+00
1.350000e+00 2.916226e+00
1.400000e+00 3.484831e+00
1.450000e+00 3.290719e+00
1.500000e+00 1.877708e+00
1.550000e+00 2.713244e+00
1.600000e+00 2.989993e+00
1.650000e+00 3.428777e+00
1.700000e+00 2.437496e+00
1.750000e+00 2.357868e+00
1.800000e+00 2.437741e+00
1.850000e+00 1.835236e+00
1.900000e+00 1.332595e+00
1.950000e+00 1.271913e+00
2.000000e+00 1.681182e+00
2.050000e+00 1.264353e+00
2.100000e+00 6.088262e-01
2.150000e+00 5.217230e-01
2.200000e+00 2.492355e+00
2.250000e+00 2.168903e+00
2.300000e+00 2.564319e+00
2.350000e+00 1.657734e+00
2.400000e+00 1.256823e+00
2.450000e+00 2.012945e+00
2.500000e+00 1.954319e+00
2.550000e+00 6.486013e-01
2.600000e+00 1.305013e+00
2.650000e+00 1.285086e+00
2.700000e+00 2.773796e+00
2.750000e+00 1.934434e+00
2.800000e+00 9.193147e-01
2.850000e+00 9.598022e-01
2.900000e+00 1.973563e+00
2.950000e+00 1.247922e+00
3.000000e+00 1.546454e+00
3.050000e+00 5.135467e-01
3.100000e+00 6.961663e-02
3.150000e+00 5.660395e-01
3.200000e+00 9.284816e-02
3.250000e+00 4.125425e-01
3.300000e+00 1.286134e+00
3.350000e+00 1.061509e-01
3.400000e+00 1.512466e+00
3.450000e+00 3.297691e-01
3.500000e+00 3.142707e-01
3.550000e+00 2.281635e-01
3.600000e+00 1.332579e+00
3.650000e+00 7.777787e-01
3.700000e+00 1.416656e-01
3.750000e+00 5.207664e-02
3.800000e+00 2.334265e-01
3.850000e+00 8.410261e-01
3.900000e+00 1.469480e-02
3.950000e+00 2.192133e-01
4.000000e+00 7.468546e-01
4.050000e+00 1.375176e+00
4.100000e+00 4.280641e-01
4.150000e+00 1.469984e-01
4.200000e+00 1.503389e-02
4.250000e+00 4.306121e-02
4.300000e+00 1.207744e-01
4.350000e+00 8.960947e-01
4.400000e+00 1.117545e-01
4.450000e+00 6.300975e-02
4.500000e+00 1.305040e-02
4.550000e+00 3.835617e-03
4.600000e+00 4.142600e-01
4.650000e+00 2.166636e-02
4.700000e+00 3.106093e-03
4.750000e+00 1.509403e-02
4.800000e+00 4.276629e-02
4.850000e+00 1.562653e-01
4.900000e+00 9.373019e-01
4.950000e+00 1.328182e-02
