0.000000e+00 3.802300e+00
5.000000e-02 3.778340e+00
1.000000e-01 3.896912e+00
1.500000e-01 4.140238e+00
2.000000e-01 4.340857e+00
2.500000e-01 4.541872e+00
3.000000e-01 4.283051e+00
3.500000e-01 3.928995e+00
4.000000e-01 4.531789e+00
4.500000e-01 3.605070e+00
5.000000e-01 4.529134e+00
5.500000e-01 4.174153e+00
6.000000e-01 4.186131e+00
6.500000e-01 4.519908e+00
7.000000e-01 3.947680e+00
7.500000e-01 3.603781e+00
8.000000e-01 3.912968e+00
8.500000e-01 4.026432e+00
9.000000e-01 3.495674e+00
9.500000e-01 2.881329e+00
1.000000e+00 2.472070e+00
1.050000e+00 2.442544e+00
1.100000e+00 2.808542e+00
1.150000e+00 2.024612e+00
1.200000e+00 2.091140e+00
1.250000e+00 2.235225e+00
1.300000e+00 2.418537e+00
1.350000e+00 2.241955e+00
1.400000e+00 1.941457e+00
1.450000e+00 1.423432e+00
1.500000e+00 3.093807e+00
1.550000e+00 3.073036e+00
1.600000e+00 1.197819e+00
1.650000e+00 2.491680e+00
1.700000e+00 2.009696e+00
1.750000e+00 2.765544e+00
1.800000e+00 2.279306e+00
1.850000e+00 2.067950e+00
1.900000e+00 2.368407e+00
1.950000e+00 1.814919e+00
2.000000e+00 2.293489e+00
2.050000e+00 1.435303e+00
2.100000e+00 2.395579e+00
2.150000e+00 1.604700e+00
2.200000e+00 8.485644e-01
2.250000e+00 7.892537e-01
2.300000e+00 8.136689e-01
2.350000e+00 9.974500e-01
2.400000e+00 1.102472e+00
2.450000e+00 6.350491e-01
2.500000e+00 4.361630e-01
2.550000e+00 8.100343e-01
2.600000e+00 1.578958e+00
2.650000e+00 1.801672e+00
2.700000e+00 2.868262e+00
2.750000e+00 1.421952e+00
2.800000e+00 4.162667e-01
2.850000e+00 1.376248e+00
2.900000e+00 1.965968e+00
2.950000e+00 2.202358e-01
3.000000e+00 2.253042e-01
3.050000e+00 1.399195e+00
3.100000e+00 2.647773e-01
3.150000e+00 1.019872e+00
3.200000e+00 9.626275e-01
3.250000e+00 1.784315e+00
3.300000e+00 3.784487e-02
3.350000e+00 4.417484e-01
3.400000e+00 9.605438e-01
3.450000e+00 3.055559e-01
3.500000e+00 2.440830e-01
3.550000e+00 5.280924e-01
3.600000e+00 1.506890e-02
3.650000e+00 2.479708e-01
3.700000e+00 1.723376e-01
3.750000e+00 2.130569e-01
3.800000e+00 2.516394e-02
3.850000e+00 4.139626e-02
3.900000e+00 6.573572e-02
3.950000e+00 2.442626e-02
4.000000e+00 1.163184e+00
4.050000e+00 3.637491e-01
4.100000e+00 4.701870e-02
4.150000e+00 5.320381e-03
4.200000e+00 7.089899e-01
4.250000e+00 6.083272e-01
4.300000e+00 2.346559e-01
4.350000e+00 7.230950e-03
4.400000e+00 5.772096e-03
4.450000e+00 2.069503e-02
4.500000e+00 9.906891e-02
4.550000e+00 2.217556e-02
4.600000e+00 1.322025e-02
4.650000e+00 1.152401e-02
4.700000e+00 3.933873e-02
4.750000e+00 8.832983e-05
4.800000e+00 1.455692e-03
4.850000e+00 1.406996e-03
4.900000e+00 2.840556e-02
4.950000e+00 8.342388e-05
