0.000000e+00 3.802300e+00
5.000000e-02 3.670816e+00
1.000000e-01 3.507322e+00
1.500000e-01 3.265202e+00
2.000000e-01 3.123106e+00
2.500000e-01 3.681474e+00
3.000000e-01 4.220909e+00
3.500000e-01 4.506170e+00
4.000000e-01 4.377785e+00
4.500000e-01 3.868599e+00
5.000000e-01 3.973899e+00
5.500000e-01 4.514071e+00
6.000000e-01 3.628836e+00
6.500000e-01 3.794153e+00
7.000000e-01 4.013070e+00
7.500000e-01 3.848535e+00
8.000000e-01 3.794068e+00
8.500000e-01 3.709059e+00
9.000000e-01 3.853317e+00
9.500000e-01 4.266895e+00
1.000000e+00 4.017827e+00
1.050000e+00 3.642222e+00
1.100000e+00 3.603713e+00
1.150000e+00 3.413307e+00
1.200000e+00 3.078479e+00
1.250000e+00 2.368093e+00
1.300000e+00 3.102802e+00
1.350000e+00 2.421287e+00
1.400000e+00 3.123329e+00
1.450000e+00 1.777830e+00
1.500000e+00 1.410532e+00
1.550000e+00 2.517790e+00
1.600000e+00 2.170741e+00
1.650000e+00 1.876675e+00
1.700000e+00 2.554722e+00
1.750000e+00 1.473622e+00
1.800000e+00 1.905715e+00
1.850000e+00 1.931659e+00
1.900000e+00 1.741497e+00
1.950000e+00 1.987529e+00
2.000000e+00 2.798728e+00
2.050000e+00 1.832563e+00
2.100000e+00 1.039331e+00
2.150000e+00 3.800779e-01
2.200000e+00 1.550904e+00
2.250000e+00 1.262934e+00
2.300000e+00 1.635108e+00
2.350000e+00 1.444444e+00
2.400000e+00 2.243788e+00
2.450000e+00 6.628714e-01
2.500000e+00 5.106642e-01
2.550000e+00 1.125121e+00
2.600000e+00 9.806010e-01
2.650000e+00 8.184660e-01
2.700000e+00 4.880354e-01
2.750000e+00 1.812830e+00
2.800000e+00 7.775235e-01
2.850000e+00 3.677824e-01
2.900000e+00 7.171135e-01
2.950000e+00 8.216096e-01
3.000000e+00 1.439352e+00
3.050000e+00 9.522123e-01
3.100000e+00 2.582032e-02
3.150000e+00 1.158415e-01
3.200000e+00 1.402413e-01
3.250000e+00 7.531121e-01
3.300000e+00 1.806983e-01
3.350000e+00 1.278523e+00
3.400000e+00 2.550102e-01
3.450000e+00 5.494377e-01
3.500000e+00 2.503894e-01
3.550000e+00 1.150696e+00
3.600000e+00 7.123995e-01
3.650000e+00 3.436044e-01
3.700000e+00 1.188013e-01
3.750000e+00 2.283468e-01
3.800000e+00 1.635912e-01
3.850000e+00 6.740083e-01
3.900000e+00 8.956513e-01
3.950000e+00 1.532817e-01
4.000000e+00 6.471828e-01
4.050000e+00 5.273710e-01
4.100000e+00 3.532332e-01
4.150000e+00 6.037640e-02
4.200000e+00 2.496134e-02
4.250000e+00 7.998855e-02
4.300000e+00 9.215385e-02
4.350000e+00 4.953373e-03
4.400000e+00 7.571407e-03
4.450000e+00 1.189354e-02
4.500000e+00 2.317966e-03
4.550000e+00 1.545139e-02
4.600000e+00 2.020015e-02
4.650000e+00 7.461685e-03
4.700000e+00 7.522865e-03
4.750000e+00 5.713694e-02
4.800000e+00 9.509044e-02
4.850000e+00 3.551165e-03
4.900000e+00 3.530415e-04
4.950000e+00 4.828641e-03
