0.000000e+00 3.802300e+00
5.000000e-02 3.858481e+00
1.000000e-01 3.831730e+00
1.500000e-01 3.720116e+00
2.000000e-01 3.520839e+00
2.500000e-01 3.180705e+00
3.000000e-01 3.503345e+00
3.500000e-01 4.386228e+00
4.000000e-01 4.322319e+00
4.500000e-01 3.216975e+00
5.000000e-01 3.829623e+00
5.500000e-01 3.974713e+00
6.000000e-01 3.605221e+00
6.500000e-01 2.194306e+00
7.000000e-01 2.145694e+00
7.500000e-01 2.345760e+00
8.000000e-01 2.236190e+00
8.500000e-01 2.485580e+00
9.000000e-01 3.265459e+00
9.500000e-01 3.954712e+00
1.000000e+00 3.974240e+00
1.050000e+00 4.078425e+00
1.100000e+00 4.194500e+00
1.150000e+00 3.111677e+00
1.200000e+00 2.379104e+00
1.250000e+00 2.907354e+00
1.300000e+00 2.745303e+00
1.350000e+00 2.209329e+00
1.400000e+00 1.721903e+00
1.450000e+00 1.593850e+00
1.500000e+00 2.811763e+00
1.550000e+00 1.577022e+00
1.600000e+00 1.789415e+00
1.650000e+00 1.094171e+00
1.700000e+00 2.613260e+00
1.750000e+00 1.625021e+00
1.800000e+00 1.191755e+00
1.850000e+00 9.807468e-01
1.900000e+00 2.398332e+00
1.950000e+00 2.432992e+00
2.000000e+00 8.709481e-01
2.050000e+00 2.048305e+00
2.100000e+00 1.688305e+00
2.150000e+00 1.714136e+00
2.200000e+00 1.197110e+00
2.250000e+00 2.083904e+00
2.300000e+00 2.167292e+00
2.350000e+00 1.340728e+00
2.400000e+00 1.758617e+00
2.450000e+00 2.963050e-01
2.500000e+00 1.688286e-01
2.550000e+00 5.851010e-01
2.600000e+00 8.330625e-01
2.650000e+00 9.359819e-01
2.700000e+00 5.186347e-01
2.750000e+00 1.304621e+00
2.800000e+00 2.397606e-01
2.850000e+00 8.941146e-01
2.900000e+00 3.656865e-01
2.950000e+00 1.968557e+00
3.000000e+00 2.185440e-01
3.050000e+00 1.594384e-01
3.100000e+00 1.635931e-01
3.150000e+00 1.558796e+00
3.200000e+00 1.296909e+00
3.250000e+00 4.334662e-01
3.300000e+00 2.167858e-02
3.350000e+00 7.648391e-01
3.400000e+00 1.358749e-01
3.450000e+00 2.084628e-02
3.500000e+00 3.274907e-01
3.550000e+00 9.352975e-02
3.600000e+00 1.019637e+00
3.650000e+00 5.971662e-02
3.700000e+00 4.723910e-01
3.750000e+00 5.513013e-01
3.800000e+00 1.023773e-01
3.850000e+00 8.761750e-02
3.900000e+00 7.479820e-01
3.950000e+00 5.069050e-01
4.000000e+00 6.143509e-01
4.050000e+00 7.378366e-01
4.100000e+00 2.346547e-02
4.150000e+00 6.564707e-02
4.200000e+00 2.419797e-01
4.250000e+00 1.083266e-02
4.300000e+00 1.842833e+00
4.350000e+00 4.426993e-03
4.400000e+00 1.421186e-03
4.450000e+00 8.931290e-03
4.500000e+00 3.886668e-02
4.550000e+00 4.895292e-02
4.600000e+00 6.140615e-02
4.650000e+00 2.014143e-02
4.700000e+00 5.385895e-02
4.750000e+00 3.042640e-02
4.800000e+00 1.672075e-01
4.850000e+00 1.514295e-01
4.900000e+00 2.369232e-02
4.950000e+00 1.854867e-03
