0.000000e+00 3.802300e+00
5.000000e-02 3.813474e+00
1.000000e-01 3.648411e+00
1.500000e-01 3.239320e+00
2.000000e-01 3.116452e+00
2.500000e-01 3.409513e+00
3.000000e-01 3.479366e+00
3.500000e-01 3.202379e+00
4.000000e-01 2.853168e+00
4.500000e-01 3.798272e+00
5.000000e-01 3.715559e+00
5.500000e-01 3.999430e+00
6.000000e-01 4.115785e+00
6.500000e-01 3.710863e+00
7.000000e-01 3.124390e+00
7.500000e-01 3.721709e+00
8.000000e-01 4.422609e+00
8.500000e-01 4.899752e+00
9.000000e-01 5.197698e+00
9.500000e-01 4.718824e+00
1.000000e+00 5.020147e+00
1.050000e+00 4.243617e+00
1.100000e+00 3.929694e+00
1.150000e+00 3.252151e+00
1.200000e+00 2.498548e+00
1.250000e+00 1.794661e+00
1.300000e+00 2.281247e+00
1.350000e+00 2.833420e+00
1.400000e+00 2.770243e+00
1.450000e+00 3.632535e+00
1.500000e+00 3.689392e+00
1.550000e+00 3.542171e+00
1.600000e+00 2.170611e+00
1.650000e+00 2.811859e+00
1.700000e+00 2.334771e+00
1.750000e+00 2.483121e+00
1.800000e+00 1.772551e+00
1.850000e+00 1.082331e+00
1.900000e+00 1.234574e+00
1.950000e+00 9.730513e-01
2.000000e+00 9.372284e-01
2.050000e+00 2.189900e+00
2.100000e+00 1.484998e+00
2.150000e+00 1.385142e+00
2.200000e+00 1.838691e+00
2.250000e+00 1.183629e+00
2.300000e+00 2.982455e-01
2.350000e+00 2.448863e-01
2.400000e+00 1.113723e+00
2.450000e+00 2.097120e+00
2.500000e+00 2.130748e+00
2.550000e+00 2.035135e+00
2.600000e+00 9.722019e-01
2.650000e+00 1.880008e+00
2.700000e+00 6.809590e-01
2.750000e+00 8.555605e-01
2.800000e+00 1.560469e+00
2.850000e+00 1.517089e+00
2.900000e+00 7.502095e-01
2.950000e+00 3.284618e-01
3.000000e+00 5.807385e-01
3.050000e+00 9.212654e-01
3.100000e+00 1.936367e+00
3.150000e+00 1.508309e-01
3.200000e+00 3.891725e-01
3.250000e+00 7.041837e-01
3.300000e+00 8.467336e-02
3.350000e+00 1.346297e-01
3.400000e+00 1.590758e-01
3.450000e+00 1.396110e+00
3.500000e+00 4.371840e-01
3.550000e+00 1.082243e-01
3.600000e+00 1.190746e+00
3.650000e+00 3.509603e-02
3.700000e+00 9.933585e-01
3.750000e+00 2.643280e-01
3.800000e+00 6.765654e-01
3.850000e+00 4.870863e-02
3.900000e+00 8.923152e-02
3.950000e+00 2.838786e-01
4.000000e+00 2.839329e-02
4.050000e+00 1.235287e-01
4.100000e+00 4.427111e-01
4.150000e+00 7.603430e-03
4.200000e+00 4.572774e-02
4.250000e+00 7.088083e-02
4.300000e+00 3.057318e-02
4.350000e+00 3.052964e-01
4.400000e+00 1.169930e+00
4.450000e+00 1.103089e+00
4.500000e+00 3.950398e-01
4.550000e+00 5.586301e-01
4.600000e+00 1.782688e-01
4.650000e+00 2.259460e-01
4.700000e+00 2.547161e-01
4.750000e+00 1.868581e-02
4.800000e+00 2.866241e-03
4.850000e+00 5.905224e-02
4.900000e+00 3.236454e-01
4.950000e+00 1.187767e-01
