0.000000e+00 3.802300e+00
5.000000e-02 4.030208e+00
1.000000e-01 4.239523e+00
1.500000e-01 4.115427e+00
2.000000e-01 3.830895e+00
2.500000e-01 3.737937e+00
3.000000e-01 3.605051e+00
3.500000e-01 3.448354e+00
4.000000e-01 3.861741e+00
4.500000e-01 3.721141e+00
5.000000e-01 3.952140e+00
5.500000e-01 4.214238e+00
6.000000e-01 4.185494e+00
6.500000e-01 4.499242e+00
7.000000e-01 4.280369e+00
7.500000e-01 3.268252e+00
8.000000e-01 2.536273e+00
8.500000e-01 1.911771e+00
9.000000e-01 2.201773e+00
9.500000e-01 2.518251e+00
1.000000e+00 2.991058e+00
1.050000e+00 2.295007e+00
1.100000e+00 2.249383e+00
1.150000e+00 2.743396e+00
1.200000e+00 2.748001e+00
1.250000e+00 3.906489e+00
1.300000e+00 3.862174e+00
1.350000e+00 2.530801e+00
1.400000e+00 2.392459e+00
1.450000e+00 1.921319e+00
1.500000e+00 2.793680e+00
1.550000e+00 2.454473e+00
1.600000e+00 3.036824e+00
1.650000e+00 3.084256e+00
1.700000e+00 1.887599e+00
1.750000e+00 2.763547e+00
1.800000e+00 3.253003e+00
1.850000e+00 5.042012e+00
1.900000e+00 3.059268e+00
1.950000e+00 2.760750e+00
2.000000e+00 2.534337e+00
2.050000e+00 1.687204e+00
2.100000e+00 1.616493e+00
2.150000e+00 2.277597e+00
2.200000e+00 1.579540e+00
2.250000e+00 2.443490e+00
2.300000e+00 1.847161e+00
2.350000e+00 2.186176e+00
2.400000e+00 2.554762e+00
2.450000e+00 2.136708e+00
2.500000e+00 1.881983e+00
2.550000e+00 1.325321e+00
2.600000e+00 1.461449e+00
2.650000e+00 6.631296e-01
2.700000e+00 1.814158e+00
2.750000e+00 1.039515e+00
2.800000e+00 1.423127e+00
2.850000e+00 1.865259e+00
2.900000e+00 3.745950e-01
2.950000e+00 8.725783e-01
3.000000e+00 4.149659e-01
3.050000e+00 2.347453e-01
3.100000e+00 8.980608e-01
3.150000e+00 1.749582e+00
3.200000e+00 1.637197e+00
3.250000e+00 1.922061e+00
3.300000e+00 1.558420e+00
3.350000e+00 6.000669e-01
3.400000e+00 1.615655e+00
3.450000e+00 2.780323e-01
3.500000e+00 2.861723e-01
3.550000e+00 9.978561e-01
3.600000e+00 1.978944e+00
3.650000e+00 1.804611e-01
3.700000e+00 8.112904e-03
3.750000e+00 4.986088e-02
3.800000e+00 4.767255e-02
3.850000e+00 6.870224e-01
3.900000e+00 7.793238e-02
3.950000e+00 2.049052e-01
4.000000e+00 4.427534e-02
4.050000e+00 3.061550e-01
4.100000e+00 5.269732e-02
4.150000e+00 4.705359e-01
4.200000e+00 1.112035e+00
4.250000e+00 8.772002e-01
4.300000e+00 2.228318e-02
4.350000e+00 4.151643e-02
4.400000e+00 2.600064e-03
4.450000e+00 9.497397e-03
4.500000e+00 2.244955e-03
4.550000e+00 2.121453e-02
4.600000e+00 1.685415e-01
4.650000e+00 5.981370e-03
4.700000e+00 8.565911e-03
4.750000e+00 1.450185e-03
4.800000e+00 8.023649e-04
4.850000e+00 1.144134e-01
4.900000e+00 7.640196e-01
4.950000e+00 2.092485e-03
