0.000000e+00 9.218645e-01
3.000000e-02 1.968553e+00
6.000000e-02 2.870848e+00
9.000000e-02 2.204635e+00
1.200000e-01 2.025122e+00
1.500000e-01 2.000245e+00
1.800000e-01 2.022996e+00
2.100000e-01 2.062494e+00
2.400000e-01 2.107210e+00
2.700000e-01 2.169522e+00
3.000000e-01 2.375477e+00
3.300000e-01 2.392608e+00
3.600000e-01 1.975852e+00
3.900000e-01 1.797150e+00
4.200000e-01 1.676691e+00
4.500000e-01 1.643285e+00
4.800000e-01 1.704816e+00
5.100000e-01 1.795464e+00
5.400000e-01 1.893118e+00
5.700000e-01 1.975959e+00
6.000000e-01 2.014197e+00
6.300000e-01 1.991601e+00
6.600000e-01 1.906493e+00
6.900000e-01 1.773345e+00
7.200000e-01 1.626078e+00
7.500000e-01 1.509262e+00
7.800000e-01 1.472180e+00
8.100000e-01 1.601909e+00
8.400000e-01 1.968385e+00
8.700000e-01 2.248866e+00
9.000000e-01 2.254942e+00
9.300000e-01 2.115732e+00
9.600000e-01 1.929556e+00
9.900000e-01 1.753899e+00
1.020000e+00 1.613947e+00
1.050000e+00 1.517684e+00
1.080000e+00 1.461086e+00
1.110000e+00 1.412803e+00
1.140000e+00 1.323416e+00
1.170000e+00 1.200756e+00
1.200000e+00 1.099643e+00
1.230000e+00 1.056949e+00
1.260000e+00 1.086271e+00
1.290000e+00 1.176887e+00
1.320000e+00 1.297896e+00
1.350000e+00 1.437831e+00
1.380000e+00 1.610844e+00
1.410000e+00 1.832485e+00
1.440000e+00 2.090558e+00
1.470000e+00 2.251259e+00
1.500000e+00 2.139332e+00
1.530000e+00 1.717822e+00
1.560000e+00 9.352574e-01
1.590000e+00 4.346733e-01
1.620000e+00 3.105536e-01
1.650000e+00 2.972221e-01
1.680000e+00 2.655088e-01
1.710000e+00 2.063840e-01
1.740000e+00 1.525355e-01
1.770000e+00 1.236971e-01
1.800000e+00 1.202959e-01
1.830000e+00 1.430189e-01
1.860000e+00 2.158873e-01
1.890000e+00 4.835479e-01
1.920000e+00 1.489609e+00
1.950000e+00 1.028159e+00
1.980000e+00 8.459704e-01
2.010000e+00 1.072200e+00
2.040000e+00 1.700938e+00
2.070000e+00 2.016758e+00
2.100000e+00 1.260377e+00
2.130000e+00 8.310173e-01
2.160000e+00 8.284009e-01
2.190000e+00 1.318193e+00
2.220000e+00 1.424799e+00
2.250000e+00 5.808436e-01
2.280000e+00 4.350096e-01
2.310000e+00 9.426433e-01
2.340000e+00 1.942883e+00
2.370000e+00 7.213938e-01
2.400000e+00 2.586135e-01
2.430000e+00 1.187192e-01
2.460000e+00 6.422257e-02
2.490000e+00 4.185521e-02
2.520000e+00 4.891989e-02
2.550000e+00 2.065714e-01
2.580000e+00 7.114347e-01
2.610000e+00 2.799375e-01
2.640000e+00 3.311784e-01
2.670000e+00 4.141495e-01
2.700000e+00 6.737284e-01
2.730000e+00 1.300233e+00
2.760000e+00 1.050342e+00
2.790000e+00 7.635559e-01
2.820000e+00 1.018262e+00
2.850000e+00 5.301387e-01
2.880000e+00 5.081270e-01
2.910000e+00 2.775433e-01
2.940000e+00 2.711613e-01
2.970000e+00 1.774263e-01
