0.000000e+00 9.218645e-01
3.000000e-02 1.772361e+00
6.000000e-02 2.116638e+00
9.000000e-02 2.301917e+00
1.200000e-01 2.406863e+00
1.500000e-01 2.412050e+00
1.800000e-01 2.409312e+00
2.100000e-01 2.479530e+00
2.400000e-01 2.489839e+00
2.700000e-01 2.442613e+00
3.000000e-01 2.484317e+00
3.300000e-01 2.507407e+00
3.600000e-01 1.858208e+00
3.900000e-01 1.654707e+00
4.200000e-01 1.475682e+00
4.500000e-01 1.398262e+00
4.800000e-01 1.490309e+00
5.100000e-01 1.624705e+00
5.400000e-01 1.721051e+00
5.700000e-01 1.871882e+00
6.000000e-01 1.935116e+00
6.300000e-01 1.751930e+00
6.600000e-01 1.583955e+00
6.900000e-01 1.501434e+00
7.200000e-01 1.491606e+00
7.500000e-01 1.545258e+00
7.800000e-01 1.652498e+00
8.100000e-01 1.784751e+00
8.400000e-01 1.888594e+00
8.700000e-01 1.923044e+00
9.000000e-01 1.884738e+00
9.300000e-01 1.778193e+00
9.600000e-01 1.629419e+00
9.900000e-01 1.447170e+00
1.020000e+00 1.214044e+00
1.050000e+00 9.820404e-01
1.080000e+00 8.890859e-01
1.110000e+00 1.054713e+00
1.140000e+00 2.014140e+00
1.170000e+00 2.332263e+00
1.200000e+00 2.160135e+00
1.230000e+00 2.020414e+00
1.260000e+00 1.645154e+00
1.290000e+00 1.261583e+00
1.320000e+00 9.923701e-01
1.350000e+00 8.194073e-01
1.380000e+00 7.164440e-01
1.410000e+00 6.698061e-01
1.440000e+00 6.823312e-01
1.470000e+00 8.242599e-01
1.500000e+00 1.641885e+00
1.530000e+00 1.999269e+00
1.560000e+00 1.639727e+00
1.590000e+00 1.160673e+00
1.620000e+00 1.672246e+00
1.650000e+00 8.572341e-01
1.680000e+00 1.351949e+00
1.710000e+00 1.961234e+00
1.740000e+00 1.140066e+00
1.770000e+00 9.582603e-01
1.800000e+00 1.221890e+00
1.830000e+00 1.813429e+00
1.860000e+00 1.157248e+00
1.890000e+00 7.741883e-01
1.920000e+00 7.233144e-01
1.950000e+00 6.792451e-01
1.980000e+00 7.312013e-01
2.010000e+00 9.506834e-01
2.040000e+00 1.101418e+00
2.070000e+00 1.320200e+00
2.100000e+00 1.711620e+00
2.130000e+00 5.252604e-01
2.160000e+00 1.591488e-01
2.190000e+00 1.605357e-01
2.220000e+00 4.261568e-01
2.250000e+00 1.585668e+00
2.280000e+00 1.972126e+00
2.310000e+00 7.974590e-01
2.340000e+00 5.218459e-01
2.370000e+00 4.773789e-01
2.400000e+00 5.891788e-01
2.430000e+00 8.500428e-01
2.460000e+00 1.279218e+00
2.490000e+00 4.041858e-02
2.520000e+00 6.029376e-02
2.550000e+00 9.967761e-01
2.580000e+00 1.746534e+00
2.610000e+00 6.109950e-01
2.640000e+00 3.118085e-01
2.670000e+00 3.917279e-02
2.700000e+00 2.924236e-02
2.730000e+00 7.224873e-02
2.760000e+00 1.638688e-01
2.790000e+00 1.760251e-01
2.820000e+00 2.925305e-01
2.850000e+00 2.900521e-01
2.880000e+00 2.554700e-01
2.910000e+00 2.611243e+00
2.940000e+00 5.741924e-01
2.970000e+00 1.346552e+00
