0.000000e+00 3.447339e+00
3.000000e-02 3.541290e+00
6.000000e-02 3.672072e+00
9.000000e-02 3.823027e+00
1.200000e-01 3.833719e+00
1.500000e-01 3.564625e+00
1.800000e-01 3.260176e+00
2.100000e-01 3.070148e+00
2.400000e-01 3.012587e+00
2.700000e-01 2.999056e+00
3.000000e-01 1.962875e+00
3.300000e-01 2.479760e+00
3.600000e-01 2.551348e+00
3.900000e-01 2.516644e+00
4.200000e-01 2.632754e+00
4.500000e-01 2.423421e+00
4.800000e-01 2.185977e+00
5.100000e-01 1.889089e+00
5.400000e-01 2.334584e+00
5.700000e-01 1.272221e+00
6.000000e-01 1.475749e+00
6.300000e-01 1.722934e+00
6.600000e-01 1.835987e+00
6.900000e-01 2.461250e+00
7.200000e-01 2.360447e+00
7.500000e-01 2.803292e+00
7.800000e-01 3.322073e+00
8.100000e-01 2.902626e+00
8.400000e-01 2.495082e+00
8.700000e-01 1.786859e+00
9.000000e-01 2.816165e+00
9.300000e-01 2.737864e+00
9.600000e-01 2.575684e+00
9.900000e-01 2.074922e+00
1.020000e+00 1.369919e+00
1.050000e+00 1.451904e+00
1.080000e+00 2.124196e+00
1.110000e+00 2.908851e+00
1.140000e+00 2.467756e+00
1.170000e+00 2.670134e+00
1.200000e+00 1.721710e+00
1.230000e+00 1.254586e+00
1.260000e+00 1.046552e+00
1.290000e+00 1.114141e+00
1.320000e+00 1.691274e+00
1.350000e+00 2.188209e+00
1.380000e+00 1.212568e+00
1.410000e+00 6.378446e-01
1.440000e+00 6.995638e-01
1.470000e+00 8.835931e-01
1.500000e+00 1.183014e+00
1.530000e+00 1.673736e+00
1.560000e+00 3.006958e+00
1.590000e+00 2.174098e+00
1.620000e+00 9.322200e-01
1.650000e+00 4.876837e-01
1.680000e+00 1.658444e+00
1.710000e+00 1.364664e+00
1.740000e+00 8.513387e-01
1.770000e+00 1.307372e+00
1.800000e+00 2.062428e+00
1.830000e+00 1.637495e+00
1.860000e+00 2.142485e+00
1.890000e+00 2.806619e-01
1.920000e+00 2.047967e-01
1.950000e+00 2.175160e-01
1.980000e+00 7.593957e-01
2.010000e+00 3.412861e-01
2.040000e+00 1.289050e+00
2.070000e+00 1.863817e+00
2.100000e+00 1.657352e+00
2.130000e+00 1.395224e+00
2.160000e+00 2.223366e+00
2.190000e+00 1.577985e+00
2.220000e+00 9.845301e-01
2.250000e+00 7.192133e-01
2.280000e+00 3.645003e-01
2.310000e+00 2.392786e-01
2.340000e+00 1.579792e+00
2.370000e+00 5.284918e-01
2.400000e+00 1.226953e+00
2.430000e+00 1.090149e+00
2.460000e+00 7.550284e-01
2.490000e+00 8.948879e-01
2.520000e+00 7.108075e-01
2.550000e+00 1.538920e+00
2.580000e+00 1.531326e-01
2.610000e+00 4.851771e-01
2.640000e+00 1.104494e+00
2.670000e+00 1.544885e+00
2.700000e+00 7.392926e-01
2.730000e+00 1.383806e+00
2.760000e+00 5.468313e-01
2.790000e+00 3.496297e-01
2.820000e+00 8.032124e-01
2.850000e+00 2.780296e-01
2.880000e+00 1.943600e-01
2.910000e+00 2.597008e-01
2.940000e+00 4.374436e-01
2.970000e+00 2.005112e-02
