0.000000e+00 3.447339e+00
3.000000e-02 3.515775e+00
6.000000e-02 3.539996e+00
9.000000e-02 3.427558e+00
1.200000e-01 3.255046e+00
1.500000e-01 3.344589e+00
1.800000e-01 3.506932e+00
2.100000e-01 3.696303e+00
2.400000e-01 3.777411e+00
2.700000e-01 3.446470e+00
3.000000e-01 3.408572e+00
3.300000e-01 3.477781e+00
3.600000e-01 3.527417e+00
3.900000e-01 3.385517e+00
4.200000e-01 2.711150e+00
4.500000e-01 2.853366e+00
4.800000e-01 2.498574e+00
5.100000e-01 2.357032e+00
5.400000e-01 2.399810e+00
5.700000e-01 2.528921e+00
6.000000e-01 2.865736e+00
6.300000e-01 3.434056e+00
6.600000e-01 2.805098e+00
6.900000e-01 1.798116e+00
7.200000e-01 1.111620e+00
7.500000e-01 2.227708e+00
7.800000e-01 2.182974e+00
8.100000e-01 1.910813e+00
8.400000e-01 1.826376e+00
8.700000e-01 1.827284e+00
9.000000e-01 1.855534e+00
9.300000e-01 1.881999e+00
9.600000e-01 1.892842e+00
9.900000e-01 1.880450e+00
1.020000e+00 1.834406e+00
1.050000e+00 1.727344e+00
1.080000e+00 1.494782e+00
1.110000e+00 1.052271e+00
1.140000e+00 5.185557e-01
1.170000e+00 3.444787e-01
1.200000e+00 6.113952e-01
1.230000e+00 1.105927e+00
1.260000e+00 1.692364e+00
1.290000e+00 1.384148e+00
1.320000e+00 1.021225e+00
1.350000e+00 1.201833e+00
1.380000e+00 1.566211e+00
1.410000e+00 1.679883e+00
1.440000e+00 1.085054e+00
1.470000e+00 3.826537e-01
1.500000e+00 2.172458e+00
1.530000e+00 8.912708e-01
1.560000e+00 8.986112e-01
1.590000e+00 7.052481e-01
1.620000e+00 8.177907e-01
1.650000e+00 1.255405e+00
1.680000e+00 8.895911e-01
1.710000e+00 7.623772e-01
1.740000e+00 2.605165e-01
1.770000e+00 2.119007e-01
1.800000e+00 1.489691e-01
1.830000e+00 7.962087e-02
1.860000e+00 4.733196e-02
1.890000e+00 2.445665e-01
1.920000e+00 2.652115e-01
1.950000e+00 5.098152e-01
1.980000e+00 1.019633e+00
2.010000e+00 1.005367e+00
2.040000e+00 1.955669e+00
2.070000e+00 1.159235e+00
2.100000e+00 9.159616e-01
2.130000e+00 1.463215e+00
2.160000e+00 1.460898e+00
2.190000e+00 2.579774e-01
2.220000e+00 3.956168e-01
2.250000e+00 1.118372e+00
2.280000e+00 2.620613e-01
2.310000e+00 2.540690e-01
2.340000e+00 1.830049e-01
2.370000e+00 1.264079e-01
2.400000e+00 1.454448e-01
2.430000e+00 4.541802e-01
2.460000e+00 4.702808e-01
2.490000e+00 2.508386e-01
2.520000e+00 6.887296e-01
2.550000e+00 2.303932e-01
2.580000e+00 7.663153e-02
2.610000e+00 7.242550e-02
2.640000e+00 2.411279e-01
2.670000e+00 2.509607e-02
2.700000e+00 1.529278e-02
2.730000e+00 4.373953e-01
2.760000e+00 1.296715e+00
2.790000e+00 1.200965e-01
2.820000e+00 1.119580e+00
2.850000e+00 9.675078e-01
2.880000e+00 3.930312e-01
2.910000e+00 2.374964e-02
2.940000e+00 2.224153e-01
2.970000e+00 2.200713e-01
