0.000000e+00 3.447339e+00
3.000000e-02 3.592333e+00
6.000000e-02 3.828751e+00
9.000000e-02 3.865084e+00
1.200000e-01 3.504756e+00
1.500000e-01 3.292206e+00
1.800000e-01 3.076339e+00
2.100000e-01 3.284387e+00
2.400000e-01 3.572354e+00
2.700000e-01 3.432853e+00
3.000000e-01 3.780063e+00
3.300000e-01 4.113676e+00
3.600000e-01 4.406796e+00
3.900000e-01 4.531379e+00
4.200000e-01 4.421791e+00
4.500000e-01 4.116575e+00
4.800000e-01 3.694764e+00
5.100000e-01 3.402293e+00
5.400000e-01 3.729728e+00
5.700000e-01 3.570571e+00
6.000000e-01 3.212626e+00
6.300000e-01 2.978690e+00
6.600000e-01 2.195134e+00
6.900000e-01 9.381507e-01
7.200000e-01 1.002183e+00
7.500000e-01 1.144863e+00
7.800000e-01 1.307521e+00
8.100000e-01 1.485639e+00
8.400000e-01 1.689887e+00
8.700000e-01 1.930801e+00
9.000000e-01 2.205536e+00
9.300000e-01 2.468422e+00
9.600000e-01 2.489156e+00
9.900000e-01 1.908710e+00
1.020000e+00 1.445848e+00
1.050000e+00 1.422854e+00
1.080000e+00 1.999284e+00
1.110000e+00 1.536882e+00
1.140000e+00 2.303767e+00
1.170000e+00 2.233217e+00
1.200000e+00 2.437778e+00
1.230000e+00 2.019411e+00
1.260000e+00 1.860957e+00
1.290000e+00 2.035894e+00
1.320000e+00 2.340589e+00
1.350000e+00 1.675537e+00
1.380000e+00 1.108983e+00
1.410000e+00 7.750766e-01
1.440000e+00 5.709995e-01
1.470000e+00 4.378671e-01
1.500000e+00 3.412732e-01
1.530000e+00 2.797910e-01
1.560000e+00 3.207628e-01
1.590000e+00 2.063692e+00
1.620000e+00 6.665365e-01
1.650000e+00 8.671738e-01
1.680000e+00 2.971181e-01
1.710000e+00 1.918981e-01
1.740000e+00 3.179156e-01
1.770000e+00 9.185924e-01
1.800000e+00 3.051000e+00
1.830000e+00 1.114767e+00
1.860000e+00 7.034852e-01
1.890000e+00 2.084108e+00
1.920000e+00 1.937705e+00
1.950000e+00 1.969340e-01
1.980000e+00 1.803044e-01
2.010000e+00 2.216482e-01
2.040000e+00 3.235024e-01
2.070000e+00 6.560968e-01
2.100000e+00 7.655806e-01
2.130000e+00 1.891239e-01
2.160000e+00 1.435639e-01
2.190000e+00 1.428337e+00
2.220000e+00 2.180425e+00
2.250000e+00 1.001926e+00
2.280000e+00 4.401566e-01
2.310000e+00 1.125248e-01
2.340000e+00 2.260911e-01
2.370000e+00 3.437970e-01
2.400000e+00 1.172513e+00
2.430000e+00 1.983976e+00
2.460000e+00 1.033857e+00
2.490000e+00 1.322299e+00
2.520000e+00 1.997807e-01
2.550000e+00 9.063753e-02
2.580000e+00 7.068879e-02
2.610000e+00 1.536589e-01
2.640000e+00 1.828151e+00
2.670000e+00 1.293534e+00
2.700000e+00 1.947789e+00
2.730000e+00 1.157674e+00
2.760000e+00 7.071774e-01
2.790000e+00 7.286202e-01
2.820000e+00 1.676660e+00
2.850000e+00 1.262765e+00
2.880000e+00 1.289772e+00
2.910000e+00 1.322068e+00
2.940000e+00 3.240800e-01
2.970000e+00 6.271912e-02
