0.000000e+00 3.447339e+00
3.000000e-02 3.513979e+00
6.000000e-02 3.609083e+00
9.000000e-02 3.701354e+00
1.200000e-01 3.658122e+00
1.500000e-01 3.615236e+00
1.800000e-01 3.654334e+00
2.100000e-01 3.277761e+00
2.400000e-01 2.823818e+00
2.700000e-01 2.711178e+00
3.000000e-01 2.755760e+00
3.300000e-01 2.864256e+00
3.600000e-01 3.022115e+00
3.900000e-01 3.545271e+00
4.200000e-01 3.823311e+00
4.500000e-01 3.853979e+00
4.800000e-01 4.266570e+00
5.100000e-01 4.283705e+00
5.400000e-01 3.946779e+00
5.700000e-01 3.547922e+00
6.000000e-01 3.199960e+00
6.300000e-01 2.541519e+00
6.600000e-01 1.829207e+00
6.900000e-01 2.030287e+00
7.200000e-01 2.176869e+00
7.500000e-01 1.535187e+00
7.800000e-01 1.119449e+00
8.100000e-01 8.362447e-01
8.400000e-01 8.496072e-01
8.700000e-01 1.335450e+00
9.000000e-01 1.426661e+00
9.300000e-01 1.801666e+00
9.600000e-01 2.118170e+00
9.900000e-01 1.900812e+00
1.020000e+00 1.793135e+00
1.050000e+00 1.928315e+00
1.080000e+00 2.269088e+00
1.110000e+00 1.649321e+00
1.140000e+00 9.516583e-01
1.170000e+00 1.139957e+00
1.200000e+00 1.636186e+00
1.230000e+00 1.646629e+00
1.260000e+00 1.982709e+00
1.290000e+00 2.233717e+00
1.320000e+00 1.975141e+00
1.350000e+00 1.830707e+00
1.380000e+00 1.803462e+00
1.410000e+00 8.426801e-01
1.440000e+00 1.016045e+00
1.470000e+00 6.756469e-01
1.500000e+00 2.989296e-01
1.530000e+00 4.469971e-01
1.560000e+00 6.199930e-01
1.590000e+00 1.782026e+00
1.620000e+00 1.789268e+00
1.650000e+00 2.276500e+00
1.680000e+00 2.000377e+00
1.710000e+00 2.146284e+00
1.740000e+00 9.922618e-01
1.770000e+00 1.449541e+00
1.800000e+00 1.908120e+00
1.830000e+00 1.890068e+00
1.860000e+00 1.270137e+00
1.890000e+00 1.254351e+00
1.920000e+00 8.062637e-01
1.950000e+00 3.152702e-01
1.980000e+00 1.121661e+00
2.010000e+00 7.248287e-02
2.040000e+00 9.533915e-02
2.070000e+00 3.623533e-01
2.100000e+00 8.622026e-01
2.130000e+00 1.187146e+00
2.160000e+00 1.732232e+00
2.190000e+00 1.740031e-01
2.220000e+00 7.456930e-02
2.250000e+00 9.241919e-02
2.280000e+00 1.562586e-01
2.310000e+00 1.785025e-01
2.340000e+00 2.004868e+00
2.370000e+00 8.182496e-02
2.400000e+00 4.381903e-01
2.430000e+00 4.482222e-01
2.460000e+00 1.042097e+00
2.490000e+00 2.409846e-01
2.520000e+00 1.438995e+00
2.550000e+00 2.952192e-01
2.580000e+00 3.527858e-01
2.610000e+00 1.304207e-01
2.640000e+00 2.788898e-02
2.670000e+00 2.079321e-02
2.700000e+00 2.532156e-02
2.730000e+00 1.992625e-02
2.760000e+00 1.655261e-02
2.790000e+00 3.245021e-02
2.820000e+00 3.377869e-01
2.850000e+00 1.479827e-01
2.880000e+00 9.436720e-02
2.910000e+00 9.352810e-03
2.940000e+00 7.560046e-02
2.970000e+00 4.566956e-02
