0.000000e+00 3.447339e+00
3.000000e-02 3.640731e+00
6.000000e-02 3.975578e+00
9.000000e-02 3.312921e+00
1.200000e-01 3.716297e+00
1.500000e-01 4.252777e+00
1.800000e-01 3.973851e+00
2.100000e-01 3.207533e+00
2.400000e-01 2.944367e+00
2.700000e-01 3.032412e+00
3.000000e-01 3.099268e+00
3.300000e-01 2.434116e+00
3.600000e-01 2.377886e+00
3.900000e-01 3.088230e+00
4.200000e-01 1.915422e+00
4.500000e-01 1.413358e+00
4.800000e-01 1.355080e+00
5.100000e-01 1.634627e+00
5.400000e-01 1.717712e+00
5.700000e-01 1.692725e+00
6.000000e-01 1.716690e+00
6.300000e-01 1.931233e+00
6.600000e-01 2.631488e+00
6.900000e-01 2.164417e+00
7.200000e-01 2.135416e+00
7.500000e-01 2.214439e+00
7.800000e-01 2.250051e+00
8.100000e-01 2.276827e+00
8.400000e-01 3.062516e+00
8.700000e-01 2.356666e+00
9.000000e-01 1.740428e+00
9.300000e-01 1.727226e+00
9.600000e-01 2.033191e+00
9.900000e-01 2.177120e+00
1.020000e+00 1.476887e+00
1.050000e+00 9.986310e-01
1.080000e+00 9.020531e-01
1.110000e+00 1.329296e+00
1.140000e+00 8.525956e-01
1.170000e+00 1.020913e+00
1.200000e+00 2.327216e+00
1.230000e+00 8.340686e-01
1.260000e+00 3.054963e-01
1.290000e+00 4.428125e-01
1.320000e+00 1.633836e+00
1.350000e+00 1.198238e+00
1.380000e+00 4.892308e-01
1.410000e+00 3.561734e-01
1.440000e+00 3.357043e-01
1.470000e+00 3.840538e-01
1.500000e+00 2.586917e-01
1.530000e+00 5.274934e-01
1.560000e+00 5.776981e-01
1.590000e+00 3.318815e-01
1.620000e+00 1.935953e-01
1.650000e+00 1.505213e-01
1.680000e+00 1.562341e-01
1.710000e+00 3.925338e-01
1.740000e+00 1.987444e+00
1.770000e+00 1.841048e+00
1.800000e+00 1.338658e+00
1.830000e+00 7.422401e-01
1.860000e+00 9.489713e-01
1.890000e+00 1.990383e+00
1.920000e+00 1.020783e+00
1.950000e+00 1.954222e+00
1.980000e+00 7.916551e-01
2.010000e+00 3.475064e-01
2.040000e+00 2.639091e-01
2.070000e+00 2.706686e-01
2.100000e+00 3.473354e-01
2.130000e+00 8.466545e-01
2.160000e+00 7.565933e-02
2.190000e+00 8.229559e-02
2.220000e+00 1.284968e+00
2.250000e+00 1.988574e-01
2.280000e+00 1.038916e-01
2.310000e+00 4.203895e-01
2.340000e+00 9.105643e-01
2.370000e+00 1.091115e+00
2.400000e+00 6.182807e-01
2.430000e+00 5.106756e-01
2.460000e+00 4.320268e-01
2.490000e+00 3.597223e-01
2.520000e+00 3.890589e-01
2.550000e+00 3.233531e-01
2.580000e+00 7.011307e-01
2.610000e+00 9.695749e-01
2.640000e+00 2.539361e-01
2.670000e+00 1.971099e-01
2.700000e+00 6.221632e-02
2.730000e+00 1.040154e-01
2.760000e+00 8.455946e-01
2.790000e+00 5.913359e-02
2.820000e+00 9.142980e-02
2.850000e+00 3.162799e-01
2.880000e+00 7.070227e-01
2.910000e+00 5.359734e-01
2.940000e+00 8.670647e-01
2.970000e+00 1.341933e+00
