0.000000e+00 3.447339e+00
3.000000e-02 3.738962e+00
6.000000e-02 4.203944e+00
9.000000e-02 4.617963e+00
1.200000e-01 4.352548e+00
1.500000e-01 3.740016e+00
1.800000e-01 3.699086e+00
2.100000e-01 3.983459e+00
2.400000e-01 4.218618e+00
2.700000e-01 3.716477e+00
3.000000e-01 3.636973e+00
3.300000e-01 3.966830e+00
3.600000e-01 4.133207e+00
3.900000e-01 3.948867e+00
4.200000e-01 3.745907e+00
4.500000e-01 3.407625e+00
4.800000e-01 2.763282e+00
5.100000e-01 2.411387e+00
5.400000e-01 2.948656e+00
5.700000e-01 1.842097e+00
6.000000e-01 1.675670e+00
6.300000e-01 1.834806e+00
6.600000e-01 1.614147e+00
6.900000e-01 1.616798e+00
7.200000e-01 1.591439e+00
7.500000e-01 1.465141e+00
7.800000e-01 1.228660e+00
8.100000e-01 9.235698e-01
8.400000e-01 6.560158e-01
8.700000e-01 9.310918e-01
9.000000e-01 3.989507e-01
9.300000e-01 1.545644e+00
9.600000e-01 7.377041e-01
9.900000e-01 1.161012e+00
1.020000e+00 1.521972e+00
1.050000e+00 3.040168e-01
1.080000e+00 4.173058e-01
1.110000e+00 1.851141e+00
1.140000e+00 2.977377e+00
1.170000e+00 1.540031e+00
1.200000e+00 1.187361e+00
1.230000e+00 1.024897e+00
1.260000e+00 1.472930e+00
1.290000e+00 4.324331e-01
1.320000e+00 1.215133e-01
1.350000e+00 6.271377e-01
1.380000e+00 2.093495e-01
1.410000e+00 5.176128e-01
1.440000e+00 1.616075e+00
1.470000e+00 1.104556e+00
1.500000e+00 1.897566e+00
1.530000e+00 1.583523e+00
1.560000e+00 4.997163e-01
1.590000e+00 1.959515e+00
1.620000e+00 1.996806e+00
1.650000e+00 1.306142e+00
1.680000e+00 1.026745e+00
1.710000e+00 1.402325e+00
1.740000e+00 1.273596e+00
1.770000e+00 9.935268e-01
1.800000e+00 8.898716e-01
1.830000e+00 9.793159e-01
1.860000e+00 1.382804e+00
1.890000e+00 2.076703e+00
1.920000e+00 1.320535e+00
1.950000e+00 1.364854e+00
1.980000e+00 2.116858e+00
2.010000e+00 1.003416e+00
2.040000e+00 7.255332e-01
2.070000e+00 3.991360e-01
2.100000e+00 1.852252e-01
2.130000e+00 8.733845e-01
2.160000e+00 6.086833e-01
2.190000e+00 3.914026e-01
2.220000e+00 9.725582e-01
2.250000e+00 2.928317e-01
2.280000e+00 4.902624e-01
2.310000e+00 2.623986e-01
2.340000e+00 4.130996e-02
2.370000e+00 9.189801e-02
2.400000e+00 1.308874e-01
2.430000e+00 1.595532e-01
2.460000e+00 4.718322e-01
2.490000e+00 1.969363e+00
2.520000e+00 4.933917e-01
2.550000e+00 2.093684e-02
2.580000e+00 1.451527e-01
2.610000e+00 5.466184e-01
2.640000e+00 7.006988e-01
2.670000e+00 1.597620e+00
2.700000e+00 7.660351e-01
2.730000e+00 7.283436e-01
2.760000e+00 2.149387e-01
2.790000e+00 2.507945e-01
2.820000e+00 1.854135e+00
2.850000e+00 1.045862e-01
2.880000e+00 4.702849e-01
2.910000e+00 8.146166e-02
2.940000e+00 4.725280e-02
2.970000e+00 2.481646e-02
