0.000000e+00 3.447339e+00
3.000000e-02 3.424664e+00
6.000000e-02 3.411006e+00
9.000000e-02 3.371604e+00
1.200000e-01 3.214236e+00
1.500000e-01 2.973581e+00
1.800000e-01 2.939606e+00
2.100000e-01 3.027313e+00
2.400000e-01 3.238678e+00
2.700000e-01 3.762465e+00
3.000000e-01 3.844199e+00
3.300000e-01 2.632205e+00
3.600000e-01 2.535116e+00
3.900000e-01 2.612905e+00
4.200000e-01 2.692242e+00
4.500000e-01 2.774452e+00
4.800000e-01 2.967676e+00
5.100000e-01 3.144287e+00
5.400000e-01 2.760765e+00
5.700000e-01 2.196949e+00
6.000000e-01 1.576568e+00
6.300000e-01 1.314921e+00
6.600000e-01 1.832966e+00
6.900000e-01 1.721994e+00
7.200000e-01 1.629863e+00
7.500000e-01 1.652143e+00
7.800000e-01 1.786042e+00
8.100000e-01 1.903677e+00
8.400000e-01 1.828369e+00
8.700000e-01 1.916757e+00
9.000000e-01 1.006682e+00
9.300000e-01 7.682157e-01
9.600000e-01 6.567228e-01
9.900000e-01 6.019790e-01
1.020000e+00 5.931859e-01
1.050000e+00 6.458595e-01
1.080000e+00 7.878803e-01
1.110000e+00 5.077762e-01
1.140000e+00 3.307029e-01
1.170000e+00 7.519445e-01
1.200000e+00 1.607881e+00
1.230000e+00 3.102522e+00
1.260000e+00 5.979377e-01
1.290000e+00 6.107141e-01
1.320000e+00 1.716901e+00
1.350000e+00 1.208722e+00
1.380000e+00 1.349099e+00
1.410000e+00 6.332488e-01
1.440000e+00 3.933180e-01
1.470000e+00 6.974038e-01
1.500000e+00 6.105643e-01
1.530000e+00 5.284775e-01
1.560000e+00 9.481274e-01
1.590000e+00 2.131279e+00
1.620000e+00 1.073473e+00
1.650000e+00 4.359455e-01
1.680000e+00 5.777441e-01
1.710000e+00 4.965719e-01
1.740000e+00 2.216502e-01
1.770000e+00 1.571177e-01
1.800000e+00 2.947836e-02
1.830000e+00 4.282362e-02
1.860000e+00 1.490298e-01
1.890000e+00 1.455360e+00
1.920000e+00 5.767563e-01
1.950000e+00 1.482572e-01
1.980000e+00 9.930503e-02
2.010000e+00 1.392212e-01
2.040000e+00 6.444850e-01
2.070000e+00 1.668684e+00
2.100000e+00 2.076386e+00
2.130000e+00 1.319429e+00
2.160000e+00 1.839376e+00
2.190000e+00 1.795668e+00
2.220000e+00 1.267501e+00
2.250000e+00 1.337839e+00
2.280000e+00 1.412808e+00
2.310000e+00 1.752811e+00
2.340000e+00 1.645864e+00
2.370000e+00 6.863892e-01
2.400000e+00 1.175967e-01
2.430000e+00 2.515711e-02
2.460000e+00 8.753941e-02
2.490000e+00 1.317354e-02
2.520000e+00 1.972173e-01
2.550000e+00 2.686367e-01
2.580000e+00 6.317121e-02
2.610000e+00 3.276769e-02
2.640000e+00 9.883256e-02
2.670000e+00 3.068410e-02
2.700000e+00 2.467914e-02
2.730000e+00 3.180527e-01
2.760000e+00 1.408611e-01
2.790000e+00 2.507526e-01
2.820000e+00 5.465902e-01
2.850000e+00 2.519362e-01
2.880000e+00 7.652658e-02
2.910000e+00 3.115177e-01
2.940000e+00 1.064739e+00
2.970000e+00 4.639195e-03
