0.000000e+00 3.447339e+00
3.000000e-02 3.398831e+00
6.000000e-02 3.285944e+00
9.000000e-02 3.194380e+00
1.200000e-01 3.333341e+00
1.500000e-01 2.432340e+00
1.800000e-01 3.400614e+00
2.100000e-01 3.331330e+00
2.400000e-01 3.058558e+00
2.700000e-01 2.841824e+00
3.000000e-01 2.679759e+00
3.300000e-01 2.866569e+00
3.600000e-01 2.676640e+00
3.900000e-01 2.303677e+00
4.200000e-01 1.963863e+00
4.500000e-01 1.937096e+00
4.800000e-01 2.150964e+00
5.100000e-01 2.358583e+00
5.400000e-01 2.180085e+00
5.700000e-01 1.957303e+00
6.000000e-01 2.023844e+00
6.300000e-01 2.283979e+00
6.600000e-01 1.643852e+00
6.900000e-01 1.089600e+00
7.200000e-01 9.186114e-01
7.500000e-01 9.582741e-01
7.800000e-01 1.170024e+00
8.100000e-01 1.535881e+00
8.400000e-01 1.952153e+00
8.700000e-01 2.236895e+00
9.000000e-01 2.350406e+00
9.300000e-01 2.449759e+00
9.600000e-01 2.585309e+00
9.900000e-01 2.358598e+00
1.020000e+00 2.023480e+00
1.050000e+00 2.166664e+00
1.080000e+00 1.330577e+00
1.110000e+00 1.784001e+00
1.140000e+00 1.026577e+00
1.170000e+00 7.538165e-01
1.200000e+00 4.730736e-01
1.230000e+00 4.283355e-01
1.260000e+00 4.429090e-01
1.290000e+00 6.376626e-01
1.320000e+00 1.078631e+00
1.350000e+00 1.579030e+00
1.380000e+00 1.931562e+00
1.410000e+00 2.210796e+00
1.440000e+00 1.193318e+00
1.470000e+00 8.154054e-01
1.500000e+00 1.153073e+00
1.530000e+00 5.446998e-01
1.560000e+00 1.976551e+00
1.590000e+00 1.103292e+00
1.620000e+00 7.986537e-01
1.650000e+00 9.710146e-01
1.680000e+00 1.140232e+00
1.710000e+00 1.158181e+00
1.740000e+00 6.751331e-01
1.770000e+00 5.645763e-01
1.800000e+00 3.150043e-01
1.830000e+00 9.132471e-01
1.860000e+00 2.325915e+00
1.890000e+00 7.114991e-01
1.920000e+00 9.009195e-01
1.950000e+00 1.198123e+00
1.980000e+00 2.185837e-01
2.010000e+00 5.866260e-01
2.040000e+00 1.937674e-01
2.070000e+00 6.301295e-01
2.100000e+00 1.929527e+00
2.130000e+00 6.272504e-01
2.160000e+00 2.746545e-01
2.190000e+00 2.101567e-01
2.220000e+00 1.165861e+00
2.250000e+00 7.501817e-02
2.280000e+00 1.270766e+00
2.310000e+00 1.363492e+00
2.340000e+00 9.360958e-01
2.370000e+00 9.385233e-01
2.400000e+00 9.279349e-01
2.430000e+00 2.570767e-01
2.460000e+00 2.845450e-02
2.490000e+00 1.512284e-02
2.520000e+00 2.844041e-02
2.550000e+00 1.604942e-02
2.580000e+00 2.798071e-02
2.610000e+00 1.194448e-01
2.640000e+00 5.383613e-02
2.670000e+00 2.790274e-01
2.700000e+00 5.521204e-01
2.730000e+00 6.151190e-01
2.760000e+00 5.426857e-02
2.790000e+00 2.157543e-02
2.820000e+00 4.835938e-03
2.850000e+00 1.114942e-02
2.880000e+00 9.685622e-03
2.910000e+00 2.345570e-02
2.940000e+00 2.387718e-01
2.970000e+00 1.135623e-02
