-5.000000e-02 2.118331e+00
-4.990000e-02 2.134196e+00
-4.980000e-02 2.150206e+00
-4.970000e-02 2.166012e+00
-4.960000e-02 2.181175e+00
-4.950000e-02 2.195164e+00
-4.940000e-02 2.207357e+00
-4.930000e-02 2.217061e+00
-4.920000e-02 2.223544e+00
-4.910000e-02 2.226083e+00
-4.900000e-02 2.224039e+00
-4.890000e-02 2.216938e+00
-4.880000e-02 2.204548e+00
-4.870000e-02 2.186946e+00
-4.860000e-02 2.164544e+00
-4.850000e-02 2.138078e+00
-4.840000e-02 2.108545e+00
-4.830000e-02 2.077109e+00
-4.820000e-02 2.044995e+00
-4.810000e-02 2.013387e+00
-4.800000e-02 1.983355e+00
-4.790000e-02 1.955809e+00
-4.780000e-02 1.931486e+00
-4.770000e-02 1.910973e+00
-4.760000e-02 1.894736e+00
-4.750000e-02 1.883168e+00
-4.740000e-02 1.876638e+00
-4.730000e-02 1.875547e+00
-4.720000e-02 1.880374e+00
-4.710000e-02 1.891723e+00
-4.700000e-02 1.910362e+00
-4.690000e-02 1.937230e+00
-4.680000e-02 1.973383e+00
-4.670000e-02 2.019810e+00
-4.660000e-02 2.076978e+00
-4.650000e-02 2.143915e+00
-4.640000e-02 2.216714e+00
-4.630000e-02 2.286784e+00
-4.620000e-02 2.340389e+00
-4.610000e-02 2.362100e+00
-4.600000e-02 2.342665e+00
-4.590000e-02 2.285619e+00
-4.580000e-02 2.205439e+00
-4.570000e-02 2.118954e+00
-4.560000e-02 2.038350e+00
-4.550000e-02 1.969580e+00
-4.540000e-02 1.914081e+00
-4.530000e-02 1.870946e+00
-4.520000e-02 1.838422e+00
-4.510000e-02 1.814662e+00
-4.500000e-02 1.798043e+00
-4.490000e-02 1.787239e+00
-4.480000e-02 1.781217e+00
-4.470000e-02 1.779184e+00
-4.460000e-02 1.780547e+00
-4.450000e-02 1.784865e+00
-4.440000e-02 1.791820e+00
-4.430000e-02 1.801186e+00
-4.420000e-02 1.812814e+00
-4.410000e-02 1.826612e+00
-4.400000e-02 1.842536e+00
-4.390000e-02 1.860581e+00
-4.380000e-02 1.880770e+00
-4.370000e-02 1.903151e+00
-4.360000e-02 1.927781e+00
-4.350000e-02 1.954723e+00
-4.340000e-02 1.984033e+00
-4.330000e-02 2.015741e+00
-4.320000e-02 2.049834e+00
-4.310000e-02 2.086233e+00
-4.300000e-02 2.124763e+00
-4.290000e-02 2.165118e+00
-4.280000e-02 2.206829e+00
-4.270000e-02 2.249226e+00
-4.260000e-02 2.291414e+00
-4.250000e-02 2.332262e+00
-4.240000e-02 2.370419e+00
-4.230000e-02 2.404364e+00
-4.220000e-02 2.432500e+00
-4.210000e-02 2.453276e+00
-4.200000e-02 2.465344e+00
-4.190000e-02 2.467701e+00
-4.180000e-02 2.459808e+00
-4.170000e-02 2.441654e+00
-4.160000e-02 2.413747e+00
-4.150000e-02 2.377038e+00
-4.140000e-02 2.332804e+00
-4.130000e-02 2.282504e+00
-4.120000e-02 2.227640e+00
-4.110000e-02 2.169650e+00
-4.100000e-02 2.109827e+00
-4.090000e-02 2.049279e+00
-4.080000e-02 1.988908e+00
-4.070000e-02 1.929423e+00
-4.060000e-02 1.871358e+00
-4.050000e-02 1.815095e+00
-4.040000e-02 1.760893e+00
-4.030000e-02 1.708912e+00
-4.020000e-02 1.659240e+00
-4.010000e-02 1.611907e+00
-4.000000e-02 1.566902e+00
-3.990000e-02 1.524184e+00
-3.980000e-02 1.483694e+00
-3.970000e-02 1.445360e+00
-3.960000e-02 1.409100e+00
-3.950000e-02 1.374829e+00
-3.940000e-02 1.342460e+00
-3.930000e-02 1.311906e+00
-3.920000e-02 1.283083e+00
-3.910000e-02 1.255905e+00
-3.900000e-02 1.230294e+00
-3.890000e-02 1.206172e+00
-3.880000e-02 1.183465e+00
-3.870000e-02 1.162101e+00
-3.860000e-02 1.142015e+00
-3.850000e-02 1.123142e+00
-3.840000e-02 1.105422e+00
-3.830000e-02 1.088799e+00
-3.820000e-02 1.073220e+00
-3.810000e-02 1.058635e+00
-3.800000e-02 1.044998e+00
-3.790000e-02 1.032268e+00
-3.780000e-02 1.020405e+00
-3.770000e-02 1.009375e+00
-3.760000e-02 9.991471e-01
-3.750000e-02 9.896959e-01
-3.740000e-02 9.809994e-01
-3.730000e-02 9.730407e-01
-3.720000e-02 9.658088e-01
-3.710000e-02 9.592982e-01
-3.700000e-02 9.535101e-01
-3.690000e-02 9.484530e-01
-3.680000e-02 9.441434e-01
-3.670000e-02 9.406069e-01
-3.660000e-02 9.378794e-01
-3.650000e-02 9.360083e-01
-3.640000e-02 9.350537e-01
-3.630000e-02 9.350904e-01
-3.620000e-02 9.362098e-01
-3.610000e-02 9.385215e-01
-3.600000e-02 9.421562e-01
-3.590000e-02 9.472683e-01
-3.580000e-02 9.540392e-01
-3.570000e-02 9.626810e-01
-3.560000e-02 9.734416e-01
-3.550000e-02 9.866103e-01
-3.540000e-02 1.002526e+00
-3.530000e-02 1.021585e+00
-3.520000e-02 1.044257e+00
-3.510000e-02 1.071099e+00
-3.500000e-02 1.102777e+00
-3.490000e-02 1.140092e+00
-3.480000e-02 1.184008e+00
-3.470000e-02 1.235674e+00
-3.460000e-02 1.296429e+00
-3.450000e-02 1.367747e+00
-3.440000e-02 1.451050e+00
-3.430000e-02 1.547244e+00
-3.420000e-02 1.655792e+00
-3.410000e-02 1.773154e+00
-3.400000e-02 1.890880e+00
-3.390000e-02 1.994743e+00
-3.380000e-02 2.067524e+00
-3.370000e-02 2.096546e+00
-3.360000e-02 2.081375e+00
-3.350000e-02 2.034163e+00
-3.340000e-02 1.972116e+00
-3.330000e-02 1.909527e+00
-3.320000e-02 1.854613e+00
-3.310000e-02 1.810352e+00
-3.300000e-02 1.776548e+00
-3.290000e-02 1.751531e+00
-3.280000e-02 1.733173e+00
-3.270000e-02 1.719373e+00
-3.260000e-02 1.708254e+00
-3.250000e-02 1.698218e+00
-3.240000e-02 1.687937e+00
-3.230000e-02 1.676331e+00
-3.220000e-02 1.662549e+00
-3.210000e-02 1.645940e+00
-3.200000e-02 1.626048e+00
-3.190000e-02 1.602601e+00
-3.180000e-02 1.575497e+00
-3.170000e-02 1.544806e+00
-3.160000e-02 1.510750e+00
-3.150000e-02 1.473697e+00
-3.140000e-02 1.434138e+00
-3.130000e-02 1.392664e+00
-3.120000e-02 1.349944e+00
-3.110000e-02 1.306686e+00
-3.100000e-02 1.263611e+00
-3.090000e-02 1.221418e+00
-3.080000e-02 1.180754e+00
-3.070000e-02 1.142185e+00
-3.060000e-02 1.106173e+00
-3.050000e-02 1.073062e+00
-3.040000e-02 1.043068e+00
-3.030000e-02 1.016279e+00
-3.020000e-02 9.926574e-01
-3.010000e-02 9.720587e-01
-3.000000e-02 9.542473e-01
-2.990000e-02 9.389205e-01
-2.980000e-02 9.257335e-01
-2.970000e-02 9.143243e-01
-2.960000e-02 9.043365e-01
-2.950000e-02 8.954386e-01
-2.940000e-02 8.873385e-01
-2.930000e-02 8.797933e-01
-2.920000e-02 8.726140e-01
-2.910000e-02 8.656660e-01
-2.900000e-02 8.588662e-01
-2.890000e-02 8.521778e-01
-2.880000e-02 8.456038e-01
-2.870000e-02 8.391797e-01
-2.860000e-02 8.329663e-01
-2.850000e-02 8.270438e-01
-2.840000e-02 8.215061e-01
-2.830000e-02 8.164562e-01
-2.820000e-02 8.120033e-01
-2.810000e-02 8.082599e-01
-2.800000e-02 8.053408e-01
-2.790000e-02 8.033620e-01
-2.780000e-02 8.024403e-01
-2.770000e-02 8.026939e-01
-2.760000e-02 8.042418e-01
-2.750000e-02 8.072045e-01
-2.740000e-02 8.117038e-01
-2.730000e-02 8.178622e-01
-2.720000e-02 8.258020e-01
-2.710000e-02 8.356429e-01
-2.700000e-02 8.474997e-01
-2.690000e-02 8.614776e-01
-2.680000e-02 8.776673e-01
-2.670000e-02 8.961386e-01
-2.660000e-02 9.169338e-01
-2.650000e-02 9.400600e-01
-2.640000e-02 9.654835e-01
-2.630000e-02 9.931247e-01
-2.620000e-02 1.022857e+00
-2.610000e-02 1.054509e+00
-2.600000e-02 1.087871e+00
-2.590000e-02 1.122709e+00
-2.580000e-02 1.158778e+00
-2.570000e-02 1.195845e+00
-2.560000e-02 1.233708e+00
-2.550000e-02 1.272220e+00
-2.540000e-02 1.311313e+00
-2.530000e-02 1.351027e+00
-2.520000e-02 1.391544e+00
-2.510000e-02 1.433247e+00
-2.500000e-02 1.476802e+00
-2.490000e-02 1.523308e+00
-2.480000e-02 1.574537e+00
-2.470000e-02 1.633301e+00
-2.460000e-02 1.703983e+00
-2.450000e-02 1.793026e+00
-2.440000e-02 1.908634e+00
-2.430000e-02 2.057424e+00
-2.420000e-02 2.234791e+00
-2.410000e-02 2.412376e+00
-2.400000e-02 2.544267e+00
-2.390000e-02 2.602739e+00
-2.380000e-02 2.598808e+00
-2.370000e-02 2.561312e+00
-2.360000e-02 2.512905e+00
-2.350000e-02 2.464856e+00
-2.340000e-02 2.420978e+00
-2.330000e-02 2.381670e+00
-2.320000e-02 2.346164e+00
-2.310000e-02 2.313509e+00
-2.300000e-02 2.282925e+00
-2.290000e-02 2.253902e+00
-2.280000e-02 2.226182e+00
-2.270000e-02 2.199714e+00
-2.260000e-02 2.174598e+00
-2.250000e-02 2.151026e+00
-2.240000e-02 2.129244e+00
-2.230000e-02 2.109505e+00
-2.220000e-02 2.092043e+00
-2.210000e-02 2.077049e+00
-2.200000e-02 2.064659e+00
-2.190000e-02 2.054949e+00
-2.180000e-02 2.047934e+00
-2.170000e-02 2.043581e+00
-2.160000e-02 2.041816e+00
-2.150000e-02 2.042542e+00
-2.140000e-02 2.045661e+00
-2.130000e-02 2.051080e+00
-2.120000e-02 2.058728e+00
-2.110000e-02 2.068551e+00
-2.100000e-02 2.080499e+00
-2.090000e-02 2.094488e+00
-2.080000e-02 2.110335e+00
-2.070000e-02 2.127667e+00
-2.060000e-02 2.145769e+00
-2.050000e-02 2.163405e+00
-2.040000e-02 2.178590e+00
-2.030000e-02 2.188355e+00
-2.020000e-02 2.188610e+00
-2.010000e-02 2.174247e+00
-2.000000e-02 2.139703e+00
-1.990000e-02 2.080134e+00
-1.980000e-02 1.993084e+00
-1.970000e-02 1.880012e+00
-1.960000e-02 1.746789e+00
-1.950000e-02 1.602581e+00
-1.940000e-02 1.457510e+00
-1.930000e-02 1.320265e+00
-1.920000e-02 1.196694e+00
-1.910000e-02 1.089613e+00
-1.900000e-02 9.994355e-01
-1.890000e-02 9.250622e-01
-1.880000e-02 8.646548e-01
-1.870000e-02 8.161705e-01
-1.860000e-02 7.776672e-01
-1.850000e-02 7.474449e-01
-1.840000e-02 7.240884e-01
-1.830000e-02 7.064583e-01
-1.820000e-02 6.936597e-01
-1.810000e-02 6.850045e-01
-1.800000e-02 6.799751e-01
-1.790000e-02 6.781926e-01
-1.780000e-02 6.793901e-01
-1.770000e-02 6.833917e-01
-1.760000e-02 6.900944e-01
-1.750000e-02 6.994543e-01
-1.740000e-02 7.114732e-01
-1.730000e-02 7.261880e-01
-1.720000e-02 7.436588e-01
-1.710000e-02 7.639569e-01
-1.700000e-02 7.871514e-01
-1.690000e-02 8.132932e-01
-1.680000e-02 8.423973e-01
-1.670000e-02 8.744225e-01
-1.660000e-02 9.092500e-01
-1.650000e-02 9.466624e-01
-1.640000e-02 9.863249e-01
-1.630000e-02 1.027774e+00
-1.620000e-02 1.070417e+00
-1.610000e-02 1.113540e+00
-1.600000e-02 1.156344e+00
-1.590000e-02 1.197980e+00
-1.580000e-02 1.237612e+00
-1.570000e-02 1.274477e+00
-1.560000e-02 1.307939e+00
-1.550000e-02 1.337539e+00
-1.540000e-02 1.363017e+00
-1.530000e-02 1.384314e+00
-1.520000e-02 1.401559e+00
-1.510000e-02 1.415032e+00
-1.500000e-02 1.425122e+00
-1.490000e-02 1.432283e+00
-1.480000e-02 1.436992e+00
-1.470000e-02 1.439715e+00
-1.460000e-02 1.440878e+00
-1.450000e-02 1.440854e+00
-1.440000e-02 1.439947e+00
-1.430000e-02 1.438391e+00
-1.420000e-02 1.436348e+00
-1.410000e-02 1.433915e+00
-1.400000e-02 1.431131e+00
-1.390000e-02 1.427989e+00
-1.380000e-02 1.424451e+00
-1.370000e-02 1.420463e+00
-1.360000e-02 1.415983e+00
-1.350000e-02 1.410995e+00
-1.340000e-02 1.405531e+00
-1.330000e-02 1.399692e+00
-1.320000e-02 1.393650e+00
-1.310000e-02 1.387652e+00
-1.300000e-02 1.382007e+00
-1.290000e-02 1.377071e+00
-1.280000e-02 1.373216e+00
-1.270000e-02 1.370814e+00
-1.260000e-02 1.370211e+00
-1.250000e-02 1.371714e+00
-1.240000e-02 1.375588e+00
-1.230000e-02 1.382053e+00
-1.220000e-02 1.391294e+00
-1.210000e-02 1.403469e+00
-1.200000e-02 1.418723e+00
-1.190000e-02 1.437199e+00
-1.180000e-02 1.459051e+00
-1.170000e-02 1.484449e+00
-1.160000e-02 1.513586e+00
-1.150000e-02 1.546682e+00
-1.140000e-02 1.583973e+00
-1.130000e-02 1.625700e+00
-1.120000e-02 1.672076e+00
-1.110000e-02 1.723242e+00
-1.100000e-02 1.779191e+00
-1.090000e-02 1.839674e+00
-1.080000e-02 1.904090e+00
-1.070000e-02 1.971395e+00
-1.060000e-02 2.040081e+00
-1.050000e-02 2.108292e+00
-1.040000e-02 2.174124e+00
-1.030000e-02 2.236045e+00
-1.020000e-02 2.293299e+00
-1.010000e-02 2.346091e+00
-1.000000e-02 2.395448e+00
-9.900000e-03 2.442826e+00
-9.800000e-03 2.489641e+00
-9.700000e-03 2.536888e+00
-9.600000e-03 2.584916e+00
-9.500000e-03 2.633361e+00
-9.400000e-03 2.681158e+00
-9.300000e-03 2.726628e+00
-9.200000e-03 2.767587e+00
-9.100000e-03 2.801505e+00
-9.000000e-03 2.825698e+00
-8.900000e-03 2.837577e+00
-8.800000e-03 2.834933e+00
-8.700000e-03 2.816229e+00
-8.600000e-03 2.780857e+00
-8.500000e-03 2.729306e+00
-8.400000e-03 2.663196e+00
-8.300000e-03 2.585176e+00
-8.200000e-03 2.498694e+00
-8.100000e-03 2.407688e+00
-8.000000e-03 2.316258e+00
-7.900000e-03 2.228378e+00
-7.800000e-03 2.147661e+00
-7.700000e-03 2.077197e+00
-7.600000e-03 2.019460e+00
-7.500000e-03 1.976248e+00
-7.400000e-03 1.948659e+00
-7.300000e-03 1.937074e+00
-7.200000e-03 1.941166e+00
-7.100000e-03 1.959922e+00
-7.000000e-03 1.991709e+00
-6.900000e-03 2.034384e+00
-6.800000e-03 2.085440e+00
-6.700000e-03 2.142196e+00
-6.600000e-03 2.201994e+00
-6.500000e-03 2.262378e+00
-6.400000e-03 2.321242e+00
-6.300000e-03 2.376919e+00
-6.200000e-03 2.428213e+00
-6.100000e-03 2.474384e+00
-6.000000e-03 2.515096e+00
-5.900000e-03 2.550342e+00
-5.800000e-03 2.580370e+00
-5.700000e-03 2.605602e+00
-5.600000e-03 2.626578e+00
-5.500000e-03 2.643901e+00
-5.400000e-03 2.658202e+00
-5.300000e-03 2.670117e+00
-5.200000e-03 2.680273e+00
-5.100000e-03 2.689283e+00
-5.000000e-03 2.697746e+00
-4.900000e-03 2.706248e+00
-4.800000e-03 2.715374e+00
-4.700000e-03 2.725713e+00
-4.600000e-03 2.737869e+00
-4.500000e-03 2.752463e+00
-4.400000e-03 2.770142e+00
-4.300000e-03 2.791572e+00
-4.200000e-03 2.817421e+00
-4.100000e-03 2.848320e+00
-4.000000e-03 2.884779e+00
-3.900000e-03 2.927041e+00
-3.800000e-03 2.974830e+00
-3.700000e-03 3.026955e+00
-3.600000e-03 3.080746e+00
-3.500000e-03 3.131373e+00
-3.400000e-03 3.171305e+00
-3.300000e-03 3.190494e+00
-3.200000e-03 3.178077e+00
-3.100000e-03 3.125973e+00
-3.000000e-03 3.033131e+00
-2.900000e-03 2.907541e+00
-2.800000e-03 2.763880e+00
-2.700000e-03 2.618100e+00
-2.600000e-03 2.482627e+00
-2.500000e-03 2.364473e+00
-2.400000e-03 2.265924e+00
-2.300000e-03 2.186230e+00
-2.200000e-03 2.123169e+00
-2.100000e-03 2.074086e+00
-2.000000e-03 2.036437e+00
-1.900000e-03 2.008015e+00
-1.800000e-03 1.987007e+00
-1.700000e-03 1.971963e+00
-1.600000e-03 1.961743e+00
-1.500000e-03 1.955457e+00
-1.400000e-03 1.952414e+00
-1.300000e-03 1.952076e+00
-1.200000e-03 1.954028e+00
-1.100000e-03 1.957948e+00
-1.000000e-03 1.963594e+00
-9.000000e-04 1.970792e+00
-8.000000e-04 1.979425e+00
-7.000000e-04 1.989442e+00
-6.000000e-04 2.000862e+00
-5.000000e-04 2.013800e+00
-4.000000e-04 2.028505e+00
-3.000000e-04 2.045439e+00
-2.000000e-04 2.065414e+00
-1.000000e-04 2.089846e+00
1.429412e-15 2.121233e+00
1.000000e-04 2.164052e+00
2.000000e-04 2.226340e+00
3.000000e-04 2.321876e+00
4.000000e-04 2.470008e+00
5.000000e-04 2.680970e+00
6.000000e-04 2.915051e+00
7.000000e-04 3.061354e+00
8.000000e-04 2.927575e+00
9.000000e-04 2.442608e+00
1.000000e-03 2.135378e+00
1.100000e-03 2.066632e+00
1.200000e-03 2.065724e+00
1.300000e-03 2.076135e+00
1.400000e-03 2.085947e+00
1.500000e-03 2.093236e+00
1.600000e-03 2.098076e+00
1.700000e-03 2.100842e+00
1.800000e-03 2.101873e+00
1.900000e-03 2.101419e+00
2.000000e-03 2.099659e+00
2.100000e-03 2.096718e+00
2.200000e-03 2.092678e+00
2.300000e-03 2.087592e+00
2.400000e-03 2.081486e+00
2.500000e-03 2.074366e+00
2.600000e-03 2.066219e+00
2.700000e-03 2.057019e+00
2.800000e-03 2.046727e+00
2.900000e-03 2.035293e+00
3.000000e-03 2.022663e+00
3.100000e-03 2.008779e+00
3.200000e-03 1.993584e+00
3.300000e-03 1.977031e+00
3.400000e-03 1.959081e+00
3.500000e-03 1.939715e+00
3.600000e-03 1.918937e+00
3.700000e-03 1.896782e+00
3.800000e-03 1.873318e+00
3.900000e-03 1.848658e+00
4.000000e-03 1.822957e+00
4.100000e-03 1.796421e+00
4.200000e-03 1.769306e+00
4.300000e-03 1.741916e+00
4.400000e-03 1.714603e+00
4.500000e-03 1.687760e+00
4.600000e-03 1.661811e+00
4.700000e-03 1.637207e+00
4.800000e-03 1.614408e+00
4.900000e-03 1.593878e+00
5.000000e-03 1.576066e+00
5.100000e-03 1.561400e+00
5.200000e-03 1.550275e+00
5.300000e-03 1.543044e+00
5.400000e-03 1.540017e+00
5.500000e-03 1.541453e+00
5.600000e-03 1.547562e+00
5.700000e-03 1.558507e+00
5.800000e-03 1.574405e+00
5.900000e-03 1.595332e+00
6.000000e-03 1.621327e+00
6.100000e-03 1.652392e+00
6.200000e-03 1.688492e+00
6.300000e-03 1.729551e+00
6.400000e-03 1.775438e+00
6.500000e-03 1.825951e+00
6.600000e-03 1.880776e+00
6.700000e-03 1.939444e+00
6.800000e-03 2.001250e+00
6.900000e-03 2.065152e+00
7.000000e-03 2.129636e+00
7.100000e-03 2.192561e+00
7.200000e-03 2.251006e+00
7.300000e-03 2.301201e+00
7.400000e-03 2.338671e+00
7.500000e-03 2.358775e+00
7.600000e-03 2.357792e+00
7.700000e-03 2.334469e+00
7.800000e-03 2.291483e+00
7.900000e-03 2.235868e+00
8.000000e-03 2.177725e+00
8.100000e-03 2.127563e+00
8.200000e-03 2.093619e+00
8.300000e-03 2.080425e+00
8.400000e-03 2.088916e+00
8.500000e-03 2.117463e+00
8.600000e-03 2.163079e+00
8.700000e-03 2.222344e+00
8.800000e-03 2.291954e+00
8.900000e-03 2.368959e+00
9.000000e-03 2.450816e+00
9.100000e-03 2.535361e+00
9.200000e-03 2.620734e+00
9.300000e-03 2.705315e+00
9.400000e-03 2.787672e+00
9.500000e-03 2.866514e+00
9.600000e-03 2.940677e+00
9.700000e-03 3.009105e+00
9.800000e-03 3.070853e+00
9.900000e-03 3.125091e+00
1.000000e-02 3.171105e+00
1.010000e-02 3.208306e+00
1.020000e-02 3.236231e+00
1.030000e-02 3.254538e+00
1.040000e-02 3.263000e+00
1.050000e-02 3.261484e+00
1.060000e-02 3.249931e+00
1.070000e-02 3.228316e+00
1.080000e-02 3.196611e+00
1.090000e-02 3.154728e+00
1.100000e-02 3.102451e+00
1.110000e-02 3.039365e+00
1.120000e-02 2.964781e+00
1.130000e-02 2.877699e+00
1.140000e-02 2.776899e+00
1.150000e-02 2.661360e+00
1.160000e-02 2.531419e+00
1.170000e-02 2.391237e+00
1.180000e-02 2.252513e+00
1.190000e-02 2.136585e+00
1.200000e-02 2.068010e+00
1.210000e-02 2.057831e+00
1.220000e-02 2.093013e+00
1.230000e-02 2.147231e+00
1.240000e-02 2.198867e+00
1.250000e-02 2.237769e+00
1.260000e-02 2.262239e+00
1.270000e-02 2.274421e+00
1.280000e-02 2.277445e+00
1.290000e-02 2.274233e+00
1.300000e-02 2.267152e+00
1.310000e-02 2.258016e+00
1.320000e-02 2.248185e+00
1.330000e-02 2.238679e+00
1.340000e-02 2.230271e+00
1.350000e-02 2.223562e+00
1.360000e-02 2.219038e+00
1.370000e-02 2.217115e+00
1.380000e-02 2.218172e+00
1.390000e-02 2.222588e+00
1.400000e-02 2.230760e+00
1.410000e-02 2.243146e+00
1.420000e-02 2.260282e+00
1.430000e-02 2.282825e+00
1.440000e-02 2.311576e+00
1.450000e-02 2.347489e+00
1.460000e-02 2.391624e+00
1.470000e-02 2.444918e+00
1.480000e-02 2.507530e+00
1.490000e-02 2.577223e+00
1.500000e-02 2.646019e+00
1.510000e-02 2.695453e+00
1.520000e-02 2.696473e+00
1.530000e-02 2.627648e+00
1.540000e-02 2.505306e+00
1.550000e-02 2.377592e+00
1.560000e-02 2.281634e+00
1.570000e-02 2.225848e+00
1.580000e-02 2.202830e+00
1.590000e-02 2.202546e+00
1.600000e-02 2.217159e+00
1.610000e-02 2.241474e+00
1.620000e-02 2.272236e+00
1.630000e-02 2.307431e+00
1.640000e-02 2.345800e+00
1.650000e-02 2.386532e+00
1.660000e-02 2.429083e+00
1.670000e-02 2.473063e+00
1.680000e-02 2.518173e+00
1.690000e-02 2.564159e+00
1.700000e-02 2.610790e+00
1.710000e-02 2.657841e+00
1.720000e-02 2.705081e+00
1.730000e-02 2.752270e+00
1.740000e-02 2.799153e+00
1.750000e-02 2.845460e+00
1.760000e-02 2.890909e+00
1.770000e-02 2.935206e+00
1.780000e-02 2.978052e+00
1.790000e-02 3.019146e+00
1.800000e-02 3.058200e+00
1.810000e-02 3.094939e+00
1.820000e-02 3.129119e+00
1.830000e-02 3.160534e+00
1.840000e-02 3.189029e+00
1.850000e-02 3.214507e+00
1.860000e-02 3.236946e+00
1.870000e-02 3.256399e+00
1.880000e-02 3.273006e+00
1.890000e-02 3.286994e+00
1.900000e-02 3.298681e+00
1.910000e-02 3.308473e+00
1.920000e-02 3.316861e+00
1.930000e-02 3.324414e+00
1.940000e-02 3.331779e+00
1.950000e-02 3.339669e+00
1.960000e-02 3.348860e+00
1.970000e-02 3.360179e+00
1.980000e-02 3.374492e+00
1.990000e-02 3.392671e+00
2.000000e-02 3.415516e+00
2.010000e-02 3.443597e+00
2.020000e-02 3.476861e+00
2.030000e-02 3.513792e+00
2.040000e-02 3.549538e+00
2.050000e-02 3.572032e+00
2.060000e-02 3.555069e+00
2.070000e-02 3.451157e+00
2.080000e-02 3.203912e+00
2.090000e-02 2.815679e+00
2.100000e-02 2.412725e+00
2.110000e-02 2.140883e+00
2.120000e-02 2.026202e+00
2.130000e-02 2.014627e+00
2.140000e-02 2.052666e+00
2.150000e-02 2.109474e+00
2.160000e-02 2.170754e+00
2.170000e-02 2.230860e+00
2.180000e-02 2.288171e+00
2.190000e-02 2.342861e+00
2.200000e-02 2.395845e+00
2.210000e-02 2.448234e+00
2.220000e-02 2.500975e+00
2.230000e-02 2.554578e+00
2.240000e-02 2.608976e+00
2.250000e-02 2.663567e+00
2.260000e-02 2.717432e+00
2.270000e-02 2.769633e+00
2.280000e-02 2.819440e+00
2.290000e-02 2.866433e+00
2.300000e-02 2.910477e+00
2.310000e-02 2.951648e+00
2.320000e-02 2.990139e+00
2.330000e-02 3.026193e+00
2.340000e-02 3.060055e+00
2.350000e-02 3.091950e+00
2.360000e-02 3.122072e+00
2.370000e-02 3.150583e+00
2.380000e-02 3.177614e+00
2.390000e-02 3.203271e+00
2.400000e-02 3.227638e+00
2.410000e-02 3.250782e+00
2.420000e-02 3.272758e+00
2.430000e-02 3.293610e+00
2.440000e-02 3.313373e+00
2.450000e-02 3.332080e+00
2.460000e-02 3.349756e+00
2.470000e-02 3.366425e+00
2.480000e-02 3.382109e+00
2.490000e-02 3.396827e+00
2.500000e-02 3.410599e+00
2.510000e-02 3.423444e+00
2.520000e-02 3.435379e+00
2.530000e-02 3.446424e+00
2.540000e-02 3.456597e+00
2.550000e-02 3.465915e+00
2.560000e-02 3.474398e+00
2.570000e-02 3.482064e+00
2.580000e-02 3.488932e+00
2.590000e-02 3.495019e+00
2.600000e-02 3.500346e+00
2.610000e-02 3.504930e+00
2.620000e-02 3.508790e+00
2.630000e-02 3.511944e+00
2.640000e-02 3.514412e+00
2.650000e-02 3.516211e+00
2.660000e-02 3.517361e+00
2.670000e-02 3.517881e+00
2.680000e-02 3.517789e+00
2.690000e-02 3.517106e+00
2.700000e-02 3.515853e+00
2.710000e-02 3.514051e+00
2.720000e-02 3.511723e+00
2.730000e-02 3.508893e+00
2.740000e-02 3.505588e+00
2.750000e-02 3.501836e+00
2.760000e-02 3.497668e+00
2.770000e-02 3.493115e+00
2.780000e-02 3.488214e+00
2.790000e-02 3.483003e+00
2.800000e-02 3.477521e+00
2.810000e-02 3.471812e+00
2.820000e-02 3.465922e+00
2.830000e-02 3.459899e+00
2.840000e-02 3.453794e+00
2.850000e-02 3.447658e+00
2.860000e-02 3.441546e+00
2.870000e-02 3.435514e+00
2.880000e-02 3.429621e+00
2.890000e-02 3.423924e+00
2.900000e-02 3.418487e+00
2.910000e-02 3.413372e+00
2.920000e-02 3.408646e+00
2.930000e-02 3.404378e+00
2.940000e-02 3.400642e+00
2.950000e-02 3.397514e+00
2.960000e-02 3.395081e+00
2.970000e-02 3.393434e+00
2.980000e-02 3.392674e+00
2.990000e-02 3.392916e+00
3.000000e-02 3.394288e+00
3.010000e-02 3.396935e+00
3.020000e-02 3.401027e+00
3.030000e-02 3.406757e+00
3.040000e-02 3.414352e+00
3.050000e-02 3.424077e+00
3.060000e-02 3.436243e+00
3.070000e-02 3.451213e+00
3.080000e-02 3.469408e+00
3.090000e-02 3.491312e+00
3.100000e-02 3.517463e+00
3.110000e-02 3.548435e+00
3.120000e-02 3.584773e+00
3.130000e-02 3.626880e+00
3.140000e-02 3.674785e+00
3.150000e-02 3.727755e+00
3.160000e-02 3.783704e+00
3.170000e-02 3.838475e+00
3.180000e-02 3.885325e+00
3.190000e-02 3.915400e+00
3.200000e-02 3.920019e+00
3.210000e-02 3.894544e+00
3.220000e-02 3.841433e+00
3.230000e-02 3.769598e+00
3.240000e-02 3.690232e+00
3.250000e-02 3.612410e+00
3.260000e-02 3.541080e+00
3.270000e-02 3.477400e+00
3.280000e-02 3.420054e+00
3.290000e-02 3.366510e+00
3.300000e-02 3.313933e+00
3.310000e-02 3.259759e+00
3.320000e-02 3.202082e+00
3.330000e-02 3.139890e+00
3.340000e-02 3.073173e+00
3.350000e-02 3.002862e+00
3.360000e-02 2.930608e+00
3.370000e-02 2.858445e+00
3.380000e-02 2.788418e+00
3.390000e-02 2.722288e+00
3.400000e-02 2.661342e+00
3.410000e-02 2.606343e+00
3.420000e-02 2.557585e+00
3.430000e-02 2.514990e+00
3.440000e-02 2.478235e+00
3.450000e-02 2.446856e+00
3.460000e-02 2.420336e+00
3.470000e-02 2.398168e+00
3.480000e-02 2.379892e+00
3.490000e-02 2.365120e+00
3.500000e-02 2.353552e+00
3.510000e-02 2.344983e+00
3.520000e-02 2.339309e+00
3.530000e-02 2.336544e+00
3.540000e-02 2.336825e+00
3.550000e-02 2.340444e+00
3.560000e-02 2.347881e+00
3.570000e-02 2.359864e+00
3.580000e-02 2.377455e+00
3.590000e-02 2.402187e+00
3.600000e-02 2.436261e+00
3.610000e-02 2.482833e+00
3.620000e-02 2.546399e+00
3.630000e-02 2.633140e+00
3.640000e-02 2.750676e+00
3.650000e-02 2.905133e+00
3.660000e-02 3.089667e+00
3.670000e-02 3.256191e+00
3.680000e-02 3.292847e+00
3.690000e-02 3.110230e+00
3.700000e-02 2.788742e+00
3.710000e-02 2.483175e+00
3.720000e-02 2.259750e+00
3.730000e-02 2.111438e+00
3.740000e-02 2.014500e+00
3.750000e-02 1.949786e+00
3.760000e-02 1.904960e+00
3.770000e-02 1.872544e+00
3.780000e-02 1.848039e+00
3.790000e-02 1.828705e+00
3.800000e-02 1.812843e+00
3.810000e-02 1.799380e+00
3.820000e-02 1.787627e+00
3.830000e-02 1.777139e+00
3.840000e-02 1.767625e+00
3.850000e-02 1.758897e+00
3.860000e-02 1.750841e+00
3.870000e-02 1.743388e+00
3.880000e-02 1.736509e+00
3.890000e-02 1.730201e+00
3.900000e-02 1.724488e+00
3.910000e-02 1.719410e+00
3.920000e-02 1.715032e+00
3.930000e-02 1.711439e+00
3.940000e-02 1.708740e+00
3.950000e-02 1.707072e+00
3.960000e-02 1.706609e+00
3.970000e-02 1.707564e+00
3.980000e-02 1.710207e+00
3.990000e-02 1.714877e+00
4.000000e-02 1.722002e+00
4.010000e-02 1.732130e+00
4.020000e-02 1.745966e+00
4.030000e-02 1.764423e+00
4.040000e-02 1.788691e+00
4.050000e-02 1.820327e+00
4.060000e-02 1.861358e+00
4.070000e-02 1.914373e+00
4.080000e-02 1.982526e+00
4.090000e-02 2.069186e+00
4.100000e-02 2.176654e+00
4.110000e-02 2.302699e+00
4.120000e-02 2.433399e+00
4.130000e-02 2.534245e+00
4.140000e-02 2.553887e+00
4.150000e-02 2.460280e+00
4.160000e-02 2.280686e+00
4.170000e-02 2.080565e+00
4.180000e-02 1.909379e+00
4.190000e-02 1.783401e+00
4.200000e-02 1.699315e+00
4.210000e-02 1.648109e+00
4.220000e-02 1.621239e+00
4.230000e-02 1.612139e+00
4.240000e-02 1.616074e+00
4.250000e-02 1.629652e+00
4.260000e-02 1.650381e+00
4.270000e-02 1.676359e+00
4.280000e-02 1.706072e+00
4.290000e-02 1.738273e+00
4.300000e-02 1.771913e+00
4.310000e-02 1.806103e+00
4.320000e-02 1.840094e+00
4.330000e-02 1.873268e+00
4.340000e-02 1.905126e+00
4.350000e-02 1.935282e+00
4.360000e-02 1.963450e+00
4.370000e-02 1.989433e+00
4.380000e-02 2.013107e+00
4.390000e-02 2.034402e+00
4.400000e-02 2.053295e+00
4.410000e-02 2.069787e+00
4.420000e-02 2.083894e+00
4.430000e-02 2.095630e+00
4.440000e-02 2.105000e+00
4.450000e-02 2.111984e+00
4.460000e-02 2.116529e+00
4.470000e-02 2.118539e+00
4.480000e-02 2.117868e+00
4.490000e-02 2.114324e+00
4.500000e-02 2.107679e+00
4.510000e-02 2.097735e+00
4.520000e-02 2.084476e+00
4.530000e-02 2.068447e+00
4.540000e-02 2.051588e+00
4.550000e-02 2.038946e+00
4.560000e-02 2.041359e+00
4.570000e-02 2.076874e+00
4.580000e-02 2.162585e+00
4.590000e-02 2.291716e+00
4.600000e-02 2.425507e+00
4.610000e-02 2.527483e+00
4.620000e-02 2.590015e+00
4.630000e-02 2.623400e+00
4.640000e-02 2.639689e+00
4.650000e-02 2.647169e+00
4.660000e-02 2.650602e+00
4.670000e-02 2.652529e+00
4.680000e-02 2.654254e+00
4.690000e-02 2.656425e+00
4.700000e-02 2.659347e+00
4.710000e-02 2.663148e+00
4.720000e-02 2.667863e+00
4.730000e-02 2.673482e+00
4.740000e-02 2.679972e+00
4.750000e-02 2.687287e+00
4.760000e-02 2.695377e+00
4.770000e-02 2.704188e+00
4.780000e-02 2.713661e+00
4.790000e-02 2.723735e+00
4.800000e-02 2.734338e+00
4.810000e-02 2.745393e+00
4.820000e-02 2.756807e+00
4.830000e-02 2.768470e+00
4.840000e-02 2.780251e+00
4.850000e-02 2.791990e+00
4.860000e-02 2.803493e+00
4.870000e-02 2.814528e+00
4.880000e-02 2.824810e+00
4.890000e-02 2.834004e+00
4.900000e-02 2.841712e+00
4.910000e-02 2.847476e+00
4.920000e-02 2.850778e+00
4.930000e-02 2.851060e+00
4.940000e-02 2.847744e+00
4.950000e-02 2.840280e+00
4.960000e-02 2.828211e+00
4.970000e-02 2.811255e+00
4.980000e-02 2.789400e+00
4.990000e-02 2.762992e+00
