0.000000e+00 3.652458e+00
6.000000e-02 2.953813e+00
1.200000e-01 3.664775e+00
1.800000e-01 1.478381e+00
2.400000e-01 2.550194e+00
3.000000e-01 2.293866e+00
3.600000e-01 7.262549e-01
4.200000e-01 1.627680e+00
4.800000e-01 1.457801e+00
5.400000e-01 1.298870e+00
6.000000e-01 3.305243e-01
6.600000e-01 6.506194e-01
7.200000e-01 7.774527e-01
7.800000e-01 5.689270e-01
8.400000e-01 6.582605e-01
9.000000e-01 1.634730e+00
9.600000e-01 2.215328e+00
1.020000e+00 1.626264e+00
1.080000e+00 1.319401e+00
1.140000e+00 1.192549e+00
1.200000e+00 2.016345e+00
1.260000e+00 1.727009e+00
1.320000e+00 2.032806e+00
1.380000e+00 2.351173e-01
1.440000e+00 1.829829e-01
1.500000e+00 1.009412e+00
1.560000e+00 4.589864e-01
1.620000e+00 1.526486e-01
1.680000e+00 1.128579e+00
1.740000e+00 2.057307e+00
1.800000e+00 4.886511e-01
1.860000e+00 1.206008e-01
1.920000e+00 1.862108e-01
1.980000e+00 1.720283e+00
2.040000e+00 2.130876e-01
2.100000e+00 1.505481e+00
2.160000e+00 4.820437e-02
2.220000e+00 4.576732e-02
2.280000e+00 1.438486e-01
2.340000e+00 3.494579e-02
2.400000e+00 1.450685e-02
2.460000e+00 6.245477e-01
2.520000e+00 5.182354e-01
2.580000e+00 2.222523e-02
2.640000e+00 3.789187e-03
2.700000e+00 1.747083e-01
2.760000e+00 9.146790e-03
2.820000e+00 1.008214e+00
2.880000e+00 2.820480e-01
2.940000e+00 6.404887e-03
3.000000e+00 1.293224e-02
3.060000e+00 2.903508e-02
3.120000e+00 1.089961e-02
3.180000e+00 1.348402e-03
3.240000e+00 4.192136e-01
3.300000e+00 1.953967e-03
3.360000e+00 3.223653e-03
3.420000e+00 3.637210e-03
3.480000e+00 3.531388e-04
3.540000e+00 2.333991e-04
3.600000e+00 3.668802e-01
3.660000e+00 5.175784e-03
3.720000e+00 4.597817e-06
3.780000e+00 8.695448e-04
3.840000e+00 3.362458e-05
3.900000e+00 4.789431e-05
3.960000e+00 1.673472e-05
4.020000e+00 7.104516e-07
4.080000e+00 9.860352e-07
4.140000e+00 5.484829e-05
4.200000e+00 1.103576e-06
4.260000e+00 3.076720e-05
4.320000e+00 2.664660e-07
4.380000e+00 2.147101e-08
4.440000e+00 1.018708e-07
4.500000e+00 1.581904e-10
4.560000e+00 5.771197e-09
4.620000e+00 1.478990e-09
4.680000e+00 9.079929e-08
4.740000e+00 6.289225e-11
4.800000e+00 3.184742e-11
4.860000e+00 3.568164e-10
4.920000e+00 3.315729e-05
4.980000e+00 1.130611e-10
5.040000e+00 3.942282e-12
5.100000e+00 2.160130e-07
5.160000e+00 1.435662e-07
5.220000e+00 9.828082e-13
5.280000e+00 8.929443e-14
5.340000e+00 7.824300e-14
5.400000e+00 3.406419e-16
5.460000e+00 3.563571e-14
5.520000e+00 2.243571e-11
5.580000e+00 2.765498e-13
5.640000e+00 6.663877e-15
5.700000e+00 1.500318e-14
5.760000e+00 8.415068e-17
5.820000e+00 5.024764e-18
5.880000e+00 2.954295e-15
5.940000e+00 2.619982e-17
