-5.000000e-02 7.550359e-01
-4.990000e-02 7.120066e-01
-4.980000e-02 6.868851e-01
-4.970000e-02 6.784836e-01
-4.960000e-02 6.856081e-01
-4.950000e-02 7.070744e-01
-4.940000e-02 7.412870e-01
-4.930000e-02 7.855153e-01
-4.920000e-02 8.351792e-01
-4.910000e-02 8.838529e-01
-4.900000e-02 9.248232e-01
-4.890000e-02 9.539922e-01
-4.880000e-02 9.720566e-01
-4.870000e-02 9.838455e-01
-4.860000e-02 9.953187e-01
-4.850000e-02 1.010605e+00
-4.840000e-02 1.030557e+00
-4.830000e-02 1.052751e+00
-4.820000e-02 1.072432e+00
-4.810000e-02 1.084098e+00
-4.800000e-02 1.083351e+00
-4.790000e-02 1.068337e+00
-4.780000e-02 1.040093e+00
-4.770000e-02 1.001710e+00
-4.760000e-02 9.569767e-01
-4.750000e-02 9.092277e-01
-4.740000e-02 8.607981e-01
-4.730000e-02 8.130193e-01
-4.720000e-02 7.665216e-01
-4.710000e-02 7.216149e-01
-4.700000e-02 6.785946e-01
-4.690000e-02 6.379031e-01
-4.680000e-02 6.001409e-01
-4.670000e-02 5.659793e-01
-4.660000e-02 5.360440e-01
-4.650000e-02 5.108295e-01
-4.640000e-02 4.906702e-01
-4.630000e-02 4.757635e-01
-4.620000e-02 4.662231e-01
-4.610000e-02 4.621439e-01
-4.600000e-02 4.636657e-01
-4.590000e-02 4.710310e-01
-4.580000e-02 4.846387e-01
-4.570000e-02 5.050985e-01
-4.560000e-02 5.332901e-01
-4.550000e-02 5.704331e-01
-4.540000e-02 6.181618e-01
-4.530000e-02 6.785836e-01
-4.520000e-02 7.542303e-01
-4.510000e-02 8.476497e-01
-4.500000e-02 9.600006e-01
-4.490000e-02 1.087444e+00
-4.480000e-02 1.214418e+00
-4.470000e-02 1.307914e+00
-4.460000e-02 1.327696e+00
-4.450000e-02 1.258990e+00
-4.440000e-02 1.129684e+00
-4.430000e-02 9.833025e-01
-4.420000e-02 8.484687e-01
-4.410000e-02 7.350675e-01
-4.400000e-02 6.429478e-01
-4.390000e-02 5.687718e-01
-4.380000e-02 5.089680e-01
-4.370000e-02 4.605712e-01
-4.360000e-02 4.212964e-01
-4.350000e-02 3.894146e-01
-4.340000e-02 3.636174e-01
-4.330000e-02 3.429098e-01
-4.320000e-02 3.265337e-01
-4.310000e-02 3.139156e-01
-4.300000e-02 3.046287e-01
-4.290000e-02 2.983691e-01
-4.280000e-02 2.949393e-01
-4.270000e-02 2.942401e-01
-4.260000e-02 2.962689e-01
-4.250000e-02 3.011265e-01
-4.240000e-02 3.090326e-01
-4.230000e-02 3.203548e-01
-4.220000e-02 3.356575e-01
-4.210000e-02 3.557824e-01
-4.200000e-02 3.819819e-01
-4.190000e-02 4.161430e-01
-4.180000e-02 4.611691e-01
-4.170000e-02 5.216256e-01
-4.160000e-02 6.047547e-01
-4.150000e-02 7.215970e-01
-4.140000e-02 8.856355e-01
-4.130000e-02 1.097382e+00
-4.120000e-02 1.295330e+00
-4.110000e-02 1.349107e+00
-4.100000e-02 1.251436e+00
-4.090000e-02 1.137690e+00
-4.080000e-02 1.077140e+00
-4.070000e-02 1.064025e+00
-4.060000e-02 1.073853e+00
-4.050000e-02 1.083028e+00
-4.040000e-02 1.073517e+00
-4.030000e-02 1.036103e+00
-4.020000e-02 9.720105e-01
-4.010000e-02 8.904635e-01
-4.000000e-02 8.033636e-01
-3.990000e-02 7.206952e-01
-3.980000e-02 6.486899e-01
-3.970000e-02 5.901995e-01
-3.960000e-02 5.458909e-01
-3.950000e-02 5.153610e-01
-3.940000e-02 4.978923e-01
-3.930000e-02 4.928845e-01
-3.920000e-02 5.000758e-01
-3.910000e-02 5.196503e-01
-3.900000e-02 5.522894e-01
-3.890000e-02 5.991881e-01
-3.880000e-02 6.620189e-01
-3.870000e-02 7.427317e-01
-3.860000e-02 8.427995e-01
-3.850000e-02 9.606324e-01
-3.840000e-02 1.084197e+00
-3.830000e-02 1.180333e+00
-3.820000e-02 1.213409e+00
-3.810000e-02 1.201470e+00
-3.800000e-02 1.185225e+00
-3.790000e-02 1.170385e+00
-3.780000e-02 1.146493e+00
-3.770000e-02 1.107966e+00
-3.760000e-02 1.056119e+00
-3.750000e-02 9.957483e-01
-3.740000e-02 9.321866e-01
-3.730000e-02 8.697913e-01
-3.720000e-02 8.115258e-01
-3.710000e-02 7.591067e-01
-3.700000e-02 7.133396e-01
-3.690000e-02 6.744478e-01
-3.680000e-02 6.423265e-01
-3.670000e-02 6.167142e-01
-3.660000e-02 5.972980e-01
-3.650000e-02 5.837711e-01
-3.640000e-02 5.758568e-01
-3.630000e-02 5.733092e-01
-3.620000e-02 5.758966e-01
-3.610000e-02 5.833697e-01
-3.600000e-02 5.954164e-01
-3.590000e-02 6.116073e-01
-3.580000e-02 6.313376e-01
-3.570000e-02 6.537811e-01
-3.560000e-02 6.778761e-01
-3.550000e-02 7.023714e-01
-3.540000e-02 7.259510e-01
-3.530000e-02 7.474332e-01
-3.520000e-02 7.660050e-01
-3.510000e-02 7.814218e-01
-3.500000e-02 7.941035e-01
-3.490000e-02 8.050969e-01
-3.480000e-02 8.159261e-01
-3.470000e-02 8.283898e-01
-3.460000e-02 8.443600e-01
-3.450000e-02 8.656057e-01
-3.440000e-02 8.936183e-01
-3.430000e-02 9.293876e-01
-3.420000e-02 9.730625e-01
-3.410000e-02 1.023459e+00
-3.400000e-02 1.077491e+00
-3.390000e-02 1.129819e+00
-3.380000e-02 1.173252e+00
-3.370000e-02 1.200373e+00
-3.360000e-02 1.206123e+00
-3.350000e-02 1.189961e+00
-3.340000e-02 1.156087e+00
-3.330000e-02 1.111588e+00
-3.320000e-02 1.063911e+00
-3.310000e-02 1.019108e+00
-3.300000e-02 9.812663e-01
-3.290000e-02 9.527582e-01
-3.280000e-02 9.347637e-01
-3.270000e-02 9.277388e-01
-3.260000e-02 9.316647e-01
-3.250000e-02 9.459659e-01
-3.240000e-02 9.688547e-01
-3.230000e-02 9.955044e-01
-3.220000e-02 1.013987e+00
-3.210000e-02 9.994856e-01
-3.200000e-02 9.202303e-01
-3.190000e-02 7.864316e-01
-3.180000e-02 6.823261e-01
-3.170000e-02 6.626026e-01
-3.160000e-02 7.026957e-01
-3.150000e-02 7.628789e-01
-3.140000e-02 8.189382e-01
-3.130000e-02 8.592353e-01
-3.120000e-02 8.792603e-01
-3.110000e-02 8.790537e-01
-3.100000e-02 8.618717e-01
-3.090000e-02 8.329849e-01
-3.080000e-02 7.984871e-01
-3.070000e-02 7.643652e-01
-3.060000e-02 7.359947e-01
-3.050000e-02 7.180053e-01
-3.040000e-02 7.142991e-01
-3.030000e-02 7.279488e-01
-3.020000e-02 7.607011e-01
-3.010000e-02 8.119473e-01
-3.000000e-02 8.774209e-01
-2.990000e-02 9.486054e-01
-2.980000e-02 1.014232e+00
-2.970000e-02 1.064143e+00
-2.960000e-02 1.093404e+00
-2.950000e-02 1.103761e+00
-2.940000e-02 1.101918e+00
-2.930000e-02 1.096649e+00
-2.920000e-02 1.096749e+00
-2.910000e-02 1.110260e+00
-2.900000e-02 1.144229e+00
-2.890000e-02 1.203581e+00
-2.880000e-02 1.287212e+00
-2.870000e-02 1.380234e+00
-2.860000e-02 1.448410e+00
-2.850000e-02 1.452197e+00
-2.840000e-02 1.380791e+00
-2.830000e-02 1.262397e+00
-2.820000e-02 1.135299e+00
-2.810000e-02 1.023405e+00
-2.800000e-02 9.351871e-01
-2.790000e-02 8.712680e-01
-2.780000e-02 8.301070e-01
-2.770000e-02 8.106634e-01
-2.760000e-02 8.133605e-01
-2.750000e-02 8.401631e-01
-2.740000e-02 8.936446e-01
-2.730000e-02 9.740381e-01
-2.720000e-02 1.073452e+00
-2.710000e-02 1.171017e+00
-2.700000e-02 1.240702e+00
-2.690000e-02 1.273567e+00
-2.680000e-02 1.286198e+00
-2.670000e-02 1.299119e+00
-2.660000e-02 1.310172e+00
-2.650000e-02 1.292926e+00
-2.640000e-02 1.230199e+00
-2.630000e-02 1.138072e+00
-2.620000e-02 1.044301e+00
-2.610000e-02 9.651003e-01
-2.600000e-02 9.046712e-01
-2.590000e-02 8.618683e-01
-2.580000e-02 8.343673e-01
-2.570000e-02 8.202327e-01
-2.560000e-02 8.183122e-01
-2.550000e-02 8.282399e-01
-2.540000e-02 8.503183e-01
-2.530000e-02 8.853047e-01
-2.520000e-02 9.339934e-01
-2.510000e-02 9.963786e-01
-2.500000e-02 1.070169e+00
-2.490000e-02 1.148783e+00
-2.480000e-02 1.220104e+00
-2.470000e-02 1.268694e+00
-2.460000e-02 1.282819e+00
-2.450000e-02 1.261740e+00
-2.440000e-02 1.215838e+00
-2.430000e-02 1.159643e+00
-2.420000e-02 1.105040e+00
-2.410000e-02 1.058918e+00
-2.400000e-02 1.024062e+00
-2.390000e-02 1.000837e+00
-2.380000e-02 9.884779e-01
-2.370000e-02 9.857956e-01
-2.360000e-02 9.914694e-01
-2.350000e-02 1.004099e+00
-2.340000e-02 1.022131e+00
-2.330000e-02 1.043735e+00
-2.320000e-02 1.066690e+00
-2.310000e-02 1.088375e+00
-2.300000e-02 1.105964e+00
-2.290000e-02 1.116916e+00
-2.280000e-02 1.119779e+00
-2.270000e-02 1.115081e+00
-2.260000e-02 1.105934e+00
-2.250000e-02 1.097903e+00
-2.240000e-02 1.097826e+00
-2.230000e-02 1.111222e+00
-2.220000e-02 1.137601e+00
-2.210000e-02 1.164624e+00
-2.200000e-02 1.169407e+00
-2.190000e-02 1.136963e+00
-2.180000e-02 1.077536e+00
-2.170000e-02 1.014983e+00
-2.160000e-02 9.662948e-01
-2.150000e-02 9.371751e-01
-2.140000e-02 9.269949e-01
-2.130000e-02 9.331465e-01
-2.120000e-02 9.530090e-01
-2.110000e-02 9.845727e-01
-2.100000e-02 1.026557e+00
-2.090000e-02 1.078324e+00
-2.080000e-02 1.139561e+00
-2.070000e-02 1.209378e+00
-2.060000e-02 1.284273e+00
-2.050000e-02 1.354645e+00
-2.040000e-02 1.402139e+00
-2.030000e-02 1.405228e+00
-2.020000e-02 1.356993e+00
-2.010000e-02 1.276462e+00
-2.000000e-02 1.194221e+00
-1.990000e-02 1.131971e+00
-1.980000e-02 1.098160e+00
-1.970000e-02 1.093439e+00
-1.960000e-02 1.114899e+00
-1.950000e-02 1.156068e+00
-1.940000e-02 1.203668e+00
-1.930000e-02 1.234835e+00
-1.920000e-02 1.222820e+00
-1.910000e-02 1.154805e+00
-1.900000e-02 1.044508e+00
-1.890000e-02 9.206712e-01
-1.880000e-02 8.065889e-01
-1.870000e-02 7.127065e-01
-1.860000e-02 6.404288e-01
-1.850000e-02 5.874323e-01
-1.840000e-02 5.507616e-01
-1.830000e-02 5.280631e-01
-1.820000e-02 5.179172e-01
-1.810000e-02 5.198388e-01
-1.800000e-02 5.341684e-01
-1.790000e-02 5.618717e-01
-1.780000e-02 6.041403e-01
-1.770000e-02 6.615885e-01
-1.760000e-02 7.328714e-01
-1.750000e-02 8.129670e-01
-1.740000e-02 8.923585e-01
-1.730000e-02 9.590807e-01
-1.720000e-02 1.003879e+00
-1.710000e-02 1.024851e+00
-1.700000e-02 1.027432e+00
-1.690000e-02 1.020414e+00
-1.680000e-02 1.011927e+00
-1.670000e-02 1.007608e+00
-1.660000e-02 1.010538e+00
-1.650000e-02 1.021847e+00
-1.640000e-02 1.041299e+00
-1.630000e-02 1.067691e+00
-1.620000e-02 1.099112e+00
-1.610000e-02 1.133175e+00
-1.600000e-02 1.167323e+00
-1.590000e-02 1.199228e+00
-1.580000e-02 1.227226e+00
-1.570000e-02 1.250662e+00
-1.560000e-02 1.270044e+00
-1.550000e-02 1.286943e+00
-1.540000e-02 1.303698e+00
-1.530000e-02 1.323013e+00
-1.520000e-02 1.347516e+00
-1.510000e-02 1.379272e+00
-1.500000e-02 1.419183e+00
-1.490000e-02 1.466192e+00
-1.480000e-02 1.516374e+00
-1.470000e-02 1.562398e+00
-1.460000e-02 1.594309e+00
-1.450000e-02 1.602481e+00
-1.440000e-02 1.581959e+00
-1.430000e-02 1.535313e+00
-1.420000e-02 1.471528e+00
-1.410000e-02 1.401924e+00
-1.400000e-02 1.336302e+00
-1.390000e-02 1.281275e+00
-1.380000e-02 1.240491e+00
-1.370000e-02 1.215603e+00
-1.360000e-02 1.207188e+00
-1.350000e-02 1.215286e+00
-1.340000e-02 1.239493e+00
-1.330000e-02 1.278591e+00
-1.320000e-02 1.329722e+00
-1.310000e-02 1.387300e+00
-1.300000e-02 1.442382e+00
-1.290000e-02 1.483755e+00
-1.280000e-02 1.501545e+00
-1.270000e-02 1.491764e+00
-1.260000e-02 1.458143e+00
-1.250000e-02 1.409571e+00
-1.240000e-02 1.355587e+00
-1.230000e-02 1.303300e+00
-1.220000e-02 1.256653e+00
-1.210000e-02 1.217097e+00
-1.200000e-02 1.184581e+00
-1.190000e-02 1.158333e+00
-1.180000e-02 1.137361e+00
-1.170000e-02 1.120711e+00
-1.160000e-02 1.107605e+00
-1.150000e-02 1.097487e+00
-1.140000e-02 1.090031e+00
-1.130000e-02 1.085129e+00
-1.120000e-02 1.082862e+00
-1.110000e-02 1.083463e+00
-1.100000e-02 1.087270e+00
-1.090000e-02 1.094676e+00
-1.080000e-02 1.106063e+00
-1.070000e-02 1.121727e+00
-1.060000e-02 1.141786e+00
-1.050000e-02 1.166081e+00
-1.040000e-02 1.194063e+00
-1.030000e-02 1.224712e+00
-1.020000e-02 1.256487e+00
-1.010000e-02 1.287380e+00
-1.000000e-02 1.315087e+00
-9.900000e-03 1.337303e+00
-9.800000e-03 1.352087e+00
-9.700000e-03 1.358196e+00
-9.600000e-03 1.355278e+00
-9.500000e-03 1.343867e+00
-9.400000e-03 1.325190e+00
-9.300000e-03 1.300874e+00
-9.200000e-03 1.272643e+00
-9.100000e-03 1.242085e+00
-9.000000e-03 1.210513e+00
-8.900000e-03 1.178917e+00
-8.800000e-03 1.147983e+00
-8.700000e-03 1.118150e+00
-8.600000e-03 1.089691e+00
-8.500000e-03 1.062798e+00
-8.400000e-03 1.037671e+00
-8.300000e-03 1.014604e+00
-8.200000e-03 9.940616e-01
-8.100000e-03 9.767467e-01
-8.000000e-03 9.636605e-01
-7.900000e-03 9.561420e-01
-7.800000e-03 9.558829e-01
-7.700000e-03 9.648970e-01
-7.600000e-03 9.853960e-01
-7.500000e-03 1.019479e+00
-7.400000e-03 1.068497e+00
-7.300000e-03 1.131950e+00
-7.200000e-03 1.206016e+00
-7.100000e-03 1.282400e+00
-7.000000e-03 1.348970e+00
-6.900000e-03 1.393346e+00
-6.800000e-03 1.408152e+00
-6.700000e-03 1.394125e+00
-6.600000e-03 1.358674e+00
-6.500000e-03 1.311656e+00
-6.400000e-03 1.261771e+00
-6.300000e-03 1.215055e+00
-6.200000e-03 1.174997e+00
-6.100000e-03 1.143264e+00
-6.000000e-03 1.120450e+00
-5.900000e-03 1.106620e+00
-5.800000e-03 1.101659e+00
-5.700000e-03 1.105472e+00
-5.600000e-03 1.118104e+00
-5.500000e-03 1.139784e+00
-5.400000e-03 1.170908e+00
-5.300000e-03 1.211878e+00
-5.200000e-03 1.262634e+00
-5.100000e-03 1.321543e+00
-5.000000e-03 1.383350e+00
-4.900000e-03 1.436815e+00
-4.800000e-03 1.465687e+00
-4.700000e-03 1.457974e+00
-4.600000e-03 1.417804e+00
-4.500000e-03 1.363014e+00
-4.400000e-03 1.310304e+00
-4.300000e-03 1.266990e+00
-4.200000e-03 1.233048e+00
-4.100000e-03 1.205524e+00
-4.000000e-03 1.181179e+00
-3.900000e-03 1.157476e+00
-3.800000e-03 1.132757e+00
-3.700000e-03 1.106139e+00
-3.600000e-03 1.077347e+00
-3.500000e-03 1.046536e+00
-3.400000e-03 1.014134e+00
-3.300000e-03 9.807038e-01
-3.200000e-03 9.468261e-01
-3.100000e-03 9.130034e-01
-3.000000e-03 8.795812e-01
-2.900000e-03 8.466815e-01
-2.800000e-03 8.141479e-01
-2.700000e-03 7.815091e-01
-2.600000e-03 7.479872e-01
-2.500000e-03 7.125971e-01
-2.400000e-03 6.744003e-01
-2.300000e-03 6.329378e-01
-2.200000e-03 5.887422e-01
-2.100000e-03 5.436500e-01
-2.000000e-03 5.006176e-01
-1.900000e-03 4.630416e-01
-1.800000e-03 4.340038e-01
-1.700000e-03 4.159396e-01
-1.600000e-03 4.108925e-01
-1.500000e-03 4.211869e-01
-1.400000e-03 4.502717e-01
-1.300000e-03 5.035028e-01
-1.200000e-03 5.883291e-01
-1.100000e-03 7.121668e-01
-1.000000e-03 8.741136e-01
-9.000000e-04 1.048500e+00
-8.000000e-04 1.178173e+00
-7.000000e-04 1.213071e+00
-6.000000e-04 1.160808e+00
-5.000000e-04 1.069123e+00
-4.000000e-04 9.780199e-01
-3.000000e-04 9.054321e-01
-2.000000e-04 8.553835e-01
-1.000000e-04 8.265219e-01
1.429412e-15 8.162388e-01
1.000000e-04 8.220067e-01
2.000000e-04 8.414942e-01
3.000000e-04 8.721887e-01
4.000000e-04 9.108349e-01
5.000000e-04 9.529314e-01
6.000000e-04 9.926292e-01
7.000000e-04 1.023431e+00
8.000000e-04 1.039771e+00
9.000000e-04 1.038842e+00
1.000000e-03 1.021531e+00
1.100000e-03 9.917838e-01
1.200000e-03 9.549172e-01
1.300000e-03 9.159437e-01
1.400000e-03 8.786398e-01
1.500000e-03 8.453720e-01
1.600000e-03 8.173530e-01
1.700000e-03 7.950175e-01
1.800000e-03 7.783506e-01
1.900000e-03 7.671200e-01
2.000000e-03 7.610182e-01
2.100000e-03 7.597377e-01
2.200000e-03 7.629973e-01
2.300000e-03 7.705321e-01
2.400000e-03 7.820463e-01
2.500000e-03 7.971211e-01
2.600000e-03 8.150588e-01
2.700000e-03 8.346359e-01
2.800000e-03 8.537493e-01
2.900000e-03 8.689936e-01
3.000000e-03 8.753614e-01
3.100000e-03 8.665408e-01
3.200000e-03 8.364930e-01
3.300000e-03 7.824996e-01
3.400000e-03 7.081543e-01
3.500000e-03 6.233616e-01
3.600000e-03 5.403227e-01
3.700000e-03 4.685457e-01
3.800000e-03 4.125392e-01
3.900000e-03 3.725751e-01
4.000000e-03 3.466313e-01
4.100000e-03 3.319962e-01
4.200000e-03 3.261342e-01
4.300000e-03 3.270008e-01
4.400000e-03 3.330731e-01
4.500000e-03 3.432710e-01
4.600000e-03 3.568557e-01
4.700000e-03 3.733393e-01
4.800000e-03 3.924135e-01
4.900000e-03 4.138965e-01
5.000000e-03 4.376959e-01
5.100000e-03 4.637829e-01
5.200000e-03 4.921761e-01
5.300000e-03 5.229318e-01
5.400000e-03 5.561373e-01
5.500000e-03 5.919039e-01
5.600000e-03 6.303522e-01
5.700000e-03 6.715814e-01
5.800000e-03 7.156132e-01
5.900000e-03 7.623081e-01
6.000000e-03 8.112601e-01
6.100000e-03 8.617028e-01
6.200000e-03 9.124770e-01
6.300000e-03 9.621206e-01
6.400000e-03 1.009109e+00
6.500000e-03 1.052202e+00
6.600000e-03 1.090772e+00
6.700000e-03 1.124964e+00
6.800000e-03 1.155559e+00
6.900000e-03 1.183547e+00
7.000000e-03 1.209439e+00
7.100000e-03 1.232407e+00
7.200000e-03 1.249469e+00
7.300000e-03 1.255244e+00
7.400000e-03 1.243218e+00
7.500000e-03 1.209033e+00
7.600000e-03 1.154215e+00
7.700000e-03 1.086813e+00
7.800000e-03 1.017696e+00
7.900000e-03 9.557951e-01
8.000000e-03 9.059066e-01
8.100000e-03 8.692304e-01
8.200000e-03 8.448936e-01
8.300000e-03 8.312119e-01
8.400000e-03 8.263941e-01
8.500000e-03 8.288312e-01
8.600000e-03 8.371628e-01
8.700000e-03 8.502502e-01
8.800000e-03 8.671204e-01
8.900000e-03 8.869129e-01
9.000000e-03 9.088377e-01
9.100000e-03 9.321515e-01
9.200000e-03 9.561514e-01
9.300000e-03 9.801871e-01
9.400000e-03 1.003691e+00
9.500000e-03 1.026222e+00
9.600000e-03 1.047525e+00
9.700000e-03 1.067601e+00
9.800000e-03 1.086777e+00
9.900000e-03 1.105793e+00
1.000000e-02 1.125893e+00
1.010000e-02 1.148913e+00
1.020000e-02 1.177357e+00
1.030000e-02 1.214347e+00
1.040000e-02 1.263145e+00
1.050000e-02 1.325584e+00
1.060000e-02 1.398334e+00
1.070000e-02 1.467223e+00
1.080000e-02 1.505899e+00
1.090000e-02 1.490213e+00
1.100000e-02 1.420834e+00
1.110000e-02 1.322761e+00
1.120000e-02 1.222634e+00
1.130000e-02 1.135002e+00
1.140000e-02 1.063881e+00
1.150000e-02 1.008282e+00
1.160000e-02 9.657959e-01
1.170000e-02 9.340872e-01
1.180000e-02 9.113241e-01
1.190000e-02 8.961942e-01
1.200000e-02 8.877931e-01
1.210000e-02 8.854751e-01
1.220000e-02 8.886921e-01
1.230000e-02 8.968260e-01
1.240000e-02 9.090446e-01
1.250000e-02 9.242280e-01
1.260000e-02 9.410264e-01
1.270000e-02 9.580595e-01
1.280000e-02 9.741850e-01
1.290000e-02 9.887103e-01
1.300000e-02 1.001452e+00
1.310000e-02 1.012649e+00
1.320000e-02 1.022806e+00
1.330000e-02 1.032544e+00
1.340000e-02 1.042507e+00
1.350000e-02 1.053328e+00
1.360000e-02 1.065619e+00
1.370000e-02 1.079995e+00
1.380000e-02 1.097078e+00
1.390000e-02 1.117493e+00
1.400000e-02 1.141806e+00
1.410000e-02 1.170406e+00
1.420000e-02 1.203267e+00
1.430000e-02 1.239593e+00
1.440000e-02 1.277342e+00
1.450000e-02 1.312822e+00
1.460000e-02 1.340671e+00
1.470000e-02 1.354710e+00
1.480000e-02 1.349794e+00
1.490000e-02 1.323955e+00
1.500000e-02 1.279462e+00
1.510000e-02 1.221998e+00
1.520000e-02 1.158578e+00
1.530000e-02 1.095628e+00
1.540000e-02 1.038071e+00
1.550000e-02 9.893503e-01
1.560000e-02 9.519217e-01
1.570000e-02 9.277323e-01
1.580000e-02 9.184057e-01
1.590000e-02 9.249184e-01
1.600000e-02 9.467296e-01
1.610000e-02 9.807525e-01
1.620000e-02 1.021156e+00
1.630000e-02 1.060888e+00
1.640000e-02 1.094355e+00
1.650000e-02 1.119278e+00
1.660000e-02 1.136558e+00
1.670000e-02 1.148814e+00
1.680000e-02 1.158889e+00
1.690000e-02 1.168926e+00
1.700000e-02 1.179868e+00
1.710000e-02 1.191075e+00
1.720000e-02 1.199855e+00
1.730000e-02 1.201118e+00
1.740000e-02 1.188075e+00
1.750000e-02 1.155331e+00
1.760000e-02 1.104060e+00
1.770000e-02 1.044624e+00
1.780000e-02 9.920802e-01
1.790000e-02 9.584028e-01
1.800000e-02 9.490023e-01
1.810000e-02 9.641900e-01
1.820000e-02 1.001374e+00
1.830000e-02 1.055226e+00
1.840000e-02 1.115725e+00
1.850000e-02 1.166519e+00
1.860000e-02 1.188614e+00
1.870000e-02 1.171525e+00
1.880000e-02 1.121949e+00
1.890000e-02 1.058281e+00
1.900000e-02 9.978659e-01
1.910000e-02 9.504758e-01
1.920000e-02 9.192538e-01
1.930000e-02 9.037835e-01
1.940000e-02 9.022783e-01
1.950000e-02 9.125756e-01
1.960000e-02 9.324090e-01
1.970000e-02 9.593726e-01
1.980000e-02 9.908226e-01
1.990000e-02 1.023864e+00
2.000000e-02 1.055508e+00
2.010000e-02 1.083006e+00
2.020000e-02 1.104301e+00
2.030000e-02 1.118417e+00
2.040000e-02 1.125634e+00
2.050000e-02 1.127366e+00
2.060000e-02 1.125785e+00
2.070000e-02 1.123330e+00
2.080000e-02 1.122246e+00
2.090000e-02 1.124205e+00
2.100000e-02 1.130029e+00
2.110000e-02 1.139487e+00
2.120000e-02 1.151195e+00
2.130000e-02 1.162704e+00
2.140000e-02 1.170913e+00
2.150000e-02 1.172860e+00
2.160000e-02 1.166708e+00
2.170000e-02 1.152463e+00
2.180000e-02 1.131997e+00
2.190000e-02 1.108361e+00
2.200000e-02 1.084778e+00
2.210000e-02 1.063826e+00
2.220000e-02 1.047023e+00
2.230000e-02 1.034791e+00
2.240000e-02 1.026619e+00
2.250000e-02 1.021318e+00
2.260000e-02 1.017308e+00
2.270000e-02 1.012898e+00
2.280000e-02 1.006567e+00
2.290000e-02 9.972141e-01
2.300000e-02 9.843231e-01
2.310000e-02 9.680209e-01
2.320000e-02 9.490181e-01
2.330000e-02 9.284618e-01
2.340000e-02 9.077542e-01
2.350000e-02 8.883892e-01
2.360000e-02 8.718421e-01
2.370000e-02 8.595221e-01
2.380000e-02 8.527824e-01
2.390000e-02 8.529693e-01
2.400000e-02 8.614918e-01
2.410000e-02 8.798853e-01
2.420000e-02 9.098336e-01
2.430000e-02 9.530780e-01
2.440000e-02 1.011089e+00
2.450000e-02 1.084291e+00
2.460000e-02 1.170605e+00
2.470000e-02 1.263359e+00
2.480000e-02 1.349639e+00
2.490000e-02 1.411839e+00
2.500000e-02 1.434937e+00
2.510000e-02 1.416437e+00
2.520000e-02 1.369849e+00
2.530000e-02 1.317713e+00
2.540000e-02 1.281142e+00
2.550000e-02 1.272446e+00
2.560000e-02 1.288434e+00
2.570000e-02 1.300530e+00
2.580000e-02 1.257601e+00
2.590000e-02 1.132580e+00
2.600000e-02 9.622820e-01
2.610000e-02 8.021064e-01
2.620000e-02 6.772699e-01
2.630000e-02 5.877470e-01
2.640000e-02 5.257732e-01
2.650000e-02 4.840359e-01
2.660000e-02 4.575640e-01
2.670000e-02 4.437333e-01
2.680000e-02 4.422191e-01
2.690000e-02 4.556618e-01
2.700000e-02 4.919425e-01
2.710000e-02 5.697063e-01
2.720000e-02 7.244988e-01
2.730000e-02 9.561664e-01
2.740000e-02 1.024792e+00
2.750000e-02 8.425269e-01
2.760000e-02 6.779951e-01
2.770000e-02 5.882387e-01
2.780000e-02 5.445304e-01
2.790000e-02 5.260522e-01
2.800000e-02 5.223929e-01
2.810000e-02 5.284542e-01
2.820000e-02 5.416834e-01
2.830000e-02 5.608139e-01
2.840000e-02 5.852977e-01
2.850000e-02 6.150599e-01
2.860000e-02 6.504276e-01
2.870000e-02 6.921922e-01
2.880000e-02 7.418315e-01
2.890000e-02 8.019919e-01
2.900000e-02 8.774216e-01
2.910000e-02 9.765039e-01
2.920000e-02 1.111882e+00
2.930000e-02 1.287003e+00
2.940000e-02 1.427199e+00
2.950000e-02 1.379773e+00
2.960000e-02 1.234063e+00
2.970000e-02 1.145745e+00
2.980000e-02 1.119115e+00
2.990000e-02 1.125148e+00
3.000000e-02 1.144691e+00
3.010000e-02 1.166343e+00
3.020000e-02 1.182345e+00
3.030000e-02 1.187256e+00
3.040000e-02 1.178444e+00
3.050000e-02 1.157042e+00
3.060000e-02 1.127992e+00
3.070000e-02 1.098602e+00
3.080000e-02 1.076283e+00
3.090000e-02 1.066670e+00
3.100000e-02 1.072614e+00
3.110000e-02 1.093651e+00
3.120000e-02 1.125279e+00
3.130000e-02 1.157976e+00
3.140000e-02 1.177310e+00
3.150000e-02 1.167865e+00
3.160000e-02 1.121668e+00
3.170000e-02 1.044942e+00
3.180000e-02 9.548836e-01
3.190000e-02 8.690559e-01
3.200000e-02 7.978581e-01
3.210000e-02 7.440031e-01
3.220000e-02 7.054922e-01
3.230000e-02 6.785153e-01
3.240000e-02 6.592139e-01
3.250000e-02 6.445277e-01
3.260000e-02 6.325064e-01
3.270000e-02 6.223244e-01
3.280000e-02 6.141292e-01
3.290000e-02 6.088226e-01
3.300000e-02 6.078579e-01
3.310000e-02 6.131131e-01
3.320000e-02 6.268626e-01
3.330000e-02 6.518253e-01
3.340000e-02 6.912035e-01
3.350000e-02 7.485015e-01
3.360000e-02 8.266547e-01
3.370000e-02 9.256265e-01
3.380000e-02 1.037737e+00
3.390000e-02 1.142578e+00
3.400000e-02 1.209637e+00
3.410000e-02 1.216290e+00
3.420000e-02 1.166989e+00
3.430000e-02 1.088333e+00
3.440000e-02 1.007804e+00
3.450000e-02 9.415964e-01
3.460000e-02 8.954270e-01
3.470000e-02 8.692651e-01
3.480000e-02 8.607687e-01
3.490000e-02 8.668964e-01
3.500000e-02 8.844452e-01
3.510000e-02 9.101592e-01
3.520000e-02 9.407707e-01
3.530000e-02 9.731435e-01
3.540000e-02 1.004557e+00
3.550000e-02 1.033076e+00
3.560000e-02 1.057882e+00
3.570000e-02 1.079470e+00
3.580000e-02 1.099657e+00
3.590000e-02 1.121418e+00
3.600000e-02 1.148500e+00
3.610000e-02 1.184439e+00
3.620000e-02 1.230133e+00
3.630000e-02 1.279325e+00
3.640000e-02 1.315215e+00
3.650000e-02 1.317735e+00
3.660000e-02 1.281137e+00
3.670000e-02 1.218594e+00
3.680000e-02 1.147749e+00
3.690000e-02 1.079442e+00
3.700000e-02 1.017437e+00
3.710000e-02 9.618537e-01
3.720000e-02 9.116444e-01
3.730000e-02 8.657097e-01
3.740000e-02 8.232503e-01
3.750000e-02 7.838035e-01
3.760000e-02 7.471742e-01
3.770000e-02 7.133439e-01
3.780000e-02 6.823900e-01
3.790000e-02 6.544252e-01
3.800000e-02 6.295576e-01
3.810000e-02 6.078683e-01
3.820000e-02 5.894017e-01
3.830000e-02 5.741636e-01
3.840000e-02 5.621231e-01
3.850000e-02 5.532152e-01
3.860000e-02 5.473411e-01
3.870000e-02 5.443655e-01
3.880000e-02 5.441113e-01
3.890000e-02 5.463505e-01
3.900000e-02 5.507976e-01
3.910000e-02 5.571067e-01
3.920000e-02 5.648846e-01
3.930000e-02 5.737265e-01
3.940000e-02 5.832857e-01
3.950000e-02 5.933772e-01
3.960000e-02 6.041046e-01
3.970000e-02 6.159743e-01
3.980000e-02 6.299490e-01
3.990000e-02 6.473818e-01
4.000000e-02 6.697788e-01
4.010000e-02 6.983426e-01
4.020000e-02 7.332621e-01
4.030000e-02 7.727783e-01
4.040000e-02 8.123044e-01
4.050000e-02 8.443502e-01
4.060000e-02 8.602831e-01
4.070000e-02 8.540140e-01
4.080000e-02 8.254533e-01
4.090000e-02 7.807563e-01
4.100000e-02 7.291371e-01
4.110000e-02 6.790960e-01
4.120000e-02 6.364536e-01
4.130000e-02 6.042843e-01
4.140000e-02 5.836931e-01
4.150000e-02 5.745969e-01
4.160000e-02 5.761951e-01
4.170000e-02 5.871184e-01
4.180000e-02 6.053642e-01
4.190000e-02 6.281701e-01
4.200000e-02 6.520213e-01
4.210000e-02 6.729901e-01
4.220000e-02 6.874735e-01
4.230000e-02 6.931208e-01
4.240000e-02 6.894988e-01
4.250000e-02 6.781168e-01
4.260000e-02 6.618265e-01
4.270000e-02 6.439755e-01
4.280000e-02 6.277215e-01
4.290000e-02 6.156845e-01
4.300000e-02 6.098889e-01
4.310000e-02 6.118539e-01
4.320000e-02 6.227029e-01
4.330000e-02 6.432058e-01
4.340000e-02 6.737090e-01
4.350000e-02 7.139403e-01
4.360000e-02 7.627225e-01
4.370000e-02 8.177017e-01
4.380000e-02 8.752818e-01
4.390000e-02 9.309719e-01
4.400000e-02 9.802143e-01
4.410000e-02 1.019459e+00
4.420000e-02 1.047011e+00
4.430000e-02 1.063238e+00
4.440000e-02 1.070130e+00
4.450000e-02 1.070500e+00
4.460000e-02 1.067234e+00
4.470000e-02 1.062790e+00
4.480000e-02 1.058977e+00
4.490000e-02 1.056917e+00
4.500000e-02 1.057109e+00
4.510000e-02 1.059523e+00
4.520000e-02 1.063705e+00
4.530000e-02 1.068874e+00
4.540000e-02 1.074018e+00
4.550000e-02 1.077953e+00
4.560000e-02 1.079289e+00
4.570000e-02 1.076274e+00
4.580000e-02 1.066571e+00
4.590000e-02 1.047448e+00
4.600000e-02 1.017038e+00
4.610000e-02 9.764830e-01
4.620000e-02 9.307728e-01
4.630000e-02 8.866127e-01
4.640000e-02 8.493020e-01
4.650000e-02 8.214692e-01
4.660000e-02 8.036768e-01
4.670000e-02 7.954595e-01
4.680000e-02 7.960046e-01
4.690000e-02 8.044293e-01
4.700000e-02 8.198154e-01
4.710000e-02 8.411303e-01
4.720000e-02 8.671041e-01
4.730000e-02 8.961057e-01
4.740000e-02 9.260643e-01
4.750000e-02 9.544919e-01
4.760000e-02 9.786645e-01
4.770000e-02 9.959834e-01
4.780000e-02 1.004463e+00
4.790000e-02 1.003197e+00
4.800000e-02 9.926135e-01
4.810000e-02 9.744038e-01
4.820000e-02 9.511459e-01
4.830000e-02 9.257873e-01
4.840000e-02 9.011716e-01
4.850000e-02 8.797276e-01
4.860000e-02 8.633412e-01
4.870000e-02 8.533593e-01
4.880000e-02 8.506601e-01
4.890000e-02 8.557288e-01
4.900000e-02 8.687068e-01
4.910000e-02 8.893946e-01
4.920000e-02 9.172138e-01
4.930000e-02 9.511446e-01
4.940000e-02 9.896777e-01
4.950000e-02 1.030831e+00
4.960000e-02 1.072288e+00
4.970000e-02 1.111672e+00
4.980000e-02 1.146894e+00
4.990000e-02 1.176412e+00
