0.000000e+00 4.720451e+00
5.000000e-02 4.587806e+00
1.000000e-01 4.260432e+00
1.500000e-01 3.177433e+00
2.000000e-01 3.022483e+00
2.500000e-01 3.264263e+00
3.000000e-01 3.202608e+00
3.500000e-01 3.421525e+00
4.000000e-01 3.981152e+00
4.500000e-01 3.709737e+00
5.000000e-01 3.688617e+00
5.500000e-01 4.012718e+00
6.000000e-01 3.526609e+00
6.500000e-01 3.842833e+00
7.000000e-01 3.259819e+00
7.500000e-01 3.143158e+00
8.000000e-01 2.843927e+00
8.500000e-01 2.200741e+00
9.000000e-01 2.072548e+00
9.500000e-01 2.826310e+00
1.000000e+00 2.279839e+00
1.050000e+00 2.416732e+00
1.100000e+00 3.334273e+00
1.150000e+00 3.483399e+00
1.200000e+00 3.808282e+00
1.250000e+00 2.587820e+00
1.300000e+00 2.344426e+00
1.350000e+00 2.557881e+00
1.400000e+00 2.190102e+00
1.450000e+00 2.686384e+00
1.500000e+00 2.955543e+00
1.550000e+00 3.121101e+00
1.600000e+00 2.217636e+00
1.650000e+00 2.916849e+00
1.700000e+00 2.309159e+00
1.750000e+00 2.267807e+00
1.800000e+00 1.607622e+00
1.850000e+00 1.978307e+00
1.900000e+00 2.027940e+00
1.950000e+00 1.884112e+00
2.000000e+00 2.685261e+00
2.050000e+00 2.193240e+00
2.100000e+00 2.052380e+00
2.150000e+00 3.830923e-01
2.200000e+00 1.160910e+00
2.250000e+00 1.438635e+00
2.300000e+00 2.073008e+00
2.350000e+00 1.516528e+00
2.400000e+00 3.061306e+00
2.450000e+00 1.788256e+00
2.500000e+00 7.583770e-01
2.550000e+00 2.115874e+00
2.600000e+00 2.131241e+00
2.650000e+00 9.931329e-01
2.700000e+00 1.874242e+00
2.750000e+00 1.311406e+00
2.800000e+00 1.597890e+00
2.850000e+00 1.540783e+00
2.900000e+00 1.303750e+00
2.950000e+00 7.219959e-01
3.000000e+00 1.386075e+00
3.050000e+00 1.679523e+00
3.100000e+00 6.533741e-01
3.150000e+00 9.897914e-01
3.200000e+00 2.607150e-01
3.250000e+00 1.902008e+00
3.300000e+00 1.583475e+00
3.350000e+00 9.190582e-01
3.400000e+00 1.726794e+00
3.450000e+00 1.608482e+00
3.500000e+00 4.675197e-01
3.550000e+00 1.271324e+00
3.600000e+00 1.832253e+00
3.650000e+00 7.330915e-01
3.700000e+00 8.632139e-01
3.750000e+00 2.255637e-01
3.800000e+00 1.840384e+00
3.850000e+00 2.091888e-01
3.900000e+00 1.217746e+00
3.950000e+00 1.309701e+00
4.000000e+00 1.169344e+00
4.050000e+00 1.792393e-01
4.100000e+00 2.123683e-01
4.150000e+00 1.100525e-01
4.200000e+00 8.171302e-01
4.250000e+00 1.520144e+00
4.300000e+00 1.453987e+00
4.350000e+00 1.609654e-01
4.400000e+00 1.064131e+00
4.450000e+00 1.992633e-01
4.500000e+00 1.997442e-03
4.550000e+00 1.306741e-03
4.600000e+00 4.726545e-04
4.650000e+00 4.376964e-03
4.700000e+00 4.184468e-02
4.750000e+00 5.401567e-02
4.800000e+00 3.256661e-01
4.850000e+00 1.079061e-02
4.900000e+00 1.488985e-03
4.950000e+00 4.086780e-01
