-5.000000e-02 9.412062e-01
-4.990000e-02 9.244720e-01
-4.980000e-02 9.128493e-01
-4.970000e-02 9.053511e-01
-4.960000e-02 9.011585e-01
-4.950000e-02 8.996274e-01
-4.940000e-02 9.002552e-01
-4.930000e-02 9.026445e-01
-4.920000e-02 9.064739e-01
-4.910000e-02 9.114748e-01
-4.900000e-02 9.174138e-01
-4.890000e-02 9.240793e-01
-4.880000e-02 9.312691e-01
-4.870000e-02 9.387801e-01
-4.860000e-02 9.463968e-01
-4.850000e-02 9.538799e-01
-4.840000e-02 9.609535e-01
-4.830000e-02 9.672921e-01
-4.820000e-02 9.725071e-01
-4.810000e-02 9.761366e-01
-4.800000e-02 9.776398e-01
-4.790000e-02 9.764014e-01
-4.780000e-02 9.717519e-01
-4.770000e-02 9.630094e-01
-4.760000e-02 9.495489e-01
-4.750000e-02 9.309002e-01
-4.740000e-02 9.068679e-01
-4.730000e-02 8.776562e-01
-4.720000e-02 8.439699e-01
-4.710000e-02 8.070521e-01
-4.700000e-02 7.686269e-01
-4.690000e-02 7.307310e-01
-4.680000e-02 6.954539e-01
-4.670000e-02 6.646397e-01
-4.660000e-02 6.396268e-01
-4.650000e-02 6.210890e-01
-4.640000e-02 6.090124e-01
-4.630000e-02 6.027957e-01
-4.620000e-02 6.014305e-01
-4.610000e-02 6.037040e-01
-4.600000e-02 6.083797e-01
-4.590000e-02 6.143279e-01
-4.580000e-02 6.206016e-01
-4.570000e-02 6.264644e-01
-4.560000e-02 6.313859e-01
-4.550000e-02 6.350172e-01
-4.540000e-02 6.371586e-01
-4.530000e-02 6.377265e-01
-4.520000e-02 6.367229e-01
-4.510000e-02 6.342108e-01
-4.500000e-02 6.302939e-01
-4.490000e-02 6.251015e-01
-4.480000e-02 6.187769e-01
-4.470000e-02 6.114692e-01
-4.460000e-02 6.033271e-01
-4.450000e-02 5.944952e-01
-4.440000e-02 5.851110e-01
-4.430000e-02 5.753029e-01
-4.420000e-02 5.651898e-01
-4.410000e-02 5.548800e-01
-4.400000e-02 5.444719e-01
-4.390000e-02 5.340538e-01
-4.380000e-02 5.237047e-01
-4.370000e-02 5.134951e-01
-4.360000e-02 5.034875e-01
-4.350000e-02 4.937376e-01
-4.340000e-02 4.842950e-01
-4.330000e-02 4.752040e-01
-4.320000e-02 4.665045e-01
-4.310000e-02 4.582328e-01
-4.300000e-02 4.504220e-01
-4.290000e-02 4.431030e-01
-4.280000e-02 4.363044e-01
-4.270000e-02 4.300534e-01
-4.260000e-02 4.243758e-01
-4.250000e-02 4.192963e-01
-4.240000e-02 4.148381e-01
-4.230000e-02 4.110237e-01
-4.220000e-02 4.078739e-01
-4.210000e-02 4.054083e-01
-4.200000e-02 4.036446e-01
-4.190000e-02 4.025987e-01
-4.180000e-02 4.022840e-01
-4.170000e-02 4.027116e-01
-4.160000e-02 4.038898e-01
-4.150000e-02 4.058241e-01
-4.140000e-02 4.085172e-01
-4.130000e-02 4.119688e-01
-4.120000e-02 4.161765e-01
-4.110000e-02 4.211357e-01
-4.100000e-02 4.268403e-01
-4.090000e-02 4.332835e-01
-4.080000e-02 4.404588e-01
-4.070000e-02 4.483607e-01
-4.060000e-02 4.569860e-01
-4.050000e-02 4.663344e-01
-4.040000e-02 4.764098e-01
-4.030000e-02 4.872209e-01
-4.020000e-02 4.987816e-01
-4.010000e-02 5.111111e-01
-4.000000e-02 5.242338e-01
-3.990000e-02 5.381783e-01
-3.980000e-02 5.529766e-01
-3.970000e-02 5.686622e-01
-3.960000e-02 5.852683e-01
-3.950000e-02 6.028254e-01
-3.940000e-02 6.213585e-01
-3.930000e-02 6.408854e-01
-3.920000e-02 6.614135e-01
-3.910000e-02 6.829387e-01
-3.900000e-02 7.054432e-01
-3.890000e-02 7.288949e-01
-3.880000e-02 7.532460e-01
-3.870000e-02 7.784320e-01
-3.860000e-02 8.043684e-01
-3.850000e-02 8.309449e-01
-3.840000e-02 8.580139e-01
-3.830000e-02 8.853712e-01
-3.820000e-02 9.127230e-01
-3.810000e-02 9.396381e-01
-3.800000e-02 9.654811e-01
-3.790000e-02 9.893294e-01
-3.780000e-02 1.009893e+00
-3.770000e-02 1.025477e+00
-3.760000e-02 1.034080e+00
-3.750000e-02 1.033767e+00
-3.740000e-02 1.023467e+00
-3.730000e-02 1.004196e+00
-3.720000e-02 9.802517e-01
-3.710000e-02 9.592697e-01
-3.700000e-02 9.499716e-01
-3.690000e-02 9.579033e-01
-3.680000e-02 9.819114e-01
-3.670000e-02 1.014449e+00
-3.660000e-02 1.045627e+00
-3.650000e-02 1.067710e+00
-3.640000e-02 1.077217e+00
-3.630000e-02 1.074433e+00
-3.620000e-02 1.061781e+00
-3.610000e-02 1.042326e+00
-3.600000e-02 1.018878e+00
-3.590000e-02 9.936312e-01
-3.580000e-02 9.681278e-01
-3.570000e-02 9.433614e-01
-3.560000e-02 9.199146e-01
-3.550000e-02 8.980837e-01
-3.540000e-02 8.779777e-01
-3.530000e-02 8.595881e-01
-3.520000e-02 8.428379e-01
-3.510000e-02 8.276135e-01
-3.500000e-02 8.137852e-01
-3.490000e-02 8.012201e-01
-3.480000e-02 7.897897e-01
-3.470000e-02 7.793746e-01
-3.460000e-02 7.698664e-01
-3.450000e-02 7.611693e-01
-3.440000e-02 7.532001e-01
-3.430000e-02 7.458883e-01
-3.420000e-02 7.391759e-01
-3.410000e-02 7.330171e-01
-3.400000e-02 7.273777e-01
-3.390000e-02 7.222353e-01
-3.380000e-02 7.175788e-01
-3.370000e-02 7.134087e-01
-3.360000e-02 7.097366e-01
-3.350000e-02 7.065864e-01
-3.340000e-02 7.039939e-01
-3.330000e-02 7.020079e-01
-3.320000e-02 7.006907e-01
-3.310000e-02 7.001192e-01
-3.300000e-02 7.003866e-01
-3.290000e-02 7.016030e-01
-3.280000e-02 7.038979e-01
-3.270000e-02 7.074212e-01
-3.260000e-02 7.123454e-01
-3.250000e-02 7.188665e-01
-3.240000e-02 7.272039e-01
-3.230000e-02 7.375982e-01
-3.220000e-02 7.503045e-01
-3.210000e-02 7.655789e-01
-3.200000e-02 7.836513e-01
-3.190000e-02 8.046792e-01
-3.180000e-02 8.286699e-01
-3.170000e-02 8.553589e-01
-3.160000e-02 8.840315e-01
-3.150000e-02 9.132904e-01
-3.140000e-02 9.408105e-01
-3.130000e-02 9.632066e-01
-3.120000e-02 9.762724e-01
-3.110000e-02 9.759339e-01
-3.100000e-02 9.600763e-01
-3.090000e-02 9.306584e-01
-3.080000e-02 8.945026e-01
-3.070000e-02 8.611985e-01
-3.060000e-02 8.387823e-01
-3.050000e-02 8.303497e-01
-3.040000e-02 8.340636e-01
-3.030000e-02 8.457520e-01
-3.020000e-02 8.615635e-01
-3.010000e-02 8.792040e-01
-3.000000e-02 8.978846e-01
-2.990000e-02 9.176834e-01
-2.980000e-02 9.388088e-01
-2.970000e-02 9.609286e-01
-2.960000e-02 9.826666e-01
-2.950000e-02 1.001625e+00
-2.940000e-02 1.015480e+00
-2.930000e-02 1.023118e+00
-2.920000e-02 1.021621e+00
-2.910000e-02 1.001602e+00
-2.900000e-02 9.554185e-01
-2.890000e-02 8.896779e-01
-2.880000e-02 8.196956e-01
-2.870000e-02 7.572059e-01
-2.860000e-02 7.068563e-01
-2.850000e-02 6.686948e-01
-2.840000e-02 6.409692e-01
-2.830000e-02 6.216438e-01
-2.820000e-02 6.089681e-01
-2.810000e-02 6.015978e-01
-2.800000e-02 5.985534e-01
-2.790000e-02 5.991373e-01
-2.780000e-02 6.028520e-01
-2.770000e-02 6.093311e-01
-2.760000e-02 6.182814e-01
-2.750000e-02 6.294352e-01
-2.740000e-02 6.425098e-01
-2.730000e-02 6.571725e-01
-2.720000e-02 6.730129e-01
-2.710000e-02 6.895216e-01
-2.700000e-02 7.060774e-01
-2.690000e-02 7.219418e-01
-2.680000e-02 7.362592e-01
-2.670000e-02 7.480554e-01
-2.660000e-02 7.562297e-01
-2.650000e-02 7.595357e-01
-2.640000e-02 7.565563e-01
-2.630000e-02 7.457074e-01
-2.620000e-02 7.253536e-01
-2.610000e-02 6.942271e-01
-2.600000e-02 6.524870e-01
-2.590000e-02 6.038402e-01
-2.580000e-02 5.586607e-01
-2.570000e-02 5.359492e-01
-2.560000e-02 5.583153e-01
-2.550000e-02 6.352483e-01
-2.540000e-02 7.458288e-01
-2.530000e-02 8.463270e-01
-2.520000e-02 9.017310e-01
-2.510000e-02 9.052521e-01
-2.500000e-02 8.705181e-01
-2.490000e-02 8.153810e-01
-2.480000e-02 7.531355e-01
-2.470000e-02 6.913121e-01
-2.460000e-02 6.333875e-01
-2.450000e-02 5.806285e-01
-2.440000e-02 5.333117e-01
-2.430000e-02 4.913794e-01
-2.420000e-02 4.547394e-01
-2.410000e-02 4.233728e-01
-2.400000e-02 3.973448e-01
-2.390000e-02 3.767714e-01
-2.380000e-02 3.617665e-01
-2.370000e-02 3.523869e-01
-2.360000e-02 3.485826e-01
-2.350000e-02 3.501609e-01
-2.340000e-02 3.567665e-01
-2.330000e-02 3.678813e-01
-2.320000e-02 3.828428e-01
-2.310000e-02 4.008759e-01
-2.300000e-02 4.211365e-01
-2.290000e-02 4.427564e-01
-2.280000e-02 4.648874e-01
-2.270000e-02 4.867371e-01
-2.260000e-02 5.075961e-01
-2.250000e-02 5.268535e-01
-2.240000e-02 5.440030e-01
-2.230000e-02 5.586413e-01
-2.220000e-02 5.704608e-01
-2.210000e-02 5.792399e-01
-2.200000e-02 5.848324e-01
-2.190000e-02 5.871590e-01
-2.180000e-02 5.862010e-01
-2.170000e-02 5.819986e-01
-2.160000e-02 5.746534e-01
-2.150000e-02 5.643367e-01
-2.140000e-02 5.513023e-01
-2.130000e-02 5.359044e-01
-2.120000e-02 5.186197e-01
-2.110000e-02 5.000699e-01
-2.100000e-02 4.810427e-01
-2.090000e-02 4.625033e-01
-2.080000e-02 4.455891e-01
-2.070000e-02 4.315768e-01
-2.060000e-02 4.218115e-01
-2.050000e-02 4.175916e-01
-2.040000e-02 4.200112e-01
-2.030000e-02 4.297785e-01
-2.020000e-02 4.470428e-01
-2.010000e-02 4.712787e-01
-2.000000e-02 5.012733e-01
-1.990000e-02 5.352422e-01
-1.980000e-02 5.710623e-01
-1.970000e-02 6.065709e-01
-1.960000e-02 6.398549e-01
-1.950000e-02 6.694635e-01
-1.940000e-02 6.945042e-01
-1.930000e-02 7.146262e-01
-1.920000e-02 7.299226e-01
-1.910000e-02 7.407937e-01
-1.900000e-02 7.478126e-01
-1.890000e-02 7.516131e-01
-1.880000e-02 7.528124e-01
-1.870000e-02 7.519654e-01
-1.860000e-02 7.495433e-01
-1.850000e-02 7.459301e-01
-1.840000e-02 7.414287e-01
-1.830000e-02 7.362715e-01
-1.820000e-02 7.306321e-01
-1.810000e-02 7.246369e-01
-1.800000e-02 7.183747e-01
-1.790000e-02 7.119046e-01
-1.780000e-02 7.052627e-01
-1.770000e-02 6.984667e-01
-1.760000e-02 6.915208e-01
-1.750000e-02 6.844182e-01
-1.740000e-02 6.771455e-01
-1.730000e-02 6.696861e-01
-1.720000e-02 6.620249e-01
-1.710000e-02 6.541553e-01
-1.700000e-02 6.460874e-01
-1.690000e-02 6.378613e-01
-1.680000e-02 6.295635e-01
-1.670000e-02 6.213494e-01
-1.660000e-02 6.134713e-01
-1.650000e-02 6.063101e-01
-1.640000e-02 6.004079e-01
-1.630000e-02 5.964917e-01
-1.620000e-02 5.954747e-01
-1.610000e-02 5.984172e-01
-1.600000e-02 6.064240e-01
-1.590000e-02 6.204671e-01
-1.580000e-02 6.411430e-01
-1.570000e-02 6.684083e-01
-1.560000e-02 7.013756e-01
-1.550000e-02 7.382631e-01
-1.540000e-02 7.765598e-01
-1.530000e-02 8.133912e-01
-1.520000e-02 8.459853e-01
-1.510000e-02 8.720982e-01
-1.500000e-02 8.902804e-01
-1.490000e-02 8.999413e-01
-1.480000e-02 9.012430e-01
-1.470000e-02 8.949010e-01
-1.460000e-02 8.819680e-01
-1.450000e-02 8.636542e-01
-1.440000e-02 8.412067e-01
-1.430000e-02 8.158461e-01
-1.420000e-02 7.887436e-01
-1.410000e-02 7.610201e-01
-1.400000e-02 7.337467e-01
-1.390000e-02 7.079318e-01
-1.380000e-02 6.844900e-01
-1.370000e-02 6.641934e-01
-1.360000e-02 6.476167e-01
-1.350000e-02 6.350948e-01
-1.340000e-02 6.267043e-01
-1.330000e-02 6.222804e-01
-1.320000e-02 6.214640e-01
-1.310000e-02 6.237669e-01
-1.300000e-02 6.286424e-01
-1.290000e-02 6.355454e-01
-1.280000e-02 6.439761e-01
-1.270000e-02 6.535053e-01
-1.260000e-02 6.637843e-01
-1.250000e-02 6.745423e-01
-1.240000e-02 6.855784e-01
-1.230000e-02 6.967496e-01
-1.220000e-02 7.079581e-01
-1.210000e-02 7.191399e-01
-1.200000e-02 7.302544e-01
-1.190000e-02 7.412756e-01
-1.180000e-02 7.521855e-01
-1.170000e-02 7.629674e-01
-1.160000e-02 7.736012e-01
-1.150000e-02 7.840593e-01
-1.140000e-02 7.943021e-01
-1.130000e-02 8.042744e-01
-1.120000e-02 8.139013e-01
-1.110000e-02 8.230834e-01
-1.100000e-02 8.316913e-01
-1.090000e-02 8.395586e-01
-1.080000e-02 8.464733e-01
-1.070000e-02 8.521669e-01
-1.060000e-02 8.563034e-01
-1.050000e-02 8.584681e-01
-1.040000e-02 8.581617e-01
-1.030000e-02 8.548050e-01
-1.020000e-02 8.477624e-01
-1.010000e-02 8.363898e-01
-1.000000e-02 8.201126e-01
-9.900000e-03 7.985262e-01
-9.800000e-03 7.715045e-01
-9.700000e-03 7.392897e-01
-9.600000e-03 7.025349e-01
-9.500000e-03 6.622808e-01
-9.400000e-03 6.198624e-01
-9.300000e-03 5.767654e-01
-9.200000e-03 5.344639e-01
-9.100000e-03 4.942756e-01
-9.000000e-03 4.572591e-01
-8.900000e-03 4.241681e-01
-8.800000e-03 3.954568e-01
-8.700000e-03 3.713272e-01
-8.600000e-03 3.518031e-01
-8.500000e-03 3.368171e-01
-8.400000e-03 3.263004e-01
-8.300000e-03 3.202714e-01
-8.200000e-03 3.189157e-01
-8.100000e-03 3.226548e-01
-8.000000e-03 3.321884e-01
-7.900000e-03 3.484912e-01
-7.800000e-03 3.727291e-01
-7.700000e-03 4.060518e-01
-7.600000e-03 4.492339e-01
-7.500000e-03 5.021795e-01
-7.400000e-03 5.634058e-01
-7.300000e-03 6.297312e-01
-7.200000e-03 6.964319e-01
-7.100000e-03 7.580025e-01
-7.000000e-03 8.093467e-01
-6.900000e-03 8.469444e-01
-6.800000e-03 8.695039e-01
-6.700000e-03 8.778935e-01
-6.600000e-03 8.745125e-01
-6.500000e-03 8.624636e-01
-6.400000e-03 8.448460e-01
-6.300000e-03 8.243162e-01
-6.200000e-03 8.029118e-01
-6.100000e-03 7.820566e-01
-6.000000e-03 7.626591e-01
-5.900000e-03 7.452383e-01
-5.800000e-03 7.300422e-01
-5.700000e-03 7.171438e-01
-5.600000e-03 7.065114e-01
-5.500000e-03 6.980587e-01
-5.400000e-03 6.916770e-01
-5.300000e-03 6.872564e-01
-5.200000e-03 6.846994e-01
-5.100000e-03 6.839285e-01
-5.000000e-03 6.848922e-01
-4.900000e-03 6.875696e-01
-4.800000e-03 6.919745e-01
-4.700000e-03 6.981618e-01
-4.600000e-03 7.062351e-01
-4.500000e-03 7.163579e-01
-4.400000e-03 7.287700e-01
-4.300000e-03 7.438095e-01
-4.200000e-03 7.619422e-01
-4.100000e-03 7.837963e-01
-4.000000e-03 8.101963e-01
-3.900000e-03 8.421631e-01
-3.800000e-03 8.807934e-01
-3.700000e-03 9.267646e-01
-3.600000e-03 9.788247e-01
-3.500000e-03 1.029923e+00
-3.400000e-03 1.060004e+00
-3.300000e-03 1.035161e+00
-3.200000e-03 9.572955e-01
-3.100000e-03 9.409485e-01
-3.000000e-03 1.029897e+00
-2.900000e-03 1.075497e+00
-2.800000e-03 1.027443e+00
-2.700000e-03 9.376775e-01
-2.600000e-03 8.451578e-01
-2.500000e-03 7.624090e-01
-2.400000e-03 6.903718e-01
-2.300000e-03 6.270645e-01
-2.200000e-03 5.706266e-01
-2.100000e-03 5.201013e-01
-2.000000e-03 4.754894e-01
-1.900000e-03 4.375867e-01
-1.800000e-03 4.077425e-01
-1.700000e-03 3.875656e-01
-1.600000e-03 3.785775e-01
-1.500000e-03 3.818228e-01
-1.400000e-03 3.974629e-01
-1.300000e-03 4.244080e-01
-1.200000e-03 4.600744e-01
-1.100000e-03 5.004010e-01
-1.000000e-03 5.403001e-01
-9.000000e-04 5.747120e-01
-8.000000e-04 6.002573e-01
-7.000000e-04 6.170009e-01
-6.000000e-04 6.291572e-01
-5.000000e-04 6.433810e-01
-4.000000e-04 6.646717e-01
-3.000000e-04 6.925063e-01
-2.000000e-04 7.206504e-01
-1.000000e-04 7.410530e-01
1.429412e-15 7.484406e-01
1.000000e-04 7.422486e-01
2.000000e-04 7.255916e-01
3.000000e-04 7.030774e-01
4.000000e-04 6.790573e-01
5.000000e-04 6.568138e-01
6.000000e-04 6.384700e-01
7.000000e-04 6.252529e-01
8.000000e-04 6.178473e-01
9.000000e-04 6.167187e-01
1.000000e-03 6.223707e-01
1.100000e-03 6.355342e-01
1.200000e-03 6.572821e-01
1.300000e-03 6.889998e-01
1.400000e-03 7.320010e-01
1.500000e-03 7.863079e-01
1.600000e-03 8.479173e-01
1.700000e-03 9.048726e-01
1.800000e-03 9.365306e-01
1.900000e-03 9.235021e-01
2.000000e-03 8.638176e-01
2.100000e-03 7.749883e-01
2.200000e-03 6.790349e-01
2.300000e-03 5.902285e-01
2.400000e-03 5.139983e-01
2.500000e-03 4.508132e-01
2.600000e-03 3.995884e-01
2.700000e-03 3.595105e-01
2.800000e-03 3.308059e-01
2.900000e-03 3.149547e-01
3.000000e-03 3.144935e-01
3.100000e-03 3.322771e-01
3.200000e-03 3.699955e-01
3.300000e-03 4.260800e-01
3.400000e-03 4.939823e-01
3.500000e-03 5.625954e-01
3.600000e-03 6.198383e-01
3.700000e-03 6.576803e-01
3.800000e-03 6.749323e-01
3.900000e-03 6.759815e-01
4.000000e-03 6.672607e-01
4.100000e-03 6.543175e-01
4.200000e-03 6.406774e-01
4.300000e-03 6.280303e-01
4.400000e-03 6.168767e-01
4.500000e-03 6.071169e-01
4.600000e-03 5.984309e-01
4.700000e-03 5.904758e-01
4.800000e-03 5.829696e-01
4.900000e-03 5.757149e-01
5.000000e-03 5.685983e-01
5.100000e-03 5.615800e-01
5.200000e-03 5.546833e-01
5.300000e-03 5.479861e-01
5.400000e-03 5.416147e-01
5.500000e-03 5.357401e-01
5.600000e-03 5.305760e-01
5.700000e-03 5.263778e-01
5.800000e-03 5.234409e-01
5.900000e-03 5.220973e-01
6.000000e-03 5.227077e-01
6.100000e-03 5.256429e-01
6.200000e-03 5.312456e-01
6.300000e-03 5.397595e-01
6.400000e-03 5.512064e-01
6.500000e-03 5.651986e-01
6.600000e-03 5.806950e-01
6.700000e-03 5.957749e-01
6.800000e-03 6.075998e-01
6.900000e-03 6.128013e-01
7.000000e-03 6.084197e-01
7.100000e-03 5.931199e-01
7.200000e-03 5.679795e-01
7.300000e-03 5.362162e-01
7.400000e-03 5.019570e-01
7.500000e-03 4.688454e-01
7.600000e-03 4.392342e-01
7.700000e-03 4.141177e-01
7.800000e-03 3.935051e-01
7.900000e-03 3.768781e-01
8.000000e-03 3.635391e-01
8.100000e-03 3.528129e-01
8.200000e-03 3.441328e-01
8.300000e-03 3.370612e-01
8.400000e-03 3.312769e-01
8.500000e-03 3.265530e-01
8.600000e-03 3.227323e-01
8.700000e-03 3.197082e-01
8.800000e-03 3.174081e-01
8.900000e-03 3.157826e-01
9.000000e-03 3.147970e-01
9.100000e-03 3.144258e-01
9.200000e-03 3.146493e-01
9.300000e-03 3.154511e-01
9.400000e-03 3.168169e-01
9.500000e-03 3.187335e-01
9.600000e-03 3.211891e-01
9.700000e-03 3.241726e-01
9.800000e-03 3.276742e-01
9.900000e-03 3.316854e-01
1.000000e-02 3.361993e-01
1.010000e-02 3.412109e-01
1.020000e-02 3.467175e-01
1.030000e-02 3.527190e-01
1.040000e-02 3.592181e-01
1.050000e-02 3.662209e-01
1.060000e-02 3.737369e-01
1.070000e-02 3.817797e-01
1.080000e-02 3.903675e-01
1.090000e-02 3.995231e-01
1.100000e-02 4.092747e-01
1.110000e-02 4.196566e-01
1.120000e-02 4.307094e-01
1.130000e-02 4.424808e-01
1.140000e-02 4.550264e-01
1.150000e-02 4.684101e-01
1.160000e-02 4.827045e-01
1.170000e-02 4.979916e-01
1.180000e-02 5.143627e-01
1.190000e-02 5.319177e-01
1.200000e-02 5.507641e-01
1.210000e-02 5.710139e-01
1.220000e-02 5.927791e-01
1.230000e-02 6.161639e-01
1.240000e-02 6.412530e-01
1.250000e-02 6.680933e-01
1.260000e-02 6.966688e-01
1.270000e-02 7.268649e-01
1.280000e-02 7.584209e-01
1.290000e-02 7.908710e-01
1.300000e-02 8.234753e-01
1.310000e-02 8.551521e-01
1.320000e-02 8.844286e-01
1.330000e-02 9.094432e-01
1.340000e-02 9.280445e-01
1.350000e-02 9.380305e-01
1.360000e-02 9.375499e-01
1.370000e-02 9.256186e-01
1.380000e-02 9.026115e-01
1.390000e-02 8.705109e-01
1.400000e-02 8.327110e-01
1.410000e-02 7.933465e-01
1.420000e-02 7.563506e-01
1.430000e-02 7.246125e-01
1.440000e-02 6.995437e-01
1.450000e-02 6.811373e-01
1.460000e-02 6.683760e-01
1.470000e-02 6.597485e-01
1.480000e-02 6.536862e-01
1.490000e-02 6.488368e-01
1.500000e-02 6.441833e-01
1.510000e-02 6.390546e-01
1.520000e-02 6.330824e-01
1.530000e-02 6.261408e-01
1.540000e-02 6.182902e-01
1.550000e-02 6.097370e-01
1.560000e-02 6.008090e-01
1.570000e-02 5.919464e-01
1.580000e-02 5.837078e-01
1.590000e-02 5.767860e-01
1.600000e-02 5.720350e-01
1.610000e-02 5.705012e-01
1.620000e-02 5.734529e-01
1.630000e-02 5.823895e-01
1.640000e-02 5.989987e-01
1.650000e-02 6.250055e-01
1.660000e-02 6.618450e-01
1.670000e-02 7.101080e-01
1.680000e-02 7.688177e-01
1.690000e-02 8.348040e-01
1.700000e-02 9.026465e-01
1.710000e-02 9.655875e-01
1.720000e-02 1.017291e+00
1.730000e-02 1.053655e+00
1.740000e-02 1.073725e+00
1.750000e-02 1.079369e+00
1.760000e-02 1.074128e+00
1.770000e-02 1.061967e+00
1.780000e-02 1.046384e+00
1.790000e-02 1.030007e+00
1.800000e-02 1.014540e+00
1.810000e-02 1.000897e+00
1.820000e-02 9.894033e-01
1.830000e-02 9.799868e-01
1.840000e-02 9.723426e-01
1.850000e-02 9.660612e-01
1.860000e-02 9.607228e-01
1.870000e-02 9.559610e-01
1.880000e-02 9.514968e-01
1.890000e-02 9.471447e-01
1.900000e-02 9.427952e-01
1.910000e-02 9.383847e-01
1.920000e-02 9.338635e-01
1.930000e-02 9.291756e-01
1.940000e-02 9.242539e-01
1.950000e-02 9.190310e-01
1.960000e-02 9.134568e-01
1.970000e-02 9.075141e-01
1.980000e-02 9.012263e-01
1.990000e-02 8.946566e-01
2.000000e-02 8.878984e-01
2.010000e-02 8.810638e-01
2.020000e-02 8.742708e-01
2.030000e-02 8.676336e-01
2.040000e-02 8.612555e-01
2.050000e-02 8.552252e-01
2.060000e-02 8.496161e-01
2.070000e-02 8.444862e-01
2.080000e-02 8.398806e-01
2.090000e-02 8.358333e-01
2.100000e-02 8.323695e-01
2.110000e-02 8.295077e-01
2.120000e-02 8.272619e-01
2.130000e-02 8.256428e-01
2.140000e-02 8.246594e-01
2.150000e-02 8.243197e-01
2.160000e-02 8.246317e-01
2.170000e-02 8.256039e-01
2.180000e-02 8.272456e-01
2.190000e-02 8.295669e-01
2.200000e-02 8.325792e-01
2.210000e-02 8.362947e-01
2.220000e-02 8.407265e-01
2.230000e-02 8.458875e-01
2.240000e-02 8.517903e-01
2.250000e-02 8.584461e-01
2.260000e-02 8.658627e-01
2.270000e-02 8.740430e-01
2.280000e-02 8.829821e-01
2.290000e-02 8.926631e-01
2.300000e-02 9.030527e-01
2.310000e-02 9.140934e-01
2.320000e-02 9.256948e-01
2.330000e-02 9.377210e-01
2.340000e-02 9.499748e-01
2.350000e-02 9.621773e-01
2.360000e-02 9.739422e-01
2.370000e-02 9.847459e-01
2.380000e-02 9.938947e-01
2.390000e-02 1.000495e+00
2.400000e-02 1.003435e+00
2.410000e-02 1.001407e+00
2.420000e-02 9.929947e-01
2.430000e-02 9.768842e-01
2.440000e-02 9.522621e-01
2.450000e-02 9.194275e-01
2.460000e-02 8.805628e-01
2.470000e-02 8.403928e-01
2.480000e-02 8.061996e-01
2.490000e-02 7.865655e-01
2.500000e-02 7.886846e-01
2.510000e-02 8.152008e-01
2.520000e-02 8.624965e-01
2.530000e-02 9.218723e-01
2.540000e-02 9.830542e-01
2.550000e-02 1.037795e+00
2.560000e-02 1.081638e+00
2.570000e-02 1.113539e+00
2.580000e-02 1.134309e+00
2.590000e-02 1.144986e+00
2.600000e-02 1.145876e+00
2.610000e-02 1.136550e+00
2.620000e-02 1.116809e+00
2.630000e-02 1.088079e+00
2.640000e-02 1.053969e+00
2.650000e-02 1.018820e+00
2.660000e-02 9.850408e-01
2.670000e-02 9.519107e-01
2.680000e-02 9.171553e-01
2.690000e-02 8.793981e-01
2.700000e-02 8.392073e-01
2.710000e-02 7.985559e-01
2.720000e-02 7.597939e-01
2.730000e-02 7.249328e-01
2.740000e-02 6.953771e-01
2.750000e-02 6.719358e-01
2.760000e-02 6.549337e-01
2.770000e-02 6.443265e-01
2.780000e-02 6.397866e-01
2.790000e-02 6.407628e-01
2.800000e-02 6.465273e-01
2.810000e-02 6.562217e-01
2.820000e-02 6.689105e-01
2.830000e-02 6.836402e-01
2.840000e-02 6.994991e-01
2.850000e-02 7.156713e-01
2.860000e-02 7.314759e-01
2.870000e-02 7.463895e-01
2.880000e-02 7.600513e-01
2.890000e-02 7.722534e-01
2.900000e-02 7.829220e-01
2.910000e-02 7.920925e-01
2.920000e-02 7.998848e-01
2.930000e-02 8.064791e-01
2.940000e-02 8.120947e-01
2.950000e-02 8.169726e-01
2.960000e-02 8.213608e-01
2.970000e-02 8.255027e-01
2.980000e-02 8.296269e-01
2.990000e-02 8.339392e-01
3.000000e-02 8.386150e-01
3.010000e-02 8.437924e-01
3.020000e-02 8.495668e-01
3.030000e-02 8.559850e-01
3.040000e-02 8.630413e-01
3.050000e-02 8.706752e-01
3.060000e-02 8.787711e-01
3.070000e-02 8.871615e-01
3.080000e-02 8.956337e-01
3.090000e-02 9.039414e-01
3.100000e-02 9.118201e-01
3.110000e-02 9.190066e-01
3.120000e-02 9.252613e-01
3.130000e-02 9.303909e-01
3.140000e-02 9.342688e-01
3.150000e-02 9.368524e-01
3.160000e-02 9.381927e-01
3.170000e-02 9.384370e-01
3.180000e-02 9.378232e-01
3.190000e-02 9.366659e-01
3.200000e-02 9.353362e-01
3.210000e-02 9.342358e-01
3.220000e-02 9.337669e-01
3.230000e-02 9.343000e-01
3.240000e-02 9.361413e-01
3.250000e-02 9.395012e-01
3.260000e-02 9.444687e-01
3.270000e-02 9.509931e-01
3.280000e-02 9.588772e-01
3.290000e-02 9.677840e-01
3.300000e-02 9.772580e-01
3.310000e-02 9.867600e-01
3.320000e-02 9.957115e-01
3.330000e-02 1.003544e+00
3.340000e-02 1.009749e+00
3.350000e-02 1.013915e+00
3.360000e-02 1.015761e+00
3.370000e-02 1.015151e+00
3.380000e-02 1.012090e+00
3.390000e-02 1.006716e+00
3.400000e-02 9.992754e-01
3.410000e-02 9.900985e-01
3.420000e-02 9.795696e-01
3.430000e-02 9.681012e-01
3.440000e-02 9.561103e-01
3.450000e-02 9.440008e-01
3.460000e-02 9.321494e-01
3.470000e-02 9.208959e-01
3.480000e-02 9.105365e-01
3.490000e-02 9.013165e-01
3.500000e-02 8.934216e-01
3.510000e-02 8.869631e-01
3.520000e-02 8.819512e-01
3.530000e-02 8.782476e-01
3.540000e-02 8.754861e-01
3.550000e-02 8.729402e-01
3.560000e-02 8.693165e-01
3.570000e-02 8.624525e-01
3.580000e-02 8.489353e-01
3.590000e-02 8.237758e-01
3.600000e-02 7.805549e-01
3.610000e-02 7.129190e-01
3.620000e-02 6.184894e-01
3.630000e-02 5.047514e-01
3.640000e-02 3.921586e-01
3.650000e-02 3.070337e-01
3.660000e-02 2.656417e-01
3.670000e-02 2.646448e-01
3.680000e-02 2.875276e-01
3.690000e-02 3.173724e-01
3.700000e-02 3.437347e-01
3.710000e-02 3.625033e-01
3.720000e-02 3.732429e-01
3.730000e-02 3.769764e-01
3.740000e-02 3.750107e-01
3.750000e-02 3.684888e-01
3.760000e-02 3.582960e-01
3.770000e-02 3.451005e-01
3.780000e-02 3.294287e-01
3.790000e-02 3.117373e-01
3.800000e-02 2.924722e-01
3.810000e-02 2.721129e-01
3.820000e-02 2.512033e-01
3.830000e-02 2.303695e-01
3.840000e-02 2.103260e-01
3.850000e-02 1.918672e-01
3.860000e-02 1.758469e-01
3.870000e-02 1.631445e-01
3.880000e-02 1.546190e-01
3.890000e-02 1.510555e-01
3.900000e-02 1.531081e-01
3.910000e-02 1.612453e-01
3.920000e-02 1.757056e-01
3.930000e-02 1.964684e-01
3.940000e-02 2.232463e-01
3.950000e-02 2.555000e-01
3.960000e-02 2.924746e-01
3.970000e-02 3.332544e-01
3.980000e-02 3.768278e-01
3.990000e-02 4.221562e-01
4.000000e-02 4.682381e-01
4.010000e-02 5.141629e-01
4.020000e-02 5.591497e-01
4.030000e-02 6.025688e-01
4.040000e-02 6.439477e-01
4.050000e-02 6.829616e-01
4.060000e-02 7.194144e-01
4.070000e-02 7.532132e-01
4.080000e-02 7.843417e-01
4.090000e-02 8.128367e-01
4.100000e-02 8.387730e-01
4.110000e-02 8.622574e-01
4.120000e-02 8.834326e-01
4.130000e-02 9.024874e-01
4.140000e-02 9.196647e-01
4.150000e-02 9.352600e-01
4.160000e-02 9.495998e-01
4.170000e-02 9.629946e-01
4.180000e-02 9.756643e-01
4.190000e-02 9.876400e-01
4.200000e-02 9.986502e-01
4.210000e-02 1.008004e+00
4.220000e-02 1.014502e+00
4.230000e-02 1.016410e+00
4.240000e-02 1.011596e+00
4.250000e-02 9.979237e-01
4.260000e-02 9.740071e-01
4.270000e-02 9.402641e-01
4.280000e-02 8.999156e-01
4.290000e-02 8.592041e-01
4.300000e-02 8.261243e-01
4.310000e-02 8.077307e-01
4.320000e-02 8.073067e-01
4.330000e-02 8.231471e-01
4.340000e-02 8.496712e-01
4.350000e-02 8.799401e-01
4.360000e-02 9.079900e-01
4.370000e-02 9.300200e-01
4.380000e-02 9.444432e-01
4.390000e-02 9.513173e-01
4.400000e-02 9.516467e-01
4.410000e-02 9.468229e-01
4.420000e-02 9.382679e-01
4.430000e-02 9.272522e-01
4.440000e-02 9.148261e-01
4.450000e-02 9.018166e-01
4.460000e-02 8.888530e-01
4.470000e-02 8.764038e-01
4.480000e-02 8.648123e-01
4.490000e-02 8.543280e-01
4.500000e-02 8.451325e-01
4.510000e-02 8.373587e-01
4.520000e-02 8.311058e-01
4.530000e-02 8.264496e-01
4.540000e-02 8.234489e-01
4.550000e-02 8.221486e-01
4.560000e-02 8.225790e-01
4.570000e-02 8.247514e-01
4.580000e-02 8.286475e-01
4.590000e-02 8.342035e-01
4.600000e-02 8.412835e-01
4.610000e-02 8.496419e-01
4.620000e-02 8.588713e-01
4.630000e-02 8.683365e-01
4.640000e-02 8.771033e-01
4.650000e-02 8.838913e-01
4.660000e-02 8.871179e-01
4.670000e-02 8.851650e-01
4.680000e-02 8.770557e-01
4.690000e-02 8.636686e-01
4.700000e-02 8.491768e-01
4.710000e-02 8.413711e-01
4.720000e-02 8.483673e-01
4.730000e-02 8.686190e-01
4.740000e-02 8.660029e-01
4.750000e-02 7.383512e-01
4.760000e-02 8.728353e-01
4.770000e-02 1.055841e+00
4.780000e-02 8.218597e-01
4.790000e-02 6.851831e-01
4.800000e-02 6.102368e-01
4.810000e-02 5.597734e-01
4.820000e-02 5.213676e-01
4.830000e-02 4.908506e-01
4.840000e-02 4.665062e-01
4.850000e-02 4.473782e-01
4.860000e-02 4.327930e-01
4.870000e-02 4.222282e-01
4.880000e-02 4.152781e-01
4.890000e-02 4.116425e-01
4.900000e-02 4.111190e-01
4.910000e-02 4.135939e-01
4.920000e-02 4.190304e-01
4.930000e-02 4.274522e-01
4.940000e-02 4.389185e-01
4.950000e-02 4.534841e-01
4.960000e-02 4.711364e-01
4.970000e-02 4.916967e-01
4.980000e-02 5.146740e-01
4.990000e-02 5.390701e-01
