0.000000e+00 1.773871e+01
6.000000e-02 1.788405e+01
1.200000e-01 1.788421e+01
1.800000e-01 1.742450e+01
2.400000e-01 1.703655e+01
3.000000e-01 1.672399e+01
3.600000e-01 1.641697e+01
4.200000e-01 1.614781e+01
4.800000e-01 1.588780e+01
5.400000e-01 1.552340e+01
6.000000e-01 1.509853e+01
6.600000e-01 1.468209e+01
7.200000e-01 1.429080e+01
7.800000e-01 1.385266e+01
8.400000e-01 1.330912e+01
9.000000e-01 1.274663e+01
9.600000e-01 1.227266e+01
1.020000e+00 1.187566e+01
1.080000e+00 1.137305e+01
1.140000e+00 1.082647e+01
1.200000e+00 1.042112e+01
1.260000e+00 1.018210e+01
1.320000e+00 1.006438e+01
1.380000e+00 9.978219e+00
1.440000e+00 9.538360e+00
1.500000e+00 9.030065e+00
1.560000e+00 8.580985e+00
1.620000e+00 8.228399e+00
1.680000e+00 8.053933e+00
1.740000e+00 7.857857e+00
1.800000e+00 7.733202e+00
1.860000e+00 7.182860e+00
1.920000e+00 6.837466e+00
1.980000e+00 6.755970e+00
2.040000e+00 6.527908e+00
2.100000e+00 6.159121e+00
2.160000e+00 5.998867e+00
2.220000e+00 5.916937e+00
2.280000e+00 5.390643e+00
2.340000e+00 5.072263e+00
2.400000e+00 5.172492e+00
2.460000e+00 5.236104e+00
2.520000e+00 4.721991e+00
2.580000e+00 4.284376e+00
2.640000e+00 4.703629e+00
2.700000e+00 4.444930e+00
2.760000e+00 4.307675e+00
2.820000e+00 4.015741e+00
2.880000e+00 3.720739e+00
2.940000e+00 3.909492e+00
3.000000e+00 3.734119e+00
3.060000e+00 2.963671e+00
3.120000e+00 2.833255e+00
3.180000e+00 2.945612e+00
3.240000e+00 3.022218e+00
3.300000e+00 2.748633e+00
3.360000e+00 2.371086e+00
3.420000e+00 2.810928e+00
3.480000e+00 2.331728e+00
3.540000e+00 2.040590e+00
3.600000e+00 2.287749e+00
3.660000e+00 2.111151e+00
3.720000e+00 2.220043e+00
3.780000e+00 2.168744e+00
3.840000e+00 2.215414e+00
3.900000e+00 1.807258e+00
3.960000e+00 2.564254e+00
4.020000e+00 2.050095e+00
4.080000e+00 1.408439e+00
4.140000e+00 2.080963e+00
4.200000e+00 1.271306e+00
4.260000e+00 1.502675e+00
4.320000e+00 1.530140e+00
4.380000e+00 1.622759e+00
4.440000e+00 1.578628e+00
4.500000e+00 1.484271e+00
4.560000e+00 1.732496e+00
4.620000e+00 1.436553e+00
4.680000e+00 1.402060e+00
4.740000e+00 1.282955e+00
4.800000e+00 1.034134e+00
4.860000e+00 1.093660e+00
4.920000e+00 1.085221e+00
4.980000e+00 1.169012e+00
5.040000e+00 1.359777e+00
5.100000e+00 1.316161e+00
5.160000e+00 1.374476e+00
5.220000e+00 1.546495e+00
5.280000e+00 1.288482e+00
5.340000e+00 1.359594e+00
5.400000e+00 1.004493e+00
5.460000e+00 7.263364e-01
5.520000e+00 7.083586e-01
5.580000e+00 1.062063e+00
5.640000e+00 1.286119e+00
5.700000e+00 3.000337e-01
5.760000e+00 4.570015e-01
5.820000e+00 2.668651e-01
5.880000e+00 8.291105e-01
5.940000e+00 7.573778e-01
