0.000000e+00 1.773871e+01
6.000000e-02 1.761901e+01
1.200000e-01 1.740984e+01
1.800000e-01 1.710488e+01
2.400000e-01 1.671981e+01
3.000000e-01 1.631812e+01
3.600000e-01 1.600250e+01
4.200000e-01 1.568746e+01
4.800000e-01 1.534299e+01
5.400000e-01 1.501635e+01
6.000000e-01 1.470122e+01
6.600000e-01 1.432791e+01
7.200000e-01 1.383559e+01
7.800000e-01 1.325741e+01
8.400000e-01 1.272533e+01
9.000000e-01 1.231055e+01
9.600000e-01 1.189903e+01
1.020000e+00 1.148362e+01
1.080000e+00 1.122509e+01
1.140000e+00 1.104060e+01
1.200000e+00 1.064524e+01
1.260000e+00 1.015941e+01
1.320000e+00 9.835566e+00
1.380000e+00 9.640904e+00
1.440000e+00 9.453105e+00
1.500000e+00 9.328490e+00
1.560000e+00 9.107191e+00
1.620000e+00 8.789493e+00
1.680000e+00 8.459184e+00
1.740000e+00 7.909347e+00
1.800000e+00 7.621576e+00
1.860000e+00 7.462961e+00
1.920000e+00 7.359047e+00
1.980000e+00 7.583872e+00
2.040000e+00 7.366175e+00
2.100000e+00 6.860028e+00
2.160000e+00 6.448283e+00
2.220000e+00 6.044141e+00
2.280000e+00 5.506160e+00
2.340000e+00 5.346759e+00
2.400000e+00 5.099442e+00
2.460000e+00 5.109383e+00
2.520000e+00 5.141139e+00
2.580000e+00 4.645340e+00
2.640000e+00 4.101303e+00
2.700000e+00 4.104726e+00
2.760000e+00 4.084336e+00
2.820000e+00 3.651357e+00
2.880000e+00 3.404703e+00
2.940000e+00 3.596013e+00
3.000000e+00 3.928849e+00
3.060000e+00 3.700768e+00
3.120000e+00 2.830411e+00
3.180000e+00 2.932797e+00
3.240000e+00 3.294304e+00
3.300000e+00 3.440241e+00
3.360000e+00 3.195033e+00
3.420000e+00 2.711487e+00
3.480000e+00 2.768573e+00
3.540000e+00 3.233176e+00
3.600000e+00 2.336545e+00
3.660000e+00 2.605032e+00
3.720000e+00 2.040450e+00
3.780000e+00 2.548897e+00
3.840000e+00 1.888765e+00
3.900000e+00 2.162174e+00
3.960000e+00 2.001602e+00
4.020000e+00 2.091186e+00
4.080000e+00 2.277511e+00
4.140000e+00 2.105829e+00
4.200000e+00 2.047041e+00
4.260000e+00 1.394755e+00
4.320000e+00 1.835716e+00
4.380000e+00 2.166458e+00
4.440000e+00 2.091667e+00
4.500000e+00 1.446161e+00
4.560000e+00 1.802279e+00
4.620000e+00 1.770696e+00
4.680000e+00 2.055633e+00
4.740000e+00 1.420386e+00
4.800000e+00 1.298616e+00
4.860000e+00 1.576111e+00
4.920000e+00 1.750654e+00
4.980000e+00 1.352768e+00
5.040000e+00 1.504189e+00
5.100000e+00 1.413538e+00
5.160000e+00 1.648357e+00
5.220000e+00 1.446117e+00
5.280000e+00 8.592903e-01
5.340000e+00 1.307127e+00
5.400000e+00 9.788097e-01
5.460000e+00 7.609624e-01
5.520000e+00 1.252493e+00
5.580000e+00 9.578073e-01
5.640000e+00 5.760668e-01
5.700000e+00 1.074954e+00
5.760000e+00 9.108208e-01
5.820000e+00 7.203335e-01
5.880000e+00 1.347439e+00
5.940000e+00 5.503123e-01
