0.000000e+00 1.773871e+01
6.000000e-02 1.759585e+01
1.200000e-01 1.743276e+01
1.800000e-01 1.723988e+01
2.400000e-01 1.699290e+01
3.000000e-01 1.668307e+01
3.600000e-01 1.636369e+01
4.200000e-01 1.602297e+01
4.800000e-01 1.560822e+01
5.400000e-01 1.513160e+01
6.000000e-01 1.462078e+01
6.600000e-01 1.412976e+01
7.200000e-01 1.369781e+01
7.800000e-01 1.335395e+01
8.400000e-01 1.310094e+01
9.000000e-01 1.279385e+01
9.600000e-01 1.239482e+01
1.020000e+00 1.196114e+01
1.080000e+00 1.163244e+01
1.140000e+00 1.145375e+01
1.200000e+00 1.124746e+01
1.260000e+00 1.092820e+01
1.320000e+00 1.062335e+01
1.380000e+00 1.010342e+01
1.440000e+00 9.559115e+00
1.500000e+00 9.182301e+00
1.560000e+00 8.690998e+00
1.620000e+00 8.552884e+00
1.680000e+00 8.340038e+00
1.740000e+00 8.018597e+00
1.800000e+00 7.601582e+00
1.860000e+00 7.397269e+00
1.920000e+00 7.006665e+00
1.980000e+00 6.654170e+00
2.040000e+00 6.085293e+00
2.100000e+00 6.194016e+00
2.160000e+00 5.393197e+00
2.220000e+00 5.744287e+00
2.280000e+00 5.466237e+00
2.340000e+00 5.566357e+00
2.400000e+00 5.394585e+00
2.460000e+00 5.020531e+00
2.520000e+00 5.179310e+00
2.580000e+00 4.812824e+00
2.640000e+00 4.835798e+00
2.700000e+00 4.453747e+00
2.760000e+00 4.181986e+00
2.820000e+00 4.203997e+00
2.880000e+00 3.883767e+00
2.940000e+00 3.406988e+00
3.000000e+00 3.434395e+00
3.060000e+00 3.503650e+00
3.120000e+00 3.188325e+00
3.180000e+00 3.456221e+00
3.240000e+00 3.460323e+00
3.300000e+00 2.660877e+00
3.360000e+00 2.923460e+00
3.420000e+00 3.203267e+00
3.480000e+00 2.433838e+00
3.540000e+00 2.874723e+00
3.600000e+00 2.410358e+00
3.660000e+00 2.111191e+00
3.720000e+00 2.558306e+00
3.780000e+00 2.335482e+00
3.840000e+00 2.324290e+00
3.900000e+00 2.653123e+00
3.960000e+00 1.728314e+00
4.020000e+00 1.589733e+00
4.080000e+00 1.888914e+00
4.140000e+00 1.556141e+00
4.200000e+00 1.841027e+00
4.260000e+00 2.133732e+00
4.320000e+00 1.674187e+00
4.380000e+00 1.548836e+00
4.440000e+00 1.586063e+00
4.500000e+00 8.957552e-01
4.560000e+00 1.677291e+00
4.620000e+00 1.238582e+00
4.680000e+00 1.233765e+00
4.740000e+00 1.252790e+00
4.800000e+00 9.868557e-01
4.860000e+00 1.469905e+00
4.920000e+00 1.402082e+00
4.980000e+00 1.161221e+00
5.040000e+00 1.342852e+00
5.100000e+00 9.171757e-01
5.160000e+00 1.501529e+00
5.220000e+00 5.903840e-01
5.280000e+00 3.921763e-01
5.340000e+00 2.714004e-01
5.400000e+00 8.493077e-01
5.460000e+00 6.253171e-01
5.520000e+00 6.990897e-01
5.580000e+00 2.054687e-01
5.640000e+00 1.202499e+00
5.700000e+00 1.067560e+00
5.760000e+00 7.966769e-01
5.820000e+00 3.916245e-01
5.880000e+00 1.135957e+00
5.940000e+00 3.072935e-01
