0.000000e+00 1.773871e+01
6.000000e-02 1.785047e+01
1.200000e-01 1.786125e+01
1.800000e-01 1.771112e+01
2.400000e-01 1.739729e+01
3.000000e-01 1.700372e+01
3.600000e-01 1.659086e+01
4.200000e-01 1.618497e+01
4.800000e-01 1.584517e+01
5.400000e-01 1.560597e+01
6.000000e-01 1.544283e+01
6.600000e-01 1.525506e+01
7.200000e-01 1.494529e+01
7.800000e-01 1.451098e+01
8.400000e-01 1.399005e+01
9.000000e-01 1.348430e+01
9.600000e-01 1.304644e+01
1.020000e+00 1.259143e+01
1.080000e+00 1.208920e+01
1.140000e+00 1.162500e+01
1.200000e+00 1.127165e+01
1.260000e+00 1.095863e+01
1.320000e+00 1.058746e+01
1.380000e+00 1.015541e+01
1.440000e+00 9.753946e+00
1.500000e+00 9.343661e+00
1.560000e+00 8.973842e+00
1.620000e+00 8.458505e+00
1.680000e+00 8.341411e+00
1.740000e+00 7.671424e+00
1.800000e+00 7.255240e+00
1.860000e+00 7.197425e+00
1.920000e+00 7.300692e+00
1.980000e+00 6.712822e+00
2.040000e+00 6.539279e+00
2.100000e+00 6.612400e+00
2.160000e+00 6.013900e+00
2.220000e+00 5.799139e+00
2.280000e+00 5.138251e+00
2.340000e+00 5.210878e+00
2.400000e+00 4.977189e+00
2.460000e+00 4.655583e+00
2.520000e+00 4.941456e+00
2.580000e+00 4.995642e+00
2.640000e+00 4.629234e+00
2.700000e+00 4.539261e+00
2.760000e+00 4.189032e+00
2.820000e+00 3.870410e+00
2.880000e+00 4.054688e+00
2.940000e+00 3.975545e+00
3.000000e+00 4.094031e+00
3.060000e+00 3.794594e+00
3.120000e+00 3.948152e+00
3.180000e+00 3.650795e+00
3.240000e+00 3.470486e+00
3.300000e+00 3.436477e+00
3.360000e+00 2.928182e+00
3.420000e+00 2.955259e+00
3.480000e+00 2.444320e+00
3.540000e+00 2.104781e+00
3.600000e+00 2.878975e+00
3.660000e+00 2.841129e+00
3.720000e+00 2.446406e+00
3.780000e+00 2.520906e+00
3.840000e+00 2.618418e+00
3.900000e+00 2.402442e+00
3.960000e+00 2.440522e+00
4.020000e+00 1.940949e+00
4.080000e+00 2.073297e+00
4.140000e+00 1.829720e+00
4.200000e+00 1.762292e+00
4.260000e+00 1.702634e+00
4.320000e+00 1.863665e+00
4.380000e+00 1.926086e+00
4.440000e+00 1.957822e+00
4.500000e+00 1.735922e+00
4.560000e+00 1.602032e+00
4.620000e+00 1.969416e+00
4.680000e+00 1.028771e+00
4.740000e+00 1.136743e+00
4.800000e+00 1.042640e+00
4.860000e+00 1.805261e+00
4.920000e+00 1.169906e+00
4.980000e+00 1.907787e+00
5.040000e+00 1.120152e+00
5.100000e+00 1.595335e+00
5.160000e+00 1.073013e+00
5.220000e+00 1.070360e+00
5.280000e+00 1.014926e+00
5.340000e+00 8.521436e-01
5.400000e+00 9.665677e-01
5.460000e+00 5.796635e-01
5.520000e+00 1.003131e+00
5.580000e+00 1.285729e+00
5.640000e+00 1.306022e+00
5.700000e+00 1.292355e+00
5.760000e+00 6.401014e-01
5.820000e+00 1.871170e-01
5.880000e+00 8.595147e-01
5.940000e+00 5.301959e-01
