0.000000e+00 1.773871e+01
6.000000e-02 1.769180e+01
1.200000e-01 1.760047e+01
1.800000e-01 1.743233e+01
2.400000e-01 1.720255e+01
3.000000e-01 1.694078e+01
3.600000e-01 1.665260e+01
4.200000e-01 1.635165e+01
4.800000e-01 1.602948e+01
5.400000e-01 1.561806e+01
6.000000e-01 1.509504e+01
6.600000e-01 1.457476e+01
7.200000e-01 1.418113e+01
7.800000e-01 1.385805e+01
8.400000e-01 1.341029e+01
9.000000e-01 1.292681e+01
9.600000e-01 1.241127e+01
1.020000e+00 1.186124e+01
1.080000e+00 1.141486e+01
1.140000e+00 1.114086e+01
1.200000e+00 1.090961e+01
1.260000e+00 1.055424e+01
1.320000e+00 1.019196e+01
1.380000e+00 9.952343e+00
1.440000e+00 9.603123e+00
1.500000e+00 8.989658e+00
1.560000e+00 8.699119e+00
1.620000e+00 8.675470e+00
1.680000e+00 8.264326e+00
1.740000e+00 7.873480e+00
1.800000e+00 7.591221e+00
1.860000e+00 7.672035e+00
1.920000e+00 7.697399e+00
1.980000e+00 7.184303e+00
2.040000e+00 7.286453e+00
2.100000e+00 6.978463e+00
2.160000e+00 6.833917e+00
2.220000e+00 6.331146e+00
2.280000e+00 6.114179e+00
2.340000e+00 5.721723e+00
2.400000e+00 5.729552e+00
2.460000e+00 5.780874e+00
2.520000e+00 5.526172e+00
2.580000e+00 4.857110e+00
2.640000e+00 4.554815e+00
2.700000e+00 4.400710e+00
2.760000e+00 4.472411e+00
2.820000e+00 4.423133e+00
2.880000e+00 4.285800e+00
2.940000e+00 4.120680e+00
3.000000e+00 3.502225e+00
3.060000e+00 3.678170e+00
3.120000e+00 2.968006e+00
3.180000e+00 3.426503e+00
3.240000e+00 3.020920e+00
3.300000e+00 2.984432e+00
3.360000e+00 3.117471e+00
3.420000e+00 3.601289e+00
3.480000e+00 3.122067e+00
3.540000e+00 3.185147e+00
3.600000e+00 2.910793e+00
3.660000e+00 2.929703e+00
3.720000e+00 2.656093e+00
3.780000e+00 2.504146e+00
3.840000e+00 2.573723e+00
3.900000e+00 2.147560e+00
3.960000e+00 1.992596e+00
4.020000e+00 1.943105e+00
4.080000e+00 1.621880e+00
4.140000e+00 2.502637e+00
4.200000e+00 2.157818e+00
4.260000e+00 2.512721e+00
4.320000e+00 1.992620e+00
4.380000e+00 2.554175e+00
4.440000e+00 1.960565e+00
4.500000e+00 1.834099e+00
4.560000e+00 2.103646e+00
4.620000e+00 1.689738e+00
4.680000e+00 2.228001e+00
4.740000e+00 1.657708e+00
4.800000e+00 1.412598e+00
4.860000e+00 2.130199e+00
4.920000e+00 1.467324e+00
4.980000e+00 1.528286e+00
5.040000e+00 1.347637e+00
5.100000e+00 1.360320e+00
5.160000e+00 1.246302e+00
5.220000e+00 9.190743e-01
5.280000e+00 1.065038e+00
5.340000e+00 9.090844e-01
5.400000e+00 1.107756e+00
5.460000e+00 1.063642e+00
5.520000e+00 1.544100e+00
5.580000e+00 5.789363e-01
5.640000e+00 1.020797e+00
5.700000e+00 1.206826e+00
5.760000e+00 7.800264e-01
5.820000e+00 7.602817e-01
5.880000e+00 5.721359e-01
5.940000e+00 6.696206e-01
