0.000000e+00 1.773871e+01
6.000000e-02 1.784246e+01
1.200000e-01 1.770979e+01
1.800000e-01 1.741006e+01
2.400000e-01 1.710254e+01
3.000000e-01 1.674177e+01
3.600000e-01 1.635344e+01
4.200000e-01 1.596292e+01
4.800000e-01 1.563617e+01
5.400000e-01 1.543672e+01
6.000000e-01 1.525084e+01
6.600000e-01 1.493548e+01
7.200000e-01 1.446800e+01
7.800000e-01 1.404559e+01
8.400000e-01 1.370119e+01
9.000000e-01 1.326829e+01
9.600000e-01 1.282527e+01
1.020000e+00 1.247560e+01
1.080000e+00 1.213768e+01
1.140000e+00 1.184580e+01
1.200000e+00 1.163264e+01
1.260000e+00 1.129101e+01
1.320000e+00 1.099798e+01
1.380000e+00 1.082206e+01
1.440000e+00 1.055036e+01
1.500000e+00 1.016109e+01
1.560000e+00 9.980842e+00
1.620000e+00 9.566874e+00
1.680000e+00 9.143999e+00
1.740000e+00 8.801323e+00
1.800000e+00 8.411028e+00
1.860000e+00 7.940734e+00
1.920000e+00 7.513498e+00
1.980000e+00 7.151990e+00
2.040000e+00 6.999323e+00
2.100000e+00 6.776799e+00
2.160000e+00 6.494552e+00
2.220000e+00 6.174480e+00
2.280000e+00 6.204094e+00
2.340000e+00 5.843863e+00
2.400000e+00 5.647857e+00
2.460000e+00 5.157304e+00
2.520000e+00 5.271399e+00
2.580000e+00 5.331392e+00
2.640000e+00 5.048141e+00
2.700000e+00 4.980475e+00
2.760000e+00 4.941618e+00
2.820000e+00 4.719845e+00
2.880000e+00 4.287109e+00
2.940000e+00 3.951453e+00
3.000000e+00 3.888407e+00
3.060000e+00 4.518880e+00
3.120000e+00 3.642011e+00
3.180000e+00 3.587400e+00
3.240000e+00 3.333996e+00
3.300000e+00 3.533143e+00
3.360000e+00 3.110666e+00
3.420000e+00 2.937338e+00
3.480000e+00 2.905692e+00
3.540000e+00 2.825013e+00
3.600000e+00 2.888386e+00
3.660000e+00 2.842457e+00
3.720000e+00 2.899577e+00
3.780000e+00 2.778846e+00
3.840000e+00 1.993203e+00
3.900000e+00 2.366121e+00
3.960000e+00 2.036255e+00
4.020000e+00 2.167538e+00
4.080000e+00 2.117424e+00
4.140000e+00 1.978603e+00
4.200000e+00 1.631918e+00
4.260000e+00 1.423266e+00
4.320000e+00 1.675047e+00
4.380000e+00 1.779720e+00
4.440000e+00 1.648075e+00
4.500000e+00 1.948999e+00
4.560000e+00 1.660575e+00
4.620000e+00 1.594064e+00
4.680000e+00 1.383483e+00
4.740000e+00 1.708519e+00
4.800000e+00 1.040467e+00
4.860000e+00 1.209750e+00
4.920000e+00 1.456006e+00
4.980000e+00 9.511035e-01
5.040000e+00 1.592675e+00
5.100000e+00 1.514013e+00
5.160000e+00 1.093594e+00
5.220000e+00 1.197759e+00
5.280000e+00 6.094653e-01
5.340000e+00 5.517365e-01
5.400000e+00 7.245458e-01
5.460000e+00 3.540888e-01
5.520000e+00 5.925385e-01
5.580000e+00 2.883909e-01
5.640000e+00 9.412505e-01
5.700000e+00 6.917905e-01
5.760000e+00 8.594802e-01
5.820000e+00 1.089947e-01
5.880000e+00 1.274281e-01
5.940000e+00 5.650555e-02
