0.000000e+00 1.773871e+01
6.000000e-02 1.778718e+01
1.200000e-01 1.774805e+01
1.800000e-01 1.750245e+01
2.400000e-01 1.723467e+01
3.000000e-01 1.690269e+01
3.600000e-01 1.652537e+01
4.200000e-01 1.609820e+01
4.800000e-01 1.567491e+01
5.400000e-01 1.530824e+01
6.000000e-01 1.502939e+01
6.600000e-01 1.481315e+01
7.200000e-01 1.462715e+01
7.800000e-01 1.435024e+01
8.400000e-01 1.388811e+01
9.000000e-01 1.331649e+01
9.600000e-01 1.272402e+01
1.020000e+00 1.220714e+01
1.080000e+00 1.184661e+01
1.140000e+00 1.157139e+01
1.200000e+00 1.121273e+01
1.260000e+00 1.068741e+01
1.320000e+00 1.013595e+01
1.380000e+00 9.660475e+00
1.440000e+00 9.482094e+00
1.500000e+00 9.291834e+00
1.560000e+00 9.032924e+00
1.620000e+00 8.550401e+00
1.680000e+00 7.833689e+00
1.740000e+00 7.205090e+00
1.800000e+00 7.049659e+00
1.860000e+00 7.159866e+00
1.920000e+00 6.963932e+00
1.980000e+00 6.971387e+00
2.040000e+00 6.672547e+00
2.100000e+00 6.276228e+00
2.160000e+00 6.482331e+00
2.220000e+00 6.128366e+00
2.280000e+00 5.425206e+00
2.340000e+00 5.514494e+00
2.400000e+00 5.489654e+00
2.460000e+00 5.060694e+00
2.520000e+00 4.797357e+00
2.580000e+00 4.775502e+00
2.640000e+00 4.319704e+00
2.700000e+00 4.457185e+00
2.760000e+00 4.318567e+00
2.820000e+00 4.144535e+00
2.880000e+00 4.668377e+00
2.940000e+00 3.832786e+00
3.000000e+00 3.988753e+00
3.060000e+00 3.380827e+00
3.120000e+00 3.835663e+00
3.180000e+00 3.345609e+00
3.240000e+00 2.909667e+00
3.300000e+00 3.479840e+00
3.360000e+00 2.636355e+00
3.420000e+00 2.515373e+00
3.480000e+00 2.444840e+00
3.540000e+00 2.406049e+00
3.600000e+00 2.311519e+00
3.660000e+00 2.576733e+00
3.720000e+00 2.761519e+00
3.780000e+00 2.576302e+00
3.840000e+00 2.721059e+00
3.900000e+00 2.361021e+00
3.960000e+00 2.394137e+00
4.020000e+00 1.912657e+00
4.080000e+00 1.756325e+00
4.140000e+00 1.506103e+00
4.200000e+00 1.347297e+00
4.260000e+00 1.346573e+00
4.320000e+00 1.345985e+00
4.380000e+00 1.214835e+00
4.440000e+00 1.224074e+00
4.500000e+00 1.763009e+00
4.560000e+00 1.714974e+00
4.620000e+00 1.715621e+00
4.680000e+00 1.338668e+00
4.740000e+00 8.215585e-01
4.800000e+00 1.372415e+00
4.860000e+00 1.325001e+00
4.920000e+00 1.370676e+00
4.980000e+00 1.821621e+00
5.040000e+00 8.917962e-01
5.100000e+00 9.214527e-01
5.160000e+00 1.276806e+00
5.220000e+00 1.811763e+00
5.280000e+00 7.557541e-01
5.340000e+00 1.050365e+00
5.400000e+00 4.433751e-01
5.460000e+00 1.160384e+00
5.520000e+00 4.388453e-01
5.580000e+00 9.689989e-01
5.640000e+00 5.230564e-01
5.700000e+00 7.270830e-01
5.760000e+00 6.129514e-01
5.820000e+00 7.186290e-01
5.880000e+00 5.805141e-01
5.940000e+00 1.027105e+00
