0.000000e+00 1.773871e+01
6.000000e-02 1.760001e+01
1.200000e-01 1.737446e+01
1.800000e-01 1.710652e+01
2.400000e-01 1.683588e+01
3.000000e-01 1.654535e+01
3.600000e-01 1.622659e+01
4.200000e-01 1.585710e+01
4.800000e-01 1.538920e+01
5.400000e-01 1.489205e+01
6.000000e-01 1.446272e+01
6.600000e-01 1.411157e+01
7.200000e-01 1.384264e+01
7.800000e-01 1.365944e+01
8.400000e-01 1.346331e+01
9.000000e-01 1.312469e+01
9.600000e-01 1.274917e+01
1.020000e+00 1.245564e+01
1.080000e+00 1.225632e+01
1.140000e+00 1.207295e+01
1.200000e+00 1.184754e+01
1.260000e+00 1.146415e+01
1.320000e+00 1.090151e+01
1.380000e+00 1.030329e+01
1.440000e+00 9.837956e+00
1.500000e+00 9.462121e+00
1.560000e+00 9.223731e+00
1.620000e+00 8.977019e+00
1.680000e+00 8.648281e+00
1.740000e+00 8.315539e+00
1.800000e+00 7.975507e+00
1.860000e+00 7.721918e+00
1.920000e+00 7.274477e+00
1.980000e+00 7.354140e+00
2.040000e+00 6.989791e+00
2.100000e+00 6.889910e+00
2.160000e+00 6.622896e+00
2.220000e+00 6.291602e+00
2.280000e+00 6.002667e+00
2.340000e+00 5.964857e+00
2.400000e+00 5.668044e+00
2.460000e+00 4.962004e+00
2.520000e+00 4.707649e+00
2.580000e+00 4.906287e+00
2.640000e+00 4.530856e+00
2.700000e+00 4.363474e+00
2.760000e+00 3.902813e+00
2.820000e+00 4.428275e+00
2.880000e+00 3.836337e+00
2.940000e+00 4.101816e+00
3.000000e+00 4.621757e+00
3.060000e+00 4.125173e+00
3.120000e+00 3.284799e+00
3.180000e+00 3.262119e+00
3.240000e+00 3.214462e+00
3.300000e+00 3.385985e+00
3.360000e+00 3.258545e+00
3.420000e+00 3.408832e+00
3.480000e+00 3.078522e+00
3.540000e+00 3.115512e+00
3.600000e+00 2.875727e+00
3.660000e+00 2.545608e+00
3.720000e+00 2.480191e+00
3.780000e+00 2.130765e+00
3.840000e+00 2.252949e+00
3.900000e+00 2.011673e+00
3.960000e+00 2.171387e+00
4.020000e+00 1.998107e+00
4.080000e+00 1.519671e+00
4.140000e+00 1.958563e+00
4.200000e+00 1.914994e+00
4.260000e+00 2.037033e+00
4.320000e+00 2.159063e+00
4.380000e+00 1.576051e+00
4.440000e+00 1.507002e+00
4.500000e+00 1.599702e+00
4.560000e+00 1.493057e+00
4.620000e+00 1.218582e+00
4.680000e+00 9.969564e-01
4.740000e+00 1.936784e+00
4.800000e+00 1.640403e+00
4.860000e+00 1.261067e+00
4.920000e+00 1.911226e+00
4.980000e+00 1.747299e+00
5.040000e+00 1.443527e+00
5.100000e+00 1.558063e+00
5.160000e+00 1.192406e+00
5.220000e+00 1.230228e+00
5.280000e+00 1.265180e+00
5.340000e+00 1.128189e+00
5.400000e+00 5.493213e-01
5.460000e+00 9.813625e-01
5.520000e+00 6.822443e-01
5.580000e+00 7.943134e-01
5.640000e+00 6.132345e-01
5.700000e+00 1.099991e+00
5.760000e+00 1.025576e+00
5.820000e+00 8.705731e-01
5.880000e+00 8.510866e-01
5.940000e+00 9.516971e-02
