0.000000e+00 9.444388e-01
3.000000e-02 6.927492e-01
6.000000e-02 5.821039e-01
9.000000e-02 6.556003e-01
1.200000e-01 9.180541e-01
1.500000e-01 1.348497e+00
1.800000e-01 1.862582e+00
2.100000e-01 2.336113e+00
2.400000e-01 2.721813e+00
2.700000e-01 3.011035e+00
3.000000e-01 3.184536e+00
3.300000e-01 3.269093e+00
3.600000e-01 3.363939e+00
3.900000e-01 3.499933e+00
4.200000e-01 3.573567e+00
4.500000e-01 3.512402e+00
4.800000e-01 3.144389e+00
5.100000e-01 2.555335e+00
5.400000e-01 2.314641e+00
5.700000e-01 2.297778e+00
6.000000e-01 2.367762e+00
6.300000e-01 2.528433e+00
6.600000e-01 2.838377e+00
6.900000e-01 3.000396e+00
7.200000e-01 2.300683e+00
7.500000e-01 1.968852e+00
7.800000e-01 1.910252e+00
8.100000e-01 1.930481e+00
8.400000e-01 1.997100e+00
8.700000e-01 2.110535e+00
9.000000e-01 2.243707e+00
9.300000e-01 2.248548e+00
9.600000e-01 1.931330e+00
9.900000e-01 1.548955e+00
1.020000e+00 1.505188e+00
1.050000e+00 1.966749e+00
1.080000e+00 2.630329e+00
1.110000e+00 2.383857e+00
1.140000e+00 2.062471e+00
1.170000e+00 2.150446e+00
1.200000e+00 2.165468e+00
1.230000e+00 1.776149e+00
1.260000e+00 1.735448e+00
1.290000e+00 1.801854e+00
1.320000e+00 2.058488e+00
1.350000e+00 1.450081e+00
1.380000e+00 1.590275e+00
1.410000e+00 6.913526e-01
1.440000e+00 1.948774e+00
1.470000e+00 6.926918e-01
1.500000e+00 2.836283e-01
1.530000e+00 1.086069e-01
1.560000e+00 1.106876e-01
1.590000e+00 2.019813e-01
1.620000e+00 9.487859e-01
1.650000e+00 6.125914e-01
1.680000e+00 2.191180e-01
1.710000e+00 1.787917e-01
1.740000e+00 2.391851e-01
1.770000e+00 5.017344e-01
1.800000e+00 1.475190e+00
1.830000e+00 1.017091e+00
1.860000e+00 1.203661e+00
1.890000e+00 1.725472e+00
1.920000e+00 9.718714e-01
1.950000e+00 3.907139e-01
1.980000e+00 2.851612e-01
2.010000e+00 2.986191e-01
2.040000e+00 6.765598e-01
2.070000e+00 8.062288e-01
2.100000e+00 1.166630e+00
2.130000e+00 7.990863e-01
2.160000e+00 4.020493e-01
2.190000e+00 2.100221e-01
2.220000e+00 1.873337e-01
2.250000e+00 2.252549e-01
2.280000e+00 3.529139e-01
2.310000e+00 3.726875e-01
2.340000e+00 4.368820e-01
2.370000e+00 8.257025e-01
2.400000e+00 1.183398e+00
2.430000e+00 2.872693e-01
2.460000e+00 1.178316e+00
2.490000e+00 8.853239e-01
2.520000e+00 3.785045e-01
2.550000e+00 3.444009e-01
2.580000e+00 1.347363e+00
2.610000e+00 1.165719e-01
2.640000e+00 1.391901e-01
2.670000e+00 3.793622e-01
2.700000e+00 5.806464e-01
2.730000e+00 8.429452e-01
2.760000e+00 1.474480e+00
2.790000e+00 3.545476e-01
2.820000e+00 1.450370e-01
2.850000e+00 5.023385e-01
2.880000e+00 1.776623e-01
2.910000e+00 4.370259e-02
2.940000e+00 5.664701e-02
2.970000e+00 8.763262e-02
