0.000000e+00 9.444388e-01
3.000000e-02 1.341281e+00
6.000000e-02 1.747256e+00
9.000000e-02 1.821064e+00
1.200000e-01 1.550972e+00
1.500000e-01 1.204226e+00
1.800000e-01 9.701412e-01
2.100000e-01 8.523209e-01
2.400000e-01 7.523007e-01
2.700000e-01 6.620902e-01
3.000000e-01 6.030045e-01
3.300000e-01 5.854348e-01
3.600000e-01 6.317094e-01
3.900000e-01 8.638235e-01
4.200000e-01 1.913369e+00
4.500000e-01 1.932270e+00
4.800000e-01 1.308389e+00
5.100000e-01 1.256665e+00
5.400000e-01 1.155953e+00
5.700000e-01 1.117105e+00
6.000000e-01 1.282161e+00
6.300000e-01 1.663726e+00
6.600000e-01 1.975396e+00
6.900000e-01 2.102212e+00
7.200000e-01 2.136302e+00
7.500000e-01 2.138872e+00
7.800000e-01 2.272631e+00
8.100000e-01 2.202892e+00
8.400000e-01 1.580277e+00
8.700000e-01 1.381322e+00
9.000000e-01 2.271703e+00
9.300000e-01 2.231175e+00
9.600000e-01 2.699444e+00
9.900000e-01 2.837561e+00
1.020000e+00 2.410268e+00
1.050000e+00 1.806973e+00
1.080000e+00 1.714732e+00
1.110000e+00 2.030637e+00
1.140000e+00 1.138152e+00
1.170000e+00 7.520215e-01
1.200000e+00 9.721653e-01
1.230000e+00 1.310134e+00
1.260000e+00 1.598605e+00
1.290000e+00 1.282857e+00
1.320000e+00 9.070918e-01
1.350000e+00 1.348573e+00
1.380000e+00 1.939388e+00
1.410000e+00 1.643282e+00
1.440000e+00 1.673732e+00
1.470000e+00 3.981633e-01
1.500000e+00 2.724374e-01
1.530000e+00 6.624170e-01
1.560000e+00 4.100998e-01
1.590000e+00 5.138389e-01
1.620000e+00 9.807479e-01
1.650000e+00 7.268712e-01
1.680000e+00 1.030295e+00
1.710000e+00 1.008542e+00
1.740000e+00 1.041208e+00
1.770000e+00 1.145645e+00
1.800000e+00 9.207630e-01
1.830000e+00 5.639046e-01
1.860000e+00 2.439354e-01
1.890000e+00 2.320671e-01
1.920000e+00 1.039913e+00
1.950000e+00 2.599585e+00
1.980000e+00 1.798397e+00
2.010000e+00 2.388254e+00
2.040000e+00 1.315877e+00
2.070000e+00 1.446934e+00
2.100000e+00 1.467638e+00
2.130000e+00 1.291763e+00
2.160000e+00 1.112493e+00
2.190000e+00 1.044236e+00
2.220000e+00 1.137186e+00
2.250000e+00 1.382306e+00
2.280000e+00 8.456563e-01
2.310000e+00 1.068485e+00
2.340000e+00 2.002256e+00
2.370000e+00 2.400076e+00
2.400000e+00 2.050009e+00
2.430000e+00 1.808596e+00
2.460000e+00 5.004775e-01
2.490000e+00 1.578434e+00
2.520000e+00 1.450837e+00
2.550000e+00 7.640959e-01
2.580000e+00 3.566294e-01
2.610000e+00 2.624972e-01
2.640000e+00 2.162003e-01
2.670000e+00 1.552722e-01
2.700000e+00 1.246223e-01
2.730000e+00 1.346719e-01
2.760000e+00 1.002993e-01
2.790000e+00 5.781365e-02
2.820000e+00 5.333316e-02
2.850000e+00 6.098124e-02
2.880000e+00 5.619398e-02
2.910000e+00 4.128580e-02
2.940000e+00 8.947950e-02
2.970000e+00 4.907031e-02
