0.000000e+00 9.444388e-01
3.000000e-02 9.806225e-01
6.000000e-02 1.015028e+00
9.000000e-02 1.191705e+00
1.200000e-01 1.563095e+00
1.500000e-01 1.947434e+00
1.800000e-01 2.170026e+00
2.100000e-01 2.227504e+00
2.400000e-01 2.209192e+00
2.700000e-01 2.189994e+00
3.000000e-01 2.202707e+00
3.300000e-01 2.254308e+00
3.600000e-01 2.344986e+00
3.900000e-01 2.476640e+00
4.200000e-01 2.650739e+00
4.500000e-01 2.848393e+00
4.800000e-01 2.948421e+00
5.100000e-01 2.499623e+00
5.400000e-01 1.481259e+00
5.700000e-01 1.497718e+00
6.000000e-01 1.387892e+00
6.300000e-01 1.503640e+00
6.600000e-01 2.108345e+00
6.900000e-01 1.548902e+00
7.200000e-01 1.469635e+00
7.500000e-01 1.831531e+00
7.800000e-01 2.213986e+00
8.100000e-01 1.497670e+00
8.400000e-01 9.078146e-01
8.700000e-01 8.274331e-01
9.000000e-01 1.260185e+00
9.300000e-01 1.703470e+00
9.600000e-01 1.674683e+00
9.900000e-01 1.720651e+00
1.020000e+00 2.494166e+00
1.050000e+00 1.980742e+00
1.080000e+00 2.372766e+00
1.110000e+00 2.121791e+00
1.140000e+00 1.793291e+00
1.170000e+00 1.795757e+00
1.200000e+00 2.359404e+00
1.230000e+00 1.753702e+00
1.260000e+00 5.613231e-01
1.290000e+00 9.375613e-01
1.320000e+00 1.870528e+00
1.350000e+00 9.425868e-01
1.380000e+00 1.684008e+00
1.410000e+00 1.311192e+00
1.440000e+00 3.451136e-01
1.470000e+00 1.321964e-01
1.500000e+00 1.141043e-01
1.530000e+00 1.435619e-01
1.560000e+00 4.233551e-01
1.590000e+00 4.700291e-01
1.620000e+00 2.404247e-01
1.650000e+00 5.466810e-01
1.680000e+00 7.540415e-01
1.710000e+00 1.222686e+00
1.740000e+00 1.135796e+00
1.770000e+00 1.835507e+00
1.800000e+00 1.878345e+00
1.830000e+00 3.960244e-01
1.860000e+00 2.267391e-01
1.890000e+00 1.357986e-01
1.920000e+00 5.967951e-02
1.950000e+00 5.676214e-02
1.980000e+00 2.542680e-01
2.010000e+00 1.072953e+00
2.040000e+00 2.068358e+00
2.070000e+00 1.318081e+00
2.100000e+00 9.778857e-01
2.130000e+00 4.263610e-01
2.160000e+00 7.207324e-01
2.190000e+00 1.640932e+00
2.220000e+00 2.259901e-01
2.250000e+00 1.623651e-01
2.280000e+00 2.292037e-01
2.310000e+00 3.178849e-01
2.340000e+00 3.101866e-01
2.370000e+00 2.185611e-01
2.400000e+00 4.137566e-01
2.430000e+00 2.145026e-01
2.460000e+00 1.476064e-01
2.490000e+00 1.506061e-01
2.520000e+00 2.928503e-01
2.550000e+00 8.218326e-01
2.580000e+00 3.803035e-01
2.610000e+00 1.309415e+00
2.640000e+00 2.025254e+00
2.670000e+00 7.721712e-01
2.700000e+00 7.359129e-01
2.730000e+00 1.717492e+00
2.760000e+00 3.841097e-01
2.790000e+00 1.162272e-01
2.820000e+00 2.121501e-01
2.850000e+00 7.517608e-02
2.880000e+00 6.181253e-02
2.910000e+00 4.942811e-02
2.940000e+00 1.903155e-01
2.970000e+00 6.739242e-02
