-5.000000e-02 1.525305e-01
-4.990000e-02 2.112241e-01
-4.980000e-02 2.480490e-01
-4.970000e-02 2.657378e-01
-4.960000e-02 2.712480e-01
-4.950000e-02 2.707579e-01
-4.940000e-02 2.684468e-01
-4.930000e-02 2.667338e-01
-4.920000e-02 2.667497e-01
-4.910000e-02 2.686369e-01
-4.900000e-02 2.716082e-01
-4.890000e-02 2.738201e-01
-4.880000e-02 2.722774e-01
-4.870000e-02 2.633297e-01
-4.860000e-02 2.447529e-01
-4.850000e-02 2.198016e-01
-4.840000e-02 1.998983e-01
-4.830000e-02 1.986270e-01
-4.820000e-02 2.182382e-01
-4.810000e-02 2.459985e-01
-4.800000e-02 2.666591e-01
-4.790000e-02 2.735577e-01
-4.780000e-02 2.682839e-01
-4.770000e-02 2.555181e-01
-4.760000e-02 2.395496e-01
-4.750000e-02 2.232451e-01
-4.740000e-02 2.082071e-01
-4.730000e-02 1.952084e-01
-4.720000e-02 1.845599e-01
-4.710000e-02 1.763564e-01
-4.700000e-02 1.706248e-01
-4.690000e-02 1.674143e-01
-4.680000e-02 1.668576e-01
-4.670000e-02 1.692207e-01
-4.660000e-02 1.749535e-01
-4.650000e-02 1.847399e-01
-4.640000e-02 1.995237e-01
-4.630000e-02 2.204204e-01
-4.620000e-02 2.482593e-01
-4.610000e-02 2.821936e-01
-4.600000e-02 3.168275e-01
-4.590000e-02 3.402819e-01
-4.580000e-02 3.438796e-01
-4.570000e-02 3.415204e-01
-4.560000e-02 3.505284e-01
-4.550000e-02 3.607621e-01
-4.540000e-02 3.606597e-01
-4.530000e-02 3.528784e-01
-4.520000e-02 3.437407e-01
-4.510000e-02 3.369278e-01
-4.500000e-02 3.333036e-01
-4.490000e-02 3.318277e-01
-4.480000e-02 3.300901e-01
-4.470000e-02 3.248185e-01
-4.460000e-02 3.131807e-01
-4.450000e-02 2.951256e-01
-4.440000e-02 2.748535e-01
-4.430000e-02 2.585011e-01
-4.420000e-02 2.496167e-01
-4.410000e-02 2.479579e-01
-4.400000e-02 2.524921e-01
-4.390000e-02 2.642382e-01
-4.380000e-02 2.853833e-01
-4.370000e-02 3.151797e-01
-4.360000e-02 3.477352e-01
-4.350000e-02 3.753453e-01
-4.340000e-02 3.934156e-01
-4.330000e-02 4.017690e-01
-4.320000e-02 4.027606e-01
-4.310000e-02 3.991108e-01
-4.300000e-02 3.927934e-01
-4.290000e-02 3.848136e-01
-4.280000e-02 3.754100e-01
-4.270000e-02 3.644162e-01
-4.260000e-02 3.517019e-01
-4.250000e-02 3.376546e-01
-4.240000e-02 3.235706e-01
-4.230000e-02 3.116703e-01
-4.220000e-02 3.044478e-01
-4.210000e-02 3.034474e-01
-4.200000e-02 3.081927e-01
-4.190000e-02 3.161739e-01
-4.180000e-02 3.240240e-01
-4.170000e-02 3.290274e-01
-4.160000e-02 3.299849e-01
-4.150000e-02 3.271871e-01
-4.140000e-02 3.218795e-01
-4.130000e-02 3.156873e-01
-4.120000e-02 3.102353e-01
-4.110000e-02 3.069716e-01
-4.100000e-02 3.070942e-01
-4.090000e-02 3.114282e-01
-4.080000e-02 3.200166e-01
-4.070000e-02 3.309957e-01
-4.060000e-02 3.380896e-01
-4.050000e-02 3.267364e-01
-4.040000e-02 2.743962e-01
-4.030000e-02 1.739779e-01
-4.020000e-02 8.065407e-02
-4.010000e-02 7.787600e-02
-4.000000e-02 1.543820e-01
-3.990000e-02 2.343173e-01
-3.980000e-02 2.809569e-01
-3.970000e-02 2.983894e-01
-3.960000e-02 2.999337e-01
-3.950000e-02 2.954607e-01
-3.940000e-02 2.906269e-01
-3.930000e-02 2.885770e-01
-3.920000e-02 2.912903e-01
-3.910000e-02 3.000735e-01
-3.900000e-02 3.143793e-01
-3.890000e-02 3.265181e-01
-3.880000e-02 3.212417e-01
-3.870000e-02 3.315852e-01
-3.860000e-02 3.393658e-01
-3.850000e-02 2.871019e-01
-3.840000e-02 2.376729e-01
-3.830000e-02 2.088742e-01
-3.820000e-02 1.945720e-01
-3.810000e-02 1.889193e-01
-3.800000e-02 1.886396e-01
-3.790000e-02 1.920385e-01
-3.780000e-02 1.982333e-01
-3.770000e-02 2.067235e-01
-3.760000e-02 2.171327e-01
-3.750000e-02 2.290016e-01
-3.740000e-02 2.415512e-01
-3.730000e-02 2.533577e-01
-3.720000e-02 2.619191e-01
-3.710000e-02 2.632255e-01
-3.700000e-02 2.518153e-01
-3.690000e-02 2.224352e-01
-3.680000e-02 1.745728e-01
-3.670000e-02 1.183447e-01
-3.660000e-02 7.400163e-02
-3.650000e-02 5.869083e-02
-3.640000e-02 7.228359e-02
-3.630000e-02 1.002143e-01
-3.620000e-02 1.272043e-01
-3.610000e-02 1.447393e-01
-3.600000e-02 1.498668e-01
-3.590000e-02 1.418988e-01
-3.580000e-02 1.212656e-01
-3.570000e-02 9.156819e-02
-3.560000e-02 6.364451e-02
-3.550000e-02 5.598280e-02
-3.540000e-02 8.345408e-02
-3.530000e-02 1.407140e-01
-3.520000e-02 2.037755e-01
-3.510000e-02 2.507577e-01
-3.500000e-02 2.748205e-01
-3.490000e-02 2.803889e-01
-3.480000e-02 2.749846e-01
-3.470000e-02 2.647940e-01
-3.460000e-02 2.537593e-01
-3.450000e-02 2.440622e-01
-3.440000e-02 2.368005e-01
-3.430000e-02 2.324906e-01
-3.420000e-02 2.313736e-01
-3.410000e-02 2.335807e-01
-3.400000e-02 2.392031e-01
-3.390000e-02 2.482895e-01
-3.380000e-02 2.607580e-01
-3.370000e-02 2.761734e-01
-3.360000e-02 2.932780e-01
-3.350000e-02 3.091058e-01
-3.340000e-02 3.175723e-01
-3.330000e-02 3.081721e-01
-3.320000e-02 2.681591e-01
-3.310000e-02 1.959523e-01
-3.300000e-02 1.244726e-01
-3.290000e-02 1.102534e-01
-3.280000e-02 1.628536e-01
-3.270000e-02 2.301458e-01
-3.260000e-02 2.664346e-01
-3.250000e-02 2.570138e-01
-3.240000e-02 2.278741e-01
-3.230000e-02 2.706223e-01
-3.220000e-02 3.732292e-01
-3.210000e-02 4.247267e-01
-3.200000e-02 4.224182e-01
-3.190000e-02 4.037245e-01
-3.180000e-02 3.866478e-01
-3.170000e-02 3.737634e-01
-3.160000e-02 3.611769e-01
-3.150000e-02 3.437929e-01
-3.140000e-02 3.199384e-01
-3.130000e-02 2.947500e-01
-3.120000e-02 2.778560e-01
-3.110000e-02 2.752294e-01
-3.100000e-02 2.841796e-01
-3.090000e-02 2.970633e-01
-3.080000e-02 3.077164e-01
-3.070000e-02 3.141514e-01
-3.060000e-02 3.178238e-01
-3.050000e-02 3.221533e-01
-3.040000e-02 3.313584e-01
-3.030000e-02 3.485167e-01
-3.020000e-02 3.699194e-01
-3.010000e-02 3.757900e-01
-3.000000e-02 3.384333e-01
-2.990000e-02 2.695038e-01
-2.980000e-02 2.234407e-01
-2.970000e-02 2.232690e-01
-2.960000e-02 2.504411e-01
-2.950000e-02 2.840448e-01
-2.940000e-02 3.142248e-01
-2.930000e-02 3.381030e-01
-2.920000e-02 3.553197e-01
-2.910000e-02 3.660004e-01
-2.900000e-02 3.699371e-01
-2.890000e-02 3.661444e-01
-2.880000e-02 3.527119e-01
-2.870000e-02 3.272847e-01
-2.860000e-02 2.885267e-01
-2.850000e-02 2.385260e-01
-2.840000e-02 1.850764e-01
-2.830000e-02 1.413685e-01
-2.820000e-02 1.208705e-01
-2.810000e-02 1.293623e-01
-2.800000e-02 1.609044e-01
-2.790000e-02 2.019837e-01
-2.780000e-02 2.396595e-01
-2.770000e-02 2.667065e-01
-2.760000e-02 2.817478e-01
-2.750000e-02 2.868528e-01
-2.740000e-02 2.852030e-01
-2.730000e-02 2.797640e-01
-2.720000e-02 2.728121e-01
-2.710000e-02 2.659175e-01
-2.700000e-02 2.600923e-01
-2.690000e-02 2.559593e-01
-2.680000e-02 2.538833e-01
-2.670000e-02 2.540528e-01
-2.660000e-02 2.565046e-01
-2.650000e-02 2.610781e-01
-2.640000e-02 2.672656e-01
-2.630000e-02 2.738849e-01
-2.620000e-02 2.784613e-01
-2.610000e-02 2.762204e-01
-2.600000e-02 2.589912e-01
-2.590000e-02 2.160401e-01
-2.580000e-02 1.428693e-01
-2.570000e-02 6.333728e-02
-2.560000e-02 3.807754e-02
-2.550000e-02 1.012025e-01
-2.540000e-02 2.002182e-01
-2.530000e-02 2.671935e-01
-2.520000e-02 2.878638e-01
-2.510000e-02 2.799948e-01
-2.500000e-02 2.615877e-01
-2.490000e-02 2.426501e-01
-2.480000e-02 2.273550e-01
-2.470000e-02 2.169860e-01
-2.460000e-02 2.116772e-01
-2.450000e-02 2.112313e-01
-2.440000e-02 2.154684e-01
-2.430000e-02 2.243699e-01
-2.420000e-02 2.381399e-01
-2.410000e-02 2.572057e-01
-2.400000e-02 2.820348e-01
-2.390000e-02 3.122429e-01
-2.380000e-02 3.434778e-01
-2.370000e-02 3.602614e-01
-2.360000e-02 3.346031e-01
-2.350000e-02 2.649518e-01
-2.340000e-02 2.063737e-01
-2.330000e-02 1.909922e-01
-2.320000e-02 2.029276e-01
-2.310000e-02 2.236468e-01
-2.300000e-02 2.437139e-01
-2.290000e-02 2.586236e-01
-2.280000e-02 2.665472e-01
-2.270000e-02 2.675349e-01
-2.260000e-02 2.627970e-01
-2.250000e-02 2.539907e-01
-2.240000e-02 2.427162e-01
-2.230000e-02 2.302720e-01
-2.220000e-02 2.175993e-01
-2.210000e-02 2.053238e-01
-2.200000e-02 1.938295e-01
-2.190000e-02 1.833318e-01
-2.180000e-02 1.739378e-01
-2.170000e-02 1.656912e-01
-2.160000e-02 1.586043e-01
-2.150000e-02 1.526829e-01
-2.140000e-02 1.479451e-01
-2.130000e-02 1.444404e-01
-2.120000e-02 1.422726e-01
-2.110000e-02 1.416336e-01
-2.100000e-02 1.428612e-01
-2.090000e-02 1.465455e-01
-2.080000e-02 1.537365e-01
-2.070000e-02 1.663627e-01
-2.060000e-02 1.880027e-01
-2.050000e-02 2.240697e-01
-2.040000e-02 2.631549e-01
-2.030000e-02 1.122953e-01
-2.020000e-02 2.276290e-01
-2.010000e-02 2.234167e-01
-2.000000e-02 1.535093e-01
-1.990000e-02 1.297806e-01
-1.980000e-02 1.274931e-01
-1.970000e-02 1.366446e-01
-1.960000e-02 1.545064e-01
-1.950000e-02 1.806071e-01
-1.940000e-02 2.136439e-01
-1.930000e-02 2.473281e-01
-1.920000e-02 2.667620e-01
-1.910000e-02 2.587415e-01
-1.900000e-02 2.395967e-01
-1.890000e-02 2.399332e-01
-1.880000e-02 2.562293e-01
-1.870000e-02 2.698327e-01
-1.860000e-02 2.752016e-01
-1.850000e-02 2.754145e-01
-1.840000e-02 2.742347e-01
-1.830000e-02 2.739825e-01
-1.820000e-02 2.757781e-01
-1.810000e-02 2.800389e-01
-1.800000e-02 2.867561e-01
-1.790000e-02 2.955325e-01
-1.780000e-02 3.053911e-01
-1.770000e-02 3.143192e-01
-1.760000e-02 3.185682e-01
-1.750000e-02 3.123004e-01
-1.740000e-02 2.902972e-01
-1.730000e-02 2.596101e-01
-1.720000e-02 2.548517e-01
-1.710000e-02 3.091591e-01
-1.700000e-02 3.873981e-01
-1.690000e-02 4.291940e-01
-1.680000e-02 4.267208e-01
-1.670000e-02 4.018032e-01
-1.660000e-02 3.709001e-01
-1.650000e-02 3.405017e-01
-1.640000e-02 3.120248e-01
-1.630000e-02 2.854066e-01
-1.620000e-02 2.606158e-01
-1.610000e-02 2.379574e-01
-1.600000e-02 2.178981e-01
-1.590000e-02 2.008504e-01
-1.580000e-02 1.870749e-01
-1.570000e-02 1.766910e-01
-1.560000e-02 1.697354e-01
-1.550000e-02 1.662265e-01
-1.540000e-02 1.662144e-01
-1.530000e-02 1.698091e-01
-1.520000e-02 1.771796e-01
-1.510000e-02 1.885053e-01
-1.500000e-02 2.038318e-01
-1.490000e-02 2.227336e-01
-1.480000e-02 2.435976e-01
-1.470000e-02 2.622739e-01
-1.460000e-02 2.700912e-01
-1.450000e-02 2.528660e-01
-1.440000e-02 1.970641e-01
-1.430000e-02 1.113251e-01
-1.420000e-02 4.577021e-02
-1.410000e-02 5.329490e-02
-1.400000e-02 1.225118e-01
-1.390000e-02 1.995575e-01
-1.380000e-02 2.516830e-01
-1.370000e-02 2.772538e-01
-1.360000e-02 2.864066e-01
-1.350000e-02 2.887276e-01
-1.340000e-02 2.902554e-01
-1.330000e-02 2.936477e-01
-1.320000e-02 2.980494e-01
-1.310000e-02 2.971799e-01
-1.300000e-02 2.755963e-01
-1.290000e-02 2.103278e-01
-1.280000e-02 1.046003e-01
-1.270000e-02 4.640704e-02
-1.260000e-02 1.148190e-01
-1.250000e-02 2.239341e-01
-1.240000e-02 2.781812e-01
-1.230000e-02 2.782604e-01
-1.220000e-02 2.538055e-01
-1.210000e-02 2.238209e-01
-1.200000e-02 1.961759e-01
-1.190000e-02 1.732895e-01
-1.180000e-02 1.555374e-01
-1.170000e-02 1.427259e-01
-1.160000e-02 1.346480e-01
-1.150000e-02 1.312635e-01
-1.140000e-02 1.327164e-01
-1.130000e-02 1.392542e-01
-1.120000e-02 1.510454e-01
-1.110000e-02 1.678798e-01
-1.100000e-02 1.887819e-01
-1.090000e-02 2.116928e-01
-1.080000e-02 2.335375e-01
-1.070000e-02 2.509889e-01
-1.060000e-02 2.618118e-01
-1.050000e-02 2.659803e-01
-1.040000e-02 2.656153e-01
-1.030000e-02 2.636917e-01
-1.020000e-02 2.625117e-01
-1.010000e-02 2.629284e-01
-1.000000e-02 2.644758e-01
-9.900000e-03 2.659646e-01
-9.800000e-03 2.660950e-01
-9.700000e-03 2.638783e-01
-9.600000e-03 2.588393e-01
-9.500000e-03 2.510375e-01
-9.400000e-03 2.409661e-01
-9.300000e-03 2.293856e-01
-9.200000e-03 2.171497e-01
-9.100000e-03 2.050650e-01
-9.000000e-03 1.938019e-01
-8.900000e-03 1.838593e-01
-8.800000e-03 1.755677e-01
-8.700000e-03 1.691150e-01
-8.600000e-03 1.645816e-01
-8.500000e-03 1.619744e-01
-8.400000e-03 1.612555e-01
-8.300000e-03 1.623628e-01
-8.200000e-03 1.652237e-01
-8.100000e-03 1.697608e-01
-8.000000e-03 1.758915e-01
-7.900000e-03 1.835207e-01
-7.800000e-03 1.925250e-01
-7.700000e-03 2.027286e-01
-7.600000e-03 2.138673e-01
-7.500000e-03 2.255399e-01
-7.400000e-03 2.371470e-01
-7.300000e-03 2.478268e-01
-7.200000e-03 2.564065e-01
-7.100000e-03 2.614187e-01
-7.000000e-03 2.612544e-01
-6.900000e-03 2.545410e-01
-6.800000e-03 2.407758e-01
-6.700000e-03 2.210581e-01
-6.600000e-03 1.984813e-01
-6.500000e-03 1.776229e-01
-6.400000e-03 1.629912e-01
-6.300000e-03 1.571781e-01
-6.200000e-03 1.599358e-01
-6.100000e-03 1.687327e-01
-6.000000e-03 1.801760e-01
-5.900000e-03 1.912530e-01
-5.800000e-03 1.998223e-01
-5.700000e-03 2.044196e-01
-5.600000e-03 2.037117e-01
-5.500000e-03 1.959553e-01
-5.400000e-03 1.791191e-01
-5.300000e-03 1.536316e-01
-5.200000e-03 1.313685e-01
-5.100000e-03 1.446486e-01
-5.000000e-03 2.144708e-01
-4.900000e-03 2.935587e-01
-4.800000e-03 3.271797e-01
-4.700000e-03 3.231913e-01
-4.600000e-03 3.089161e-01
-4.500000e-03 2.978338e-01
-4.400000e-03 2.920355e-01
-4.300000e-03 2.892228e-01
-4.200000e-03 2.865268e-01
-4.100000e-03 2.827537e-01
-4.000000e-03 2.786371e-01
-3.900000e-03 2.732539e-01
-3.800000e-03 2.615449e-01
-3.700000e-03 2.396823e-01
-3.600000e-03 2.101219e-01
-3.500000e-03 1.786867e-01
-3.400000e-03 1.499648e-01
-3.300000e-03 1.259927e-01
-3.200000e-03 1.070163e-01
-3.100000e-03 9.246458e-02
-3.000000e-03 8.154271e-02
-2.900000e-03 7.349629e-02
-2.800000e-03 6.769694e-02
-2.700000e-03 6.365055e-02
-2.600000e-03 6.097875e-02
-2.500000e-03 5.939494e-02
-2.400000e-03 5.868252e-02
-2.300000e-03 5.867740e-02
-2.200000e-03 5.925473e-02
-2.100000e-03 6.031904e-02
-2.000000e-03 6.179711e-02
-1.900000e-03 6.363289e-02
-1.800000e-03 6.578396e-02
-1.700000e-03 6.821909e-02
-1.600000e-03 7.091672e-02
-1.500000e-03 7.386408e-02
-1.400000e-03 7.705685e-02
-1.300000e-03 8.049921e-02
-1.200000e-03 8.420428e-02
-1.100000e-03 8.819485e-02
-1.000000e-03 9.250436e-02
-9.000000e-04 9.717822e-02
-8.000000e-04 1.022752e-01
-7.000000e-04 1.078693e-01
-6.000000e-04 1.140511e-01
-5.000000e-04 1.209293e-01
-4.000000e-04 1.286311e-01
-3.000000e-04 1.373000e-01
-2.000000e-04 1.470899e-01
-1.000000e-04 1.581498e-01
1.429412e-15 1.705960e-01
1.000000e-04 1.844605e-01
2.000000e-04 1.996124e-01
3.000000e-04 2.156506e-01
4.000000e-04 2.318029e-01
5.000000e-04 2.469136e-01
6.000000e-04 2.596518e-01
7.000000e-04 2.689901e-01
8.000000e-04 2.747109e-01
9.000000e-04 2.774500e-01
1.000000e-03 2.781692e-01
1.100000e-03 2.776424e-01
1.200000e-03 2.764125e-01
1.300000e-03 2.749492e-01
1.400000e-03 2.736400e-01
1.500000e-03 2.726600e-01
1.600000e-03 2.719414e-01
1.700000e-03 2.713121e-01
1.800000e-03 2.706458e-01
1.900000e-03 2.697627e-01
2.000000e-03 2.681461e-01
2.100000e-03 2.649774e-01
2.200000e-03 2.596797e-01
2.300000e-03 2.523881e-01
2.400000e-03 2.438720e-01
2.500000e-03 2.351181e-01
2.600000e-03 2.269819e-01
2.700000e-03 2.200552e-01
2.800000e-03 2.146860e-01
2.900000e-03 2.110553e-01
3.000000e-03 2.092538e-01
3.100000e-03 2.093415e-01
3.200000e-03 2.113879e-01
3.300000e-03 2.154993e-01
3.400000e-03 2.218364e-01
3.500000e-03 2.306241e-01
3.600000e-03 2.421491e-01
3.700000e-03 2.567334e-01
3.800000e-03 2.746546e-01
3.900000e-03 2.959547e-01
4.000000e-03 3.200378e-01
4.100000e-03 3.449190e-01
4.200000e-03 3.660859e-01
4.300000e-03 3.754855e-01
4.400000e-03 3.625785e-01
4.500000e-03 3.205796e-01
4.600000e-03 2.567643e-01
4.700000e-03 1.943458e-01
4.800000e-03 1.559830e-01
4.900000e-03 1.464652e-01
5.000000e-03 1.553511e-01
5.100000e-03 1.699810e-01
5.200000e-03 1.825595e-01
5.300000e-03 1.901419e-01
5.400000e-03 1.925123e-01
5.500000e-03 1.905764e-01
5.600000e-03 1.855829e-01
5.700000e-03 1.788387e-01
5.800000e-03 1.716311e-01
5.900000e-03 1.652110e-01
6.000000e-03 1.607870e-01
6.100000e-03 1.595217e-01
6.200000e-03 1.625308e-01
6.300000e-03 1.708733e-01
6.400000e-03 1.854804e-01
6.500000e-03 2.069320e-01
6.600000e-03 2.349762e-01
6.700000e-03 2.677967e-01
6.800000e-03 3.013551e-01
6.900000e-03 3.295656e-01
7.000000e-03 3.460238e-01
7.100000e-03 3.468914e-01
7.200000e-03 3.330376e-01
7.300000e-03 3.096774e-01
7.400000e-03 2.838587e-01
7.500000e-03 2.617554e-01
7.600000e-03 2.471918e-01
7.700000e-03 2.414383e-01
7.800000e-03 2.436691e-01
7.900000e-03 2.516488e-01
8.000000e-03 2.625365e-01
8.100000e-03 2.737163e-01
8.200000e-03 2.833967e-01
8.300000e-03 2.907524e-01
8.400000e-03 2.956882e-01
8.500000e-03 2.985093e-01
8.600000e-03 2.996829e-01
8.700000e-03 2.997066e-01
8.800000e-03 2.990376e-01
8.900000e-03 2.980549e-01
9.000000e-03 2.970427e-01
9.100000e-03 2.961901e-01
9.200000e-03 2.955982e-01
9.300000e-03 2.952902e-01
9.400000e-03 2.952208e-01
9.500000e-03 2.952827e-01
9.600000e-03 2.953110e-01
9.700000e-03 2.950867e-01
9.800000e-03 2.943415e-01
9.900000e-03 2.927687e-01
1.000000e-02 2.900435e-01
1.010000e-02 2.858612e-01
1.020000e-02 2.799999e-01
1.030000e-02 2.724137e-01
1.040000e-02 2.633576e-01
1.050000e-02 2.535279e-01
1.060000e-02 2.441748e-01
1.070000e-02 2.370982e-01
1.080000e-02 2.344007e-01
1.090000e-02 2.378837e-01
1.100000e-02 2.481238e-01
1.110000e-02 2.635963e-01
1.120000e-02 2.805478e-01
1.130000e-02 2.941917e-01
1.140000e-02 3.009068e-01
1.150000e-02 3.000606e-01
1.160000e-02 2.941266e-01
1.170000e-02 2.871214e-01
1.180000e-02 2.826110e-01
1.190000e-02 2.824477e-01
1.200000e-02 2.864975e-01
1.210000e-02 2.929553e-01
1.220000e-02 2.987883e-01
1.230000e-02 3.001109e-01
1.240000e-02 2.925849e-01
1.250000e-02 2.721305e-01
1.260000e-02 2.362754e-01
1.270000e-02 1.861720e-01
1.280000e-02 1.284974e-01
1.290000e-02 7.540479e-02
1.300000e-02 4.081856e-02
1.310000e-02 3.403803e-02
1.320000e-02 5.501512e-02
1.330000e-02 9.514976e-02
1.340000e-02 1.425625e-01
1.350000e-02 1.874007e-01
1.360000e-02 2.241958e-01
1.370000e-02 2.514751e-01
1.380000e-02 2.702504e-01
1.390000e-02 2.826056e-01
1.400000e-02 2.908064e-01
1.410000e-02 2.968758e-01
1.420000e-02 3.024503e-01
1.430000e-02 3.087473e-01
1.440000e-02 3.165276e-01
1.450000e-02 3.259748e-01
1.460000e-02 3.364772e-01
1.470000e-02 3.464749e-01
1.480000e-02 3.539033e-01
1.490000e-02 3.578986e-01
1.500000e-02 3.608152e-01
1.510000e-02 3.667625e-01
1.520000e-02 3.763268e-01
1.530000e-02 3.854141e-01
1.540000e-02 3.902147e-01
1.550000e-02 3.902642e-01
1.560000e-02 3.871223e-01
1.570000e-02 3.822237e-01
1.580000e-02 3.758133e-01
1.590000e-02 3.667468e-01
1.600000e-02 3.527765e-01
1.610000e-02 3.314861e-01
1.620000e-02 3.023264e-01
1.630000e-02 2.693814e-01
1.640000e-02 2.420197e-01
1.650000e-02 2.297197e-01
1.660000e-02 2.339150e-01
1.670000e-02 2.465601e-01
1.680000e-02 2.568902e-01
1.690000e-02 2.568927e-01
1.700000e-02 2.410129e-01
1.710000e-02 2.056707e-01
1.720000e-02 1.579042e-01
1.730000e-02 1.308718e-01
1.740000e-02 1.630836e-01
1.750000e-02 2.360437e-01
1.760000e-02 2.946621e-01
1.770000e-02 3.177204e-01
1.780000e-02 3.159146e-01
1.790000e-02 3.037231e-01
1.800000e-02 2.897539e-01
1.810000e-02 2.777907e-01
1.820000e-02 2.691367e-01
1.830000e-02 2.640505e-01
1.840000e-02 2.624205e-01
1.850000e-02 2.640423e-01
1.860000e-02 2.687142e-01
1.870000e-02 2.762503e-01
1.880000e-02 2.864514e-01
1.890000e-02 2.990480e-01
1.900000e-02 3.136174e-01
1.910000e-02 3.294828e-01
1.920000e-02 3.456171e-01
1.930000e-02 3.606054e-01
1.940000e-02 3.727654e-01
1.950000e-02 3.805332e-01
1.960000e-02 3.831220e-01
1.970000e-02 3.812086e-01
1.980000e-02 3.771133e-01
1.990000e-02 3.740057e-01
2.000000e-02 3.742943e-01
2.010000e-02 3.781516e-01
2.020000e-02 3.832787e-01
2.030000e-02 3.861776e-01
2.040000e-02 3.840198e-01
2.050000e-02 3.758243e-01
2.060000e-02 3.624245e-01
2.070000e-02 3.456715e-01
2.080000e-02 3.275877e-01
2.090000e-02 3.098556e-01
2.100000e-02 2.936559e-01
2.110000e-02 2.797158e-01
2.120000e-02 2.684324e-01
2.130000e-02 2.600008e-01
2.140000e-02 2.545157e-01
2.150000e-02 2.520466e-01
2.160000e-02 2.526926e-01
2.170000e-02 2.566274e-01
2.180000e-02 2.641489e-01
2.190000e-02 2.757521e-01
2.200000e-02 2.922682e-01
2.210000e-02 3.151564e-01
2.220000e-02 3.471356e-01
2.230000e-02 3.932250e-01
2.240000e-02 4.584696e-01
2.250000e-02 5.071136e-01
2.260000e-02 4.416504e-01
2.270000e-02 4.018028e-01
2.280000e-02 3.583781e-01
2.290000e-02 3.339776e-01
2.300000e-02 3.382404e-01
2.310000e-02 3.560930e-01
2.320000e-02 3.220389e-01
2.330000e-02 2.570035e-01
2.340000e-02 3.508625e-01
2.350000e-02 4.025874e-01
2.360000e-02 3.789551e-01
2.370000e-02 3.399261e-01
2.380000e-02 3.035946e-01
2.390000e-02 2.726649e-01
2.400000e-02 2.469129e-01
2.410000e-02 2.257455e-01
2.420000e-02 2.086282e-01
2.430000e-02 1.951484e-01
2.440000e-02 1.850278e-01
2.450000e-02 1.781336e-01
2.460000e-02 1.744994e-01
2.470000e-02 1.743556e-01
2.480000e-02 1.781736e-01
2.490000e-02 1.867120e-01
2.500000e-02 2.010209e-01
2.510000e-02 2.222536e-01
2.520000e-02 2.508481e-01
2.530000e-02 2.840646e-01
2.540000e-02 3.107399e-01
2.550000e-02 3.078739e-01
2.560000e-02 2.626418e-01
2.570000e-02 2.187729e-01
2.580000e-02 2.282731e-01
2.590000e-02 2.656790e-01
2.600000e-02 2.910753e-01
2.610000e-02 2.982477e-01
2.620000e-02 2.953320e-01
2.630000e-02 2.894174e-01
2.640000e-02 2.841912e-01
2.650000e-02 2.810782e-01
2.660000e-02 2.802614e-01
2.670000e-02 2.811378e-01
2.680000e-02 2.823766e-01
2.690000e-02 2.817631e-01
2.700000e-02 2.760852e-01
2.710000e-02 2.615790e-01
2.720000e-02 2.357859e-01
2.730000e-02 2.011266e-01
2.740000e-02 1.675147e-01
2.750000e-02 1.482304e-01
2.760000e-02 1.492832e-01
2.770000e-02 1.643417e-01
2.780000e-02 1.813929e-01
2.790000e-02 1.908262e-01
2.800000e-02 1.869809e-01
2.810000e-02 1.672671e-01
2.820000e-02 1.368736e-01
2.830000e-02 1.177253e-01
2.840000e-02 1.346000e-01
2.850000e-02 1.780748e-01
2.860000e-02 2.165847e-01
2.870000e-02 2.348137e-01
2.880000e-02 2.328876e-01
2.890000e-02 2.124069e-01
2.900000e-02 1.736799e-01
2.910000e-02 1.221825e-01
2.920000e-02 7.641978e-02
2.930000e-02 6.284404e-02
2.940000e-02 9.251544e-02
2.950000e-02 1.482130e-01
2.960000e-02 2.029131e-01
2.970000e-02 2.415082e-01
2.980000e-02 2.629282e-01
2.990000e-02 2.723514e-01
3.000000e-02 2.753508e-01
3.010000e-02 2.757557e-01
3.020000e-02 2.752482e-01
3.030000e-02 2.731037e-01
3.040000e-02 2.653445e-01
3.050000e-02 2.435671e-01
3.060000e-02 1.968841e-01
3.070000e-02 1.278454e-01
3.080000e-02 8.457310e-02
3.090000e-02 1.315936e-01
3.100000e-02 2.260169e-01
3.110000e-02 2.765029e-01
3.120000e-02 2.751539e-01
3.130000e-02 2.404432e-01
3.140000e-02 1.924770e-01
3.150000e-02 1.584900e-01
3.160000e-02 1.482858e-01
3.170000e-02 1.542762e-01
3.180000e-02 1.666097e-01
3.190000e-02 1.794592e-01
3.200000e-02 1.905079e-01
3.210000e-02 1.992698e-01
3.220000e-02 2.059949e-01
3.230000e-02 2.111502e-01
3.240000e-02 2.152117e-01
3.250000e-02 2.185903e-01
3.260000e-02 2.216079e-01
3.270000e-02 2.244904e-01
3.280000e-02 2.273678e-01
3.290000e-02 2.302799e-01
3.300000e-02 2.331892e-01
3.310000e-02 2.359970e-01
3.320000e-02 2.385604e-01
3.330000e-02 2.407042e-01
3.340000e-02 2.422247e-01
3.350000e-02 2.428821e-01
3.360000e-02 2.423830e-01
3.370000e-02 2.403572e-01
3.380000e-02 2.363397e-01
3.390000e-02 2.297809e-01
3.400000e-02 2.201296e-01
3.410000e-02 2.070717e-01
3.420000e-02 1.910368e-01
3.430000e-02 1.740410e-01
3.440000e-02 1.606138e-01
3.450000e-02 1.577629e-01
3.460000e-02 1.722162e-01
3.470000e-02 2.047598e-01
3.480000e-02 2.464267e-01
3.490000e-02 2.827284e-01
3.500000e-02 3.031767e-01
3.510000e-02 3.062376e-01
3.520000e-02 2.967225e-01
3.530000e-02 2.808898e-01
3.540000e-02 2.635699e-01
3.550000e-02 2.475781e-01
3.560000e-02 2.341672e-01
3.570000e-02 2.236326e-01
3.580000e-02 2.157604e-01
3.590000e-02 2.100939e-01
3.600000e-02 2.060793e-01
3.610000e-02 2.031465e-01
3.620000e-02 2.007632e-01
3.630000e-02 1.984805e-01
3.640000e-02 1.959721e-01
3.650000e-02 1.930616e-01
3.660000e-02 1.897293e-01
3.670000e-02 1.860939e-01
3.680000e-02 1.823745e-01
3.690000e-02 1.788423e-01
3.700000e-02 1.757758e-01
3.710000e-02 1.734278e-01
3.720000e-02 1.720073e-01
3.730000e-02 1.716745e-01
3.740000e-02 1.725425e-01
3.750000e-02 1.746820e-01
3.760000e-02 1.781251e-01
3.770000e-02 1.828647e-01
3.780000e-02 1.888504e-01
3.790000e-02 1.959804e-01
3.800000e-02 2.040898e-01
3.810000e-02 2.129401e-01
3.820000e-02 2.222104e-01
3.830000e-02 2.314961e-01
3.840000e-02 2.403194e-01
3.850000e-02 2.481587e-01
3.860000e-02 2.545045e-01
3.870000e-02 2.589504e-01
3.880000e-02 2.613168e-01
3.890000e-02 2.617808e-01
3.900000e-02 2.609374e-01
3.910000e-02 2.596919e-01
3.920000e-02 2.589208e-01
3.930000e-02 2.590051e-01
3.940000e-02 2.595185e-01
3.950000e-02 2.593366e-01
3.960000e-02 2.571441e-01
3.970000e-02 2.520097e-01
3.980000e-02 2.436921e-01
3.990000e-02 2.325904e-01
4.000000e-02 2.194845e-01
4.010000e-02 2.052546e-01
4.020000e-02 1.906881e-01
4.030000e-02 1.763917e-01
4.040000e-02 1.627791e-01
4.050000e-02 1.500981e-01
4.060000e-02 1.384715e-01
4.070000e-02 1.279352e-01
4.080000e-02 1.184711e-01
4.090000e-02 1.100299e-01
4.100000e-02 1.025479e-01
4.110000e-02 9.595817e-02
4.120000e-02 9.019818e-02
4.130000e-02 8.521447e-02
4.140000e-02 8.096674e-02
4.150000e-02 7.743115e-02
4.160000e-02 7.460430e-02
4.170000e-02 7.250831e-02
4.180000e-02 7.119830e-02
4.190000e-02 7.077350e-02
4.200000e-02 7.139397e-02
4.210000e-02 7.330562e-02
4.220000e-02 7.687682e-02
4.230000e-02 8.264887e-02
4.240000e-02 9.139525e-02
4.250000e-02 1.041562e-01
4.260000e-02 1.221297e-01
4.270000e-02 1.461017e-01
4.280000e-02 1.748960e-01
4.290000e-02 2.031528e-01
4.300000e-02 2.220829e-01
4.310000e-02 2.258852e-01
4.320000e-02 2.151498e-01
4.330000e-02 1.947475e-01
4.340000e-02 1.712003e-01
4.350000e-02 1.492354e-01
4.360000e-02 1.307574e-01
4.370000e-02 1.159315e-01
4.380000e-02 1.042664e-01
4.390000e-02 9.515436e-02
4.400000e-02 8.806260e-02
4.410000e-02 8.257497e-02
4.420000e-02 7.838350e-02
4.430000e-02 7.526825e-02
4.440000e-02 7.307841e-02
4.450000e-02 7.171773e-02
4.460000e-02 7.113457e-02
4.470000e-02 7.131580e-02
4.480000e-02 7.228383e-02
4.490000e-02 7.409637e-02
4.500000e-02 7.684839e-02
4.510000e-02 8.067602e-02
4.520000e-02 8.576198e-02
4.530000e-02 9.234154e-02
4.540000e-02 1.007071e-01
4.550000e-02 1.112070e-01
4.560000e-02 1.242308e-01
4.570000e-02 1.401645e-01
4.580000e-02 1.592873e-01
4.590000e-02 1.815649e-01
4.600000e-02 2.062780e-01
4.610000e-02 2.314454e-01
4.620000e-02 2.531281e-01
4.630000e-02 2.650682e-01
4.640000e-02 2.597080e-01
4.650000e-02 2.317824e-01
4.660000e-02 1.837574e-01
4.670000e-02 1.283685e-01
4.680000e-02 8.311232e-02
4.690000e-02 5.981127e-02
4.700000e-02 5.920056e-02
4.710000e-02 7.419158e-02
4.720000e-02 9.617431e-02
4.730000e-02 1.188524e-01
4.740000e-02 1.389722e-01
4.750000e-02 1.556323e-01
4.760000e-02 1.695210e-01
4.770000e-02 1.825209e-01
4.780000e-02 1.973336e-01
4.790000e-02 2.160189e-01
4.800000e-02 2.369665e-01
4.810000e-02 2.539638e-01
4.820000e-02 2.611774e-01
4.830000e-02 2.574398e-01
4.840000e-02 2.440777e-01
4.850000e-02 2.217259e-01
4.860000e-02 1.901158e-01
4.870000e-02 1.500147e-01
4.880000e-02 1.063016e-01
4.890000e-02 7.090981e-02
4.900000e-02 6.167465e-02
4.910000e-02 9.180447e-02
4.920000e-02 1.542520e-01
4.930000e-02 2.208283e-01
4.940000e-02 2.642596e-01
4.950000e-02 2.781573e-01
4.960000e-02 2.744468e-01
4.970000e-02 2.689837e-01
4.980000e-02 2.710157e-01
4.990000e-02 2.798050e-01
