0.000000e+00 2.087686e+00
5.000000e-02 2.404520e+00
1.000000e-01 2.285229e+00
1.500000e-01 2.063591e+00
2.000000e-01 1.979180e+00
2.500000e-01 2.082816e+00
3.000000e-01 2.359541e+00
3.500000e-01 2.397983e+00
4.000000e-01 1.912172e+00
4.500000e-01 2.061167e+00
5.000000e-01 2.194150e+00
5.500000e-01 2.013589e+00
6.000000e-01 1.643023e+00
6.500000e-01 2.426970e+00
7.000000e-01 2.574967e+00
7.500000e-01 1.797171e+00
8.000000e-01 1.873588e+00
8.500000e-01 1.517970e+00
9.000000e-01 1.969546e+00
9.500000e-01 1.671077e+00
1.000000e+00 2.024096e+00
1.050000e+00 1.602580e+00
1.100000e+00 1.409010e+00
1.150000e+00 1.909928e+00
1.200000e+00 1.392475e+00
1.250000e+00 2.053802e+00
1.300000e+00 1.605120e+00
1.350000e+00 1.133667e+00
1.400000e+00 1.112674e+00
1.450000e+00 1.215831e+00
1.500000e+00 1.397373e+00
1.550000e+00 1.334892e+00
1.600000e+00 9.763602e-01
1.650000e+00 1.543428e+00
1.700000e+00 1.299901e+00
1.750000e+00 1.062137e+00
1.800000e+00 9.035251e-01
1.850000e+00 1.128489e+00
1.900000e+00 9.293741e-01
1.950000e+00 6.857528e-01
2.000000e+00 1.631417e+00
2.050000e+00 1.005630e+00
2.100000e+00 2.920286e-01
2.150000e+00 8.556116e-01
2.200000e+00 1.129707e+00
2.250000e+00 1.027355e+00
2.300000e+00 1.065138e+00
2.350000e+00 8.092832e-01
2.400000e+00 5.719290e-01
2.450000e+00 6.904601e-01
2.500000e+00 8.084334e-01
2.550000e+00 6.722188e-01
2.600000e+00 7.775841e-01
2.650000e+00 1.230145e+00
2.700000e+00 9.471554e-01
2.750000e+00 9.153276e-01
2.800000e+00 4.810762e-01
2.850000e+00 3.363690e-01
2.900000e+00 1.878856e-01
2.950000e+00 6.430046e-01
3.000000e+00 7.446244e-01
3.050000e+00 7.796649e-01
3.100000e+00 6.865867e-01
3.150000e+00 3.324506e-02
3.200000e+00 6.378726e-01
3.250000e+00 9.058470e-01
3.300000e+00 3.576286e-01
3.350000e+00 7.656525e-01
3.400000e+00 7.687947e-01
3.450000e+00 4.759838e-02
3.500000e+00 1.582887e-01
3.550000e+00 9.719189e-01
3.600000e+00 9.375973e-01
3.650000e+00 8.347447e-01
3.700000e+00 6.225357e-01
3.750000e+00 1.410166e-02
3.800000e+00 7.776273e-01
3.850000e+00 1.740323e-01
3.900000e+00 2.855853e-01
3.950000e+00 4.693538e-02
4.000000e+00 2.300538e-01
4.050000e+00 6.749594e-02
4.100000e+00 2.279647e-02
4.150000e+00 5.426594e-02
4.200000e+00 4.472312e-02
4.250000e+00 1.876744e-02
4.300000e+00 8.475714e-03
4.350000e+00 1.313059e-01
4.400000e+00 3.005994e-03
4.450000e+00 3.442146e-01
4.500000e+00 3.750389e-04
4.550000e+00 3.128977e-03
4.600000e+00 1.603686e-02
4.650000e+00 3.557255e-02
4.700000e+00 8.811441e-05
4.750000e+00 1.982799e-03
4.800000e+00 2.869123e-03
4.850000e+00 1.891321e-04
4.900000e+00 1.682435e-05
4.950000e+00 1.812962e-02
