0.000000e+00 2.087686e+00
5.000000e-02 2.064696e+00
1.000000e-01 2.078103e+00
1.500000e-01 2.219688e+00
2.000000e-01 2.360339e+00
2.500000e-01 2.317818e+00
3.000000e-01 2.696062e+00
3.500000e-01 2.198280e+00
4.000000e-01 2.220963e+00
4.500000e-01 1.664881e+00
5.000000e-01 2.177213e+00
5.500000e-01 1.984921e+00
6.000000e-01 2.346908e+00
6.500000e-01 2.195411e+00
7.000000e-01 1.641829e+00
7.500000e-01 1.901087e+00
8.000000e-01 2.425599e+00
8.500000e-01 2.284787e+00
9.000000e-01 1.685917e+00
9.500000e-01 1.240178e+00
1.000000e+00 1.478751e+00
1.050000e+00 1.576702e+00
1.100000e+00 1.319232e+00
1.150000e+00 1.881008e+00
1.200000e+00 1.337087e+00
1.250000e+00 1.681317e+00
1.300000e+00 1.520964e+00
1.350000e+00 9.267232e-01
1.400000e+00 1.659585e+00
1.450000e+00 1.173425e+00
1.500000e+00 1.399075e+00
1.550000e+00 1.939389e+00
1.600000e+00 1.258203e+00
1.650000e+00 1.087371e+00
1.700000e+00 1.604826e+00
1.750000e+00 1.059974e+00
1.800000e+00 1.000112e+00
1.850000e+00 5.975883e-01
1.900000e+00 1.203639e+00
1.950000e+00 1.095739e+00
2.000000e+00 1.145355e+00
2.050000e+00 1.127211e+00
2.100000e+00 1.482260e+00
2.150000e+00 4.582859e-01
2.200000e+00 1.085195e+00
2.250000e+00 9.848481e-01
2.300000e+00 7.070279e-01
2.350000e+00 1.089022e+00
2.400000e+00 8.096104e-01
2.450000e+00 8.339893e-01
2.500000e+00 1.014987e+00
2.550000e+00 1.022142e+00
2.600000e+00 2.388635e-01
2.650000e+00 9.719415e-01
2.700000e+00 1.582804e-01
2.750000e+00 8.799911e-01
2.800000e+00 8.311975e-01
2.850000e+00 9.192820e-01
2.900000e+00 6.886270e-01
2.950000e+00 4.771087e-01
3.000000e+00 2.435070e-01
3.050000e+00 2.795988e-01
3.100000e+00 3.366917e-01
3.150000e+00 3.211255e-01
3.200000e+00 5.583074e-01
3.250000e+00 6.671877e-01
3.300000e+00 5.409761e-01
3.350000e+00 5.080630e-01
3.400000e+00 3.122455e-02
3.450000e+00 4.128681e-01
3.500000e+00 1.996108e-01
3.550000e+00 6.193013e-01
3.600000e+00 1.822188e-01
3.650000e+00 1.263089e-02
3.700000e+00 2.033158e-02
3.750000e+00 5.382530e-02
3.800000e+00 2.837956e-03
3.850000e+00 6.618745e-03
3.900000e+00 3.823318e-02
3.950000e+00 2.411678e-01
4.000000e+00 3.524045e-03
4.050000e+00 5.223183e-01
4.100000e+00 1.606900e-03
4.150000e+00 4.847694e-02
4.200000e+00 1.455305e-01
4.250000e+00 3.138345e-05
4.300000e+00 2.055081e-03
4.350000e+00 2.370318e-01
4.400000e+00 3.474135e-04
4.450000e+00 1.896064e-04
4.500000e+00 4.536660e-02
4.550000e+00 2.160210e-03
4.600000e+00 2.714507e-04
4.650000e+00 1.686952e-05
4.700000e+00 1.213542e-03
4.750000e+00 1.017733e-01
4.800000e+00 3.573870e-04
4.850000e+00 1.528065e-05
4.900000e+00 1.297038e-07
4.950000e+00 3.775816e-03
