0.000000e+00 2.087686e+00
5.000000e-02 2.407542e+00
1.000000e-01 1.962675e+00
1.500000e-01 2.486666e+00
2.000000e-01 2.135975e+00
2.500000e-01 2.001484e+00
3.000000e-01 1.502649e+00
3.500000e-01 1.897424e+00
4.000000e-01 1.541796e+00
4.500000e-01 2.519707e+00
5.000000e-01 2.211466e+00
5.500000e-01 2.003159e+00
6.000000e-01 1.799035e+00
6.500000e-01 2.221143e+00
7.000000e-01 2.217932e+00
7.500000e-01 1.964152e+00
8.000000e-01 1.349619e+00
8.500000e-01 1.865839e+00
9.000000e-01 2.077062e+00
9.500000e-01 1.779952e+00
1.000000e+00 1.345525e+00
1.050000e+00 1.456262e+00
1.100000e+00 9.984741e-01
1.150000e+00 1.427556e+00
1.200000e+00 1.354324e+00
1.250000e+00 1.172010e+00
1.300000e+00 1.614077e+00
1.350000e+00 5.581759e-01
1.400000e+00 1.604999e+00
1.450000e+00 1.265585e+00
1.500000e+00 1.063928e+00
1.550000e+00 1.285309e+00
1.600000e+00 1.008190e+00
1.650000e+00 1.225347e+00
1.700000e+00 1.220066e+00
1.750000e+00 9.776247e-01
1.800000e+00 8.481120e-01
1.850000e+00 5.539690e-01
1.900000e+00 9.909324e-01
1.950000e+00 1.092548e+00
2.000000e+00 8.931631e-01
2.050000e+00 1.586500e+00
2.100000e+00 6.360887e-01
2.150000e+00 5.081539e-01
2.200000e+00 6.753398e-01
2.250000e+00 9.751558e-01
2.300000e+00 4.130549e-01
2.350000e+00 4.335846e-01
2.400000e+00 1.419215e+00
2.450000e+00 5.805668e-01
2.500000e+00 1.001559e+00
2.550000e+00 5.643313e-01
2.600000e+00 2.066374e-01
2.650000e+00 4.565674e-01
2.700000e+00 4.001657e-01
2.750000e+00 1.774471e-01
2.800000e+00 1.227120e-01
2.850000e+00 8.059230e-01
2.900000e+00 4.361226e-01
2.950000e+00 6.105794e-01
3.000000e+00 9.393429e-02
3.050000e+00 5.223660e-01
3.100000e+00 2.988535e-01
3.150000e+00 5.113587e-01
3.200000e+00 1.319626e-01
3.250000e+00 4.690673e-01
3.300000e+00 5.183151e-01
3.350000e+00 5.088632e-03
3.400000e+00 2.010197e-01
3.450000e+00 2.339003e-01
3.500000e+00 2.249824e-02
3.550000e+00 1.988546e-02
3.600000e+00 7.822178e-01
3.650000e+00 1.505798e-01
3.700000e+00 9.779815e-01
3.750000e+00 1.990037e-01
3.800000e+00 7.505314e-02
3.850000e+00 4.329294e-02
3.900000e+00 5.203937e-02
3.950000e+00 2.849137e-03
4.000000e+00 4.044354e-02
4.050000e+00 2.655363e-02
4.100000e+00 3.028809e-03
4.150000e+00 1.336147e-02
4.200000e+00 1.362823e-01
4.250000e+00 7.942508e-01
4.300000e+00 2.901230e-03
4.350000e+00 1.433189e-03
4.400000e+00 1.216585e-01
4.450000e+00 5.763810e-03
4.500000e+00 4.498733e-03
4.550000e+00 6.332814e-03
4.600000e+00 1.368211e-01
4.650000e+00 1.425442e-01
4.700000e+00 4.057429e-04
4.750000e+00 4.512618e-01
4.800000e+00 4.629907e-03
4.850000e+00 2.080419e-03
4.900000e+00 6.371939e-04
4.950000e+00 2.866706e-04
