0.000000e+00 2.087686e+00
5.000000e-02 1.942199e+00
1.000000e-01 2.304780e+00
1.500000e-01 2.212948e+00
2.000000e-01 2.294727e+00
2.500000e-01 1.933096e+00
3.000000e-01 1.746451e+00
3.500000e-01 2.166547e+00
4.000000e-01 2.360629e+00
4.500000e-01 1.889284e+00
5.000000e-01 1.709215e+00
5.500000e-01 2.437810e+00
6.000000e-01 2.611907e+00
6.500000e-01 2.203065e+00
7.000000e-01 1.795756e+00
7.500000e-01 1.601557e+00
8.000000e-01 1.701605e+00
8.500000e-01 1.748930e+00
9.000000e-01 1.435823e+00
9.500000e-01 1.952045e+00
1.000000e+00 1.270430e+00
1.050000e+00 1.498526e+00
1.100000e+00 1.211986e+00
1.150000e+00 2.292819e+00
1.200000e+00 2.000511e+00
1.250000e+00 1.417115e+00
1.300000e+00 2.129872e+00
1.350000e+00 1.633321e+00
1.400000e+00 1.325031e+00
1.450000e+00 1.170095e+00
1.500000e+00 1.996546e+00
1.550000e+00 1.197181e+00
1.600000e+00 1.636960e+00
1.650000e+00 1.552202e+00
1.700000e+00 1.325111e+00
1.750000e+00 1.142578e+00
1.800000e+00 1.231227e+00
1.850000e+00 1.136334e+00
1.900000e+00 1.504797e+00
1.950000e+00 1.041117e+00
2.000000e+00 9.651895e-01
2.050000e+00 5.610371e-01
2.100000e+00 1.625185e+00
2.150000e+00 6.961565e-01
2.200000e+00 6.973079e-01
2.250000e+00 9.072064e-01
2.300000e+00 8.323789e-01
2.350000e+00 1.162870e+00
2.400000e+00 7.190084e-01
2.450000e+00 4.356157e-01
2.500000e+00 3.461512e-01
2.550000e+00 9.447396e-01
2.600000e+00 1.005713e+00
2.650000e+00 9.483211e-01
2.700000e+00 5.672444e-01
2.750000e+00 2.744055e-01
2.800000e+00 5.560131e-01
2.850000e+00 1.081354e+00
2.900000e+00 9.908814e-01
2.950000e+00 4.450375e-01
3.000000e+00 9.264684e-01
3.050000e+00 7.496746e-02
3.100000e+00 1.992772e-01
3.150000e+00 1.589024e-01
3.200000e+00 8.567692e-01
3.250000e+00 1.574340e-01
3.300000e+00 2.146855e-01
3.350000e+00 3.163320e-01
3.400000e+00 8.308071e-01
3.450000e+00 5.870838e-01
3.500000e+00 4.282838e-01
3.550000e+00 1.117374e-01
3.600000e+00 4.225791e-02
3.650000e+00 4.368027e-01
3.700000e+00 6.954067e-02
3.750000e+00 2.022073e-01
3.800000e+00 5.221464e-01
3.850000e+00 2.650695e-02
3.900000e+00 4.170492e-01
3.950000e+00 3.320174e-01
4.000000e+00 8.308825e-02
4.050000e+00 3.223498e-01
4.100000e+00 3.560390e-01
4.150000e+00 9.161305e-02
4.200000e+00 2.575074e-03
4.250000e+00 9.329198e-01
4.300000e+00 1.489361e-01
4.350000e+00 2.814629e-01
4.400000e+00 2.423732e-02
4.450000e+00 1.360368e-04
4.500000e+00 3.841302e-03
4.550000e+00 5.840819e-02
4.600000e+00 1.404653e-02
4.650000e+00 1.005340e-04
4.700000e+00 4.859144e-06
4.750000e+00 7.664468e-04
4.800000e+00 3.572620e-04
4.850000e+00 2.793061e-03
4.900000e+00 6.870960e-04
4.950000e+00 8.011006e-05
