0.000000e+00 2.087686e+00
5.000000e-02 1.792107e+00
1.000000e-01 2.043684e+00
1.500000e-01 2.128021e+00
2.000000e-01 2.350824e+00
2.500000e-01 2.432916e+00
3.000000e-01 2.146223e+00
3.500000e-01 2.091665e+00
4.000000e-01 1.993001e+00
4.500000e-01 1.976629e+00
5.000000e-01 1.812031e+00
5.500000e-01 2.065145e+00
6.000000e-01 1.758911e+00
6.500000e-01 1.827004e+00
7.000000e-01 1.795134e+00
7.500000e-01 1.620591e+00
8.000000e-01 1.745367e+00
8.500000e-01 1.735677e+00
9.000000e-01 1.707550e+00
9.500000e-01 1.338771e+00
1.000000e+00 2.030458e+00
1.050000e+00 1.477827e+00
1.100000e+00 1.687200e+00
1.150000e+00 1.869817e+00
1.200000e+00 1.443706e+00
1.250000e+00 1.357938e+00
1.300000e+00 1.230449e+00
1.350000e+00 1.282736e+00
1.400000e+00 1.194309e+00
1.450000e+00 1.477456e+00
1.500000e+00 1.605224e+00
1.550000e+00 1.531771e+00
1.600000e+00 1.166596e+00
1.650000e+00 9.454403e-01
1.700000e+00 1.525061e+00
1.750000e+00 1.632832e+00
1.800000e+00 8.130956e-01
1.850000e+00 1.250707e+00
1.900000e+00 1.278681e+00
1.950000e+00 1.283569e+00
2.000000e+00 9.912927e-01
2.050000e+00 2.834520e-01
2.100000e+00 1.036072e+00
2.150000e+00 1.026260e+00
2.200000e+00 1.101280e+00
2.250000e+00 5.330313e-01
2.300000e+00 1.188986e+00
2.350000e+00 7.215763e-01
2.400000e+00 1.155154e+00
2.450000e+00 6.492959e-01
2.500000e+00 1.967109e-01
2.550000e+00 1.242562e+00
2.600000e+00 1.172635e+00
2.650000e+00 6.463264e-01
2.700000e+00 9.000108e-01
2.750000e+00 9.272751e-01
2.800000e+00 8.393037e-01
2.850000e+00 5.275747e-01
2.900000e+00 7.417080e-01
2.950000e+00 6.999861e-01
3.000000e+00 3.226249e-01
3.050000e+00 2.167096e-01
3.100000e+00 2.775719e-01
3.150000e+00 2.566503e-01
3.200000e+00 5.664515e-01
3.250000e+00 2.167325e-01
3.300000e+00 6.411859e-02
3.350000e+00 2.815230e-01
3.400000e+00 3.453824e-01
3.450000e+00 6.262946e-01
3.500000e+00 9.688074e-01
3.550000e+00 1.369055e-01
3.600000e+00 3.213851e-01
3.650000e+00 7.912854e-01
3.700000e+00 2.277893e-02
3.750000e+00 5.499956e-01
3.800000e+00 6.073190e-01
3.850000e+00 5.045419e-02
3.900000e+00 2.898227e-02
3.950000e+00 8.183763e-02
4.000000e+00 7.730303e-03
4.050000e+00 2.904566e-02
4.100000e+00 7.774275e-01
4.150000e+00 1.090660e-01
4.200000e+00 2.353547e-01
4.250000e+00 2.451518e-01
4.300000e+00 6.798220e-03
4.350000e+00 1.717127e-01
4.400000e+00 2.166525e-02
4.450000e+00 4.608715e-03
4.500000e+00 1.977420e-02
4.550000e+00 8.968931e-05
4.600000e+00 3.854359e-04
4.650000e+00 1.613849e-02
4.700000e+00 6.438917e-03
4.750000e+00 4.416665e-03
4.800000e+00 4.405595e-01
4.850000e+00 7.249789e-04
4.900000e+00 1.094686e-04
4.950000e+00 7.722751e-05
