0.000000e+00 2.087686e+00
5.000000e-02 2.062679e+00
1.000000e-01 2.283797e+00
1.500000e-01 2.410002e+00
2.000000e-01 2.306002e+00
2.500000e-01 2.551360e+00
3.000000e-01 2.251489e+00
3.500000e-01 2.272734e+00
4.000000e-01 1.936695e+00
4.500000e-01 1.964011e+00
5.000000e-01 1.962516e+00
5.500000e-01 1.631215e+00
6.000000e-01 2.056443e+00
6.500000e-01 1.643171e+00
7.000000e-01 2.115568e+00
7.500000e-01 1.783501e+00
8.000000e-01 1.777864e+00
8.500000e-01 1.745328e+00
9.000000e-01 1.837893e+00
9.500000e-01 1.470627e+00
1.000000e+00 1.305087e+00
1.050000e+00 1.149609e+00
1.100000e+00 1.294426e+00
1.150000e+00 1.783929e+00
1.200000e+00 1.846699e+00
1.250000e+00 1.478580e+00
1.300000e+00 1.519609e+00
1.350000e+00 1.621991e+00
1.400000e+00 1.165676e+00
1.450000e+00 1.387729e+00
1.500000e+00 7.655649e-01
1.550000e+00 1.467002e+00
1.600000e+00 1.434521e+00
1.650000e+00 9.145297e-01
1.700000e+00 7.198389e-01
1.750000e+00 1.373927e+00
1.800000e+00 9.644844e-01
1.850000e+00 1.117600e+00
1.900000e+00 1.408735e+00
1.950000e+00 1.081109e+00
2.000000e+00 1.602469e+00
2.050000e+00 7.934332e-01
2.100000e+00 7.196856e-01
2.150000e+00 1.102908e+00
2.200000e+00 1.050814e+00
2.250000e+00 1.447801e+00
2.300000e+00 1.300160e+00
2.350000e+00 1.056193e+00
2.400000e+00 4.592022e-01
2.450000e+00 7.391255e-01
2.500000e+00 1.054763e+00
2.550000e+00 1.034936e+00
2.600000e+00 7.846480e-01
2.650000e+00 5.049045e-01
2.700000e+00 1.193379e+00
2.750000e+00 8.159903e-01
2.800000e+00 6.622541e-01
2.850000e+00 2.301027e-01
2.900000e+00 4.900735e-01
2.950000e+00 8.039128e-01
3.000000e+00 3.853421e-01
3.050000e+00 5.916121e-01
3.100000e+00 5.660396e-01
3.150000e+00 6.918394e-01
3.200000e+00 5.521272e-01
3.250000e+00 7.430005e-01
3.300000e+00 9.274556e-01
3.350000e+00 4.374281e-01
3.400000e+00 3.528745e-01
3.450000e+00 9.709230e-01
3.500000e+00 1.648879e-01
3.550000e+00 2.129249e-01
3.600000e+00 9.517363e-01
3.650000e+00 1.394416e-01
3.700000e+00 1.447915e-01
3.750000e+00 1.917592e-01
3.800000e+00 1.572868e-03
3.850000e+00 1.875775e-01
3.900000e+00 2.361082e-02
3.950000e+00 4.012840e-01
4.000000e+00 4.663844e-01
4.050000e+00 2.358307e-03
4.100000e+00 3.717523e-03
4.150000e+00 4.593125e-02
4.200000e+00 6.757980e-04
4.250000e+00 4.512941e-01
4.300000e+00 2.672979e-02
4.350000e+00 5.716630e-02
4.400000e+00 5.384248e-04
4.450000e+00 4.479822e-01
4.500000e+00 7.814056e-02
4.550000e+00 1.504614e-04
4.600000e+00 5.287346e-03
4.650000e+00 8.452363e-02
4.700000e+00 2.621850e-02
4.750000e+00 3.196764e-06
4.800000e+00 1.933709e-02
4.850000e+00 8.974154e-05
4.900000e+00 3.809079e-04
4.950000e+00 1.160691e-04
