0.000000e+00 2.087686e+00
5.000000e-02 2.315275e+00
1.000000e-01 2.426042e+00
1.500000e-01 2.620657e+00
2.000000e-01 2.776234e+00
2.500000e-01 2.590620e+00
3.000000e-01 2.872739e+00
3.500000e-01 2.422058e+00
4.000000e-01 1.953941e+00
4.500000e-01 1.731580e+00
5.000000e-01 2.160902e+00
5.500000e-01 1.562620e+00
6.000000e-01 2.225545e+00
6.500000e-01 1.717452e+00
7.000000e-01 1.610934e+00
7.500000e-01 1.793286e+00
8.000000e-01 1.641445e+00
8.500000e-01 1.899365e+00
9.000000e-01 1.772268e+00
9.500000e-01 1.924833e+00
1.000000e+00 1.473569e+00
1.050000e+00 1.427465e+00
1.100000e+00 1.553394e+00
1.150000e+00 1.635607e+00
1.200000e+00 1.306303e+00
1.250000e+00 1.495351e+00
1.300000e+00 1.370768e+00
1.350000e+00 1.101298e+00
1.400000e+00 1.624386e+00
1.450000e+00 1.553974e+00
1.500000e+00 9.833311e-01
1.550000e+00 1.064212e+00
1.600000e+00 1.158518e+00
1.650000e+00 1.231984e+00
1.700000e+00 1.264258e+00
1.750000e+00 1.236950e+00
1.800000e+00 1.317276e+00
1.850000e+00 1.196711e+00
1.900000e+00 7.618953e-01
1.950000e+00 1.312225e+00
2.000000e+00 1.105847e+00
2.050000e+00 1.166462e+00
2.100000e+00 5.682372e-01
2.150000e+00 7.145623e-01
2.200000e+00 9.695528e-01
2.250000e+00 1.044122e+00
2.300000e+00 1.134769e+00
2.350000e+00 1.046136e+00
2.400000e+00 1.138122e+00
2.450000e+00 7.374034e-01
2.500000e+00 6.320217e-01
2.550000e+00 6.277028e-01
2.600000e+00 6.664270e-01
2.650000e+00 3.825943e-01
2.700000e+00 1.122900e+00
2.750000e+00 6.887331e-01
2.800000e+00 3.528575e-01
2.850000e+00 5.556769e-01
2.900000e+00 1.617635e-01
2.950000e+00 1.323560e-01
3.000000e+00 3.159932e-01
3.050000e+00 6.261907e-01
3.100000e+00 2.287649e-01
3.150000e+00 8.128444e-01
3.200000e+00 2.893489e-01
3.250000e+00 9.183323e-02
3.300000e+00 1.169741e-01
3.350000e+00 7.883176e-02
3.400000e+00 1.795063e-01
3.450000e+00 6.331719e-01
3.500000e+00 5.723588e-01
3.550000e+00 6.811143e-01
3.600000e+00 3.746162e-02
3.650000e+00 3.418859e-01
3.700000e+00 2.270162e-02
3.750000e+00 6.569469e-02
3.800000e+00 2.719880e-02
3.850000e+00 4.054787e-01
3.900000e+00 3.582016e-01
3.950000e+00 7.830599e-02
4.000000e+00 1.093977e-01
4.050000e+00 1.016407e-01
4.100000e+00 4.916870e-04
4.150000e+00 1.469957e-02
4.200000e+00 3.463431e-01
4.250000e+00 4.176289e-03
4.300000e+00 1.499280e-03
4.350000e+00 1.323258e-03
4.400000e+00 6.058047e-02
4.450000e+00 8.492377e-02
4.500000e+00 1.143862e-02
4.550000e+00 1.359421e-03
4.600000e+00 9.034650e-02
4.650000e+00 2.671739e-02
4.700000e+00 1.649335e-04
4.750000e+00 7.121422e-05
4.800000e+00 1.037558e-03
4.850000e+00 2.055826e-03
4.900000e+00 6.947858e-04
4.950000e+00 4.044540e-04
