0.000000e+00 2.087686e+00
5.000000e-02 2.396274e+00
1.000000e-01 2.459686e+00
1.500000e-01 2.313742e+00
2.000000e-01 1.950744e+00
2.500000e-01 2.162153e+00
3.000000e-01 1.889727e+00
3.500000e-01 2.028736e+00
4.000000e-01 2.125420e+00
4.500000e-01 1.963569e+00
5.000000e-01 2.231325e+00
5.500000e-01 2.441408e+00
6.000000e-01 1.933027e+00
6.500000e-01 2.357720e+00
7.000000e-01 2.128362e+00
7.500000e-01 2.058012e+00
8.000000e-01 2.024982e+00
8.500000e-01 1.488396e+00
9.000000e-01 1.738723e+00
9.500000e-01 1.752842e+00
1.000000e+00 1.693216e+00
1.050000e+00 1.621497e+00
1.100000e+00 1.720959e+00
1.150000e+00 1.295155e+00
1.200000e+00 1.363131e+00
1.250000e+00 1.923245e+00
1.300000e+00 1.219897e+00
1.350000e+00 1.679128e+00
1.400000e+00 8.600847e-01
1.450000e+00 1.345712e+00
1.500000e+00 1.311658e+00
1.550000e+00 1.088417e+00
1.600000e+00 9.972489e-01
1.650000e+00 1.165128e+00
1.700000e+00 1.146366e+00
1.750000e+00 1.241367e+00
1.800000e+00 7.448554e-01
1.850000e+00 1.420049e+00
1.900000e+00 3.710895e-01
1.950000e+00 1.041286e+00
2.000000e+00 8.815678e-01
2.050000e+00 1.127329e+00
2.100000e+00 1.478757e+00
2.150000e+00 1.010902e+00
2.200000e+00 8.013972e-01
2.250000e+00 1.026793e+00
2.300000e+00 1.042109e+00
2.350000e+00 6.715609e-01
2.400000e+00 1.182994e+00
2.450000e+00 1.143392e+00
2.500000e+00 1.038178e+00
2.550000e+00 9.180987e-01
2.600000e+00 5.734158e-01
2.650000e+00 5.214012e-01
2.700000e+00 7.380722e-01
2.750000e+00 6.758809e-01
2.800000e+00 4.312405e-01
2.850000e+00 1.040591e+00
2.900000e+00 8.073057e-01
2.950000e+00 8.207842e-01
3.000000e+00 9.764645e-01
3.050000e+00 2.891858e-01
3.100000e+00 8.066681e-01
3.150000e+00 3.853373e-01
3.200000e+00 3.258858e-01
3.250000e+00 4.138041e-01
3.300000e+00 1.104577e+00
3.350000e+00 4.847245e-01
3.400000e+00 4.829171e-01
3.450000e+00 7.797041e-01
3.500000e+00 8.481065e-01
3.550000e+00 8.760281e-02
3.600000e+00 4.327727e-01
3.650000e+00 1.425105e-01
3.700000e+00 7.600555e-01
3.750000e+00 5.989770e-01
3.800000e+00 2.168062e-01
3.850000e+00 4.721663e-01
3.900000e+00 1.449086e-01
3.950000e+00 3.834547e-01
4.000000e+00 2.889230e-01
4.050000e+00 2.197391e-02
4.100000e+00 3.493461e-02
4.150000e+00 3.172366e-02
4.200000e+00 9.408322e-02
4.250000e+00 3.037848e-01
4.300000e+00 2.406234e-02
4.350000e+00 5.060425e-03
4.400000e+00 1.163828e-02
4.450000e+00 1.940465e-02
4.500000e+00 6.327846e-03
4.550000e+00 2.148051e-03
4.600000e+00 3.281031e-02
4.650000e+00 3.774933e-01
4.700000e+00 2.439276e-03
4.750000e+00 4.011473e-02
4.800000e+00 2.157462e-04
4.850000e+00 7.869585e-04
4.900000e+00 9.954987e-02
4.950000e+00 9.430917e-03
