0.000000e+00 2.087686e+00
5.000000e-02 2.639327e+00
1.000000e-01 2.071790e+00
1.500000e-01 2.087484e+00
2.000000e-01 1.710220e+00
2.500000e-01 2.079384e+00
3.000000e-01 1.958848e+00
3.500000e-01 2.161925e+00
4.000000e-01 2.110496e+00
4.500000e-01 2.200018e+00
5.000000e-01 1.490532e+00
5.500000e-01 1.875512e+00
6.000000e-01 1.908652e+00
6.500000e-01 2.025281e+00
7.000000e-01 1.940756e+00
7.500000e-01 1.290588e+00
8.000000e-01 1.554457e+00
8.500000e-01 1.783354e+00
9.000000e-01 1.743544e+00
9.500000e-01 1.900153e+00
1.000000e+00 1.500603e+00
1.050000e+00 1.914701e+00
1.100000e+00 1.765721e+00
1.150000e+00 1.880702e+00
1.200000e+00 1.717447e+00
1.250000e+00 1.551515e+00
1.300000e+00 2.139466e+00
1.350000e+00 1.913690e+00
1.400000e+00 1.605454e+00
1.450000e+00 1.740603e+00
1.500000e+00 1.781423e+00
1.550000e+00 8.866002e-01
1.600000e+00 1.409163e+00
1.650000e+00 1.272283e+00
1.700000e+00 1.555645e+00
1.750000e+00 1.238589e+00
1.800000e+00 1.694960e+00
1.850000e+00 1.009689e+00
1.900000e+00 1.588659e+00
1.950000e+00 1.233651e+00
2.000000e+00 1.307439e+00
2.050000e+00 1.425581e+00
2.100000e+00 7.519924e-01
2.150000e+00 5.389407e-01
2.200000e+00 9.930244e-01
2.250000e+00 4.692019e-01
2.300000e+00 1.001851e+00
2.350000e+00 1.077362e+00
2.400000e+00 7.100778e-01
2.450000e+00 3.597372e-01
2.500000e+00 3.427127e-01
2.550000e+00 5.692755e-01
2.600000e+00 9.156080e-01
2.650000e+00 2.286080e-01
2.700000e+00 7.910265e-01
2.750000e+00 1.009268e+00
2.800000e+00 1.022648e+00
2.850000e+00 6.449313e-01
2.900000e+00 5.171077e-01
2.950000e+00 8.453903e-01
3.000000e+00 3.499310e-01
3.050000e+00 5.999423e-01
3.100000e+00 6.975768e-01
3.150000e+00 5.128512e-01
3.200000e+00 3.311823e-02
3.250000e+00 3.271725e-01
3.300000e+00 1.352496e-01
3.350000e+00 1.820946e-01
3.400000e+00 4.645657e-01
3.450000e+00 1.319681e+00
3.500000e+00 6.874091e-01
3.550000e+00 1.268402e-01
3.600000e+00 1.233636e-01
3.650000e+00 6.498305e-01
3.700000e+00 4.895368e-02
3.750000e+00 1.574444e-01
3.800000e+00 1.316333e-02
3.850000e+00 3.004555e-01
3.900000e+00 5.301772e-01
3.950000e+00 1.455797e-01
4.000000e+00 3.068250e-02
4.050000e+00 3.657584e-02
4.100000e+00 3.737192e-01
4.150000e+00 1.771778e-03
4.200000e+00 4.461290e-03
4.250000e+00 1.380259e-02
4.300000e+00 6.058421e-01
4.350000e+00 1.638836e-02
4.400000e+00 3.979347e-02
4.450000e+00 3.238758e-02
4.500000e+00 2.372409e-02
4.550000e+00 1.789213e-02
4.600000e+00 5.580620e-04
4.650000e+00 5.461268e-01
4.700000e+00 7.774168e-02
4.750000e+00 4.414175e-04
4.800000e+00 7.473322e-02
4.850000e+00 9.070578e-05
4.900000e+00 4.227225e-04
4.950000e+00 1.125076e-02
