0.000000e+00 2.087686e+00
5.000000e-02 2.234195e+00
1.000000e-01 2.405355e+00
1.500000e-01 2.455133e+00
2.000000e-01 2.060974e+00
2.500000e-01 1.892605e+00
3.000000e-01 2.077199e+00
3.500000e-01 2.067358e+00
4.000000e-01 2.467807e+00
4.500000e-01 2.423383e+00
5.000000e-01 2.547239e+00
5.500000e-01 2.158799e+00
6.000000e-01 1.926035e+00
6.500000e-01 1.713806e+00
7.000000e-01 2.114469e+00
7.500000e-01 1.924225e+00
8.000000e-01 2.100884e+00
8.500000e-01 1.973248e+00
9.000000e-01 1.847918e+00
9.500000e-01 2.046637e+00
1.000000e+00 1.497187e+00
1.050000e+00 1.591236e+00
1.100000e+00 1.469707e+00
1.150000e+00 1.410669e+00
1.200000e+00 1.669309e+00
1.250000e+00 1.503578e+00
1.300000e+00 1.069005e+00
1.350000e+00 1.530823e+00
1.400000e+00 1.960398e+00
1.450000e+00 1.616975e+00
1.500000e+00 1.757626e+00
1.550000e+00 1.739941e+00
1.600000e+00 1.513911e+00
1.650000e+00 1.726593e+00
1.700000e+00 1.402187e+00
1.750000e+00 9.746565e-01
1.800000e+00 1.147302e+00
1.850000e+00 5.868033e-01
1.900000e+00 1.684149e+00
1.950000e+00 1.405583e+00
2.000000e+00 1.204789e+00
2.050000e+00 4.114629e-01
2.100000e+00 1.214397e+00
2.150000e+00 8.182858e-01
2.200000e+00 6.899154e-01
2.250000e+00 1.282600e+00
2.300000e+00 3.234935e-01
2.350000e+00 1.158819e+00
2.400000e+00 5.890965e-01
2.450000e+00 1.103969e+00
2.500000e+00 1.124309e+00
2.550000e+00 7.834742e-01
2.600000e+00 2.543055e-01
2.650000e+00 1.007871e+00
2.700000e+00 5.860461e-01
2.750000e+00 5.043174e-01
2.800000e+00 3.904176e-01
2.850000e+00 1.279222e-01
2.900000e+00 9.487070e-01
2.950000e+00 8.722129e-01
3.000000e+00 2.615646e-01
3.050000e+00 5.199630e-01
3.100000e+00 4.221039e-01
3.150000e+00 1.261870e-02
3.200000e+00 1.452518e-01
3.250000e+00 4.194757e-01
3.300000e+00 5.340956e-02
3.350000e+00 8.156941e-02
3.400000e+00 4.745956e-01
3.450000e+00 9.595839e-01
3.500000e+00 5.543415e-02
3.550000e+00 8.432345e-01
3.600000e+00 9.064058e-02
3.650000e+00 1.979366e-01
3.700000e+00 5.250304e-02
3.750000e+00 1.126147e-02
3.800000e+00 3.295613e-02
3.850000e+00 1.429399e-02
3.900000e+00 1.642194e-02
3.950000e+00 1.813929e-03
4.000000e+00 2.488899e-01
4.050000e+00 1.014572e-03
4.100000e+00 2.230106e-02
4.150000e+00 2.236326e-02
4.200000e+00 1.788785e-02
4.250000e+00 2.841768e-02
4.300000e+00 1.359261e-01
4.350000e+00 7.384587e-03
4.400000e+00 6.348359e-01
4.450000e+00 1.418905e-02
4.500000e+00 1.501091e-03
4.550000e+00 1.378056e-01
4.600000e+00 3.230272e-03
4.650000e+00 1.510014e-04
4.700000e+00 7.225278e-06
4.750000e+00 1.083645e-02
4.800000e+00 1.514420e-05
4.850000e+00 1.944143e-05
4.900000e+00 3.855895e-04
4.950000e+00 3.379211e-02
