0.000000e+00 2.087686e+00
5.000000e-02 2.114855e+00
1.000000e-01 2.352262e+00
1.500000e-01 2.422567e+00
2.000000e-01 2.111938e+00
2.500000e-01 2.375258e+00
3.000000e-01 2.229877e+00
3.500000e-01 2.392832e+00
4.000000e-01 2.198452e+00
4.500000e-01 2.005182e+00
5.000000e-01 2.189430e+00
5.500000e-01 1.773848e+00
6.000000e-01 1.554997e+00
6.500000e-01 1.912152e+00
7.000000e-01 1.695784e+00
7.500000e-01 1.455545e+00
8.000000e-01 1.704612e+00
8.500000e-01 1.523634e+00
9.000000e-01 2.202670e+00
9.500000e-01 1.013077e+00
1.000000e+00 1.473634e+00
1.050000e+00 1.315299e+00
1.100000e+00 1.352208e+00
1.150000e+00 1.710205e+00
1.200000e+00 1.201385e+00
1.250000e+00 1.203718e+00
1.300000e+00 1.354831e+00
1.350000e+00 1.090429e+00
1.400000e+00 1.083088e+00
1.450000e+00 8.983234e-01
1.500000e+00 1.422801e+00
1.550000e+00 1.058755e+00
1.600000e+00 1.122720e+00
1.650000e+00 1.236631e+00
1.700000e+00 1.583244e+00
1.750000e+00 1.115582e+00
1.800000e+00 5.980696e-01
1.850000e+00 8.429938e-01
1.900000e+00 2.876422e-01
1.950000e+00 7.144448e-01
2.000000e+00 1.262420e+00
2.050000e+00 6.817239e-01
2.100000e+00 6.036220e-01
2.150000e+00 1.046345e+00
2.200000e+00 1.198566e+00
2.250000e+00 8.871161e-01
2.300000e+00 6.769582e-01
2.350000e+00 9.260351e-01
2.400000e+00 2.366004e-01
2.450000e+00 1.483676e-01
2.500000e+00 3.559342e-01
2.550000e+00 9.373054e-01
2.600000e+00 1.387339e-01
2.650000e+00 1.032857e-01
2.700000e+00 1.035141e-01
2.750000e+00 2.630609e-01
2.800000e+00 9.293487e-02
2.850000e+00 6.547035e-01
2.900000e+00 8.927336e-01
2.950000e+00 2.696465e-02
3.000000e+00 3.199194e-01
3.050000e+00 7.872351e-01
3.100000e+00 2.218253e-01
3.150000e+00 3.620645e-01
3.200000e+00 9.805756e-02
3.250000e+00 1.891912e-01
3.300000e+00 2.379563e-02
3.350000e+00 2.146102e-01
3.400000e+00 8.896735e-01
3.450000e+00 7.406541e-02
3.500000e+00 6.451343e-03
3.550000e+00 2.847211e-01
3.600000e+00 6.720546e-02
3.650000e+00 2.094748e-01
3.700000e+00 5.636023e-01
3.750000e+00 2.639478e-02
3.800000e+00 1.391737e-02
3.850000e+00 2.016360e-02
3.900000e+00 6.502704e-01
3.950000e+00 2.005056e-02
4.000000e+00 4.016931e-01
4.050000e+00 2.723232e-01
4.100000e+00 4.383485e-01
4.150000e+00 8.154848e-03
4.200000e+00 6.568599e-02
4.250000e+00 6.492003e-02
4.300000e+00 1.638315e-01
4.350000e+00 4.487934e-02
4.400000e+00 1.378392e-02
4.450000e+00 2.957977e-01
4.500000e+00 6.710454e-03
4.550000e+00 5.322923e-04
4.600000e+00 9.404093e-03
4.650000e+00 2.235350e-03
4.700000e+00 7.601182e-03
4.750000e+00 2.124914e-06
4.800000e+00 2.751578e-03
4.850000e+00 1.446923e-05
4.900000e+00 1.979695e-04
4.950000e+00 2.828784e-05
