-5.000000e-02 5.670265e+00
-4.990000e-02 5.636477e+00
-4.980000e-02 5.603379e+00
-4.970000e-02 5.571033e+00
-4.960000e-02 5.538502e+00
-4.950000e-02 5.510034e+00
-4.940000e-02 5.483085e+00
-4.930000e-02 5.457719e+00
-4.920000e-02 5.433976e+00
-4.910000e-02 5.411867e+00
-4.900000e-02 5.391380e+00
-4.890000e-02 5.372483e+00
-4.880000e-02 5.355131e+00
-4.870000e-02 5.339262e+00
-4.860000e-02 5.324809e+00
-4.850000e-02 5.311698e+00
-4.840000e-02 5.299853e+00
-4.830000e-02 5.289195e+00
-4.820000e-02 5.279650e+00
-4.810000e-02 5.271144e+00
-4.800000e-02 5.263613e+00
-4.790000e-02 5.256994e+00
-4.780000e-02 5.251236e+00
-4.770000e-02 5.246293e+00
-4.760000e-02 5.242131e+00
-4.750000e-02 5.238723e+00
-4.740000e-02 5.236052e+00
-4.730000e-02 5.234109e+00
-4.720000e-02 5.232894e+00
-4.710000e-02 5.232414e+00
-4.700000e-02 5.232681e+00
-4.690000e-02 5.233711e+00
-4.680000e-02 5.235524e+00
-4.670000e-02 5.238137e+00
-4.660000e-02 5.241565e+00
-4.650000e-02 5.245820e+00
-4.640000e-02 5.250903e+00
-4.630000e-02 5.256807e+00
-4.620000e-02 5.263512e+00
-4.610000e-02 5.270984e+00
-4.600000e-02 5.279175e+00
-4.590000e-02 5.288025e+00
-4.580000e-02 5.297462e+00
-4.570000e-02 5.307406e+00
-4.560000e-02 5.317774e+00
-4.550000e-02 5.328485e+00
-4.540000e-02 5.339468e+00
-4.530000e-02 5.350664e+00
-4.520000e-02 5.362037e+00
-4.510000e-02 5.373574e+00
-4.500000e-02 5.385292e+00
-4.490000e-02 5.397234e+00
-4.480000e-02 5.409474e+00
-4.470000e-02 5.422107e+00
-4.460000e-02 5.435249e+00
-4.450000e-02 5.449028e+00
-4.440000e-02 5.463576e+00
-4.430000e-02 5.479023e+00
-4.420000e-02 5.495486e+00
-4.410000e-02 5.513064e+00
-4.400000e-02 5.531830e+00
-4.390000e-02 5.551822e+00
-4.380000e-02 5.573038e+00
-4.370000e-02 5.595429e+00
-4.360000e-02 5.618898e+00
-4.350000e-02 5.643287e+00
-4.340000e-02 5.668380e+00
-4.330000e-02 5.693893e+00
-4.320000e-02 5.719481e+00
-4.310000e-02 5.744731e+00
-4.300000e-02 5.769170e+00
-4.290000e-02 5.792277e+00
-4.280000e-02 5.813496e+00
-4.270000e-02 5.832259e+00
-4.260000e-02 5.848018e+00
-4.250000e-02 5.860277e+00
-4.240000e-02 5.868628e+00
-4.230000e-02 5.872788e+00
-4.220000e-02 5.872623e+00
-4.210000e-02 5.868162e+00
-4.200000e-02 5.859601e+00
-4.190000e-02 5.847288e+00
-4.180000e-02 5.831688e+00
-4.170000e-02 5.813351e+00
-4.160000e-02 5.792870e+00
-4.150000e-02 5.770835e+00
-4.140000e-02 5.747806e+00
-4.130000e-02 5.724284e+00
-4.120000e-02 5.700693e+00
-4.110000e-02 5.677377e+00
-4.100000e-02 5.654598e+00
-4.090000e-02 5.632536e+00
-4.080000e-02 5.611292e+00
-4.070000e-02 5.590848e+00
-4.060000e-02 5.571306e+00
-4.050000e-02 5.555315e+00
-4.040000e-02 5.539959e+00
-4.030000e-02 5.525618e+00
-4.020000e-02 5.512349e+00
-4.010000e-02 5.500167e+00
-4.000000e-02 5.489078e+00
-3.990000e-02 5.479088e+00
-3.980000e-02 5.470208e+00
-3.970000e-02 5.462452e+00
-3.960000e-02 5.455838e+00
-3.950000e-02 5.450393e+00
-3.940000e-02 5.446145e+00
-3.930000e-02 5.443126e+00
-3.920000e-02 5.441374e+00
-3.910000e-02 5.440926e+00
-3.900000e-02 5.441824e+00
-3.890000e-02 5.444110e+00
-3.880000e-02 5.447825e+00
-3.870000e-02 5.453008e+00
-3.860000e-02 5.459695e+00
-3.850000e-02 5.467915e+00
-3.840000e-02 5.477684e+00
-3.830000e-02 5.489008e+00
-3.820000e-02 5.501871e+00
-3.810000e-02 5.516232e+00
-3.800000e-02 5.532018e+00
-3.790000e-02 5.549116e+00
-3.780000e-02 5.567362e+00
-3.770000e-02 5.586533e+00
-3.760000e-02 5.606332e+00
-3.750000e-02 5.626378e+00
-3.740000e-02 5.646193e+00
-3.730000e-02 5.665192e+00
-3.720000e-02 5.682682e+00
-3.710000e-02 5.697870e+00
-3.700000e-02 5.709888e+00
-3.690000e-02 5.717844e+00
-3.680000e-02 5.720895e+00
-3.670000e-02 5.718349e+00
-3.660000e-02 5.709776e+00
-3.650000e-02 5.695117e+00
-3.640000e-02 5.674741e+00
-3.630000e-02 5.649460e+00
-3.620000e-02 5.620456e+00
-3.610000e-02 5.589153e+00
-3.600000e-02 5.557059e+00
-3.590000e-02 5.525607e+00
-3.580000e-02 5.496036e+00
-3.570000e-02 5.469319e+00
-3.560000e-02 5.446144e+00
-3.550000e-02 5.426936e+00
-3.540000e-02 5.411899e+00
-3.530000e-02 5.401072e+00
-3.520000e-02 5.394376e+00
-3.510000e-02 5.391660e+00
-3.500000e-02 5.392734e+00
-3.490000e-02 5.397398e+00
-3.480000e-02 5.405448e+00
-3.470000e-02 5.416693e+00
-3.460000e-02 5.430950e+00
-3.450000e-02 5.448044e+00
-3.440000e-02 5.467804e+00
-3.430000e-02 5.490048e+00
-3.420000e-02 5.514575e+00
-3.410000e-02 5.541149e+00
-3.400000e-02 5.569483e+00
-3.390000e-02 5.599220e+00
-3.380000e-02 5.629914e+00
-3.370000e-02 5.661018e+00
-3.360000e-02 5.691871e+00
-3.350000e-02 5.721696e+00
-3.340000e-02 5.749623e+00
-3.330000e-02 5.774717e+00
-3.320000e-02 5.796040e+00
-3.310000e-02 5.812736e+00
-3.300000e-02 5.824118e+00
-3.290000e-02 5.829755e+00
-3.280000e-02 5.829542e+00
-3.270000e-02 5.823721e+00
-3.260000e-02 5.812854e+00
-3.250000e-02 5.797758e+00
-3.240000e-02 5.779407e+00
-3.230000e-02 5.758825e+00
-3.220000e-02 5.736994e+00
-3.210000e-02 5.714787e+00
-3.200000e-02 5.692929e+00
-3.190000e-02 5.671976e+00
-3.180000e-02 5.652327e+00
-3.170000e-02 5.634234e+00
-3.160000e-02 5.617829e+00
-3.150000e-02 5.603144e+00
-3.140000e-02 5.590135e+00
-3.130000e-02 5.578700e+00
-3.120000e-02 5.568700e+00
-3.110000e-02 5.559969e+00
-3.100000e-02 5.552332e+00
-3.090000e-02 5.545612e+00
-3.080000e-02 5.539641e+00
-3.070000e-02 5.534271e+00
-3.060000e-02 5.529378e+00
-3.050000e-02 5.524868e+00
-3.040000e-02 5.520682e+00
-3.030000e-02 5.516797e+00
-3.020000e-02 5.513225e+00
-3.010000e-02 5.510012e+00
-3.000000e-02 5.507236e+00
-2.990000e-02 5.504999e+00
-2.980000e-02 5.503421e+00
-2.970000e-02 5.502635e+00
-2.960000e-02 5.502779e+00
-2.950000e-02 5.503989e+00
-2.940000e-02 5.506392e+00
-2.930000e-02 5.510101e+00
-2.920000e-02 5.515208e+00
-2.910000e-02 5.521781e+00
-2.900000e-02 5.529858e+00
-2.890000e-02 5.539442e+00
-2.880000e-02 5.550500e+00
-2.870000e-02 5.562957e+00
-2.860000e-02 5.576699e+00
-2.850000e-02 5.591568e+00
-2.840000e-02 5.607363e+00
-2.830000e-02 5.623849e+00
-2.820000e-02 5.640757e+00
-2.810000e-02 5.657795e+00
-2.800000e-02 5.674664e+00
-2.790000e-02 5.691065e+00
-2.780000e-02 5.706721e+00
-2.770000e-02 5.721392e+00
-2.760000e-02 5.734884e+00
-2.750000e-02 5.747064e+00
-2.740000e-02 5.757862e+00
-2.730000e-02 5.767273e+00
-2.720000e-02 5.775349e+00
-2.710000e-02 5.782190e+00
-2.700000e-02 5.787934e+00
-2.690000e-02 5.792739e+00
-2.680000e-02 5.796775e+00
-2.670000e-02 5.800208e+00
-2.660000e-02 5.803196e+00
-2.650000e-02 5.805881e+00
-2.640000e-02 5.808388e+00
-2.630000e-02 5.810821e+00
-2.620000e-02 5.813263e+00
-2.610000e-02 5.815780e+00
-2.600000e-02 5.818417e+00
-2.590000e-02 5.821203e+00
-2.580000e-02 5.824145e+00
-2.570000e-02 5.827233e+00
-2.560000e-02 5.830435e+00
-2.550000e-02 5.833699e+00
-2.540000e-02 5.836950e+00
-2.530000e-02 5.840096e+00
-2.520000e-02 5.843027e+00
-2.510000e-02 5.845621e+00
-2.500000e-02 5.847751e+00
-2.490000e-02 5.849291e+00
-2.480000e-02 5.850128e+00
-2.470000e-02 5.850169e+00
-2.460000e-02 5.849351e+00
-2.450000e-02 5.847648e+00
-2.440000e-02 5.845075e+00
-2.430000e-02 5.841695e+00
-2.420000e-02 5.837608e+00
-2.410000e-02 5.832956e+00
-2.400000e-02 5.827907e+00
-2.390000e-02 5.822649e+00
-2.380000e-02 5.817377e+00
-2.370000e-02 5.812279e+00
-2.360000e-02 5.807525e+00
-2.350000e-02 5.803257e+00
-2.340000e-02 5.799579e+00
-2.330000e-02 5.796551e+00
-2.320000e-02 5.794181e+00
-2.310000e-02 5.792430e+00
-2.300000e-02 5.791204e+00
-2.290000e-02 5.790362e+00
-2.280000e-02 5.789722e+00
-2.270000e-02 5.789065e+00
-2.260000e-02 5.788148e+00
-2.250000e-02 5.786719e+00
-2.240000e-02 5.784525e+00
-2.230000e-02 5.781334e+00
-2.220000e-02 5.776943e+00
-2.210000e-02 5.771195e+00
-2.200000e-02 5.763984e+00
-2.190000e-02 5.755267e+00
-2.180000e-02 5.745060e+00
-2.170000e-02 5.733438e+00
-2.160000e-02 5.720530e+00
-2.150000e-02 5.706505e+00
-2.140000e-02 5.691563e+00
-2.130000e-02 5.675923e+00
-2.120000e-02 5.659811e+00
-2.110000e-02 5.643449e+00
-2.100000e-02 5.627044e+00
-2.090000e-02 5.610783e+00
-2.080000e-02 5.594826e+00
-2.070000e-02 5.579305e+00
-2.060000e-02 5.564317e+00
-2.050000e-02 5.549933e+00
-2.040000e-02 5.536191e+00
-2.030000e-02 5.523103e+00
-2.020000e-02 5.510661e+00
-2.010000e-02 5.498836e+00
-2.000000e-02 5.487589e+00
-1.990000e-02 5.476873e+00
-1.980000e-02 5.466640e+00
-1.970000e-02 5.456847e+00
-1.960000e-02 5.447455e+00
-1.950000e-02 5.438442e+00
-1.940000e-02 5.429793e+00
-1.930000e-02 5.421511e+00
-1.920000e-02 5.413610e+00
-1.910000e-02 5.406113e+00
-1.900000e-02 5.399054e+00
-1.890000e-02 5.392467e+00
-1.880000e-02 5.386390e+00
-1.870000e-02 5.380857e+00
-1.860000e-02 5.375893e+00
-1.850000e-02 5.371519e+00
-1.840000e-02 5.367742e+00
-1.830000e-02 5.364563e+00
-1.820000e-02 5.361969e+00
-1.810000e-02 5.359942e+00
-1.800000e-02 5.358452e+00
-1.790000e-02 5.357466e+00
-1.780000e-02 5.356942e+00
-1.770000e-02 5.356835e+00
-1.760000e-02 5.357090e+00
-1.750000e-02 5.357647e+00
-1.740000e-02 5.358435e+00
-1.730000e-02 5.359370e+00
-1.720000e-02 5.360356e+00
-1.710000e-02 5.361280e+00
-1.700000e-02 5.362014e+00
-1.690000e-02 5.362419e+00
-1.680000e-02 5.362346e+00
-1.670000e-02 5.361644e+00
-1.660000e-02 5.360170e+00
-1.650000e-02 5.357795e+00
-1.640000e-02 5.354415e+00
-1.630000e-02 5.349957e+00
-1.620000e-02 5.344386e+00
-1.610000e-02 5.337710e+00
-1.600000e-02 5.329973e+00
-1.590000e-02 5.321261e+00
-1.580000e-02 5.311688e+00
-1.570000e-02 5.301397e+00
-1.560000e-02 5.290547e+00
-1.550000e-02 5.279310e+00
-1.540000e-02 5.267860e+00
-1.530000e-02 5.256371e+00
-1.520000e-02 5.245015e+00
-1.510000e-02 5.233955e+00
-1.500000e-02 5.223343e+00
-1.490000e-02 5.213324e+00
-1.480000e-02 5.204033e+00
-1.470000e-02 5.195593e+00
-1.460000e-02 5.188119e+00
-1.450000e-02 5.181712e+00
-1.440000e-02 5.176466e+00
-1.430000e-02 5.172459e+00
-1.420000e-02 5.169754e+00
-1.410000e-02 5.168399e+00
-1.400000e-02 5.168422e+00
-1.390000e-02 5.169824e+00
-1.380000e-02 5.172582e+00
-1.370000e-02 5.176640e+00
-1.360000e-02 5.181905e+00
-1.350000e-02 5.188247e+00
-1.340000e-02 5.195494e+00
-1.330000e-02 5.203431e+00
-1.320000e-02 5.211805e+00
-1.310000e-02 5.220326e+00
-1.300000e-02 5.228677e+00
-1.290000e-02 5.236528e+00
-1.280000e-02 5.243544e+00
-1.270000e-02 5.249407e+00
-1.260000e-02 5.253832e+00
-1.250000e-02 5.256583e+00
-1.240000e-02 5.257489e+00
-1.230000e-02 5.256450e+00
-1.220000e-02 5.253441e+00
-1.210000e-02 5.248515e+00
-1.200000e-02 5.241788e+00
-1.190000e-02 5.233435e+00
-1.180000e-02 5.223671e+00
-1.170000e-02 5.212736e+00
-1.160000e-02 5.200883e+00
-1.150000e-02 5.188365e+00
-1.140000e-02 5.175423e+00
-1.130000e-02 5.162282e+00
-1.120000e-02 5.149146e+00
-1.110000e-02 5.136197e+00
-1.100000e-02 5.123595e+00
-1.090000e-02 5.111477e+00
-1.080000e-02 5.099963e+00
-1.070000e-02 5.089155e+00
-1.060000e-02 5.079141e+00
-1.050000e-02 5.069993e+00
-1.040000e-02 5.061773e+00
-1.030000e-02 5.054529e+00
-1.020000e-02 5.048298e+00
-1.010000e-02 5.043102e+00
-1.000000e-02 5.038954e+00
-9.900000e-03 5.035849e+00
-9.800000e-03 5.033770e+00
-9.700000e-03 5.032685e+00
-9.600000e-03 5.032550e+00
-9.500000e-03 5.033304e+00
-9.400000e-03 5.034876e+00
-9.300000e-03 5.037182e+00
-9.200000e-03 5.040132e+00
-9.100000e-03 5.043627e+00
-9.000000e-03 5.047567e+00
-8.900000e-03 5.051854e+00
-8.800000e-03 5.056390e+00
-8.700000e-03 5.061090e+00
-8.600000e-03 5.065874e+00
-8.500000e-03 5.070678e+00
-8.400000e-03 5.075450e+00
-8.300000e-03 5.080153e+00
-8.200000e-03 5.084764e+00
-8.100000e-03 5.089270e+00
-8.000000e-03 5.093670e+00
-7.900000e-03 5.097968e+00
-7.800000e-03 5.102178e+00
-7.700000e-03 5.106316e+00
-7.600000e-03 5.110398e+00
-7.500000e-03 5.114448e+00
-7.400000e-03 5.118486e+00
-7.300000e-03 5.122539e+00
-7.200000e-03 5.126632e+00
-7.100000e-03 5.130795e+00
-7.000000e-03 5.135059e+00
-6.900000e-03 5.139461e+00
-6.800000e-03 5.144034e+00
-6.700000e-03 5.148816e+00
-6.600000e-03 5.153841e+00
-6.500000e-03 5.159141e+00
-6.400000e-03 5.164743e+00
-6.300000e-03 5.170666e+00
-6.200000e-03 5.176921e+00
-6.100000e-03 5.183508e+00
-6.000000e-03 5.190414e+00
-5.900000e-03 5.197619e+00
-5.800000e-03 5.205088e+00
-5.700000e-03 5.212779e+00
-5.600000e-03 5.220642e+00
-5.500000e-03 5.228620e+00
-5.400000e-03 5.236657e+00
-5.300000e-03 5.244695e+00
-5.200000e-03 5.252680e+00
-5.100000e-03 5.260563e+00
-5.000000e-03 5.268304e+00
-4.900000e-03 5.275871e+00
-4.800000e-03 5.283243e+00
-4.700000e-03 5.290408e+00
-4.600000e-03 5.297365e+00
-4.500000e-03 5.304124e+00
-4.400000e-03 5.310703e+00
-4.300000e-03 5.317128e+00
-4.200000e-03 5.323435e+00
-4.100000e-03 5.329663e+00
-4.000000e-03 5.335857e+00
-3.900000e-03 5.342067e+00
-3.800000e-03 5.348343e+00
-3.700000e-03 5.354740e+00
-3.600000e-03 5.361308e+00
-3.500000e-03 5.368100e+00
-3.400000e-03 5.375164e+00
-3.300000e-03 5.382542e+00
-3.200000e-03 5.390273e+00
-3.100000e-03 5.398388e+00
-3.000000e-03 5.406910e+00
-2.900000e-03 5.415852e+00
-2.800000e-03 5.425219e+00
-2.700000e-03 5.435006e+00
-2.600000e-03 5.445198e+00
-2.500000e-03 5.455771e+00
-2.400000e-03 5.466690e+00
-2.300000e-03 5.477913e+00
-2.200000e-03 5.489390e+00
-2.100000e-03 5.501063e+00
-2.000000e-03 5.512869e+00
-1.900000e-03 5.524737e+00
-1.800000e-03 5.536593e+00
-1.700000e-03 5.548359e+00
-1.600000e-03 5.559950e+00
-1.500000e-03 5.571279e+00
-1.400000e-03 5.582254e+00
-1.300000e-03 5.592779e+00
-1.200000e-03 5.602754e+00
-1.100000e-03 5.612074e+00
-1.000000e-03 5.620631e+00
-9.000000e-04 5.628318e+00
-8.000000e-04 5.635030e+00
-7.000000e-04 5.640674e+00
-6.000000e-04 5.645175e+00
-5.000000e-04 5.648486e+00
-4.000000e-04 5.650603e+00
-3.000000e-04 5.651569e+00
-2.000000e-04 5.651484e+00
-1.000000e-04 5.650506e+00
1.429412e-15 5.648847e+00
1.000000e-04 5.646763e+00
2.000000e-04 5.644537e+00
3.000000e-04 5.642469e+00
4.000000e-04 5.640847e+00
5.000000e-04 5.639939e+00
6.000000e-04 5.639969e+00
7.000000e-04 5.641112e+00
8.000000e-04 5.643482e+00
9.000000e-04 5.647131e+00
1.000000e-03 5.652045e+00
1.100000e-03 5.658152e+00
1.200000e-03 5.665323e+00
1.300000e-03 5.673387e+00
1.400000e-03 5.682137e+00
1.500000e-03 5.691343e+00
1.600000e-03 5.700767e+00
1.700000e-03 5.710171e+00
1.800000e-03 5.719333e+00
1.900000e-03 5.728052e+00
2.000000e-03 5.736155e+00
2.100000e-03 5.743498e+00
2.200000e-03 5.749969e+00
2.300000e-03 5.755478e+00
2.400000e-03 5.759952e+00
2.500000e-03 5.763324e+00
2.600000e-03 5.765528e+00
2.700000e-03 5.766481e+00
2.800000e-03 5.766084e+00
2.900000e-03 5.764212e+00
3.000000e-03 5.760714e+00
3.100000e-03 5.755416e+00
3.200000e-03 5.748133e+00
3.300000e-03 5.738679e+00
3.400000e-03 5.726884e+00
3.500000e-03 5.712617e+00
3.600000e-03 5.695804e+00
3.700000e-03 5.676446e+00
3.800000e-03 5.654633e+00
3.900000e-03 5.630548e+00
4.000000e-03 5.604470e+00
4.100000e-03 5.576758e+00
4.200000e-03 5.547838e+00
4.300000e-03 5.518183e+00
4.400000e-03 5.488285e+00
4.500000e-03 5.458641e+00
4.600000e-03 5.429729e+00
4.700000e-03 5.401996e+00
4.800000e-03 5.375846e+00
4.900000e-03 5.351638e+00
5.000000e-03 5.329679e+00
5.100000e-03 5.310227e+00
5.200000e-03 5.293494e+00
5.300000e-03 5.279646e+00
5.400000e-03 5.268806e+00
5.500000e-03 5.261062e+00
5.600000e-03 5.256460e+00
5.700000e-03 5.255012e+00
5.800000e-03 5.256690e+00
5.900000e-03 5.261426e+00
6.000000e-03 5.269107e+00
6.100000e-03 5.279567e+00
6.200000e-03 5.292586e+00
6.300000e-03 5.307878e+00
6.400000e-03 5.325090e+00
6.500000e-03 5.343799e+00
6.600000e-03 5.363511e+00
6.700000e-03 5.383677e+00
6.800000e-03 5.403704e+00
6.900000e-03 5.422981e+00
7.000000e-03 5.440919e+00
7.100000e-03 5.456982e+00
7.200000e-03 5.470730e+00
7.300000e-03 5.481856e+00
7.400000e-03 5.490203e+00
7.500000e-03 5.495778e+00
7.600000e-03 5.498740e+00
7.700000e-03 5.499380e+00
7.800000e-03 5.498080e+00
7.900000e-03 5.495283e+00
8.000000e-03 5.491445e+00
8.100000e-03 5.487007e+00
8.200000e-03 5.482369e+00
8.300000e-03 5.477870e+00
8.400000e-03 5.473781e+00
8.500000e-03 5.470302e+00
8.600000e-03 5.467565e+00
8.700000e-03 5.465639e+00
8.800000e-03 5.464533e+00
8.900000e-03 5.464208e+00
9.000000e-03 5.464580e+00
9.100000e-03 5.465527e+00
9.200000e-03 5.466896e+00
9.300000e-03 5.468506e+00
9.400000e-03 5.470157e+00
9.500000e-03 5.471635e+00
9.600000e-03 5.472715e+00
9.700000e-03 5.473178e+00
9.800000e-03 5.472809e+00
9.900000e-03 5.471415e+00
1.000000e-02 5.468828e+00
1.010000e-02 5.464918e+00
1.020000e-02 5.459602e+00
1.030000e-02 5.452843e+00
1.040000e-02 5.444664e+00
1.050000e-02 5.435138e+00
1.060000e-02 5.424395e+00
1.070000e-02 5.412608e+00
1.080000e-02 5.399993e+00
1.090000e-02 5.386795e+00
1.100000e-02 5.373277e+00
1.110000e-02 5.359713e+00
1.120000e-02 5.346376e+00
1.130000e-02 5.333527e+00
1.140000e-02 5.321414e+00
1.150000e-02 5.310261e+00
1.160000e-02 5.300264e+00
1.170000e-02 5.291594e+00
1.180000e-02 5.284389e+00
1.190000e-02 5.278760e+00
1.200000e-02 5.274785e+00
1.210000e-02 5.272520e+00
1.220000e-02 5.271991e+00
1.230000e-02 5.273205e+00
1.240000e-02 5.276147e+00
1.250000e-02 5.280785e+00
1.260000e-02 5.287075e+00
1.270000e-02 5.294958e+00
1.280000e-02 5.304366e+00
1.290000e-02 5.315222e+00
1.300000e-02 5.327443e+00
1.310000e-02 5.340938e+00
1.320000e-02 5.355607e+00
1.330000e-02 5.371344e+00
1.340000e-02 5.388033e+00
1.350000e-02 5.405544e+00
1.360000e-02 5.423736e+00
1.370000e-02 5.442451e+00
1.380000e-02 5.461515e+00
1.390000e-02 5.480737e+00
1.400000e-02 5.499907e+00
1.410000e-02 5.518804e+00
1.420000e-02 5.537191e+00
1.430000e-02 5.554827e+00
1.440000e-02 5.571472e+00
1.450000e-02 5.586894e+00
1.460000e-02 5.600883e+00
1.470000e-02 5.613258e+00
1.480000e-02 5.623884e+00
1.490000e-02 5.632678e+00
1.500000e-02 5.639616e+00
1.510000e-02 5.644743e+00
1.520000e-02 5.648169e+00
1.530000e-02 5.650066e+00
1.540000e-02 5.650659e+00
1.550000e-02 5.650219e+00
1.560000e-02 5.649043e+00
1.570000e-02 5.647447e+00
1.580000e-02 5.645746e+00
1.590000e-02 5.644249e+00
1.600000e-02 5.643243e+00
1.610000e-02 5.642984e+00
1.620000e-02 5.643695e+00
1.630000e-02 5.645558e+00
1.640000e-02 5.648709e+00
1.650000e-02 5.653240e+00
1.660000e-02 5.659193e+00
1.670000e-02 5.666561e+00
1.680000e-02 5.675292e+00
1.690000e-02 5.685288e+00
1.700000e-02 5.696412e+00
1.710000e-02 5.708492e+00
1.720000e-02 5.721327e+00
1.730000e-02 5.734701e+00
1.740000e-02 5.748391e+00
1.750000e-02 5.762177e+00
1.760000e-02 5.775857e+00
1.770000e-02 5.789253e+00
1.780000e-02 5.802225e+00
1.790000e-02 5.814670e+00
1.800000e-02 5.826529e+00
1.810000e-02 5.837787e+00
1.820000e-02 5.848465e+00
1.830000e-02 5.858619e+00
1.840000e-02 5.868327e+00
1.850000e-02 5.877681e+00
1.860000e-02 5.886779e+00
1.870000e-02 5.895716e+00
1.880000e-02 5.904573e+00
1.890000e-02 5.913417e+00
1.900000e-02 5.922291e+00
1.910000e-02 5.931214e+00
1.920000e-02 5.940183e+00
1.930000e-02 5.949170e+00
1.940000e-02 5.958128e+00
1.950000e-02 5.966995e+00
1.960000e-02 5.975696e+00
1.970000e-02 5.984149e+00
1.980000e-02 5.992273e+00
1.990000e-02 5.999991e+00
2.000000e-02 6.007231e+00
2.010000e-02 6.013937e+00
2.020000e-02 6.020066e+00
2.030000e-02 6.025591e+00
2.040000e-02 6.030505e+00
2.050000e-02 6.034817e+00
2.060000e-02 6.038553e+00
2.070000e-02 6.041755e+00
2.080000e-02 6.044475e+00
2.090000e-02 6.046775e+00
2.100000e-02 6.048721e+00
2.110000e-02 6.050383e+00
2.120000e-02 6.051827e+00
2.130000e-02 6.053110e+00
2.140000e-02 6.054284e+00
2.150000e-02 6.055385e+00
2.160000e-02 6.056434e+00
2.170000e-02 6.057431e+00
2.180000e-02 6.058359e+00
2.190000e-02 6.059175e+00
2.200000e-02 6.059816e+00
2.210000e-02 6.060191e+00
2.220000e-02 6.060187e+00
2.230000e-02 6.059670e+00
2.240000e-02 6.058480e+00
2.250000e-02 6.056446e+00
2.260000e-02 6.053381e+00
2.270000e-02 6.049096e+00
2.280000e-02 6.043405e+00
2.290000e-02 6.036134e+00
2.300000e-02 6.027133e+00
2.310000e-02 6.016285e+00
2.320000e-02 6.003510e+00
2.330000e-02 5.988778e+00
2.340000e-02 5.972110e+00
2.350000e-02 5.953577e+00
2.360000e-02 5.933302e+00
2.370000e-02 5.911453e+00
2.380000e-02 5.888238e+00
2.390000e-02 5.863900e+00
2.400000e-02 5.838705e+00
2.410000e-02 5.812939e+00
2.420000e-02 5.786901e+00
2.430000e-02 5.760894e+00
2.440000e-02 5.735227e+00
2.450000e-02 5.710202e+00
2.460000e-02 5.686122e+00
2.470000e-02 5.663277e+00
2.480000e-02 5.641952e+00
2.490000e-02 5.622418e+00
2.500000e-02 5.604933e+00
2.510000e-02 5.589739e+00
2.520000e-02 5.577060e+00
2.530000e-02 5.567100e+00
2.540000e-02 5.560034e+00
2.550000e-02 5.556009e+00
2.560000e-02 5.555133e+00
2.570000e-02 5.557465e+00
2.580000e-02 5.563010e+00
2.590000e-02 5.571700e+00
2.600000e-02 5.583386e+00
2.610000e-02 5.597820e+00
2.620000e-02 5.614650e+00
2.630000e-02 5.633413e+00
2.640000e-02 5.653543e+00
2.650000e-02 5.674387e+00
2.660000e-02 5.695247e+00
2.670000e-02 5.715419e+00
2.680000e-02 5.734260e+00
2.690000e-02 5.751241e+00
2.700000e-02 5.766000e+00
2.710000e-02 5.778365e+00
2.720000e-02 5.788360e+00
2.730000e-02 5.796177e+00
2.740000e-02 5.802133e+00
2.750000e-02 5.806614e+00
2.760000e-02 5.810023e+00
2.770000e-02 5.812735e+00
2.780000e-02 5.815063e+00
2.790000e-02 5.817249e+00
2.800000e-02 5.819452e+00
2.810000e-02 5.821761e+00
2.820000e-02 5.824205e+00
2.830000e-02 5.826767e+00
2.840000e-02 5.829398e+00
2.850000e-02 5.832033e+00
2.860000e-02 5.834601e+00
2.870000e-02 5.837032e+00
2.880000e-02 5.839267e+00
2.890000e-02 5.841261e+00
2.900000e-02 5.842991e+00
2.910000e-02 5.844455e+00
2.920000e-02 5.845681e+00
2.930000e-02 5.846724e+00
2.940000e-02 5.847669e+00
2.950000e-02 5.848627e+00
2.960000e-02 5.849732e+00
2.970000e-02 5.851135e+00
2.980000e-02 5.852991e+00
2.990000e-02 5.855448e+00
3.000000e-02 5.858637e+00
3.010000e-02 5.862658e+00
3.020000e-02 5.867564e+00
3.030000e-02 5.873357e+00
3.040000e-02 5.879976e+00
3.050000e-02 5.887296e+00
3.060000e-02 5.895126e+00
3.070000e-02 5.903217e+00
3.080000e-02 5.911268e+00
3.090000e-02 5.918940e+00
3.100000e-02 5.925877e+00
3.110000e-02 5.931721e+00
3.120000e-02 5.936136e+00
3.130000e-02 5.938829e+00
3.140000e-02 5.939563e+00
3.150000e-02 5.938174e+00
3.160000e-02 5.934578e+00
3.170000e-02 5.928771e+00
3.180000e-02 5.920826e+00
3.190000e-02 5.910884e+00
3.200000e-02 5.899143e+00
3.210000e-02 5.885840e+00
3.220000e-02 5.871243e+00
3.230000e-02 5.855634e+00
3.240000e-02 5.839296e+00
3.250000e-02 5.822510e+00
3.260000e-02 5.805540e+00
3.270000e-02 5.788633e+00
3.280000e-02 5.772011e+00
3.290000e-02 5.755866e+00
3.300000e-02 5.740362e+00
3.310000e-02 5.725627e+00
3.320000e-02 5.711754e+00
3.330000e-02 5.698800e+00
3.340000e-02 5.686785e+00
3.350000e-02 5.675697e+00
3.360000e-02 5.665491e+00
3.370000e-02 5.656100e+00
3.380000e-02 5.647437e+00
3.390000e-02 5.639409e+00
3.400000e-02 5.631922e+00
3.410000e-02 5.624891e+00
3.420000e-02 5.618250e+00
3.430000e-02 5.611953e+00
3.440000e-02 5.605981e+00
3.450000e-02 5.600335e+00
3.460000e-02 5.595038e+00
3.470000e-02 5.590121e+00
3.480000e-02 5.585619e+00
3.490000e-02 5.581557e+00
3.500000e-02 5.577947e+00
3.510000e-02 5.574777e+00
3.520000e-02 5.572006e+00
3.530000e-02 5.569567e+00
3.540000e-02 5.567366e+00
3.550000e-02 5.565289e+00
3.560000e-02 5.563207e+00
3.570000e-02 5.560985e+00
3.580000e-02 5.558494e+00
3.590000e-02 5.555614e+00
3.600000e-02 5.552245e+00
3.610000e-02 5.548313e+00
3.620000e-02 5.543769e+00
3.630000e-02 5.538592e+00
3.640000e-02 5.532786e+00
3.650000e-02 5.526378e+00
3.660000e-02 5.519409e+00
3.670000e-02 5.511931e+00
3.680000e-02 5.504002e+00
3.690000e-02 5.495681e+00
3.700000e-02 5.487029e+00
3.710000e-02 5.478101e+00
3.720000e-02 5.468956e+00
3.730000e-02 5.459652e+00
3.740000e-02 5.450250e+00
3.750000e-02 5.440820e+00
3.760000e-02 5.431437e+00
3.770000e-02 5.422187e+00
3.780000e-02 5.413163e+00
3.790000e-02 5.404468e+00
3.800000e-02 5.396206e+00
3.810000e-02 5.388484e+00
3.820000e-02 5.381401e+00
3.830000e-02 5.375047e+00
3.840000e-02 5.369496e+00
3.850000e-02 5.364795e+00
3.860000e-02 5.360964e+00
3.870000e-02 5.357988e+00
3.880000e-02 5.355810e+00
3.890000e-02 5.354333e+00
3.900000e-02 5.353415e+00
3.910000e-02 5.352877e+00
3.920000e-02 5.352504e+00
3.930000e-02 5.352060e+00
3.940000e-02 5.351299e+00
3.950000e-02 5.349990e+00
3.960000e-02 5.347931e+00
3.970000e-02 5.344976e+00
3.980000e-02 5.341051e+00
3.990000e-02 5.336171e+00
4.000000e-02 5.330439e+00
4.010000e-02 5.324043e+00
4.020000e-02 5.317241e+00
4.030000e-02 5.310324e+00
4.040000e-02 5.303580e+00
4.050000e-02 5.297213e+00
4.060000e-02 5.290926e+00
4.070000e-02 5.285863e+00
4.080000e-02 5.283224e+00
4.090000e-02 5.281684e+00
4.100000e-02 5.281008e+00
4.110000e-02 5.280878e+00
4.120000e-02 5.280903e+00
4.130000e-02 5.280648e+00
4.140000e-02 5.279677e+00
4.150000e-02 5.277597e+00
4.160000e-02 5.274095e+00
4.170000e-02 5.268971e+00
4.180000e-02 5.262153e+00
4.190000e-02 5.253693e+00
4.200000e-02 5.243759e+00
4.210000e-02 5.232606e+00
4.220000e-02 5.220549e+00
4.230000e-02 5.207933e+00
4.240000e-02 5.195106e+00
4.250000e-02 5.182396e+00
4.260000e-02 5.170101e+00
4.270000e-02 5.158474e+00
4.280000e-02 5.147722e+00
4.290000e-02 5.138007e+00
4.300000e-02 5.129444e+00
4.310000e-02 5.122108e+00
4.320000e-02 5.116034e+00
4.330000e-02 5.111227e+00
4.340000e-02 5.107658e+00
4.350000e-02 5.105273e+00
4.360000e-02 5.103992e+00
4.370000e-02 5.103716e+00
4.380000e-02 5.104323e+00
4.390000e-02 5.105673e+00
4.400000e-02 5.107614e+00
4.410000e-02 5.109980e+00
4.420000e-02 5.112596e+00
4.430000e-02 5.115286e+00
4.440000e-02 5.117873e+00
4.450000e-02 5.120192e+00
4.460000e-02 5.122090e+00
4.470000e-02 5.123439e+00
4.480000e-02 5.124140e+00
4.490000e-02 5.124128e+00
4.500000e-02 5.123381e+00
4.510000e-02 5.121919e+00
4.520000e-02 5.119806e+00
4.530000e-02 5.117150e+00
4.540000e-02 5.114100e+00
4.550000e-02 5.110837e+00
4.560000e-02 5.107571e+00
4.570000e-02 5.104532e+00
4.580000e-02 5.101962e+00
4.590000e-02 5.100109e+00
4.600000e-02 5.099219e+00
4.610000e-02 5.099527e+00
4.620000e-02 5.101256e+00
4.630000e-02 5.104610e+00
4.640000e-02 5.109767e+00
4.650000e-02 5.116876e+00
4.660000e-02 5.126052e+00
4.670000e-02 5.137368e+00
4.680000e-02 5.150851e+00
4.690000e-02 5.166470e+00
4.700000e-02 5.184132e+00
4.710000e-02 5.203672e+00
4.720000e-02 5.224842e+00
4.730000e-02 5.247313e+00
4.740000e-02 5.270667e+00
4.750000e-02 5.294409e+00
4.760000e-02 5.317978e+00
4.770000e-02 5.340769e+00
4.780000e-02 5.362170e+00
4.790000e-02 5.381599e+00
4.800000e-02 5.398549e+00
4.810000e-02 5.412624e+00
4.820000e-02 5.423574e+00
4.830000e-02 5.431306e+00
4.840000e-02 5.435891e+00
4.850000e-02 5.437537e+00
4.860000e-02 5.436569e+00
4.870000e-02 5.433385e+00
4.880000e-02 5.428423e+00
4.890000e-02 5.422126e+00
4.900000e-02 5.414915e+00
4.910000e-02 5.407172e+00
4.920000e-02 5.399231e+00
4.930000e-02 5.391377e+00
4.940000e-02 5.383861e+00
4.950000e-02 5.376936e+00
4.960000e-02 5.371195e+00
4.970000e-02 5.370439e+00
4.980000e-02 5.366674e+00
4.990000e-02 5.362869e+00
