0.000000e+00 2.115184e+00
3.000000e-02 2.046977e+00
6.000000e-02 1.949730e+00
9.000000e-02 2.392619e+00
1.200000e-01 2.193029e+00
1.500000e-01 2.176094e+00
1.800000e-01 7.575700e-01
2.100000e-01 1.701430e+00
2.400000e-01 2.051771e+00
2.700000e-01 7.485387e-01
3.000000e-01 1.828881e+00
3.300000e-01 1.144477e+00
3.600000e-01 2.002798e+00
3.900000e-01 1.156688e+00
4.200000e-01 6.307872e-01
4.500000e-01 1.368550e+00
4.800000e-01 2.153487e+00
5.100000e-01 1.723923e+00
5.400000e-01 1.415522e+00
5.700000e-01 9.989194e-01
6.000000e-01 1.600717e+00
6.300000e-01 1.241796e+00
6.600000e-01 9.831015e-01
6.900000e-01 1.018310e+00
7.200000e-01 8.777247e-01
7.500000e-01 1.829990e+00
7.800000e-01 2.155815e+00
8.100000e-01 2.016783e+00
8.400000e-01 1.717430e+00
8.700000e-01 4.383964e-01
9.000000e-01 1.500978e+00
9.300000e-01 9.983459e-01
9.600000e-01 1.024241e+00
9.900000e-01 5.741022e-01
1.020000e+00 8.624625e-01
1.050000e+00 3.667508e-01
1.080000e+00 1.511242e+00
1.110000e+00 2.339727e-01
1.140000e+00 1.283208e+00
1.170000e+00 6.804526e-01
1.200000e+00 1.512477e+00
1.230000e+00 1.764458e+00
1.260000e+00 6.125668e-01
1.290000e+00 4.344740e-02
1.320000e+00 4.112893e-01
1.350000e+00 2.595180e-02
1.380000e+00 1.864023e-01
1.410000e+00 1.950076e-01
1.440000e+00 1.159622e-01
1.470000e+00 8.660195e-02
1.500000e+00 1.484779e-01
1.530000e+00 8.205183e-01
1.560000e+00 7.689414e-01
1.590000e+00 7.033604e-02
1.620000e+00 5.028174e-03
1.650000e+00 6.312887e-02
1.680000e+00 5.008468e-02
1.710000e+00 4.034616e-02
1.740000e+00 7.091169e-03
1.770000e+00 4.545486e-03
1.800000e+00 2.343389e-01
1.830000e+00 7.347324e-02
1.860000e+00 2.193782e-01
1.890000e+00 1.098499e-02
1.920000e+00 1.496283e-02
1.950000e+00 1.101601e-01
1.980000e+00 2.030654e-01
2.010000e+00 2.847276e-02
2.040000e+00 1.237916e-02
2.070000e+00 9.197653e-02
2.100000e+00 3.773269e-02
2.130000e+00 8.404324e-03
2.160000e+00 1.004372e-02
2.190000e+00 1.423987e-01
2.220000e+00 3.869096e-02
2.250000e+00 8.074455e-03
2.280000e+00 1.319217e-02
2.310000e+00 1.889670e-02
2.340000e+00 9.908931e-03
2.370000e+00 3.723813e-03
2.400000e+00 2.402943e-02
2.430000e+00 1.586895e-01
2.460000e+00 9.855643e-04
2.490000e+00 3.758251e-03
2.520000e+00 7.318858e-03
2.550000e+00 1.523102e-02
2.580000e+00 5.596060e-05
2.610000e+00 2.442991e-04
2.640000e+00 4.215726e-03
2.670000e+00 1.774952e-03
2.700000e+00 3.424999e-02
2.730000e+00 1.683390e+00
2.760000e+00 1.421473e-04
2.790000e+00 2.977954e-05
2.820000e+00 2.636937e-02
2.850000e+00 4.282329e-02
2.880000e+00 4.820012e-04
2.910000e+00 5.292384e-04
2.940000e+00 5.666354e-06
2.970000e+00 5.308798e-01
