0.000000e+00 2.115184e+00
3.000000e-02 3.200734e+00
6.000000e-02 3.075945e+00
9.000000e-02 2.692945e+00
1.200000e-01 2.215662e+00
1.500000e-01 2.560811e+00
1.800000e-01 2.411396e+00
2.100000e-01 2.029670e+00
2.400000e-01 2.604366e+00
2.700000e-01 1.957952e+00
3.000000e-01 1.433794e+00
3.300000e-01 3.215109e+00
3.600000e-01 2.086353e+00
3.900000e-01 2.947683e+00
4.200000e-01 2.237779e+00
4.500000e-01 1.623288e+00
4.800000e-01 2.638425e+00
5.100000e-01 2.710065e+00
5.400000e-01 2.062836e+00
5.700000e-01 2.011022e+00
6.000000e-01 1.417526e+00
6.300000e-01 1.746678e+00
6.600000e-01 1.353216e+00
6.900000e-01 5.705848e-01
7.200000e-01 1.736292e+00
7.500000e-01 1.405271e+00
7.800000e-01 1.232999e+00
8.100000e-01 4.687678e-01
8.400000e-01 1.084788e+00
8.700000e-01 1.224665e+00
9.000000e-01 8.978457e-01
9.300000e-01 3.045156e-01
9.600000e-01 1.606667e+00
9.900000e-01 1.470118e+00
1.020000e+00 1.094103e+00
1.050000e+00 9.067070e-02
1.080000e+00 3.782032e-01
1.110000e+00 2.911234e+00
1.140000e+00 4.329013e-01
1.170000e+00 4.397406e-01
1.200000e+00 1.290514e+00
1.230000e+00 6.284895e-01
1.260000e+00 1.075377e+00
1.290000e+00 1.915418e+00
1.320000e+00 1.560710e+00
1.350000e+00 5.366378e-01
1.380000e+00 9.338951e-01
1.410000e+00 1.203086e-01
1.440000e+00 3.448244e-01
1.470000e+00 6.757757e-01
1.500000e+00 5.199511e-01
1.530000e+00 8.841884e-02
1.560000e+00 2.645338e-01
1.590000e+00 1.782412e+00
1.620000e+00 3.099049e-01
1.650000e+00 2.734220e-01
1.680000e+00 2.477633e-01
1.710000e+00 1.383956e+00
1.740000e+00 1.056564e+00
1.770000e+00 1.311678e+00
1.800000e+00 6.326004e-03
1.830000e+00 2.060784e-01
1.860000e+00 1.205585e-02
1.890000e+00 1.709704e-02
1.920000e+00 4.189594e-02
1.950000e+00 1.085110e-01
1.980000e+00 3.637900e-02
2.010000e+00 2.398490e-01
2.040000e+00 6.179753e-01
2.070000e+00 4.378892e-02
2.100000e+00 4.570142e-01
2.130000e+00 2.453317e-03
2.160000e+00 1.971187e-02
2.190000e+00 1.121256e-01
2.220000e+00 5.963060e-01
2.250000e+00 2.196907e-02
2.280000e+00 1.060397e-02
2.310000e+00 1.944924e-03
2.340000e+00 2.198240e-03
2.370000e+00 3.097391e-03
2.400000e+00 1.319881e-02
2.430000e+00 5.954616e-01
2.460000e+00 3.283450e-03
2.490000e+00 3.192601e-02
2.520000e+00 1.694254e+00
2.550000e+00 8.496585e-03
2.580000e+00 1.607369e+00
2.610000e+00 1.208429e-02
2.640000e+00 2.949681e-03
2.670000e+00 2.975360e-04
2.700000e+00 6.590558e-03
2.730000e+00 7.896607e-04
2.760000e+00 1.325554e-01
2.790000e+00 4.392335e-01
2.820000e+00 2.845829e-03
2.850000e+00 1.509419e-01
2.880000e+00 3.525746e-03
2.910000e+00 7.173931e-02
2.940000e+00 1.180796e-01
2.970000e+00 7.696402e-02
