0.000000e+00 2.655794e+00
3.000000e-02 2.592196e+00
6.000000e-02 2.557572e+00
9.000000e-02 2.491597e+00
1.200000e-01 2.327890e+00
1.500000e-01 2.214062e+00
1.800000e-01 2.302154e+00
2.100000e-01 2.474517e+00
2.400000e-01 2.594230e+00
2.700000e-01 2.653979e+00
3.000000e-01 2.695839e+00
3.300000e-01 2.730813e+00
3.600000e-01 2.753167e+00
3.900000e-01 2.771731e+00
4.200000e-01 2.804888e+00
4.500000e-01 2.865471e+00
4.800000e-01 2.944947e+00
5.100000e-01 2.988424e+00
5.400000e-01 2.843585e+00
5.700000e-01 2.345653e+00
6.000000e-01 1.819494e+00
6.300000e-01 1.532053e+00
6.600000e-01 1.384122e+00
6.900000e-01 1.295599e+00
7.200000e-01 1.226442e+00
7.500000e-01 1.173390e+00
7.800000e-01 1.194268e+00
8.100000e-01 1.468869e+00
8.400000e-01 1.783742e+00
8.700000e-01 1.109159e+00
9.000000e-01 6.900088e-01
9.300000e-01 5.940928e-01
9.600000e-01 6.312944e-01
9.900000e-01 7.573823e-01
1.020000e+00 1.062728e+00
1.050000e+00 1.729927e+00
1.080000e+00 1.460212e+00
1.110000e+00 1.459787e+00
1.140000e+00 1.478991e+00
1.170000e+00 1.151931e+00
1.200000e+00 1.296996e+00
1.230000e+00 1.404425e+00
1.260000e+00 1.493467e+00
1.290000e+00 1.945279e+00
1.320000e+00 2.007879e+00
1.350000e+00 1.555454e+00
1.380000e+00 1.394876e+00
1.410000e+00 1.326323e+00
1.440000e+00 1.253675e+00
1.470000e+00 1.397471e+00
1.500000e+00 2.267828e+00
1.530000e+00 1.485816e+00
1.560000e+00 1.102463e+00
1.590000e+00 8.287942e-01
1.620000e+00 5.949966e-01
1.650000e+00 4.325230e-01
1.680000e+00 3.472552e-01
1.710000e+00 3.274975e-01
1.740000e+00 3.640354e-01
1.770000e+00 4.569925e-01
1.800000e+00 3.801971e-01
1.830000e+00 1.825774e-01
1.860000e+00 1.577667e-01
1.890000e+00 1.761711e-01
1.920000e+00 2.216994e-01
1.950000e+00 2.744487e-01
1.980000e+00 7.096200e-01
2.010000e+00 5.387786e-01
2.040000e+00 9.479084e-01
2.070000e+00 1.652125e+00
2.100000e+00 2.366245e-01
2.130000e+00 1.081133e-01
2.160000e+00 9.777474e-02
2.190000e+00 1.527450e-01
2.220000e+00 4.046023e-01
2.250000e+00 7.634339e-01
2.280000e+00 8.892394e-01
2.310000e+00 9.604314e-02
2.340000e+00 1.500444e-01
2.370000e+00 3.217416e-01
2.400000e+00 3.014893e-01
2.430000e+00 3.533267e-01
2.460000e+00 5.046298e-01
2.490000e+00 1.659498e-01
2.520000e+00 6.391620e-02
2.550000e+00 1.997964e-02
2.580000e+00 7.199593e-02
2.610000e+00 5.587771e-01
2.640000e+00 4.881908e-01
2.670000e+00 3.150275e-01
2.700000e+00 3.661772e-01
2.730000e+00 5.542509e-01
2.760000e+00 7.057269e-01
2.790000e+00 1.047102e+00
2.820000e+00 8.387640e-02
2.850000e+00 1.508816e+00
2.880000e+00 6.389451e-01
2.910000e+00 3.575041e-01
2.940000e+00 5.830910e-01
2.970000e+00 4.865628e-01
