0.000000e+00 2.655794e+00
3.000000e-02 2.701881e+00
6.000000e-02 2.636047e+00
9.000000e-02 2.550655e+00
1.200000e-01 2.516610e+00
1.500000e-01 2.595835e+00
1.800000e-01 2.849291e+00
2.100000e-01 3.306946e+00
2.400000e-01 3.868566e+00
2.700000e-01 4.185053e+00
3.000000e-01 3.996928e+00
3.300000e-01 3.562450e+00
3.600000e-01 3.145829e+00
3.900000e-01 2.778213e+00
4.200000e-01 2.425321e+00
4.500000e-01 2.110325e+00
4.800000e-01 1.887350e+00
5.100000e-01 1.769000e+00
5.400000e-01 1.756908e+00
5.700000e-01 1.944990e+00
6.000000e-01 2.404410e+00
6.300000e-01 2.863332e+00
6.600000e-01 3.130204e+00
6.900000e-01 3.238602e+00
7.200000e-01 3.197640e+00
7.500000e-01 2.968794e+00
7.800000e-01 2.632514e+00
8.100000e-01 2.375370e+00
8.400000e-01 2.256568e+00
8.700000e-01 2.241643e+00
9.000000e-01 2.294356e+00
9.300000e-01 2.314325e+00
9.600000e-01 1.983166e+00
9.900000e-01 1.447361e+00
1.020000e+00 1.109202e+00
1.050000e+00 8.842996e-01
1.080000e+00 9.015131e-01
1.110000e+00 1.086072e+00
1.140000e+00 9.125009e-01
1.170000e+00 8.237031e-01
1.200000e+00 6.894724e-01
1.230000e+00 7.464690e-01
1.260000e+00 1.472280e+00
1.290000e+00 1.837374e+00
1.320000e+00 2.211003e+00
1.350000e+00 9.532727e-01
1.380000e+00 1.156470e+00
1.410000e+00 1.600924e+00
1.440000e+00 9.221662e-01
1.470000e+00 5.155672e-01
1.500000e+00 3.881301e-01
1.530000e+00 3.954682e-01
1.560000e+00 6.659857e-01
1.590000e+00 1.997813e+00
1.620000e+00 1.060551e+00
1.650000e+00 7.500706e-01
1.680000e+00 8.091475e-01
1.710000e+00 2.143256e+00
1.740000e+00 1.660645e+00
1.770000e+00 1.734193e+00
1.800000e+00 1.827145e+00
1.830000e+00 1.908202e+00
1.860000e+00 1.938952e+00
1.890000e+00 1.806622e+00
1.920000e+00 1.484043e+00
1.950000e+00 1.035000e+00
1.980000e+00 5.231194e-01
2.010000e+00 1.831333e+00
2.040000e+00 4.773694e-02
2.070000e+00 1.357777e-01
2.100000e+00 1.535054e-01
2.130000e+00 1.429901e+00
2.160000e+00 1.948721e+00
2.190000e+00 2.254337e-01
2.220000e+00 1.843765e-01
2.250000e+00 1.980907e-01
2.280000e+00 8.373679e-02
2.310000e+00 1.144071e-02
2.340000e+00 1.083998e-02
2.370000e+00 6.480304e-01
2.400000e+00 8.503457e-02
2.430000e+00 4.879792e-02
2.460000e+00 5.314449e-02
2.490000e+00 2.695571e-01
2.520000e+00 6.562478e-01
2.550000e+00 1.318397e-01
2.580000e+00 7.615609e-02
2.610000e+00 7.929779e-02
2.640000e+00 1.085089e-01
2.670000e+00 8.987888e-02
2.700000e+00 1.521560e-01
2.730000e+00 3.579159e-01
2.760000e+00 1.138139e+00
2.790000e+00 8.592828e-01
2.820000e+00 3.349921e-01
2.850000e+00 1.986008e-01
2.880000e+00 1.237041e-01
2.910000e+00 6.895863e-02
2.940000e+00 5.338322e-02
2.970000e+00 1.867074e-02
