0.000000e+00 2.655794e+00
3.000000e-02 2.517441e+00
6.000000e-02 2.342714e+00
9.000000e-02 2.168188e+00
1.200000e-01 2.121136e+00
1.500000e-01 2.241972e+00
1.800000e-01 2.406975e+00
2.100000e-01 2.509950e+00
2.400000e-01 2.455211e+00
2.700000e-01 1.566729e+00
3.000000e-01 1.200204e+00
3.300000e-01 1.435906e+00
3.600000e-01 1.912961e+00
3.900000e-01 2.170339e+00
4.200000e-01 2.264605e+00
4.500000e-01 2.322273e+00
4.800000e-01 2.369397e+00
5.100000e-01 2.401732e+00
5.400000e-01 2.408009e+00
5.700000e-01 2.379186e+00
6.000000e-01 2.327495e+00
6.300000e-01 2.324577e+00
6.600000e-01 2.482939e+00
6.900000e-01 2.450535e+00
7.200000e-01 2.105761e+00
7.500000e-01 2.127458e+00
7.800000e-01 2.048408e+00
8.100000e-01 1.891426e+00
8.400000e-01 1.907021e+00
8.700000e-01 1.949724e+00
9.000000e-01 1.886598e+00
9.300000e-01 1.851949e+00
9.600000e-01 2.262493e+00
9.900000e-01 2.783533e+00
1.020000e+00 2.325530e+00
1.050000e+00 2.184825e+00
1.080000e+00 2.876340e+00
1.110000e+00 2.617064e+00
1.140000e+00 2.269198e+00
1.170000e+00 2.662919e+00
1.200000e+00 3.041320e+00
1.230000e+00 2.236099e+00
1.260000e+00 1.718062e+00
1.290000e+00 1.368326e+00
1.320000e+00 2.840579e+00
1.350000e+00 1.624902e+00
1.380000e+00 2.341987e+00
1.410000e+00 2.901589e+00
1.440000e+00 2.299962e+00
1.470000e+00 1.335630e+00
1.500000e+00 8.101535e-01
1.530000e+00 1.208041e+00
1.560000e+00 6.338168e-01
1.590000e+00 4.467525e-01
1.620000e+00 1.050383e+00
1.650000e+00 1.823898e+00
1.680000e+00 1.451250e+00
1.710000e+00 5.583421e-01
1.740000e+00 2.922329e-01
1.770000e+00 2.400074e-01
1.800000e+00 2.896979e-01
1.830000e+00 1.830164e-01
1.860000e+00 3.325313e-01
1.890000e+00 1.143482e+00
1.920000e+00 1.186779e+00
1.950000e+00 1.228751e+00
1.980000e+00 1.367401e+00
2.010000e+00 7.938826e-01
2.040000e+00 7.832018e-01
2.070000e+00 1.981797e+00
2.100000e+00 1.571588e+00
2.130000e+00 8.793152e-01
2.160000e+00 1.743105e+00
2.190000e+00 3.169840e-01
2.220000e+00 1.618092e-01
2.250000e+00 1.554185e-01
2.280000e+00 6.218623e-02
2.310000e+00 2.286239e-01
2.340000e+00 1.038381e+00
2.370000e+00 3.021719e-01
2.400000e+00 3.143292e-02
2.430000e+00 1.326495e-02
2.460000e+00 1.715101e-02
2.490000e+00 8.732997e-01
2.520000e+00 1.147162e+00
2.550000e+00 8.285521e-01
2.580000e+00 1.344837e-01
2.610000e+00 2.317093e-02
2.640000e+00 1.074411e-01
2.670000e+00 4.831413e-02
2.700000e+00 1.189476e-02
2.730000e+00 1.685135e-02
2.760000e+00 1.160412e-01
2.790000e+00 8.884706e-01
2.820000e+00 1.299019e+00
2.850000e+00 4.697737e-01
2.880000e+00 3.107262e-01
2.910000e+00 8.301615e-01
2.940000e+00 1.907236e+00
2.970000e+00 4.069412e-01
