0.000000e+00 2.124787e+00
3.000000e-02 2.063996e+00
6.000000e-02 2.014791e+00
9.000000e-02 1.977703e+00
1.200000e-01 1.952248e+00
1.500000e-01 1.937011e+00
1.800000e-01 1.930035e+00
2.100000e-01 1.929338e+00
2.400000e-01 1.933274e+00
2.700000e-01 1.940631e+00
3.000000e-01 1.950499e+00
3.300000e-01 1.961978e+00
3.600000e-01 1.973679e+00
3.900000e-01 1.983004e+00
4.200000e-01 1.985103e+00
4.500000e-01 1.971574e+00
4.800000e-01 1.928946e+00
5.100000e-01 1.835991e+00
5.400000e-01 1.651723e+00
5.700000e-01 1.252946e+00
6.000000e-01 1.217137e+00
6.300000e-01 1.709400e+00
6.600000e-01 1.607627e+00
6.900000e-01 1.577954e+00
7.200000e-01 1.800896e+00
7.500000e-01 1.877899e+00
7.800000e-01 7.962337e-01
8.100000e-01 4.807211e-01
8.400000e-01 3.977045e-01
8.700000e-01 1.624748e+00
9.000000e-01 1.428136e+00
9.300000e-01 1.437438e+00
9.600000e-01 6.256295e-01
9.900000e-01 5.007983e-01
1.020000e+00 1.510523e+00
1.050000e+00 1.090294e+00
1.080000e+00 6.466697e-01
1.110000e+00 4.352565e-01
1.140000e+00 7.490589e-01
1.170000e+00 1.000902e+00
1.200000e+00 2.896803e-01
1.230000e+00 7.151808e-01
1.260000e+00 1.628029e-01
1.290000e+00 1.148973e-01
1.320000e+00 1.532351e-01
1.350000e+00 1.166960e+00
1.380000e+00 7.169412e-01
1.410000e+00 9.133423e-01
1.440000e+00 3.590169e-01
1.470000e+00 4.869940e-01
1.500000e+00 9.623778e-01
1.530000e+00 1.998855e+00
1.560000e+00 1.678177e+00
1.590000e+00 4.715826e-01
1.620000e+00 9.547699e-01
1.650000e+00 2.238165e-01
1.680000e+00 3.934028e-01
1.710000e+00 1.084974e+00
1.740000e+00 1.448064e+00
1.770000e+00 1.061893e+00
1.800000e+00 1.033391e+00
1.830000e+00 1.433648e+00
1.860000e+00 8.214165e-01
1.890000e+00 1.532609e+00
1.920000e+00 1.069659e+00
1.950000e+00 8.259922e-01
1.980000e+00 6.136192e-01
2.010000e+00 1.644147e+00
2.040000e+00 1.132125e+00
2.070000e+00 7.123034e-01
2.100000e+00 1.504579e+00
2.130000e+00 1.776445e+00
2.160000e+00 1.125268e+00
2.190000e+00 1.071644e+00
2.220000e+00 3.863107e-01
2.250000e+00 3.418796e-01
2.280000e+00 4.888859e-01
2.310000e+00 1.860631e+00
2.340000e+00 9.714212e-01
2.370000e+00 3.594653e-01
2.400000e+00 6.213598e-01
2.430000e+00 1.591298e+00
2.460000e+00 7.480618e-01
2.490000e+00 1.709669e+00
2.520000e+00 7.546913e-01
2.550000e+00 3.014226e-01
2.580000e+00 8.275992e-01
2.610000e+00 3.082134e-01
2.640000e+00 1.019016e+00
2.670000e+00 6.218307e-01
2.700000e+00 3.130629e-01
2.730000e+00 4.472082e-01
2.760000e+00 1.323346e+00
2.790000e+00 1.267926e+00
2.820000e+00 5.640859e-01
2.850000e+00 1.154854e+00
2.880000e+00 5.953938e-01
2.910000e+00 1.060663e-01
2.940000e+00 9.749120e-02
2.970000e+00 1.477207e-01
