0.000000000000000000e+00 5.176946852048551762e+00
2.000000000000000096e-04 5.175513071848236279e+00
4.000000000000000192e-04 5.116414040596563240e+00
6.000000000000000559e-04 5.159481807723439672e+00
8.000000000000000383e-04 5.290890339860499836e+00
1.000000000000000021e-03 5.374808669597461730e+00
1.200000000000000112e-03 5.398409828761081997e+00
1.399999999999999986e-03 5.410079225643272594e+00
1.600000000000000077e-03 5.390925871539423042e+00
1.800000000000000168e-03 5.337020784090880099e+00
2.000000000000000042e-03 5.274723100017884470e+00
2.200000000000000133e-03 5.280918752817707507e+00
2.400000000000000223e-03 5.271197101522608008e+00
2.600000000000000314e-03 5.280701925353666226e+00
2.799999999999999972e-03 5.242798391178089545e+00
3.000000000000000062e-03 5.224368728636315851e+00
3.200000000000000153e-03 5.219818750597140067e+00
3.400000000000000244e-03 5.250287042672315607e+00
3.600000000000000335e-03 5.367291472689173837e+00
3.799999999999999992e-03 5.395876659050194313e+00
4.000000000000000083e-03 5.319570604826302507e+00
4.200000000000000608e-03 5.254459378537564618e+00
4.400000000000000265e-03 5.279306983638354822e+00
4.599999999999999922e-03 5.340285780808681437e+00
4.800000000000000447e-03 5.350932024398485254e+00
5.000000000000000104e-03 5.409494746744503146e+00
5.200000000000000629e-03 5.479336603544127549e+00
5.400000000000000286e-03 5.430239158001201716e+00
5.599999999999999943e-03 5.285024213413521466e+00
5.800000000000000468e-03 5.283018804983263372e+00
6.000000000000000125e-03 5.392264082889290044e+00
6.200000000000000649e-03 5.472285931170638662e+00
6.400000000000000307e-03 5.439965563576793173e+00
6.599999999999999964e-03 5.341295331188068651e+00
6.800000000000000488e-03 5.310751697614874089e+00
7.000000000000000146e-03 5.274442125676440440e+00
7.200000000000000670e-03 5.264235877652355455e+00
7.400000000000000328e-03 5.362872065605698069e+00
7.599999999999999985e-03 5.364979170502365058e+00
7.800000000000000509e-03 5.369928019879067094e+00
8.000000000000000167e-03 5.399603694624356187e+00
8.200000000000000691e-03 5.543212396616503668e+00
8.400000000000001216e-03 5.638286218458601340e+00
8.600000000000000006e-03 5.670150535770808631e+00
8.800000000000000530e-03 5.552893370997534106e+00
9.000000000000001055e-03 5.439024733380342980e+00
9.199999999999999845e-03 5.475584644647911503e+00
9.400000000000000369e-03 5.491003317925182259e+00
9.600000000000000894e-03 5.432949331297568740e+00
9.799999999999999684e-03 5.328375366901610732e+00
1.000000000000000021e-02 5.378577194845830078e+00
1.020000000000000073e-02 5.399261535537712930e+00
1.040000000000000126e-02 5.373025785061106063e+00
1.060000000000000005e-02 5.406038952430066047e+00
1.080000000000000057e-02 5.484546764627930671e+00
1.100000000000000110e-02 5.459972339216209392e+00
1.119999999999999989e-02 5.485170158441237120e+00
1.140000000000000041e-02 5.529062227421739806e+00
1.160000000000000094e-02 5.499761122915438172e+00
1.179999999999999973e-02 5.492701476026724094e+00
1.200000000000000025e-02 5.546681646546622879e+00
1.220000000000000077e-02 5.549727325746589557e+00
1.240000000000000130e-02 5.554502804840840469e+00
1.260000000000000009e-02 5.523851418265951274e+00
1.280000000000000061e-02 5.496718927327208348e+00
1.300000000000000114e-02 5.430921035886045800e+00
1.319999999999999993e-02 5.335723451786080318e+00
1.340000000000000045e-02 5.284141398251350097e+00
1.360000000000000098e-02 5.288272145466800467e+00
1.380000000000000150e-02 5.347555792082690829e+00
1.400000000000000029e-02 5.450646065213090807e+00
1.420000000000000082e-02 5.526146739198408042e+00
1.440000000000000134e-02 5.549696938600801488e+00
1.460000000000000013e-02 5.544904180476734723e+00
1.480000000000000066e-02 5.525784854141587488e+00
1.500000000000000118e-02 5.601390480387358650e+00
1.519999999999999997e-02 5.562317772105443758e+00
1.540000000000000049e-02 5.398730003723299475e+00
1.560000000000000102e-02 5.473824613073706047e+00
1.580000000000000154e-02 5.507981095617464184e+00
1.600000000000000033e-02 5.509161117894640469e+00
1.619999999999999912e-02 5.482632700598720099e+00
1.640000000000000138e-02 5.535162878295421862e+00
1.660000000000000017e-02 5.534362999169140984e+00
1.680000000000000243e-02 5.448112566155154823e+00
1.700000000000000122e-02 5.379611746314849618e+00
1.720000000000000001e-02 5.420609991818526652e+00
1.740000000000000227e-02 5.373246496103513792e+00
1.760000000000000106e-02 5.221104410419580510e+00
1.779999999999999985e-02 5.134027430660882629e+00
1.800000000000000211e-02 5.203109223530092642e+00
1.820000000000000090e-02 5.323995304054239597e+00
1.839999999999999969e-02 5.333462983343945751e+00
1.860000000000000195e-02 5.342785970082232438e+00
1.880000000000000074e-02 5.314558439985368921e+00
1.899999999999999953e-02 5.248207428942927244e+00
1.920000000000000179e-02 5.196548079335442161e+00
1.940000000000000058e-02 5.128513728374551661e+00
1.959999999999999937e-02 5.108849170275465923e+00
1.980000000000000163e-02 5.144944993438469893e+00
