0.000000e+00 1.423050e+01
6.000000e-02 1.408618e+01
1.200000e-01 1.373442e+01
1.800000e-01 1.314922e+01
2.400000e-01 1.238868e+01
3.000000e-01 1.161580e+01
3.600000e-01 1.097079e+01
4.200000e-01 1.042762e+01
4.800000e-01 1.030471e+01
5.400000e-01 1.042411e+01
6.000000e-01 1.041001e+01
6.600000e-01 1.018154e+01
7.200000e-01 9.801143e+00
7.800000e-01 9.425676e+00
8.400000e-01 9.278619e+00
9.000000e-01 9.235935e+00
9.600000e-01 8.680602e+00
1.020000e+00 8.339979e+00
1.080000e+00 8.669542e+00
1.140000e+00 7.975094e+00
1.200000e+00 7.638872e+00
1.260000e+00 7.677384e+00
1.320000e+00 7.644361e+00
1.380000e+00 7.486594e+00
1.440000e+00 7.352879e+00
1.500000e+00 6.513102e+00
1.560000e+00 6.852094e+00
1.620000e+00 6.652795e+00
1.680000e+00 5.917582e+00
1.740000e+00 5.191625e+00
1.800000e+00 5.805971e+00
1.860000e+00 6.730910e+00
1.920000e+00 6.882081e+00
1.980000e+00 5.707820e+00
2.040000e+00 4.395402e+00
2.100000e+00 3.611605e+00
2.160000e+00 3.711184e+00
2.220000e+00 3.667056e+00
2.280000e+00 4.314575e+00
2.340000e+00 3.275259e+00
2.400000e+00 3.155678e+00
2.460000e+00 3.584075e+00
2.520000e+00 2.785014e+00
2.580000e+00 3.711274e+00
2.640000e+00 3.264041e+00
2.700000e+00 3.324192e+00
2.760000e+00 2.572133e+00
2.820000e+00 3.827924e+00
2.880000e+00 2.939377e+00
2.940000e+00 2.447027e+00
3.000000e+00 2.058529e+00
3.060000e+00 2.484113e+00
3.120000e+00 1.987686e+00
3.180000e+00 2.040869e+00
3.240000e+00 1.567381e+00
3.300000e+00 1.801975e+00
3.360000e+00 1.448132e+00
3.420000e+00 1.917457e+00
3.480000e+00 1.196261e+00
3.540000e+00 1.763193e+00
3.600000e+00 2.083006e+00
3.660000e+00 1.471221e+00
3.720000e+00 1.069965e+00
3.780000e+00 1.511509e+00
3.840000e+00 2.953255e+00
3.900000e+00 1.059049e+00
3.960000e+00 1.252550e+00
4.020000e+00 6.254808e-01
4.080000e+00 3.390645e-01
4.140000e+00 1.229846e+00
4.200000e+00 5.259843e-01
4.260000e+00 2.178931e+00
4.320000e+00 1.914187e-01
4.380000e+00 6.763785e-01
4.440000e+00 2.100520e+00
4.500000e+00 2.238320e+00
4.560000e+00 5.600583e-01
4.620000e+00 1.967326e-01
4.680000e+00 5.329668e-01
4.740000e+00 1.469780e+00
4.800000e+00 5.606232e-01
4.860000e+00 7.255996e-01
4.920000e+00 4.914604e-01
4.980000e+00 1.422249e-01
5.040000e+00 1.209501e-01
5.100000e+00 7.788570e-01
5.160000e+00 7.234474e-02
5.220000e+00 5.758602e-02
5.280000e+00 3.311214e-01
5.340000e+00 5.267231e-02
5.400000e+00 6.972593e-02
5.460000e+00 1.936228e-01
5.520000e+00 3.439428e-02
5.580000e+00 4.758834e-02
5.640000e+00 2.894244e-02
5.700000e+00 1.541573e-01
5.760000e+00 9.144859e-03
5.820000e+00 6.169015e-01
5.880000e+00 4.171614e-01
5.940000e+00 4.289552e-01
