0.000000e+00 1.423050e+01
6.000000e-02 1.403343e+01
1.200000e-01 1.364909e+01
1.800000e-01 1.296606e+01
2.400000e-01 1.201789e+01
3.000000e-01 1.145115e+01
3.600000e-01 1.086658e+01
4.200000e-01 1.057409e+01
4.800000e-01 1.057126e+01
5.400000e-01 1.060516e+01
6.000000e-01 1.058448e+01
6.600000e-01 1.023909e+01
7.200000e-01 9.601289e+00
7.800000e-01 9.217193e+00
8.400000e-01 9.221306e+00
9.000000e-01 8.795486e+00
9.600000e-01 8.262994e+00
1.020000e+00 8.114128e+00
1.080000e+00 8.162719e+00
1.140000e+00 8.220285e+00
1.200000e+00 8.229962e+00
1.260000e+00 7.853082e+00
1.320000e+00 7.436814e+00
1.380000e+00 6.727170e+00
1.440000e+00 6.554742e+00
1.500000e+00 6.713246e+00
1.560000e+00 7.989250e+00
1.620000e+00 7.069821e+00
1.680000e+00 5.555625e+00
1.740000e+00 5.502554e+00
1.800000e+00 5.252434e+00
1.860000e+00 3.961806e+00
1.920000e+00 5.181214e+00
1.980000e+00 4.416724e+00
2.040000e+00 5.144178e+00
2.100000e+00 5.668237e+00
2.160000e+00 3.895721e+00
2.220000e+00 4.210774e+00
2.280000e+00 3.818598e+00
2.340000e+00 4.062379e+00
2.400000e+00 4.080192e+00
2.460000e+00 4.388222e+00
2.520000e+00 4.527763e+00
2.580000e+00 2.960759e+00
2.640000e+00 2.991607e+00
2.700000e+00 3.371657e+00
2.760000e+00 2.771783e+00
2.820000e+00 4.034152e+00
2.880000e+00 2.534780e+00
2.940000e+00 2.627504e+00
3.000000e+00 2.379629e+00
3.060000e+00 1.865539e+00
3.120000e+00 1.880493e+00
3.180000e+00 2.126795e+00
3.240000e+00 2.191874e+00
3.300000e+00 1.967742e+00
3.360000e+00 2.287406e+00
3.420000e+00 2.088300e+00
3.480000e+00 1.856415e+00
3.540000e+00 8.219809e-01
3.600000e+00 9.411073e-01
3.660000e+00 1.442351e+00
3.720000e+00 1.949968e+00
3.780000e+00 1.012060e+00
3.840000e+00 6.600892e-01
3.900000e+00 9.440356e-01
3.960000e+00 6.723284e-01
4.020000e+00 1.470327e+00
4.080000e+00 8.304382e-01
4.140000e+00 2.477597e-01
4.200000e+00 3.946740e-01
4.260000e+00 4.649392e-01
4.320000e+00 5.349060e-01
4.380000e+00 1.875886e+00
4.440000e+00 4.837319e-01
4.500000e+00 1.453722e-01
4.560000e+00 1.880883e-01
4.620000e+00 8.810838e-01
4.680000e+00 2.621666e-01
4.740000e+00 3.903283e-01
4.800000e+00 7.510213e-01
4.860000e+00 7.165906e-01
4.920000e+00 8.048890e-02
4.980000e+00 4.181517e-01
5.040000e+00 3.510777e-01
5.100000e+00 5.289688e-03
5.160000e+00 3.827693e-02
5.220000e+00 1.279040e+00
5.280000e+00 4.303180e-01
5.340000e+00 2.818743e-02
5.400000e+00 3.306128e-02
5.460000e+00 1.351001e-03
5.520000e+00 4.350163e-04
5.580000e+00 2.155697e-03
5.640000e+00 1.745707e-01
5.700000e+00 4.600371e-03
5.760000e+00 3.395319e-02
5.820000e+00 6.601665e-02
5.880000e+00 5.671892e-02
5.940000e+00 6.102030e-01
