0.000000e+00 2.729530e+00
5.000000e-02 3.333487e+00
1.000000e-01 4.919123e+00
1.500000e-01 4.682041e+00
2.000000e-01 4.902794e+00
2.500000e-01 5.440255e+00
3.000000e-01 5.785275e+00
3.500000e-01 6.055022e+00
4.000000e-01 5.421598e+00
4.500000e-01 5.045632e+00
5.000000e-01 5.403589e+00
5.500000e-01 4.435722e+00
6.000000e-01 4.160128e+00
6.500000e-01 3.834959e+00
7.000000e-01 3.687542e+00
7.500000e-01 3.623636e+00
8.000000e-01 3.664004e+00
8.500000e-01 4.213996e+00
9.000000e-01 2.935307e+00
9.500000e-01 3.325473e+00
