0.000000e+00 3.447339e+00
3.000000e-02 3.502908e+00
6.000000e-02 3.663779e+00
9.000000e-02 3.911955e+00
1.200000e-01 4.124434e+00
1.500000e-01 4.092420e+00
1.800000e-01 3.758449e+00
2.100000e-01 3.290115e+00
2.400000e-01 2.856827e+00
2.700000e-01 2.600525e+00
3.000000e-01 3.008494e+00
3.300000e-01 2.502230e+00
3.600000e-01 1.894708e+00
3.900000e-01 1.945806e+00
4.200000e-01 2.197304e+00
4.500000e-01 2.754186e+00
4.800000e-01 2.192440e+00
5.100000e-01 2.462632e+00
5.400000e-01 2.791048e+00
5.700000e-01 2.591146e+00
6.000000e-01 2.780957e+00
6.300000e-01 2.559491e+00
6.600000e-01 2.293633e+00
6.900000e-01 2.195343e+00
7.200000e-01 2.121917e+00
7.500000e-01 2.057441e+00
7.800000e-01 2.059156e+00
8.100000e-01 2.339924e+00
8.400000e-01 2.242125e+00
8.700000e-01 1.065485e+00
9.000000e-01 5.078517e-01
9.300000e-01 3.985161e-01
9.600000e-01 7.067365e-01
9.900000e-01 1.292205e+00
1.020000e+00 1.787428e+00
1.050000e+00 2.022641e+00
1.080000e+00 2.122301e+00
1.110000e+00 2.204301e+00
1.140000e+00 2.243993e+00
1.170000e+00 2.075589e+00
1.200000e+00 1.616716e+00
1.230000e+00 1.128490e+00
1.260000e+00 7.664731e-01
1.290000e+00 5.414578e-01
1.320000e+00 5.341746e-01
1.350000e+00 9.368687e-01
1.380000e+00 1.091228e+00
1.410000e+00 1.372680e+00
1.440000e+00 1.549200e+00
1.470000e+00 1.546162e+00
1.500000e+00 1.548096e+00
1.530000e+00 1.129846e+00
1.560000e+00 9.287079e-01
1.590000e+00 8.426372e-01
1.620000e+00 5.693792e-01
1.650000e+00 4.011108e-01
1.680000e+00 4.081518e-01
1.710000e+00 9.284325e-01
1.740000e+00 8.113361e-01
1.770000e+00 4.712447e-01
1.800000e+00 2.814586e-01
1.830000e+00 1.655047e-01
1.860000e+00 1.160235e-01
1.890000e+00 2.460853e-01
1.920000e+00 6.650255e-01
1.950000e+00 9.584568e-01
1.980000e+00 8.371556e-01
2.010000e+00 8.411070e-01
2.040000e+00 1.337978e+00
2.070000e+00 5.696716e-01
2.100000e+00 7.618836e-01
2.130000e+00 1.708246e+00
2.160000e+00 5.805829e-01
2.190000e+00 6.096637e-01
2.220000e+00 7.159328e-01
2.250000e+00 1.229309e+00
2.280000e+00 1.871687e+00
2.310000e+00 1.722642e+00
2.340000e+00 9.312328e-01
2.370000e+00 1.092692e+00
2.400000e+00 2.807486e-01
2.430000e+00 3.323376e-01
2.460000e+00 2.396897e-01
2.490000e+00 1.979086e-01
2.520000e+00 6.475024e-01
2.550000e+00 8.355916e-01
2.580000e+00 2.838212e-01
2.610000e+00 1.050644e+00
2.640000e+00 8.031502e-01
2.670000e+00 1.410590e+00
2.700000e+00 3.644114e-01
2.730000e+00 1.928666e-01
2.760000e+00 2.420648e-01
2.790000e+00 8.417990e-01
2.820000e+00 1.323710e+00
2.850000e+00 7.394526e-01
2.880000e+00 1.229803e-01
2.910000e+00 1.120528e+00
2.940000e+00 9.586032e-02
2.970000e+00 1.596120e+00
