0.000000e+00 9.573083e-01
3.000000e-02 1.555289e+00
6.000000e-02 1.913797e+00
9.000000e-02 1.600410e+00
1.200000e-01 1.762949e+00
1.500000e-01 1.307245e+00
1.800000e-01 1.459159e+00
2.100000e-01 1.357513e+00
2.400000e-01 1.979209e+00
2.700000e-01 1.540724e+00
3.000000e-01 8.403340e-01
3.300000e-01 1.149413e+00
3.600000e-01 1.962441e-01
3.900000e-01 4.366464e-01
4.200000e-01 2.618933e+00
4.500000e-01 1.460952e+00
4.800000e-01 3.085136e-01
5.100000e-01 6.028861e-01
5.400000e-01 1.366054e+00
5.700000e-01 5.120375e-01
6.000000e-01 2.701186e-01
6.300000e-01 9.635259e-01
6.600000e-01 9.357916e-01
6.900000e-01 6.599951e-01
7.200000e-01 1.201690e+00
7.500000e-01 1.495547e+00
7.800000e-01 8.778480e-01
8.100000e-01 1.746337e+00
8.400000e-01 1.052328e-01
8.700000e-01 2.151061e+00
9.000000e-01 1.652448e+00
9.300000e-01 1.161170e+00
9.600000e-01 2.253448e-03
9.900000e-01 5.894567e-01
1.020000e+00 2.047578e-02
1.050000e+00 3.775333e-01
1.080000e+00 1.651418e+00
1.110000e+00 8.176682e-01
1.140000e+00 1.977588e-01
1.170000e+00 6.027154e-01
1.200000e+00 9.450160e-02
1.230000e+00 1.833901e+00
1.260000e+00 1.014168e-01
1.290000e+00 9.526200e-02
1.320000e+00 6.226696e-02
1.350000e+00 4.134880e-02
1.380000e+00 8.724295e-03
1.410000e+00 5.241111e-02
1.440000e+00 2.518095e-01
1.470000e+00 1.546359e+00
1.500000e+00 2.558133e-01
1.530000e+00 1.538600e+00
1.560000e+00 3.646213e-01
1.590000e+00 3.471556e-01
1.620000e+00 3.189253e-02
1.650000e+00 1.310416e-02
1.680000e+00 2.408531e-01
1.710000e+00 2.538643e-02
1.740000e+00 5.155341e-03
1.770000e+00 1.731086e-01
1.800000e+00 7.210811e-03
1.830000e+00 1.296641e-01
1.860000e+00 1.045044e-02
1.890000e+00 1.501089e+00
1.920000e+00 1.279627e-01
1.950000e+00 4.682080e-01
1.980000e+00 1.972505e-02
2.010000e+00 1.176510e+00
2.040000e+00 1.088919e-01
2.070000e+00 1.550780e-01
2.100000e+00 6.240005e-03
2.130000e+00 6.359132e-04
2.160000e+00 9.111481e-01
2.190000e+00 2.587771e-01
2.220000e+00 4.275689e-03
2.250000e+00 4.166558e-03
2.280000e+00 1.079153e+00
2.310000e+00 2.099621e-02
2.340000e+00 2.331343e-01
2.370000e+00 8.882537e-03
2.400000e+00 2.318014e-01
2.430000e+00 1.430093e-01
2.460000e+00 1.168696e-03
2.490000e+00 1.195520e-02
2.520000e+00 7.947606e-02
2.550000e+00 8.901050e-02
2.580000e+00 2.889977e-04
2.610000e+00 3.877229e-02
2.640000e+00 1.335467e-03
2.670000e+00 3.472482e-04
2.700000e+00 3.346521e-03
2.730000e+00 4.960370e-02
2.760000e+00 1.962457e-04
2.790000e+00 5.523796e-01
2.820000e+00 6.070219e-03
2.850000e+00 1.358031e-02
2.880000e+00 3.627234e-03
2.910000e+00 8.270597e-06
2.940000e+00 5.089425e-03
2.970000e+00 2.788455e-05
