0.000000e+00 9.573083e-01
3.000000e-02 2.025927e+00
6.000000e-02 1.201838e+00
9.000000e-02 3.174151e-01
1.200000e-01 1.951574e-01
1.500000e-01 1.949263e-01
1.800000e-01 1.413019e-01
2.100000e-01 2.298835e-01
2.400000e-01 7.858374e-01
2.700000e-01 9.352388e-01
3.000000e-01 1.867109e+00
3.300000e-01 1.434788e+00
3.600000e-01 6.721558e-01
3.900000e-01 1.777525e+00
4.200000e-01 1.465881e+00
4.500000e-01 9.565453e-01
4.800000e-01 1.563030e+00
5.100000e-01 2.407112e+00
5.400000e-01 1.164007e-01
5.700000e-01 3.077610e-01
6.000000e-01 4.564008e-02
6.300000e-01 8.040775e-01
6.600000e-01 5.695980e-01
6.900000e-01 6.141026e-02
7.200000e-01 8.734033e-01
7.500000e-01 9.086954e-03
7.800000e-01 4.752404e-01
8.100000e-01 2.612250e-01
8.400000e-01 1.279155e-01
8.700000e-01 6.445251e-01
9.000000e-01 1.353105e+00
9.300000e-01 2.082006e-02
9.600000e-01 2.580201e-01
9.900000e-01 1.886925e+00
1.020000e+00 3.964289e-01
1.050000e+00 3.437473e-02
1.080000e+00 1.673373e+00
1.110000e+00 3.081237e-01
1.140000e+00 7.673209e-02
1.170000e+00 4.014591e-02
1.200000e+00 2.296188e-01
1.230000e+00 2.060092e-01
1.260000e+00 4.806027e-01
1.290000e+00 6.394669e-02
1.320000e+00 6.350930e-02
1.350000e+00 1.276728e-01
1.380000e+00 1.761338e+00
1.410000e+00 1.651660e-01
1.440000e+00 1.802698e-02
1.470000e+00 3.285834e-01
1.500000e+00 6.127989e-03
1.530000e+00 3.257146e-01
1.560000e+00 1.196842e+00
1.590000e+00 5.639596e-01
1.620000e+00 5.660108e-03
1.650000e+00 5.376174e-03
1.680000e+00 8.225294e-01
1.710000e+00 7.857196e-02
1.740000e+00 1.029832e-01
1.770000e+00 3.058395e-02
1.800000e+00 2.000424e-02
1.830000e+00 1.873797e-03
1.860000e+00 2.990912e-02
1.890000e+00 1.114953e-03
1.920000e+00 3.663541e-02
1.950000e+00 2.987053e-01
1.980000e+00 5.847585e-03
2.010000e+00 1.729342e-02
2.040000e+00 5.393576e-02
2.070000e+00 1.490502e-02
2.100000e+00 3.115172e-03
2.130000e+00 4.353605e-03
2.160000e+00 3.054254e-03
2.190000e+00 7.798576e-02
2.220000e+00 9.454274e-03
2.250000e+00 1.075322e-02
2.280000e+00 1.069166e+00
2.310000e+00 2.906721e-02
2.340000e+00 1.236654e-01
2.370000e+00 2.307007e-03
2.400000e+00 1.008543e-02
2.430000e+00 5.916830e-01
2.460000e+00 3.599326e-02
2.490000e+00 2.551569e-03
2.520000e+00 2.463421e-02
2.550000e+00 5.587048e-03
2.580000e+00 6.040507e-03
2.610000e+00 2.562439e-02
2.640000e+00 1.078454e-02
2.670000e+00 1.840898e-04
2.700000e+00 4.043346e-06
2.730000e+00 1.962898e-03
2.760000e+00 8.097405e-04
2.790000e+00 7.313016e-04
2.820000e+00 2.008258e-06
2.850000e+00 3.758284e-06
2.880000e+00 1.648354e-03
2.910000e+00 3.677902e-04
2.940000e+00 1.049664e-04
2.970000e+00 1.457177e-05
