-5.000000e-02 1.612762e+00
-4.990000e-02 1.611220e+00
-4.980000e-02 1.608848e+00
-4.970000e-02 1.606098e+00
-4.960000e-02 1.603436e+00
-4.950000e-02 1.601340e+00
-4.940000e-02 1.600299e+00
-4.930000e-02 1.600804e+00
-4.920000e-02 1.603353e+00
-4.910000e-02 1.608443e+00
-4.900000e-02 1.616570e+00
-4.890000e-02 1.628227e+00
-4.880000e-02 1.643897e+00
-4.870000e-02 1.664043e+00
-4.860000e-02 1.689102e+00
-4.850000e-02 1.719460e+00
-4.840000e-02 1.755427e+00
-4.830000e-02 1.797203e+00
-4.820000e-02 1.844827e+00
-4.810000e-02 1.898115e+00
-4.800000e-02 1.956589e+00
-4.790000e-02 2.019397e+00
-4.780000e-02 2.085232e+00
-4.770000e-02 2.152278e+00
-4.760000e-02 2.218194e+00
-4.750000e-02 2.280172e+00
-4.740000e-02 2.335087e+00
-4.730000e-02 2.379763e+00
-4.720000e-02 2.411315e+00
-4.710000e-02 2.427538e+00
-4.700000e-02 2.427249e+00
-4.690000e-02 2.410499e+00
-4.680000e-02 2.378601e+00
-4.670000e-02 2.333972e+00
-4.660000e-02 2.279828e+00
-4.650000e-02 2.219832e+00
-4.640000e-02 2.157759e+00
-4.630000e-02 2.097252e+00
-4.620000e-02 2.041689e+00
-4.610000e-02 1.994141e+00
-4.600000e-02 1.957408e+00
-4.590000e-02 1.934066e+00
-4.580000e-02 1.926483e+00
-4.570000e-02 1.936711e+00
-4.560000e-02 1.966168e+00
-4.550000e-02 2.015042e+00
-4.540000e-02 2.081462e+00
-4.530000e-02 2.160755e+00
-4.520000e-02 2.245421e+00
-4.510000e-02 2.326410e+00
-4.500000e-02 2.395438e+00
-4.490000e-02 2.446936e+00
-4.480000e-02 2.478144e+00
-4.470000e-02 2.487320e+00
-4.460000e-02 2.471545e+00
-4.450000e-02 2.425996e+00
-4.440000e-02 2.345754e+00
-4.430000e-02 2.229700e+00
-4.420000e-02 2.084040e+00
-4.410000e-02 1.922286e+00
-4.400000e-02 1.761009e+00
-4.390000e-02 1.614360e+00
-4.380000e-02 1.490912e+00
-4.370000e-02 1.393671e+00
-4.360000e-02 1.321838e+00
-4.350000e-02 1.272730e+00
-4.340000e-02 1.243125e+00
-4.330000e-02 1.229977e+00
-4.320000e-02 1.230700e+00
-4.310000e-02 1.243212e+00
-4.300000e-02 1.265874e+00
-4.290000e-02 1.297387e+00
-4.280000e-02 1.336687e+00
-4.270000e-02 1.382838e+00
-4.260000e-02 1.434945e+00
-4.250000e-02 1.492055e+00
-4.240000e-02 1.553087e+00
-4.230000e-02 1.616753e+00
-4.220000e-02 1.681505e+00
-4.210000e-02 1.745499e+00
-4.200000e-02 1.806597e+00
-4.190000e-02 1.862413e+00
-4.180000e-02 1.910418e+00
-4.170000e-02 1.948103e+00
-4.160000e-02 1.973187e+00
-4.150000e-02 1.983849e+00
-4.140000e-02 1.978936e+00
-4.130000e-02 1.958118e+00
-4.120000e-02 1.921933e+00
-4.110000e-02 1.871731e+00
-4.100000e-02 1.809516e+00
-4.090000e-02 1.737715e+00
-4.080000e-02 1.658938e+00
-4.070000e-02 1.575751e+00
-4.060000e-02 1.490502e+00
-4.050000e-02 1.405209e+00
-4.040000e-02 1.321508e+00
-4.030000e-02 1.240651e+00
-4.020000e-02 1.163530e+00
-4.010000e-02 1.090732e+00
-4.000000e-02 1.022591e+00
-3.990000e-02 9.592440e-01
-3.980000e-02 9.006807e-01
-3.970000e-02 8.467864e-01
-3.960000e-02 7.973759e-01
-3.950000e-02 7.522207e-01
-3.940000e-02 7.110685e-01
-3.930000e-02 6.736585e-01
-3.920000e-02 6.397319e-01
-3.910000e-02 6.090383e-01
-3.900000e-02 5.813410e-01
-3.890000e-02 5.564192e-01
-3.880000e-02 5.340695e-01
-3.870000e-02 5.141067e-01
-3.860000e-02 4.963633e-01
-3.850000e-02 4.806889e-01
-3.840000e-02 4.669498e-01
-3.830000e-02 4.550276e-01
-3.820000e-02 4.448187e-01
-3.810000e-02 4.362329e-01
-3.800000e-02 4.291928e-01
-3.790000e-02 4.236325e-01
-3.780000e-02 4.194973e-01
-3.770000e-02 4.167422e-01
-3.760000e-02 4.153319e-01
-3.750000e-02 4.152394e-01
-3.740000e-02 4.164457e-01
-3.730000e-02 4.189392e-01
-3.720000e-02 4.227144e-01
-3.710000e-02 4.277715e-01
-3.700000e-02 4.341153e-01
-3.690000e-02 4.417537e-01
-3.680000e-02 4.506961e-01
-3.670000e-02 4.609514e-01
-3.660000e-02 4.725246e-01
-3.650000e-02 4.854126e-01
-3.640000e-02 4.995981e-01
-3.630000e-02 5.150411e-01
-3.620000e-02 5.316663e-01
-3.610000e-02 5.493446e-01
-3.600000e-02 5.678673e-01
-3.590000e-02 5.869068e-01
-3.580000e-02 6.059635e-01
-3.570000e-02 6.242955e-01
-3.560000e-02 6.408532e-01
-3.550000e-02 6.543110e-01
-3.540000e-02 6.635365e-01
-3.530000e-02 6.695162e-01
-3.520000e-02 6.807209e-01
-3.510000e-02 7.203205e-01
-3.500000e-02 8.145982e-01
-3.490000e-02 9.520374e-01
-3.480000e-02 1.090118e+00
-3.470000e-02 1.206308e+00
-3.460000e-02 1.301594e+00
-3.450000e-02 1.382420e+00
-3.440000e-02 1.453215e+00
-3.430000e-02 1.515774e+00
-3.420000e-02 1.570025e+00
-3.410000e-02 1.614729e+00
-3.400000e-02 1.647963e+00
-3.390000e-02 1.667497e+00
-3.380000e-02 1.671147e+00
-3.370000e-02 1.657127e+00
-3.360000e-02 1.624396e+00
-3.350000e-02 1.572969e+00
-3.340000e-02 1.504113e+00
-3.330000e-02 1.420396e+00
-3.320000e-02 1.325559e+00
-3.310000e-02 1.224215e+00
-3.300000e-02 1.121446e+00
-3.290000e-02 1.022364e+00
-3.280000e-02 9.317082e-01
-3.270000e-02 8.535486e-01
-3.260000e-02 7.910985e-01
-3.250000e-02 7.466401e-01
-3.240000e-02 7.215342e-01
-3.230000e-02 7.162840e-01
-3.220000e-02 7.306268e-01
-3.210000e-02 7.636342e-01
-3.200000e-02 8.138132e-01
-3.190000e-02 8.792041e-01
-3.180000e-02 9.574790e-01
-3.170000e-02 1.046044e+00
-3.160000e-02 1.142144e+00
-3.150000e-02 1.242980e+00
-3.140000e-02 1.345814e+00
-3.130000e-02 1.448085e+00
-3.120000e-02 1.547496e+00
-3.110000e-02 1.642098e+00
-3.100000e-02 1.730334e+00
-3.090000e-02 1.811067e+00
-3.080000e-02 1.883572e+00
-3.070000e-02 1.947516e+00
-3.060000e-02 2.002907e+00
-3.050000e-02 2.050044e+00
-3.040000e-02 2.089447e+00
-3.030000e-02 2.121796e+00
-3.020000e-02 2.147868e+00
-3.010000e-02 2.168474e+00
-3.000000e-02 2.184403e+00
-2.990000e-02 2.196366e+00
-2.980000e-02 2.204940e+00
-2.970000e-02 2.210513e+00
-2.960000e-02 2.213218e+00
-2.950000e-02 2.212875e+00
-2.940000e-02 2.208915e+00
-2.930000e-02 2.200332e+00
-2.920000e-02 2.185649e+00
-2.910000e-02 2.162940e+00
-2.900000e-02 2.129947e+00
-2.890000e-02 2.084317e+00
-2.880000e-02 2.023977e+00
-2.870000e-02 1.947611e+00
-2.860000e-02 1.855126e+00
-2.850000e-02 1.747963e+00
-2.840000e-02 1.629099e+00
-2.830000e-02 1.502688e+00
-2.820000e-02 1.373425e+00
-2.810000e-02 1.245847e+00
-2.800000e-02 1.123758e+00
-2.790000e-02 1.009910e+00
-2.780000e-02 9.059576e-01
-2.770000e-02 8.125891e-01
-2.760000e-02 7.297604e-01
-2.750000e-02 6.569372e-01
-2.740000e-02 5.933044e-01
-2.730000e-02 5.379232e-01
-2.720000e-02 4.898375e-01
-2.710000e-02 4.481382e-01
-2.700000e-02 4.119977e-01
-2.690000e-02 3.806833e-01
-2.680000e-02 3.535592e-01
-2.670000e-02 3.300809e-01
-2.660000e-02 3.097869e-01
-2.650000e-02 2.922885e-01
-2.640000e-02 2.772605e-01
-2.630000e-02 2.644319e-01
-2.620000e-02 2.535784e-01
-2.610000e-02 2.445158e-01
-2.600000e-02 2.370940e-01
-2.590000e-02 2.311929e-01
-2.580000e-02 2.267183e-01
-2.570000e-02 2.235997e-01
-2.560000e-02 2.217876e-01
-2.550000e-02 2.212522e-01
-2.540000e-02 2.219828e-01
-2.530000e-02 2.239875e-01
-2.520000e-02 2.272935e-01
-2.510000e-02 2.319480e-01
-2.500000e-02 2.380200e-01
-2.490000e-02 2.456029e-01
-2.480000e-02 2.548178e-01
-2.470000e-02 2.658185e-01
-2.460000e-02 2.787977e-01
-2.450000e-02 2.939950e-01
-2.440000e-02 3.117088e-01
-2.430000e-02 3.323104e-01
-2.420000e-02 3.562643e-01
-2.410000e-02 3.841550e-01
-2.400000e-02 4.167235e-01
-2.390000e-02 4.549172e-01
-2.380000e-02 4.999587e-01
-2.370000e-02 5.534399e-01
-2.360000e-02 6.174484e-01
-2.350000e-02 6.947322e-01
-2.340000e-02 7.888950e-01
-2.330000e-02 9.045699e-01
-2.320000e-02 1.047400e+00
-2.310000e-02 1.223347e+00
-2.300000e-02 1.436172e+00
-2.290000e-02 1.681006e+00
-2.280000e-02 1.932438e+00
-2.270000e-02 2.133859e+00
-2.260000e-02 2.213208e+00
-2.250000e-02 2.139852e+00
-2.240000e-02 1.961689e+00
-2.230000e-02 1.761734e+00
-2.220000e-02 1.597633e+00
-2.210000e-02 1.489178e+00
-2.200000e-02 1.434265e+00
-2.190000e-02 1.423424e+00
-2.180000e-02 1.446514e+00
-2.170000e-02 1.494656e+00
-2.160000e-02 1.560318e+00
-2.150000e-02 1.636928e+00
-2.140000e-02 1.718543e+00
-2.130000e-02 1.799715e+00
-2.120000e-02 1.875567e+00
-2.110000e-02 1.942036e+00
-2.100000e-02 1.996205e+00
-2.090000e-02 2.036619e+00
-2.080000e-02 2.063515e+00
-2.070000e-02 2.078942e+00
-2.060000e-02 2.086760e+00
-2.050000e-02 2.092560e+00
-2.040000e-02 2.103447e+00
-2.030000e-02 2.127359e+00
-2.020000e-02 2.171094e+00
-2.010000e-02 2.235731e+00
-2.000000e-02 2.309578e+00
-1.990000e-02 2.364946e+00
-1.980000e-02 2.370162e+00
-1.970000e-02 2.312699e+00
-1.960000e-02 2.206774e+00
-1.950000e-02 2.077946e+00
-1.940000e-02 1.946865e+00
-1.930000e-02 1.824754e+00
-1.920000e-02 1.715861e+00
-1.910000e-02 1.620784e+00
-1.900000e-02 1.538639e+00
-1.890000e-02 1.468177e+00
-1.880000e-02 1.408292e+00
-1.870000e-02 1.358284e+00
-1.860000e-02 1.318094e+00
-1.850000e-02 1.288728e+00
-1.840000e-02 1.273330e+00
-1.830000e-02 1.280374e+00
-1.820000e-02 1.335483e+00
-1.810000e-02 1.541878e+00
-1.800000e-02 2.305192e+00
-1.790000e-02 1.217344e+00
-1.780000e-02 9.076255e-01
-1.770000e-02 8.758143e-01
-1.760000e-02 8.682003e-01
-1.750000e-02 8.630847e-01
-1.740000e-02 8.579482e-01
-1.730000e-02 8.527035e-01
-1.720000e-02 8.475659e-01
-1.710000e-02 8.427218e-01
-1.700000e-02 8.382907e-01
-1.690000e-02 8.343341e-01
-1.680000e-02 8.308705e-01
-1.670000e-02 8.278860e-01
-1.660000e-02 8.253415e-01
-1.650000e-02 8.231775e-01
-1.640000e-02 8.213165e-01
-1.630000e-02 8.196643e-01
-1.620000e-02 8.181104e-01
-1.610000e-02 8.165287e-01
-1.600000e-02 8.147771e-01
-1.590000e-02 8.126981e-01
-1.580000e-02 8.101194e-01
-1.570000e-02 8.068553e-01
-1.560000e-02 8.027095e-01
-1.550000e-02 7.974783e-01
-1.540000e-02 7.909560e-01
-1.530000e-02 7.829412e-01
-1.520000e-02 7.732452e-01
-1.510000e-02 7.617005e-01
-1.500000e-02 7.481713e-01
-1.490000e-02 7.325635e-01
-1.480000e-02 7.148335e-01
-1.470000e-02 6.949959e-01
-1.460000e-02 6.731284e-01
-1.450000e-02 6.493721e-01
-1.440000e-02 6.239291e-01
-1.430000e-02 5.970550e-01
-1.420000e-02 5.690479e-01
-1.410000e-02 5.402349e-01
-1.400000e-02 5.109569e-01
-1.390000e-02 4.815532e-01
-1.380000e-02 4.523479e-01
-1.370000e-02 4.236375e-01
-1.360000e-02 3.956824e-01
-1.350000e-02 3.687017e-01
-1.340000e-02 3.428698e-01
-1.330000e-02 3.183177e-01
-1.320000e-02 2.951347e-01
-1.310000e-02 2.733726e-01
-1.300000e-02 2.530509e-01
-1.290000e-02 2.341617e-01
-1.280000e-02 2.166752e-01
-1.270000e-02 2.005450e-01
-1.260000e-02 1.857120e-01
-1.250000e-02 1.721088e-01
-1.240000e-02 1.596629e-01
-1.230000e-02 1.482991e-01
-1.220000e-02 1.379420e-01
-1.210000e-02 1.285173e-01
-1.200000e-02 1.199529e-01
-1.190000e-02 1.121802e-01
-1.180000e-02 1.051341e-01
-1.170000e-02 9.875366e-02
-1.160000e-02 9.298216e-02
-1.150000e-02 8.776701e-02
-1.140000e-02 8.305979e-02
-1.130000e-02 7.881604e-02
-1.120000e-02 7.499509e-02
-1.110000e-02 7.155982e-02
-1.100000e-02 6.847646e-02
-1.090000e-02 6.571430e-02
-1.080000e-02 6.324551e-02
-1.070000e-02 6.104485e-02
-1.060000e-02 5.908951e-02
-1.050000e-02 5.735885e-02
-1.040000e-02 5.583425e-02
-1.030000e-02 5.449890e-02
-1.020000e-02 5.333765e-02
-1.010000e-02 5.233686e-02
-1.000000e-02 5.148427e-02
-9.900000e-03 5.076884e-02
-9.800000e-03 5.018070e-02
-9.700000e-03 4.971097e-02
-9.600000e-03 4.935174e-02
-9.500000e-03 4.909594e-02
-9.400000e-03 4.893729e-02
-9.300000e-03 4.887023e-02
-9.200000e-03 4.888985e-02
-9.100000e-03 4.899185e-02
-9.000000e-03 4.917250e-02
-8.900000e-03 4.942857e-02
-8.800000e-03 4.975734e-02
-8.700000e-03 5.015653e-02
-8.600000e-03 5.062429e-02
-8.500000e-03 5.115918e-02
-8.400000e-03 5.176015e-02
-8.300000e-03 5.242652e-02
-8.200000e-03 5.315797e-02
-8.100000e-03 5.395455e-02
-8.000000e-03 5.481665e-02
-7.900000e-03 5.574500e-02
-7.800000e-03 5.674070e-02
-7.700000e-03 5.780519e-02
-7.600000e-03 5.894028e-02
-7.500000e-03 6.014816e-02
-7.400000e-03 6.143140e-02
-7.300000e-03 6.279298e-02
-7.200000e-03 6.423629e-02
-7.100000e-03 6.576520e-02
-7.000000e-03 6.738404e-02
-6.900000e-03 6.909765e-02
-6.800000e-03 7.091140e-02
-6.700000e-03 7.283127e-02
-6.600000e-03 7.486383e-02
-6.500000e-03 7.701631e-02
-6.400000e-03 7.929663e-02
-6.300000e-03 8.171345e-02
-6.200000e-03 8.427615e-02
-6.100000e-03 8.699492e-02
-6.000000e-03 8.988067e-02
-5.900000e-03 9.294505e-02
-5.800000e-03 9.620036e-02
-5.700000e-03 9.965936e-02
-5.600000e-03 1.033351e-01
-5.500000e-03 1.072404e-01
-5.400000e-03 1.113877e-01
-5.300000e-03 1.157876e-01
-5.200000e-03 1.204485e-01
-5.100000e-03 1.253747e-01
-5.000000e-03 1.305649e-01
-4.900000e-03 1.360095e-01
-4.800000e-03 1.416881e-01
-4.700000e-03 1.475664e-01
-4.600000e-03 1.535931e-01
-4.500000e-03 1.596983e-01
-4.400000e-03 1.657926e-01
-4.300000e-03 1.717703e-01
-4.200000e-03 1.775170e-01
-4.100000e-03 1.829228e-01
-4.000000e-03 1.879008e-01
-3.900000e-03 1.924082e-01
-3.800000e-03 1.964664e-01
-3.700000e-03 2.001734e-01
-3.600000e-03 2.037048e-01
-3.500000e-03 2.073021e-01
-3.400000e-03 2.112515e-01
-3.300000e-03 2.158601e-01
-3.200000e-03 2.214350e-01
-3.100000e-03 2.282709e-01
-3.000000e-03 2.366475e-01
-2.900000e-03 2.468342e-01
-2.800000e-03 2.591021e-01
-2.700000e-03 2.737387e-01
-2.600000e-03 2.910641e-01
-2.500000e-03 3.114477e-01
-2.400000e-03 3.353227e-01
-2.300000e-03 3.631969e-01
-2.200000e-03 3.956535e-01
-2.100000e-03 4.333302e-01
-2.000000e-03 4.768563e-01
-1.900000e-03 5.267052e-01
-1.800000e-03 5.829034e-01
-1.700000e-03 6.445349e-01
-1.600000e-03 7.090761e-01
-1.500000e-03 7.719571e-01
-1.400000e-03 8.273831e-01
-1.300000e-03 8.715556e-01
-1.200000e-03 9.072278e-01
-1.100000e-03 9.451190e-01
-1.000000e-03 9.994845e-01
-9.000000e-04 1.081803e+00
-8.000000e-04 1.197501e+00
-7.000000e-04 1.345430e+00
-6.000000e-04 1.517393e+00
-5.000000e-04 1.696747e+00
-4.000000e-04 1.857888e+00
-3.000000e-04 1.970050e+00
-2.000000e-04 2.007217e+00
-1.000000e-04 1.959838e+00
1.429412e-15 1.839306e+00
1.000000e-04 1.671183e+00
2.000000e-04 1.483278e+00
3.000000e-04 1.297096e+00
4.000000e-04 1.125427e+00
5.000000e-04 9.738747e-01
6.000000e-04 8.434640e-01
7.000000e-04 7.328297e-01
8.000000e-04 6.396250e-01
9.000000e-04 5.612964e-01
1.000000e-03 4.954524e-01
1.100000e-03 4.400056e-01
1.200000e-03 3.932022e-01
1.300000e-03 3.536005e-01
1.400000e-03 3.200317e-01
1.500000e-03 2.915582e-01
1.600000e-03 2.674365e-01
1.700000e-03 2.470865e-01
1.800000e-03 2.300697e-01
1.900000e-03 2.160746e-01
2.000000e-03 2.049125e-01
2.100000e-03 1.965241e-01
2.200000e-03 1.910017e-01
2.300000e-03 1.886366e-01
2.400000e-03 1.900072e-01
2.500000e-03 1.961440e-01
2.600000e-03 2.088430e-01
2.700000e-03 2.312898e-01
2.800000e-03 2.693740e-01
2.900000e-03 3.346447e-01
3.000000e-03 4.513620e-01
3.100000e-03 6.732611e-01
3.200000e-03 1.109018e+00
3.300000e-03 1.787500e+00
3.400000e-03 1.915594e+00
3.500000e-03 1.235873e+00
3.600000e-03 7.160095e-01
3.700000e-03 4.495346e-01
3.800000e-03 3.120826e-01
3.900000e-03 2.371662e-01
4.000000e-03 1.963731e-01
4.100000e-03 1.791597e-01
4.200000e-03 1.869499e-01
4.300000e-03 2.401430e-01
4.400000e-03 4.096376e-01
4.500000e-03 7.199106e-01
4.600000e-03 5.578274e-01
4.700000e-03 3.025840e-01
4.800000e-03 1.902646e-01
4.900000e-03 1.382185e-01
5.000000e-03 1.101465e-01
5.100000e-03 9.308060e-02
5.200000e-03 8.178193e-02
5.300000e-03 7.384301e-02
5.400000e-03 6.803523e-02
5.500000e-03 6.367796e-02
5.600000e-03 6.036977e-02
5.700000e-03 5.786282e-02
5.800000e-03 5.599978e-02
5.900000e-03 5.468016e-02
6.000000e-03 5.384160e-02
6.100000e-03 5.344935e-02
6.200000e-03 5.349037e-02
6.300000e-03 5.397059e-02
6.400000e-03 5.491428e-02
6.500000e-03 5.636532e-02
6.600000e-03 5.839041e-02
6.700000e-03 6.108464e-02
6.800000e-03 6.458019e-02
6.900000e-03 6.905955e-02
7.000000e-03 7.477586e-02
7.100000e-03 8.208413e-02
7.200000e-03 9.149062e-02
7.300000e-03 1.037326e-01
7.400000e-03 1.199112e-01
7.500000e-03 1.417199e-01
7.600000e-03 1.718524e-01
7.700000e-03 2.147557e-01
7.800000e-03 2.780670e-01
7.900000e-03 3.753900e-01
8.000000e-03 5.313721e-01
8.100000e-03 7.881423e-01
8.200000e-03 1.193653e+00
8.300000e-03 1.679763e+00
8.400000e-03 1.853076e+00
8.500000e-03 1.518283e+00
8.600000e-03 1.077397e+00
8.700000e-03 7.627938e-01
8.800000e-03 5.689917e-01
8.900000e-03 4.525569e-01
9.000000e-03 3.833833e-01
9.100000e-03 3.444169e-01
9.200000e-03 3.264030e-01
9.300000e-03 3.244375e-01
9.400000e-03 3.360484e-01
9.500000e-03 3.600747e-01
9.600000e-03 3.958632e-01
9.700000e-03 4.425121e-01
9.800000e-03 4.980535e-01
9.900000e-03 5.587049e-01
1.000000e-02 6.186140e-01
1.010000e-02 6.706480e-01
1.020000e-02 7.083245e-01
1.030000e-02 7.279937e-01
1.040000e-02 7.298724e-01
1.050000e-02 7.173334e-01
1.060000e-02 6.951792e-01
1.070000e-02 6.680561e-01
1.080000e-02 6.396062e-01
1.090000e-02 6.122943e-01
1.100000e-02 5.875992e-01
1.110000e-02 5.663068e-01
1.120000e-02 5.487755e-01
1.130000e-02 5.351357e-01
1.140000e-02 5.254271e-01
1.150000e-02 5.196921e-01
1.160000e-02 5.180456e-01
1.170000e-02 5.207361e-01
1.180000e-02 5.282155e-01
1.190000e-02 5.412361e-01
1.200000e-02 5.610018e-01
1.210000e-02 5.894207e-01
1.220000e-02 6.295436e-01
1.230000e-02 6.863522e-01
1.240000e-02 7.682001e-01
1.250000e-02 8.893891e-01
1.260000e-02 1.073986e+00
1.270000e-02 1.355654e+00
1.280000e-02 1.735836e+00
1.290000e-02 1.998488e+00
1.300000e-02 1.732706e+00
1.310000e-02 1.182401e+00
1.320000e-02 7.893055e-01
1.330000e-02 5.783128e-01
1.340000e-02 4.706711e-01
1.350000e-02 4.157461e-01
1.360000e-02 3.882784e-01
1.370000e-02 3.758475e-01
1.380000e-02 3.721003e-01
1.390000e-02 3.736177e-01
1.400000e-02 3.784634e-01
1.410000e-02 3.854839e-01
1.420000e-02 3.939557e-01
1.430000e-02 4.033979e-01
1.440000e-02 4.134685e-01
1.450000e-02 4.239031e-01
1.460000e-02 4.344782e-01
1.470000e-02 4.449863e-01
1.480000e-02 4.552192e-01
1.490000e-02 4.649552e-01
1.500000e-02 4.739494e-01
1.510000e-02 4.819258e-01
1.520000e-02 4.885736e-01
1.530000e-02 4.935457e-01
1.540000e-02 4.964644e-01
1.550000e-02 4.969347e-01
1.560000e-02 4.945695e-01
1.570000e-02 4.890288e-01
1.580000e-02 4.800727e-01
1.590000e-02 4.676270e-01
1.600000e-02 4.518524e-01
1.610000e-02 4.332024e-01
1.620000e-02 4.124546e-01
1.630000e-02 3.907001e-01
1.640000e-02 3.692877e-01
1.650000e-02 3.497374e-01
1.660000e-02 3.336560e-01
1.670000e-02 3.226952e-01
1.680000e-02 3.185992e-01
1.690000e-02 3.233810e-01
1.700000e-02 3.396710e-01
1.710000e-02 3.712796e-01
1.720000e-02 4.239745e-01
1.730000e-02 5.061810e-01
1.740000e-02 6.281550e-01
1.750000e-02 7.950514e-01
1.760000e-02 9.869703e-01
1.770000e-02 1.139066e+00
1.780000e-02 1.180497e+00
1.790000e-02 1.115236e+00
1.800000e-02 1.005682e+00
1.810000e-02 9.007174e-01
1.820000e-02 8.179955e-01
1.830000e-02 7.585073e-01
1.840000e-02 7.182677e-01
1.850000e-02 6.929425e-01
1.860000e-02 6.790621e-01
1.870000e-02 6.741074e-01
1.880000e-02 6.763224e-01
1.890000e-02 6.845149e-01
1.900000e-02 6.978990e-01
1.910000e-02 7.159840e-01
1.920000e-02 7.384977e-01
1.930000e-02 7.653347e-01
1.940000e-02 7.965208e-01
1.950000e-02 8.321876e-01
1.960000e-02 8.725544e-01
1.970000e-02 9.179116e-01
1.980000e-02 9.686047e-01
1.990000e-02 1.025015e+00
2.000000e-02 1.087531e+00
2.010000e-02 1.156513e+00
2.020000e-02 1.232241e+00
2.030000e-02 1.314835e+00
2.040000e-02 1.404162e+00
2.050000e-02 1.499712e+00
2.060000e-02 1.600450e+00
2.070000e-02 1.704668e+00
2.080000e-02 1.809866e+00
2.090000e-02 1.912706e+00
2.100000e-02 2.009110e+00
2.110000e-02 2.094549e+00
2.120000e-02 2.164542e+00
2.130000e-02 2.215305e+00
2.140000e-02 2.244403e+00
2.150000e-02 2.251221e+00
2.160000e-02 2.237104e+00
2.170000e-02 2.205107e+00
2.180000e-02 2.159470e+00
2.190000e-02 2.104968e+00
2.200000e-02 2.046330e+00
2.210000e-02 1.987834e+00
2.220000e-02 1.933102e+00
2.230000e-02 1.885080e+00
2.240000e-02 1.846137e+00
2.250000e-02 1.818226e+00
2.260000e-02 1.803086e+00
2.270000e-02 1.802434e+00
2.280000e-02 1.818146e+00
2.290000e-02 1.852402e+00
2.300000e-02 1.907732e+00
2.310000e-02 1.986821e+00
2.320000e-02 2.091758e+00
2.330000e-02 2.222025e+00
2.340000e-02 2.370115e+00
2.350000e-02 2.513938e+00
2.360000e-02 2.609206e+00
2.370000e-02 2.595769e+00
2.380000e-02 2.435013e+00
2.390000e-02 2.154373e+00
2.400000e-02 1.834477e+00
2.410000e-02 1.547884e+00
2.420000e-02 1.325945e+00
2.430000e-02 1.168568e+00
2.440000e-02 1.063415e+00
2.450000e-02 9.970107e-01
2.460000e-02 9.584925e-01
2.470000e-02 9.400123e-01
2.480000e-02 9.361509e-01
2.490000e-02 9.432305e-01
2.500000e-02 9.587696e-01
2.510000e-02 9.811003e-01
2.520000e-02 1.009116e+00
2.530000e-02 1.042117e+00
2.540000e-02 1.079733e+00
2.550000e-02 1.121918e+00
2.560000e-02 1.169051e+00
2.570000e-02 1.222195e+00
2.580000e-02 1.283686e+00
2.590000e-02 1.358312e+00
2.600000e-02 1.455173e+00
2.610000e-02 1.587601e+00
2.620000e-02 1.755760e+00
2.630000e-02 1.897197e+00
2.640000e-02 1.928170e+00
2.650000e-02 1.882541e+00
2.660000e-02 1.826785e+00
2.670000e-02 1.779917e+00
2.680000e-02 1.738285e+00
2.690000e-02 1.695329e+00
2.700000e-02 1.646320e+00
2.710000e-02 1.588754e+00
2.720000e-02 1.522013e+00
2.730000e-02 1.446948e+00
2.740000e-02 1.365455e+00
2.750000e-02 1.280033e+00
2.760000e-02 1.193362e+00
2.770000e-02 1.107946e+00
2.780000e-02 1.025876e+00
2.790000e-02 9.486987e-01
2.800000e-02 8.774082e-01
2.810000e-02 8.124981e-01
2.820000e-02 7.540614e-01
2.830000e-02 7.018982e-01
2.840000e-02 6.556171e-01
2.850000e-02 6.147175e-01
2.860000e-02 5.786534e-01
2.870000e-02 5.468771e-01
2.880000e-02 5.188678e-01
2.890000e-02 4.941475e-01
2.900000e-02 4.722893e-01
2.910000e-02 4.529193e-01
2.920000e-02 4.357151e-01
2.930000e-02 4.204022e-01
2.940000e-02 4.067494e-01
2.950000e-02 3.945640e-01
2.960000e-02 3.836872e-01
2.970000e-02 3.739896e-01
2.980000e-02 3.653673e-01
2.990000e-02 3.577390e-01
3.000000e-02 3.510426e-01
3.010000e-02 3.452340e-01
3.020000e-02 3.402844e-01
3.030000e-02 3.361802e-01
3.040000e-02 3.329215e-01
3.050000e-02 3.305226e-01
3.060000e-02 3.290120e-01
3.070000e-02 3.284334e-01
3.080000e-02 3.288472e-01
3.090000e-02 3.303326e-01
3.100000e-02 3.329909e-01
3.110000e-02 3.369489e-01
3.120000e-02 3.423646e-01
3.130000e-02 3.494340e-01
3.140000e-02 3.583993e-01
3.150000e-02 3.695610e-01
3.160000e-02 3.832917e-01
3.170000e-02 4.000548e-01
3.180000e-02 4.204279e-01
3.190000e-02 4.451317e-01
3.200000e-02 4.750645e-01
3.210000e-02 5.113417e-01
3.220000e-02 5.553333e-01
3.230000e-02 6.086867e-01
3.240000e-02 6.733035e-01
3.250000e-02 7.512038e-01
3.260000e-02 8.441570e-01
3.270000e-02 9.528782e-01
3.280000e-02 1.075538e+00
3.290000e-02 1.205502e+00
3.300000e-02 1.328980e+00
3.310000e-02 1.424823e+00
3.320000e-02 1.469751e+00
3.330000e-02 1.449149e+00
3.340000e-02 1.366186e+00
3.350000e-02 1.240311e+00
3.360000e-02 1.096435e+00
3.370000e-02 9.547062e-01
3.380000e-02 8.268030e-01
3.390000e-02 7.172698e-01
3.400000e-02 6.263342e-01
3.410000e-02 5.522131e-01
3.420000e-02 4.924962e-01
3.430000e-02 4.448253e-01
3.440000e-02 4.071654e-01
3.450000e-02 3.778748e-01
3.460000e-02 3.556880e-01
3.470000e-02 3.396724e-01
3.480000e-02 3.291799e-01
3.490000e-02 3.238070e-01
3.500000e-02 3.233634e-01
3.510000e-02 3.278492e-01
3.520000e-02 3.374369e-01
3.530000e-02 3.524529e-01
3.540000e-02 3.733511e-01
3.550000e-02 4.006641e-01
3.560000e-02 4.349158e-01
3.570000e-02 4.764700e-01
3.580000e-02 5.252930e-01
3.590000e-02 5.806251e-01
3.600000e-02 6.406099e-01
3.610000e-02 7.020216e-01
3.620000e-02 7.603299e-01
3.630000e-02 8.103317e-01
3.640000e-02 8.473397e-01
3.650000e-02 8.685017e-01
3.660000e-02 8.735826e-01
3.670000e-02 8.647990e-01
3.680000e-02 8.458893e-01
3.690000e-02 8.209829e-01
3.700000e-02 7.937559e-01
3.710000e-02 7.670332e-01
3.720000e-02 7.427468e-01
3.730000e-02 7.220805e-01
3.740000e-02 7.056700e-01
3.750000e-02 6.937855e-01
3.760000e-02 6.864721e-01
3.770000e-02 6.836460e-01
3.780000e-02 6.851561e-01
3.790000e-02 6.908195e-01
3.800000e-02 7.004393e-01
3.810000e-02 7.138101e-01
3.820000e-02 7.307154e-01
3.830000e-02 7.509183e-01
3.840000e-02 7.741479e-01
3.850000e-02 8.000809e-01
3.860000e-02 8.283201e-01
3.870000e-02 8.583701e-01
3.880000e-02 8.896123e-01
3.890000e-02 9.212829e-01
3.900000e-02 9.524579e-01
3.910000e-02 9.820518e-01
3.920000e-02 1.008838e+00
3.930000e-02 1.031500e+00
3.940000e-02 1.048709e+00
3.950000e-02 1.059238e+00
3.960000e-02 1.062092e+00
3.970000e-02 1.056631e+00
3.980000e-02 1.042671e+00
3.990000e-02 1.020520e+00
4.000000e-02 9.909618e-01
4.010000e-02 9.551599e-01
4.020000e-02 9.145270e-01
4.030000e-02 8.705730e-01
4.040000e-02 8.247668e-01
4.050000e-02 7.784291e-01
4.060000e-02 7.326664e-01
4.070000e-02 6.883441e-01
4.080000e-02 6.460904e-01
4.090000e-02 6.063207e-01
4.100000e-02 5.692725e-01
4.110000e-02 5.350435e-01
4.120000e-02 5.036269e-01
4.130000e-02 4.749429e-01
4.140000e-02 4.488634e-01
4.150000e-02 4.252322e-01
4.160000e-02 4.038792e-01
4.170000e-02 3.846310e-01
4.180000e-02 3.673181e-01
4.190000e-02 3.517792e-01
4.200000e-02 3.378648e-01
4.210000e-02 3.254378e-01
4.220000e-02 3.143751e-01
4.230000e-02 3.045670e-01
4.240000e-02 2.959176e-01
4.250000e-02 2.883437e-01
4.260000e-02 2.817749e-01
4.270000e-02 2.761530e-01
4.280000e-02 2.714318e-01
4.290000e-02 2.675764e-01
4.300000e-02 2.645640e-01
4.310000e-02 2.623837e-01
4.320000e-02 2.610373e-01
4.330000e-02 2.605402e-01
4.340000e-02 2.609229e-01
4.350000e-02 2.622330e-01
4.360000e-02 2.645382e-01
4.370000e-02 2.679295e-01
4.380000e-02 2.725270e-01
4.390000e-02 2.784854e-01
4.400000e-02 2.860034e-01
4.410000e-02 2.953339e-01
4.420000e-02 3.067988e-01
4.430000e-02 3.208064e-01
4.440000e-02 3.378734e-01
4.450000e-02 3.586494e-01
4.460000e-02 3.839413e-01
4.470000e-02 4.147261e-01
4.480000e-02 4.521302e-01
4.490000e-02 4.973216e-01
4.500000e-02 5.512151e-01
4.510000e-02 6.138181e-01
4.520000e-02 6.830115e-01
4.530000e-02 7.527682e-01
4.540000e-02 8.116868e-01
4.550000e-02 8.442604e-01
4.560000e-02 8.372940e-01
4.570000e-02 7.887110e-01
4.580000e-02 7.100317e-01
4.590000e-02 6.190930e-01
4.600000e-02 5.307785e-01
4.610000e-02 4.531958e-01
4.620000e-02 3.888085e-01
4.630000e-02 3.369563e-01
4.640000e-02 2.957693e-01
4.650000e-02 2.631855e-01
4.660000e-02 2.373676e-01
4.670000e-02 2.168160e-01
4.680000e-02 2.003560e-01
4.690000e-02 1.870846e-01
4.700000e-02 1.763122e-01
4.710000e-02 1.675125e-01
4.720000e-02 1.602825e-01
4.730000e-02 1.543118e-01
4.740000e-02 1.493598e-01
4.750000e-02 1.452382e-01
4.760000e-02 1.417991e-01
4.770000e-02 1.389249e-01
4.780000e-02 1.365216e-01
4.790000e-02 1.345133e-01
4.800000e-02 1.328385e-01
4.810000e-02 1.314469e-01
4.820000e-02 1.302969e-01
4.830000e-02 1.293541e-01
4.840000e-02 1.285895e-01
4.850000e-02 1.279790e-01
4.860000e-02 1.275020e-01
4.870000e-02 1.271409e-01
4.880000e-02 1.268806e-01
4.890000e-02 1.267080e-01
4.900000e-02 1.266120e-01
4.910000e-02 1.265825e-01
4.920000e-02 1.266111e-01
4.930000e-02 1.266902e-01
4.940000e-02 1.268135e-01
4.950000e-02 1.269755e-01
4.960000e-02 1.271719e-01
4.970000e-02 1.273995e-01
4.980000e-02 1.276563e-01
4.990000e-02 1.279420e-01
