-5.000000e-02 3.131363e-01
-4.990000e-02 3.204361e-01
-4.980000e-02 3.256616e-01
-4.970000e-02 3.277641e-01
-4.960000e-02 3.257381e-01
-4.950000e-02 3.188170e-01
-4.940000e-02 3.066890e-01
-4.930000e-02 2.896657e-01
-4.920000e-02 2.687321e-01
-4.910000e-02 2.454532e-01
-4.900000e-02 2.217800e-01
-4.890000e-02 1.998471e-01
-4.880000e-02 1.818509e-01
-4.870000e-02 1.700517e-01
-4.860000e-02 1.668806e-01
-4.850000e-02 1.750599e-01
-4.840000e-02 1.975447e-01
-4.830000e-02 2.369332e-01
-4.820000e-02 2.938879e-01
-4.810000e-02 3.645273e-01
-4.800000e-02 4.383976e-01
-4.790000e-02 5.004699e-01
-4.780000e-02 5.382511e-01
-4.770000e-02 5.483226e-01
-4.760000e-02 5.360327e-01
-4.750000e-02 5.102071e-01
-4.740000e-02 4.786214e-01
-4.730000e-02 4.464161e-01
-4.720000e-02 4.163852e-01
-4.710000e-02 3.897753e-01
-4.700000e-02 3.669671e-01
-4.690000e-02 3.479155e-01
-4.680000e-02 3.323995e-01
-4.670000e-02 3.201519e-01
-4.660000e-02 3.109227e-01
-4.650000e-02 3.045079e-01
-4.640000e-02 3.007611e-01
-4.630000e-02 2.995967e-01
-4.620000e-02 3.009913e-01
-4.610000e-02 3.049836e-01
-4.600000e-02 3.116748e-01
-4.590000e-02 3.212296e-01
-4.580000e-02 3.338773e-01
-4.570000e-02 3.499113e-01
-4.560000e-02 3.696849e-01
-4.550000e-02 3.935998e-01
-4.540000e-02 4.220808e-01
-4.530000e-02 4.555269e-01
-4.520000e-02 4.942260e-01
-4.510000e-02 5.382192e-01
-4.500000e-02 5.871019e-01
-4.490000e-02 6.397697e-01
-4.480000e-02 6.941564e-01
-4.470000e-02 7.470791e-01
-4.460000e-02 7.943697e-01
-4.450000e-02 8.314602e-01
-4.440000e-02 8.544057e-01
-4.430000e-02 8.610161e-01
-4.420000e-02 8.515465e-01
-4.410000e-02 8.285623e-01
-4.400000e-02 7.960770e-01
-4.390000e-02 7.584467e-01
-4.380000e-02 7.195040e-01
-4.370000e-02 6.821340e-01
-4.360000e-02 6.482292e-01
-4.350000e-02 6.188541e-01
-4.340000e-02 5.944753e-01
-4.330000e-02 5.751716e-01
-4.320000e-02 5.607933e-01
-4.310000e-02 5.510710e-01
-4.300000e-02 5.456821e-01
-4.290000e-02 5.442882e-01
-4.280000e-02 5.465538e-01
-4.270000e-02 5.521548e-01
-4.260000e-02 5.607808e-01
-4.250000e-02 5.721373e-01
-4.240000e-02 5.859487e-01
-4.230000e-02 6.019629e-01
-4.220000e-02 6.199594e-01
-4.210000e-02 6.397579e-01
-4.200000e-02 6.612263e-01
-4.190000e-02 6.842855e-01
-4.180000e-02 7.089089e-01
-4.170000e-02 7.351125e-01
-4.160000e-02 7.629362e-01
-4.150000e-02 7.924122e-01
-4.140000e-02 8.235204e-01
-4.130000e-02 8.561305e-01
-4.120000e-02 8.899290e-01
-4.110000e-02 9.243339e-01
-4.100000e-02 9.584030e-01
-4.090000e-02 9.907502e-01
-4.080000e-02 1.019495e+00
-4.070000e-02 1.042288e+00
-4.060000e-02 1.056455e+00
-4.050000e-02 1.059304e+00
-4.040000e-02 1.048581e+00
-4.030000e-02 1.022997e+00
-4.020000e-02 9.826636e-01
-4.010000e-02 9.292612e-01
-4.000000e-02 8.658276e-01
-3.990000e-02 7.962290e-01
-3.980000e-02 7.244887e-01
-3.970000e-02 6.541972e-01
-3.960000e-02 5.881451e-01
-3.950000e-02 5.282067e-01
-3.940000e-02 4.754151e-01
-3.930000e-02 4.301394e-01
-3.920000e-02 3.922874e-01
-3.910000e-02 3.614896e-01
-3.900000e-02 3.372419e-01
-3.890000e-02 3.190078e-01
-3.880000e-02 3.062849e-01
-3.870000e-02 2.986458e-01
-3.860000e-02 2.957607e-01
-3.850000e-02 2.974098e-01
-3.840000e-02 3.034897e-01
-3.830000e-02 3.140158e-01
-3.820000e-02 3.291253e-01
-3.810000e-02 3.490782e-01
-3.800000e-02 3.742572e-01
-3.790000e-02 4.051617e-01
-3.780000e-02 4.423904e-01
-3.770000e-02 4.865982e-01
-3.760000e-02 5.384045e-01
-3.750000e-02 5.982159e-01
-3.740000e-02 6.659100e-01
-3.730000e-02 7.403188e-01
-3.720000e-02 8.185058e-01
-3.710000e-02 8.950034e-01
-3.700000e-02 9.615671e-01
-3.690000e-02 1.008400e+00
-3.680000e-02 1.027479e+00
-3.670000e-02 1.016786e+00
-3.660000e-02 9.821842e-01
-3.650000e-02 9.348045e-01
-3.640000e-02 8.858885e-01
-3.630000e-02 8.429735e-01
-3.620000e-02 8.090616e-01
-3.610000e-02 7.837784e-01
-3.600000e-02 7.649897e-01
-3.590000e-02 7.500637e-01
-3.580000e-02 7.366156e-01
-3.570000e-02 7.228464e-01
-3.560000e-02 7.076216e-01
-3.550000e-02 6.904067e-01
-3.540000e-02 6.711350e-01
-3.530000e-02 6.500607e-01
-3.520000e-02 6.276234e-01
-3.510000e-02 6.043413e-01
-3.500000e-02 5.807347e-01
-3.490000e-02 5.572785e-01
-3.480000e-02 5.343779e-01
-3.470000e-02 5.123601e-01
-3.460000e-02 4.914770e-01
-3.450000e-02 4.719137e-01
-3.440000e-02 4.538003e-01
-3.430000e-02 4.372251e-01
-3.420000e-02 4.222470e-01
-3.410000e-02 4.089089e-01
-3.400000e-02 3.972519e-01
-3.390000e-02 3.873316e-01
-3.380000e-02 3.792426e-01
-3.370000e-02 3.731557e-01
-3.360000e-02 3.693863e-01
-3.350000e-02 3.685242e-01
-3.340000e-02 3.716966e-01
-3.330000e-02 3.811150e-01
-3.320000e-02 4.012055e-01
-3.310000e-02 4.407232e-01
-3.300000e-02 5.150675e-01
-3.290000e-02 6.402955e-01
-3.280000e-02 7.980327e-01
-3.270000e-02 9.130387e-01
-3.260000e-02 9.489703e-01
-3.250000e-02 9.458252e-01
-3.240000e-02 9.419260e-01
-3.230000e-02 9.511307e-01
-3.220000e-02 9.754478e-01
-3.210000e-02 1.013384e+00
-3.200000e-02 1.062637e+00
-3.190000e-02 1.120708e+00
-3.180000e-02 1.185001e+00
-3.170000e-02 1.252846e+00
-3.160000e-02 1.321432e+00
-3.150000e-02 1.387460e+00
-3.140000e-02 1.446519e+00
-3.130000e-02 1.492656e+00
-3.120000e-02 1.519069e+00
-3.110000e-02 1.520346e+00
-3.100000e-02 1.495095e+00
-3.090000e-02 1.446854e+00
-3.080000e-02 1.382550e+00
-3.070000e-02 1.309926e+00
-3.060000e-02 1.235609e+00
-3.050000e-02 1.164379e+00
-3.040000e-02 1.099229e+00
-3.030000e-02 1.041736e+00
-3.020000e-02 9.924633e-01
-3.010000e-02 9.512973e-01
-3.000000e-02 9.177106e-01
-2.990000e-02 8.909441e-01
-2.980000e-02 8.701267e-01
-2.970000e-02 8.543459e-01
-2.960000e-02 8.426858e-01
-2.950000e-02 8.342457e-01
-2.940000e-02 8.281518e-01
-2.930000e-02 8.235691e-01
-2.920000e-02 8.197202e-01
-2.910000e-02 8.159098e-01
-2.900000e-02 8.115541e-01
-2.890000e-02 8.062099e-01
-2.880000e-02 7.995953e-01
-2.870000e-02 7.915965e-01
-2.860000e-02 7.822569e-01
-2.850000e-02 7.717497e-01
-2.840000e-02 7.603380e-01
-2.830000e-02 7.483301e-01
-2.820000e-02 7.360386e-01
-2.810000e-02 7.237469e-01
-2.800000e-02 7.116892e-01
-2.790000e-02 7.000409e-01
-2.780000e-02 6.889200e-01
-2.770000e-02 6.783969e-01
-2.760000e-02 6.685073e-01
-2.750000e-02 6.592692e-01
-2.740000e-02 6.506994e-01
-2.730000e-02 6.428288e-01
-2.720000e-02 6.357175e-01
-2.710000e-02 6.294665e-01
-2.700000e-02 6.242285e-01
-2.690000e-02 6.202170e-01
-2.680000e-02 6.177144e-01
-2.670000e-02 6.170788e-01
-2.660000e-02 6.187518e-01
-2.650000e-02 6.232625e-01
-2.640000e-02 6.312296e-01
-2.630000e-02 6.433530e-01
-2.620000e-02 6.603878e-01
-2.610000e-02 6.830846e-01
-2.600000e-02 7.120793e-01
-2.590000e-02 7.477117e-01
-2.580000e-02 7.897769e-01
-2.570000e-02 8.372530e-01
-2.560000e-02 8.881304e-01
-2.550000e-02 9.395237e-01
-2.540000e-02 9.881983e-01
-2.530000e-02 1.031410e+00
-2.520000e-02 1.067658e+00
-2.510000e-02 1.096871e+00
-2.500000e-02 1.119830e+00
-2.490000e-02 1.137008e+00
-2.480000e-02 1.147256e+00
-2.470000e-02 1.146836e+00
-2.460000e-02 1.129548e+00
-2.450000e-02 1.088849e+00
-2.440000e-02 1.021900e+00
-2.430000e-02 9.330698e-01
-2.420000e-02 8.332809e-01
-2.410000e-02 7.350936e-01
-2.400000e-02 6.477762e-01
-2.390000e-02 5.756487e-01
-2.380000e-02 5.191870e-01
-2.370000e-02 4.768685e-01
-2.360000e-02 4.465582e-01
-2.350000e-02 4.262415e-01
-2.340000e-02 4.143076e-01
-2.330000e-02 4.096060e-01
-2.320000e-02 4.114132e-01
-2.310000e-02 4.193770e-01
-2.300000e-02 4.334631e-01
-2.290000e-02 4.539109e-01
-2.280000e-02 4.811888e-01
-2.270000e-02 5.159368e-01
-2.260000e-02 5.588696e-01
-2.250000e-02 6.106057e-01
-2.240000e-02 6.713750e-01
-2.230000e-02 7.405716e-01
-2.220000e-02 8.161741e-01
-2.210000e-02 8.942025e-01
-2.200000e-02 9.686064e-01
-2.190000e-02 1.032092e+00
-2.180000e-02 1.078074e+00
-2.170000e-02 1.103058e+00
-2.160000e-02 1.108067e+00
-2.150000e-02 1.098128e+00
-2.140000e-02 1.080227e+00
-2.130000e-02 1.060966e+00
-2.120000e-02 1.044800e+00
-2.110000e-02 1.032886e+00
-2.100000e-02 1.022345e+00
-2.090000e-02 1.006227e+00
-2.080000e-02 9.754781e-01
-2.070000e-02 9.237356e-01
-2.060000e-02 8.523277e-01
-2.050000e-02 7.703137e-01
-2.040000e-02 6.890244e-01
-2.030000e-02 6.166760e-01
-2.020000e-02 5.568733e-01
-2.010000e-02 5.098923e-01
-2.000000e-02 4.744252e-01
-1.990000e-02 4.487435e-01
-1.980000e-02 4.312522e-01
-1.970000e-02 4.206770e-01
-1.960000e-02 4.160847e-01
-1.950000e-02 4.168419e-01
-1.940000e-02 4.225591e-01
-1.930000e-02 4.330361e-01
-1.920000e-02 4.482093e-01
-1.910000e-02 4.680967e-01
-1.900000e-02 4.927335e-01
-1.890000e-02 5.220872e-01
-1.880000e-02 5.559479e-01
-1.870000e-02 5.937894e-01
-1.860000e-02 6.346165e-01
-1.850000e-02 6.768373e-01
-1.840000e-02 7.182273e-01
-1.830000e-02 7.560739e-01
-1.820000e-02 7.875524e-01
-1.810000e-02 8.102898e-01
-1.800000e-02 8.229365e-01
-1.790000e-02 8.255066e-01
-1.780000e-02 8.193296e-01
-1.770000e-02 8.066555e-01
-1.760000e-02 7.901094e-01
-1.750000e-02 7.722115e-01
-1.740000e-02 7.550809e-01
-1.730000e-02 7.403277e-01
-1.720000e-02 7.290764e-01
-1.710000e-02 7.220499e-01
-1.700000e-02 7.196661e-01
-1.690000e-02 7.221158e-01
-1.680000e-02 7.294134e-01
-1.670000e-02 7.414187e-01
-1.660000e-02 7.578377e-01
-1.650000e-02 7.782149e-01
-1.640000e-02 8.019378e-01
-1.630000e-02 8.282774e-01
-1.620000e-02 8.564882e-01
-1.610000e-02 8.859622e-01
-1.600000e-02 9.163933e-01
-1.590000e-02 9.478514e-01
-1.580000e-02 9.806543e-01
-1.570000e-02 1.014984e+00
-1.560000e-02 1.050340e+00
-1.550000e-02 1.085086e+00
-1.540000e-02 1.116522e+00
-1.530000e-02 1.141857e+00
-1.520000e-02 1.160092e+00
-1.510000e-02 1.174040e+00
-1.500000e-02 1.191073e+00
-1.490000e-02 1.221061e+00
-1.480000e-02 1.270077e+00
-1.470000e-02 1.329572e+00
-1.460000e-02 1.369974e+00
-1.450000e-02 1.360236e+00
-1.440000e-02 1.301936e+00
-1.430000e-02 1.224654e+00
-1.420000e-02 1.154100e+00
-1.410000e-02 1.100010e+00
-1.400000e-02 1.061845e+00
-1.390000e-02 1.035633e+00
-1.380000e-02 1.017435e+00
-1.370000e-02 1.004500e+00
-1.360000e-02 9.953413e-01
-1.350000e-02 9.894146e-01
-1.340000e-02 9.866899e-01
-1.330000e-02 9.872598e-01
-1.320000e-02 9.910269e-01
-1.310000e-02 9.974629e-01
-1.300000e-02 1.005432e+00
-1.290000e-02 1.013093e+00
-1.280000e-02 1.017945e+00
-1.270000e-02 1.017083e+00
-1.260000e-02 1.007736e+00
-1.250000e-02 9.879799e-01
-1.240000e-02 9.574071e-01
-1.230000e-02 9.173941e-01
-1.220000e-02 8.708141e-01
-1.210000e-02 8.213167e-01
-1.200000e-02 7.725282e-01
-1.190000e-02 7.274849e-01
-1.180000e-02 6.884123e-01
-1.170000e-02 6.567733e-01
-1.160000e-02 6.334350e-01
-1.150000e-02 6.188108e-01
-1.140000e-02 6.128606e-01
-1.130000e-02 6.148563e-01
-1.120000e-02 6.228831e-01
-1.110000e-02 6.333002e-01
-1.100000e-02 6.408761e-01
-1.090000e-02 6.405136e-01
-1.080000e-02 6.301576e-01
-1.070000e-02 6.123554e-01
-1.060000e-02 5.927234e-01
-1.050000e-02 5.770737e-01
-1.040000e-02 5.698098e-01
-1.030000e-02 5.740333e-01
-1.020000e-02 5.924193e-01
-1.010000e-02 6.280813e-01
-1.000000e-02 6.849973e-01
-9.900000e-03 7.672223e-01
-9.800000e-03 8.746491e-01
-9.700000e-03 9.914269e-01
-9.600000e-03 1.071185e+00
-9.500000e-03 1.055481e+00
-9.400000e-03 9.433927e-01
-9.300000e-03 7.999723e-01
-9.200000e-03 6.803056e-01
-9.100000e-03 6.002848e-01
-9.000000e-03 5.557709e-01
-8.900000e-03 5.388234e-01
-8.800000e-03 5.427852e-01
-8.700000e-03 5.623495e-01
-8.600000e-03 5.921188e-01
-8.500000e-03 6.249219e-01
-8.400000e-03 6.509965e-01
-8.300000e-03 6.596776e-01
-8.200000e-03 6.440768e-01
-8.100000e-03 6.053916e-01
-8.000000e-03 5.520831e-01
-7.900000e-03 4.945535e-01
-7.800000e-03 4.405344e-01
-7.700000e-03 3.938762e-01
-7.600000e-03 3.555423e-01
-7.500000e-03 3.249780e-01
-7.400000e-03 3.010661e-01
-7.300000e-03 2.826224e-01
-7.200000e-03 2.685983e-01
-7.100000e-03 2.581361e-01
-7.000000e-03 2.505618e-01
-6.900000e-03 2.453576e-01
-6.800000e-03 2.421319e-01
-6.700000e-03 2.405924e-01
-6.600000e-03 2.405247e-01
-6.500000e-03 2.417764e-01
-6.400000e-03 2.442452e-01
-6.300000e-03 2.478702e-01
-6.200000e-03 2.526271e-01
-6.100000e-03 2.585247e-01
-6.000000e-03 2.656046e-01
-5.900000e-03 2.739424e-01
-5.800000e-03 2.836525e-01
-5.700000e-03 2.948956e-01
-5.600000e-03 3.078918e-01
-5.500000e-03 3.229413e-01
-5.400000e-03 3.404590e-01
-5.300000e-03 3.610309e-01
-5.200000e-03 3.855139e-01
-5.100000e-03 4.152169e-01
-5.000000e-03 4.522497e-01
-4.900000e-03 5.002297e-01
-4.800000e-03 5.657804e-01
-4.700000e-03 6.616298e-01
-4.600000e-03 8.106524e-01
-4.500000e-03 1.024026e+00
-4.400000e-03 1.119709e+00
-4.300000e-03 8.746163e-01
-4.200000e-03 6.733451e-01
-4.100000e-03 6.104776e-01
-4.000000e-03 6.105468e-01
-3.900000e-03 6.352535e-01
-3.800000e-03 6.694465e-01
-3.700000e-03 7.061315e-01
-3.600000e-03 7.411278e-01
-3.500000e-03 7.713568e-01
-3.400000e-03 7.944192e-01
-3.300000e-03 8.086543e-01
-3.200000e-03 8.133313e-01
-3.100000e-03 8.087699e-01
-3.000000e-03 7.962857e-01
-2.900000e-03 7.779566e-01
-2.800000e-03 7.562909e-01
-2.700000e-03 7.339043e-01
-2.600000e-03 7.132934e-01
-2.500000e-03 6.967367e-01
-2.400000e-03 6.863165e-01
-2.300000e-03 6.840261e-01
-2.200000e-03 6.919245e-01
-2.100000e-03 7.122908e-01
-2.000000e-03 7.477053e-01
-1.900000e-03 8.008990e-01
-1.800000e-03 8.740397e-01
-1.700000e-03 9.668660e-01
-1.600000e-03 1.073073e+00
-1.500000e-03 1.175756e+00
-1.400000e-03 1.246917e+00
-1.300000e-03 1.258874e+00
-1.200000e-03 1.204118e+00
-1.100000e-03 1.101955e+00
-1.000000e-03 9.829071e-01
-9.000000e-04 8.706584e-01
-8.000000e-04 7.767691e-01
-7.000000e-04 7.041343e-01
-6.000000e-04 6.515527e-01
-5.000000e-04 6.165771e-01
-4.000000e-04 5.967848e-01
-3.000000e-04 5.901589e-01
-2.000000e-04 5.950413e-01
-1.000000e-04 6.098670e-01
1.429412e-15 6.327541e-01
1.000000e-04 6.609932e-01
2.000000e-04 6.905658e-01
3.000000e-04 7.159925e-01
4.000000e-04 7.309521e-01
5.000000e-04 7.298985e-01
6.000000e-04 7.101330e-01
7.000000e-04 6.730158e-01
8.000000e-04 6.233372e-01
9.000000e-04 5.672916e-01
1.000000e-03 5.104504e-01
1.100000e-03 4.566989e-01
1.200000e-03 4.081526e-01
1.300000e-03 3.655817e-01
1.400000e-03 3.289238e-01
1.500000e-03 2.976901e-01
1.600000e-03 2.712273e-01
1.700000e-03 2.488636e-01
1.800000e-03 2.299794e-01
1.900000e-03 2.140352e-01
2.000000e-03 2.005765e-01
2.100000e-03 1.892287e-01
2.200000e-03 1.796875e-01
2.300000e-03 1.717097e-01
2.400000e-03 1.651045e-01
2.500000e-03 1.597262e-01
2.600000e-03 1.554694e-01
2.700000e-03 1.522658e-01
2.800000e-03 1.500832e-01
2.900000e-03 1.489269e-01
3.000000e-03 1.488439e-01
3.100000e-03 1.499305e-01
3.200000e-03 1.523449e-01
3.300000e-03 1.563262e-01
3.400000e-03 1.622229e-01
3.500000e-03 1.705354e-01
3.600000e-03 1.819773e-01
3.700000e-03 1.975651e-01
3.800000e-03 2.187431e-01
3.900000e-03 2.475465e-01
4.000000e-03 2.867816e-01
4.100000e-03 3.401228e-01
4.200000e-03 4.118345e-01
4.300000e-03 5.054427e-01
4.400000e-03 6.203075e-01
4.500000e-03 7.459440e-01
4.600000e-03 8.584704e-01
4.700000e-03 9.286685e-01
4.800000e-03 9.414128e-01
4.900000e-03 9.055689e-01
5.000000e-03 8.429835e-01
5.100000e-03 7.730981e-01
5.200000e-03 7.071533e-01
5.300000e-03 6.496841e-01
5.400000e-03 6.015238e-01
5.500000e-03 5.619301e-01
5.600000e-03 5.296976e-01
5.700000e-03 5.036483e-01
5.800000e-03 4.828160e-01
5.900000e-03 4.665019e-01
6.000000e-03 4.542818e-01
6.100000e-03 4.460052e-01
6.200000e-03 4.418019e-01
6.300000e-03 4.421049e-01
6.400000e-03 4.476996e-01
6.500000e-03 4.598062e-01
6.600000e-03 4.802034e-01
6.700000e-03 5.113818e-01
6.800000e-03 5.566481e-01
6.900000e-03 6.198763e-01
7.000000e-03 7.039827e-01
7.100000e-03 8.059632e-01
7.200000e-03 9.061646e-01
7.300000e-03 9.594715e-01
7.400000e-03 9.194966e-01
7.500000e-03 7.945749e-01
7.600000e-03 6.437340e-01
7.700000e-03 5.141095e-01
7.800000e-03 4.192840e-01
7.900000e-03 3.551527e-01
8.000000e-03 3.138601e-01
8.100000e-03 2.887732e-01
8.200000e-03 2.752323e-01
8.300000e-03 2.701644e-01
8.400000e-03 2.715883e-01
8.500000e-03 2.782405e-01
8.600000e-03 2.893248e-01
8.700000e-03 3.043522e-01
8.800000e-03 3.230374e-01
8.900000e-03 3.452316e-01
9.000000e-03 3.708763e-01
9.100000e-03 3.999706e-01
9.200000e-03 4.325459e-01
9.300000e-03 4.686453e-01
9.400000e-03 5.083063e-01
9.500000e-03 5.515458e-01
9.600000e-03 5.983480e-01
9.700000e-03 6.486565e-01
9.800000e-03 7.023722e-01
9.900000e-03 7.593579e-01
1.000000e-02 8.194499e-01
1.010000e-02 8.824727e-01
1.020000e-02 9.482438e-01
1.030000e-02 1.016544e+00
1.040000e-02 1.087013e+00
1.050000e-02 1.158905e+00
1.060000e-02 1.230701e+00
1.070000e-02 1.299646e+00
1.080000e-02 1.361568e+00
1.090000e-02 1.411490e+00
1.100000e-02 1.445170e+00
1.110000e-02 1.460811e+00
1.120000e-02 1.459634e+00
1.130000e-02 1.444925e+00
1.140000e-02 1.420454e+00
1.150000e-02 1.389310e+00
1.160000e-02 1.353494e+00
1.170000e-02 1.314021e+00
1.180000e-02 1.271224e+00
1.190000e-02 1.225084e+00
1.200000e-02 1.175513e+00
1.210000e-02 1.122596e+00
1.220000e-02 1.066748e+00
1.230000e-02 1.008774e+00
1.240000e-02 9.498049e-01
1.250000e-02 8.911344e-01
1.260000e-02 8.340164e-01
1.270000e-02 7.794978e-01
1.280000e-02 7.283369e-01
1.290000e-02 6.810151e-01
1.300000e-02 6.378125e-01
1.310000e-02 5.989064e-01
1.320000e-02 5.644603e-01
1.330000e-02 5.346825e-01
1.340000e-02 5.098488e-01
1.350000e-02 4.902903e-01
1.360000e-02 4.763558e-01
1.370000e-02 4.683589e-01
1.380000e-02 4.665256e-01
1.390000e-02 4.709553e-01
1.400000e-02 4.816074e-01
1.410000e-02 4.983179e-01
1.420000e-02 5.208431e-01
1.430000e-02 5.489233e-01
1.440000e-02 5.823532e-01
1.450000e-02 6.210449e-01
1.460000e-02 6.650703e-01
1.470000e-02 7.146618e-01
1.480000e-02 7.701375e-01
1.490000e-02 8.316862e-01
1.500000e-02 8.989022e-01
1.510000e-02 9.699223e-01
1.520000e-02 1.040118e+00
1.530000e-02 1.100813e+00
1.540000e-02 1.139648e+00
1.550000e-02 1.144913e+00
1.560000e-02 1.113185e+00
1.570000e-02 1.053523e+00
1.580000e-02 9.825205e-01
1.590000e-02 9.151012e-01
1.600000e-02 8.595909e-01
1.610000e-02 8.183443e-01
1.620000e-02 7.903923e-01
1.630000e-02 7.735742e-01
1.640000e-02 7.656559e-01
1.650000e-02 7.647537e-01
1.660000e-02 7.694186e-01
1.670000e-02 7.785921e-01
1.680000e-02 7.915301e-01
1.690000e-02 8.077309e-01
1.700000e-02 8.268791e-01
1.710000e-02 8.488055e-01
1.720000e-02 8.734611e-01
1.730000e-02 9.009036e-01
1.740000e-02 9.312935e-01
1.750000e-02 9.648996e-01
1.760000e-02 1.002112e+00
1.770000e-02 1.043455e+00
1.780000e-02 1.089597e+00
1.790000e-02 1.141316e+00
1.800000e-02 1.199367e+00
1.810000e-02 1.264109e+00
1.820000e-02 1.334663e+00
1.830000e-02 1.407366e+00
1.840000e-02 1.473841e+00
1.850000e-02 1.520682e+00
1.860000e-02 1.534343e+00
1.870000e-02 1.510687e+00
1.880000e-02 1.459442e+00
1.890000e-02 1.396977e+00
1.900000e-02 1.336182e+00
1.910000e-02 1.282995e+00
1.920000e-02 1.238342e+00
1.930000e-02 1.200926e+00
1.940000e-02 1.168961e+00
1.950000e-02 1.140912e+00
1.960000e-02 1.115697e+00
1.970000e-02 1.092670e+00
1.980000e-02 1.071541e+00
1.990000e-02 1.052290e+00
2.000000e-02 1.035090e+00
2.010000e-02 1.020246e+00
2.020000e-02 1.008154e+00
2.030000e-02 9.992583e-01
2.040000e-02 9.940107e-01
2.050000e-02 9.928230e-01
2.060000e-02 9.959856e-01
2.070000e-02 1.003538e+00
2.080000e-02 1.015063e+00
2.090000e-02 1.029384e+00
2.100000e-02 1.044200e+00
2.110000e-02 1.055783e+00
2.120000e-02 1.059087e+00
2.130000e-02 1.048676e+00
2.140000e-02 1.020635e+00
2.150000e-02 9.746742e-01
2.160000e-02 9.148921e-01
2.170000e-02 8.483345e-01
2.180000e-02 7.823230e-01
2.190000e-02 7.223647e-01
2.200000e-02 6.715120e-01
2.210000e-02 6.308012e-01
2.220000e-02 6.000376e-01
2.230000e-02 5.784652e-01
2.240000e-02 5.651940e-01
2.250000e-02 5.594219e-01
2.260000e-02 5.605246e-01
2.270000e-02 5.680747e-01
2.280000e-02 5.818239e-01
2.290000e-02 6.016654e-01
2.300000e-02 6.275814e-01
2.310000e-02 6.595716e-01
2.320000e-02 6.975571e-01
2.330000e-02 7.412504e-01
2.340000e-02 7.899901e-01
2.350000e-02 8.425511e-01
2.360000e-02 8.969714e-01
2.370000e-02 9.504724e-01
2.380000e-02 9.995840e-01
2.390000e-02 1.040566e+00
2.400000e-02 1.070116e+00
2.410000e-02 1.086173e+00
2.420000e-02 1.088496e+00
2.430000e-02 1.078725e+00
2.440000e-02 1.059897e+00
2.450000e-02 1.035650e+00
2.460000e-02 1.009449e+00
2.470000e-02 9.840541e-01
2.480000e-02 9.612973e-01
2.490000e-02 9.420828e-01
2.500000e-02 9.265264e-01
2.510000e-02 9.141507e-01
2.520000e-02 9.041015e-01
2.530000e-02 8.953676e-01
2.540000e-02 8.869969e-01
2.550000e-02 8.782892e-01
2.560000e-02 8.689422e-01
2.570000e-02 8.591235e-01
2.580000e-02 8.494538e-01
2.590000e-02 8.409006e-01
2.600000e-02 8.345904e-01
2.610000e-02 8.315480e-01
2.620000e-02 8.323602e-01
2.630000e-02 8.367767e-01
2.640000e-02 8.433236e-01
2.650000e-02 8.491419e-01
2.660000e-02 8.503740e-01
2.670000e-02 8.432731e-01
2.680000e-02 8.256647e-01
2.690000e-02 7.978687e-01
2.700000e-02 7.624376e-01
2.710000e-02 7.229902e-01
2.720000e-02 6.829919e-01
2.730000e-02 6.450678e-01
2.740000e-02 6.108800e-01
2.750000e-02 5.813194e-01
2.760000e-02 5.567790e-01
2.770000e-02 5.373891e-01
2.780000e-02 5.231843e-01
2.790000e-02 5.142056e-01
2.800000e-02 5.105528e-01
2.810000e-02 5.123960e-01
2.820000e-02 5.199410e-01
2.830000e-02 5.333359e-01
2.840000e-02 5.524935e-01
2.850000e-02 5.768125e-01
2.860000e-02 6.048231e-01
2.870000e-02 6.338882e-01
2.880000e-02 6.602325e-01
2.890000e-02 6.795943e-01
2.900000e-02 6.884880e-01
2.910000e-02 6.854780e-01
2.920000e-02 6.716273e-01
2.930000e-02 6.498396e-01
2.940000e-02 6.236407e-01
2.950000e-02 5.961607e-01
2.960000e-02 5.696630e-01
2.970000e-02 5.455287e-01
2.980000e-02 5.244569e-01
2.990000e-02 5.067023e-01
3.000000e-02 4.922686e-01
3.010000e-02 4.810422e-01
3.020000e-02 4.728747e-01
3.030000e-02 4.676331e-01
3.040000e-02 4.652272e-01
3.050000e-02 4.656275e-01
3.060000e-02 4.688778e-01
3.070000e-02 4.751079e-01
3.080000e-02 4.845482e-01
3.090000e-02 4.975494e-01
3.100000e-02 5.146098e-01
3.110000e-02 5.364081e-01
3.120000e-02 5.638436e-01
3.130000e-02 5.980728e-01
3.140000e-02 6.405154e-01
3.150000e-02 6.927591e-01
3.160000e-02 7.561889e-01
3.170000e-02 8.309644e-01
3.180000e-02 9.136829e-01
3.190000e-02 9.931647e-01
3.200000e-02 1.046091e+00
3.210000e-02 1.040749e+00
3.220000e-02 9.587071e-01
3.230000e-02 8.182677e-01
3.240000e-02 6.630029e-01
3.250000e-02 5.277208e-01
3.260000e-02 4.247940e-01
3.270000e-02 3.520087e-01
3.280000e-02 3.024857e-01
3.290000e-02 2.695656e-01
3.300000e-02 2.481550e-01
3.310000e-02 2.346900e-01
3.320000e-02 2.267688e-01
3.330000e-02 2.228027e-01
3.340000e-02 2.217601e-01
3.350000e-02 2.229968e-01
3.360000e-02 2.261509e-01
3.370000e-02 2.310845e-01
3.380000e-02 2.378616e-01
3.390000e-02 2.467556e-01
3.400000e-02 2.582896e-01
3.410000e-02 2.733144e-01
3.420000e-02 2.931339e-01
3.430000e-02 3.196857e-01
3.440000e-02 3.557509e-01
3.450000e-02 4.050434e-01
3.460000e-02 4.716593e-01
3.470000e-02 5.575402e-01
3.480000e-02 6.559939e-01
3.490000e-02 7.434179e-01
3.500000e-02 7.847564e-01
3.510000e-02 7.635369e-01
3.520000e-02 6.988617e-01
3.530000e-02 6.219493e-01
3.540000e-02 5.524123e-01
3.550000e-02 4.967156e-01
3.560000e-02 4.547431e-01
3.570000e-02 4.244068e-01
3.580000e-02 4.035624e-01
3.590000e-02 3.905703e-01
3.600000e-02 3.843663e-01
3.610000e-02 3.844036e-01
3.620000e-02 3.905868e-01
3.630000e-02 4.032293e-01
3.640000e-02 4.230316e-01
3.650000e-02 4.510596e-01
3.660000e-02 4.886711e-01
3.670000e-02 5.372893e-01
3.680000e-02 5.978330e-01
3.690000e-02 6.695218e-01
3.700000e-02 7.478910e-01
3.710000e-02 8.226499e-01
3.720000e-02 8.778321e-01
3.730000e-02 8.974792e-01
3.740000e-02 8.753220e-01
3.750000e-02 8.194206e-01
3.760000e-02 7.463166e-01
3.770000e-02 6.715084e-01
3.780000e-02 6.046037e-01
3.790000e-02 5.496657e-01
3.800000e-02 5.074061e-01
3.810000e-02 4.770635e-01
3.820000e-02 4.574946e-01
3.830000e-02 4.476825e-01
3.840000e-02 4.469230e-01
3.850000e-02 4.548586e-01
3.860000e-02 4.714384e-01
3.870000e-02 4.968284e-01
3.880000e-02 5.312641e-01
3.890000e-02 5.748190e-01
3.900000e-02 6.270630e-01
3.910000e-02 6.866150e-01
3.920000e-02 7.506803e-01
3.930000e-02 8.148006e-01
3.940000e-02 8.731519e-01
3.950000e-02 9.196183e-01
3.960000e-02 9.494250e-01
3.970000e-02 9.605743e-01
3.980000e-02 9.542717e-01
3.990000e-02 9.341630e-01
4.000000e-02 9.049484e-01
4.010000e-02 8.711311e-01
4.020000e-02 8.363034e-01
4.030000e-02 8.029564e-01
4.040000e-02 7.726059e-01
4.050000e-02 7.460324e-01
4.060000e-02 7.235190e-01
4.070000e-02 7.050393e-01
4.080000e-02 6.903885e-01
4.090000e-02 6.792685e-01
4.100000e-02 6.713398e-01
4.110000e-02 6.662520e-01
4.120000e-02 6.636612e-01
4.130000e-02 6.632416e-01
4.140000e-02 6.646932e-01
4.150000e-02 6.677485e-01
4.160000e-02 6.721799e-01
4.170000e-02 6.778065e-01
4.180000e-02 6.845005e-01
4.190000e-02 6.921920e-01
4.200000e-02 7.008712e-01
4.210000e-02 7.105872e-01
4.220000e-02 7.214434e-01
4.230000e-02 7.335882e-01
4.240000e-02 7.472020e-01
4.250000e-02 7.624800e-01
4.260000e-02 7.796102e-01
4.270000e-02 7.987468e-01
4.280000e-02 8.199759e-01
4.290000e-02 8.432746e-01
4.300000e-02 8.684599e-01
4.310000e-02 8.951310e-01
4.320000e-02 9.226088e-01
4.330000e-02 9.498857e-01
4.340000e-02 9.756072e-01
4.350000e-02 9.981154e-01
4.360000e-02 1.015585e+00
4.370000e-02 1.026268e+00
4.380000e-02 1.028824e+00
4.390000e-02 1.022658e+00
4.400000e-02 1.008157e+00
4.410000e-02 9.867260e-01
4.420000e-02 9.605814e-01
4.430000e-02 9.323863e-01
4.440000e-02 9.048376e-01
4.450000e-02 8.803294e-01
4.460000e-02 8.607491e-01
4.470000e-02 8.474029e-01
4.480000e-02 8.410247e-01
4.490000e-02 8.418175e-01
4.500000e-02 8.494864e-01
4.510000e-02 8.632416e-01
4.520000e-02 8.817740e-01
4.530000e-02 9.032219e-01
4.540000e-02 9.251705e-01
4.550000e-02 9.447414e-01
4.560000e-02 9.588245e-01
4.570000e-02 9.644798e-01
4.580000e-02 9.594617e-01
4.590000e-02 9.427322e-01
4.600000e-02 9.147773e-01
4.610000e-02 8.775764e-01
4.620000e-02 8.342114e-01
4.630000e-02 7.882554e-01
4.640000e-02 7.431612e-01
4.650000e-02 7.018335e-01
4.660000e-02 6.664624e-01
4.670000e-02 6.385950e-01
4.680000e-02 6.193743e-01
4.690000e-02 6.098765e-01
4.700000e-02 6.115096e-01
4.710000e-02 6.264572e-01
4.720000e-02 6.581058e-01
4.730000e-02 7.111141e-01
4.740000e-02 7.898751e-01
4.750000e-02 8.923082e-01
4.760000e-02 9.968421e-01
4.770000e-02 1.057722e+00
4.780000e-02 1.041184e+00
4.790000e-02 9.661083e-01
4.800000e-02 8.763078e-01
4.810000e-02 7.989191e-01
4.820000e-02 7.411812e-01
4.830000e-02 7.015243e-01
4.840000e-02 6.764659e-01
4.850000e-02 6.629966e-01
4.860000e-02 6.590726e-01
4.870000e-02 6.635692e-01
4.880000e-02 6.761515e-01
4.890000e-02 6.971705e-01
4.900000e-02 7.275524e-01
4.910000e-02 7.685489e-01
4.920000e-02 8.210620e-01
4.930000e-02 8.841114e-01
4.940000e-02 9.523330e-01
4.950000e-02 1.014181e+00
4.960000e-02 1.055112e+00
4.970000e-02 1.066994e+00
4.980000e-02 1.054511e+00
4.990000e-02 1.030326e+00
