-5.000000e-02 2.171728e-01
-4.990000e-02 2.565918e-01
-4.980000e-02 2.984369e-01
-4.970000e-02 3.324693e-01
-4.960000e-02 3.220742e-01
-4.950000e-02 2.333982e-01
-4.940000e-02 1.824222e-01
-4.930000e-02 2.486329e-01
-4.920000e-02 3.186799e-01
-4.910000e-02 3.604498e-01
-4.900000e-02 3.865827e-01
-4.890000e-02 4.003623e-01
-4.880000e-02 4.029624e-01
-4.870000e-02 3.978818e-01
-4.860000e-02 3.890396e-01
-4.850000e-02 3.792308e-01
-4.840000e-02 3.699998e-01
-4.830000e-02 3.620422e-01
-4.820000e-02 3.555886e-01
-4.810000e-02 3.506416e-01
-4.800000e-02 3.470938e-01
-4.790000e-02 3.447707e-01
-4.780000e-02 3.434311e-01
-4.770000e-02 3.427466e-01
-4.760000e-02 3.422748e-01
-4.750000e-02 3.414433e-01
-4.740000e-02 3.395612e-01
-4.730000e-02 3.358818e-01
-4.720000e-02 3.297290e-01
-4.710000e-02 3.206809e-01
-4.700000e-02 3.087717e-01
-4.690000e-02 2.946299e-01
-4.680000e-02 2.794688e-01
-4.670000e-02 2.648837e-01
-4.660000e-02 2.525000e-01
-4.650000e-02 2.435995e-01
-4.640000e-02 2.388671e-01
-4.630000e-02 2.383360e-01
-4.620000e-02 2.415121e-01
-4.610000e-02 2.475841e-01
-4.600000e-02 2.556040e-01
-4.590000e-02 2.645294e-01
-4.580000e-02 2.730105e-01
-4.570000e-02 2.788563e-01
-4.560000e-02 2.787876e-01
-4.550000e-02 2.721409e-01
-4.540000e-02 2.734706e-01
-4.530000e-02 3.066834e-01
-4.520000e-02 3.531389e-01
-4.510000e-02 3.744451e-01
-4.500000e-02 3.699592e-01
-4.490000e-02 3.549232e-01
-4.480000e-02 3.386285e-01
-4.470000e-02 3.243094e-01
-4.460000e-02 3.125711e-01
-4.450000e-02 3.031968e-01
-4.440000e-02 2.958054e-01
-4.430000e-02 2.900448e-01
-4.420000e-02 2.856293e-01
-4.410000e-02 2.823312e-01
-4.400000e-02 2.799633e-01
-4.390000e-02 2.783610e-01
-4.380000e-02 2.773689e-01
-4.370000e-02 2.768297e-01
-4.360000e-02 2.765773e-01
-4.350000e-02 2.764343e-01
-4.340000e-02 2.762148e-01
-4.330000e-02 2.757354e-01
-4.320000e-02 2.748351e-01
-4.310000e-02 2.734051e-01
-4.300000e-02 2.714251e-01
-4.290000e-02 2.689982e-01
-4.280000e-02 2.663690e-01
-4.270000e-02 2.639066e-01
-4.260000e-02 2.620417e-01
-4.250000e-02 2.611601e-01
-4.240000e-02 2.614840e-01
-4.230000e-02 2.629887e-01
-4.220000e-02 2.653949e-01
-4.210000e-02 2.682472e-01
-4.200000e-02 2.710469e-01
-4.190000e-02 2.733864e-01
-4.180000e-02 2.750401e-01
-4.170000e-02 2.759940e-01
-4.160000e-02 2.764235e-01
-4.150000e-02 2.766406e-01
-4.140000e-02 2.770300e-01
-4.130000e-02 2.779837e-01
-4.120000e-02 2.798272e-01
-4.110000e-02 2.827218e-01
-4.100000e-02 2.865139e-01
-4.090000e-02 2.905078e-01
-4.080000e-02 2.931982e-01
-4.070000e-02 2.921858e-01
-4.060000e-02 2.848774e-01
-4.050000e-02 2.707083e-01
-4.040000e-02 2.540837e-01
-4.030000e-02 2.437812e-01
-4.020000e-02 2.459571e-01
-4.010000e-02 2.582106e-01
-4.000000e-02 2.730068e-01
-3.990000e-02 2.846408e-01
-3.980000e-02 2.913857e-01
-3.970000e-02 2.935738e-01
-3.960000e-02 2.913478e-01
-3.950000e-02 2.839549e-01
-3.940000e-02 2.710406e-01
-3.930000e-02 2.541098e-01
-3.920000e-02 2.358585e-01
-3.910000e-02 2.185358e-01
-3.900000e-02 2.032855e-01
-3.890000e-02 1.903978e-01
-3.880000e-02 1.797351e-01
-3.870000e-02 1.710157e-01
-3.860000e-02 1.639489e-01
-3.850000e-02 1.582854e-01
-3.840000e-02 1.538291e-01
-3.830000e-02 1.504351e-01
-3.820000e-02 1.480036e-01
-3.810000e-02 1.464744e-01
-3.800000e-02 1.458237e-01
-3.790000e-02 1.460629e-01
-3.780000e-02 1.472405e-01
-3.770000e-02 1.494466e-01
-3.760000e-02 1.528217e-01
-3.750000e-02 1.575684e-01
-3.740000e-02 1.639670e-01
-3.730000e-02 1.723907e-01
-3.720000e-02 1.833045e-01
-3.710000e-02 1.972041e-01
-3.700000e-02 2.143673e-01
-3.690000e-02 2.341444e-01
-3.680000e-02 2.535842e-01
-3.670000e-02 2.671679e-01
-3.660000e-02 2.720813e-01
-3.650000e-02 2.634370e-01
-3.640000e-02 2.263770e-01
-3.630000e-02 1.759332e-01
-3.620000e-02 1.360201e-01
-3.610000e-02 1.115616e-01
-3.600000e-02 9.883014e-02
-3.590000e-02 9.385137e-02
-3.580000e-02 9.409573e-02
-3.570000e-02 9.824129e-02
-3.560000e-02 1.057776e-01
-3.550000e-02 1.167548e-01
-3.540000e-02 1.316516e-01
-3.530000e-02 1.512736e-01
-3.520000e-02 1.765022e-01
-3.510000e-02 2.074297e-01
-3.500000e-02 2.406801e-01
-3.490000e-02 2.629032e-01
-3.480000e-02 2.442497e-01
-3.470000e-02 1.699100e-01
-3.460000e-02 1.277261e-01
-3.450000e-02 1.899531e-01
-3.440000e-02 2.564671e-01
-3.430000e-02 2.697835e-01
-3.420000e-02 2.519778e-01
-3.410000e-02 2.266920e-01
-3.400000e-02 2.037567e-01
-3.390000e-02 1.856915e-01
-3.380000e-02 1.724603e-01
-3.370000e-02 1.633872e-01
-3.360000e-02 1.577831e-01
-3.350000e-02 1.551113e-01
-3.340000e-02 1.550077e-01
-3.330000e-02 1.572621e-01
-3.320000e-02 1.617941e-01
-3.310000e-02 1.686326e-01
-3.300000e-02 1.778955e-01
-3.290000e-02 1.897629e-01
-3.280000e-02 2.044272e-01
-3.270000e-02 2.219938e-01
-3.260000e-02 2.422785e-01
-3.250000e-02 2.644258e-01
-3.240000e-02 2.862600e-01
-3.230000e-02 3.034154e-01
-3.220000e-02 3.088254e-01
-3.210000e-02 2.943358e-01
-3.200000e-02 2.568055e-01
-3.190000e-02 2.064480e-01
-3.180000e-02 1.652534e-01
-3.170000e-02 1.491400e-01
-3.160000e-02 1.544704e-01
-3.150000e-02 1.656305e-01
-3.140000e-02 1.680907e-01
-3.130000e-02 1.525674e-01
-3.120000e-02 1.184531e-01
-3.110000e-02 1.027637e-01
-3.100000e-02 2.142971e-01
-3.090000e-02 3.587413e-01
-3.080000e-02 3.127178e-01
-3.070000e-02 2.362364e-01
-3.060000e-02 1.958167e-01
-3.050000e-02 1.744032e-01
-3.040000e-02 1.606568e-01
-3.030000e-02 1.509540e-01
-3.020000e-02 1.441915e-01
-3.010000e-02 1.398562e-01
-3.000000e-02 1.375595e-01
-2.990000e-02 1.369661e-01
-2.980000e-02 1.377927e-01
-2.970000e-02 1.398089e-01
-2.960000e-02 1.428306e-01
-2.950000e-02 1.467110e-01
-2.940000e-02 1.513305e-01
-2.930000e-02 1.565888e-01
-2.920000e-02 1.623975e-01
-2.910000e-02 1.686747e-01
-2.900000e-02 1.753405e-01
-2.890000e-02 1.823139e-01
-2.880000e-02 1.895104e-01
-2.870000e-02 1.968412e-01
-2.860000e-02 2.042128e-01
-2.850000e-02 2.115279e-01
-2.840000e-02 2.186875e-01
-2.830000e-02 2.255936e-01
-2.820000e-02 2.321536e-01
-2.810000e-02 2.382845e-01
-2.800000e-02 2.439179e-01
-2.790000e-02 2.490047e-01
-2.780000e-02 2.535189e-01
-2.770000e-02 2.574606e-01
-2.760000e-02 2.608567e-01
-2.750000e-02 2.637596e-01
-2.740000e-02 2.662441e-01
-2.730000e-02 2.684023e-01
-2.720000e-02 2.703366e-01
-2.710000e-02 2.721528e-01
-2.700000e-02 2.739526e-01
-2.690000e-02 2.758270e-01
-2.680000e-02 2.778513e-01
-2.670000e-02 2.800816e-01
-2.660000e-02 2.825537e-01
-2.650000e-02 2.852838e-01
-2.640000e-02 2.882719e-01
-2.630000e-02 2.915080e-01
-2.620000e-02 2.949812e-01
-2.610000e-02 2.986914e-01
-2.600000e-02 3.026641e-01
-2.590000e-02 3.069633e-01
-2.580000e-02 3.116948e-01
-2.570000e-02 3.169835e-01
-2.560000e-02 3.229022e-01
-2.550000e-02 3.293332e-01
-2.540000e-02 3.357797e-01
-2.530000e-02 3.412094e-01
-2.520000e-02 3.440888e-01
-2.510000e-02 3.427365e-01
-2.500000e-02 3.359387e-01
-2.490000e-02 3.235182e-01
-2.480000e-02 3.065039e-01
-2.470000e-02 2.867995e-01
-2.460000e-02 2.665822e-01
-2.450000e-02 2.477613e-01
-2.440000e-02 2.316904e-01
-2.430000e-02 2.191308e-01
-2.420000e-02 2.103686e-01
-2.410000e-02 2.053808e-01
-2.400000e-02 2.039931e-01
-2.390000e-02 2.060099e-01
-2.380000e-02 2.113267e-01
-2.370000e-02 2.200531e-01
-2.360000e-02 2.326909e-01
-2.350000e-02 2.504216e-01
-2.340000e-02 2.753887e-01
-2.330000e-02 3.090271e-01
-2.320000e-02 3.335457e-01
-2.310000e-02 2.648052e-01
-2.300000e-02 1.834481e-01
-2.290000e-02 1.877343e-01
-2.280000e-02 1.970491e-01
-2.270000e-02 2.030906e-01
-2.260000e-02 2.071916e-01
-2.250000e-02 2.095225e-01
-2.240000e-02 2.098159e-01
-2.230000e-02 2.075374e-01
-2.220000e-02 2.017896e-01
-2.210000e-02 1.911591e-01
-2.200000e-02 1.736995e-01
-2.190000e-02 1.476640e-01
-2.180000e-02 1.147823e-01
-2.170000e-02 8.924137e-02
-2.160000e-02 1.081345e-01
-2.150000e-02 2.040985e-01
-2.140000e-02 3.245284e-01
-2.130000e-02 3.793597e-01
-2.120000e-02 3.756937e-01
-2.110000e-02 3.588018e-01
-2.100000e-02 3.389039e-01
-2.090000e-02 3.067028e-01
-2.080000e-02 2.633559e-01
-2.070000e-02 2.283417e-01
-2.060000e-02 2.192525e-01
-2.050000e-02 2.323084e-01
-2.040000e-02 2.506490e-01
-2.030000e-02 2.617590e-01
-2.020000e-02 2.623896e-01
-2.010000e-02 2.546428e-01
-2.000000e-02 2.418818e-01
-1.990000e-02 2.268908e-01
-1.980000e-02 2.115046e-01
-1.970000e-02 1.967773e-01
-1.960000e-02 1.832416e-01
-1.950000e-02 1.711176e-01
-1.940000e-02 1.604513e-01
-1.930000e-02 1.512010e-01
-1.920000e-02 1.432861e-01
-1.910000e-02 1.366159e-01
-1.900000e-02 1.311049e-01
-1.890000e-02 1.266813e-01
-1.880000e-02 1.232921e-01
-1.870000e-02 1.209065e-01
-1.860000e-02 1.195192e-01
-1.850000e-02 1.191547e-01
-1.840000e-02 1.198736e-01
-1.830000e-02 1.217815e-01
-1.820000e-02 1.250440e-01
-1.810000e-02 1.299077e-01
-1.800000e-02 1.367338e-01
-1.790000e-02 1.460464e-01
-1.780000e-02 1.585992e-01
-1.770000e-02 1.754473e-01
-1.760000e-02 1.979368e-01
-1.750000e-02 2.272353e-01
-1.740000e-02 2.619382e-01
-1.730000e-02 2.890304e-01
-1.720000e-02 2.626185e-01
-1.710000e-02 1.338295e-01
-1.700000e-02 8.181812e-02
-1.690000e-02 2.156852e-01
-1.680000e-02 2.891202e-01
-1.670000e-02 2.804654e-01
-1.660000e-02 2.492778e-01
-1.650000e-02 2.191884e-01
-1.640000e-02 1.947653e-01
-1.630000e-02 1.755628e-01
-1.620000e-02 1.603863e-01
-1.610000e-02 1.482413e-01
-1.600000e-02 1.384364e-01
-1.590000e-02 1.305147e-01
-1.580000e-02 1.241778e-01
-1.570000e-02 1.192330e-01
-1.560000e-02 1.155610e-01
-1.550000e-02 1.131002e-01
-1.540000e-02 1.118413e-01
-1.530000e-02 1.118317e-01
-1.520000e-02 1.131868e-01
-1.510000e-02 1.161139e-01
-1.500000e-02 1.209510e-01
-1.490000e-02 1.282299e-01
-1.480000e-02 1.387751e-01
-1.470000e-02 1.538382e-01
-1.460000e-02 1.752012e-01
-1.450000e-02 2.048548e-01
-1.440000e-02 2.427889e-01
-1.430000e-02 2.806310e-01
-1.420000e-02 3.017326e-01
-1.410000e-02 3.008883e-01
-1.400000e-02 2.702779e-01
-1.390000e-02 2.268774e-01
-1.380000e-02 1.949060e-01
-1.370000e-02 1.784796e-01
-1.360000e-02 1.744412e-01
-1.350000e-02 1.798005e-01
-1.340000e-02 1.927026e-01
-1.330000e-02 2.117214e-01
-1.320000e-02 2.345428e-01
-1.310000e-02 2.558136e-01
-1.300000e-02 2.643394e-01
-1.290000e-02 2.432086e-01
-1.280000e-02 1.828784e-01
-1.270000e-02 1.077927e-01
-1.260000e-02 7.068127e-02
-1.250000e-02 9.196540e-02
-1.240000e-02 1.422502e-01
-1.230000e-02 1.889565e-01
-1.220000e-02 2.204974e-01
-1.210000e-02 2.384785e-01
-1.200000e-02 2.476319e-01
-1.190000e-02 2.518390e-01
-1.180000e-02 2.535314e-01
-1.170000e-02 2.540441e-01
-1.160000e-02 2.540345e-01
-1.150000e-02 2.537713e-01
-1.140000e-02 2.532949e-01
-1.130000e-02 2.524827e-01
-1.120000e-02 2.510637e-01
-1.110000e-02 2.486309e-01
-1.100000e-02 2.446973e-01
-1.090000e-02 2.388100e-01
-1.080000e-02 2.306889e-01
-1.070000e-02 2.203260e-01
-1.060000e-02 2.079991e-01
-1.050000e-02 1.942016e-01
-1.040000e-02 1.795289e-01
-1.030000e-02 1.645703e-01
-1.020000e-02 1.498357e-01
-1.010000e-02 1.357226e-01
-1.000000e-02 1.225133e-01
-9.900000e-03 1.103915e-01
-9.800000e-03 9.946338e-02
-9.700000e-03 8.977853e-02
-9.600000e-03 8.134721e-02
-9.500000e-03 7.415297e-02
-9.400000e-03 6.816248e-02
-9.300000e-03 6.333388e-02
-9.200000e-03 5.962478e-02
-9.100000e-03 5.700089e-02
-9.000000e-03 5.544541e-02
-8.900000e-03 5.496951e-02
-8.800000e-03 5.562471e-02
-8.700000e-03 5.751856e-02
-8.600000e-03 6.083630e-02
-8.500000e-03 6.587354e-02
-8.400000e-03 7.308795e-02
-8.300000e-03 8.318454e-02
-8.200000e-03 9.725891e-02
-8.100000e-03 1.170339e-01
-8.000000e-03 1.451976e-01
-7.900000e-03 1.854953e-01
-7.800000e-03 2.396877e-01
-7.700000e-03 2.848862e-01
-7.600000e-03 2.199440e-01
-7.500000e-03 1.479287e-01
-7.400000e-03 2.188124e-01
-7.300000e-03 2.189247e-01
-7.200000e-03 1.488769e-01
-7.100000e-03 4.995942e-02
-7.000000e-03 3.731225e-02
-6.900000e-03 1.364424e-01
-6.800000e-03 2.280374e-01
-6.700000e-03 2.578463e-01
-6.600000e-03 2.465961e-01
-6.500000e-03 2.199851e-01
-6.400000e-03 1.911762e-01
-6.300000e-03 1.650433e-01
-6.200000e-03 1.428045e-01
-6.100000e-03 1.243376e-01
-6.000000e-03 1.091287e-01
-5.900000e-03 9.662004e-02
-5.800000e-03 8.632169e-02
-5.700000e-03 7.783504e-02
-5.600000e-03 7.084661e-02
-5.500000e-03 6.511387e-02
-5.400000e-03 6.045081e-02
-5.300000e-03 5.671532e-02
-5.200000e-03 5.379883e-02
-5.100000e-03 5.161762e-02
-5.000000e-03 5.010538e-02
-4.900000e-03 4.920644e-02
-4.800000e-03 4.886930e-02
-4.700000e-03 4.904025e-02
-4.600000e-03 4.965745e-02
-4.500000e-03 5.064607e-02
-4.400000e-03 5.191558e-02
-4.300000e-03 5.336067e-02
-4.200000e-03 5.486676e-02
-4.100000e-03 5.632009e-02
-4.000000e-03 5.762098e-02
-3.900000e-03 5.869700e-02
-3.800000e-03 5.951281e-02
-3.700000e-03 6.007396e-02
-3.600000e-03 6.042450e-02
-3.500000e-03 6.063999e-02
-3.400000e-03 6.081886e-02
-3.300000e-03 6.107503e-02
-3.200000e-03 6.153364e-02
-3.100000e-03 6.233099e-02
-3.000000e-03 6.361883e-02
-2.900000e-03 6.557329e-02
-2.800000e-03 6.840870e-02
-2.700000e-03 7.239708e-02
-2.600000e-03 7.789472e-02
-2.500000e-03 8.537687e-02
-2.400000e-03 9.548009e-02
-2.300000e-03 1.090441e-01
-2.200000e-03 1.271231e-01
-2.100000e-03 1.508767e-01
-2.000000e-03 1.810988e-01
-1.900000e-03 2.168216e-01
-1.800000e-03 2.520089e-01
-1.700000e-03 2.700713e-01
-1.600000e-03 2.427267e-01
-1.500000e-03 1.548760e-01
-1.400000e-03 5.469488e-02
-1.300000e-03 2.724836e-02
-1.200000e-03 8.269657e-02
-1.100000e-03 1.626970e-01
-1.000000e-03 2.247719e-01
-9.000000e-04 2.603922e-01
-8.000000e-04 2.754116e-01
-7.000000e-04 2.770838e-01
-6.000000e-04 2.705859e-01
-5.000000e-04 2.591824e-01
-4.000000e-04 2.450743e-01
-3.000000e-04 2.300828e-01
-2.000000e-04 2.160257e-01
-1.000000e-04 2.048267e-01
1.429412e-15 1.984465e-01
1.000000e-04 1.987062e-01
2.000000e-04 2.069640e-01
3.000000e-04 2.234177e-01
4.000000e-04 2.455982e-01
5.000000e-04 2.658692e-01
6.000000e-04 2.700331e-01
7.000000e-04 2.448161e-01
8.000000e-04 1.995884e-01
9.000000e-04 1.725453e-01
1.000000e-03 1.868279e-01
1.100000e-03 2.228760e-01
1.200000e-03 2.524923e-01
1.300000e-03 2.654782e-01
1.400000e-03 2.647403e-01
1.500000e-03 2.561889e-01
1.600000e-03 2.444702e-01
1.700000e-03 2.324328e-01
1.800000e-03 2.216607e-01
1.900000e-03 2.130494e-01
2.000000e-03 2.072327e-01
2.100000e-03 2.049052e-01
2.200000e-03 2.071422e-01
2.300000e-03 2.158174e-01
2.400000e-03 2.341269e-01
2.500000e-03 2.663659e-01
2.600000e-03 3.108326e-01
2.700000e-03 3.226617e-01
2.800000e-03 1.982711e-01
2.900000e-03 1.042007e-01
3.000000e-03 1.774630e-01
3.100000e-03 2.396739e-01
3.200000e-03 2.639296e-01
3.300000e-03 2.730128e-01
3.400000e-03 2.787224e-01
3.500000e-03 2.847204e-01
3.600000e-03 2.901961e-01
3.700000e-03 2.923644e-01
3.800000e-03 2.907332e-01
3.900000e-03 2.882837e-01
4.000000e-03 2.879740e-01
4.100000e-03 2.902731e-01
4.200000e-03 2.934600e-01
4.300000e-03 2.949033e-01
4.400000e-03 2.925552e-01
4.500000e-03 2.865795e-01
4.600000e-03 2.800833e-01
4.700000e-03 2.772038e-01
4.800000e-03 2.792409e-01
4.900000e-03 2.831451e-01
5.000000e-03 2.843921e-01
5.100000e-03 2.805382e-01
5.200000e-03 2.719946e-01
5.300000e-03 2.607251e-01
5.400000e-03 2.488614e-01
5.500000e-03 2.380395e-01
5.600000e-03 2.292956e-01
5.700000e-03 2.231869e-01
5.800000e-03 2.199305e-01
5.900000e-03 2.194779e-01
6.000000e-03 2.214960e-01
6.100000e-03 2.252573e-01
6.200000e-03 2.294769e-01
6.300000e-03 2.322173e-01
6.400000e-03 2.310874e-01
6.500000e-03 2.240466e-01
6.600000e-03 2.110537e-01
6.700000e-03 1.956469e-01
6.800000e-03 1.839423e-01
6.900000e-03 1.808931e-01
7.000000e-03 1.869436e-01
7.100000e-03 1.971171e-01
7.200000e-03 2.036480e-01
7.300000e-03 2.011514e-01
7.400000e-03 1.893025e-01
7.500000e-03 1.715545e-01
7.600000e-03 1.522455e-01
7.700000e-03 1.344124e-01
7.800000e-03 1.194228e-01
7.900000e-03 1.075734e-01
8.000000e-03 9.869069e-02
8.100000e-03 9.247881e-02
8.200000e-03 8.867481e-02
8.300000e-03 8.710644e-02
8.400000e-03 8.770869e-02
8.500000e-03 9.052525e-02
8.600000e-03 9.570446e-02
8.700000e-03 1.034895e-01
8.800000e-03 1.141953e-01
8.900000e-03 1.281565e-01
9.000000e-03 1.456199e-01
9.100000e-03 1.665442e-01
9.200000e-03 1.902745e-01
9.300000e-03 2.151109e-01
9.400000e-03 2.379481e-01
9.500000e-03 2.544342e-01
9.600000e-03 2.602513e-01
9.700000e-03 2.535462e-01
9.800000e-03 2.370163e-01
9.900000e-03 2.172881e-01
1.000000e-02 2.013477e-01
1.010000e-02 1.930358e-01
1.020000e-02 1.923485e-01
1.030000e-02 1.970597e-01
1.040000e-02 2.045985e-01
1.050000e-02 2.130395e-01
1.060000e-02 2.212760e-01
1.070000e-02 2.288205e-01
1.080000e-02 2.355440e-01
1.090000e-02 2.414726e-01
1.100000e-02 2.466596e-01
1.110000e-02 2.511154e-01
1.120000e-02 2.547801e-01
1.130000e-02 2.575275e-01
1.140000e-02 2.591935e-01
1.150000e-02 2.596208e-01
1.160000e-02 2.587090e-01
1.170000e-02 2.564590e-01
1.180000e-02 2.530065e-01
1.190000e-02 2.486440e-01
1.200000e-02 2.438444e-01
1.210000e-02 2.393017e-01
1.220000e-02 2.359887e-01
1.230000e-02 2.350776e-01
1.240000e-02 2.369029e-01
1.250000e-02 2.373264e-01
1.260000e-02 2.271297e-01
1.270000e-02 2.067339e-01
1.280000e-02 1.861745e-01
1.290000e-02 1.697599e-01
1.300000e-02 1.570245e-01
1.310000e-02 1.468151e-01
1.320000e-02 1.383188e-01
1.330000e-02 1.310461e-01
1.340000e-02 1.247027e-01
1.350000e-02 1.191038e-01
1.360000e-02 1.141261e-01
1.370000e-02 1.096822e-01
1.380000e-02 1.057066e-01
1.390000e-02 1.021482e-01
1.400000e-02 9.896562e-02
1.410000e-02 9.612480e-02
1.420000e-02 9.359704e-02
1.430000e-02 9.135811e-02
1.440000e-02 8.938742e-02
1.450000e-02 8.766758e-02
1.460000e-02 8.618397e-02
1.470000e-02 8.492451e-02
1.480000e-02 8.387943e-02
1.490000e-02 8.304117e-02
1.500000e-02 8.240423e-02
1.510000e-02 8.196517e-02
1.520000e-02 8.172256e-02
1.530000e-02 8.167702e-02
1.540000e-02 8.183127e-02
1.550000e-02 8.219025e-02
1.560000e-02 8.276119e-02
1.570000e-02 8.355388e-02
1.580000e-02 8.458084e-02
1.590000e-02 8.585760e-02
1.600000e-02 8.740307e-02
1.610000e-02 8.923992e-02
1.620000e-02 9.139507e-02
1.630000e-02 9.390020e-02
1.640000e-02 9.679244e-02
1.650000e-02 1.001150e-01
1.660000e-02 1.039181e-01
1.670000e-02 1.082594e-01
1.680000e-02 1.132051e-01
1.690000e-02 1.188304e-01
1.700000e-02 1.252194e-01
1.710000e-02 1.324651e-01
1.720000e-02 1.406668e-01
1.730000e-02 1.499259e-01
1.740000e-02 1.603378e-01
1.750000e-02 1.719764e-01
1.760000e-02 1.848692e-01
1.770000e-02 1.989557e-01
1.780000e-02 2.140229e-01
1.790000e-02 2.296096e-01
1.800000e-02 2.448763e-01
1.810000e-02 2.584496e-01
1.820000e-02 2.682932e-01
1.830000e-02 2.717266e-01
1.840000e-02 2.658210e-01
1.850000e-02 2.484419e-01
1.860000e-02 2.199702e-01
1.870000e-02 1.849743e-01
1.880000e-02 1.521854e-01
1.890000e-02 1.314726e-01
1.900000e-02 1.290823e-01
1.910000e-02 1.447959e-01
1.920000e-02 1.732062e-01
1.930000e-02 2.074247e-01
1.940000e-02 2.420925e-01
1.950000e-02 2.743393e-01
1.960000e-02 3.032548e-01
1.970000e-02 3.288812e-01
1.980000e-02 3.513213e-01
1.990000e-02 3.701344e-01
2.000000e-02 3.840532e-01
2.010000e-02 3.910834e-01
2.020000e-02 3.890580e-01
2.030000e-02 3.765526e-01
2.040000e-02 3.538126e-01
2.050000e-02 3.234014e-01
2.060000e-02 2.906309e-01
2.070000e-02 2.635626e-01
2.080000e-02 2.513519e-01
2.090000e-02 2.601504e-01
2.100000e-02 2.888299e-01
2.110000e-02 3.287125e-01
2.120000e-02 3.681877e-01
2.130000e-02 3.982374e-01
2.140000e-02 4.149255e-01
2.150000e-02 4.186341e-01
2.160000e-02 4.120546e-01
2.170000e-02 3.985257e-01
2.180000e-02 3.811608e-01
2.190000e-02 3.625726e-01
2.200000e-02 3.448829e-01
2.210000e-02 3.297960e-01
2.220000e-02 3.186221e-01
2.230000e-02 3.122245e-01
2.240000e-02 3.109282e-01
2.250000e-02 3.144601e-01
2.260000e-02 3.219907e-01
2.270000e-02 3.323046e-01
2.280000e-02 3.440651e-01
2.290000e-02 3.560955e-01
2.300000e-02 3.675916e-01
2.310000e-02 3.782082e-01
2.320000e-02 3.880125e-01
2.330000e-02 3.973373e-01
2.340000e-02 4.065957e-01
2.350000e-02 4.161078e-01
2.360000e-02 4.259465e-01
2.370000e-02 4.357430e-01
2.380000e-02 4.443281e-01
2.390000e-02 4.490891e-01
2.400000e-02 4.452063e-01
2.410000e-02 4.259789e-01
2.420000e-02 3.872301e-01
2.430000e-02 3.367143e-01
2.440000e-02 2.962265e-01
2.450000e-02 2.820924e-01
2.460000e-02 2.886129e-01
2.470000e-02 3.003920e-01
2.480000e-02 3.083901e-01
2.490000e-02 3.111425e-01
2.500000e-02 3.102213e-01
2.510000e-02 3.074170e-01
2.520000e-02 3.039353e-01
2.530000e-02 3.004028e-01
2.540000e-02 2.970353e-01
2.550000e-02 2.937755e-01
2.560000e-02 2.903721e-01
2.570000e-02 2.864153e-01
2.580000e-02 2.813482e-01
2.590000e-02 2.744716e-01
2.600000e-02 2.649656e-01
2.610000e-02 2.519658e-01
2.620000e-02 2.347572e-01
2.630000e-02 2.131860e-01
2.640000e-02 1.884113e-01
2.650000e-02 1.640241e-01
2.660000e-02 1.471185e-01
2.670000e-02 1.478817e-01
2.680000e-02 1.753479e-01
2.690000e-02 2.291130e-01
2.700000e-02 2.937114e-01
2.710000e-02 3.433369e-01
2.720000e-02 3.504088e-01
2.730000e-02 2.946698e-01
2.740000e-02 1.997636e-01
2.750000e-02 1.579287e-01
2.760000e-02 2.144474e-01
2.770000e-02 2.960080e-01
2.780000e-02 3.388686e-01
2.790000e-02 3.424468e-01
2.800000e-02 3.263562e-01
2.810000e-02 3.045422e-01
2.820000e-02 2.832750e-01
2.830000e-02 2.645344e-01
2.840000e-02 2.485034e-01
2.850000e-02 2.347834e-01
2.860000e-02 2.228986e-01
2.870000e-02 2.124827e-01
2.880000e-02 2.033353e-01
2.890000e-02 1.954192e-01
2.900000e-02 1.888163e-01
2.910000e-02 1.836544e-01
2.920000e-02 1.800273e-01
2.930000e-02 1.779473e-01
2.940000e-02 1.773487e-01
2.950000e-02 1.781357e-01
2.960000e-02 1.802412e-01
2.970000e-02 1.836734e-01
2.980000e-02 1.885394e-01
2.990000e-02 1.950466e-01
3.000000e-02 2.034806e-01
3.010000e-02 2.141455e-01
3.020000e-02 2.272444e-01
3.030000e-02 2.426656e-01
3.040000e-02 2.596687e-01
3.050000e-02 2.765412e-01
3.060000e-02 2.904481e-01
3.070000e-02 2.978070e-01
3.080000e-02 2.953570e-01
3.090000e-02 2.815338e-01
3.100000e-02 2.572673e-01
3.110000e-02 2.256053e-01
3.120000e-02 1.905053e-01
3.130000e-02 1.556882e-01
3.140000e-02 1.241187e-01
3.150000e-02 9.806060e-02
3.160000e-02 7.934824e-02
3.170000e-02 6.957044e-02
3.180000e-02 7.002796e-02
3.190000e-02 8.147702e-02
3.200000e-02 1.037769e-01
3.210000e-02 1.356195e-01
3.220000e-02 1.745079e-01
3.230000e-02 2.170556e-01
3.240000e-02 2.595353e-01
3.250000e-02 2.985043e-01
3.260000e-02 3.313180e-01
3.270000e-02 3.563929e-01
3.280000e-02 3.731652e-01
3.290000e-02 3.818301e-01
3.300000e-02 3.830691e-01
3.310000e-02 3.779068e-01
3.320000e-02 3.676348e-01
3.330000e-02 3.536868e-01
3.340000e-02 3.374612e-01
3.350000e-02 3.201672e-01
3.360000e-02 3.027473e-01
3.370000e-02 2.858732e-01
3.380000e-02 2.699841e-01
3.390000e-02 2.553394e-01
3.400000e-02 2.420701e-01
3.410000e-02 2.302199e-01
3.420000e-02 2.197772e-01
3.430000e-02 2.106962e-01
3.440000e-02 2.029123e-01
3.450000e-02 1.963513e-01
3.460000e-02 1.909350e-01
3.470000e-02 1.865846e-01
3.480000e-02 1.832217e-01
3.490000e-02 1.807685e-01
3.500000e-02 1.791477e-01
3.510000e-02 1.782812e-01
3.520000e-02 1.780900e-01
3.530000e-02 1.784940e-01
3.540000e-02 1.794120e-01
3.550000e-02 1.807642e-01
3.560000e-02 1.824737e-01
3.570000e-02 1.844711e-01
3.580000e-02 1.866980e-01
3.590000e-02 1.891122e-01
3.600000e-02 1.916927e-01
3.610000e-02 1.944432e-01
3.620000e-02 1.973954e-01
3.630000e-02 2.006107e-01
3.640000e-02 2.041801e-01
3.650000e-02 2.082220e-01
3.660000e-02 2.128769e-01
3.670000e-02 2.182961e-01
3.680000e-02 2.246182e-01
3.690000e-02 2.319198e-01
3.700000e-02 2.401132e-01
3.710000e-02 2.487332e-01
3.720000e-02 2.565112e-01
3.730000e-02 2.605954e-01
3.740000e-02 2.554620e-01
3.750000e-02 2.328987e-01
3.760000e-02 1.888783e-01
3.770000e-02 1.451768e-01
3.780000e-02 1.540507e-01
3.790000e-02 2.166781e-01
3.800000e-02 2.580935e-01
3.810000e-02 2.478793e-01
3.820000e-02 2.115568e-01
3.830000e-02 1.732922e-01
3.840000e-02 1.421931e-01
3.850000e-02 1.193502e-01
3.860000e-02 1.033976e-01
3.870000e-02 9.269446e-02
3.880000e-02 8.592148e-02
3.890000e-02 8.214819e-02
3.900000e-02 8.076828e-02
3.910000e-02 8.142462e-02
3.920000e-02 8.395406e-02
3.930000e-02 8.835510e-02
3.940000e-02 9.477546e-02
3.950000e-02 1.035155e-01
3.960000e-02 1.150420e-01
3.970000e-02 1.299976e-01
3.980000e-02 1.491684e-01
3.990000e-02 1.732913e-01
4.000000e-02 2.023888e-01
4.010000e-02 2.338420e-01
4.020000e-02 2.577458e-01
4.030000e-02 2.497520e-01
4.040000e-02 1.775964e-01
4.050000e-02 6.511188e-02
4.060000e-02 3.580337e-02
4.070000e-02 1.222514e-01
4.080000e-02 2.157318e-01
4.090000e-02 2.625630e-01
4.100000e-02 2.760050e-01
4.110000e-02 2.767912e-01
4.120000e-02 2.764194e-01
4.130000e-02 2.790271e-01
4.140000e-02 2.835589e-01
4.150000e-02 2.827572e-01
4.160000e-02 2.601872e-01
4.170000e-02 1.966798e-01
4.180000e-02 1.144281e-01
4.190000e-02 1.068508e-01
4.200000e-02 1.906165e-01
4.210000e-02 2.627636e-01
4.220000e-02 2.806481e-01
4.230000e-02 2.662615e-01
4.240000e-02 2.426975e-01
4.250000e-02 2.205711e-01
4.260000e-02 2.031944e-01
4.270000e-02 1.910264e-01
4.280000e-02 1.836688e-01
4.290000e-02 1.805849e-01
4.300000e-02 1.813025e-01
4.310000e-02 1.854158e-01
4.320000e-02 1.924963e-01
4.330000e-02 2.019477e-01
4.340000e-02 2.128406e-01
4.350000e-02 2.238160e-01
4.360000e-02 2.332089e-01
4.370000e-02 2.394451e-01
4.380000e-02 2.414382e-01
4.390000e-02 2.387128e-01
4.400000e-02 2.316068e-01
4.410000e-02 2.217159e-01
4.420000e-02 2.118391e-01
4.430000e-02 2.053039e-01
4.440000e-02 2.055629e-01
4.450000e-02 2.166665e-01
4.460000e-02 2.446708e-01
4.470000e-02 2.987516e-01
4.480000e-02 3.706417e-01
4.490000e-02 2.828351e-01
4.500000e-02 2.865001e-01
4.510000e-02 3.533518e-01
4.520000e-02 3.217943e-01
4.530000e-02 2.880810e-01
4.540000e-02 2.580432e-01
4.550000e-02 2.314784e-01
4.560000e-02 2.093388e-01
4.570000e-02 1.921069e-01
4.580000e-02 1.796288e-01
4.590000e-02 1.714865e-01
4.600000e-02 1.672706e-01
4.610000e-02 1.666963e-01
4.620000e-02 1.696258e-01
4.630000e-02 1.760368e-01
4.640000e-02 1.859387e-01
4.650000e-02 1.992053e-01
4.660000e-02 2.152755e-01
4.670000e-02 2.327064e-01
4.680000e-02 2.487828e-01
4.690000e-02 2.599057e-01
4.700000e-02 2.637629e-01
4.710000e-02 2.623085e-01
4.720000e-02 2.607760e-01
4.730000e-02 2.616575e-01
4.740000e-02 2.624163e-01
4.750000e-02 2.599253e-01
4.760000e-02 2.537585e-01
4.770000e-02 2.454526e-01
4.780000e-02 2.368292e-01
4.790000e-02 2.291942e-01
4.800000e-02 2.232648e-01
4.810000e-02 2.193402e-01
4.820000e-02 2.174745e-01
4.830000e-02 2.175896e-01
4.840000e-02 2.195338e-01
4.850000e-02 2.231026e-01
4.860000e-02 2.280377e-01
4.870000e-02 2.340147e-01
4.880000e-02 2.406322e-01
4.890000e-02 2.474152e-01
4.900000e-02 2.538508e-01
4.910000e-02 2.594720e-01
4.920000e-02 2.639805e-01
4.930000e-02 2.673451e-01
4.940000e-02 2.697285e-01
4.950000e-02 2.711110e-01
4.960000e-02 2.708841e-01
4.970000e-02 2.682941e-01
4.980000e-02 2.637869e-01
4.990000e-02 2.592018e-01
