0.000000e+00 3.750811e+00
6.000000e-02 3.578654e+00
1.200000e-01 2.700234e+00
1.800000e-01 2.603959e+00
2.400000e-01 2.712193e+00
3.000000e-01 2.191606e+00
3.600000e-01 2.230641e+00
4.200000e-01 3.234979e+00
4.800000e-01 2.712260e+00
5.400000e-01 2.301576e+00
6.000000e-01 2.079568e+00
6.600000e-01 2.187296e+00
7.200000e-01 1.947469e+00
7.800000e-01 1.965320e+00
8.400000e-01 1.700838e+00
9.000000e-01 1.052811e+00
9.600000e-01 1.316939e+00
1.020000e+00 1.877075e+00
1.080000e+00 1.285418e+00
1.140000e+00 1.158754e+00
1.200000e+00 1.295573e+00
1.260000e+00 1.181222e+00
1.320000e+00 1.020547e+00
1.380000e+00 1.058566e+00
1.440000e+00 8.203956e-01
1.500000e+00 5.077101e-01
1.560000e+00 1.574982e+00
1.620000e+00 1.453665e+00
1.680000e+00 2.106752e+00
1.740000e+00 2.231709e+00
1.800000e+00 1.533483e+00
1.860000e+00 2.054876e+00
1.920000e+00 6.360109e-01
1.980000e+00 8.205113e-01
2.040000e+00 7.600008e-01
2.100000e+00 1.532624e+00
2.160000e+00 7.245184e-01
2.220000e+00 3.005505e-01
2.280000e+00 4.376279e-01
2.340000e+00 6.345041e-01
2.400000e+00 1.033964e+00
2.460000e+00 1.138410e+00
2.520000e+00 9.412537e-01
2.580000e+00 5.449611e-01
2.640000e+00 2.223237e-01
2.700000e+00 2.162590e-01
2.760000e+00 5.866231e-01
2.820000e+00 4.433672e-01
2.880000e+00 3.522459e-01
2.940000e+00 4.914644e-01
3.000000e+00 5.464068e-01
3.060000e+00 1.241264e+00
3.120000e+00 9.813389e-01
3.180000e+00 8.867940e-01
3.240000e+00 1.525946e-01
3.300000e+00 6.047410e-02
3.360000e+00 5.648898e-01
3.420000e+00 3.452147e-02
3.480000e+00 3.862984e-02
3.540000e+00 1.479351e-02
3.600000e+00 3.312152e-02
3.660000e+00 6.350587e-02
3.720000e+00 6.132668e-02
3.780000e+00 2.107101e-02
3.840000e+00 6.298482e-01
3.900000e+00 4.135912e-01
3.960000e+00 4.784633e-01
4.020000e+00 6.485474e-02
4.080000e+00 3.818882e-02
4.140000e+00 1.254312e-02
4.200000e+00 1.044427e-01
4.260000e+00 2.536147e-02
4.320000e+00 2.732028e-02
4.380000e+00 1.394022e+00
4.440000e+00 2.209350e-02
4.500000e+00 2.639336e-01
4.560000e+00 1.291871e-01
4.620000e+00 2.981215e-01
4.680000e+00 3.207159e-02
4.740000e+00 9.549343e-02
4.800000e+00 7.014696e-02
4.860000e+00 1.520663e-02
4.920000e+00 4.777648e-03
4.980000e+00 7.552525e-04
5.040000e+00 5.584541e-05
5.100000e+00 4.993847e-04
5.160000e+00 1.189746e-02
5.220000e+00 4.457425e-02
5.280000e+00 2.921774e-04
5.340000e+00 7.649457e-05
5.400000e+00 5.938173e-05
5.460000e+00 8.574162e-06
5.520000e+00 6.137893e-05
5.580000e+00 2.969595e-05
5.640000e+00 1.590674e-05
5.700000e+00 1.067113e-03
5.760000e+00 1.303246e-04
5.820000e+00 1.376918e-04
5.880000e+00 9.000872e-04
5.940000e+00 3.592035e-05
