0.000000e+00 3.750811e+00
6.000000e-02 3.413035e+00
1.200000e-01 2.665019e+00
1.800000e-01 2.649638e+00
2.400000e-01 2.777366e+00
3.000000e-01 2.225755e+00
3.600000e-01 1.414597e+00
4.200000e-01 2.639391e+00
4.800000e-01 2.375406e+00
5.400000e-01 2.830754e+00
6.000000e-01 2.345721e+00
6.600000e-01 2.162887e+00
7.200000e-01 2.253014e+00
7.800000e-01 2.132490e+00
8.400000e-01 1.720741e+00
9.000000e-01 1.629163e+00
9.600000e-01 1.773726e+00
1.020000e+00 1.449231e+00
1.080000e+00 1.334164e+00
1.140000e+00 8.941677e-01
1.200000e+00 6.473094e-01
1.260000e+00 1.753782e+00
1.320000e+00 1.710477e+00
1.380000e+00 1.440936e+00
1.440000e+00 8.744261e-01
1.500000e+00 9.355283e-01
1.560000e+00 1.447940e+00
1.620000e+00 1.409244e+00
1.680000e+00 1.635175e+00
1.740000e+00 1.537966e+00
1.800000e+00 1.704944e+00
1.860000e+00 1.716324e+00
1.920000e+00 2.039006e+00
1.980000e+00 1.287860e+00
2.040000e+00 9.877085e-01
2.100000e+00 1.120908e+00
2.160000e+00 1.510042e+00
2.220000e+00 1.731796e+00
2.280000e+00 4.803121e-01
2.340000e+00 5.335754e-01
2.400000e+00 9.227447e-01
2.460000e+00 7.066989e-01
2.520000e+00 4.574372e-01
2.580000e+00 3.754228e-01
2.640000e+00 3.445134e-01
2.700000e+00 8.568845e-01
2.760000e+00 1.108433e+00
2.820000e+00 3.738300e-01
2.880000e+00 1.754660e-01
2.940000e+00 2.148164e-01
3.000000e+00 3.993623e-01
3.060000e+00 9.123897e-01
3.120000e+00 1.168372e+00
3.180000e+00 6.071501e-01
3.240000e+00 1.051015e-01
3.300000e+00 4.209257e-02
3.360000e+00 1.426002e-01
3.420000e+00 1.985128e-01
3.480000e+00 7.128045e-02
3.540000e+00 1.595487e-01
3.600000e+00 8.327426e-01
3.660000e+00 3.567704e-01
3.720000e+00 7.983015e-01
3.780000e+00 8.961875e-01
3.840000e+00 4.777318e-01
3.900000e+00 7.702730e-01
3.960000e+00 7.247068e-01
4.020000e+00 1.895853e+00
4.080000e+00 8.107212e-01
4.140000e+00 6.201176e-02
4.200000e+00 9.294943e-01
4.260000e+00 1.146591e-01
4.320000e+00 3.863111e-01
4.380000e+00 1.657190e-02
4.440000e+00 9.541547e-03
4.500000e+00 2.888816e-03
4.560000e+00 1.657160e-02
4.620000e+00 2.059845e-01
4.680000e+00 6.510965e-01
4.740000e+00 1.269804e-02
4.800000e+00 9.238828e-02
4.860000e+00 1.430106e-02
4.920000e+00 6.234193e-02
4.980000e+00 7.456351e-02
5.040000e+00 8.994180e-04
5.100000e+00 8.767347e-02
5.160000e+00 3.318718e-03
5.220000e+00 8.053663e-03
5.280000e+00 5.850135e-03
5.340000e+00 1.086507e-01
5.400000e+00 3.179204e-03
5.460000e+00 2.204766e-02
5.520000e+00 4.893510e-01
5.580000e+00 3.066672e-02
5.640000e+00 1.179259e+00
5.700000e+00 6.475918e-01
5.760000e+00 2.187513e-02
5.820000e+00 3.959528e-03
5.880000e+00 3.314721e-04
5.940000e+00 9.441660e-03
