0.000000e+00 3.750811e+00
6.000000e-02 3.372372e+00
1.200000e-01 2.947434e+00
1.800000e-01 2.672889e+00
2.400000e-01 2.609238e+00
3.000000e-01 2.315420e+00
3.600000e-01 2.052864e+00
4.200000e-01 1.553287e+00
4.800000e-01 2.063120e+00
5.400000e-01 1.820394e+00
6.000000e-01 1.813361e+00
6.600000e-01 1.979008e+00
7.200000e-01 3.112706e+00
7.800000e-01 1.948373e+00
8.400000e-01 1.823245e+00
9.000000e-01 1.608344e+00
9.600000e-01 1.634106e+00
1.020000e+00 1.546444e+00
1.080000e+00 1.360415e+00
1.140000e+00 1.559296e+00
1.200000e+00 2.099590e+00
1.260000e+00 2.155828e+00
1.320000e+00 2.278714e+00
1.380000e+00 1.817693e+00
1.440000e+00 1.803551e+00
1.500000e+00 8.705408e-01
1.560000e+00 1.873042e+00
1.620000e+00 9.764131e-01
1.680000e+00 4.681513e-01
1.740000e+00 6.727672e-01
1.800000e+00 1.973457e-01
1.860000e+00 2.514122e-01
1.920000e+00 2.465888e-01
1.980000e+00 3.349180e-01
2.040000e+00 5.298166e-01
2.100000e+00 7.734024e-01
2.160000e+00 1.674209e+00
2.220000e+00 1.373854e+00
2.280000e+00 1.306961e+00
2.340000e+00 8.422473e-01
2.400000e+00 9.318950e-01
2.460000e+00 1.212919e+00
2.520000e+00 5.729761e-01
2.580000e+00 3.653280e-01
2.640000e+00 9.984217e-01
2.700000e+00 1.803548e+00
2.760000e+00 1.877980e+00
2.820000e+00 1.149683e+00
2.880000e+00 5.985310e-01
2.940000e+00 3.971863e-01
3.000000e+00 5.301359e-01
3.060000e+00 2.941712e-01
3.120000e+00 2.064432e-01
3.180000e+00 9.649923e-01
3.240000e+00 6.808233e-02
3.300000e+00 2.933501e-01
3.360000e+00 1.633533e-01
3.420000e+00 1.463376e+00
3.480000e+00 4.435066e-01
3.540000e+00 2.228048e-01
3.600000e+00 2.249605e-02
3.660000e+00 1.673887e-02
3.720000e+00 1.358621e-01
3.780000e+00 1.934171e-02
3.840000e+00 5.576925e-02
3.900000e+00 7.423329e-01
3.960000e+00 5.195108e-01
4.020000e+00 1.955027e+00
4.080000e+00 5.540346e-01
4.140000e+00 1.010423e-01
4.200000e+00 1.449357e+00
4.260000e+00 3.329253e-02
4.320000e+00 1.423857e-01
4.380000e+00 1.618013e-01
4.440000e+00 2.325056e-01
4.500000e+00 2.637379e-01
4.560000e+00 1.269889e-01
4.620000e+00 1.552095e-02
4.680000e+00 5.662656e-02
4.740000e+00 1.849475e-02
4.800000e+00 7.618219e-02
4.860000e+00 1.780266e-03
4.920000e+00 1.945519e-04
4.980000e+00 4.233030e-04
5.040000e+00 3.884319e-05
5.100000e+00 9.126819e-05
5.160000e+00 8.868922e-02
5.220000e+00 2.108103e-01
5.280000e+00 5.656133e-02
5.340000e+00 1.616608e-03
5.400000e+00 3.972250e-02
5.460000e+00 3.284557e-04
5.520000e+00 2.748997e-05
5.580000e+00 8.852401e-05
5.640000e+00 4.549343e-01
5.700000e+00 2.290832e-02
5.760000e+00 3.586038e-03
5.820000e+00 4.943955e-06
5.880000e+00 1.866279e-03
5.940000e+00 3.533507e-04
