0.000000e+00 6.815981e+00
6.000000e-02 6.422105e+00
1.200000e-01 6.300444e+00
1.800000e-01 5.929433e+00
2.400000e-01 6.701876e+00
3.000000e-01 5.501062e+00
3.600000e-01 6.362550e+00
4.200000e-01 5.652213e+00
4.800000e-01 5.943962e+00
5.400000e-01 6.622342e+00
6.000000e-01 6.414822e+00
6.600000e-01 6.186595e+00
7.200000e-01 6.419072e+00
7.800000e-01 6.180126e+00
8.400000e-01 5.356767e+00
9.000000e-01 5.128391e+00
9.600000e-01 4.799691e+00
1.020000e+00 4.948889e+00
1.080000e+00 4.228305e+00
1.140000e+00 4.201186e+00
1.200000e+00 2.918893e+00
1.260000e+00 4.140085e+00
1.320000e+00 2.641834e+00
1.380000e+00 2.561486e+00
1.440000e+00 3.100471e+00
1.500000e+00 2.788573e+00
1.560000e+00 4.117339e+00
1.620000e+00 3.037520e+00
1.680000e+00 3.041529e+00
1.740000e+00 2.370516e+00
1.800000e+00 3.641720e+00
1.860000e+00 2.436174e+00
1.920000e+00 1.927940e+00
1.980000e+00 8.769503e-01
2.040000e+00 2.290405e+00
2.100000e+00 6.730359e-01
2.160000e+00 1.372469e+00
2.220000e+00 7.098881e-01
2.280000e+00 1.248758e+00
2.340000e+00 8.490420e-01
2.400000e+00 1.580037e+00
2.460000e+00 1.478527e+00
2.520000e+00 1.393911e+00
2.580000e+00 9.717646e-01
2.640000e+00 1.801938e+00
2.700000e+00 2.445148e-01
2.760000e+00 2.623617e-01
2.820000e+00 3.853702e-01
2.880000e+00 1.092518e+00
2.940000e+00 2.014669e-01
3.000000e+00 1.788895e-01
3.060000e+00 1.547856e-02
3.120000e+00 3.050215e-01
3.180000e+00 1.674443e-01
3.240000e+00 4.088704e-02
3.300000e+00 1.031235e-01
3.360000e+00 8.535886e-01
3.420000e+00 5.242141e-02
3.480000e+00 7.949194e-03
3.540000e+00 6.771018e-01
3.600000e+00 1.086608e-03
3.660000e+00 5.065417e-04
3.720000e+00 2.537671e-02
3.780000e+00 3.852967e-02
3.840000e+00 5.457707e-03
3.900000e+00 4.447779e-02
3.960000e+00 6.886455e-02
4.020000e+00 9.661963e-02
4.080000e+00 8.424539e-04
4.140000e+00 2.201866e-04
4.200000e+00 2.688252e-01
4.260000e+00 1.276256e-02
4.320000e+00 1.836399e-03
4.380000e+00 1.875417e-05
4.440000e+00 1.839368e-07
4.500000e+00 1.062461e-04
4.560000e+00 9.400439e-06
4.620000e+00 2.372456e-06
4.680000e+00 4.440739e-05
4.740000e+00 1.849610e-05
4.800000e+00 2.467048e-06
4.860000e+00 1.215592e-05
4.920000e+00 1.363159e-07
4.980000e+00 9.919637e-05
5.040000e+00 1.067125e-06
5.100000e+00 8.165070e-08
5.160000e+00 1.516727e-08
5.220000e+00 1.338260e-08
5.280000e+00 1.032799e-07
5.340000e+00 3.618568e-11
5.400000e+00 1.341503e-09
5.460000e+00 4.895413e-09
5.520000e+00 5.004162e-05
5.580000e+00 7.493446e-07
5.640000e+00 6.737067e-10
5.700000e+00 3.178297e-08
5.760000e+00 1.150199e-06
5.820000e+00 1.182137e-08
5.880000e+00 3.253969e-06
5.940000e+00 7.611318e-03
