0.000000e+00 1.232941e+01
6.000000e-02 1.228597e+01
1.200000e-01 1.223824e+01
1.800000e-01 1.229217e+01
2.400000e-01 1.227375e+01
3.000000e-01 1.210113e+01
3.600000e-01 1.176624e+01
4.200000e-01 1.148726e+01
4.800000e-01 1.133359e+01
5.400000e-01 1.117486e+01
6.000000e-01 1.089253e+01
6.600000e-01 1.065438e+01
7.200000e-01 1.055581e+01
7.800000e-01 1.046795e+01
8.400000e-01 1.033132e+01
9.000000e-01 1.001701e+01
9.600000e-01 9.677938e+00
1.020000e+00 9.313316e+00
1.080000e+00 8.778816e+00
1.140000e+00 8.541924e+00
1.200000e+00 8.412536e+00
1.260000e+00 7.969554e+00
1.320000e+00 7.547119e+00
1.380000e+00 7.334376e+00
1.440000e+00 7.181359e+00
1.500000e+00 6.951412e+00
1.560000e+00 6.575751e+00
1.620000e+00 6.171453e+00
1.680000e+00 5.733028e+00
1.740000e+00 5.705113e+00
1.800000e+00 5.522108e+00
1.860000e+00 5.363877e+00
1.920000e+00 4.861245e+00
1.980000e+00 4.313447e+00
2.040000e+00 4.452874e+00
2.100000e+00 4.634107e+00
2.160000e+00 4.350739e+00
2.220000e+00 4.272258e+00
2.280000e+00 4.468892e+00
2.340000e+00 3.977668e+00
2.400000e+00 3.595380e+00
2.460000e+00 3.577488e+00
2.520000e+00 3.191588e+00
2.580000e+00 3.373685e+00
2.640000e+00 2.861124e+00
2.700000e+00 2.727389e+00
2.760000e+00 2.949903e+00
2.820000e+00 3.101794e+00
2.880000e+00 2.787817e+00
2.940000e+00 3.091634e+00
3.000000e+00 2.968244e+00
3.060000e+00 2.883906e+00
3.120000e+00 2.928563e+00
3.180000e+00 3.066298e+00
3.240000e+00 2.910842e+00
3.300000e+00 2.303691e+00
3.360000e+00 1.999130e+00
3.420000e+00 1.788440e+00
3.480000e+00 2.068549e+00
3.540000e+00 1.619529e+00
3.600000e+00 1.889111e+00
3.660000e+00 2.226717e+00
3.720000e+00 1.671613e+00
3.780000e+00 2.037666e+00
3.840000e+00 2.033184e+00
3.900000e+00 2.152305e+00
3.960000e+00 1.833752e+00
4.020000e+00 1.747477e+00
4.080000e+00 2.404687e+00
4.140000e+00 1.034152e+00
4.200000e+00 1.666127e+00
4.260000e+00 1.607790e+00
4.320000e+00 6.348389e-01
4.380000e+00 8.528979e-01
4.440000e+00 4.781152e-01
4.500000e+00 1.389391e+00
4.560000e+00 4.757286e-01
4.620000e+00 4.498903e-01
4.680000e+00 1.616365e+00
4.740000e+00 3.296690e-01
4.800000e+00 3.280378e-01
4.860000e+00 8.435894e-01
4.920000e+00 5.779939e-01
4.980000e+00 2.614571e-01
5.040000e+00 3.268043e-01
5.100000e+00 2.894171e-01
5.160000e+00 7.047111e-01
5.220000e+00 2.042314e-01
5.280000e+00 3.582042e-01
5.340000e+00 4.285903e-01
5.400000e+00 6.046430e-01
5.460000e+00 5.150076e-01
5.520000e+00 5.134223e-01
5.580000e+00 1.123072e+00
5.640000e+00 5.222727e-01
5.700000e+00 4.869002e-01
5.760000e+00 9.809408e-01
5.820000e+00 1.502716e-01
5.880000e+00 9.716772e-02
5.940000e+00 6.056579e-02
