0.000000e+00 1.232941e+01
6.000000e-02 1.238117e+01
1.200000e-01 1.227321e+01
1.800000e-01 1.209607e+01
2.400000e-01 1.189947e+01
3.000000e-01 1.170217e+01
3.600000e-01 1.154153e+01
4.200000e-01 1.138473e+01
4.800000e-01 1.120519e+01
5.400000e-01 1.101912e+01
6.000000e-01 1.069261e+01
6.600000e-01 1.021955e+01
7.200000e-01 9.751478e+00
7.800000e-01 9.432987e+00
8.400000e-01 9.133958e+00
9.000000e-01 8.809970e+00
9.600000e-01 8.553698e+00
1.020000e+00 8.414156e+00
1.080000e+00 8.180093e+00
1.140000e+00 7.999157e+00
1.200000e+00 7.707889e+00
1.260000e+00 7.314507e+00
1.320000e+00 6.999679e+00
1.380000e+00 6.305408e+00
1.440000e+00 5.856503e+00
1.500000e+00 5.700448e+00
1.560000e+00 5.572867e+00
1.620000e+00 5.854240e+00
1.680000e+00 5.656492e+00
1.740000e+00 5.650199e+00
1.800000e+00 5.488973e+00
1.860000e+00 5.006573e+00
1.920000e+00 4.689037e+00
1.980000e+00 4.616355e+00
2.040000e+00 4.040979e+00
2.100000e+00 3.924477e+00
2.160000e+00 3.859731e+00
2.220000e+00 3.664464e+00
2.280000e+00 3.560910e+00
2.340000e+00 3.807247e+00
2.400000e+00 3.344924e+00
2.460000e+00 3.780643e+00
2.520000e+00 3.725130e+00
2.580000e+00 2.987193e+00
2.640000e+00 3.009850e+00
2.700000e+00 2.836416e+00
2.760000e+00 2.537795e+00
2.820000e+00 2.045773e+00
2.880000e+00 2.770105e+00
2.940000e+00 2.105205e+00
3.000000e+00 2.177685e+00
3.060000e+00 2.409685e+00
3.120000e+00 2.093842e+00
3.180000e+00 2.200737e+00
3.240000e+00 1.786316e+00
3.300000e+00 2.222750e+00
3.360000e+00 2.501257e+00
3.420000e+00 2.061060e+00
3.480000e+00 1.177732e+00
3.540000e+00 1.316989e+00
3.600000e+00 1.423571e+00
3.660000e+00 2.020953e+00
3.720000e+00 1.964147e+00
3.780000e+00 1.795735e+00
3.840000e+00 1.778875e+00
3.900000e+00 1.635865e+00
3.960000e+00 1.333583e+00
4.020000e+00 1.350137e+00
4.080000e+00 1.386100e+00
4.140000e+00 1.414162e+00
4.200000e+00 6.651558e-01
4.260000e+00 9.855653e-01
4.320000e+00 1.260307e+00
4.380000e+00 8.629022e-01
4.440000e+00 1.222268e+00
4.500000e+00 8.200936e-01
4.560000e+00 1.295717e+00
4.620000e+00 4.309269e-01
4.680000e+00 1.588044e+00
4.740000e+00 8.851965e-01
4.800000e+00 1.111336e+00
4.860000e+00 1.252455e+00
4.920000e+00 9.729209e-01
4.980000e+00 3.495311e-01
5.040000e+00 7.745149e-01
5.100000e+00 1.148891e+00
5.160000e+00 4.591670e-01
5.220000e+00 9.244969e-01
5.280000e+00 1.128695e+00
5.340000e+00 1.056729e+00
5.400000e+00 7.641270e-01
5.460000e+00 5.847614e-01
5.520000e+00 7.346558e-01
5.580000e+00 4.882068e-01
5.640000e+00 6.351023e-02
5.700000e+00 1.151917e+00
5.760000e+00 1.941227e-01
5.820000e+00 6.652535e-01
5.880000e+00 2.861227e-01
5.940000e+00 5.032569e-01
