0.000000e+00 1.232941e+01
6.000000e-02 1.221284e+01
1.200000e-01 1.210724e+01
1.800000e-01 1.210970e+01
2.400000e-01 1.215297e+01
3.000000e-01 1.214742e+01
3.600000e-01 1.222011e+01
4.200000e-01 1.221119e+01
4.800000e-01 1.189911e+01
5.400000e-01 1.138437e+01
6.000000e-01 1.077417e+01
6.600000e-01 1.004437e+01
7.200000e-01 9.410557e+00
7.800000e-01 9.001454e+00
8.400000e-01 8.603918e+00
9.000000e-01 8.220794e+00
9.600000e-01 8.005014e+00
1.020000e+00 7.867007e+00
1.080000e+00 7.825225e+00
1.140000e+00 7.407820e+00
1.200000e+00 6.967242e+00
1.260000e+00 6.678435e+00
1.320000e+00 6.097692e+00
1.380000e+00 5.854033e+00
1.440000e+00 5.999060e+00
1.500000e+00 6.137108e+00
1.560000e+00 6.293731e+00
1.620000e+00 5.902535e+00
1.680000e+00 5.419905e+00
1.740000e+00 4.553024e+00
1.800000e+00 4.527148e+00
1.860000e+00 4.377177e+00
1.920000e+00 4.297027e+00
1.980000e+00 4.619944e+00
2.040000e+00 4.345596e+00
2.100000e+00 4.104599e+00
2.160000e+00 3.857768e+00
2.220000e+00 3.705087e+00
2.280000e+00 3.348859e+00
2.340000e+00 2.616557e+00
2.400000e+00 3.029214e+00
2.460000e+00 2.860944e+00
2.520000e+00 2.792538e+00
2.580000e+00 3.109684e+00
2.640000e+00 3.058352e+00
2.700000e+00 3.007820e+00
2.760000e+00 2.675041e+00
2.820000e+00 2.875341e+00
2.880000e+00 2.567520e+00
2.940000e+00 2.325122e+00
3.000000e+00 2.482761e+00
3.060000e+00 2.397284e+00
3.120000e+00 1.752374e+00
3.180000e+00 1.952980e+00
3.240000e+00 2.483539e+00
3.300000e+00 2.172932e+00
3.360000e+00 2.207036e+00
3.420000e+00 2.227425e+00
3.480000e+00 1.727022e+00
3.540000e+00 2.004127e+00
3.600000e+00 2.207864e+00
3.660000e+00 1.815772e+00
3.720000e+00 1.811475e+00
3.780000e+00 1.436191e+00
3.840000e+00 1.074829e+00
3.900000e+00 1.095192e+00
3.960000e+00 1.330639e+00
4.020000e+00 9.775189e-01
4.080000e+00 9.153255e-01
4.140000e+00 1.131524e+00
4.200000e+00 7.858979e-01
4.260000e+00 1.062214e+00
4.320000e+00 1.348228e+00
4.380000e+00 8.063216e-01
4.440000e+00 5.627057e-01
4.500000e+00 1.025900e+00
4.560000e+00 4.801441e-01
4.620000e+00 8.562504e-01
4.680000e+00 9.845590e-01
4.740000e+00 9.192017e-01
4.800000e+00 8.363972e-01
4.860000e+00 5.652676e-01
4.920000e+00 1.236213e+00
4.980000e+00 6.015249e-01
5.040000e+00 4.653612e-01
5.100000e+00 1.297000e+00
5.160000e+00 2.397908e-01
5.220000e+00 8.257122e-01
5.280000e+00 5.441191e-01
5.340000e+00 5.755483e-01
5.400000e+00 6.373740e-01
5.460000e+00 2.296775e-01
5.520000e+00 8.469572e-01
5.580000e+00 1.470866e-01
5.640000e+00 1.082190e-01
5.700000e+00 1.655747e-01
5.760000e+00 5.788063e-01
5.820000e+00 8.095762e-03
5.880000e+00 1.818506e-02
5.940000e+00 9.669880e-02
