0.000000e+00 1.232941e+01
6.000000e-02 1.219279e+01
1.200000e-01 1.212152e+01
1.800000e-01 1.215782e+01
2.400000e-01 1.212267e+01
3.000000e-01 1.189184e+01
3.600000e-01 1.157697e+01
4.200000e-01 1.134014e+01
4.800000e-01 1.120622e+01
5.400000e-01 1.104867e+01
6.000000e-01 1.078909e+01
6.600000e-01 1.045098e+01
7.200000e-01 1.009281e+01
7.800000e-01 9.757424e+00
8.400000e-01 9.437025e+00
9.000000e-01 9.152199e+00
9.600000e-01 8.939438e+00
1.020000e+00 8.734240e+00
1.080000e+00 8.355108e+00
1.140000e+00 7.893006e+00
1.200000e+00 7.670650e+00
1.260000e+00 7.611100e+00
1.320000e+00 7.488149e+00
1.380000e+00 7.175664e+00
1.440000e+00 6.889243e+00
1.500000e+00 6.689597e+00
1.560000e+00 6.436235e+00
1.620000e+00 6.240149e+00
1.680000e+00 6.003850e+00
1.740000e+00 5.370147e+00
1.800000e+00 5.391859e+00
1.860000e+00 5.352797e+00
1.920000e+00 5.025049e+00
1.980000e+00 4.615055e+00
2.040000e+00 4.284744e+00
2.100000e+00 4.064098e+00
2.160000e+00 4.211454e+00
2.220000e+00 4.002512e+00
2.280000e+00 3.773831e+00
2.340000e+00 3.549898e+00
2.400000e+00 3.100957e+00
2.460000e+00 3.238801e+00
2.520000e+00 3.338771e+00
2.580000e+00 3.175913e+00
2.640000e+00 3.182251e+00
2.700000e+00 2.482496e+00
2.760000e+00 2.631556e+00
2.820000e+00 2.233649e+00
2.880000e+00 2.829886e+00
2.940000e+00 1.752184e+00
3.000000e+00 2.785771e+00
3.060000e+00 2.117311e+00
3.120000e+00 1.786928e+00
3.180000e+00 2.277668e+00
3.240000e+00 2.373830e+00
3.300000e+00 2.359555e+00
3.360000e+00 1.901456e+00
3.420000e+00 2.099293e+00
3.480000e+00 1.893128e+00
3.540000e+00 1.593827e+00
3.600000e+00 1.958078e+00
3.660000e+00 1.571162e+00
3.720000e+00 1.305652e+00
3.780000e+00 1.680050e+00
3.840000e+00 1.123192e+00
3.900000e+00 1.398366e+00
3.960000e+00 1.682099e+00
4.020000e+00 1.691067e+00
4.080000e+00 1.541022e+00
4.140000e+00 1.305357e+00
4.200000e+00 7.532995e-01
4.260000e+00 8.473467e-01
4.320000e+00 1.079144e+00
4.380000e+00 1.198635e+00
4.440000e+00 1.172327e+00
4.500000e+00 1.243849e+00
4.560000e+00 9.654426e-01
4.620000e+00 8.803713e-01
4.680000e+00 1.353712e+00
4.740000e+00 1.133216e+00
4.800000e+00 1.235657e+00
4.860000e+00 7.236621e-01
4.920000e+00 6.899292e-01
4.980000e+00 1.289310e+00
5.040000e+00 1.124335e+00
5.100000e+00 1.084995e+00
5.160000e+00 5.003257e-01
5.220000e+00 2.684972e-01
5.280000e+00 8.963895e-01
5.340000e+00 4.791153e-01
5.400000e+00 3.081474e-01
5.460000e+00 4.578918e-01
5.520000e+00 1.012745e-01
5.580000e+00 2.302926e-01
5.640000e+00 2.646783e-01
5.700000e+00 5.567267e-01
5.760000e+00 4.324439e-01
5.820000e+00 2.920116e-02
5.880000e+00 5.767826e-02
5.940000e+00 7.757052e-01
