0.000000e+00 1.232941e+01
6.000000e-02 1.227403e+01
1.200000e-01 1.220588e+01
1.800000e-01 1.215390e+01
2.400000e-01 1.210571e+01
3.000000e-01 1.205480e+01
3.600000e-01 1.188237e+01
4.200000e-01 1.155233e+01
4.800000e-01 1.109395e+01
5.400000e-01 1.064840e+01
6.000000e-01 1.020108e+01
6.600000e-01 9.822381e+00
7.200000e-01 9.554395e+00
7.800000e-01 9.321837e+00
8.400000e-01 9.086429e+00
9.000000e-01 8.962005e+00
9.600000e-01 8.897181e+00
1.020000e+00 8.783902e+00
1.080000e+00 8.686156e+00
1.140000e+00 8.492615e+00
1.200000e+00 7.902472e+00
1.260000e+00 7.797842e+00
1.320000e+00 7.409822e+00
1.380000e+00 6.789178e+00
1.440000e+00 6.840788e+00
1.500000e+00 6.676040e+00
1.560000e+00 6.360999e+00
1.620000e+00 5.909689e+00
1.680000e+00 5.902466e+00
1.740000e+00 5.261328e+00
1.800000e+00 5.651411e+00
1.860000e+00 5.305429e+00
1.920000e+00 4.597251e+00
1.980000e+00 4.786164e+00
2.040000e+00 4.374320e+00
2.100000e+00 4.249167e+00
2.160000e+00 3.843335e+00
2.220000e+00 3.357304e+00
2.280000e+00 3.755393e+00
2.340000e+00 3.478472e+00
2.400000e+00 3.524565e+00
2.460000e+00 3.241290e+00
2.520000e+00 3.599459e+00
2.580000e+00 2.802152e+00
2.640000e+00 2.858066e+00
2.700000e+00 2.656697e+00
2.760000e+00 2.918155e+00
2.820000e+00 3.072439e+00
2.880000e+00 2.579016e+00
2.940000e+00 2.453874e+00
3.000000e+00 2.404891e+00
3.060000e+00 2.334200e+00
3.120000e+00 2.570774e+00
3.180000e+00 2.385608e+00
3.240000e+00 2.470357e+00
3.300000e+00 1.852760e+00
3.360000e+00 1.683736e+00
3.420000e+00 1.719387e+00
3.480000e+00 1.889589e+00
3.540000e+00 1.382258e+00
3.600000e+00 1.432743e+00
3.660000e+00 1.598885e+00
3.720000e+00 1.683903e+00
3.780000e+00 9.520367e-01
3.840000e+00 7.988235e-01
3.900000e+00 1.385554e+00
3.960000e+00 1.432856e+00
4.020000e+00 9.602330e-01
4.080000e+00 1.217252e+00
4.140000e+00 1.364025e+00
4.200000e+00 1.073284e+00
4.260000e+00 1.449661e+00
4.320000e+00 1.196988e+00
4.380000e+00 1.475522e+00
4.440000e+00 1.044027e+00
4.500000e+00 1.137878e+00
4.560000e+00 5.147996e-01
4.620000e+00 8.448336e-01
4.680000e+00 3.180690e-01
4.740000e+00 6.305413e-01
4.800000e+00 9.685960e-01
4.860000e+00 7.811628e-01
4.920000e+00 8.526906e-01
4.980000e+00 1.144550e+00
5.040000e+00 7.040586e-01
5.100000e+00 3.025714e-01
5.160000e+00 6.083077e-02
5.220000e+00 7.945406e-02
5.280000e+00 3.787584e-01
5.340000e+00 3.358004e-01
5.400000e+00 6.235883e-01
5.460000e+00 3.449428e-01
5.520000e+00 3.787443e-02
5.580000e+00 9.434820e-02
5.640000e+00 7.032282e-01
5.700000e+00 2.132394e-02
5.760000e+00 1.922009e-02
5.820000e+00 1.253588e-02
5.880000e+00 1.207360e-01
5.940000e+00 7.802023e-01
