0.000000e+00 1.232941e+01
6.000000e-02 1.242895e+01
1.200000e-01 1.255578e+01
1.800000e-01 1.272906e+01
2.400000e-01 1.291881e+01
3.000000e-01 1.283875e+01
3.600000e-01 1.249359e+01
4.200000e-01 1.210825e+01
4.800000e-01 1.166518e+01
5.400000e-01 1.117614e+01
6.000000e-01 1.074468e+01
6.600000e-01 1.037713e+01
7.200000e-01 1.011273e+01
7.800000e-01 9.880042e+00
8.400000e-01 9.562846e+00
9.000000e-01 9.176200e+00
9.600000e-01 8.900072e+00
1.020000e+00 8.669733e+00
1.080000e+00 8.298444e+00
1.140000e+00 7.930170e+00
1.200000e+00 7.697881e+00
1.260000e+00 7.480760e+00
1.320000e+00 7.143276e+00
1.380000e+00 6.910891e+00
1.440000e+00 6.454694e+00
1.500000e+00 6.252740e+00
1.560000e+00 6.233932e+00
1.620000e+00 5.940406e+00
1.680000e+00 5.562828e+00
1.740000e+00 5.174622e+00
1.800000e+00 4.809978e+00
1.860000e+00 4.595433e+00
1.920000e+00 4.859312e+00
1.980000e+00 4.601250e+00
2.040000e+00 4.356836e+00
2.100000e+00 4.168920e+00
2.160000e+00 4.031000e+00
2.220000e+00 3.952929e+00
2.280000e+00 3.231107e+00
2.340000e+00 2.966596e+00
2.400000e+00 3.350346e+00
2.460000e+00 3.258409e+00
2.520000e+00 3.252643e+00
2.580000e+00 3.123071e+00
2.640000e+00 3.268773e+00
2.700000e+00 2.496744e+00
2.760000e+00 2.606677e+00
2.820000e+00 2.441175e+00
2.880000e+00 2.376049e+00
2.940000e+00 2.099450e+00
3.000000e+00 1.922182e+00
3.060000e+00 1.990479e+00
3.120000e+00 1.689971e+00
3.180000e+00 1.784114e+00
3.240000e+00 1.928819e+00
3.300000e+00 2.147741e+00
3.360000e+00 2.288968e+00
3.420000e+00 2.113328e+00
3.480000e+00 1.975046e+00
3.540000e+00 1.747233e+00
3.600000e+00 1.776506e+00
3.660000e+00 1.887761e+00
3.720000e+00 1.871870e+00
3.780000e+00 1.868035e+00
3.840000e+00 1.367682e+00
3.900000e+00 1.530859e+00
3.960000e+00 1.117311e+00
4.020000e+00 1.183955e+00
4.080000e+00 1.552591e+00
4.140000e+00 4.936478e-01
4.200000e+00 1.745765e+00
4.260000e+00 1.140495e+00
4.320000e+00 7.182677e-01
4.380000e+00 1.506924e+00
4.440000e+00 8.701868e-01
4.500000e+00 7.656285e-01
4.560000e+00 1.336744e+00
4.620000e+00 8.470698e-01
4.680000e+00 1.232609e+00
4.740000e+00 1.217708e+00
4.800000e+00 1.478806e+00
4.860000e+00 1.442809e+00
4.920000e+00 7.818481e-01
4.980000e+00 1.161971e+00
5.040000e+00 1.098000e+00
5.100000e+00 1.932355e-01
5.160000e+00 3.595156e-01
5.220000e+00 7.548636e-01
5.280000e+00 2.835088e-01
5.340000e+00 1.027993e+00
5.400000e+00 1.025959e+00
5.460000e+00 5.566227e-01
5.520000e+00 8.654848e-02
5.580000e+00 3.303952e-01
5.640000e+00 1.958727e-02
5.700000e+00 2.572859e-01
5.760000e+00 2.136363e-01
5.820000e+00 5.040603e-01
5.880000e+00 3.293208e-01
5.940000e+00 1.729397e-01
