0.000000e+00 1.232941e+01
6.000000e-02 1.233237e+01
1.200000e-01 1.227649e+01
1.800000e-01 1.224004e+01
2.400000e-01 1.222501e+01
3.000000e-01 1.220350e+01
3.600000e-01 1.212574e+01
4.200000e-01 1.195228e+01
4.800000e-01 1.164254e+01
5.400000e-01 1.128553e+01
6.000000e-01 1.096078e+01
6.600000e-01 1.066079e+01
7.200000e-01 1.039642e+01
7.800000e-01 1.021159e+01
8.400000e-01 1.010882e+01
9.000000e-01 9.951777e+00
9.600000e-01 9.674885e+00
1.020000e+00 9.381371e+00
1.080000e+00 9.118421e+00
1.140000e+00 8.958541e+00
1.200000e+00 8.785608e+00
1.260000e+00 8.419929e+00
1.320000e+00 8.186856e+00
1.380000e+00 8.028319e+00
1.440000e+00 7.741271e+00
1.500000e+00 7.286322e+00
1.560000e+00 6.846469e+00
1.620000e+00 6.695345e+00
1.680000e+00 6.421759e+00
1.740000e+00 5.949536e+00
1.800000e+00 5.762514e+00
1.860000e+00 5.849211e+00
1.920000e+00 5.431817e+00
1.980000e+00 5.067814e+00
2.040000e+00 4.796027e+00
2.100000e+00 4.970978e+00
2.160000e+00 4.744510e+00
2.220000e+00 4.354892e+00
2.280000e+00 4.083860e+00
2.340000e+00 4.020160e+00
2.400000e+00 3.779397e+00
2.460000e+00 3.661261e+00
2.520000e+00 3.661302e+00
2.580000e+00 3.151091e+00
2.640000e+00 2.964988e+00
2.700000e+00 2.831999e+00
2.760000e+00 3.068468e+00
2.820000e+00 2.970459e+00
2.880000e+00 2.667801e+00
2.940000e+00 2.702191e+00
3.000000e+00 2.800309e+00
3.060000e+00 2.703913e+00
3.120000e+00 2.380157e+00
3.180000e+00 1.783238e+00
3.240000e+00 2.067098e+00
3.300000e+00 2.287339e+00
3.360000e+00 2.083132e+00
3.420000e+00 2.063821e+00
3.480000e+00 2.183700e+00
3.540000e+00 2.325374e+00
3.600000e+00 2.431567e+00
3.660000e+00 1.444891e+00
3.720000e+00 1.723689e+00
3.780000e+00 1.841996e+00
3.840000e+00 1.680231e+00
3.900000e+00 1.669955e+00
3.960000e+00 2.079676e+00
4.020000e+00 1.572731e+00
4.080000e+00 1.362690e+00
4.140000e+00 1.221151e+00
4.200000e+00 1.059128e+00
4.260000e+00 1.876977e+00
4.320000e+00 1.194246e+00
4.380000e+00 7.933378e-01
4.440000e+00 1.145357e+00
4.500000e+00 4.960432e-01
4.560000e+00 1.182343e+00
4.620000e+00 8.399770e-01
4.680000e+00 6.260349e-01
4.740000e+00 8.396241e-01
4.800000e+00 1.216190e+00
4.860000e+00 1.012875e+00
4.920000e+00 5.017989e-01
4.980000e+00 1.000004e+00
5.040000e+00 5.574855e-01
5.100000e+00 1.626475e-01
5.160000e+00 1.013423e+00
5.220000e+00 8.721030e-01
5.280000e+00 1.082587e+00
5.340000e+00 6.461571e-01
5.400000e+00 1.322717e-01
5.460000e+00 3.509719e-01
5.520000e+00 2.473365e-01
5.580000e+00 6.964441e-01
5.640000e+00 5.067240e-02
5.700000e+00 3.367147e-01
5.760000e+00 8.033818e-01
5.820000e+00 9.083109e-01
5.880000e+00 1.200486e-01
5.940000e+00 1.808761e-01
