0.000000e+00 1.232941e+01
6.000000e-02 1.208083e+01
1.200000e-01 1.181617e+01
1.800000e-01 1.164709e+01
2.400000e-01 1.159546e+01
3.000000e-01 1.157364e+01
3.600000e-01 1.148759e+01
4.200000e-01 1.127515e+01
4.800000e-01 1.098156e+01
5.400000e-01 1.072356e+01
6.000000e-01 1.058501e+01
6.600000e-01 1.044280e+01
7.200000e-01 1.019356e+01
7.800000e-01 9.879297e+00
8.400000e-01 9.592496e+00
9.000000e-01 9.310754e+00
9.600000e-01 8.895371e+00
1.020000e+00 8.475350e+00
1.080000e+00 8.228242e+00
1.140000e+00 8.044014e+00
1.200000e+00 7.763982e+00
1.260000e+00 7.330672e+00
1.320000e+00 7.166060e+00
1.380000e+00 7.030195e+00
1.440000e+00 6.797898e+00
1.500000e+00 6.076359e+00
1.560000e+00 5.887144e+00
1.620000e+00 5.783233e+00
1.680000e+00 6.015894e+00
1.740000e+00 5.701574e+00
1.800000e+00 5.145708e+00
1.860000e+00 5.081064e+00
1.920000e+00 4.960683e+00
1.980000e+00 4.832565e+00
2.040000e+00 4.433403e+00
2.100000e+00 4.197323e+00
2.160000e+00 3.799243e+00
2.220000e+00 4.264795e+00
2.280000e+00 3.673758e+00
2.340000e+00 3.007521e+00
2.400000e+00 3.509766e+00
2.460000e+00 3.484604e+00
2.520000e+00 3.333881e+00
2.580000e+00 3.415961e+00
2.640000e+00 3.278857e+00
2.700000e+00 3.281077e+00
2.760000e+00 3.103677e+00
2.820000e+00 2.775783e+00
2.880000e+00 2.602935e+00
2.940000e+00 2.758200e+00
3.000000e+00 2.674234e+00
3.060000e+00 2.071890e+00
3.120000e+00 2.711182e+00
3.180000e+00 2.276942e+00
3.240000e+00 2.016657e+00
3.300000e+00 1.524862e+00
3.360000e+00 1.825874e+00
3.420000e+00 2.071271e+00
3.480000e+00 1.912181e+00
3.540000e+00 1.714856e+00
3.600000e+00 1.542415e+00
3.660000e+00 1.853811e+00
3.720000e+00 2.055492e+00
3.780000e+00 1.614250e+00
3.840000e+00 1.536278e+00
3.900000e+00 1.522513e+00
3.960000e+00 8.401673e-01
4.020000e+00 1.290433e+00
4.080000e+00 1.270230e+00
4.140000e+00 1.302746e+00
4.200000e+00 1.472145e+00
4.260000e+00 9.641556e-01
4.320000e+00 9.829892e-01
4.380000e+00 5.088076e-01
4.440000e+00 8.982453e-01
4.500000e+00 5.918426e-01
4.560000e+00 7.740794e-01
4.620000e+00 5.197974e-01
4.680000e+00 4.579088e-01
4.740000e+00 8.272039e-01
4.800000e+00 1.228621e+00
4.860000e+00 1.070337e-01
4.920000e+00 1.040847e+00
4.980000e+00 5.721901e-01
5.040000e+00 5.102502e-01
5.100000e+00 1.162894e-01
5.160000e+00 8.118974e-01
5.220000e+00 1.311312e-01
5.280000e+00 4.580896e-01
5.340000e+00 3.768930e-01
5.400000e+00 2.408120e-01
5.460000e+00 3.430725e-01
5.520000e+00 5.453406e-01
5.580000e+00 8.294200e-02
5.640000e+00 4.528689e-02
5.700000e+00 1.931155e-01
5.760000e+00 5.830861e-02
5.820000e+00 6.436056e-01
5.880000e+00 9.479189e-02
5.940000e+00 2.803044e-01
