0.000000e+00 1.232941e+01
6.000000e-02 1.234101e+01
1.200000e-01 1.233739e+01
1.800000e-01 1.235465e+01
2.400000e-01 1.232552e+01
3.000000e-01 1.221993e+01
3.600000e-01 1.200144e+01
4.200000e-01 1.173894e+01
4.800000e-01 1.143608e+01
5.400000e-01 1.103138e+01
6.000000e-01 1.072445e+01
6.600000e-01 1.043153e+01
7.200000e-01 1.004819e+01
7.800000e-01 9.809539e+00
8.400000e-01 9.596246e+00
9.000000e-01 9.294314e+00
9.600000e-01 8.880428e+00
1.020000e+00 8.458389e+00
1.080000e+00 8.084294e+00
1.140000e+00 7.953241e+00
1.200000e+00 7.933412e+00
1.260000e+00 7.781212e+00
1.320000e+00 7.554238e+00
1.380000e+00 7.389434e+00
1.440000e+00 7.323144e+00
1.500000e+00 6.932757e+00
1.560000e+00 6.549582e+00
1.620000e+00 6.582353e+00
1.680000e+00 6.526372e+00
1.740000e+00 5.928878e+00
1.800000e+00 5.826281e+00
1.860000e+00 5.357860e+00
1.920000e+00 5.103891e+00
1.980000e+00 4.845112e+00
2.040000e+00 4.853265e+00
2.100000e+00 4.674804e+00
2.160000e+00 4.586921e+00
2.220000e+00 4.101024e+00
2.280000e+00 4.115849e+00
2.340000e+00 4.233368e+00
2.400000e+00 4.213926e+00
2.460000e+00 3.855617e+00
2.520000e+00 3.606350e+00
2.580000e+00 3.524226e+00
2.640000e+00 3.030097e+00
2.700000e+00 2.499978e+00
2.760000e+00 2.769510e+00
2.820000e+00 2.485414e+00
2.880000e+00 2.385064e+00
2.940000e+00 2.361667e+00
3.000000e+00 2.351475e+00
3.060000e+00 2.716942e+00
3.120000e+00 2.514531e+00
3.180000e+00 1.806045e+00
3.240000e+00 1.790243e+00
3.300000e+00 2.136100e+00
3.360000e+00 2.095213e+00
3.420000e+00 2.174054e+00
3.480000e+00 1.926893e+00
3.540000e+00 1.868546e+00
3.600000e+00 1.378934e+00
3.660000e+00 1.983788e+00
3.720000e+00 1.405404e+00
3.780000e+00 1.296484e+00
3.840000e+00 1.453788e+00
3.900000e+00 1.269966e+00
3.960000e+00 1.493856e+00
4.020000e+00 1.291979e+00
4.080000e+00 1.547174e+00
4.140000e+00 1.004476e+00
4.200000e+00 9.152266e-01
4.260000e+00 1.450449e+00
4.320000e+00 1.506050e+00
4.380000e+00 1.069086e+00
4.440000e+00 1.054986e+00
4.500000e+00 1.078353e+00
4.560000e+00 4.806778e-01
4.620000e+00 7.864158e-01
4.680000e+00 5.554678e-01
4.740000e+00 4.514947e-01
4.800000e+00 5.073071e-01
4.860000e+00 7.897991e-01
4.920000e+00 2.656556e-01
4.980000e+00 4.977497e-01
5.040000e+00 9.427137e-01
5.100000e+00 6.010180e-01
5.160000e+00 1.291967e+00
5.220000e+00 8.190369e-01
5.280000e+00 8.193827e-01
5.340000e+00 8.934015e-01
5.400000e+00 9.639538e-01
5.460000e+00 6.271451e-01
5.520000e+00 7.659751e-01
5.580000e+00 8.176277e-01
5.640000e+00 1.486461e-01
5.700000e+00 2.780321e-01
5.760000e+00 1.137506e+00
5.820000e+00 4.374647e-01
5.880000e+00 5.369394e-01
5.940000e+00 4.940443e-01
