0.000000e+00 3.447339e+00
3.000000e-02 3.458513e+00
6.000000e-02 3.280314e+00
9.000000e-02 3.226815e+00
1.200000e-01 3.494827e+00
1.500000e-01 3.665362e+00
1.800000e-01 3.488170e+00
2.100000e-01 3.333674e+00
2.400000e-01 3.354448e+00
2.700000e-01 3.464792e+00
3.000000e-01 3.699532e+00
3.300000e-01 3.983182e+00
3.600000e-01 3.850552e+00
3.900000e-01 3.507571e+00
4.200000e-01 3.179458e+00
4.500000e-01 2.315291e+00
4.800000e-01 1.229430e+00
5.100000e-01 1.905586e+00
5.400000e-01 2.884581e+00
5.700000e-01 2.802152e+00
6.000000e-01 2.202646e+00
6.300000e-01 1.797410e+00
6.600000e-01 1.706137e+00
6.900000e-01 1.727146e+00
7.200000e-01 1.279743e+00
7.500000e-01 1.189344e+00
7.800000e-01 1.240819e+00
8.100000e-01 1.324732e+00
8.400000e-01 1.418082e+00
8.700000e-01 1.535975e+00
9.000000e-01 1.783165e+00
9.300000e-01 1.942955e+00
9.600000e-01 1.453335e+00
9.900000e-01 1.647099e+00
1.020000e+00 1.403787e+00
1.050000e+00 1.380246e+00
1.080000e+00 1.513619e+00
1.110000e+00 1.364266e+00
1.140000e+00 1.230605e+00
1.170000e+00 1.257968e+00
1.200000e+00 1.535283e+00
1.230000e+00 2.191232e+00
1.260000e+00 1.750618e+00
1.290000e+00 9.004641e-01
1.320000e+00 1.780668e+00
1.350000e+00 8.596094e-01
1.380000e+00 7.113561e-01
1.410000e+00 3.453601e-01
1.440000e+00 5.743010e-01
1.470000e+00 1.677442e+00
1.500000e+00 3.813943e-01
1.530000e+00 3.584760e-01
1.560000e+00 1.797715e+00
1.590000e+00 1.762084e+00
1.620000e+00 9.262185e-01
1.650000e+00 9.516383e-01
1.680000e+00 1.395050e+00
1.710000e+00 1.906842e+00
1.740000e+00 4.432164e-01
1.770000e+00 3.910349e-01
1.800000e+00 6.360518e-01
1.830000e+00 9.725927e-01
1.860000e+00 9.731755e-01
1.890000e+00 8.902259e-01
1.920000e+00 7.118021e-01
1.950000e+00 7.218018e-01
1.980000e+00 1.069967e+00
2.010000e+00 8.981036e-01
2.040000e+00 1.327586e+00
2.070000e+00 9.256478e-01
2.100000e+00 4.236995e-01
2.130000e+00 3.200333e-01
2.160000e+00 3.349776e-01
2.190000e+00 9.002426e-01
2.220000e+00 1.075851e+00
2.250000e+00 1.208282e+00
2.280000e+00 1.966694e+00
2.310000e+00 1.230833e+00
2.340000e+00 1.267533e+00
2.370000e+00 1.140020e-01
2.400000e+00 8.774153e-01
2.430000e+00 1.206517e+00
2.460000e+00 7.344283e-01
2.490000e+00 2.236423e-01
2.520000e+00 2.137225e-01
2.550000e+00 3.625774e-01
2.580000e+00 8.423136e-01
2.610000e+00 1.280475e+00
2.640000e+00 1.007997e+00
2.670000e+00 8.379285e-01
2.700000e+00 9.321333e-01
2.730000e+00 9.849192e-01
2.760000e+00 1.105299e+00
2.790000e+00 5.987535e-01
2.820000e+00 6.720487e-02
2.850000e+00 1.154785e-01
2.880000e+00 5.984479e-01
2.910000e+00 6.896412e-01
2.940000e+00 1.715148e-01
2.970000e+00 4.576124e-01
