0.000000e+00 2.385169e+00
5.000000e-02 1.734264e+00
1.000000e-01 1.619056e+00
1.500000e-01 1.728189e+00
2.000000e-01 1.932960e+00
2.500000e-01 2.128599e+00
3.000000e-01 2.169719e+00
3.500000e-01 1.571926e+00
4.000000e-01 1.354528e+00
4.500000e-01 1.551346e+00
5.000000e-01 1.985246e+00
5.500000e-01 2.212792e+00
6.000000e-01 1.728612e+00
6.500000e-01 1.376053e+00
7.000000e-01 1.430314e+00
7.500000e-01 1.644281e+00
8.000000e-01 1.933108e+00
8.500000e-01 2.276820e+00
9.000000e-01 2.558446e+00
9.500000e-01 2.438665e+00
1.000000e+00 2.093696e+00
1.050000e+00 1.898023e+00
1.100000e+00 1.834986e+00
1.150000e+00 1.998051e+00
1.200000e+00 2.422159e+00
1.250000e+00 9.631955e-01
1.300000e+00 1.230704e+00
1.350000e+00 1.129290e+00
1.400000e+00 1.358234e+00
1.450000e+00 1.951590e+00
1.500000e+00 2.354914e+00
1.550000e+00 1.475124e+00
1.600000e+00 1.194171e+00
1.650000e+00 9.049968e-01
1.700000e+00 2.013466e+00
1.750000e+00 1.696034e+00
1.800000e+00 1.840640e+00
1.850000e+00 1.369868e+00
1.900000e+00 1.810813e+00
1.950000e+00 1.779350e+00
2.000000e+00 1.856194e+00
2.050000e+00 1.813818e+00
2.100000e+00 1.812236e+00
2.150000e+00 1.681940e+00
2.200000e+00 1.611184e+00
2.250000e+00 1.757096e+00
2.300000e+00 1.933276e+00
2.350000e+00 1.756215e+00
2.400000e+00 1.257107e+00
2.450000e+00 8.628327e-01
2.500000e+00 1.950811e+00
2.550000e+00 1.117222e+00
2.600000e+00 9.239358e-01
2.650000e+00 9.812287e-01
2.700000e+00 1.146491e+00
2.750000e+00 1.366057e+00
2.800000e+00 1.603044e+00
2.850000e+00 1.825661e+00
2.900000e+00 2.018619e+00
2.950000e+00 2.166724e+00
3.000000e+00 2.157689e+00
3.050000e+00 1.735588e+00
3.100000e+00 9.507202e-01
3.150000e+00 6.615909e-01
3.200000e+00 5.040053e-01
3.250000e+00 4.095935e-01
3.300000e+00 3.577689e-01
3.350000e+00 1.168894e+00
3.400000e+00 5.176478e-01
3.450000e+00 4.620296e-01
3.500000e+00 8.889890e-01
3.550000e+00 1.747169e+00
3.600000e+00 1.871902e+00
3.650000e+00 4.888386e-01
3.700000e+00 1.879135e-01
3.750000e+00 1.201625e+00
3.800000e+00 2.813692e-01
3.850000e+00 6.284552e-01
3.900000e+00 1.174442e-01
3.950000e+00 1.783733e+00
4.000000e+00 1.648370e-02
4.050000e+00 2.131962e-02
4.100000e+00 7.720613e-02
4.150000e+00 9.418669e-01
4.200000e+00 1.475209e+00
4.250000e+00 1.025917e+00
4.300000e+00 2.549719e-01
4.350000e+00 6.046210e-01
4.400000e+00 8.172162e-01
4.450000e+00 1.476084e-01
4.500000e+00 1.177578e-01
4.550000e+00 1.188993e-01
4.600000e+00 6.171487e-01
4.650000e+00 8.097363e-01
4.700000e+00 1.464778e+00
4.750000e+00 1.681049e-01
4.800000e+00 1.900403e+00
4.850000e+00 2.892106e-01
4.900000e+00 4.765609e-02
4.950000e+00 1.703895e-02
