-5.000000e-02 2.058476e+00
-4.990000e-02 2.086448e+00
-4.980000e-02 2.115839e+00
-4.970000e-02 2.146523e+00
-4.960000e-02 2.178347e+00
-4.950000e-02 2.211134e+00
-4.940000e-02 2.244689e+00
-4.930000e-02 2.278803e+00
-4.920000e-02 2.313259e+00
-4.910000e-02 2.347836e+00
-4.900000e-02 2.382313e+00
-4.890000e-02 2.416474e+00
-4.880000e-02 2.450101e+00
-4.870000e-02 2.482970e+00
-4.860000e-02 2.514833e+00
-4.850000e-02 2.545398e+00
-4.840000e-02 2.574292e+00
-4.830000e-02 2.601013e+00
-4.820000e-02 2.624870e+00
-4.810000e-02 2.644929e+00
-4.800000e-02 2.659964e+00
-4.790000e-02 2.668455e+00
-4.780000e-02 2.668685e+00
-4.770000e-02 2.658984e+00
-4.760000e-02 2.638177e+00
-4.750000e-02 2.606224e+00
-4.740000e-02 2.564903e+00
-4.730000e-02 2.518225e+00
-4.720000e-02 2.472179e+00
-4.710000e-02 2.433578e+00
-4.700000e-02 2.408275e+00
-4.690000e-02 2.399476e+00
-4.680000e-02 2.406999e+00
-4.670000e-02 2.427758e+00
-4.660000e-02 2.457089e+00
-4.650000e-02 2.490189e+00
-4.640000e-02 2.523108e+00
-4.630000e-02 2.553145e+00
-4.620000e-02 2.578782e+00
-4.610000e-02 2.599399e+00
-4.600000e-02 2.614938e+00
-4.590000e-02 2.625623e+00
-4.580000e-02 2.631768e+00
-4.570000e-02 2.633663e+00
-4.560000e-02 2.631521e+00
-4.550000e-02 2.625473e+00
-4.540000e-02 2.615584e+00
-4.530000e-02 2.601894e+00
-4.520000e-02 2.584471e+00
-4.510000e-02 2.563467e+00
-4.500000e-02 2.539182e+00
-4.490000e-02 2.512110e+00
-4.480000e-02 2.482986e+00
-4.470000e-02 2.452792e+00
-4.460000e-02 2.422735e+00
-4.450000e-02 2.394186e+00
-4.440000e-02 2.368573e+00
-4.430000e-02 2.347244e+00
-4.420000e-02 2.331324e+00
-4.410000e-02 2.321582e+00
-4.400000e-02 2.318340e+00
-4.390000e-02 2.321443e+00
-4.380000e-02 2.330291e+00
-4.370000e-02 2.343933e+00
-4.360000e-02 2.361193e+00
-4.350000e-02 2.380809e+00
-4.340000e-02 2.401559e+00
-4.330000e-02 2.422362e+00
-4.320000e-02 2.442337e+00
-4.310000e-02 2.460830e+00
-4.300000e-02 2.477410e+00
-4.290000e-02 2.491848e+00
-4.280000e-02 2.504079e+00
-4.270000e-02 2.514169e+00
-4.260000e-02 2.522270e+00
-4.250000e-02 2.528595e+00
-4.240000e-02 2.533388e+00
-4.230000e-02 2.536903e+00
-4.220000e-02 2.539389e+00
-4.210000e-02 2.541084e+00
-4.200000e-02 2.542201e+00
-4.190000e-02 2.542931e+00
-4.180000e-02 2.543440e+00
-4.170000e-02 2.543866e+00
-4.160000e-02 2.544322e+00
-4.150000e-02 2.544895e+00
-4.140000e-02 2.545651e+00
-4.130000e-02 2.546632e+00
-4.120000e-02 2.547860e+00
-4.110000e-02 2.549337e+00
-4.100000e-02 2.551045e+00
-4.090000e-02 2.552950e+00
-4.080000e-02 2.554998e+00
-4.070000e-02 2.557118e+00
-4.060000e-02 2.559222e+00
-4.050000e-02 2.561205e+00
-4.040000e-02 2.562943e+00
-4.030000e-02 2.564299e+00
-4.020000e-02 2.565115e+00
-4.010000e-02 2.565220e+00
-4.000000e-02 2.564431e+00
-3.990000e-02 2.562548e+00
-3.980000e-02 2.559367e+00
-3.970000e-02 2.554678e+00
-3.960000e-02 2.548270e+00
-3.950000e-02 2.539946e+00
-3.940000e-02 2.529525e+00
-3.930000e-02 2.516859e+00
-3.920000e-02 2.501847e+00
-3.910000e-02 2.484452e+00
-3.900000e-02 2.464720e+00
-3.890000e-02 2.442796e+00
-3.880000e-02 2.418950e+00
-3.870000e-02 2.393580e+00
-3.860000e-02 2.367226e+00
-3.850000e-02 2.340558e+00
-3.840000e-02 2.314351e+00
-3.830000e-02 2.289442e+00
-3.820000e-02 2.266661e+00
-3.810000e-02 2.246746e+00
-3.800000e-02 2.230248e+00
-3.790000e-02 2.217447e+00
-3.780000e-02 2.208287e+00
-3.770000e-02 2.202359e+00
-3.760000e-02 2.198940e+00
-3.750000e-02 2.197086e+00
-3.740000e-02 2.195762e+00
-3.730000e-02 2.193995e+00
-3.720000e-02 2.191006e+00
-3.710000e-02 2.186309e+00
-3.700000e-02 2.179756e+00
-3.690000e-02 2.171528e+00
-3.680000e-02 2.162089e+00
-3.670000e-02 2.152110e+00
-3.660000e-02 2.142386e+00
-3.650000e-02 2.133759e+00
-3.640000e-02 2.127054e+00
-3.630000e-02 2.123023e+00
-3.620000e-02 2.122316e+00
-3.610000e-02 2.125448e+00
-3.600000e-02 2.132786e+00
-3.590000e-02 2.144531e+00
-3.580000e-02 2.160703e+00
-3.570000e-02 2.181129e+00
-3.560000e-02 2.205424e+00
-3.550000e-02 2.232980e+00
-3.540000e-02 2.262955e+00
-3.530000e-02 2.294274e+00
-3.520000e-02 2.325650e+00
-3.510000e-02 2.355630e+00
-3.500000e-02 2.382682e+00
-3.490000e-02 2.405338e+00
-3.480000e-02 2.422372e+00
-3.470000e-02 2.433032e+00
-3.460000e-02 2.437254e+00
-3.450000e-02 2.435815e+00
-3.440000e-02 2.430348e+00
-3.430000e-02 2.423152e+00
-3.420000e-02 2.416829e+00
-3.410000e-02 2.413798e+00
-3.400000e-02 2.415854e+00
-3.390000e-02 2.423889e+00
-3.380000e-02 2.437846e+00
-3.370000e-02 2.456885e+00
-3.360000e-02 2.479667e+00
-3.350000e-02 2.504670e+00
-3.340000e-02 2.530431e+00
-3.330000e-02 2.555716e+00
-3.320000e-02 2.579588e+00
-3.310000e-02 2.601412e+00
-3.300000e-02 2.620821e+00
-3.290000e-02 2.637666e+00
-3.280000e-02 2.651950e+00
-3.270000e-02 2.663785e+00
-3.260000e-02 2.673347e+00
-3.250000e-02 2.680845e+00
-3.240000e-02 2.686497e+00
-3.230000e-02 2.690519e+00
-3.220000e-02 2.693111e+00
-3.210000e-02 2.694456e+00
-3.200000e-02 2.694718e+00
-3.190000e-02 2.694036e+00
-3.180000e-02 2.692534e+00
-3.170000e-02 2.690313e+00
-3.160000e-02 2.687461e+00
-3.150000e-02 2.684047e+00
-3.140000e-02 2.680129e+00
-3.130000e-02 2.675751e+00
-3.120000e-02 2.670944e+00
-3.110000e-02 2.665729e+00
-3.100000e-02 2.660116e+00
-3.090000e-02 2.654101e+00
-3.080000e-02 2.647673e+00
-3.070000e-02 2.640806e+00
-3.060000e-02 2.633464e+00
-3.050000e-02 2.625598e+00
-3.040000e-02 2.617147e+00
-3.030000e-02 2.608039e+00
-3.020000e-02 2.598191e+00
-3.010000e-02 2.587508e+00
-3.000000e-02 2.575891e+00
-2.990000e-02 2.563233e+00
-2.980000e-02 2.549430e+00
-2.970000e-02 2.534381e+00
-2.960000e-02 2.517998e+00
-2.950000e-02 2.500213e+00
-2.940000e-02 2.480988e+00
-2.930000e-02 2.460328e+00
-2.920000e-02 2.438291e+00
-2.910000e-02 2.415001e+00
-2.900000e-02 2.390666e+00
-2.890000e-02 2.365587e+00
-2.880000e-02 2.340171e+00
-2.870000e-02 2.314941e+00
-2.860000e-02 2.290537e+00
-2.850000e-02 2.267716e+00
-2.840000e-02 2.247341e+00
-2.830000e-02 2.230354e+00
-2.820000e-02 2.217751e+00
-2.810000e-02 2.210533e+00
-2.800000e-02 2.209649e+00
-2.790000e-02 2.215939e+00
-2.780000e-02 2.230056e+00
-2.770000e-02 2.252402e+00
-2.760000e-02 2.283054e+00
-2.750000e-02 2.321703e+00
-2.740000e-02 2.367607e+00
-2.730000e-02 2.419555e+00
-2.720000e-02 2.475863e+00
-2.710000e-02 2.534408e+00
-2.700000e-02 2.592709e+00
-2.690000e-02 2.648060e+00
-2.680000e-02 2.697726e+00
-2.670000e-02 2.739185e+00
-2.660000e-02 2.770379e+00
-2.650000e-02 2.789938e+00
-2.640000e-02 2.797323e+00
-2.630000e-02 2.792855e+00
-2.620000e-02 2.777625e+00
-2.610000e-02 2.753299e+00
-2.600000e-02 2.721883e+00
-2.590000e-02 2.685476e+00
-2.580000e-02 2.646078e+00
-2.570000e-02 2.605446e+00
-2.560000e-02 2.565033e+00
-2.550000e-02 2.525962e+00
-2.540000e-02 2.489052e+00
-2.530000e-02 2.454858e+00
-2.520000e-02 2.423716e+00
-2.510000e-02 2.395798e+00
-2.500000e-02 2.371150e+00
-2.490000e-02 2.349730e+00
-2.480000e-02 2.331434e+00
-2.470000e-02 2.316119e+00
-2.460000e-02 2.303613e+00
-2.450000e-02 2.293733e+00
-2.440000e-02 2.286283e+00
-2.430000e-02 2.281062e+00
-2.420000e-02 2.277867e+00
-2.410000e-02 2.276490e+00
-2.400000e-02 2.276721e+00
-2.390000e-02 2.278347e+00
-2.380000e-02 2.281151e+00
-2.370000e-02 2.284910e+00
-2.360000e-02 2.289397e+00
-2.350000e-02 2.294383e+00
-2.340000e-02 2.299633e+00
-2.330000e-02 2.304910e+00
-2.320000e-02 2.309980e+00
-2.310000e-02 2.314610e+00
-2.300000e-02 2.318575e+00
-2.290000e-02 2.321662e+00
-2.280000e-02 2.323675e+00
-2.270000e-02 2.324442e+00
-2.260000e-02 2.323821e+00
-2.250000e-02 2.321708e+00
-2.240000e-02 2.318043e+00
-2.230000e-02 2.312817e+00
-2.220000e-02 2.306078e+00
-2.210000e-02 2.297937e+00
-2.200000e-02 2.288571e+00
-2.190000e-02 2.278217e+00
-2.180000e-02 2.267177e+00
-2.170000e-02 2.255804e+00
-2.160000e-02 2.244497e+00
-2.150000e-02 2.233679e+00
-2.140000e-02 2.223785e+00
-2.130000e-02 2.215237e+00
-2.120000e-02 2.208422e+00
-2.110000e-02 2.203671e+00
-2.100000e-02 2.201237e+00
-2.090000e-02 2.201275e+00
-2.080000e-02 2.203831e+00
-2.070000e-02 2.208831e+00
-2.060000e-02 2.216080e+00
-2.050000e-02 2.225261e+00
-2.040000e-02 2.235944e+00
-2.030000e-02 2.247597e+00
-2.020000e-02 2.259595e+00
-2.010000e-02 2.271243e+00
-2.000000e-02 2.281800e+00
-1.990000e-02 2.290508e+00
-1.980000e-02 2.296651e+00
-1.970000e-02 2.299627e+00
-1.960000e-02 2.299052e+00
-1.950000e-02 2.294862e+00
-1.940000e-02 2.287404e+00
-1.930000e-02 2.277452e+00
-1.920000e-02 2.266134e+00
-1.910000e-02 2.254764e+00
-1.900000e-02 2.244619e+00
-1.890000e-02 2.236732e+00
-1.880000e-02 2.231755e+00
-1.870000e-02 2.229923e+00
-1.860000e-02 2.231095e+00
-1.850000e-02 2.234863e+00
-1.840000e-02 2.240662e+00
-1.830000e-02 2.247875e+00
-1.820000e-02 2.255909e+00
-1.810000e-02 2.264242e+00
-1.800000e-02 2.272450e+00
-1.790000e-02 2.280211e+00
-1.780000e-02 2.287298e+00
-1.770000e-02 2.293574e+00
-1.760000e-02 2.298973e+00
-1.750000e-02 2.303489e+00
-1.740000e-02 2.307161e+00
-1.730000e-02 2.310064e+00
-1.720000e-02 2.312296e+00
-1.710000e-02 2.313971e+00
-1.700000e-02 2.315211e+00
-1.690000e-02 2.316137e+00
-1.680000e-02 2.316868e+00
-1.670000e-02 2.317510e+00
-1.660000e-02 2.318157e+00
-1.650000e-02 2.318887e+00
-1.640000e-02 2.319757e+00
-1.630000e-02 2.320807e+00
-1.620000e-02 2.322055e+00
-1.610000e-02 2.323499e+00
-1.600000e-02 2.325122e+00
-1.590000e-02 2.326891e+00
-1.580000e-02 2.328762e+00
-1.570000e-02 2.330685e+00
-1.560000e-02 2.332603e+00
-1.550000e-02 2.334464e+00
-1.540000e-02 2.336217e+00
-1.530000e-02 2.337821e+00
-1.520000e-02 2.339242e+00
-1.510000e-02 2.340459e+00
-1.500000e-02 2.341463e+00
-1.490000e-02 2.342257e+00
-1.480000e-02 2.342853e+00
-1.470000e-02 2.343274e+00
-1.460000e-02 2.343549e+00
-1.450000e-02 2.343712e+00
-1.440000e-02 2.343797e+00
-1.430000e-02 2.343840e+00
-1.420000e-02 2.343872e+00
-1.410000e-02 2.343918e+00
-1.400000e-02 2.343997e+00
-1.390000e-02 2.344118e+00
-1.380000e-02 2.344283e+00
-1.370000e-02 2.344480e+00
-1.360000e-02 2.344691e+00
-1.350000e-02 2.344886e+00
-1.340000e-02 2.345029e+00
-1.330000e-02 2.345074e+00
-1.320000e-02 2.344973e+00
-1.310000e-02 2.344671e+00
-1.300000e-02 2.344113e+00
-1.290000e-02 2.343246e+00
-1.280000e-02 2.342019e+00
-1.270000e-02 2.340387e+00
-1.260000e-02 2.338314e+00
-1.250000e-02 2.335774e+00
-1.240000e-02 2.332755e+00
-1.230000e-02 2.329261e+00
-1.220000e-02 2.325317e+00
-1.210000e-02 2.320964e+00
-1.200000e-02 2.316270e+00
-1.190000e-02 2.311321e+00
-1.180000e-02 2.306232e+00
-1.170000e-02 2.301139e+00
-1.160000e-02 2.296199e+00
-1.150000e-02 2.291589e+00
-1.140000e-02 2.287499e+00
-1.130000e-02 2.284125e+00
-1.120000e-02 2.281660e+00
-1.110000e-02 2.280280e+00
-1.100000e-02 2.280131e+00
-1.090000e-02 2.281311e+00
-1.080000e-02 2.283850e+00
-1.070000e-02 2.287699e+00
-1.060000e-02 2.292707e+00
-1.050000e-02 2.298620e+00
-1.040000e-02 2.305083e+00
-1.030000e-02 2.311648e+00
-1.020000e-02 2.317808e+00
-1.010000e-02 2.323029e+00
-1.000000e-02 2.326803e+00
-9.900000e-03 2.328690e+00
-9.800000e-03 2.328364e+00
-9.700000e-03 2.325643e+00
-9.600000e-03 2.320498e+00
-9.500000e-03 2.313051e+00
-9.400000e-03 2.303550e+00
-9.300000e-03 2.292336e+00
-9.200000e-03 2.279803e+00
-9.100000e-03 2.266359e+00
-9.000000e-03 2.252396e+00
-8.900000e-03 2.238268e+00
-8.800000e-03 2.224272e+00
-8.700000e-03 2.210646e+00
-8.600000e-03 2.197570e+00
-8.500000e-03 2.185169e+00
-8.400000e-03 2.173520e+00
-8.300000e-03 2.162664e+00
-8.200000e-03 2.152614e+00
-8.100000e-03 2.143361e+00
-8.000000e-03 2.134883e+00
-7.900000e-03 2.127148e+00
-7.800000e-03 2.120122e+00
-7.700000e-03 2.113768e+00
-7.600000e-03 2.108051e+00
-7.500000e-03 2.102940e+00
-7.400000e-03 2.098405e+00
-7.300000e-03 2.094423e+00
-7.200000e-03 2.090974e+00
-7.100000e-03 2.088043e+00
-7.000000e-03 2.085618e+00
-6.900000e-03 2.083694e+00
-6.800000e-03 2.082266e+00
-6.700000e-03 2.081337e+00
-6.600000e-03 2.080909e+00
-6.500000e-03 2.080991e+00
-6.400000e-03 2.081592e+00
-6.300000e-03 2.082726e+00
-6.200000e-03 2.084409e+00
-6.100000e-03 2.086660e+00
-6.000000e-03 2.089499e+00
-5.900000e-03 2.092952e+00
-5.800000e-03 2.097044e+00
-5.700000e-03 2.101805e+00
-5.600000e-03 2.107267e+00
-5.500000e-03 2.113463e+00
-5.400000e-03 2.120430e+00
-5.300000e-03 2.128207e+00
-5.200000e-03 2.136832e+00
-5.100000e-03 2.146347e+00
-5.000000e-03 2.156793e+00
-4.900000e-03 2.168211e+00
-4.800000e-03 2.180638e+00
-4.700000e-03 2.194109e+00
-4.600000e-03 2.208655e+00
-4.500000e-03 2.224298e+00
-4.400000e-03 2.241050e+00
-4.300000e-03 2.258910e+00
-4.200000e-03 2.277863e+00
-4.100000e-03 2.297874e+00
-4.000000e-03 2.318886e+00
-3.900000e-03 2.340818e+00
-3.800000e-03 2.363561e+00
-3.700000e-03 2.386980e+00
-3.600000e-03 2.410908e+00
-3.500000e-03 2.435154e+00
-3.400000e-03 2.459502e+00
-3.300000e-03 2.483717e+00
-3.200000e-03 2.507552e+00
-3.100000e-03 2.530757e+00
-3.000000e-03 2.553088e+00
-2.900000e-03 2.574316e+00
-2.800000e-03 2.594232e+00
-2.700000e-03 2.612656e+00
-2.600000e-03 2.629434e+00
-2.500000e-03 2.644435e+00
-2.400000e-03 2.657547e+00
-2.300000e-03 2.668666e+00
-2.200000e-03 2.677688e+00
-2.100000e-03 2.684508e+00
-2.000000e-03 2.689018e+00
-1.900000e-03 2.691116e+00
-1.800000e-03 2.690723e+00
-1.700000e-03 2.687798e+00
-1.600000e-03 2.682355e+00
-1.500000e-03 2.674479e+00
-1.400000e-03 2.664326e+00
-1.300000e-03 2.652119e+00
-1.200000e-03 2.638135e+00
-1.100000e-03 2.622684e+00
-1.000000e-03 2.606087e+00
-9.000000e-04 2.588653e+00
-8.000000e-04 2.570666e+00
-7.000000e-04 2.552368e+00
-6.000000e-04 2.533958e+00
-5.000000e-04 2.515591e+00
-4.000000e-04 2.497382e+00
-3.000000e-04 2.479415e+00
-2.000000e-04 2.461748e+00
-1.000000e-04 2.444425e+00
1.429412e-15 2.427480e+00
1.000000e-04 2.410950e+00
2.000000e-04 2.394877e+00
3.000000e-04 2.379315e+00
4.000000e-04 2.364333e+00
5.000000e-04 2.350018e+00
6.000000e-04 2.336475e+00
7.000000e-04 2.323825e+00
8.000000e-04 2.312198e+00
9.000000e-04 2.301728e+00
1.000000e-03 2.292533e+00
1.100000e-03 2.284706e+00
1.200000e-03 2.278290e+00
1.300000e-03 2.273262e+00
1.400000e-03 2.269517e+00
1.500000e-03 2.266860e+00
1.600000e-03 2.265012e+00
1.700000e-03 2.263624e+00
1.800000e-03 2.262310e+00
1.900000e-03 2.260686e+00
2.000000e-03 2.258409e+00
2.100000e-03 2.255211e+00
2.200000e-03 2.250927e+00
2.300000e-03 2.245505e+00
2.400000e-03 2.239002e+00
2.500000e-03 2.231574e+00
2.600000e-03 2.223453e+00
2.700000e-03 2.214930e+00
2.800000e-03 2.206321e+00
2.900000e-03 2.197955e+00
3.000000e-03 2.190150e+00
3.100000e-03 2.183200e+00
3.200000e-03 2.177360e+00
3.300000e-03 2.172844e+00
3.400000e-03 2.169815e+00
3.500000e-03 2.168386e+00
3.600000e-03 2.168617e+00
3.700000e-03 2.170525e+00
3.800000e-03 2.174079e+00
3.900000e-03 2.179215e+00
4.000000e-03 2.185839e+00
4.100000e-03 2.193834e+00
4.200000e-03 2.203072e+00
4.300000e-03 2.213421e+00
4.400000e-03 2.224748e+00
4.500000e-03 2.236930e+00
4.600000e-03 2.249854e+00
4.700000e-03 2.263420e+00
4.800000e-03 2.277538e+00
4.900000e-03 2.292122e+00
5.000000e-03 2.307088e+00
5.100000e-03 2.322346e+00
5.200000e-03 2.337790e+00
5.300000e-03 2.353301e+00
5.400000e-03 2.368742e+00
5.500000e-03 2.383968e+00
5.600000e-03 2.398835e+00
5.700000e-03 2.413221e+00
5.800000e-03 2.427045e+00
5.900000e-03 2.440298e+00
6.000000e-03 2.453061e+00
6.100000e-03 2.465530e+00
6.200000e-03 2.478017e+00
6.300000e-03 2.490945e+00
6.400000e-03 2.504820e+00
6.500000e-03 2.520173e+00
6.600000e-03 2.537482e+00
6.700000e-03 2.557080e+00
6.800000e-03 2.579063e+00
6.900000e-03 2.603213e+00
7.000000e-03 2.628973e+00
7.100000e-03 2.655483e+00
7.200000e-03 2.681671e+00
7.300000e-03 2.706397e+00
7.400000e-03 2.728600e+00
7.500000e-03 2.747427e+00
7.600000e-03 2.762311e+00
7.700000e-03 2.772990e+00
7.800000e-03 2.779478e+00
7.900000e-03 2.782000e+00
8.000000e-03 2.780922e+00
8.100000e-03 2.776675e+00
8.200000e-03 2.769704e+00
8.300000e-03 2.760424e+00
8.400000e-03 2.749202e+00
8.500000e-03 2.736343e+00
8.600000e-03 2.722094e+00
8.700000e-03 2.706647e+00
8.800000e-03 2.690151e+00
8.900000e-03 2.672723e+00
9.000000e-03 2.654464e+00
9.100000e-03 2.635464e+00
9.200000e-03 2.615824e+00
9.300000e-03 2.595659e+00
9.400000e-03 2.575111e+00
9.500000e-03 2.554357e+00
9.600000e-03 2.533608e+00
9.700000e-03 2.513117e+00
9.800000e-03 2.493167e+00
9.900000e-03 2.474063e+00
1.000000e-02 2.456114e+00
1.010000e-02 2.439610e+00
1.020000e-02 2.424795e+00
1.030000e-02 2.411835e+00
1.040000e-02 2.400793e+00
1.050000e-02 2.391605e+00
1.060000e-02 2.384065e+00
1.070000e-02 2.377835e+00
1.080000e-02 2.372454e+00
1.090000e-02 2.367372e+00
1.100000e-02 2.361996e+00
1.110000e-02 2.355734e+00
1.120000e-02 2.348048e+00
1.130000e-02 2.338491e+00
1.140000e-02 2.326742e+00
1.150000e-02 2.312620e+00
1.160000e-02 2.296084e+00
1.170000e-02 2.277228e+00
1.180000e-02 2.256259e+00
1.190000e-02 2.233472e+00
1.200000e-02 2.209230e+00
1.210000e-02 2.183934e+00
1.220000e-02 2.158016e+00
1.230000e-02 2.131923e+00
1.240000e-02 2.106123e+00
1.250000e-02 2.081121e+00
1.260000e-02 2.057486e+00
1.270000e-02 2.035899e+00
1.280000e-02 2.017203e+00
1.290000e-02 2.002449e+00
1.300000e-02 1.992900e+00
1.310000e-02 1.989917e+00
1.320000e-02 1.994640e+00
1.330000e-02 2.007408e+00
1.340000e-02 2.027006e+00
1.350000e-02 2.050125e+00
1.360000e-02 2.071645e+00
1.370000e-02 2.086090e+00
1.380000e-02 2.089743e+00
1.390000e-02 2.082139e+00
1.400000e-02 2.065974e+00
1.410000e-02 2.045682e+00
1.420000e-02 2.025722e+00
1.430000e-02 2.009459e+00
1.440000e-02 1.998830e+00
1.450000e-02 1.994531e+00
1.460000e-02 1.996387e+00
1.470000e-02 2.003708e+00
1.480000e-02 2.015547e+00
1.490000e-02 2.030854e+00
1.500000e-02 2.048571e+00
1.510000e-02 2.067676e+00
1.520000e-02 2.087213e+00
1.530000e-02 2.106319e+00
1.540000e-02 2.124246e+00
1.550000e-02 2.140391e+00
1.560000e-02 2.154327e+00
1.570000e-02 2.165822e+00
1.580000e-02 2.174854e+00
1.590000e-02 2.181604e+00
1.600000e-02 2.186430e+00
1.610000e-02 2.189826e+00
1.620000e-02 2.192364e+00
1.630000e-02 2.194629e+00
1.640000e-02 2.197168e+00
1.650000e-02 2.200434e+00
1.660000e-02 2.204765e+00
1.670000e-02 2.210358e+00
1.680000e-02 2.217277e+00
1.690000e-02 2.225461e+00
1.700000e-02 2.234739e+00
1.710000e-02 2.244852e+00
1.720000e-02 2.255473e+00
1.730000e-02 2.266227e+00
1.740000e-02 2.276717e+00
1.750000e-02 2.286536e+00
1.760000e-02 2.295299e+00
1.770000e-02 2.302655e+00
1.780000e-02 2.308316e+00
1.790000e-02 2.312068e+00
1.800000e-02 2.313789e+00
1.810000e-02 2.313443e+00
1.820000e-02 2.311085e+00
1.830000e-02 2.306837e+00
1.840000e-02 2.300870e+00
1.850000e-02 2.293381e+00
1.860000e-02 2.284570e+00
1.870000e-02 2.274621e+00
1.880000e-02 2.263700e+00
1.890000e-02 2.251950e+00
1.900000e-02 2.239499e+00
1.910000e-02 2.226470e+00
1.920000e-02 2.212990e+00
1.930000e-02 2.199199e+00
1.940000e-02 2.185250e+00
1.950000e-02 2.171317e+00
1.960000e-02 2.157584e+00
1.970000e-02 2.144241e+00
1.980000e-02 2.131478e+00
1.990000e-02 2.119472e+00
2.000000e-02 2.108381e+00
2.010000e-02 2.098336e+00
2.020000e-02 2.089433e+00
2.030000e-02 2.081735e+00
2.040000e-02 2.075267e+00
2.050000e-02 2.070022e+00
2.060000e-02 2.065958e+00
2.070000e-02 2.063011e+00
2.080000e-02 2.061095e+00
2.090000e-02 2.060112e+00
2.100000e-02 2.059956e+00
2.110000e-02 2.060521e+00
2.120000e-02 2.061704e+00
2.130000e-02 2.063409e+00
2.140000e-02 2.065554e+00
2.150000e-02 2.068067e+00
2.160000e-02 2.070891e+00
2.170000e-02 2.073982e+00
2.180000e-02 2.077313e+00
2.190000e-02 2.080868e+00
2.200000e-02 2.084646e+00
2.210000e-02 2.088654e+00
2.220000e-02 2.092914e+00
2.230000e-02 2.097452e+00
2.240000e-02 2.102304e+00
2.250000e-02 2.107512e+00
2.260000e-02 2.113119e+00
2.270000e-02 2.119176e+00
2.280000e-02 2.125728e+00
2.290000e-02 2.132825e+00
2.300000e-02 2.140510e+00
2.310000e-02 2.148824e+00
2.320000e-02 2.157797e+00
2.330000e-02 2.167454e+00
2.340000e-02 2.177807e+00
2.350000e-02 2.188855e+00
2.360000e-02 2.200581e+00
2.370000e-02 2.212953e+00
2.380000e-02 2.225919e+00
2.390000e-02 2.239407e+00
2.400000e-02 2.253326e+00
2.410000e-02 2.267563e+00
2.420000e-02 2.281986e+00
2.430000e-02 2.296440e+00
2.440000e-02 2.310755e+00
2.450000e-02 2.324745e+00
2.460000e-02 2.338211e+00
2.470000e-02 2.350949e+00
2.480000e-02 2.362748e+00
2.490000e-02 2.373402e+00
2.500000e-02 2.382711e+00
2.510000e-02 2.390486e+00
2.520000e-02 2.396550e+00
2.530000e-02 2.400743e+00
2.540000e-02 2.402924e+00
2.550000e-02 2.402966e+00
2.560000e-02 2.400759e+00
2.570000e-02 2.396205e+00
2.580000e-02 2.389220e+00
2.590000e-02 2.379731e+00
2.600000e-02 2.367673e+00
2.610000e-02 2.352996e+00
2.620000e-02 2.335667e+00
2.630000e-02 2.315675e+00
2.640000e-02 2.293041e+00
2.650000e-02 2.267834e+00
2.660000e-02 2.240182e+00
2.670000e-02 2.210296e+00
2.680000e-02 2.178485e+00
2.690000e-02 2.145178e+00
2.700000e-02 2.110934e+00
2.710000e-02 2.076447e+00
2.720000e-02 2.042540e+00
2.730000e-02 2.010135e+00
2.740000e-02 1.980205e+00
2.750000e-02 1.953705e+00
2.760000e-02 1.931484e+00
2.770000e-02 1.914198e+00
2.780000e-02 1.902224e+00
2.790000e-02 1.895600e+00
2.800000e-02 1.894007e+00
2.810000e-02 1.896800e+00
2.820000e-02 1.903073e+00
2.830000e-02 1.911772e+00
2.840000e-02 1.921811e+00
2.850000e-02 1.932188e+00
2.860000e-02 1.942078e+00
2.870000e-02 1.950889e+00
2.880000e-02 1.958282e+00
2.890000e-02 1.964160e+00
2.900000e-02 1.968634e+00
2.910000e-02 1.971975e+00
2.920000e-02 1.974557e+00
2.930000e-02 1.976815e+00
2.940000e-02 1.979196e+00
2.950000e-02 1.982135e+00
2.960000e-02 1.986027e+00
2.970000e-02 1.991215e+00
2.980000e-02 1.997984e+00
2.990000e-02 2.006557e+00
3.000000e-02 2.017098e+00
3.010000e-02 2.029712e+00
3.020000e-02 2.044450e+00
3.030000e-02 2.061311e+00
3.040000e-02 2.080246e+00
3.050000e-02 2.101165e+00
3.060000e-02 2.123933e+00
3.070000e-02 2.148379e+00
3.080000e-02 2.174299e+00
3.090000e-02 2.201459e+00
3.100000e-02 2.229598e+00
3.110000e-02 2.258440e+00
3.120000e-02 2.287691e+00
3.130000e-02 2.317052e+00
3.140000e-02 2.346223e+00
3.150000e-02 2.374913e+00
3.160000e-02 2.402838e+00
3.170000e-02 2.429739e+00
3.180000e-02 2.455376e+00
3.190000e-02 2.479538e+00
3.200000e-02 2.502043e+00
3.210000e-02 2.522744e+00
3.220000e-02 2.541519e+00
3.230000e-02 2.558280e+00
3.240000e-02 2.572965e+00
3.250000e-02 2.585534e+00
3.260000e-02 2.595967e+00
3.270000e-02 2.604258e+00
3.280000e-02 2.610413e+00
3.290000e-02 2.614442e+00
3.300000e-02 2.616358e+00
3.310000e-02 2.616174e+00
3.320000e-02 2.613897e+00
3.330000e-02 2.609532e+00
3.340000e-02 2.603078e+00
3.350000e-02 2.594527e+00
3.360000e-02 2.583871e+00
3.370000e-02 2.571098e+00
3.380000e-02 2.556196e+00
3.390000e-02 2.539162e+00
3.400000e-02 2.519995e+00
3.410000e-02 2.498713e+00
3.420000e-02 2.475345e+00
3.430000e-02 2.449943e+00
3.440000e-02 2.422583e+00
3.450000e-02 2.393366e+00
3.460000e-02 2.362423e+00
3.470000e-02 2.329914e+00
3.480000e-02 2.296029e+00
3.490000e-02 2.260985e+00
3.500000e-02 2.225029e+00
3.510000e-02 2.188426e+00
3.520000e-02 2.151460e+00
3.530000e-02 2.114431e+00
3.540000e-02 2.077642e+00
3.550000e-02 2.041399e+00
3.560000e-02 2.006001e+00
3.570000e-02 1.971736e+00
3.580000e-02 1.938875e+00
3.590000e-02 1.907667e+00
3.600000e-02 1.878335e+00
3.610000e-02 1.851072e+00
3.620000e-02 1.826044e+00
3.630000e-02 1.803379e+00
3.640000e-02 1.783178e+00
3.650000e-02 1.765506e+00
3.660000e-02 1.750402e+00
3.670000e-02 1.737873e+00
3.680000e-02 1.727902e+00
3.690000e-02 1.720447e+00
3.700000e-02 1.715446e+00
3.710000e-02 1.712817e+00
3.720000e-02 1.712462e+00
3.730000e-02 1.714271e+00
3.740000e-02 1.718121e+00
3.750000e-02 1.723878e+00
3.760000e-02 1.731403e+00
3.770000e-02 1.740547e+00
3.780000e-02 1.751160e+00
3.790000e-02 1.763086e+00
3.800000e-02 1.776166e+00
3.810000e-02 1.790243e+00
3.820000e-02 1.805158e+00
3.830000e-02 1.820755e+00
3.840000e-02 1.836881e+00
3.850000e-02 1.853390e+00
3.860000e-02 1.870139e+00
3.870000e-02 1.886998e+00
3.880000e-02 1.903844e+00
3.890000e-02 1.920568e+00
3.900000e-02 1.937073e+00
3.910000e-02 1.953277e+00
3.920000e-02 1.969114e+00
3.930000e-02 1.984534e+00
3.940000e-02 1.999504e+00
3.950000e-02 2.014007e+00
3.960000e-02 2.028041e+00
3.970000e-02 2.041620e+00
3.980000e-02 2.054769e+00
3.990000e-02 2.067525e+00
4.000000e-02 2.079932e+00
4.010000e-02 2.092039e+00
4.020000e-02 2.103896e+00
4.030000e-02 2.115552e+00
4.040000e-02 2.127047e+00
4.050000e-02 2.138415e+00
4.060000e-02 2.149671e+00
4.070000e-02 2.160818e+00
4.080000e-02 2.171834e+00
4.090000e-02 2.182678e+00
4.100000e-02 2.193285e+00
4.110000e-02 2.203566e+00
4.120000e-02 2.213414e+00
4.130000e-02 2.222703e+00
4.140000e-02 2.231298e+00
4.150000e-02 2.239061e+00
4.160000e-02 2.245854e+00
4.170000e-02 2.251553e+00
4.180000e-02 2.256048e+00
4.190000e-02 2.259245e+00
4.200000e-02 2.261060e+00
4.210000e-02 2.261410e+00
4.220000e-02 2.260196e+00
4.230000e-02 2.257278e+00
4.240000e-02 2.252458e+00
4.250000e-02 2.245464e+00
4.260000e-02 2.235946e+00
4.270000e-02 2.223494e+00
4.280000e-02 2.207686e+00
4.290000e-02 2.188148e+00
4.300000e-02 2.164645e+00
4.310000e-02 2.137178e+00
4.320000e-02 2.106072e+00
4.330000e-02 2.072042e+00
4.340000e-02 2.036204e+00
4.350000e-02 2.000035e+00
4.360000e-02 1.965259e+00
4.370000e-02 1.933680e+00
4.380000e-02 1.906991e+00
4.390000e-02 1.886568e+00
4.400000e-02 1.873326e+00
4.410000e-02 1.867622e+00
4.420000e-02 1.869260e+00
4.430000e-02 1.877550e+00
4.440000e-02 1.891442e+00
4.450000e-02 1.909674e+00
4.460000e-02 1.930921e+00
4.470000e-02 1.953921e+00
4.480000e-02 1.977559e+00
4.490000e-02 2.000923e+00
4.500000e-02 2.023317e+00
4.510000e-02 2.044250e+00
4.520000e-02 2.063412e+00
4.530000e-02 2.080638e+00
4.540000e-02 2.095872e+00
4.550000e-02 2.109135e+00
4.560000e-02 2.120495e+00
4.570000e-02 2.130050e+00
4.580000e-02 2.137911e+00
4.590000e-02 2.144193e+00
4.600000e-02 2.149013e+00
4.610000e-02 2.152490e+00
4.620000e-02 2.154744e+00
4.630000e-02 2.155900e+00
4.640000e-02 2.156085e+00
4.650000e-02 2.155434e+00
4.660000e-02 2.154087e+00
4.670000e-02 2.152182e+00
4.680000e-02 2.149862e+00
4.690000e-02 2.147261e+00
4.700000e-02 2.144508e+00
4.710000e-02 2.141717e+00
4.720000e-02 2.138986e+00
4.730000e-02 2.136390e+00
4.740000e-02 2.133979e+00
4.750000e-02 2.131773e+00
4.760000e-02 2.129760e+00
4.770000e-02 2.127887e+00
4.780000e-02 2.126062e+00
4.790000e-02 2.124150e+00
4.800000e-02 2.121970e+00
4.810000e-02 2.119294e+00
4.820000e-02 2.115852e+00
4.830000e-02 2.111333e+00
4.840000e-02 2.105397e+00
4.850000e-02 2.097692e+00
4.860000e-02 2.087869e+00
4.870000e-02 2.075620e+00
4.880000e-02 2.060708e+00
4.890000e-02 2.043020e+00
4.900000e-02 2.022610e+00
4.910000e-02 1.999755e+00
4.920000e-02 1.974996e+00
4.930000e-02 1.949167e+00
4.940000e-02 1.923395e+00
4.950000e-02 1.899063e+00
4.960000e-02 1.877734e+00
4.970000e-02 1.861024e+00
4.980000e-02 1.850444e+00
4.990000e-02 1.847231e+00
