0.000000e+00 3.055089e+00
6.000000e-02 2.887663e+00
1.200000e-01 2.410138e+00
1.800000e-01 2.071725e+00
2.400000e-01 1.946107e+00
3.000000e-01 2.029627e+00
3.600000e-01 2.765118e+00
4.200000e-01 2.741567e+00
4.800000e-01 2.578660e+00
5.400000e-01 3.167972e+00
6.000000e-01 2.651815e+00
6.600000e-01 2.131243e+00
7.200000e-01 1.631523e+00
7.800000e-01 2.051234e+00
8.400000e-01 1.874133e+00
9.000000e-01 1.900538e+00
9.600000e-01 9.426019e-01
1.020000e+00 2.073346e+00
1.080000e+00 1.044117e+00
1.140000e+00 8.105227e-01
1.200000e+00 1.627956e+00
1.260000e+00 1.611914e+00
1.320000e+00 1.547487e+00
1.380000e+00 5.873885e-01
1.440000e+00 1.377086e+00
1.500000e+00 1.344429e+00
1.560000e+00 7.930207e-01
1.620000e+00 2.797218e+00
1.680000e+00 1.967768e+00
1.740000e+00 1.667059e+00
1.800000e+00 1.121433e+00
1.860000e+00 1.293829e-01
1.920000e+00 7.849477e-02
1.980000e+00 1.565764e-01
2.040000e+00 7.490658e-01
2.100000e+00 1.818060e-01
2.160000e+00 5.122137e-02
2.220000e+00 8.326885e-01
2.280000e+00 8.807592e-01
2.340000e+00 1.038639e+00
2.400000e+00 9.630713e-02
2.460000e+00 2.383812e-01
2.520000e+00 2.277413e-01
2.580000e+00 1.552015e-01
2.640000e+00 2.097269e-02
2.700000e+00 1.066736e+00
2.760000e+00 2.426385e-02
2.820000e+00 5.606057e-02
2.880000e+00 3.424061e-03
2.940000e+00 3.618525e-04
3.000000e+00 5.210105e-02
3.060000e+00 1.116634e+00
3.120000e+00 1.567310e+00
3.180000e+00 7.855723e-02
3.240000e+00 2.363307e-04
3.300000e+00 4.267677e-03
3.360000e+00 5.950551e-01
3.420000e+00 4.972253e-02
3.480000e+00 2.377240e-02
3.540000e+00 1.736661e-03
3.600000e+00 4.276935e-01
3.660000e+00 1.961966e-01
3.720000e+00 9.347037e-02
3.780000e+00 5.286577e-01
3.840000e+00 1.997216e-02
3.900000e+00 2.956402e-01
3.960000e+00 1.973817e-01
4.020000e+00 1.198631e-01
4.080000e+00 6.188858e-03
4.140000e+00 1.230415e-05
4.200000e+00 9.354129e-05
4.260000e+00 8.769664e-04
4.320000e+00 3.154589e-02
4.380000e+00 4.625128e-03
4.440000e+00 2.034580e-05
4.500000e+00 1.079654e-02
4.560000e+00 9.807031e-02
4.620000e+00 3.566228e-05
4.680000e+00 7.358069e-01
4.740000e+00 2.275800e-04
4.800000e+00 4.144100e-02
4.860000e+00 5.572084e-04
4.920000e+00 1.388643e-03
4.980000e+00 6.513268e-01
5.040000e+00 1.649554e-03
5.100000e+00 1.717884e-05
5.160000e+00 1.396838e-05
5.220000e+00 4.253587e-07
5.280000e+00 3.422984e-02
5.340000e+00 4.817458e-05
5.400000e+00 7.362253e-07
5.460000e+00 4.064804e-06
5.520000e+00 8.875284e-09
5.580000e+00 5.842770e-05
5.640000e+00 9.153520e-09
5.700000e+00 1.639608e-08
5.760000e+00 5.726233e-07
5.820000e+00 6.163006e-09
5.880000e+00 3.833592e-05
5.940000e+00 3.090404e-10
