0.000000e+00 1.423050e+01
6.000000e-02 1.421257e+01
1.200000e-01 1.373834e+01
1.800000e-01 1.307763e+01
2.400000e-01 1.319208e+01
3.000000e-01 1.215919e+01
3.600000e-01 1.158338e+01
4.200000e-01 1.134579e+01
4.800000e-01 1.112048e+01
5.400000e-01 1.076611e+01
6.000000e-01 1.017934e+01
6.600000e-01 9.654222e+00
7.200000e-01 9.712114e+00
7.800000e-01 9.752659e+00
8.400000e-01 9.538182e+00
9.000000e-01 8.876050e+00
9.600000e-01 8.498364e+00
1.020000e+00 8.587501e+00
1.080000e+00 8.623067e+00
1.140000e+00 8.507274e+00
1.200000e+00 8.740860e+00
1.260000e+00 8.424778e+00
1.320000e+00 8.153794e+00
1.380000e+00 8.390699e+00
1.440000e+00 7.404430e+00
1.500000e+00 6.849867e+00
1.560000e+00 5.995423e+00
1.620000e+00 5.822617e+00
1.680000e+00 5.945561e+00
1.740000e+00 4.934750e+00
1.800000e+00 4.135509e+00
1.860000e+00 3.241639e+00
1.920000e+00 4.102894e+00
1.980000e+00 4.500096e+00
2.040000e+00 3.409718e+00
2.100000e+00 4.306379e+00
2.160000e+00 4.555827e+00
2.220000e+00 3.960640e+00
2.280000e+00 4.113672e+00
2.340000e+00 2.778616e+00
2.400000e+00 3.475385e+00
2.460000e+00 3.580815e+00
2.520000e+00 2.811466e+00
2.580000e+00 3.307437e+00
2.640000e+00 2.711519e+00
2.700000e+00 2.474178e+00
2.760000e+00 2.623190e+00
2.820000e+00 1.372952e+00
2.880000e+00 2.076283e+00
2.940000e+00 1.726264e+00
3.000000e+00 1.333058e+00
3.060000e+00 1.509278e+00
3.120000e+00 1.709425e+00
3.180000e+00 2.745030e+00
3.240000e+00 1.431014e+00
3.300000e+00 1.206157e+00
3.360000e+00 9.834181e-01
3.420000e+00 1.137043e+00
3.480000e+00 1.758034e+00
3.540000e+00 5.593383e-01
3.600000e+00 6.893157e-01
3.660000e+00 2.717506e+00
3.720000e+00 7.489255e-01
3.780000e+00 1.145014e-01
3.840000e+00 3.418003e-01
3.900000e+00 5.239854e-01
3.960000e+00 2.822153e-01
4.020000e+00 4.873050e-01
4.080000e+00 6.898706e-01
4.140000e+00 1.067775e+00
4.200000e+00 1.933278e+00
4.260000e+00 5.111158e-02
4.320000e+00 1.020536e-01
4.380000e+00 6.848221e-02
4.440000e+00 1.303579e-01
4.500000e+00 2.025921e-01
4.560000e+00 1.684291e-01
4.620000e+00 5.354720e-01
4.680000e+00 1.768410e-02
4.740000e+00 1.611149e+00
4.800000e+00 3.639333e-01
4.860000e+00 7.018145e-01
4.920000e+00 1.005815e+00
4.980000e+00 2.013313e-01
5.040000e+00 6.075118e-03
5.100000e+00 3.332413e-01
5.160000e+00 1.809821e-02
5.220000e+00 9.508349e-03
5.280000e+00 3.657019e-01
5.340000e+00 3.499303e-01
5.400000e+00 7.500843e-03
5.460000e+00 5.447417e-03
5.520000e+00 1.022422e-02
5.580000e+00 5.015579e-01
5.640000e+00 2.776037e-02
5.700000e+00 4.075421e-01
5.760000e+00 3.427721e-02
5.820000e+00 1.485155e-02
5.880000e+00 2.212804e-03
5.940000e+00 3.720007e-03
