0.000000e+00 1.423050e+01
6.000000e-02 1.413404e+01
1.200000e-01 1.397920e+01
1.800000e-01 1.362253e+01
2.400000e-01 1.302027e+01
3.000000e-01 1.264488e+01
3.600000e-01 1.231495e+01
4.200000e-01 1.212182e+01
4.800000e-01 1.198206e+01
5.400000e-01 1.176461e+01
6.000000e-01 1.142990e+01
6.600000e-01 1.113671e+01
7.200000e-01 1.099966e+01
7.800000e-01 1.096720e+01
8.400000e-01 1.098453e+01
9.000000e-01 1.082276e+01
9.600000e-01 1.016227e+01
1.020000e+00 9.610003e+00
1.080000e+00 8.938870e+00
1.140000e+00 8.324952e+00
1.200000e+00 8.065228e+00
1.260000e+00 8.229895e+00
1.320000e+00 8.448030e+00
1.380000e+00 8.292048e+00
1.440000e+00 8.104574e+00
1.500000e+00 7.758677e+00
1.560000e+00 6.635321e+00
1.620000e+00 5.631323e+00
1.680000e+00 5.281194e+00
1.740000e+00 5.587349e+00
1.800000e+00 5.504839e+00
1.860000e+00 4.805483e+00
1.920000e+00 4.263757e+00
1.980000e+00 5.065813e+00
2.040000e+00 4.680187e+00
2.100000e+00 3.721189e+00
2.160000e+00 3.729746e+00
2.220000e+00 4.332222e+00
2.280000e+00 4.828328e+00
2.340000e+00 4.311279e+00
2.400000e+00 4.088324e+00
2.460000e+00 3.110358e+00
2.520000e+00 2.808077e+00
2.580000e+00 3.960539e+00
2.640000e+00 2.749030e+00
2.700000e+00 2.479780e+00
2.760000e+00 1.013414e+00
2.820000e+00 9.935661e-01
2.880000e+00 2.430943e+00
2.940000e+00 2.860376e+00
3.000000e+00 1.925386e+00
3.060000e+00 2.446306e+00
3.120000e+00 1.675057e+00
3.180000e+00 1.566913e+00
3.240000e+00 1.664099e+00
3.300000e+00 1.070481e+00
3.360000e+00 1.323336e+00
3.420000e+00 1.378435e+00
3.480000e+00 2.503707e+00
3.540000e+00 1.227583e+00
3.600000e+00 1.659975e+00
3.660000e+00 6.640141e-01
3.720000e+00 1.864276e+00
3.780000e+00 1.666513e+00
3.840000e+00 8.265658e-01
3.900000e+00 1.397516e+00
3.960000e+00 5.964957e-01
4.020000e+00 3.218837e-01
4.080000e+00 1.801718e-01
4.140000e+00 1.509870e-01
4.200000e+00 1.423720e+00
4.260000e+00 1.188283e+00
4.320000e+00 9.561219e-02
4.380000e+00 6.647327e-01
4.440000e+00 9.584814e-01
4.500000e+00 4.557318e-01
4.560000e+00 1.852227e-01
4.620000e+00 4.251958e-01
4.680000e+00 4.149419e-01
4.740000e+00 2.959255e-02
4.800000e+00 7.232647e-01
4.860000e+00 1.148800e-01
4.920000e+00 1.146520e+00
4.980000e+00 5.281432e-03
5.040000e+00 5.299535e-03
5.100000e+00 5.075997e-02
5.160000e+00 4.461097e-02
5.220000e+00 3.264917e-01
5.280000e+00 4.516209e-02
5.340000e+00 7.372670e-02
5.400000e+00 5.506746e-01
5.460000e+00 7.194749e-02
5.520000e+00 2.179784e-02
5.580000e+00 8.642761e-02
5.640000e+00 5.542592e-02
5.700000e+00 7.444235e-03
5.760000e+00 6.871791e-02
5.820000e+00 2.663703e-03
5.880000e+00 6.751065e-03
5.940000e+00 5.378936e-03
