0.000000e+00 1.423050e+01
6.000000e-02 1.407399e+01
1.200000e-01 1.373464e+01
1.800000e-01 1.293515e+01
2.400000e-01 1.227503e+01
3.000000e-01 1.219454e+01
3.600000e-01 1.193725e+01
4.200000e-01 1.162704e+01
4.800000e-01 1.132907e+01
5.400000e-01 1.101895e+01
6.000000e-01 1.062531e+01
6.600000e-01 1.017938e+01
7.200000e-01 9.726556e+00
7.800000e-01 9.535978e+00
8.400000e-01 9.439151e+00
9.000000e-01 8.916865e+00
9.600000e-01 8.073701e+00
1.020000e+00 7.781136e+00
1.080000e+00 7.969015e+00
1.140000e+00 7.193336e+00
1.200000e+00 6.604293e+00
1.260000e+00 6.672695e+00
1.320000e+00 7.048012e+00
1.380000e+00 7.566508e+00
1.440000e+00 6.269301e+00
1.500000e+00 6.249813e+00
1.560000e+00 6.003183e+00
1.620000e+00 4.914185e+00
1.680000e+00 5.067468e+00
1.740000e+00 5.514463e+00
1.800000e+00 5.979829e+00
1.860000e+00 4.729658e+00
1.920000e+00 4.047791e+00
1.980000e+00 3.970575e+00
2.040000e+00 5.402901e+00
2.100000e+00 3.999953e+00
2.160000e+00 3.595958e+00
2.220000e+00 2.838863e+00
2.280000e+00 3.334958e+00
2.340000e+00 3.120349e+00
2.400000e+00 2.972578e+00
2.460000e+00 2.810748e+00
2.520000e+00 2.164183e+00
2.580000e+00 3.692562e+00
2.640000e+00 3.051747e+00
2.700000e+00 1.577018e+00
2.760000e+00 1.658106e+00
2.820000e+00 2.214927e+00
2.880000e+00 2.439111e+00
2.940000e+00 3.244405e+00
3.000000e+00 1.363657e+00
3.060000e+00 1.235516e+00
3.120000e+00 1.243617e+00
3.180000e+00 1.947003e+00
3.240000e+00 1.497658e+00
3.300000e+00 1.103815e+00
3.360000e+00 2.733014e-01
3.420000e+00 6.220861e-01
3.480000e+00 2.426942e+00
3.540000e+00 2.072677e+00
3.600000e+00 9.858194e-01
3.660000e+00 1.502372e+00
3.720000e+00 9.662604e-01
3.780000e+00 8.885818e-01
3.840000e+00 9.800442e-01
3.900000e+00 4.363216e-01
3.960000e+00 1.673257e+00
4.020000e+00 1.802563e+00
4.080000e+00 9.935775e-02
4.140000e+00 1.057395e+00
4.200000e+00 3.169912e-01
4.260000e+00 3.828858e-01
4.320000e+00 6.471094e-02
4.380000e+00 1.046248e-01
4.440000e+00 2.007292e-01
4.500000e+00 1.450635e-01
4.560000e+00 1.376267e+00
4.620000e+00 5.912990e-02
4.680000e+00 2.818972e-02
4.740000e+00 4.677083e-01
4.800000e+00 7.180658e-03
4.860000e+00 4.846584e-01
4.920000e+00 1.198419e+00
4.980000e+00 2.850748e-01
5.040000e+00 3.033769e-03
5.100000e+00 1.834994e+00
5.160000e+00 6.475042e-02
5.220000e+00 2.477626e-01
5.280000e+00 1.898125e-01
5.340000e+00 9.855772e-02
5.400000e+00 2.528258e-02
5.460000e+00 1.580205e-03
5.520000e+00 9.037048e-04
5.580000e+00 1.269911e-03
5.640000e+00 2.098474e-01
5.700000e+00 7.954348e-03
5.760000e+00 1.981329e-03
5.820000e+00 1.481082e-05
5.880000e+00 7.168628e-01
5.940000e+00 1.905059e-03
