0.000000e+00 1.423050e+01
6.000000e-02 1.419147e+01
1.200000e-01 1.376430e+01
1.800000e-01 1.278755e+01
2.400000e-01 1.304573e+01
3.000000e-01 1.285821e+01
3.600000e-01 1.236271e+01
4.200000e-01 1.148589e+01
4.800000e-01 1.066406e+01
5.400000e-01 1.006115e+01
6.000000e-01 9.628170e+00
6.600000e-01 9.554182e+00
7.200000e-01 9.607399e+00
7.800000e-01 9.643370e+00
8.400000e-01 9.828062e+00
9.000000e-01 9.877582e+00
9.600000e-01 9.196066e+00
1.020000e+00 9.085125e+00
1.080000e+00 9.143937e+00
1.140000e+00 9.357306e+00
1.200000e+00 8.573714e+00
1.260000e+00 7.432331e+00
1.320000e+00 6.763968e+00
1.380000e+00 6.700950e+00
1.440000e+00 7.077160e+00
1.500000e+00 6.018292e+00
1.560000e+00 5.658661e+00
1.620000e+00 5.560347e+00
1.680000e+00 4.737021e+00
1.740000e+00 4.427433e+00
1.800000e+00 4.338246e+00
1.860000e+00 4.195821e+00
1.920000e+00 4.651159e+00
1.980000e+00 4.786531e+00
2.040000e+00 4.108587e+00
2.100000e+00 3.670733e+00
2.160000e+00 3.323168e+00
2.220000e+00 3.429517e+00
2.280000e+00 3.224184e+00
2.340000e+00 3.749705e+00
2.400000e+00 4.513030e+00
2.460000e+00 3.421794e+00
2.520000e+00 4.145068e+00
2.580000e+00 4.937251e+00
2.640000e+00 3.748579e+00
2.700000e+00 2.255575e+00
2.760000e+00 2.751386e+00
2.820000e+00 1.929726e+00
2.880000e+00 1.428701e+00
2.940000e+00 2.736929e+00
3.000000e+00 2.964580e+00
3.060000e+00 2.147319e+00
3.120000e+00 1.422175e+00
3.180000e+00 1.544481e+00
3.240000e+00 9.081152e-01
3.300000e+00 1.769525e+00
3.360000e+00 1.528721e+00
3.420000e+00 2.411671e+00
3.480000e+00 1.702574e+00
3.540000e+00 1.468879e+00
3.600000e+00 7.127223e-01
3.660000e+00 1.289952e+00
3.720000e+00 1.461753e+00
3.780000e+00 9.433572e-01
3.840000e+00 9.578763e-01
3.900000e+00 3.305415e-01
3.960000e+00 8.559849e-01
4.020000e+00 8.983405e-01
4.080000e+00 1.053022e+00
4.140000e+00 1.497124e+00
4.200000e+00 2.270387e+00
4.260000e+00 6.165133e-01
4.320000e+00 6.179297e-01
4.380000e+00 3.241035e-01
4.440000e+00 5.264076e-01
4.500000e+00 2.594421e-01
4.560000e+00 1.818568e-01
4.620000e+00 3.897755e-01
4.680000e+00 1.217908e+00
4.740000e+00 8.518332e-02
4.800000e+00 2.868372e-01
4.860000e+00 1.809817e+00
4.920000e+00 1.196729e-01
4.980000e+00 2.096792e-01
5.040000e+00 1.757942e-02
5.100000e+00 3.390474e-03
5.160000e+00 2.665864e-03
5.220000e+00 2.524694e-03
5.280000e+00 3.596782e-03
5.340000e+00 8.695334e-03
5.400000e+00 2.559893e-03
5.460000e+00 9.906839e-04
5.520000e+00 1.131127e-02
5.580000e+00 4.910093e-03
5.640000e+00 1.769934e-01
5.700000e+00 5.808610e-03
5.760000e+00 2.480510e-03
5.820000e+00 4.374954e-03
5.880000e+00 1.603379e-03
5.940000e+00 2.731741e-02
