0.000000e+00 1.314119e+00
3.000000e-02 1.358981e+00
6.000000e-02 1.405364e+00
9.000000e-02 1.459118e+00
1.200000e-01 1.531739e+00
1.500000e-01 1.646944e+00
1.800000e-01 1.854285e+00
2.100000e-01 2.176972e+00
2.400000e-01 2.382490e+00
2.700000e-01 2.449479e+00
3.000000e-01 2.371975e+00
3.300000e-01 2.330983e+00
3.600000e-01 2.617013e+00
3.900000e-01 1.628733e+00
4.200000e-01 1.008025e+00
4.500000e-01 8.658093e-01
4.800000e-01 7.966461e-01
5.100000e-01 7.678600e-01
5.400000e-01 8.364918e-01
5.700000e-01 1.415511e+00
6.000000e-01 1.600842e+00
6.300000e-01 9.980974e-01
6.600000e-01 1.139872e+00
6.900000e-01 1.484360e+00
7.200000e-01 6.683082e-01
7.500000e-01 5.600718e-01
7.800000e-01 8.816760e-01
8.100000e-01 1.849060e+00
8.400000e-01 1.865220e+00
8.700000e-01 1.640949e+00
9.000000e-01 1.515247e+00
9.300000e-01 1.638584e+00
9.600000e-01 9.291116e-01
9.900000e-01 1.083770e+00
1.020000e+00 1.823727e+00
1.050000e+00 1.727416e+00
1.080000e+00 2.012873e+00
1.110000e+00 1.493965e+00
1.140000e+00 1.869583e+00
1.170000e+00 9.765257e-01
1.200000e+00 1.145490e+00
1.230000e+00 1.477653e+00
1.260000e+00 1.388253e+00
1.290000e+00 1.450647e+00
1.320000e+00 1.862149e+00
1.350000e+00 1.391693e+00
1.380000e+00 1.825851e+00
1.410000e+00 2.925514e-01
1.440000e+00 1.528529e-01
1.470000e+00 1.308649e-01
1.500000e+00 3.842927e-01
1.530000e+00 2.002822e+00
1.560000e+00 4.740466e-01
1.590000e+00 2.301179e-01
1.620000e+00 2.969943e-01
1.650000e+00 3.448663e-01
1.680000e+00 1.302707e+00
1.710000e+00 6.376495e-01
1.740000e+00 7.983585e-01
1.770000e+00 1.662508e+00
1.800000e+00 1.599837e+00
1.830000e+00 5.616757e-01
1.860000e+00 8.899930e-01
1.890000e+00 1.193830e+00
1.920000e+00 9.655966e-02
1.950000e+00 2.517046e-02
1.980000e+00 4.446933e-02
2.010000e+00 2.379285e-01
2.040000e+00 1.499834e-01
2.070000e+00 9.718744e-01
2.100000e+00 2.582721e-01
2.130000e+00 1.060014e-01
2.160000e+00 1.421032e-01
2.190000e+00 5.145330e-01
2.220000e+00 8.688171e-01
2.250000e+00 4.434183e-01
2.280000e+00 8.576374e-01
2.310000e+00 6.666100e-02
2.340000e+00 9.590735e-02
2.370000e+00 5.761895e-01
2.400000e+00 1.467251e-01
2.430000e+00 4.097674e-01
2.460000e+00 1.951876e+00
2.490000e+00 9.144739e-01
2.520000e+00 1.755570e-01
2.550000e+00 5.231145e-01
2.580000e+00 5.643901e-01
2.610000e+00 8.018073e-02
2.640000e+00 1.363075e-01
2.670000e+00 1.127700e-01
2.700000e+00 2.285774e-01
2.730000e+00 1.001880e+00
2.760000e+00 3.730402e-02
2.790000e+00 3.934010e-01
2.820000e+00 8.147475e-01
2.850000e+00 4.628048e-01
2.880000e+00 9.668439e-01
2.910000e+00 7.133568e-01
2.940000e+00 8.654630e-01
2.970000e+00 9.674660e-01
