0.000000e+00 1.314119e+00
3.000000e-02 1.248352e+00
6.000000e-02 1.200655e+00
9.000000e-02 1.163491e+00
1.200000e-01 1.118587e+00
1.500000e-01 1.044744e+00
1.800000e-01 9.416374e-01
2.100000e-01 8.448917e-01
2.400000e-01 8.112175e-01
2.700000e-01 8.977234e-01
3.000000e-01 1.144249e+00
3.300000e-01 1.535488e+00
3.600000e-01 1.965779e+00
3.900000e-01 2.312229e+00
4.200000e-01 2.552811e+00
4.500000e-01 2.420170e+00
4.800000e-01 1.854696e+00
5.100000e-01 1.509128e+00
5.400000e-01 1.446042e+00
5.700000e-01 1.557305e+00
6.000000e-01 1.794389e+00
6.300000e-01 2.051208e+00
6.600000e-01 2.202056e+00
6.900000e-01 2.269821e+00
7.200000e-01 2.251582e+00
7.500000e-01 2.088373e+00
7.800000e-01 1.848247e+00
8.100000e-01 2.207310e+00
8.400000e-01 8.094036e-01
8.700000e-01 4.603424e-01
9.000000e-01 3.989473e-01
9.300000e-01 7.598938e-01
9.600000e-01 4.080924e-01
9.900000e-01 4.269196e-01
1.020000e+00 6.252023e-01
1.050000e+00 1.210380e+00
1.080000e+00 1.822585e+00
1.110000e+00 1.462022e+00
1.140000e+00 6.109138e-01
1.170000e+00 4.259337e-01
1.200000e+00 3.791286e-01
1.230000e+00 3.746341e-01
1.260000e+00 3.855092e-01
1.290000e+00 1.732497e+00
1.320000e+00 7.997989e-01
1.350000e+00 1.792576e+00
1.380000e+00 1.883209e+00
1.410000e+00 1.178327e+00
1.440000e+00 1.807508e+00
1.470000e+00 1.993591e+00
1.500000e+00 1.339090e+00
1.530000e+00 1.031654e+00
1.560000e+00 1.785322e+00
1.590000e+00 1.710326e-01
1.620000e+00 1.194345e-01
1.650000e+00 2.001945e-01
1.680000e+00 1.396205e+00
1.710000e+00 1.982929e+00
1.740000e+00 6.123074e-02
1.770000e+00 3.758336e-02
1.800000e+00 5.504488e-02
1.830000e+00 1.399863e+00
1.860000e+00 6.192044e-03
1.890000e+00 2.393037e-02
1.920000e+00 4.611783e-01
1.950000e+00 1.725654e+00
1.980000e+00 1.105359e+00
2.010000e+00 1.822220e+00
2.040000e+00 1.442195e+00
2.070000e+00 1.822571e+00
2.100000e+00 7.162892e-01
2.130000e+00 1.532586e+00
2.160000e+00 5.999692e-01
2.190000e+00 1.286873e-01
2.220000e+00 9.710219e-02
2.250000e+00 1.458738e-01
2.280000e+00 1.542754e-01
2.310000e+00 2.444413e-01
2.340000e+00 3.802869e-02
2.370000e+00 1.670238e+00
2.400000e+00 2.289410e-01
2.430000e+00 3.463127e-01
2.460000e+00 1.050436e+00
2.490000e+00 2.004296e-01
2.520000e+00 5.951241e-02
2.550000e+00 2.057210e-01
2.580000e+00 1.630550e-01
2.610000e+00 1.021805e-01
2.640000e+00 8.709521e-02
2.670000e+00 1.596722e-01
2.700000e+00 1.777130e-01
2.730000e+00 1.727991e-01
2.760000e+00 6.956615e-01
2.790000e+00 4.711335e-01
2.820000e+00 1.245593e+00
2.850000e+00 2.058039e-01
2.880000e+00 3.040995e-01
2.910000e+00 5.882142e-01
2.940000e+00 9.783017e-01
2.970000e+00 9.524373e-01
