0.000000e+00 3.853627e+00
5.000000e-02 3.702102e+00
1.000000e-01 4.382973e+00
1.500000e-01 6.012555e+00
2.000000e-01 5.704524e+00
2.500000e-01 4.622452e+00
3.000000e-01 5.285797e+00
3.500000e-01 4.513348e+00
4.000000e-01 4.668950e+00
4.500000e-01 3.671282e+00
5.000000e-01 3.322861e+00
5.500000e-01 4.465055e+00
6.000000e-01 4.585544e+00
6.500000e-01 2.833798e+00
7.000000e-01 3.758686e+00
7.500000e-01 3.344037e+00
8.000000e-01 2.359430e+00
8.500000e-01 4.437415e+00
9.000000e-01 2.948487e+00
9.500000e-01 2.379526e+00
