0.000000e+00 3.853627e+00
5.000000e-02 4.433225e+00
1.000000e-01 4.352750e+00
1.500000e-01 4.512655e+00
2.000000e-01 4.331102e+00
2.500000e-01 3.749344e+00
3.000000e-01 3.835907e+00
3.500000e-01 4.572541e+00
4.000000e-01 3.766613e+00
4.500000e-01 3.115013e+00
5.000000e-01 4.468730e+00
5.500000e-01 4.831043e+00
6.000000e-01 4.148518e+00
6.500000e-01 2.471933e+00
7.000000e-01 4.518504e+00
7.500000e-01 4.204161e+00
8.000000e-01 3.044780e+00
8.500000e-01 4.478521e+00
9.000000e-01 4.555743e+00
9.500000e-01 2.912344e+00
