0.000000e+00 3.853627e+00
5.000000e-02 4.152935e+00
1.000000e-01 4.150825e+00
1.500000e-01 4.936281e+00
2.000000e-01 4.869811e+00
2.500000e-01 4.606939e+00
3.000000e-01 3.508121e+00
3.500000e-01 4.059811e+00
4.000000e-01 4.556846e+00
4.500000e-01 2.634363e+00
5.000000e-01 5.313377e+00
5.500000e-01 4.760400e+00
6.000000e-01 5.321580e+00
6.500000e-01 3.651478e+00
7.000000e-01 3.645864e+00
7.500000e-01 3.963813e+00
8.000000e-01 3.687448e+00
8.500000e-01 3.261835e+00
9.000000e-01 4.257277e+00
9.500000e-01 3.017733e+00
