-5.000000e-02 8.555583e-01
-4.990000e-02 7.230634e-01
-4.980000e-02 7.457920e-01
-4.970000e-02 9.263239e-01
-4.960000e-02 1.180589e+00
-4.950000e-02 1.086316e+00
-4.940000e-02 8.426236e-01
-4.930000e-02 6.987428e-01
-4.920000e-02 6.596109e-01
-4.910000e-02 6.994494e-01
-4.900000e-02 7.806915e-01
-4.890000e-02 9.030437e-01
-4.880000e-02 1.078992e+00
-4.870000e-02 1.315799e+00
-4.860000e-02 1.504481e+00
-4.850000e-02 1.476789e+00
-4.840000e-02 1.406037e+00
-4.830000e-02 1.302771e+00
-4.820000e-02 1.179548e+00
-4.810000e-02 1.152584e+00
-4.800000e-02 1.187211e+00
-4.790000e-02 1.201807e+00
-4.780000e-02 1.239010e+00
-4.770000e-02 1.343757e+00
-4.760000e-02 1.380596e+00
-4.750000e-02 1.385801e+00
-4.740000e-02 1.376794e+00
-4.730000e-02 1.082577e+00
-4.720000e-02 1.113529e+00
-4.710000e-02 1.410201e+00
-4.700000e-02 1.351443e+00
-4.690000e-02 1.311152e+00
-4.680000e-02 1.389967e+00
-4.670000e-02 1.457150e+00
-4.660000e-02 1.352596e+00
-4.650000e-02 1.061782e+00
-4.640000e-02 8.830886e-01
-4.630000e-02 8.139007e-01
-4.620000e-02 7.515804e-01
-4.610000e-02 7.575963e-01
-4.600000e-02 8.333965e-01
-4.590000e-02 9.682980e-01
-4.580000e-02 1.168132e+00
-4.570000e-02 1.401464e+00
-4.560000e-02 1.513365e+00
-4.550000e-02 1.471878e+00
-4.540000e-02 1.418394e+00
-4.530000e-02 1.274893e+00
-4.520000e-02 1.135961e+00
-4.510000e-02 1.202430e+00
-4.500000e-02 1.170133e+00
-4.490000e-02 1.067154e+00
-4.480000e-02 1.154319e+00
-4.470000e-02 1.195265e+00
-4.460000e-02 1.204065e+00
-4.450000e-02 1.240279e+00
-4.440000e-02 1.313425e+00
-4.430000e-02 1.428336e+00
-4.420000e-02 1.603744e+00
-4.410000e-02 1.780316e+00
-4.400000e-02 1.725710e+00
-4.390000e-02 1.537493e+00
-4.380000e-02 1.389881e+00
-4.370000e-02 1.323777e+00
-4.360000e-02 1.337376e+00
-4.350000e-02 1.328039e+00
-4.340000e-02 1.256315e+00
-4.330000e-02 1.249017e+00
-4.320000e-02 1.341937e+00
-4.310000e-02 1.469756e+00
-4.300000e-02 1.530000e+00
-4.290000e-02 1.482910e+00
-4.280000e-02 1.394105e+00
-4.270000e-02 1.344153e+00
-4.260000e-02 1.339479e+00
-4.250000e-02 1.334328e+00
-4.240000e-02 1.313344e+00
-4.230000e-02 1.297573e+00
-4.220000e-02 1.207079e+00
-4.210000e-02 1.113712e+00
-4.200000e-02 1.101786e+00
-4.190000e-02 1.035105e+00
-4.180000e-02 9.534746e-01
-4.170000e-02 9.366949e-01
-4.160000e-02 1.072688e+00
-4.150000e-02 1.263240e+00
-4.140000e-02 8.782386e-01
-4.130000e-02 7.819397e-01
-4.120000e-02 9.055875e-01
-4.110000e-02 1.109082e+00
-4.100000e-02 1.140745e+00
-4.090000e-02 1.086985e+00
-4.080000e-02 1.031879e+00
-4.070000e-02 9.528267e-01
-4.060000e-02 8.684641e-01
-4.050000e-02 8.103968e-01
-4.040000e-02 7.991843e-01
-4.030000e-02 8.587313e-01
-4.020000e-02 1.032527e+00
-4.010000e-02 1.287356e+00
-4.000000e-02 1.392157e+00
-3.990000e-02 1.283914e+00
-3.980000e-02 1.077048e+00
-3.970000e-02 8.416884e-01
-3.960000e-02 6.842444e-01
-3.950000e-02 6.148415e-01
-3.940000e-02 6.371335e-01
-3.930000e-02 8.067833e-01
-3.920000e-02 1.000279e+00
-3.910000e-02 1.081937e+00
-3.900000e-02 1.323816e+00
-3.890000e-02 1.185660e+00
-3.880000e-02 9.936986e-01
-3.870000e-02 9.693030e-01
-3.860000e-02 1.027833e+00
-3.850000e-02 1.084042e+00
-3.840000e-02 1.100822e+00
-3.830000e-02 1.190468e+00
-3.820000e-02 1.375889e+00
-3.810000e-02 1.169146e+00
-3.800000e-02 8.392143e-01
-3.790000e-02 7.242107e-01
-3.780000e-02 7.801409e-01
-3.770000e-02 9.233574e-01
-3.760000e-02 9.811591e-01
-3.750000e-02 9.501117e-01
-3.740000e-02 9.165508e-01
-3.730000e-02 8.799089e-01
-3.720000e-02 8.267149e-01
-3.710000e-02 7.941635e-01
-3.700000e-02 8.393039e-01
-3.690000e-02 9.713996e-01
-3.680000e-02 1.144641e+00
-3.670000e-02 1.264431e+00
-3.660000e-02 1.320672e+00
-3.650000e-02 1.431808e+00
-3.640000e-02 1.635752e+00
-3.630000e-02 1.711432e+00
-3.620000e-02 1.518646e+00
-3.610000e-02 1.151424e+00
-3.600000e-02 9.616166e-01
-3.590000e-02 1.121124e+00
-3.580000e-02 1.152680e+00
-3.570000e-02 1.265342e+00
-3.560000e-02 1.335766e+00
-3.550000e-02 1.165351e+00
-3.540000e-02 1.090610e+00
-3.530000e-02 1.105784e+00
-3.520000e-02 1.242594e+00
-3.510000e-02 1.381225e+00
-3.500000e-02 1.403355e+00
-3.490000e-02 1.334079e+00
-3.480000e-02 1.325932e+00
-3.470000e-02 1.403278e+00
-3.460000e-02 1.558982e+00
-3.450000e-02 1.774263e+00
-3.440000e-02 1.757412e+00
-3.430000e-02 1.676880e+00
-3.420000e-02 1.839089e+00
-3.410000e-02 1.878286e+00
-3.400000e-02 1.690820e+00
-3.390000e-02 1.621386e+00
-3.380000e-02 1.697774e+00
-3.370000e-02 1.883288e+00
-3.360000e-02 1.816145e+00
-3.350000e-02 1.369055e+00
-3.340000e-02 1.048711e+00
-3.330000e-02 9.183186e-01
-3.320000e-02 8.917238e-01
-3.310000e-02 9.079540e-01
-3.300000e-02 1.068739e+00
-3.290000e-02 1.364998e+00
-3.280000e-02 1.540577e+00
-3.270000e-02 1.457487e+00
-3.260000e-02 1.158355e+00
-3.250000e-02 1.132474e+00
-3.240000e-02 1.368817e+00
-3.230000e-02 1.633576e+00
-3.220000e-02 1.561070e+00
-3.210000e-02 1.537629e+00
-3.200000e-02 1.585624e+00
-3.190000e-02 1.733980e+00
-3.180000e-02 1.876352e+00
-3.170000e-02 1.807934e+00
-3.160000e-02 1.554322e+00
-3.150000e-02 1.315549e+00
-3.140000e-02 1.162222e+00
-3.130000e-02 1.060110e+00
-3.120000e-02 9.927058e-01
-3.110000e-02 9.995575e-01
-3.100000e-02 1.119738e+00
-3.090000e-02 1.258649e+00
-3.080000e-02 1.238056e+00
-3.070000e-02 1.147649e+00
-3.060000e-02 1.065941e+00
-3.050000e-02 9.714681e-01
-3.040000e-02 8.654161e-01
-3.030000e-02 7.700643e-01
-3.020000e-02 6.912911e-01
-3.010000e-02 6.227409e-01
-3.000000e-02 5.679017e-01
-2.990000e-02 5.288735e-01
-2.980000e-02 4.924305e-01
-2.970000e-02 4.572556e-01
-2.960000e-02 4.272018e-01
-2.950000e-02 4.079116e-01
-2.940000e-02 4.034822e-01
-2.930000e-02 4.119761e-01
-2.920000e-02 4.356316e-01
-2.910000e-02 4.903529e-01
-2.900000e-02 6.053815e-01
-2.890000e-02 8.268017e-01
-2.880000e-02 1.218904e+00
-2.870000e-02 1.666313e+00
-2.860000e-02 1.710605e+00
-2.850000e-02 1.533433e+00
-2.840000e-02 1.324833e+00
-2.830000e-02 1.218298e+00
-2.820000e-02 1.241501e+00
-2.810000e-02 1.274165e+00
-2.800000e-02 1.214074e+00
-2.790000e-02 1.227117e+00
-2.780000e-02 1.495196e+00
-2.770000e-02 1.546578e+00
-2.760000e-02 1.133953e+00
-2.750000e-02 1.040953e+00
-2.740000e-02 1.227982e+00
-2.730000e-02 1.310929e+00
-2.720000e-02 9.873820e-01
-2.710000e-02 7.948873e-01
-2.700000e-02 6.193350e-01
-2.690000e-02 4.772559e-01
-2.680000e-02 4.036298e-01
-2.670000e-02 3.759870e-01
-2.660000e-02 3.765653e-01
-2.650000e-02 3.968781e-01
-2.640000e-02 4.351820e-01
-2.630000e-02 4.977714e-01
-2.620000e-02 5.954433e-01
-2.610000e-02 6.930009e-01
-2.600000e-02 7.332127e-01
-2.590000e-02 7.483134e-01
-2.580000e-02 7.308937e-01
-2.570000e-02 6.936725e-01
-2.560000e-02 6.572497e-01
-2.550000e-02 6.324286e-01
-2.540000e-02 6.368734e-01
-2.530000e-02 6.962637e-01
-2.520000e-02 8.269488e-01
-2.510000e-02 9.826961e-01
-2.500000e-02 1.076808e+00
-2.490000e-02 1.129097e+00
-2.480000e-02 1.212823e+00
-2.470000e-02 1.357120e+00
-2.460000e-02 1.544330e+00
-2.450000e-02 1.735259e+00
-2.440000e-02 1.915404e+00
-2.430000e-02 2.040110e+00
-2.420000e-02 1.953673e+00
-2.410000e-02 1.702464e+00
-2.400000e-02 1.485739e+00
-2.390000e-02 1.373785e+00
-2.380000e-02 1.360911e+00
-2.370000e-02 1.419945e+00
-2.360000e-02 1.510156e+00
-2.350000e-02 1.614777e+00
-2.340000e-02 1.798219e+00
-2.330000e-02 1.735189e+00
-2.320000e-02 1.421192e+00
-2.310000e-02 1.059134e+00
-2.300000e-02 8.006680e-01
-2.290000e-02 7.537867e-01
-2.280000e-02 8.437832e-01
-2.270000e-02 8.819084e-01
-2.260000e-02 7.431403e-01
-2.250000e-02 6.612065e-01
-2.240000e-02 7.299927e-01
-2.230000e-02 1.018442e+00
-2.220000e-02 1.038271e+00
-2.210000e-02 1.136437e+00
-2.200000e-02 1.168413e+00
-2.190000e-02 1.097884e+00
-2.180000e-02 1.077290e+00
-2.170000e-02 1.144200e+00
-2.160000e-02 1.349645e+00
-2.150000e-02 1.609597e+00
-2.140000e-02 1.630720e+00
-2.130000e-02 1.576169e+00
-2.120000e-02 1.667856e+00
-2.110000e-02 1.706376e+00
-2.100000e-02 1.632573e+00
-2.090000e-02 1.568858e+00
-2.080000e-02 1.429638e+00
-2.070000e-02 1.349606e+00
-2.060000e-02 1.367195e+00
-2.050000e-02 1.379886e+00
-2.040000e-02 1.344278e+00
-2.030000e-02 1.338451e+00
-2.020000e-02 1.401111e+00
-2.010000e-02 1.480114e+00
-2.000000e-02 1.490582e+00
-1.990000e-02 1.414284e+00
-1.980000e-02 1.299528e+00
-1.970000e-02 1.209966e+00
-1.960000e-02 1.192528e+00
-1.950000e-02 1.267701e+00
-1.940000e-02 1.431575e+00
-1.930000e-02 1.651589e+00
-1.920000e-02 1.870203e+00
-1.910000e-02 2.002128e+00
-1.900000e-02 1.968109e+00
-1.890000e-02 1.822903e+00
-1.880000e-02 1.700579e+00
-1.870000e-02 1.567331e+00
-1.860000e-02 1.441909e+00
-1.850000e-02 1.410159e+00
-1.840000e-02 1.340605e+00
-1.830000e-02 1.127603e+00
-1.820000e-02 9.253139e-01
-1.810000e-02 7.988502e-01
-1.800000e-02 7.399692e-01
-1.790000e-02 7.922041e-01
-1.780000e-02 1.095379e+00
-1.770000e-02 1.326327e+00
-1.760000e-02 1.148469e+00
-1.750000e-02 1.049008e+00
-1.740000e-02 1.031194e+00
-1.730000e-02 1.034037e+00
-1.720000e-02 1.092138e+00
-1.710000e-02 1.270936e+00
-1.700000e-02 1.384056e+00
-1.690000e-02 1.182352e+00
-1.680000e-02 9.578949e-01
-1.670000e-02 8.150996e-01
-1.660000e-02 7.537320e-01
-1.650000e-02 8.170936e-01
-1.640000e-02 1.077910e+00
-1.630000e-02 1.351791e+00
-1.620000e-02 1.308815e+00
-1.610000e-02 1.303300e+00
-1.600000e-02 1.458597e+00
-1.590000e-02 1.330204e+00
-1.580000e-02 9.406178e-01
-1.570000e-02 6.721371e-01
-1.560000e-02 5.896831e-01
-1.550000e-02 5.747215e-01
-1.540000e-02 6.089881e-01
-1.530000e-02 7.888544e-01
-1.520000e-02 1.185662e+00
-1.510000e-02 1.133285e+00
-1.500000e-02 1.064052e+00
-1.490000e-02 1.107316e+00
-1.480000e-02 1.184191e+00
-1.470000e-02 1.294674e+00
-1.460000e-02 1.340575e+00
-1.450000e-02 1.352448e+00
-1.440000e-02 1.365251e+00
-1.430000e-02 1.357066e+00
-1.420000e-02 1.407597e+00
-1.410000e-02 1.406067e+00
-1.400000e-02 1.342670e+00
-1.390000e-02 1.282929e+00
-1.380000e-02 1.191708e+00
-1.370000e-02 1.082352e+00
-1.360000e-02 1.015885e+00
-1.350000e-02 1.038347e+00
-1.340000e-02 1.207330e+00
-1.330000e-02 1.524879e+00
-1.320000e-02 1.593077e+00
-1.310000e-02 1.379611e+00
-1.300000e-02 1.272890e+00
-1.290000e-02 1.350554e+00
-1.280000e-02 1.294828e+00
-1.270000e-02 1.186369e+00
-1.260000e-02 1.176401e+00
-1.250000e-02 1.196673e+00
-1.240000e-02 9.862249e-01
-1.230000e-02 8.869544e-01
-1.220000e-02 9.339563e-01
-1.210000e-02 1.094759e+00
-1.200000e-02 1.353365e+00
-1.190000e-02 1.258069e+00
-1.180000e-02 1.071630e+00
-1.170000e-02 1.040060e+00
-1.160000e-02 1.025042e+00
-1.150000e-02 1.271157e+00
-1.140000e-02 1.548430e+00
-1.130000e-02 1.485708e+00
-1.120000e-02 1.696207e+00
-1.110000e-02 1.592392e+00
-1.100000e-02 1.393035e+00
-1.090000e-02 1.160789e+00
-1.080000e-02 8.481891e-01
-1.070000e-02 8.187417e-01
-1.060000e-02 8.046525e-01
-1.050000e-02 7.018986e-01
-1.040000e-02 6.170416e-01
-1.030000e-02 6.067252e-01
-1.020000e-02 6.621965e-01
-1.010000e-02 7.570241e-01
-1.000000e-02 8.624058e-01
-9.900000e-03 9.552919e-01
-9.800000e-03 1.012709e+00
-9.700000e-03 1.036988e+00
-9.600000e-03 1.084713e+00
-9.500000e-03 1.153412e+00
-9.400000e-03 1.299023e+00
-9.300000e-03 1.410809e+00
-9.200000e-03 1.283853e+00
-9.100000e-03 1.170845e+00
-9.000000e-03 1.211781e+00
-8.900000e-03 1.447051e+00
-8.800000e-03 1.789068e+00
-8.700000e-03 1.698005e+00
-8.600000e-03 1.477340e+00
-8.500000e-03 1.423378e+00
-8.400000e-03 1.497262e+00
-8.300000e-03 1.630649e+00
-8.200000e-03 1.648181e+00
-8.100000e-03 1.418773e+00
-8.000000e-03 1.149625e+00
-7.900000e-03 9.581573e-01
-7.800000e-03 8.195285e-01
-7.700000e-03 7.173396e-01
-7.600000e-03 6.490457e-01
-7.500000e-03 6.092589e-01
-7.400000e-03 5.853388e-01
-7.300000e-03 5.791978e-01
-7.200000e-03 6.306216e-01
-7.100000e-03 7.854303e-01
-7.000000e-03 9.991731e-01
-6.900000e-03 1.161184e+00
-6.800000e-03 1.386018e+00
-6.700000e-03 1.264903e+00
-6.600000e-03 1.050243e+00
-6.500000e-03 1.140804e+00
-6.400000e-03 1.355554e+00
-6.300000e-03 1.206399e+00
-6.200000e-03 1.003185e+00
-6.100000e-03 9.869357e-01
-6.000000e-03 1.094460e+00
-5.900000e-03 1.252644e+00
-5.800000e-03 9.435365e-01
-5.700000e-03 8.325868e-01
-5.600000e-03 1.044738e+00
-5.500000e-03 1.182902e+00
-5.400000e-03 1.114433e+00
-5.300000e-03 1.232607e+00
-5.200000e-03 1.323175e+00
-5.100000e-03 1.264241e+00
-5.000000e-03 1.407986e+00
-4.900000e-03 1.440041e+00
-4.800000e-03 1.345406e+00
-4.700000e-03 1.295714e+00
-4.600000e-03 1.195524e+00
-4.500000e-03 1.020561e+00
-4.400000e-03 9.003681e-01
-4.300000e-03 9.769855e-01
-4.200000e-03 1.163751e+00
-4.100000e-03 1.133821e+00
-4.000000e-03 1.010937e+00
-3.900000e-03 1.019649e+00
-3.800000e-03 1.209944e+00
-3.700000e-03 1.205222e+00
-3.600000e-03 1.081361e+00
-3.500000e-03 1.140309e+00
-3.400000e-03 1.185438e+00
-3.300000e-03 1.160430e+00
-3.200000e-03 1.144711e+00
-3.100000e-03 1.095445e+00
-3.000000e-03 1.038458e+00
-2.900000e-03 1.004372e+00
-2.800000e-03 9.849838e-01
-2.700000e-03 9.779751e-01
-2.600000e-03 1.032739e+00
-2.500000e-03 1.222812e+00
-2.400000e-03 1.439953e+00
-2.300000e-03 1.372555e+00
-2.200000e-03 1.316810e+00
-2.100000e-03 1.495391e+00
-2.000000e-03 1.272852e+00
-1.900000e-03 1.165818e+00
-1.800000e-03 1.166119e+00
-1.700000e-03 1.141376e+00
-1.600000e-03 1.113115e+00
-1.500000e-03 1.147808e+00
-1.400000e-03 1.253926e+00
-1.300000e-03 1.360485e+00
-1.200000e-03 1.454238e+00
-1.100000e-03 1.644565e+00
-1.000000e-03 1.987282e+00
-9.000000e-04 1.953278e+00
-8.000000e-04 1.712921e+00
-7.000000e-04 1.589335e+00
-6.000000e-04 1.502314e+00
-5.000000e-04 1.382471e+00
-4.000000e-04 1.187873e+00
-3.000000e-04 1.046011e+00
-2.000000e-04 9.448211e-01
-1.000000e-04 8.722345e-01
1.429412e-15 8.520883e-01
1.000000e-04 9.192801e-01
2.000000e-04 1.117818e+00
3.000000e-04 1.454241e+00
4.000000e-04 1.761031e+00
5.000000e-04 1.917510e+00
6.000000e-04 2.120264e+00
7.000000e-04 1.861306e+00
8.000000e-04 1.596855e+00
9.000000e-04 1.543490e+00
1.000000e-03 1.308272e+00
1.100000e-03 1.156958e+00
1.200000e-03 1.220718e+00
1.300000e-03 1.316389e+00
1.400000e-03 1.310339e+00
1.500000e-03 1.230811e+00
1.600000e-03 1.202055e+00
1.700000e-03 1.287691e+00
1.800000e-03 1.476087e+00
1.900000e-03 1.608410e+00
2.000000e-03 1.174968e+00
2.100000e-03 1.271191e+00
2.200000e-03 1.355712e+00
2.300000e-03 1.245181e+00
2.400000e-03 9.527195e-01
2.500000e-03 7.664908e-01
2.600000e-03 7.206002e-01
2.700000e-03 7.414918e-01
2.800000e-03 8.254158e-01
2.900000e-03 1.002563e+00
3.000000e-03 1.194585e+00
3.100000e-03 1.226846e+00
3.200000e-03 1.325245e+00
3.300000e-03 1.525518e+00
3.400000e-03 1.648368e+00
3.500000e-03 1.633919e+00
3.600000e-03 1.566812e+00
3.700000e-03 1.430665e+00
3.800000e-03 1.145941e+00
3.900000e-03 1.226556e+00
4.000000e-03 1.082603e+00
4.100000e-03 1.167686e+00
4.200000e-03 1.279013e+00
4.300000e-03 1.146766e+00
4.400000e-03 8.578111e-01
4.500000e-03 5.775377e-01
4.600000e-03 5.401991e-01
4.700000e-03 6.661117e-01
4.800000e-03 9.480694e-01
4.900000e-03 1.113901e+00
5.000000e-03 9.095789e-01
5.100000e-03 7.674478e-01
5.200000e-03 8.133173e-01
5.300000e-03 1.137796e+00
5.400000e-03 1.863598e+00
5.500000e-03 2.002806e+00
5.600000e-03 1.424753e+00
5.700000e-03 1.140705e+00
5.800000e-03 1.016133e+00
5.900000e-03 8.718233e-01
6.000000e-03 8.103130e-01
6.100000e-03 9.462105e-01
6.200000e-03 1.232013e+00
6.300000e-03 1.268195e+00
6.400000e-03 1.176949e+00
6.500000e-03 1.128677e+00
6.600000e-03 1.043206e+00
6.700000e-03 8.307685e-01
6.800000e-03 6.509005e-01
6.900000e-03 6.131996e-01
7.000000e-03 6.982131e-01
7.100000e-03 8.080327e-01
7.200000e-03 1.002074e+00
7.300000e-03 1.073443e+00
7.400000e-03 9.031619e-01
7.500000e-03 8.442961e-01
7.600000e-03 8.448822e-01
7.700000e-03 8.022252e-01
7.800000e-03 7.738191e-01
7.900000e-03 8.557602e-01
8.000000e-03 1.006308e+00
8.100000e-03 9.810644e-01
8.200000e-03 8.203001e-01
8.300000e-03 6.964907e-01
8.400000e-03 6.522563e-01
8.500000e-03 7.320209e-01
8.600000e-03 9.311408e-01
8.700000e-03 7.837784e-01
8.800000e-03 7.256090e-01
8.900000e-03 8.089578e-01
9.000000e-03 8.613431e-01
9.100000e-03 8.613414e-01
9.200000e-03 1.039205e+00
9.300000e-03 1.326536e+00
9.400000e-03 1.203526e+00
9.500000e-03 1.188931e+00
9.600000e-03 1.451553e+00
9.700000e-03 1.652648e+00
9.800000e-03 1.455325e+00
9.900000e-03 1.204221e+00
1.000000e-02 1.056642e+00
1.010000e-02 1.003796e+00
1.020000e-02 1.031021e+00
1.030000e-02 1.109069e+00
1.040000e-02 1.168019e+00
1.050000e-02 1.160592e+00
1.060000e-02 1.098199e+00
1.070000e-02 1.020336e+00
1.080000e-02 9.710826e-01
1.090000e-02 9.538440e-01
1.100000e-02 8.959573e-01
1.110000e-02 8.363129e-01
1.120000e-02 9.013123e-01
1.130000e-02 1.019675e+00
1.140000e-02 1.127970e+00
1.150000e-02 1.285855e+00
1.160000e-02 1.384580e+00
1.170000e-02 1.350072e+00
1.180000e-02 1.385264e+00
1.190000e-02 1.472631e+00
1.200000e-02 1.479059e+00
1.210000e-02 1.515451e+00
1.220000e-02 1.638752e+00
1.230000e-02 1.510544e+00
1.240000e-02 1.559150e+00
1.250000e-02 1.620373e+00
1.260000e-02 1.567576e+00
1.270000e-02 1.451412e+00
1.280000e-02 1.429307e+00
1.290000e-02 1.229887e+00
1.300000e-02 1.157737e+00
1.310000e-02 1.479963e+00
1.320000e-02 1.778775e+00
1.330000e-02 1.263743e+00
1.340000e-02 8.862245e-01
1.350000e-02 8.591840e-01
1.360000e-02 1.030504e+00
1.370000e-02 1.446091e+00
1.380000e-02 1.452278e+00
1.390000e-02 1.153672e+00
1.400000e-02 1.094912e+00
1.410000e-02 1.113380e+00
1.420000e-02 1.111445e+00
1.430000e-02 1.069871e+00
1.440000e-02 1.017227e+00
1.450000e-02 9.744551e-01
1.460000e-02 9.793196e-01
1.470000e-02 1.052980e+00
1.480000e-02 1.112942e+00
1.490000e-02 1.229175e+00
1.500000e-02 1.399868e+00
1.510000e-02 1.101119e+00
1.520000e-02 1.119711e+00
1.530000e-02 1.243922e+00
1.540000e-02 1.325916e+00
1.550000e-02 1.517340e+00
1.560000e-02 1.419574e+00
1.570000e-02 1.085443e+00
1.580000e-02 9.705914e-01
1.590000e-02 1.102555e+00
1.600000e-02 1.298786e+00
1.610000e-02 1.370096e+00
1.620000e-02 9.505173e-01
1.630000e-02 5.571107e-01
1.640000e-02 4.523080e-01
1.650000e-02 5.765665e-01
1.660000e-02 1.027471e+00
1.670000e-02 1.188963e+00
1.680000e-02 8.760129e-01
1.690000e-02 6.318719e-01
1.700000e-02 5.128519e-01
1.710000e-02 4.718441e-01
1.720000e-02 4.738689e-01
1.730000e-02 5.193980e-01
1.740000e-02 6.301002e-01
1.750000e-02 8.330819e-01
1.760000e-02 1.117443e+00
1.770000e-02 1.386735e+00
1.780000e-02 1.579294e+00
1.790000e-02 1.714164e+00
1.800000e-02 1.680223e+00
1.810000e-02 1.149081e+00
1.820000e-02 8.756901e-01
1.830000e-02 8.296634e-01
1.840000e-02 8.490926e-01
1.850000e-02 9.201142e-01
1.860000e-02 1.067748e+00
1.870000e-02 1.224118e+00
1.880000e-02 1.354784e+00
1.890000e-02 1.422374e+00
1.900000e-02 1.373188e+00
1.910000e-02 1.222003e+00
1.920000e-02 9.778903e-01
1.930000e-02 8.110554e-01
1.940000e-02 7.311409e-01
1.950000e-02 7.454452e-01
1.960000e-02 7.669477e-01
1.970000e-02 6.074262e-01
1.980000e-02 5.012387e-01
1.990000e-02 4.820921e-01
2.000000e-02 5.031883e-01
2.010000e-02 5.351515e-01
2.020000e-02 5.450351e-01
2.030000e-02 5.206059e-01
2.040000e-02 5.467959e-01
2.050000e-02 8.293755e-01
2.060000e-02 1.362439e+00
2.070000e-02 1.163073e+00
2.080000e-02 9.633496e-01
2.090000e-02 9.375671e-01
2.100000e-02 1.141885e+00
2.110000e-02 1.825106e+00
2.120000e-02 1.503187e+00
2.130000e-02 1.224604e+00
2.140000e-02 1.251553e+00
2.150000e-02 1.386271e+00
2.160000e-02 1.265802e+00
2.170000e-02 1.103684e+00
2.180000e-02 1.017948e+00
2.190000e-02 1.091382e+00
2.200000e-02 1.219840e+00
2.210000e-02 1.367875e+00
2.220000e-02 1.454972e+00
2.230000e-02 1.362099e+00
2.240000e-02 1.195289e+00
2.250000e-02 1.027425e+00
2.260000e-02 9.031895e-01
2.270000e-02 9.331231e-01
2.280000e-02 1.272869e+00
2.290000e-02 1.567089e+00
2.300000e-02 1.480863e+00
2.310000e-02 1.421712e+00
2.320000e-02 1.328301e+00
2.330000e-02 1.308901e+00
2.340000e-02 1.330610e+00
2.350000e-02 1.313023e+00
2.360000e-02 1.205316e+00
2.370000e-02 1.066394e+00
2.380000e-02 9.321963e-01
2.390000e-02 8.399526e-01
2.400000e-02 8.741812e-01
2.410000e-02 1.254691e+00
2.420000e-02 1.293298e+00
2.430000e-02 1.225227e+00
2.440000e-02 1.090407e+00
2.450000e-02 8.565358e-01
2.460000e-02 8.236380e-01
2.470000e-02 1.013724e+00
2.480000e-02 1.251073e+00
2.490000e-02 1.344145e+00
2.500000e-02 1.332105e+00
2.510000e-02 1.298295e+00
2.520000e-02 1.212192e+00
2.530000e-02 1.160331e+00
2.540000e-02 1.227246e+00
2.550000e-02 1.391765e+00
2.560000e-02 1.553606e+00
2.570000e-02 1.589852e+00
2.580000e-02 1.519936e+00
2.590000e-02 1.493470e+00
2.600000e-02 1.525232e+00
2.610000e-02 1.354802e+00
2.620000e-02 1.115256e+00
2.630000e-02 1.096442e+00
2.640000e-02 1.079243e+00
2.650000e-02 8.255276e-01
2.660000e-02 5.965783e-01
2.670000e-02 5.312278e-01
2.680000e-02 6.518705e-01
2.690000e-02 8.020298e-01
2.700000e-02 7.380787e-01
2.710000e-02 8.229943e-01
2.720000e-02 9.472516e-01
2.730000e-02 9.396147e-01
2.740000e-02 8.126554e-01
2.750000e-02 6.690075e-01
2.760000e-02 5.998161e-01
2.770000e-02 6.306370e-01
2.780000e-02 7.671814e-01
2.790000e-02 9.764830e-01
2.800000e-02 1.125969e+00
2.810000e-02 1.097724e+00
2.820000e-02 8.893270e-01
2.830000e-02 7.447566e-01
2.840000e-02 8.086975e-01
2.850000e-02 1.002732e+00
2.860000e-02 1.326471e+00
2.870000e-02 1.803874e+00
2.880000e-02 1.556412e+00
2.890000e-02 1.266101e+00
2.900000e-02 1.168907e+00
2.910000e-02 1.171131e+00
2.920000e-02 1.188673e+00
2.930000e-02 1.177482e+00
2.940000e-02 1.055060e+00
2.950000e-02 8.969813e-01
2.960000e-02 8.229868e-01
2.970000e-02 8.438696e-01
2.980000e-02 9.628706e-01
2.990000e-02 1.202664e+00
3.000000e-02 1.528705e+00
3.010000e-02 1.609209e+00
3.020000e-02 1.345693e+00
3.030000e-02 1.003043e+00
3.040000e-02 6.848827e-01
3.050000e-02 4.948061e-01
3.060000e-02 4.047814e-01
3.070000e-02 3.735841e-01
3.080000e-02 3.822990e-01
3.090000e-02 4.277691e-01
3.100000e-02 5.208925e-01
3.110000e-02 6.907234e-01
3.120000e-02 9.785700e-01
3.130000e-02 1.381496e+00
3.140000e-02 1.706971e+00
3.150000e-02 1.661447e+00
3.160000e-02 1.456145e+00
3.170000e-02 1.354269e+00
3.180000e-02 1.373419e+00
3.190000e-02 1.464228e+00
3.200000e-02 1.585049e+00
3.210000e-02 1.633880e+00
3.220000e-02 1.545648e+00
3.230000e-02 1.489467e+00
3.240000e-02 1.558533e+00
3.250000e-02 1.701850e+00
3.260000e-02 1.721867e+00
3.270000e-02 1.588837e+00
3.280000e-02 1.477320e+00
3.290000e-02 1.342745e+00
3.300000e-02 1.109857e+00
3.310000e-02 8.548574e-01
3.320000e-02 7.120616e-01
3.330000e-02 7.179353e-01
3.340000e-02 8.796242e-01
3.350000e-02 1.186587e+00
3.360000e-02 1.389837e+00
3.370000e-02 1.277303e+00
3.380000e-02 1.277657e+00
3.390000e-02 1.242204e+00
3.400000e-02 1.107016e+00
3.410000e-02 1.372065e+00
3.420000e-02 8.939119e-01
3.430000e-02 6.609358e-01
3.440000e-02 5.779455e-01
3.450000e-02 4.748269e-01
3.460000e-02 4.233662e-01
3.470000e-02 4.413967e-01
3.480000e-02 5.294298e-01
3.490000e-02 7.325824e-01
3.500000e-02 9.705692e-01
3.510000e-02 1.209041e+00
3.520000e-02 1.136107e+00
3.530000e-02 1.080763e+00
3.540000e-02 1.034714e+00
3.550000e-02 9.835793e-01
3.560000e-02 9.379647e-01
3.570000e-02 9.154651e-01
3.580000e-02 9.699318e-01
3.590000e-02 1.251502e+00
3.600000e-02 1.613751e+00
3.610000e-02 1.539734e+00
3.620000e-02 1.323960e+00
3.630000e-02 1.160697e+00
3.640000e-02 1.072167e+00
3.650000e-02 1.042552e+00
3.660000e-02 1.041844e+00
3.670000e-02 9.984243e-01
3.680000e-02 8.349524e-01
3.690000e-02 6.975512e-01
3.700000e-02 7.077981e-01
3.710000e-02 8.143345e-01
3.720000e-02 9.897541e-01
3.730000e-02 1.100477e+00
3.740000e-02 1.171762e+00
3.750000e-02 1.273679e+00
3.760000e-02 9.857663e-01
3.770000e-02 9.562932e-01
3.780000e-02 1.085386e+00
3.790000e-02 1.114062e+00
3.800000e-02 1.063816e+00
3.810000e-02 6.553886e-01
3.820000e-02 4.809483e-01
3.830000e-02 4.574545e-01
3.840000e-02 4.735616e-01
3.850000e-02 4.810544e-01
3.860000e-02 4.777641e-01
3.870000e-02 4.861326e-01
3.880000e-02 5.211763e-01
3.890000e-02 5.925346e-01
3.900000e-02 7.155152e-01
3.910000e-02 9.250237e-01
3.920000e-02 1.253240e+00
3.930000e-02 1.420629e+00
3.940000e-02 1.557590e+00
3.950000e-02 1.779962e+00
3.960000e-02 1.622475e+00
3.970000e-02 1.492298e+00
3.980000e-02 1.441906e+00
3.990000e-02 1.412546e+00
4.000000e-02 1.446880e+00
4.010000e-02 1.585115e+00
4.020000e-02 1.596801e+00
4.030000e-02 1.393499e+00
4.040000e-02 1.257563e+00
4.050000e-02 1.311435e+00
4.060000e-02 1.465699e+00
4.070000e-02 1.547425e+00
4.080000e-02 1.454648e+00
4.090000e-02 1.290263e+00
4.100000e-02 1.090129e+00
4.110000e-02 8.695235e-01
4.120000e-02 7.321274e-01
4.130000e-02 6.993000e-01
4.140000e-02 7.527271e-01
4.150000e-02 8.994032e-01
4.160000e-02 1.175416e+00
4.170000e-02 1.578754e+00
4.180000e-02 1.827655e+00
4.190000e-02 1.673933e+00
4.200000e-02 1.445799e+00
4.210000e-02 1.285957e+00
4.220000e-02 1.229973e+00
4.230000e-02 1.297612e+00
4.240000e-02 1.371328e+00
4.250000e-02 1.341544e+00
4.260000e-02 1.316181e+00
4.270000e-02 1.273342e+00
4.280000e-02 1.095584e+00
4.290000e-02 9.644826e-01
4.300000e-02 1.083367e+00
4.310000e-02 1.449352e+00
4.320000e-02 1.260699e+00
4.330000e-02 1.238962e+00
4.340000e-02 1.019640e+00
4.350000e-02 8.319223e-01
4.360000e-02 8.724878e-01
4.370000e-02 9.844161e-01
4.380000e-02 1.038463e+00
4.390000e-02 8.932578e-01
4.400000e-02 7.988873e-01
4.410000e-02 8.591069e-01
4.420000e-02 9.445219e-01
4.430000e-02 1.130653e+00
4.440000e-02 1.210691e+00
4.450000e-02 9.625996e-01
4.460000e-02 7.491511e-01
4.470000e-02 7.172643e-01
4.480000e-02 8.349328e-01
4.490000e-02 1.092231e+00
4.500000e-02 1.248291e+00
4.510000e-02 1.271852e+00
4.520000e-02 1.190814e+00
4.530000e-02 1.071956e+00
4.540000e-02 1.147255e+00
4.550000e-02 1.288981e+00
4.560000e-02 1.169996e+00
4.570000e-02 1.099937e+00
4.580000e-02 1.241938e+00
4.590000e-02 1.437473e+00
4.600000e-02 1.635724e+00
4.610000e-02 1.735052e+00
4.620000e-02 1.674417e+00
4.630000e-02 1.524714e+00
4.640000e-02 1.371242e+00
4.650000e-02 1.298518e+00
4.660000e-02 1.295104e+00
4.670000e-02 1.299090e+00
4.680000e-02 1.416347e+00
4.690000e-02 1.242909e+00
4.700000e-02 1.119690e+00
4.710000e-02 1.088958e+00
4.720000e-02 9.672171e-01
4.730000e-02 8.220193e-01
4.740000e-02 7.983443e-01
4.750000e-02 8.930940e-01
4.760000e-02 1.096955e+00
4.770000e-02 1.362099e+00
4.780000e-02 1.394594e+00
4.790000e-02 1.285311e+00
4.800000e-02 1.219313e+00
4.810000e-02 1.270943e+00
4.820000e-02 1.419336e+00
4.830000e-02 1.554546e+00
4.840000e-02 1.792076e+00
4.850000e-02 1.313789e+00
4.860000e-02 8.056672e-01
4.870000e-02 6.588763e-01
4.880000e-02 7.026345e-01
4.890000e-02 8.774742e-01
4.900000e-02 1.078706e+00
4.910000e-02 1.197947e+00
4.920000e-02 1.303747e+00
4.930000e-02 1.132067e+00
4.940000e-02 1.052578e+00
4.950000e-02 1.270421e+00
4.960000e-02 1.435440e+00
4.970000e-02 1.409905e+00
4.980000e-02 1.499345e+00
4.990000e-02 1.555627e+00
