-5.000000e-02 3.540122e+00
-4.990000e-02 3.579562e+00
-4.980000e-02 3.614461e+00
-4.970000e-02 3.644824e+00
-4.960000e-02 3.670767e+00
-4.950000e-02 3.692508e+00
-4.940000e-02 3.710352e+00
-4.930000e-02 3.724683e+00
-4.920000e-02 3.735954e+00
-4.910000e-02 3.744667e+00
-4.900000e-02 3.751367e+00
-4.890000e-02 3.756624e+00
-4.880000e-02 3.761019e+00
-4.870000e-02 3.765133e+00
-4.860000e-02 3.769533e+00
-4.850000e-02 3.774759e+00
-4.840000e-02 3.781315e+00
-4.830000e-02 3.789659e+00
-4.820000e-02 3.800197e+00
-4.810000e-02 3.813280e+00
-4.800000e-02 3.829198e+00
-4.790000e-02 3.848185e+00
-4.780000e-02 3.870414e+00
-4.770000e-02 3.896007e+00
-4.760000e-02 3.925034e+00
-4.750000e-02 3.957523e+00
-4.740000e-02 3.993462e+00
-4.730000e-02 4.032802e+00
-4.720000e-02 4.075467e+00
-4.710000e-02 4.121350e+00
-4.700000e-02 4.170317e+00
-4.690000e-02 4.222208e+00
-4.680000e-02 4.276833e+00
-4.670000e-02 4.333976e+00
-4.660000e-02 4.393390e+00
-4.650000e-02 4.454802e+00
-4.640000e-02 4.517917e+00
-4.630000e-02 4.582423e+00
-4.620000e-02 4.648002e+00
-4.610000e-02 4.714332e+00
-4.600000e-02 4.781104e+00
-4.590000e-02 4.848019e+00
-4.580000e-02 4.914795e+00
-4.570000e-02 4.981158e+00
-4.560000e-02 5.046836e+00
-4.550000e-02 5.111540e+00
-4.540000e-02 5.174949e+00
-4.530000e-02 5.236693e+00
-4.520000e-02 5.296339e+00
-4.510000e-02 5.353380e+00
-4.500000e-02 5.407242e+00
-4.490000e-02 5.457291e+00
-4.480000e-02 5.502853e+00
-4.470000e-02 5.543248e+00
-4.460000e-02 5.577820e+00
-4.450000e-02 5.605978e+00
-4.440000e-02 5.627225e+00
-4.430000e-02 5.641195e+00
-4.420000e-02 5.647664e+00
-4.410000e-02 5.646568e+00
-4.400000e-02 5.637999e+00
-4.390000e-02 5.622202e+00
-4.380000e-02 5.599556e+00
-4.370000e-02 5.570556e+00
-4.360000e-02 5.535793e+00
-4.350000e-02 5.495922e+00
-4.340000e-02 5.451641e+00
-4.330000e-02 5.403663e+00
-4.320000e-02 5.352695e+00
-4.310000e-02 5.299414e+00
-4.300000e-02 5.244451e+00
-4.290000e-02 5.188380e+00
-4.280000e-02 5.131709e+00
-4.270000e-02 5.074881e+00
-4.260000e-02 5.018271e+00
-4.250000e-02 4.962191e+00
-4.240000e-02 4.906902e+00
-4.230000e-02 4.852616e+00
-4.220000e-02 4.799506e+00
-4.210000e-02 4.747716e+00
-4.200000e-02 4.697365e+00
-4.190000e-02 4.648552e+00
-4.180000e-02 4.601365e+00
-4.170000e-02 4.555880e+00
-4.160000e-02 4.512162e+00
-4.150000e-02 4.470272e+00
-4.140000e-02 4.430261e+00
-4.130000e-02 4.392175e+00
-4.120000e-02 4.356051e+00
-4.110000e-02 4.321919e+00
-4.100000e-02 4.289800e+00
-4.090000e-02 4.259705e+00
-4.080000e-02 4.231637e+00
-4.070000e-02 4.205588e+00
-4.060000e-02 4.181540e+00
-4.050000e-02 4.159466e+00
-4.040000e-02 4.139327e+00
-4.030000e-02 4.121075e+00
-4.020000e-02 4.104652e+00
-4.010000e-02 4.089989e+00
-4.000000e-02 4.077008e+00
-3.990000e-02 4.065625e+00
-3.980000e-02 4.055743e+00
-3.970000e-02 4.047261e+00
-3.960000e-02 4.040069e+00
-3.950000e-02 4.034052e+00
-3.940000e-02 4.029089e+00
-3.930000e-02 4.025058e+00
-3.920000e-02 4.021831e+00
-3.910000e-02 4.019282e+00
-3.900000e-02 4.017286e+00
-3.890000e-02 4.015719e+00
-3.880000e-02 4.014460e+00
-3.870000e-02 4.013390e+00
-3.860000e-02 4.012383e+00
-3.850000e-02 4.011260e+00
-3.840000e-02 4.010351e+00
-3.830000e-02 4.010576e+00
-3.820000e-02 4.010362e+00
-3.810000e-02 4.009915e+00
-3.800000e-02 4.009302e+00
-3.790000e-02 4.008584e+00
-3.780000e-02 4.007827e+00
-3.770000e-02 4.007119e+00
-3.760000e-02 4.006561e+00
-3.750000e-02 4.006276e+00
-3.740000e-02 4.006405e+00
-3.730000e-02 4.007107e+00
-3.720000e-02 4.008561e+00
-3.710000e-02 4.010964e+00
-3.700000e-02 4.014530e+00
-3.690000e-02 4.019489e+00
-3.680000e-02 4.026085e+00
-3.670000e-02 4.034571e+00
-3.660000e-02 4.045210e+00
-3.650000e-02 4.058265e+00
-3.640000e-02 4.074001e+00
-3.630000e-02 4.092689e+00
-3.620000e-02 4.114612e+00
-3.610000e-02 4.140100e+00
-3.600000e-02 4.169583e+00
-3.590000e-02 4.203672e+00
-3.580000e-02 4.243269e+00
-3.570000e-02 4.289678e+00
-3.560000e-02 4.344679e+00
-3.550000e-02 4.410489e+00
-3.540000e-02 4.489521e+00
-3.530000e-02 4.583762e+00
-3.520000e-02 4.693608e+00
-3.510000e-02 4.815988e+00
-3.500000e-02 4.942053e+00
-3.490000e-02 5.055774e+00
-3.480000e-02 5.136083e+00
-3.470000e-02 5.164415e+00
-3.460000e-02 5.134382e+00
-3.450000e-02 5.055608e+00
-3.440000e-02 4.947958e+00
-3.430000e-02 4.831748e+00
-3.420000e-02 4.721399e+00
-3.410000e-02 4.624306e+00
-3.400000e-02 4.542569e+00
-3.390000e-02 4.475183e+00
-3.380000e-02 4.419664e+00
-3.370000e-02 4.373027e+00
-3.360000e-02 4.332302e+00
-3.350000e-02 4.294812e+00
-3.340000e-02 4.258320e+00
-3.330000e-02 4.221134e+00
-3.320000e-02 4.182172e+00
-3.310000e-02 4.140979e+00
-3.300000e-02 4.097697e+00
-3.290000e-02 4.052972e+00
-3.280000e-02 4.007808e+00
-3.270000e-02 3.963392e+00
-3.260000e-02 3.920930e+00
-3.250000e-02 3.881498e+00
-3.240000e-02 3.845946e+00
-3.230000e-02 3.814853e+00
-3.220000e-02 3.788515e+00
-3.210000e-02 3.766975e+00
-3.200000e-02 3.750063e+00
-3.190000e-02 3.737442e+00
-3.180000e-02 3.728661e+00
-3.170000e-02 3.723194e+00
-3.160000e-02 3.720479e+00
-3.150000e-02 3.719944e+00
-3.140000e-02 3.721034e+00
-3.130000e-02 3.723223e+00
-3.120000e-02 3.726029e+00
-3.110000e-02 3.729022e+00
-3.100000e-02 3.731827e+00
-3.090000e-02 3.734127e+00
-3.080000e-02 3.735661e+00
-3.070000e-02 3.736226e+00
-3.060000e-02 3.735666e+00
-3.050000e-02 3.733873e+00
-3.040000e-02 3.730780e+00
-3.030000e-02 3.726351e+00
-3.020000e-02 3.720580e+00
-3.010000e-02 3.713483e+00
-3.000000e-02 3.705092e+00
-2.990000e-02 3.695452e+00
-2.980000e-02 3.684614e+00
-2.970000e-02 3.672634e+00
-2.960000e-02 3.659569e+00
-2.950000e-02 3.645477e+00
-2.940000e-02 3.630411e+00
-2.930000e-02 3.614424e+00
-2.920000e-02 3.597561e+00
-2.910000e-02 3.579867e+00
-2.900000e-02 3.561379e+00
-2.890000e-02 3.542133e+00
-2.880000e-02 3.522159e+00
-2.870000e-02 3.501485e+00
-2.860000e-02 3.480138e+00
-2.850000e-02 3.458141e+00
-2.840000e-02 3.435518e+00
-2.830000e-02 3.412290e+00
-2.820000e-02 3.388482e+00
-2.810000e-02 3.364117e+00
-2.800000e-02 3.339225e+00
-2.790000e-02 3.313834e+00
-2.780000e-02 3.287979e+00
-2.770000e-02 3.261701e+00
-2.760000e-02 3.235044e+00
-2.750000e-02 3.208062e+00
-2.740000e-02 3.180816e+00
-2.730000e-02 3.153378e+00
-2.720000e-02 3.125826e+00
-2.710000e-02 3.098255e+00
-2.700000e-02 3.070769e+00
-2.690000e-02 3.043487e+00
-2.680000e-02 3.016541e+00
-2.670000e-02 2.990078e+00
-2.660000e-02 2.964259e+00
-2.650000e-02 2.939260e+00
-2.640000e-02 2.915270e+00
-2.630000e-02 2.892489e+00
-2.620000e-02 2.871124e+00
-2.610000e-02 2.851389e+00
-2.600000e-02 2.833499e+00
-2.590000e-02 2.817663e+00
-2.580000e-02 2.804082e+00
-2.570000e-02 2.792939e+00
-2.560000e-02 2.784396e+00
-2.550000e-02 2.778587e+00
-2.540000e-02 2.775611e+00
-2.530000e-02 2.775532e+00
-2.520000e-02 2.778375e+00
-2.510000e-02 2.784125e+00
-2.500000e-02 2.792730e+00
-2.490000e-02 2.804105e+00
-2.480000e-02 2.818137e+00
-2.470000e-02 2.834689e+00
-2.460000e-02 2.853612e+00
-2.450000e-02 2.874746e+00
-2.440000e-02 2.897934e+00
-2.430000e-02 2.923020e+00
-2.420000e-02 2.949863e+00
-2.410000e-02 2.978330e+00
-2.400000e-02 3.008306e+00
-2.390000e-02 3.039691e+00
-2.380000e-02 3.072399e+00
-2.370000e-02 3.106358e+00
-2.360000e-02 3.141506e+00
-2.350000e-02 3.177786e+00
-2.340000e-02 3.215146e+00
-2.330000e-02 3.253533e+00
-2.320000e-02 3.292889e+00
-2.310000e-02 3.333151e+00
-2.300000e-02 3.374246e+00
-2.290000e-02 3.416090e+00
-2.280000e-02 3.458590e+00
-2.270000e-02 3.501645e+00
-2.260000e-02 3.545147e+00
-2.250000e-02 3.588989e+00
-2.240000e-02 3.633066e+00
-2.230000e-02 3.677286e+00
-2.220000e-02 3.721570e+00
-2.210000e-02 3.765862e+00
-2.200000e-02 3.810124e+00
-2.190000e-02 3.854330e+00
-2.180000e-02 3.898453e+00
-2.170000e-02 3.942430e+00
-2.160000e-02 3.986110e+00
-2.150000e-02 4.029178e+00
-2.140000e-02 4.071051e+00
-2.130000e-02 4.110741e+00
-2.120000e-02 4.146719e+00
-2.110000e-02 4.176817e+00
-2.100000e-02 4.198246e+00
-2.090000e-02 4.207839e+00
-2.080000e-02 4.202576e+00
-2.070000e-02 4.180345e+00
-2.060000e-02 4.140675e+00
-2.050000e-02 4.085091e+00
-2.040000e-02 4.016835e+00
-2.030000e-02 3.940053e+00
-2.020000e-02 3.858832e+00
-2.010000e-02 3.776479e+00
-2.000000e-02 3.695223e+00
-1.990000e-02 3.616275e+00
-1.980000e-02 3.540076e+00
-1.970000e-02 3.466589e+00
-1.960000e-02 3.395545e+00
-1.950000e-02 3.326621e+00
-1.940000e-02 3.259545e+00
-1.930000e-02 3.194156e+00
-1.920000e-02 3.130421e+00
-1.910000e-02 3.068432e+00
-1.900000e-02 3.008392e+00
-1.890000e-02 2.950593e+00
-1.880000e-02 2.895387e+00
-1.870000e-02 2.843170e+00
-1.860000e-02 2.794356e+00
-1.850000e-02 2.749362e+00
-1.840000e-02 2.708594e+00
-1.830000e-02 2.672440e+00
-1.820000e-02 2.641262e+00
-1.810000e-02 2.615393e+00
-1.800000e-02 2.595138e+00
-1.790000e-02 2.580776e+00
-1.780000e-02 2.572557e+00
-1.770000e-02 2.570708e+00
-1.760000e-02 2.575427e+00
-1.750000e-02 2.586887e+00
-1.740000e-02 2.605231e+00
-1.730000e-02 2.630561e+00
-1.720000e-02 2.662933e+00
-1.710000e-02 2.702340e+00
-1.700000e-02 2.748696e+00
-1.690000e-02 2.801818e+00
-1.680000e-02 2.861398e+00
-1.670000e-02 2.926984e+00
-1.660000e-02 2.997955e+00
-1.650000e-02 3.073499e+00
-1.640000e-02 3.152596e+00
-1.630000e-02 3.234007e+00
-1.620000e-02 3.316265e+00
-1.610000e-02 3.397683e+00
-1.600000e-02 3.476364e+00
-1.590000e-02 3.550239e+00
-1.580000e-02 3.617145e+00
-1.570000e-02 3.674978e+00
-1.560000e-02 3.721945e+00
-1.550000e-02 3.756949e+00
-1.540000e-02 3.780040e+00
-1.530000e-02 3.792815e+00
-1.520000e-02 3.798530e+00
-1.510000e-02 3.801724e+00
-1.500000e-02 3.807289e+00
-1.490000e-02 3.819125e+00
-1.480000e-02 3.838709e+00
-1.470000e-02 3.864055e+00
-1.460000e-02 3.889629e+00
-1.450000e-02 3.907742e+00
-1.440000e-02 3.911274e+00
-1.430000e-02 3.896483e+00
-1.420000e-02 3.864195e+00
-1.410000e-02 3.818760e+00
-1.400000e-02 3.765808e+00
-1.390000e-02 3.710319e+00
-1.380000e-02 3.655707e+00
-1.370000e-02 3.603781e+00
-1.360000e-02 3.555129e+00
-1.350000e-02 3.509571e+00
-1.340000e-02 3.466532e+00
-1.330000e-02 3.425304e+00
-1.320000e-02 3.385197e+00
-1.310000e-02 3.345622e+00
-1.300000e-02 3.306125e+00
-1.290000e-02 3.266400e+00
-1.280000e-02 3.226271e+00
-1.270000e-02 3.185680e+00
-1.260000e-02 3.144659e+00
-1.250000e-02 3.103311e+00
-1.240000e-02 3.061783e+00
-1.230000e-02 3.020251e+00
-1.220000e-02 2.978900e+00
-1.210000e-02 2.937915e+00
-1.200000e-02 2.897469e+00
-1.190000e-02 2.857717e+00
-1.180000e-02 2.818794e+00
-1.170000e-02 2.780812e+00
-1.160000e-02 2.743863e+00
-1.150000e-02 2.708015e+00
-1.140000e-02 2.673320e+00
-1.130000e-02 2.639814e+00
-1.120000e-02 2.607518e+00
-1.110000e-02 2.576446e+00
-1.100000e-02 2.546602e+00
-1.090000e-02 2.517988e+00
-1.080000e-02 2.490600e+00
-1.070000e-02 2.464435e+00
-1.060000e-02 2.439493e+00
-1.050000e-02 2.415773e+00
-1.040000e-02 2.393279e+00
-1.030000e-02 2.372018e+00
-1.020000e-02 2.352002e+00
-1.010000e-02 2.333246e+00
-1.000000e-02 2.315771e+00
-9.900000e-03 2.299600e+00
-9.800000e-03 2.284761e+00
-9.700000e-03 2.271285e+00
-9.600000e-03 2.259203e+00
-9.500000e-03 2.248547e+00
-9.400000e-03 2.239351e+00
-9.300000e-03 2.231646e+00
-9.200000e-03 2.225458e+00
-9.100000e-03 2.220812e+00
-9.000000e-03 2.217723e+00
-8.900000e-03 2.216200e+00
-8.800000e-03 2.216240e+00
-8.700000e-03 2.217829e+00
-8.600000e-03 2.220937e+00
-8.500000e-03 2.225519e+00
-8.400000e-03 2.231510e+00
-8.300000e-03 2.238826e+00
-8.200000e-03 2.247362e+00
-8.100000e-03 2.256989e+00
-8.000000e-03 2.267559e+00
-7.900000e-03 2.278903e+00
-7.800000e-03 2.290834e+00
-7.700000e-03 2.303151e+00
-7.600000e-03 2.315648e+00
-7.500000e-03 2.328117e+00
-7.400000e-03 2.340363e+00
-7.300000e-03 2.352212e+00
-7.200000e-03 2.363526e+00
-7.100000e-03 2.374220e+00
-7.000000e-03 2.384279e+00
-6.900000e-03 2.393773e+00
-6.800000e-03 2.402881e+00
-6.700000e-03 2.411910e+00
-6.600000e-03 2.421319e+00
-6.500000e-03 2.431747e+00
-6.400000e-03 2.444045e+00
-6.300000e-03 2.459310e+00
-6.200000e-03 2.478939e+00
-6.100000e-03 2.504676e+00
-6.000000e-03 2.538668e+00
-5.900000e-03 2.583494e+00
-5.800000e-03 2.642121e+00
-5.700000e-03 2.717652e+00
-5.600000e-03 2.812635e+00
-5.500000e-03 2.927511e+00
-5.400000e-03 3.057726e+00
-5.300000e-03 3.189611e+00
-5.200000e-03 3.297364e+00
-5.100000e-03 3.346924e+00
-5.000000e-03 3.311364e+00
-4.900000e-03 3.189393e+00
-4.800000e-03 3.007742e+00
-4.700000e-03 2.803857e+00
-4.600000e-03 2.607415e+00
-4.500000e-03 2.434038e+00
-4.400000e-03 2.288316e+00
-4.300000e-03 2.168900e+00
-4.200000e-03 2.072158e+00
-4.100000e-03 1.994094e+00
-4.000000e-03 1.931124e+00
-3.900000e-03 1.880294e+00
-3.800000e-03 1.839259e+00
-3.700000e-03 1.806188e+00
-3.600000e-03 1.779654e+00
-3.500000e-03 1.758545e+00
-3.400000e-03 1.741984e+00
-3.300000e-03 1.729274e+00
-3.200000e-03 1.719855e+00
-3.100000e-03 1.713268e+00
-3.000000e-03 1.709139e+00
-2.900000e-03 1.707150e+00
-2.800000e-03 1.707040e+00
-2.700000e-03 1.708583e+00
-2.600000e-03 1.711592e+00
-2.500000e-03 1.715907e+00
-2.400000e-03 1.721397e+00
-2.300000e-03 1.727956e+00
-2.200000e-03 1.735502e+00
-2.100000e-03 1.743977e+00
-2.000000e-03 1.753346e+00
-1.900000e-03 1.763600e+00
-1.800000e-03 1.774752e+00
-1.700000e-03 1.786839e+00
-1.600000e-03 1.799922e+00
-1.500000e-03 1.814087e+00
-1.400000e-03 1.829441e+00
-1.300000e-03 1.846116e+00
-1.200000e-03 1.864260e+00
-1.100000e-03 1.884045e+00
-1.000000e-03 1.905656e+00
-9.000000e-04 1.929294e+00
-8.000000e-04 1.955168e+00
-7.000000e-04 1.983493e+00
-6.000000e-04 2.014484e+00
-5.000000e-04 2.048348e+00
-4.000000e-04 2.085278e+00
-3.000000e-04 2.125440e+00
-2.000000e-04 2.168964e+00
-1.000000e-04 2.215933e+00
1.429412e-15 2.266365e+00
1.000000e-04 2.320202e+00
2.000000e-04 2.377291e+00
3.000000e-04 2.437380e+00
4.000000e-04 2.500100e+00
5.000000e-04 2.564961e+00
6.000000e-04 2.631361e+00
7.000000e-04 2.698589e+00
8.000000e-04 2.765845e+00
9.000000e-04 2.832276e+00
1.000000e-03 2.897006e+00
1.100000e-03 2.959184e+00
1.200000e-03 3.018026e+00
1.300000e-03 3.072863e+00
1.400000e-03 3.123169e+00
1.500000e-03 3.168592e+00
1.600000e-03 3.208963e+00
1.700000e-03 3.244294e+00
1.800000e-03 3.274767e+00
1.900000e-03 3.300705e+00
2.000000e-03 3.322545e+00
2.100000e-03 3.340804e+00
2.200000e-03 3.356045e+00
2.300000e-03 3.368850e+00
2.400000e-03 3.379789e+00
2.500000e-03 3.389405e+00
2.600000e-03 3.398192e+00
2.700000e-03 3.406590e+00
2.800000e-03 3.414975e+00
2.900000e-03 3.423651e+00
3.000000e-03 3.432855e+00
3.100000e-03 3.442755e+00
3.200000e-03 3.453446e+00
3.300000e-03 3.464961e+00
3.400000e-03 3.477267e+00
3.500000e-03 3.490271e+00
3.600000e-03 3.503828e+00
3.700000e-03 3.517748e+00
3.800000e-03 3.531804e+00
3.900000e-03 3.545742e+00
4.000000e-03 3.559301e+00
4.100000e-03 3.572222e+00
4.200000e-03 3.584269e+00
4.300000e-03 3.595247e+00
4.400000e-03 3.605014e+00
4.500000e-03 3.613497e+00
4.600000e-03 3.620701e+00
4.700000e-03 3.626714e+00
4.800000e-03 3.631705e+00
4.900000e-03 3.635917e+00
5.000000e-03 3.639660e+00
5.100000e-03 3.643294e+00
5.200000e-03 3.647215e+00
5.300000e-03 3.651836e+00
5.400000e-03 3.657572e+00
5.500000e-03 3.664819e+00
5.600000e-03 3.673943e+00
5.700000e-03 3.685256e+00
5.800000e-03 3.699005e+00
5.900000e-03 3.715350e+00
6.000000e-03 3.734349e+00
6.100000e-03 3.755940e+00
6.200000e-03 3.779933e+00
6.300000e-03 3.806002e+00
6.400000e-03 3.833696e+00
6.500000e-03 3.862457e+00
6.600000e-03 3.891667e+00
6.700000e-03 3.920693e+00
6.800000e-03 3.948955e+00
6.900000e-03 3.975982e+00
7.000000e-03 4.001463e+00
7.100000e-03 4.025263e+00
7.200000e-03 4.047429e+00
7.300000e-03 4.068154e+00
7.400000e-03 4.087735e+00
7.500000e-03 4.106520e+00
7.600000e-03 4.124855e+00
7.700000e-03 4.143045e+00
7.800000e-03 4.161324e+00
7.900000e-03 4.179847e+00
8.000000e-03 4.198685e+00
8.100000e-03 4.217845e+00
8.200000e-03 4.237290e+00
8.300000e-03 4.256965e+00
8.400000e-03 4.276827e+00
8.500000e-03 4.296874e+00
8.600000e-03 4.317166e+00
8.700000e-03 4.337838e+00
8.800000e-03 4.359092e+00
8.900000e-03 4.381186e+00
9.000000e-03 4.404387e+00
9.100000e-03 4.428914e+00
9.200000e-03 4.454869e+00
9.300000e-03 4.482151e+00
9.400000e-03 4.510380e+00
9.500000e-03 4.538838e+00
9.600000e-03 4.566444e+00
9.700000e-03 4.591776e+00
9.800000e-03 4.613156e+00
9.900000e-03 4.628798e+00
1.000000e-02 4.636990e+00
1.010000e-02 4.636306e+00
1.020000e-02 4.625785e+00
1.030000e-02 4.605061e+00
1.040000e-02 4.574404e+00
1.050000e-02 4.534677e+00
1.060000e-02 4.487216e+00
1.070000e-02 4.433672e+00
1.080000e-02 4.375843e+00
1.090000e-02 4.315513e+00
1.100000e-02 4.254342e+00
1.110000e-02 4.193786e+00
1.120000e-02 4.135061e+00
1.130000e-02 4.079137e+00
1.140000e-02 4.026757e+00
1.150000e-02 3.978471e+00
1.160000e-02 3.934668e+00
1.170000e-02 3.895626e+00
1.180000e-02 3.861550e+00
1.190000e-02 3.832608e+00
1.200000e-02 3.808970e+00
1.210000e-02 3.790840e+00
1.220000e-02 3.778474e+00
1.230000e-02 3.772203e+00
1.240000e-02 3.772428e+00
1.250000e-02 3.779597e+00
1.260000e-02 3.794151e+00
1.270000e-02 3.816420e+00
1.280000e-02 3.846460e+00
1.290000e-02 3.883842e+00
1.300000e-02 3.927401e+00
1.310000e-02 3.975037e+00
1.320000e-02 4.023655e+00
1.330000e-02 4.069373e+00
1.340000e-02 4.108049e+00
1.350000e-02 4.136024e+00
1.360000e-02 4.150854e+00
1.370000e-02 4.151748e+00
1.380000e-02 4.139560e+00
1.390000e-02 4.116403e+00
1.400000e-02 4.085088e+00
1.410000e-02 4.048591e+00
1.420000e-02 4.009688e+00
1.430000e-02 3.970766e+00
1.440000e-02 3.933781e+00
1.450000e-02 3.900301e+00
1.460000e-02 3.871590e+00
1.470000e-02 3.848697e+00
1.480000e-02 3.832537e+00
1.490000e-02 3.823956e+00
1.500000e-02 3.823774e+00
1.510000e-02 3.832802e+00
1.520000e-02 3.851828e+00
1.530000e-02 3.881559e+00
1.540000e-02 3.922508e+00
1.550000e-02 3.974795e+00
1.560000e-02 4.037845e+00
1.570000e-02 4.109979e+00
1.580000e-02 4.187935e+00
1.590000e-02 4.266458e+00
1.600000e-02 4.338193e+00
1.610000e-02 4.394241e+00
1.620000e-02 4.425590e+00
1.630000e-02 4.425254e+00
1.640000e-02 4.390352e+00
1.650000e-02 4.323105e+00
1.660000e-02 4.230172e+00
1.670000e-02 4.120695e+00
1.680000e-02 4.004044e+00
1.690000e-02 3.888173e+00
1.700000e-02 3.778878e+00
1.710000e-02 3.679813e+00
1.720000e-02 3.592893e+00
1.730000e-02 3.518805e+00
1.740000e-02 3.457461e+00
1.750000e-02 3.408335e+00
1.760000e-02 3.370687e+00
1.770000e-02 3.343702e+00
1.780000e-02 3.326563e+00
1.790000e-02 3.318479e+00
1.800000e-02 3.318698e+00
1.810000e-02 3.326497e+00
1.820000e-02 3.341167e+00
1.830000e-02 3.361998e+00
1.840000e-02 3.388261e+00
1.850000e-02 3.419193e+00
1.860000e-02 3.453993e+00
1.870000e-02 3.491815e+00
1.880000e-02 3.531770e+00
1.890000e-02 3.572946e+00
1.900000e-02 3.614417e+00
1.910000e-02 3.655273e+00
1.920000e-02 3.694645e+00
1.930000e-02 3.731738e+00
1.940000e-02 3.765858e+00
1.950000e-02 3.796433e+00
1.960000e-02 3.823035e+00
1.970000e-02 3.845383e+00
1.980000e-02 3.863346e+00
1.990000e-02 3.876936e+00
2.000000e-02 3.886286e+00
2.010000e-02 3.891638e+00
2.020000e-02 3.893313e+00
2.030000e-02 3.891694e+00
2.040000e-02 3.887200e+00
2.050000e-02 3.880272e+00
2.060000e-02 3.871358e+00
2.070000e-02 3.860897e+00
2.080000e-02 3.849321e+00
2.090000e-02 3.837041e+00
2.100000e-02 3.824456e+00
2.110000e-02 3.811945e+00
2.120000e-02 3.799876e+00
2.130000e-02 3.788607e+00
2.140000e-02 3.778488e+00
2.150000e-02 3.769870e+00
2.160000e-02 3.763106e+00
2.170000e-02 3.758556e+00
2.180000e-02 3.756593e+00
2.190000e-02 3.757603e+00
2.200000e-02 3.761989e+00
2.210000e-02 3.770175e+00
2.220000e-02 3.782605e+00
2.230000e-02 3.799738e+00
2.240000e-02 3.822047e+00
2.250000e-02 3.850009e+00
2.260000e-02 3.884087e+00
2.270000e-02 3.924707e+00
2.280000e-02 3.972224e+00
2.290000e-02 4.026873e+00
2.300000e-02 4.088703e+00
2.310000e-02 4.157500e+00
2.320000e-02 4.232697e+00
2.330000e-02 4.313282e+00
2.340000e-02 4.397723e+00
2.350000e-02 4.483945e+00
2.360000e-02 4.569377e+00
2.370000e-02 4.651110e+00
2.380000e-02 4.726176e+00
2.390000e-02 4.791892e+00
2.400000e-02 4.846229e+00
2.410000e-02 4.888077e+00
2.420000e-02 4.917331e+00
2.430000e-02 4.934763e+00
2.440000e-02 4.941722e+00
2.450000e-02 4.939758e+00
2.460000e-02 4.930301e+00
2.470000e-02 4.914456e+00
2.480000e-02 4.892964e+00
2.490000e-02 4.866278e+00
2.500000e-02 4.834712e+00
2.510000e-02 4.798591e+00
2.520000e-02 4.758349e+00
2.530000e-02 4.714560e+00
2.540000e-02 4.667926e+00
2.550000e-02 4.619210e+00
2.560000e-02 4.569182e+00
2.570000e-02 4.518554e+00
2.580000e-02 4.467950e+00
2.590000e-02 4.417884e+00
2.600000e-02 4.368764e+00
2.610000e-02 4.320894e+00
2.620000e-02 4.274496e+00
2.630000e-02 4.229725e+00
2.640000e-02 4.186682e+00
2.650000e-02 4.145432e+00
2.660000e-02 4.106011e+00
2.670000e-02 4.068436e+00
2.680000e-02 4.032711e+00
2.690000e-02 3.998827e+00
2.700000e-02 3.966766e+00
2.710000e-02 3.936505e+00
2.720000e-02 3.908012e+00
2.730000e-02 3.881250e+00
2.740000e-02 3.856177e+00
2.750000e-02 3.832747e+00
2.760000e-02 3.810912e+00
2.770000e-02 3.790622e+00
2.780000e-02 3.771829e+00
2.790000e-02 3.754488e+00
2.800000e-02 3.738558e+00
2.810000e-02 3.724006e+00
2.820000e-02 3.710808e+00
2.830000e-02 3.698947e+00
2.840000e-02 3.688420e+00
2.850000e-02 3.679235e+00
2.860000e-02 3.671410e+00
2.870000e-02 3.664976e+00
2.880000e-02 3.659975e+00
2.890000e-02 3.656459e+00
2.900000e-02 3.654490e+00
2.910000e-02 3.654135e+00
2.920000e-02 3.655470e+00
2.930000e-02 3.658574e+00
2.940000e-02 3.663530e+00
2.950000e-02 3.670418e+00
2.960000e-02 3.679316e+00
2.970000e-02 3.690297e+00
2.980000e-02 3.703421e+00
2.990000e-02 3.718734e+00
3.000000e-02 3.736260e+00
3.010000e-02 3.755995e+00
3.020000e-02 3.777898e+00
3.030000e-02 3.801878e+00
3.040000e-02 3.827786e+00
3.050000e-02 3.855398e+00
3.060000e-02 3.884401e+00
3.070000e-02 3.914378e+00
3.080000e-02 3.944790e+00
3.090000e-02 3.974970e+00
3.100000e-02 4.004118e+00
3.110000e-02 4.031307e+00
3.120000e-02 4.055511e+00
3.130000e-02 4.075649e+00
3.140000e-02 4.090659e+00
3.150000e-02 4.099591e+00
3.160000e-02 4.101715e+00
3.170000e-02 4.096632e+00
3.180000e-02 4.084368e+00
3.190000e-02 4.065419e+00
3.200000e-02 4.040746e+00
3.210000e-02 4.011700e+00
3.220000e-02 3.979899e+00
3.230000e-02 3.947069e+00
3.240000e-02 3.914879e+00
3.250000e-02 3.884807e+00
3.260000e-02 3.858040e+00
3.270000e-02 3.835421e+00
3.280000e-02 3.817442e+00
3.290000e-02 3.804261e+00
3.300000e-02 3.795749e+00
3.310000e-02 3.791536e+00
3.320000e-02 3.791064e+00
3.330000e-02 3.793634e+00
3.340000e-02 3.798447e+00
3.350000e-02 3.804641e+00
3.360000e-02 3.811318e+00
3.370000e-02 3.817576e+00
3.380000e-02 3.822532e+00
3.390000e-02 3.825348e+00
3.400000e-02 3.825256e+00
3.410000e-02 3.821582e+00
3.420000e-02 3.813767e+00
3.430000e-02 3.801389e+00
3.440000e-02 3.784177e+00
3.450000e-02 3.762019e+00
3.460000e-02 3.734964e+00
3.470000e-02 3.703216e+00
3.480000e-02 3.667115e+00
3.490000e-02 3.627117e+00
3.500000e-02 3.583766e+00
3.510000e-02 3.537661e+00
3.520000e-02 3.489427e+00
3.530000e-02 3.439684e+00
3.540000e-02 3.389020e+00
3.550000e-02 3.337973e+00
3.560000e-02 3.287013e+00
3.570000e-02 3.236533e+00
3.580000e-02 3.186847e+00
3.590000e-02 3.138188e+00
3.600000e-02 3.090717e+00
3.610000e-02 3.044527e+00
3.620000e-02 2.999658e+00
3.630000e-02 2.956107e+00
3.640000e-02 2.913847e+00
3.650000e-02 2.872833e+00
3.660000e-02 2.833028e+00
3.670000e-02 2.794409e+00
3.680000e-02 2.756987e+00
3.690000e-02 2.720816e+00
3.700000e-02 2.686007e+00
3.710000e-02 2.652731e+00
3.720000e-02 2.621226e+00
3.730000e-02 2.591793e+00
3.740000e-02 2.564792e+00
3.750000e-02 2.540627e+00
3.760000e-02 2.519734e+00
3.770000e-02 2.502556e+00
3.780000e-02 2.489520e+00
3.790000e-02 2.481011e+00
3.800000e-02 2.477336e+00
3.810000e-02 2.478681e+00
3.820000e-02 2.485035e+00
3.830000e-02 2.495941e+00
3.840000e-02 2.508854e+00
3.850000e-02 2.526347e+00
3.860000e-02 2.562057e+00
3.870000e-02 2.604992e+00
3.880000e-02 2.654476e+00
3.890000e-02 2.709901e+00
3.900000e-02 2.770634e+00
3.910000e-02 2.836018e+00
3.920000e-02 2.905386e+00
3.930000e-02 2.978075e+00
3.940000e-02 3.053442e+00
3.950000e-02 3.130875e+00
3.960000e-02 3.209800e+00
3.970000e-02 3.289687e+00
3.980000e-02 3.370048e+00
3.990000e-02 3.450445e+00
4.000000e-02 3.530477e+00
4.010000e-02 3.609788e+00
4.020000e-02 3.688053e+00
4.030000e-02 3.764979e+00
4.040000e-02 3.840294e+00
4.050000e-02 3.913738e+00
4.060000e-02 3.985060e+00
4.070000e-02 4.054001e+00
4.080000e-02 4.120289e+00
4.090000e-02 4.183625e+00
4.100000e-02 4.243679e+00
4.110000e-02 4.300074e+00
4.120000e-02 4.352389e+00
4.130000e-02 4.400152e+00
4.140000e-02 4.442848e+00
4.150000e-02 4.479926e+00
4.160000e-02 4.510815e+00
4.170000e-02 4.534951e+00
4.180000e-02 4.551802e+00
4.190000e-02 4.560904e+00
4.200000e-02 4.561892e+00
4.210000e-02 4.554539e+00
4.220000e-02 4.538779e+00
4.230000e-02 4.514732e+00
4.240000e-02 4.482708e+00
4.250000e-02 4.443204e+00
4.260000e-02 4.396894e+00
4.270000e-02 4.344596e+00
4.280000e-02 4.287240e+00
4.290000e-02 4.225831e+00
4.300000e-02 4.161404e+00
4.310000e-02 4.094988e+00
4.320000e-02 4.027574e+00
4.330000e-02 3.960082e+00
4.340000e-02 3.893347e+00
4.350000e-02 3.828098e+00
4.360000e-02 3.764954e+00
4.370000e-02 3.704421e+00
4.380000e-02 3.646892e+00
4.390000e-02 3.592654e+00
4.400000e-02 3.541890e+00
4.410000e-02 3.494690e+00
4.420000e-02 3.451058e+00
4.430000e-02 3.410919e+00
4.440000e-02 3.374130e+00
4.450000e-02 3.340483e+00
4.460000e-02 3.309721e+00
4.470000e-02 3.281537e+00
4.480000e-02 3.255592e+00
4.490000e-02 3.231517e+00
4.500000e-02 3.208927e+00
4.510000e-02 3.187429e+00
4.520000e-02 3.166636e+00
4.530000e-02 3.146175e+00
4.540000e-02 3.125702e+00
4.550000e-02 3.104910e+00
4.560000e-02 3.083543e+00
4.570000e-02 3.061402e+00
4.580000e-02 3.038356e+00
4.590000e-02 3.014347e+00
4.600000e-02 2.989393e+00
4.610000e-02 2.963591e+00
4.620000e-02 2.937114e+00
4.630000e-02 2.910212e+00
4.640000e-02 2.883203e+00
4.650000e-02 2.856465e+00
4.660000e-02 2.830427e+00
4.670000e-02 2.805554e+00
4.680000e-02 2.782323e+00
4.690000e-02 2.761199e+00
4.700000e-02 2.742599e+00
4.710000e-02 2.726848e+00
4.720000e-02 2.714128e+00
4.730000e-02 2.704428e+00
4.740000e-02 2.697504e+00
4.750000e-02 2.692852e+00
4.760000e-02 2.689730e+00
4.770000e-02 2.687212e+00
4.780000e-02 2.684291e+00
4.790000e-02 2.680006e+00
4.800000e-02 2.673560e+00
4.810000e-02 2.664417e+00
4.820000e-02 2.652340e+00
4.830000e-02 2.637378e+00
4.840000e-02 2.619812e+00
4.850000e-02 2.600086e+00
4.860000e-02 2.578724e+00
4.870000e-02 2.556272e+00
4.880000e-02 2.533249e+00
4.890000e-02 2.510117e+00
4.900000e-02 2.487273e+00
4.910000e-02 2.465044e+00
4.920000e-02 2.443692e+00
4.930000e-02 2.423424e+00
4.940000e-02 2.404403e+00
4.950000e-02 2.386758e+00
4.960000e-02 2.370596e+00
4.970000e-02 2.356016e+00
4.980000e-02 2.343116e+00
4.990000e-02 2.332008e+00
