1.000000e+00 7.901546e-01
1.000200e+00 7.884813e-01
1.000400e+00 7.867953e-01
1.000600e+00 7.850901e-01
1.000800e+00 7.833592e-01
1.001000e+00 7.815959e-01
1.001200e+00 7.797938e-01
1.001400e+00 7.779464e-01
1.001600e+00 7.760474e-01
1.001800e+00 7.740905e-01
1.002000e+00 7.720695e-01
1.002200e+00 7.699783e-01
1.002400e+00 7.678111e-01
1.002600e+00 7.655618e-01
1.002800e+00 7.632250e-01
1.003000e+00 7.607951e-01
1.003200e+00 7.582668e-01
1.003400e+00 7.556350e-01
1.003600e+00 7.528947e-01
1.003800e+00 7.500414e-01
1.004000e+00 7.470705e-01
1.004200e+00 7.439778e-01
1.004400e+00 7.407595e-01
1.004600e+00 7.374120e-01
1.004800e+00 7.339317e-01
1.005000e+00 7.303159e-01
1.005200e+00 7.265617e-01
1.005400e+00 7.226667e-01
1.005600e+00 7.186290e-01
1.005800e+00 7.144469e-01
1.006000e+00 7.101192e-01
1.006200e+00 7.056448e-01
1.006400e+00 7.010234e-01
1.006600e+00 6.962547e-01
1.006800e+00 6.913391e-01
1.007000e+00 6.862773e-01
1.007200e+00 6.810703e-01
1.007400e+00 6.757198e-01
1.007600e+00 6.702277e-01
1.007800e+00 6.645964e-01
1.008000e+00 6.588287e-01
1.008200e+00 6.529278e-01
1.008400e+00 6.468973e-01
1.008600e+00 6.407414e-01
1.008800e+00 6.344644e-01
1.009000e+00 6.280713e-01
1.009200e+00 6.215672e-01
1.009400e+00 6.149577e-01
1.009600e+00 6.082489e-01
1.009800e+00 6.014471e-01
1.010000e+00 5.945588e-01
1.010200e+00 5.875911e-01
1.010400e+00 5.805511e-01
1.010600e+00 5.734463e-01
1.010800e+00 5.662845e-01
1.011000e+00 5.590737e-01
1.011200e+00 5.518220e-01
1.011400e+00 5.445376e-01
1.011600e+00 5.372292e-01
1.011800e+00 5.299053e-01
1.012000e+00 5.225745e-01
1.012200e+00 5.152455e-01
1.012400e+00 5.079272e-01
1.012600e+00 5.006282e-01
1.012800e+00 4.933574e-01
1.013000e+00 4.861233e-01
1.013200e+00 4.789346e-01
1.013400e+00 4.717998e-01
1.013600e+00 4.647271e-01
1.013800e+00 4.577248e-01
1.014000e+00 4.508008e-01
1.014200e+00 4.439629e-01
1.014400e+00 4.372187e-01
1.014600e+00 4.305754e-01
1.014800e+00 4.240399e-01
1.015000e+00 4.176191e-01
1.015200e+00 4.113193e-01
1.015400e+00 4.051464e-01
1.015600e+00 3.991064e-01
1.015800e+00 3.932044e-01
1.016000e+00 3.874454e-01
1.016200e+00 3.818342e-01
1.016400e+00 3.763748e-01
1.016600e+00 3.710713e-01
1.016800e+00 3.659269e-01
1.017000e+00 3.609448e-01
1.017200e+00 3.561277e-01
1.017400e+00 3.514779e-01
1.017600e+00 3.469973e-01
1.017800e+00 3.426873e-01
1.018000e+00 3.385493e-01
1.018200e+00 3.345839e-01
1.018400e+00 3.307918e-01
1.018600e+00 3.271728e-01
1.018800e+00 3.237270e-01
1.019000e+00 3.204537e-01
1.019200e+00 3.173521e-01
1.019400e+00 3.144211e-01
1.019600e+00 3.116594e-01
1.019800e+00 3.090652e-01
1.020000e+00 3.066367e-01
1.020200e+00 3.043719e-01
1.020400e+00 3.022684e-01
1.020600e+00 3.003237e-01
1.020800e+00 2.985352e-01
1.021000e+00 2.969000e-01
1.021200e+00 2.954153e-01
1.021400e+00 2.940780e-01
1.021600e+00 2.928849e-01
1.021800e+00 2.918328e-01
1.022000e+00 2.909185e-01
1.022200e+00 2.901384e-01
1.022400e+00 2.894894e-01
1.022600e+00 2.889680e-01
1.022800e+00 2.885708e-01
1.023000e+00 2.882944e-01
1.023200e+00 2.881355e-01
1.023400e+00 2.880909e-01
1.023600e+00 2.881573e-01
1.023800e+00 2.883314e-01
1.024000e+00 2.886103e-01
1.024200e+00 2.889910e-01
1.024400e+00 2.894705e-01
1.024600e+00 2.900461e-01
1.024800e+00 2.907153e-01
1.025000e+00 2.914755e-01
1.025200e+00 2.923243e-01
1.025400e+00 2.932597e-01
1.025600e+00 2.942796e-01
1.025800e+00 2.953821e-01
1.026000e+00 2.965657e-01
1.026200e+00 2.978289e-01
1.026400e+00 2.991704e-01
1.026600e+00 3.005892e-01
1.026800e+00 3.020845e-01
1.027000e+00 3.036556e-01
1.027200e+00 3.053022e-01
1.027400e+00 3.070242e-01
1.027600e+00 3.088216e-01
1.027800e+00 3.106947e-01
1.028000e+00 3.126442e-01
1.028200e+00 3.146708e-01
1.028400e+00 3.167758e-01
1.028600e+00 3.189603e-01
1.028800e+00 3.212261e-01
1.029000e+00 3.235750e-01
1.029200e+00 3.260092e-01
1.029400e+00 3.285311e-01
1.029600e+00 3.311434e-01
1.029800e+00 3.338491e-01
1.030000e+00 3.366514e-01
1.030200e+00 3.395539e-01
1.030400e+00 3.425603e-01
1.030600e+00 3.456746e-01
1.030800e+00 3.489014e-01
1.031000e+00 3.522450e-01
1.031200e+00 3.557104e-01
1.031400e+00 3.593027e-01
1.031600e+00 3.630272e-01
1.031800e+00 3.668895e-01
1.032000e+00 3.708953e-01
1.032200e+00 3.750507e-01
1.032400e+00 3.793618e-01
1.032600e+00 3.838349e-01
1.032800e+00 3.884766e-01
1.033000e+00 3.932934e-01
1.033200e+00 3.982920e-01
1.033400e+00 4.034793e-01
1.033600e+00 4.088620e-01
1.033800e+00 4.144470e-01
1.034000e+00 4.202410e-01
1.034200e+00 4.262508e-01
1.034400e+00 4.324828e-01
1.034600e+00 4.389435e-01
1.034800e+00 4.456392e-01
1.035000e+00 4.525757e-01
1.035200e+00 4.597587e-01
1.035400e+00 4.671933e-01
1.035600e+00 4.748844e-01
1.035800e+00 4.828363e-01
1.036000e+00 4.910526e-01
1.036200e+00 4.995365e-01
1.036400e+00 5.082905e-01
1.036600e+00 5.173161e-01
1.036800e+00 5.266142e-01
1.037000e+00 5.361849e-01
1.037200e+00 5.460271e-01
1.037400e+00 5.561390e-01
1.037600e+00 5.665177e-01
1.037800e+00 5.771591e-01
1.038000e+00 5.880581e-01
1.038200e+00 5.992083e-01
1.038400e+00 6.106025e-01
1.038600e+00 6.222319e-01
1.038800e+00 6.340867e-01
1.039000e+00 6.461558e-01
1.039200e+00 6.584270e-01
1.039400e+00 6.708870e-01
1.039600e+00 6.835210e-01
1.039800e+00 6.963135e-01
1.040000e+00 7.092477e-01
1.040200e+00 7.223058e-01
1.040400e+00 7.354690e-01
1.040600e+00 7.487176e-01
1.040800e+00 7.620311e-01
1.041000e+00 7.753882e-01
1.041200e+00 7.887671e-01
1.041400e+00 8.021450e-01
1.041600e+00 8.154990e-01
1.041800e+00 8.288056e-01
1.042000e+00 8.420408e-01
1.042200e+00 8.551805e-01
1.042400e+00 8.682004e-01
1.042600e+00 8.810760e-01
1.042800e+00 8.937829e-01
1.043000e+00 9.062967e-01
1.043200e+00 9.185929e-01
1.043400e+00 9.306475e-01
1.043600e+00 9.424366e-01
1.043800e+00 9.539367e-01
1.044000e+00 9.651245e-01
1.044200e+00 9.759774e-01
1.044400e+00 9.864734e-01
1.044600e+00 9.965909e-01
1.044800e+00 1.006309e+00
1.045000e+00 1.015609e+00
1.045200e+00 1.024470e+00
1.045400e+00 1.032876e+00
1.045600e+00 1.040810e+00
1.045800e+00 1.048257e+00
1.046000e+00 1.055202e+00
1.046200e+00 1.061634e+00
1.046400e+00 1.067543e+00
1.046600e+00 1.072920e+00
1.046800e+00 1.077760e+00
1.047000e+00 1.082057e+00
1.047200e+00 1.085810e+00
1.047400e+00 1.089020e+00
1.047600e+00 1.091689e+00
1.047800e+00 1.093824e+00
1.048000e+00 1.095431e+00
1.048200e+00 1.096520e+00
1.048400e+00 1.097104e+00
1.048600e+00 1.097198e+00
1.048800e+00 1.096816e+00
1.049000e+00 1.095976e+00
1.049200e+00 1.094698e+00
1.049400e+00 1.093001e+00
1.049600e+00 1.090905e+00
1.049800e+00 1.088430e+00
1.050000e+00 1.085598e+00
1.050200e+00 1.082428e+00
1.050400e+00 1.078939e+00
1.050600e+00 1.075148e+00
1.050800e+00 1.071072e+00
1.051000e+00 1.066724e+00
1.051200e+00 1.062116e+00
1.051400e+00 1.057259e+00
1.051600e+00 1.052158e+00
1.051800e+00 1.046819e+00
1.052000e+00 1.041243e+00
1.052200e+00 1.035429e+00
1.052400e+00 1.029373e+00
1.052600e+00 1.023069e+00
1.052800e+00 1.016509e+00
1.053000e+00 1.009683e+00
1.053200e+00 1.002578e+00
1.053400e+00 9.951812e-01
1.053600e+00 9.874780e-01
1.053800e+00 9.794535e-01
1.054000e+00 9.710929e-01
1.054200e+00 9.623817e-01
1.054400e+00 9.533064e-01
1.054600e+00 9.438554e-01
1.054800e+00 9.340187e-01
1.055000e+00 9.237892e-01
1.055200e+00 9.131629e-01
1.055400e+00 9.021395e-01
1.055600e+00 8.907225e-01
1.055800e+00 8.789199e-01
1.056000e+00 8.667446e-01
1.056200e+00 8.542140e-01
1.056400e+00 8.413507e-01
1.056600e+00 8.281822e-01
1.056800e+00 8.147408e-01
1.057000e+00 8.010634e-01
1.057200e+00 7.871910e-01
1.057400e+00 7.731684e-01
1.057600e+00 7.590437e-01
1.057800e+00 7.448674e-01
1.058000e+00 7.306915e-01
1.058200e+00 7.165694e-01
1.058400e+00 7.025543e-01
1.058600e+00 6.886990e-01
1.058800e+00 6.750546e-01
1.059000e+00 6.616702e-01
1.059200e+00 6.485916e-01
1.059400e+00 6.358614e-01
1.059600e+00 6.235178e-01
1.059800e+00 6.115946e-01
1.060000e+00 6.001206e-01
1.060200e+00 5.891197e-01
1.060400e+00 5.786104e-01
1.060600e+00 5.686062e-01
1.060800e+00 5.591153e-01
1.061000e+00 5.501414e-01
1.061200e+00 5.416831e-01
1.061400e+00 5.337353e-01
1.061600e+00 5.262884e-01
1.061800e+00 5.193299e-01
1.062000e+00 5.128440e-01
1.062200e+00 5.068122e-01
1.062400e+00 5.012140e-01
1.062600e+00 4.960274e-01
1.062800e+00 4.912289e-01
1.063000e+00 4.867941e-01
1.063200e+00 4.826981e-01
1.063400e+00 4.789160e-01
1.063600e+00 4.754228e-01
1.063800e+00 4.721938e-01
1.064000e+00 4.692051e-01
1.064200e+00 4.664335e-01
1.064400e+00 4.638568e-01
1.064600e+00 4.614536e-01
1.064800e+00 4.592040e-01
1.065000e+00 4.570891e-01
1.065200e+00 4.550914e-01
1.065400e+00 4.531948e-01
1.065600e+00 4.513845e-01
1.065800e+00 4.496470e-01
1.066000e+00 4.479702e-01
1.066200e+00 4.463433e-01
1.066400e+00 4.447570e-01
1.066600e+00 4.432030e-01
1.066800e+00 4.416745e-01
1.067000e+00 4.401658e-01
1.067200e+00 4.386724e-01
1.067400e+00 4.371911e-01
1.067600e+00 4.357195e-01
1.067800e+00 4.342565e-01
1.068000e+00 4.328021e-01
1.068200e+00 4.313571e-01
1.068400e+00 4.299233e-01
1.068600e+00 4.285035e-01
1.068800e+00 4.271012e-01
1.069000e+00 4.257209e-01
1.069200e+00 4.243680e-01
1.069400e+00 4.230483e-01
1.069600e+00 4.217686e-01
1.069800e+00 4.205362e-01
1.070000e+00 4.193592e-01
1.070200e+00 4.182462e-01
1.070400e+00 4.172061e-01
1.070600e+00 4.162486e-01
1.070800e+00 4.153836e-01
1.071000e+00 4.146213e-01
1.071200e+00 4.139723e-01
1.071400e+00 4.134472e-01
1.071600e+00 4.130569e-01
1.071800e+00 4.128121e-01
1.072000e+00 4.127235e-01
1.072200e+00 4.128017e-01
1.072400e+00 4.130568e-01
1.072600e+00 4.134988e-01
1.072800e+00 4.141368e-01
1.073000e+00 4.149795e-01
1.073200e+00 4.160349e-01
1.073400e+00 4.173100e-01
1.073600e+00 4.188109e-01
1.073800e+00 4.205423e-01
1.074000e+00 4.225081e-01
1.074200e+00 4.247106e-01
1.074400e+00 4.271507e-01
1.074600e+00 4.298276e-01
1.074800e+00 4.327393e-01
1.075000e+00 4.358815e-01
1.075200e+00 4.392487e-01
1.075400e+00 4.428332e-01
1.075600e+00 4.466256e-01
1.075800e+00 4.506145e-01
1.076000e+00 4.547870e-01
1.076200e+00 4.591280e-01
1.076400e+00 4.636208e-01
1.076600e+00 4.682471e-01
1.076800e+00 4.729867e-01
1.077000e+00 4.778183e-01
1.077200e+00 4.827190e-01
1.077400e+00 4.876647e-01
1.077600e+00 4.926304e-01
1.077800e+00 4.975902e-01
1.078000e+00 5.025175e-01
1.078200e+00 5.073855e-01
1.078400e+00 5.121669e-01
1.078600e+00 5.168346e-01
1.078800e+00 5.213619e-01
1.079000e+00 5.257224e-01
1.079200e+00 5.298904e-01
1.079400e+00 5.338414e-01
1.079600e+00 5.375518e-01
1.079800e+00 5.409997e-01
1.080000e+00 5.441643e-01
1.080200e+00 5.470271e-01
1.080400e+00 5.495712e-01
1.080600e+00 5.517818e-01
1.080800e+00 5.536463e-01
1.081000e+00 5.551544e-01
1.081200e+00 5.562982e-01
1.081400e+00 5.570720e-01
1.081600e+00 5.574729e-01
1.081800e+00 5.575003e-01
1.082000e+00 5.571558e-01
1.082200e+00 5.564439e-01
1.082400e+00 5.553711e-01
1.082600e+00 5.539462e-01
1.082800e+00 5.521804e-01
1.083000e+00 5.500869e-01
1.083200e+00 5.476808e-01
1.083400e+00 5.449790e-01
1.083600e+00 5.420001e-01
1.083800e+00 5.387643e-01
1.084000e+00 5.352928e-01
1.084200e+00 5.316083e-01
1.084400e+00 5.277343e-01
1.084600e+00 5.236950e-01
1.084800e+00 5.195151e-01
1.085000e+00 5.152198e-01
1.085200e+00 5.108345e-01
1.085400e+00 5.063843e-01
1.085600e+00 5.018945e-01
1.085800e+00 4.973897e-01
1.086000e+00 4.928940e-01
1.086200e+00 4.884308e-01
1.086400e+00 4.840228e-01
1.086600e+00 4.796916e-01
1.086800e+00 4.754576e-01
1.087000e+00 4.713402e-01
1.087200e+00 4.673573e-01
1.087400e+00 4.635256e-01
1.087600e+00 4.598603e-01
1.087800e+00 4.563753e-01
1.088000e+00 4.530828e-01
1.088200e+00 4.499936e-01
1.088400e+00 4.471171e-01
1.088600e+00 4.444612e-01
1.088800e+00 4.420325e-01
1.089000e+00 4.398360e-01
1.089200e+00 4.378756e-01
1.089400e+00 4.361540e-01
1.089600e+00 4.346726e-01
1.089800e+00 4.334319e-01
1.090000e+00 4.324311e-01
1.090200e+00 4.316689e-01
1.090400e+00 4.311431e-01
1.090600e+00 4.308506e-01
1.090800e+00 4.307882e-01
1.091000e+00 4.309517e-01
1.091200e+00 4.313368e-01
1.091400e+00 4.319390e-01
1.091600e+00 4.327534e-01
1.091800e+00 4.337753e-01
1.092000e+00 4.349998e-01
1.092200e+00 4.364221e-01
1.092400e+00 4.380378e-01
1.092600e+00 4.398425e-01
1.092800e+00 4.418325e-01
1.093000e+00 4.440042e-01
1.093200e+00 4.463548e-01
1.093400e+00 4.488818e-01
1.093600e+00 4.515835e-01
1.093800e+00 4.544589e-01
1.094000e+00 4.575077e-01
1.094200e+00 4.607305e-01
1.094400e+00 4.641286e-01
1.094600e+00 4.677043e-01
1.094800e+00 4.714609e-01
1.095000e+00 4.754023e-01
1.095200e+00 4.795335e-01
1.095400e+00 4.838606e-01
1.095600e+00 4.883902e-01
1.095800e+00 4.931298e-01
1.096000e+00 4.980876e-01
1.096200e+00 5.032721e-01
1.096400e+00 5.086922e-01
1.096600e+00 5.143568e-01
1.096800e+00 5.202741e-01
1.097000e+00 5.264519e-01
1.097200e+00 5.328963e-01
1.097400e+00 5.396114e-01
1.097600e+00 5.465985e-01
1.097800e+00 5.538553e-01
1.098000e+00 5.613748e-01
1.098200e+00 5.691441e-01
1.098400e+00 5.771435e-01
1.098600e+00 5.853448e-01
1.098800e+00 5.937104e-01
1.099000e+00 6.021917e-01
1.099200e+00 6.107278e-01
1.099400e+00 6.192447e-01
1.099600e+00 6.276540e-01
1.099800e+00 6.358525e-01
1.100000e+00 6.437219e-01
1.100200e+00 6.511294e-01
1.100400e+00 6.579284e-01
1.100600e+00 6.639604e-01
1.100800e+00 6.690582e-01
1.101000e+00 6.730489e-01
1.101200e+00 6.757597e-01
1.101400e+00 6.770239e-01
1.101600e+00 6.766880e-01
1.101800e+00 6.746213e-01
1.102000e+00 6.707252e-01
1.102200e+00 6.649442e-01
1.102400e+00 6.572775e-01
1.102600e+00 6.477895e-01
1.102800e+00 6.366200e-01
1.103000e+00 6.239921e-01
1.103200e+00 6.102165e-01
1.103400e+00 5.956913e-01
1.103600e+00 5.808956e-01
1.103800e+00 5.663765e-01
1.104000e+00 5.527294e-01
1.104200e+00 5.405706e-01
1.104400e+00 5.305059e-01
1.104600e+00 5.230957e-01
1.104800e+00 5.188197e-01
1.105000e+00 5.180462e-01
1.105200e+00 5.210072e-01
1.105400e+00 5.277832e-01
1.105600e+00 5.382995e-01
1.105800e+00 5.523335e-01
1.106000e+00 5.695319e-01
1.106200e+00 5.894368e-01
1.106400e+00 6.115160e-01
1.106600e+00 6.351958e-01
1.106800e+00 6.598929e-01
1.107000e+00 6.850416e-01
1.107200e+00 7.101174e-01
1.107400e+00 7.346534e-01
1.107600e+00 7.582510e-01
1.107800e+00 7.805852e-01
1.108000e+00 8.014044e-01
1.108200e+00 8.205276e-01
1.108400e+00 8.378376e-01
1.108600e+00 8.532738e-01
1.108800e+00 8.668235e-01
1.109000e+00 8.785133e-01
1.109200e+00 8.884008e-01
1.109400e+00 8.965670e-01
1.109600e+00 9.031100e-01
1.109800e+00 9.081389e-01
1.110000e+00 9.117692e-01
1.110200e+00 9.141188e-01
1.110400e+00 9.153055e-01
1.110600e+00 9.154439e-01
1.110800e+00 9.146447e-01
1.111000e+00 9.130124e-01
1.111200e+00 9.106456e-01
1.111400e+00 9.076357e-01
1.111600e+00 9.040675e-01
1.111800e+00 9.000187e-01
1.112000e+00 8.955600e-01
1.112200e+00 8.907560e-01
1.112400e+00 8.856648e-01
1.112600e+00 8.803388e-01
1.112800e+00 8.748250e-01
1.113000e+00 8.691656e-01
1.113200e+00 8.633980e-01
1.113400e+00 8.575556e-01
1.113600e+00 8.516679e-01
1.113800e+00 8.457609e-01
1.114000e+00 8.398578e-01
1.114200e+00 8.339787e-01
1.114400e+00 8.281413e-01
1.114600e+00 8.223612e-01
1.114800e+00 8.166518e-01
1.115000e+00 8.110248e-01
1.115200e+00 8.054904e-01
1.115400e+00 8.000574e-01
1.115600e+00 7.947331e-01
1.115800e+00 7.895240e-01
1.116000e+00 7.844356e-01
1.116200e+00 7.794724e-01
1.116400e+00 7.746382e-01
1.116600e+00 7.699363e-01
1.116800e+00 7.653693e-01
1.117000e+00 7.609393e-01
1.117200e+00 7.566480e-01
1.117400e+00 7.524969e-01
1.117600e+00 7.484869e-01
1.117800e+00 7.446188e-01
1.118000e+00 7.408932e-01
1.118200e+00 7.373104e-01
1.118400e+00 7.338708e-01
1.118600e+00 7.305743e-01
1.118800e+00 7.274211e-01
1.119000e+00 7.244110e-01
1.119200e+00 7.215439e-01
1.119400e+00 7.188198e-01
1.119600e+00 7.162385e-01
1.119800e+00 7.137998e-01
1.120000e+00 7.115036e-01
1.120200e+00 7.093498e-01
1.120400e+00 7.073384e-01
1.120600e+00 7.054693e-01
1.120800e+00 7.037426e-01
1.121000e+00 7.021585e-01
1.121200e+00 7.007170e-01
1.121400e+00 6.994185e-01
1.121600e+00 6.982632e-01
1.121800e+00 6.972517e-01
1.122000e+00 6.963845e-01
1.122200e+00 6.956622e-01
1.122400e+00 6.950856e-01
1.122600e+00 6.946554e-01
1.122800e+00 6.943727e-01
1.123000e+00 6.942384e-01
1.123200e+00 6.942539e-01
1.123400e+00 6.944203e-01
1.123600e+00 6.947391e-01
1.123800e+00 6.952118e-01
1.124000e+00 6.958401e-01
1.124200e+00 6.966257e-01
1.124400e+00 6.975706e-01
1.124600e+00 6.986767e-01
1.124800e+00 6.999462e-01
1.125000e+00 7.013813e-01
1.125200e+00 7.029844e-01
1.125400e+00 7.047579e-01
1.125600e+00 7.067044e-01
1.125800e+00 7.088266e-01
1.126000e+00 7.111271e-01
1.126200e+00 7.136089e-01
1.126400e+00 7.162748e-01
1.126600e+00 7.191277e-01
1.126800e+00 7.221705e-01
1.127000e+00 7.254062e-01
1.127200e+00 7.288378e-01
1.127400e+00 7.324681e-01
1.127600e+00 7.362999e-01
1.127800e+00 7.403358e-01
1.128000e+00 7.445785e-01
1.128200e+00 7.490301e-01
1.128400e+00 7.536927e-01
1.128600e+00 7.585678e-01
1.128800e+00 7.636568e-01
1.129000e+00 7.689601e-01
1.129200e+00 7.744780e-01
1.129400e+00 7.802097e-01
1.129600e+00 7.861535e-01
1.129800e+00 7.923069e-01
1.130000e+00 7.986660e-01
1.130200e+00 8.052257e-01
1.130400e+00 8.119791e-01
1.130600e+00 8.189177e-01
1.130800e+00 8.260306e-01
1.131000e+00 8.333048e-01
1.131200e+00 8.407247e-01
1.131400e+00 8.482715e-01
1.131600e+00 8.559231e-01
1.131800e+00 8.636539e-01
1.132000e+00 8.714341e-01
1.132200e+00 8.792293e-01
1.132400e+00 8.870007e-01
1.132600e+00 8.947038e-01
1.132800e+00 9.022891e-01
1.133000e+00 9.097009e-01
1.133200e+00 9.168780e-01
1.133400e+00 9.237528e-01
1.133600e+00 9.302523e-01
1.133800e+00 9.362978e-01
1.134000e+00 9.418055e-01
1.134200e+00 9.466880e-01
1.134400e+00 9.508550e-01
1.134600e+00 9.542156e-01
1.134800e+00 9.566803e-01
1.135000e+00 9.581637e-01
1.135200e+00 9.585886e-01
1.135400e+00 9.578893e-01
1.135600e+00 9.560166e-01
1.135800e+00 9.529425e-01
1.136000e+00 9.486656e-01
1.136200e+00 9.432160e-01
1.136400e+00 9.366603e-01
1.136600e+00 9.291052e-01
1.136800e+00 9.207004e-01
1.137000e+00 9.116396e-01
1.137200e+00 9.021586e-01
1.137400e+00 8.925315e-01
1.137600e+00 8.830642e-01
1.137800e+00 8.740839e-01
1.138000e+00 8.659271e-01
1.138200e+00 8.589252e-01
1.138400e+00 8.533893e-01
1.138600e+00 8.495941e-01
1.138800e+00 8.477643e-01
1.139000e+00 8.480623e-01
1.139200e+00 8.505804e-01
1.139400e+00 8.553360e-01
1.139600e+00 8.622725e-01
1.139800e+00 8.712639e-01
1.140000e+00 8.821232e-01
1.140200e+00 8.946145e-01
1.140400e+00 9.084665e-01
1.140600e+00 9.233863e-01
1.140800e+00 9.390739e-01
1.141000e+00 9.552346e-01
1.141200e+00 9.715899e-01
1.141400e+00 9.878854e-01
1.141600e+00 1.003897e+00
1.141800e+00 1.019436e+00
1.142000e+00 1.034345e+00
1.142200e+00 1.048506e+00
1.142400e+00 1.061829e+00
1.142600e+00 1.074257e+00
1.142800e+00 1.085757e+00
1.143000e+00 1.096320e+00
1.143200e+00 1.105954e+00
1.143400e+00 1.114682e+00
1.143600e+00 1.122540e+00
1.143800e+00 1.129570e+00
1.144000e+00 1.135823e+00
1.144200e+00 1.141350e+00
1.144400e+00 1.146208e+00
1.144600e+00 1.150453e+00
1.144800e+00 1.154141e+00
1.145000e+00 1.157330e+00
1.145200e+00 1.160073e+00
1.145400e+00 1.162425e+00
1.145600e+00 1.164438e+00
1.145800e+00 1.166161e+00
1.146000e+00 1.167643e+00
1.146200e+00 1.168928e+00
1.146400e+00 1.170056e+00
1.146600e+00 1.171066e+00
1.146800e+00 1.171987e+00
1.147000e+00 1.172847e+00
1.147200e+00 1.173663e+00
1.147400e+00 1.174446e+00
1.147600e+00 1.175201e+00
1.147800e+00 1.175921e+00
1.148000e+00 1.176594e+00
1.148200e+00 1.177199e+00
1.148400e+00 1.177709e+00
1.148600e+00 1.178091e+00
1.148800e+00 1.178310e+00
1.149000e+00 1.178329e+00
1.149200e+00 1.178110e+00
1.149400e+00 1.177618e+00
1.149600e+00 1.176822e+00
1.149800e+00 1.175696e+00
1.150000e+00 1.174220e+00
1.150200e+00 1.172383e+00
1.150400e+00 1.170178e+00
1.150600e+00 1.167609e+00
1.150800e+00 1.164685e+00
1.151000e+00 1.161422e+00
1.151200e+00 1.157841e+00
1.151400e+00 1.153968e+00
1.151600e+00 1.149833e+00
1.151800e+00 1.145467e+00
1.152000e+00 1.140905e+00
1.152200e+00 1.136180e+00
1.152400e+00 1.131327e+00
1.152600e+00 1.126378e+00
1.152800e+00 1.121365e+00
1.153000e+00 1.116317e+00
1.153200e+00 1.111263e+00
1.153400e+00 1.106227e+00
1.153600e+00 1.101232e+00
1.153800e+00 1.096297e+00
1.154000e+00 1.091440e+00
1.154200e+00 1.086674e+00
1.154400e+00 1.082013e+00
1.154600e+00 1.077465e+00
1.154800e+00 1.073039e+00
1.155000e+00 1.068740e+00
1.155200e+00 1.064572e+00
1.155400e+00 1.060536e+00
1.155600e+00 1.056634e+00
1.155800e+00 1.052864e+00
1.156000e+00 1.049224e+00
1.156200e+00 1.045712e+00
1.156400e+00 1.042324e+00
1.156600e+00 1.039054e+00
1.156800e+00 1.035898e+00
1.157000e+00 1.032850e+00
1.157200e+00 1.029904e+00
1.157400e+00 1.027054e+00
1.157600e+00 1.024292e+00
1.157800e+00 1.021612e+00
1.158000e+00 1.019007e+00
1.158200e+00 1.016471e+00
1.158400e+00 1.013997e+00
1.158600e+00 1.011578e+00
1.158800e+00 1.009209e+00
1.159000e+00 1.006883e+00
1.159200e+00 1.004596e+00
1.159400e+00 1.002341e+00
1.159600e+00 1.000114e+00
1.159800e+00 9.979109e-01
1.160000e+00 9.957281e-01
1.160200e+00 9.935626e-01
1.160400e+00 9.914117e-01
1.160600e+00 9.892736e-01
1.160800e+00 9.871472e-01
1.161000e+00 9.850322e-01
1.161200e+00 9.829286e-01
1.161400e+00 9.808377e-01
1.161600e+00 9.787613e-01
1.161800e+00 9.767021e-01
1.162000e+00 9.746634e-01
1.162200e+00 9.726496e-01
1.162400e+00 9.706658e-01
1.162600e+00 9.687180e-01
1.162800e+00 9.668129e-01
1.163000e+00 9.649582e-01
1.163200e+00 9.631623e-01
1.163400e+00 9.614344e-01
1.163600e+00 9.597845e-01
1.163800e+00 9.582234e-01
1.164000e+00 9.567624e-01
1.164200e+00 9.554137e-01
1.164400e+00 9.541900e-01
1.164600e+00 9.531047e-01
1.164800e+00 9.521715e-01
1.165000e+00 9.514050e-01
1.165200e+00 9.508198e-01
1.165400e+00 9.504309e-01
1.165600e+00 9.502540e-01
1.165800e+00 9.503045e-01
1.166000e+00 9.505984e-01
1.166200e+00 9.511517e-01
1.166400e+00 9.519803e-01
1.166600e+00 9.531006e-01
1.166800e+00 9.545286e-01
1.167000e+00 9.562808e-01
1.167200e+00 9.583737e-01
1.167400e+00 9.608243e-01
1.167600e+00 9.636501e-01
1.167800e+00 9.668702e-01
1.168000e+00 9.705058e-01
1.168200e+00 9.745828e-01
1.168400e+00 9.791352e-01
1.168600e+00 9.842153e-01
1.168800e+00 9.899201e-01
1.169000e+00 9.965075e-01
1.169200e+00 1.011149e+00
1.169400e+00 1.025869e+00
1.169600e+00 1.036760e+00
1.169800e+00 1.046752e+00
1.170000e+00 1.056387e+00
1.170200e+00 1.065875e+00
1.170400e+00 1.075317e+00
1.170600e+00 1.084763e+00
1.170800e+00 1.094237e+00
1.171000e+00 1.103748e+00
1.171200e+00 1.113293e+00
1.171400e+00 1.122862e+00
1.171600e+00 1.132440e+00
1.171800e+00 1.142008e+00
1.172000e+00 1.151544e+00
1.172200e+00 1.161022e+00
1.172400e+00 1.170417e+00
1.172600e+00 1.179699e+00
1.172800e+00 1.188841e+00
1.173000e+00 1.197812e+00
1.173200e+00 1.206583e+00
1.173400e+00 1.215124e+00
1.173600e+00 1.223405e+00
1.173800e+00 1.231398e+00
1.174000e+00 1.239074e+00
1.174200e+00 1.246407e+00
1.174400e+00 1.253370e+00
1.174600e+00 1.259940e+00
1.174800e+00 1.266094e+00
1.175000e+00 1.271812e+00
1.175200e+00 1.277075e+00
1.175400e+00 1.281867e+00
1.175600e+00 1.286175e+00
1.175800e+00 1.289986e+00
1.176000e+00 1.293293e+00
1.176200e+00 1.296089e+00
1.176400e+00 1.298369e+00
1.176600e+00 1.300134e+00
1.176800e+00 1.301385e+00
1.177000e+00 1.302126e+00
1.177200e+00 1.302364e+00
1.177400e+00 1.302109e+00
1.177600e+00 1.301373e+00
1.177800e+00 1.300169e+00
1.178000e+00 1.298514e+00
1.178200e+00 1.296426e+00
1.178400e+00 1.293925e+00
1.178600e+00 1.291034e+00
1.178800e+00 1.287775e+00
1.179000e+00 1.284173e+00
1.179200e+00 1.280254e+00
1.179400e+00 1.276044e+00
1.179600e+00 1.271571e+00
1.179800e+00 1.266862e+00
1.180000e+00 1.261945e+00
1.180200e+00 1.256848e+00
1.180400e+00 1.251598e+00
1.180600e+00 1.246223e+00
1.180800e+00 1.240750e+00
1.181000e+00 1.235205e+00
1.181200e+00 1.229613e+00
1.181400e+00 1.223999e+00
1.181600e+00 1.218385e+00
1.181800e+00 1.212795e+00
1.182000e+00 1.207248e+00
1.182200e+00 1.201765e+00
1.182400e+00 1.196363e+00
1.182600e+00 1.191060e+00
1.182800e+00 1.185870e+00
1.183000e+00 1.180808e+00
1.183200e+00 1.175886e+00
1.183400e+00 1.171114e+00
1.183600e+00 1.166504e+00
1.183800e+00 1.162062e+00
1.184000e+00 1.157796e+00
1.184200e+00 1.153713e+00
1.184400e+00 1.149815e+00
1.184600e+00 1.146108e+00
1.184800e+00 1.142593e+00
1.185000e+00 1.139272e+00
1.185200e+00 1.136146e+00
1.185400e+00 1.133213e+00
1.185600e+00 1.130474e+00
1.185800e+00 1.127926e+00
1.186000e+00 1.125567e+00
1.186200e+00 1.123394e+00
1.186400e+00 1.121404e+00
1.186600e+00 1.119593e+00
1.186800e+00 1.117957e+00
1.187000e+00 1.116491e+00
1.187200e+00 1.115190e+00
1.187400e+00 1.114051e+00
1.187600e+00 1.113066e+00
1.187800e+00 1.112232e+00
1.188000e+00 1.111543e+00
1.188200e+00 1.110993e+00
1.188400e+00 1.110577e+00
1.188600e+00 1.110291e+00
1.188800e+00 1.110127e+00
1.189000e+00 1.110082e+00
1.189200e+00 1.110150e+00
1.189400e+00 1.110326e+00
1.189600e+00 1.110605e+00
1.189800e+00 1.110982e+00
1.190000e+00 1.111453e+00
1.190200e+00 1.112012e+00
1.190400e+00 1.112656e+00
1.190600e+00 1.113379e+00
1.190800e+00 1.114178e+00
1.191000e+00 1.115049e+00
1.191200e+00 1.115988e+00
1.191400e+00 1.116990e+00
1.191600e+00 1.118053e+00
1.191800e+00 1.119173e+00
1.192000e+00 1.120346e+00
1.192200e+00 1.121570e+00
1.192400e+00 1.122840e+00
1.192600e+00 1.124154e+00
1.192800e+00 1.125510e+00
1.193000e+00 1.126903e+00
1.193200e+00 1.128331e+00
1.193400e+00 1.129792e+00
1.193600e+00 1.131282e+00
1.193800e+00 1.132799e+00
1.194000e+00 1.134340e+00
1.194200e+00 1.135902e+00
1.194400e+00 1.137483e+00
1.194600e+00 1.139080e+00
1.194800e+00 1.140691e+00
1.195000e+00 1.142311e+00
1.195200e+00 1.143939e+00
1.195400e+00 1.145572e+00
1.195600e+00 1.147206e+00
1.195800e+00 1.148838e+00
1.196000e+00 1.150465e+00
1.196200e+00 1.152083e+00
1.196400e+00 1.153689e+00
1.196600e+00 1.155279e+00
1.196800e+00 1.156848e+00
1.197000e+00 1.158393e+00
1.197200e+00 1.159909e+00
1.197400e+00 1.161391e+00
1.197600e+00 1.162833e+00
1.197800e+00 1.164232e+00
1.198000e+00 1.165580e+00
1.198200e+00 1.166871e+00
1.198400e+00 1.168100e+00
1.198600e+00 1.169259e+00
1.198800e+00 1.170340e+00
1.199000e+00 1.171337e+00
1.199200e+00 1.172241e+00
1.199400e+00 1.173042e+00
1.199600e+00 1.173733e+00
1.199800e+00 1.174303e+00
1.200000e+00 1.174742e+00
1.200200e+00 1.175040e+00
1.200400e+00 1.175185e+00
1.200600e+00 1.175165e+00
1.200800e+00 1.174969e+00
1.201000e+00 1.174584e+00
1.201200e+00 1.173996e+00
1.201400e+00 1.173193e+00
1.201600e+00 1.172160e+00
1.201800e+00 1.170884e+00
1.202000e+00 1.169350e+00
1.202200e+00 1.167545e+00
1.202400e+00 1.165453e+00
1.202600e+00 1.163060e+00
1.202800e+00 1.160353e+00
1.203000e+00 1.157318e+00
1.203200e+00 1.153942e+00
1.203400e+00 1.150214e+00
1.203600e+00 1.146122e+00
1.203800e+00 1.141657e+00
1.204000e+00 1.136811e+00
1.204200e+00 1.131577e+00
1.204400e+00 1.125953e+00
1.204600e+00 1.119936e+00
1.204800e+00 1.113528e+00
1.205000e+00 1.106732e+00
1.205200e+00 1.099558e+00
1.205400e+00 1.092016e+00
1.205600e+00 1.084121e+00
1.205800e+00 1.075893e+00
1.206000e+00 1.067355e+00
1.206200e+00 1.058536e+00
1.206400e+00 1.049468e+00
1.206600e+00 1.040187e+00
1.206800e+00 1.030735e+00
1.207000e+00 1.021155e+00
1.207200e+00 1.011497e+00
1.207400e+00 1.001811e+00
1.207600e+00 9.921508e-01
1.207800e+00 9.825726e-01
1.208000e+00 9.731330e-01
1.208200e+00 9.638887e-01
1.208400e+00 9.548960e-01
1.208600e+00 9.462096e-01
1.208800e+00 9.378818e-01
1.209000e+00 9.299614e-01
1.209200e+00 9.224929e-01
1.209400e+00 9.155159e-01
1.209600e+00 9.090644e-01
1.209800e+00 9.031659e-01
1.210000e+00 8.978415e-01
1.210200e+00 8.931054e-01
1.210400e+00 8.889646e-01
1.210600e+00 8.854195e-01
1.210800e+00 8.824637e-01
1.211000e+00 8.800845e-01
1.211200e+00 8.782634e-01
1.211400e+00 8.769769e-01
1.211600e+00 8.761969e-01
1.211800e+00 8.758915e-01
1.212000e+00 8.760259e-01
1.212200e+00 8.765634e-01
1.212400e+00 8.774654e-01
1.212600e+00 8.786930e-01
1.212800e+00 8.802073e-01
1.213000e+00 8.819699e-01
1.213200e+00 8.839436e-01
1.213400e+00 8.860928e-01
1.213600e+00 8.883838e-01
1.213800e+00 8.907855e-01
1.214000e+00 8.932689e-01
1.214200e+00 8.958078e-01
1.214400e+00 8.983787e-01
1.214600e+00 9.009608e-01
1.214800e+00 9.035359e-01
1.215000e+00 9.060884e-01
1.215200e+00 9.086052e-01
1.215400e+00 9.110755e-01
1.215600e+00 9.134909e-01
1.215800e+00 9.158446e-01
1.216000e+00 9.181319e-01
1.216200e+00 9.203498e-01
1.216400e+00 9.224966e-01
1.216600e+00 9.245721e-01
1.216800e+00 9.265771e-01
1.217000e+00 9.285135e-01
1.217200e+00 9.303839e-01
1.217400e+00 9.321920e-01
1.217600e+00 9.339417e-01
1.217800e+00 9.356376e-01
1.218000e+00 9.372847e-01
1.218200e+00 9.388884e-01
1.218400e+00 9.404543e-01
1.218600e+00 9.419880e-01
1.218800e+00 9.434956e-01
1.219000e+00 9.449830e-01
1.219200e+00 9.464564e-01
1.219400e+00 9.479218e-01
1.219600e+00 9.493853e-01
1.219800e+00 9.508528e-01
1.220000e+00 9.523306e-01
1.220200e+00 9.538243e-01
1.220400e+00 9.553399e-01
1.220600e+00 9.568832e-01
1.220800e+00 9.584596e-01
1.221000e+00 9.600748e-01
1.221200e+00 9.617341e-01
1.221400e+00 9.634427e-01
1.221600e+00 9.652057e-01
1.221800e+00 9.670279e-01
1.222000e+00 9.689140e-01
1.222200e+00 9.708685e-01
1.222400e+00 9.728957e-01
1.222600e+00 9.749994e-01
1.222800e+00 9.771834e-01
1.223000e+00 9.794511e-01
1.223200e+00 9.818054e-01
1.223400e+00 9.842488e-01
1.223600e+00 9.867836e-01
1.223800e+00 9.894114e-01
1.224000e+00 9.921332e-01
1.224200e+00 9.949494e-01
1.224400e+00 9.978599e-01
1.224600e+00 1.000864e+00
1.224800e+00 1.003959e+00
1.225000e+00 1.007142e+00
1.225200e+00 1.010411e+00
1.225400e+00 1.013760e+00
1.225600e+00 1.017183e+00
1.225800e+00 1.020673e+00
1.226000e+00 1.024222e+00
1.226200e+00 1.027820e+00
1.226400e+00 1.031456e+00
1.226600e+00 1.035117e+00
1.226800e+00 1.038789e+00
1.227000e+00 1.042457e+00
1.227200e+00 1.046103e+00
1.227400e+00 1.049710e+00
1.227600e+00 1.053258e+00
1.227800e+00 1.056727e+00
1.228000e+00 1.060095e+00
1.228200e+00 1.063340e+00
1.228400e+00 1.066439e+00
1.228600e+00 1.069371e+00
1.228800e+00 1.072113e+00
1.229000e+00 1.074644e+00
1.229200e+00 1.076943e+00
1.229400e+00 1.078993e+00
1.229600e+00 1.080778e+00
1.229800e+00 1.082283e+00
1.230000e+00 1.083499e+00
1.230200e+00 1.084419e+00
1.230400e+00 1.085038e+00
1.230600e+00 1.085359e+00
1.230800e+00 1.085384e+00
1.231000e+00 1.085122e+00
1.231200e+00 1.084584e+00
1.231400e+00 1.083785e+00
1.231600e+00 1.082743e+00
1.231800e+00 1.081476e+00
1.232000e+00 1.080004e+00
1.232200e+00 1.078349e+00
1.232400e+00 1.076529e+00
1.232600e+00 1.074565e+00
1.232800e+00 1.072474e+00
1.233000e+00 1.070272e+00
1.233200e+00 1.067970e+00
1.233400e+00 1.065580e+00
1.233600e+00 1.063107e+00
1.233800e+00 1.060557e+00
1.234000e+00 1.057933e+00
1.234200e+00 1.055233e+00
1.234400e+00 1.052457e+00
1.234600e+00 1.049603e+00
1.234800e+00 1.046668e+00
1.235000e+00 1.043648e+00
1.235200e+00 1.040542e+00
1.235400e+00 1.037347e+00
1.235600e+00 1.034064e+00
1.235800e+00 1.030693e+00
1.236000e+00 1.027235e+00
1.236200e+00 1.023694e+00
1.236400e+00 1.020075e+00
1.236600e+00 1.016383e+00
1.236800e+00 1.012624e+00
1.237000e+00 1.008807e+00
1.237200e+00 1.004939e+00
1.237400e+00 1.001029e+00
1.237600e+00 9.970838e-01
1.237800e+00 9.931122e-01
1.238000e+00 9.891218e-01
1.238200e+00 9.851196e-01
1.238400e+00 9.811118e-01
1.238600e+00 9.771038e-01
1.238800e+00 9.730999e-01
1.239000e+00 9.691032e-01
1.239200e+00 9.651157e-01
1.239400e+00 9.611383e-01
1.239600e+00 9.571704e-01
1.239800e+00 9.532101e-01
1.240000e+00 9.492545e-01
1.240200e+00 9.452993e-01
1.240400e+00 9.413390e-01
1.240600e+00 9.373670e-01
1.240800e+00 9.333758e-01
1.241000e+00 9.293567e-01
1.241200e+00 9.253004e-01
1.241400e+00 9.211965e-01
1.241600e+00 9.170344e-01
1.241800e+00 9.128026e-01
1.242000e+00 9.084898e-01
1.242200e+00 9.040840e-01
1.242400e+00 8.995738e-01
1.242600e+00 8.949478e-01
1.242800e+00 8.901952e-01
1.243000e+00 8.853061e-01
1.243200e+00 8.802715e-01
1.243400e+00 8.750840e-01
1.243600e+00 8.697379e-01
1.243800e+00 8.642295e-01
1.244000e+00 8.585576e-01
1.244200e+00 8.527238e-01
1.244400e+00 8.467330e-01
1.244600e+00 8.405936e-01
1.244800e+00 8.343180e-01
1.245000e+00 8.279228e-01
1.245200e+00 8.214292e-01
1.245400e+00 8.148631e-01
1.245600e+00 8.082556e-01
1.245800e+00 8.016425e-01
1.246000e+00 7.950645e-01
1.246200e+00 7.885672e-01
1.246400e+00 7.822006e-01
1.246600e+00 7.760181e-01
1.246800e+00 7.700768e-01
1.247000e+00 7.644357e-01
1.247200e+00 7.591549e-01
1.247400e+00 7.542948e-01
1.247600e+00 7.499143e-01
1.247800e+00 7.460694e-01
1.248000e+00 7.428119e-01
1.248200e+00 7.401880e-01
1.248400e+00 7.382363e-01
1.248600e+00 7.369871e-01
1.248800e+00 7.364613e-01
1.249000e+00 7.366688e-01
1.249200e+00 7.376088e-01
1.249400e+00 7.392691e-01
1.249600e+00 7.416261e-01
1.249800e+00 7.446457e-01
1.250000e+00 7.482836e-01
1.250200e+00 7.524870e-01
1.250400e+00 7.571954e-01
1.250600e+00 7.623426e-01
1.250800e+00 7.678583e-01
1.251000e+00 7.736698e-01
1.251200e+00 7.797038e-01
1.251400e+00 7.858882e-01
1.251600e+00 7.921535e-01
1.251800e+00 7.984343e-01
1.252000e+00 8.046700e-01
1.252200e+00 8.108062e-01
1.252400e+00 8.167952e-01
1.252600e+00 8.225961e-01
1.252800e+00 8.281751e-01
1.253000e+00 8.335056e-01
1.253200e+00 8.385678e-01
1.253400e+00 8.433484e-01
1.253600e+00 8.478399e-01
1.253800e+00 8.520404e-01
1.254000e+00 8.559527e-01
1.254200e+00 8.595837e-01
1.254400e+00 8.629437e-01
1.254600e+00 8.660462e-01
1.254800e+00 8.689066e-01
1.255000e+00 8.715423e-01
1.255200e+00 8.739716e-01
1.255400e+00 8.762138e-01
1.255600e+00 8.782886e-01
1.255800e+00 8.802156e-01
1.256000e+00 8.820143e-01
1.256200e+00 8.837035e-01
1.256400e+00 8.853017e-01
1.256600e+00 8.868261e-01
1.256800e+00 8.882934e-01
1.257000e+00 8.897192e-01
1.257200e+00 8.911179e-01
1.257400e+00 8.925029e-01
1.257600e+00 8.938867e-01
1.257800e+00 8.952803e-01
1.258000e+00 8.966941e-01
1.258200e+00 8.981372e-01
1.258400e+00 8.996178e-01
1.258600e+00 9.011432e-01
1.258800e+00 9.027196e-01
1.259000e+00 9.043526e-01
1.259200e+00 9.060470e-01
1.259400e+00 9.078066e-01
1.259600e+00 9.096347e-01
1.259800e+00 9.115340e-01
1.260000e+00 9.135064e-01
1.260200e+00 9.155535e-01
1.260400e+00 9.176763e-01
1.260600e+00 9.198751e-01
1.260800e+00 9.221501e-01
1.261000e+00 9.245009e-01
1.261200e+00 9.269269e-01
1.261400e+00 9.294270e-01
1.261600e+00 9.320000e-01
1.261800e+00 9.346441e-01
1.262000e+00 9.373576e-01
1.262200e+00 9.401385e-01
1.262400e+00 9.429843e-01
1.262600e+00 9.458926e-01
1.262800e+00 9.488607e-01
1.263000e+00 9.518859e-01
1.263200e+00 9.549650e-01
1.263400e+00 9.580950e-01
1.263600e+00 9.612726e-01
1.263800e+00 9.644943e-01
1.264000e+00 9.677566e-01
1.264200e+00 9.710558e-01
1.264400e+00 9.743882e-01
1.264600e+00 9.777496e-01
1.264800e+00 9.811361e-01
1.265000e+00 9.845434e-01
1.265200e+00 9.879671e-01
1.265400e+00 9.914026e-01
1.265600e+00 9.948453e-01
1.265800e+00 9.982903e-01
1.266000e+00 1.001732e+00
1.266200e+00 1.005166e+00
1.266400e+00 1.008586e+00
1.266600e+00 1.011987e+00
1.266800e+00 1.015361e+00
1.267000e+00 1.018704e+00
1.267200e+00 1.022007e+00
1.267400e+00 1.025265e+00
1.267600e+00 1.028469e+00
1.267800e+00 1.031611e+00
1.268000e+00 1.034683e+00
1.268200e+00 1.037676e+00
1.268400e+00 1.040581e+00
1.268600e+00 1.043387e+00
1.268800e+00 1.046084e+00
1.269000e+00 1.048660e+00
1.269200e+00 1.051103e+00
1.269400e+00 1.053400e+00
1.269600e+00 1.055537e+00
1.269800e+00 1.057500e+00
1.270000e+00 1.059273e+00
1.270200e+00 1.060840e+00
1.270400e+00 1.062182e+00
1.270600e+00 1.063283e+00
1.270800e+00 1.064121e+00
1.271000e+00 1.064676e+00
1.271200e+00 1.064927e+00
1.271400e+00 1.064851e+00
1.271600e+00 1.064424e+00
1.271800e+00 1.063621e+00
1.272000e+00 1.062416e+00
1.272200e+00 1.060782e+00
1.272400e+00 1.058693e+00
1.272600e+00 1.056120e+00
1.272800e+00 1.053035e+00
1.273000e+00 1.049410e+00
1.273200e+00 1.045216e+00
1.273400e+00 1.040426e+00
1.273600e+00 1.035014e+00
1.273800e+00 1.028954e+00
1.274000e+00 1.022223e+00
1.274200e+00 1.014802e+00
1.274400e+00 1.006674e+00
1.274600e+00 9.978268e-01
1.274800e+00 9.882533e-01
1.275000e+00 9.779530e-01
1.275200e+00 9.669329e-01
1.275400e+00 9.552082e-01
1.275600e+00 9.428038e-01
1.275800e+00 9.297556e-01
1.276000e+00 9.161111e-01
1.276200e+00 9.019312e-01
1.276400e+00 8.872903e-01
1.276600e+00 8.722777e-01
1.276800e+00 8.569978e-01
1.277000e+00 8.415705e-01
1.277200e+00 8.261305e-01
1.277400e+00 8.108273e-01
1.277600e+00 7.958236e-01
1.277800e+00 7.812939e-01
1.278000e+00 7.674216e-01
1.278200e+00 7.543967e-01
1.278400e+00 7.424120e-01
1.278600e+00 7.316590e-01
1.278800e+00 7.223234e-01
1.279000e+00 7.145803e-01
1.279200e+00 7.085892e-01
1.279400e+00 7.044892e-01
1.279600e+00 7.023941e-01
1.279800e+00 7.023883e-01
1.280000e+00 7.045232e-01
1.280200e+00 7.088145e-01
1.280400e+00 7.152410e-01
1.280600e+00 7.237435e-01
1.280800e+00 7.342265e-01
1.281000e+00 7.465593e-01
1.281200e+00 7.605801e-01
1.281400e+00 7.760996e-01
1.281600e+00 7.929059e-01
1.281800e+00 8.107708e-01
1.282000e+00 8.294549e-01
1.282200e+00 8.487144e-01
1.282400e+00 8.683060e-01
1.282600e+00 8.879932e-01
1.282800e+00 9.075506e-01
1.283000e+00 9.267681e-01
1.283200e+00 9.454545e-01
1.283400e+00 9.634395e-01
1.283600e+00 9.805759e-01
1.283800e+00 9.967397e-01
1.284000e+00 1.011831e+00
1.284200e+00 1.025773e+00
1.284400e+00 1.038510e+00
1.284600e+00 1.050008e+00
1.284800e+00 1.060253e+00
1.285000e+00 1.069244e+00
1.285200e+00 1.076998e+00
1.285400e+00 1.083544e+00
1.285600e+00 1.088920e+00
1.285800e+00 1.093174e+00
1.286000e+00 1.096361e+00
1.286200e+00 1.098538e+00
1.286400e+00 1.099770e+00
1.286600e+00 1.100120e+00
1.286800e+00 1.099653e+00
1.287000e+00 1.098435e+00
1.287200e+00 1.096530e+00
1.287400e+00 1.094000e+00
1.287600e+00 1.090907e+00
1.287800e+00 1.087308e+00
1.288000e+00 1.083258e+00
1.288200e+00 1.078809e+00
1.288400e+00 1.074011e+00
1.288600e+00 1.068908e+00
1.288800e+00 1.063542e+00
1.289000e+00 1.057954e+00
1.289200e+00 1.052179e+00
1.289400e+00 1.046250e+00
1.289600e+00 1.040197e+00
1.289800e+00 1.034047e+00
1.290000e+00 1.027826e+00
1.290200e+00 1.021555e+00
1.290400e+00 1.015255e+00
1.290600e+00 1.008943e+00
1.290800e+00 1.002635e+00
1.291000e+00 9.963449e-01
1.291200e+00 9.900859e-01
1.291400e+00 9.838683e-01
1.291600e+00 9.777016e-01
1.291800e+00 9.715938e-01
1.292000e+00 9.655519e-01
1.292200e+00 9.595818e-01
1.292400e+00 9.536883e-01
1.292600e+00 9.478755e-01
1.292800e+00 9.421465e-01
1.293000e+00 9.365038e-01
1.293200e+00 9.309493e-01
1.293400e+00 9.254842e-01
1.293600e+00 9.201094e-01
1.293800e+00 9.148250e-01
1.294000e+00 9.096311e-01
1.294200e+00 9.045270e-01
1.294400e+00 8.995121e-01
1.294600e+00 8.945851e-01
1.294800e+00 8.897449e-01
1.295000e+00 8.849898e-01
1.295200e+00 8.803181e-01
1.295400e+00 8.757278e-01
1.295600e+00 8.712170e-01
1.295800e+00 8.667835e-01
1.296000e+00 8.624249e-01
1.296200e+00 8.581389e-01
1.296400e+00 8.539232e-01
1.296600e+00 8.497751e-01
1.296800e+00 8.456922e-01
1.297000e+00 8.416719e-01
1.297200e+00 8.377115e-01
1.297400e+00 8.338086e-01
1.297600e+00 8.299604e-01
1.297800e+00 8.261643e-01
1.298000e+00 8.224177e-01
1.298200e+00 8.187181e-01
1.298400e+00 8.150627e-01
1.298600e+00 8.114492e-01
1.298800e+00 8.078748e-01
1.299000e+00 8.043372e-01
1.299200e+00 8.008338e-01
1.299400e+00 7.973623e-01
1.299600e+00 7.939202e-01
1.299800e+00 7.905052e-01
1.300000e+00 7.871151e-01
1.300200e+00 7.837476e-01
1.300400e+00 7.804005e-01
1.300600e+00 7.770718e-01
1.300800e+00 7.737594e-01
1.301000e+00 7.704613e-01
1.301200e+00 7.671758e-01
1.301400e+00 7.639010e-01
1.301600e+00 7.606351e-01
1.301800e+00 7.573766e-01
1.302000e+00 7.541240e-01
1.302200e+00 7.508757e-01
1.302400e+00 7.476307e-01
1.302600e+00 7.443875e-01
1.302800e+00 7.411452e-01
1.303000e+00 7.379028e-01
1.303200e+00 7.346595e-01
1.303400e+00 7.314147e-01
1.303600e+00 7.281678e-01
1.303800e+00 7.249185e-01
1.304000e+00 7.216666e-01
1.304200e+00 7.184121e-01
1.304400e+00 7.151551e-01
1.304600e+00 7.118961e-01
1.304800e+00 7.086357e-01
1.305000e+00 7.053746e-01
1.305200e+00 7.021138e-01
1.305400e+00 6.988547e-01
1.305600e+00 6.955988e-01
1.305800e+00 6.923477e-01
1.306000e+00 6.891037e-01
1.306200e+00 6.858689e-01
1.306400e+00 6.826460e-01
1.306600e+00 6.794379e-01
1.306800e+00 6.762480e-01
1.307000e+00 6.730796e-01
1.307200e+00 6.699367e-01
1.307400e+00 6.668236e-01
1.307600e+00 6.637449e-01
1.307800e+00 6.607054e-01
1.308000e+00 6.577105e-01
1.308200e+00 6.547658e-01
1.308400e+00 6.518774e-01
1.308600e+00 6.490518e-01
1.308800e+00 6.462956e-01
1.309000e+00 6.436161e-01
1.309200e+00 6.410208e-01
1.309400e+00 6.385176e-01
1.309600e+00 6.361147e-01
1.309800e+00 6.338206e-01
1.310000e+00 6.316443e-01
1.310200e+00 6.295950e-01
1.310400e+00 6.276820e-01
1.310600e+00 6.259152e-01
1.310800e+00 6.243043e-01
1.311000e+00 6.228596e-01
1.311200e+00 6.215912e-01
1.311400e+00 6.205093e-01
1.311600e+00 6.196245e-01
1.311800e+00 6.189468e-01
1.312000e+00 6.184866e-01
1.312200e+00 6.182539e-01
1.312400e+00 6.182585e-01
1.312600e+00 6.185098e-01
1.312800e+00 6.190170e-01
1.313000e+00 6.197886e-01
1.313200e+00 6.208326e-01
1.313400e+00 6.221562e-01
1.313600e+00 6.237658e-01
1.313800e+00 6.256671e-01
1.314000e+00 6.278644e-01
1.314200e+00 6.303611e-01
1.314400e+00 6.331592e-01
1.314600e+00 6.362593e-01
1.314800e+00 6.396605e-01
1.315000e+00 6.433602e-01
1.315200e+00 6.473540e-01
1.315400e+00 6.516356e-01
1.315600e+00 6.561968e-01
1.315800e+00 6.610271e-01
1.316000e+00 6.661138e-01
1.316200e+00 6.714418e-01
1.316400e+00 6.769937e-01
1.316600e+00 6.827495e-01
1.316800e+00 6.886866e-01
1.317000e+00 6.947799e-01
1.317200e+00 7.010014e-01
1.317400e+00 7.073207e-01
1.317600e+00 7.137047e-01
1.317800e+00 7.201175e-01
1.318000e+00 7.265209e-01
1.318200e+00 7.328740e-01
1.318400e+00 7.391337e-01
1.318600e+00 7.452547e-01
1.318800e+00 7.511897e-01
1.319000e+00 7.568897e-01
1.319200e+00 7.623042e-01
1.319400e+00 7.673817e-01
1.319600e+00 7.720698e-01
1.319800e+00 7.763158e-01
1.320000e+00 7.800674e-01
1.320200e+00 7.832728e-01
1.320400e+00 7.858816e-01
1.320600e+00 7.878456e-01
1.320800e+00 7.891190e-01
1.321000e+00 7.896596e-01
1.321200e+00 7.894298e-01
1.321400e+00 7.883966e-01
1.321600e+00 7.865337e-01
1.321800e+00 7.838212e-01
1.322000e+00 7.802477e-01
1.322200e+00 7.758101e-01
1.322400e+00 7.705154e-01
1.322600e+00 7.643809e-01
1.322800e+00 7.574353e-01
1.323000e+00 7.497193e-01
1.323200e+00 7.412857e-01
1.323400e+00 7.322005e-01
1.323600e+00 7.225420e-01
1.323800e+00 7.124015e-01
1.324000e+00 7.018824e-01
1.324200e+00 6.910999e-01
1.324400e+00 6.801796e-01
1.324600e+00 6.692561e-01
1.324800e+00 6.584720e-01
1.325000e+00 6.479754e-01
1.325200e+00 6.379178e-01
1.325400e+00 6.284518e-01
1.325600e+00 6.197285e-01
1.325800e+00 6.118946e-01
1.326000e+00 6.050897e-01
1.326200e+00 5.994439e-01
1.326400e+00 5.950746e-01
1.326600e+00 5.920848e-01
1.326800e+00 5.905604e-01
1.327000e+00 5.905689e-01
1.327200e+00 5.921578e-01
1.327400e+00 5.953540e-01
1.327600e+00 6.001631e-01
1.327800e+00 6.065698e-01
1.328000e+00 6.145385e-01
1.328200e+00 6.240141e-01
1.328400e+00 6.349237e-01
1.328600e+00 6.471782e-01
1.328800e+00 6.606748e-01
1.329000e+00 6.752988e-01
1.329200e+00 6.909262e-01
1.329400e+00 7.074264e-01
1.329600e+00 7.246643e-01
1.329800e+00 7.425029e-01
1.330000e+00 7.608052e-01
1.330200e+00 7.794367e-01
1.330400e+00 7.982668e-01
1.330600e+00 8.171705e-01
1.330800e+00 8.360297e-01
1.331000e+00 8.547341e-01
1.331200e+00 8.731822e-01
1.331400e+00 8.912816e-01
1.331600e+00 9.089495e-01
1.331800e+00 9.261126e-01
1.332000e+00 9.427071e-01
1.332200e+00 9.586785e-01
1.332400e+00 9.739812e-01
1.332600e+00 9.885783e-01
1.332800e+00 1.002441e+00
1.333000e+00 1.015546e+00
1.333200e+00 1.027880e+00
1.333400e+00 1.039433e+00
1.333600e+00 1.050202e+00
1.333800e+00 1.060189e+00
1.334000e+00 1.069397e+00
1.334200e+00 1.077838e+00
1.334400e+00 1.085523e+00
1.334600e+00 1.092466e+00
1.334800e+00 1.098686e+00
1.335000e+00 1.104199e+00
1.335200e+00 1.109027e+00
1.335400e+00 1.113190e+00
1.335600e+00 1.116710e+00
1.335800e+00 1.119608e+00
1.336000e+00 1.121906e+00
1.336200e+00 1.123627e+00
1.336400e+00 1.124792e+00
1.336600e+00 1.125422e+00
1.336800e+00 1.125539e+00
1.337000e+00 1.125162e+00
1.337200e+00 1.124312e+00
1.337400e+00 1.123008e+00
1.337600e+00 1.121269e+00
1.337800e+00 1.119111e+00
1.338000e+00 1.116554e+00
1.338200e+00 1.113612e+00
1.338400e+00 1.110303e+00
1.338600e+00 1.106641e+00
1.338800e+00 1.102642e+00
1.339000e+00 1.098321e+00
1.339200e+00 1.093690e+00
1.339400e+00 1.088765e+00
1.339600e+00 1.083559e+00
1.339800e+00 1.078085e+00
1.340000e+00 1.072356e+00
1.340200e+00 1.066386e+00
1.340400e+00 1.060187e+00
1.340600e+00 1.053774e+00
1.340800e+00 1.047160e+00
1.341000e+00 1.040359e+00
1.341200e+00 1.033384e+00
1.341400e+00 1.026250e+00
1.341600e+00 1.018973e+00
1.341800e+00 1.011566e+00
1.342000e+00 1.004046e+00
1.342200e+00 9.964291e-01
1.342400e+00 9.887318e-01
1.342600e+00 9.809714e-01
1.342800e+00 9.731655e-01
1.343000e+00 9.653322e-01
1.343200e+00 9.574901e-01
1.343400e+00 9.496584e-01
1.343600e+00 9.418563e-01
1.343800e+00 9.341035e-01
1.344000e+00 9.264200e-01
1.344200e+00 9.188257e-01
1.344400e+00 9.113409e-01
1.344600e+00 9.039855e-01
1.344800e+00 8.967795e-01
1.345000e+00 8.897423e-01
1.345200e+00 8.828933e-01
1.345400e+00 8.762510e-01
1.345600e+00 8.698336e-01
1.345800e+00 8.636581e-01
1.346000e+00 8.577411e-01
1.346200e+00 8.520976e-01
1.346400e+00 8.467419e-01
1.346600e+00 8.416869e-01
1.346800e+00 8.369440e-01
1.347000e+00 8.325234e-01
1.347200e+00 8.284336e-01
1.347400e+00 8.246815e-01
1.347600e+00 8.212724e-01
1.347800e+00 8.182100e-01
1.348000e+00 8.154963e-01
1.348200e+00 8.131315e-01
1.348400e+00 8.111143e-01
1.348600e+00 8.094414e-01
1.348800e+00 8.081084e-01
1.349000e+00 8.071090e-01
1.349200e+00 8.064355e-01
1.349400e+00 8.060791e-01
1.349600e+00 8.060293e-01
1.349800e+00 8.062747e-01
1.350000e+00 8.068029e-01
1.350200e+00 8.076005e-01
1.350400e+00 8.086533e-01
1.350600e+00 8.099463e-01
1.350800e+00 8.114644e-01
1.351000e+00 8.131916e-01
1.351200e+00 8.151119e-01
1.351400e+00 8.172092e-01
1.351600e+00 8.194673e-01
1.351800e+00 8.218701e-01
1.352000e+00 8.244016e-01
1.352200e+00 8.270463e-01
1.352400e+00 8.297890e-01
1.352600e+00 8.326149e-01
1.352800e+00 8.355099e-01
1.353000e+00 8.384604e-01
1.353200e+00 8.414534e-01
1.353400e+00 8.444770e-01
1.353600e+00 8.475194e-01
1.353800e+00 8.505702e-01
1.354000e+00 8.536195e-01
1.354200e+00 8.566581e-01
1.354400e+00 8.596779e-01
1.354600e+00 8.626713e-01
1.354800e+00 8.656318e-01
1.355000e+00 8.685535e-01
1.355200e+00 8.714312e-01
1.355400e+00 8.742607e-01
1.355600e+00 8.770383e-01
1.355800e+00 8.797610e-01
1.356000e+00 8.824266e-01
1.356200e+00 8.850334e-01
1.356400e+00 8.875804e-01
1.356600e+00 8.900669e-01
1.356800e+00 8.924930e-01
1.357000e+00 8.948592e-01
1.357200e+00 8.971664e-01
1.357400e+00 8.994160e-01
1.357600e+00 9.016095e-01
1.357800e+00 9.037491e-01
1.358000e+00 9.058371e-01
1.358200e+00 9.078760e-01
1.358400e+00 9.098688e-01
1.358600e+00 9.118186e-01
1.358800e+00 9.137284e-01
1.359000e+00 9.156018e-01
1.359200e+00 9.174423e-01
1.359400e+00 9.192535e-01
1.359600e+00 9.210390e-01
1.359800e+00 9.228028e-01
1.360000e+00 9.245484e-01
1.360200e+00 9.262799e-01
1.360400e+00 9.280009e-01
1.360600e+00 9.297153e-01
1.360800e+00 9.314268e-01
1.361000e+00 9.331392e-01
1.361200e+00 9.348561e-01
1.361400e+00 9.365810e-01
1.361600e+00 9.383175e-01
1.361800e+00 9.400688e-01
1.362000e+00 9.418382e-01
1.362200e+00 9.436289e-01
1.362400e+00 9.454437e-01
1.362600e+00 9.472855e-01
1.362800e+00 9.491569e-01
1.363000e+00 9.510603e-01
1.363200e+00 9.529980e-01
1.363400e+00 9.549721e-01
1.363600e+00 9.569843e-01
1.363800e+00 9.590363e-01
1.364000e+00 9.611293e-01
1.364200e+00 9.632645e-01
1.364400e+00 9.654427e-01
1.364600e+00 9.676644e-01
1.364800e+00 9.699298e-01
1.365000e+00 9.722387e-01
1.365200e+00 9.745908e-01
1.365400e+00 9.769851e-01
1.365600e+00 9.794205e-01
1.365800e+00 9.818953e-01
1.366000e+00 9.844077e-01
1.366200e+00 9.869550e-01
1.366400e+00 9.895345e-01
1.366600e+00 9.921427e-01
1.366800e+00 9.947756e-01
1.367000e+00 9.974290e-01
1.367200e+00 1.000098e+00
1.367400e+00 1.002776e+00
1.367600e+00 1.005459e+00
1.367800e+00 1.008138e+00
1.368000e+00 1.010807e+00
1.368200e+00 1.013457e+00
1.368400e+00 1.016080e+00
1.368600e+00 1.018667e+00
1.368800e+00 1.021206e+00
1.369000e+00 1.023687e+00
1.369200e+00 1.026099e+00
1.369400e+00 1.028428e+00
1.369600e+00 1.030662e+00
1.369800e+00 1.032787e+00
1.370000e+00 1.034787e+00
1.370200e+00 1.036647e+00
1.370400e+00 1.038351e+00
1.370600e+00 1.039882e+00
1.370800e+00 1.041221e+00
1.371000e+00 1.042350e+00
1.371200e+00 1.043251e+00
1.371400e+00 1.043902e+00
1.371600e+00 1.044284e+00
1.371800e+00 1.044376e+00
1.372000e+00 1.044157e+00
1.372200e+00 1.043606e+00
1.372400e+00 1.042701e+00
1.372600e+00 1.041421e+00
1.372800e+00 1.039745e+00
1.373000e+00 1.037652e+00
1.373200e+00 1.035122e+00
1.373400e+00 1.032136e+00
1.373600e+00 1.028676e+00
1.373800e+00 1.024725e+00
1.374000e+00 1.020268e+00
1.374200e+00 1.015293e+00
1.374400e+00 1.009788e+00
1.374600e+00 1.003746e+00
1.374800e+00 9.971611e-01
1.375000e+00 9.900331e-01
1.375200e+00 9.823640e-01
1.375400e+00 9.741606e-01
1.375600e+00 9.654341e-01
1.375800e+00 9.562007e-01
1.376000e+00 9.464820e-01
1.376200e+00 9.363051e-01
1.376400e+00 9.257027e-01
1.376600e+00 9.147139e-01
1.376800e+00 9.033836e-01
1.377000e+00 8.917630e-01
1.377200e+00 8.799093e-01
1.377400e+00 8.678856e-01
1.377600e+00 8.557607e-01
1.377800e+00 8.436085e-01
1.378000e+00 8.315075e-01
1.378200e+00 8.195403e-01
1.378400e+00 8.077926e-01
1.378600e+00 7.963520e-01
1.378800e+00 7.853077e-01
1.379000e+00 7.747484e-01
1.379200e+00 7.647616e-01
1.379400e+00 7.554322e-01
1.379600e+00 7.468410e-01
1.379800e+00 7.390632e-01
1.380000e+00 7.321676e-01
1.380200e+00 7.262144e-01
1.380400e+00 7.212551e-01
1.380600e+00 7.173306e-01
1.380800e+00 7.144708e-01
1.381000e+00 7.126937e-01
1.381200e+00 7.120050e-01
1.381400e+00 7.123981e-01
1.381600e+00 7.138540e-01
1.381800e+00 7.163414e-01
1.382000e+00 7.198178e-01
1.382200e+00 7.242299e-01
1.382400e+00 7.295145e-01
1.382600e+00 7.356002e-01
1.382800e+00 7.424083e-01
1.383000e+00 7.498543e-01
1.383200e+00 7.578496e-01
1.383400e+00 7.663031e-01
1.383600e+00 7.751223e-01
1.383800e+00 7.842151e-01
1.384000e+00 7.934914e-01
1.384200e+00 8.028640e-01
1.384400e+00 8.122496e-01
1.384600e+00 8.215705e-01
1.384800e+00 8.307546e-01
1.385000e+00 8.397365e-01
1.385200e+00 8.484580e-01
1.385400e+00 8.568682e-01
1.385600e+00 8.649238e-01
1.385800e+00 8.725888e-01
1.386000e+00 8.798348e-01
1.386200e+00 8.866407e-01
1.386400e+00 8.929920e-01
1.386600e+00 8.988809e-01
1.386800e+00 9.043053e-01
1.387000e+00 9.092687e-01
1.387200e+00 9.137796e-01
1.387400e+00 9.178508e-01
1.387600e+00 9.214989e-01
1.387800e+00 9.247437e-01
1.388000e+00 9.276078e-01
1.388200e+00 9.301161e-01
1.388400e+00 9.322951e-01
1.388600e+00 9.341726e-01
1.388800e+00 9.357773e-01
1.389000e+00 9.371382e-01
1.389200e+00 9.382846e-01
1.389400e+00 9.392454e-01
1.389600e+00 9.400491e-01
1.389800e+00 9.407236e-01
1.390000e+00 9.412956e-01
1.390200e+00 9.417907e-01
1.390400e+00 9.422333e-01
1.390600e+00 9.426463e-01
1.390800e+00 9.430511e-01
1.391000e+00 9.434674e-01
1.391200e+00 9.439134e-01
1.391400e+00 9.444055e-01
1.391600e+00 9.449584e-01
1.391800e+00 9.455851e-01
1.392000e+00 9.462967e-01
1.392200e+00 9.471031e-01
1.392400e+00 9.480121e-01
1.392600e+00 9.490303e-01
1.392800e+00 9.501625e-01
1.393000e+00 9.514123e-01
1.393200e+00 9.527818e-01
1.393400e+00 9.542720e-01
1.393600e+00 9.558826e-01
1.393800e+00 9.576123e-01
1.394000e+00 9.594588e-01
1.394200e+00 9.614189e-01
1.394400e+00 9.634888e-01
1.394600e+00 9.656637e-01
1.394800e+00 9.679384e-01
1.395000e+00 9.703074e-01
1.395200e+00 9.727643e-01
1.395400e+00 9.753029e-01
1.395600e+00 9.779165e-01
1.395800e+00 9.805983e-01
1.396000e+00 9.833412e-01
1.396200e+00 9.861386e-01
1.396400e+00 9.889833e-01
1.396600e+00 9.918687e-01
1.396800e+00 9.947881e-01
1.397000e+00 9.977351e-01
1.397200e+00 1.000703e+00
1.397400e+00 1.003687e+00
1.397600e+00 1.006680e+00
1.397800e+00 1.009678e+00
1.398000e+00 1.012675e+00
1.398200e+00 1.015667e+00
1.398400e+00 1.018649e+00
1.398600e+00 1.021618e+00
1.398800e+00 1.024570e+00
1.399000e+00 1.027501e+00
1.399200e+00 1.030409e+00
1.399400e+00 1.033292e+00
1.399600e+00 1.036148e+00
1.399800e+00 1.038974e+00
