1.000000e+00 1.037443e+00
1.000200e+00 1.037300e+00
1.000400e+00 1.037166e+00
1.000600e+00 1.037046e+00
1.000800e+00 1.036946e+00
1.001000e+00 1.036871e+00
1.001200e+00 1.036825e+00
1.001400e+00 1.036814e+00
1.001600e+00 1.036843e+00
1.001800e+00 1.036916e+00
1.002000e+00 1.037037e+00
1.002200e+00 1.037212e+00
1.002400e+00 1.037445e+00
1.002600e+00 1.037740e+00
1.002800e+00 1.038102e+00
1.003000e+00 1.038533e+00
1.003200e+00 1.039038e+00
1.003400e+00 1.039620e+00
1.003600e+00 1.040282e+00
1.003800e+00 1.041028e+00
1.004000e+00 1.041859e+00
1.004200e+00 1.042780e+00
1.004400e+00 1.043791e+00
1.004600e+00 1.044894e+00
1.004800e+00 1.046092e+00
1.005000e+00 1.047386e+00
1.005200e+00 1.048776e+00
1.005400e+00 1.050263e+00
1.005600e+00 1.051848e+00
1.005800e+00 1.053530e+00
1.006000e+00 1.055309e+00
1.006200e+00 1.057186e+00
1.006400e+00 1.059157e+00
1.006600e+00 1.061223e+00
1.006800e+00 1.063382e+00
1.007000e+00 1.065631e+00
1.007200e+00 1.067970e+00
1.007400e+00 1.070394e+00
1.007600e+00 1.072901e+00
1.007800e+00 1.075489e+00
1.008000e+00 1.078152e+00
1.008200e+00 1.080889e+00
1.008400e+00 1.083695e+00
1.008600e+00 1.086565e+00
1.008800e+00 1.089495e+00
1.009000e+00 1.092479e+00
1.009200e+00 1.095514e+00
1.009400e+00 1.098592e+00
1.009600e+00 1.101709e+00
1.009800e+00 1.104858e+00
1.010000e+00 1.108032e+00
1.010200e+00 1.111226e+00
1.010400e+00 1.114431e+00
1.010600e+00 1.117640e+00
1.010800e+00 1.120845e+00
1.011000e+00 1.124038e+00
1.011200e+00 1.127210e+00
1.011400e+00 1.130352e+00
1.011600e+00 1.133454e+00
1.011800e+00 1.136506e+00
1.012000e+00 1.139498e+00
1.012200e+00 1.142418e+00
1.012400e+00 1.145255e+00
1.012600e+00 1.147997e+00
1.012800e+00 1.150631e+00
1.013000e+00 1.153145e+00
1.013200e+00 1.155525e+00
1.013400e+00 1.157757e+00
1.013600e+00 1.159826e+00
1.013800e+00 1.161719e+00
1.014000e+00 1.163420e+00
1.014200e+00 1.164914e+00
1.014400e+00 1.166185e+00
1.014600e+00 1.167219e+00
1.014800e+00 1.167999e+00
1.015000e+00 1.168510e+00
1.015200e+00 1.168738e+00
1.015400e+00 1.168667e+00
1.015600e+00 1.168283e+00
1.015800e+00 1.167572e+00
1.016000e+00 1.166522e+00
1.016200e+00 1.165120e+00
1.016400e+00 1.163356e+00
1.016600e+00 1.161220e+00
1.016800e+00 1.158703e+00
1.017000e+00 1.155798e+00
1.017200e+00 1.152502e+00
1.017400e+00 1.148808e+00
1.017600e+00 1.144718e+00
1.017800e+00 1.140229e+00
1.018000e+00 1.135346e+00
1.018200e+00 1.130071e+00
1.018400e+00 1.124412e+00
1.018600e+00 1.118376e+00
1.018800e+00 1.111975e+00
1.019000e+00 1.105219e+00
1.019200e+00 1.098125e+00
1.019400e+00 1.090706e+00
1.019600e+00 1.082982e+00
1.019800e+00 1.074970e+00
1.020000e+00 1.066692e+00
1.020200e+00 1.058168e+00
1.020400e+00 1.049422e+00
1.020600e+00 1.040476e+00
1.020800e+00 1.031354e+00
1.021000e+00 1.022080e+00
1.021200e+00 1.012679e+00
1.021400e+00 1.003174e+00
1.021600e+00 9.935897e-01
1.021800e+00 9.839501e-01
1.022000e+00 9.742781e-01
1.022200e+00 9.645962e-01
1.022400e+00 9.549262e-01
1.022600e+00 9.452888e-01
1.022800e+00 9.357041e-01
1.023000e+00 9.261908e-01
1.023200e+00 9.167666e-01
1.023400e+00 9.074482e-01
1.023600e+00 8.982509e-01
1.023800e+00 8.891890e-01
1.024000e+00 8.802755e-01
1.024200e+00 8.715224e-01
1.024400e+00 8.629404e-01
1.024600e+00 8.545391e-01
1.024800e+00 8.463272e-01
1.025000e+00 8.383121e-01
1.025200e+00 8.305006e-01
1.025400e+00 8.228981e-01
1.025600e+00 8.155096e-01
1.025800e+00 8.083389e-01
1.026000e+00 8.013893e-01
1.026200e+00 7.946634e-01
1.026400e+00 7.881628e-01
1.026600e+00 7.818890e-01
1.026800e+00 7.758427e-01
1.027000e+00 7.700240e-01
1.027200e+00 7.644329e-01
1.027400e+00 7.590686e-01
1.027600e+00 7.539302e-01
1.027800e+00 7.490164e-01
1.028000e+00 7.443257e-01
1.028200e+00 7.398563e-01
1.028400e+00 7.356060e-01
1.028600e+00 7.315729e-01
1.028800e+00 7.277543e-01
1.029000e+00 7.241480e-01
1.029200e+00 7.207512e-01
1.029400e+00 7.175612e-01
1.029600e+00 7.145754e-01
1.029800e+00 7.117908e-01
1.030000e+00 7.092047e-01
1.030200e+00 7.068140e-01
1.030400e+00 7.046159e-01
1.030600e+00 7.026076e-01
1.030800e+00 7.007860e-01
1.031000e+00 6.991483e-01
1.031200e+00 6.976916e-01
1.031400e+00 6.964131e-01
1.031600e+00 6.953100e-01
1.031800e+00 6.943796e-01
1.032000e+00 6.936191e-01
1.032200e+00 6.930258e-01
1.032400e+00 6.925971e-01
1.032600e+00 6.923306e-01
1.032800e+00 6.922236e-01
1.033000e+00 6.922738e-01
1.033200e+00 6.924789e-01
1.033400e+00 6.928364e-01
1.033600e+00 6.933442e-01
1.033800e+00 6.940001e-01
1.034000e+00 6.948020e-01
1.034200e+00 6.957479e-01
1.034400e+00 6.968359e-01
1.034600e+00 6.980641e-01
1.034800e+00 6.994307e-01
1.035000e+00 7.009339e-01
1.035200e+00 7.025721e-01
1.035400e+00 7.043438e-01
1.035600e+00 7.062473e-01
1.035800e+00 7.082814e-01
1.036000e+00 7.104445e-01
1.036200e+00 7.127355e-01
1.036400e+00 7.151530e-01
1.036600e+00 7.176960e-01
1.036800e+00 7.203633e-01
1.037000e+00 7.231540e-01
1.037200e+00 7.260670e-01
1.037400e+00 7.291014e-01
1.037600e+00 7.322565e-01
1.037800e+00 7.355315e-01
1.038000e+00 7.389255e-01
1.038200e+00 7.424380e-01
1.038400e+00 7.460684e-01
1.038600e+00 7.498160e-01
1.038800e+00 7.536804e-01
1.039000e+00 7.576611e-01
1.039200e+00 7.617575e-01
1.039400e+00 7.659694e-01
1.039600e+00 7.702963e-01
1.039800e+00 7.747378e-01
1.040000e+00 7.792937e-01
1.040200e+00 7.839635e-01
1.040400e+00 7.887471e-01
1.040600e+00 7.936440e-01
1.040800e+00 7.986540e-01
1.041000e+00 8.037767e-01
1.041200e+00 8.090118e-01
1.041400e+00 8.143589e-01
1.041600e+00 8.198176e-01
1.041800e+00 8.253875e-01
1.042000e+00 8.310681e-01
1.042200e+00 8.368588e-01
1.042400e+00 8.427591e-01
1.042600e+00 8.487681e-01
1.042800e+00 8.548852e-01
1.043000e+00 8.611094e-01
1.043200e+00 8.674397e-01
1.043400e+00 8.738749e-01
1.043600e+00 8.804139e-01
1.043800e+00 8.870551e-01
1.044000e+00 8.937969e-01
1.044200e+00 9.006374e-01
1.044400e+00 9.075748e-01
1.044600e+00 9.146067e-01
1.044800e+00 9.217307e-01
1.045000e+00 9.289440e-01
1.045200e+00 9.362436e-01
1.045400e+00 9.436261e-01
1.045600e+00 9.510879e-01
1.045800e+00 9.586250e-01
1.046000e+00 9.662330e-01
1.046200e+00 9.739070e-01
1.046400e+00 9.816420e-01
1.046600e+00 9.894323e-01
1.046800e+00 9.972716e-01
1.047000e+00 1.005154e+00
1.047200e+00 1.013071e+00
1.047400e+00 1.021016e+00
1.047600e+00 1.028980e+00
1.047800e+00 1.036955e+00
1.048000e+00 1.044930e+00
1.048200e+00 1.052897e+00
1.048400e+00 1.060843e+00
1.048600e+00 1.068758e+00
1.048800e+00 1.076629e+00
1.049000e+00 1.084443e+00
1.049200e+00 1.092186e+00
1.049400e+00 1.099844e+00
1.049600e+00 1.107402e+00
1.049800e+00 1.114843e+00
1.050000e+00 1.122150e+00
1.050200e+00 1.129307e+00
1.050400e+00 1.136295e+00
1.050600e+00 1.143094e+00
1.050800e+00 1.149687e+00
1.051000e+00 1.156051e+00
1.051200e+00 1.162168e+00
1.051400e+00 1.168016e+00
1.051600e+00 1.173575e+00
1.051800e+00 1.178822e+00
1.052000e+00 1.183737e+00
1.052200e+00 1.188299e+00
1.052400e+00 1.192488e+00
1.052600e+00 1.196284e+00
1.052800e+00 1.199667e+00
1.053000e+00 1.202621e+00
1.053200e+00 1.205129e+00
1.053400e+00 1.207177e+00
1.053600e+00 1.208754e+00
1.053800e+00 1.209849e+00
1.054000e+00 1.210456e+00
1.054200e+00 1.210572e+00
1.054400e+00 1.210199e+00
1.054600e+00 1.209339e+00
1.054800e+00 1.208004e+00
1.055000e+00 1.206206e+00
1.055200e+00 1.203965e+00
1.055400e+00 1.201306e+00
1.055600e+00 1.198257e+00
1.055800e+00 1.194856e+00
1.056000e+00 1.191142e+00
1.056200e+00 1.187162e+00
1.056400e+00 1.182968e+00
1.056600e+00 1.178616e+00
1.056800e+00 1.174167e+00
1.057000e+00 1.169685e+00
1.057200e+00 1.165237e+00
1.057400e+00 1.160893e+00
1.057600e+00 1.156722e+00
1.057800e+00 1.152795e+00
1.058000e+00 1.149180e+00
1.058200e+00 1.145942e+00
1.058400e+00 1.143145e+00
1.058600e+00 1.140846e+00
1.058800e+00 1.139095e+00
1.059000e+00 1.137936e+00
1.059200e+00 1.137405e+00
1.059400e+00 1.137529e+00
1.059600e+00 1.138326e+00
1.059800e+00 1.139804e+00
1.060000e+00 1.141959e+00
1.060200e+00 1.144781e+00
1.060400e+00 1.148247e+00
1.060600e+00 1.152328e+00
1.060800e+00 1.156984e+00
1.061000e+00 1.162170e+00
1.061200e+00 1.167833e+00
1.061400e+00 1.173916e+00
1.061600e+00 1.180357e+00
1.061800e+00 1.187091e+00
1.062000e+00 1.194052e+00
1.062200e+00 1.201174e+00
1.062400e+00 1.208390e+00
1.062600e+00 1.215636e+00
1.062800e+00 1.222849e+00
1.063000e+00 1.229971e+00
1.063200e+00 1.236947e+00
1.063400e+00 1.243727e+00
1.063600e+00 1.250264e+00
1.063800e+00 1.256519e+00
1.064000e+00 1.262455e+00
1.064200e+00 1.268042e+00
1.064400e+00 1.273256e+00
1.064600e+00 1.278075e+00
1.064800e+00 1.282486e+00
1.065000e+00 1.286477e+00
1.065200e+00 1.290041e+00
1.065400e+00 1.293177e+00
1.065600e+00 1.295884e+00
1.065800e+00 1.298166e+00
1.066000e+00 1.300031e+00
1.066200e+00 1.301488e+00
1.066400e+00 1.302547e+00
1.066600e+00 1.303222e+00
1.066800e+00 1.303527e+00
1.067000e+00 1.303478e+00
1.067200e+00 1.303090e+00
1.067400e+00 1.302381e+00
1.067600e+00 1.301368e+00
1.067800e+00 1.300068e+00
1.068000e+00 1.298499e+00
1.068200e+00 1.296677e+00
1.068400e+00 1.294621e+00
1.068600e+00 1.292345e+00
1.068800e+00 1.289866e+00
1.069000e+00 1.287200e+00
1.069200e+00 1.284359e+00
1.069400e+00 1.281357e+00
1.069600e+00 1.278208e+00
1.069800e+00 1.274921e+00
1.070000e+00 1.271508e+00
1.070200e+00 1.267976e+00
1.070400e+00 1.264335e+00
1.070600e+00 1.260589e+00
1.070800e+00 1.256745e+00
1.071000e+00 1.252806e+00
1.071200e+00 1.248775e+00
1.071400e+00 1.244653e+00
1.071600e+00 1.240441e+00
1.071800e+00 1.236141e+00
1.072000e+00 1.231754e+00
1.072200e+00 1.227281e+00
1.072400e+00 1.222727e+00
1.072600e+00 1.218099e+00
1.072800e+00 1.213406e+00
1.073000e+00 1.208667e+00
1.073200e+00 1.203903e+00
1.073400e+00 1.199144e+00
1.073600e+00 1.194428e+00
1.073800e+00 1.189799e+00
1.074000e+00 1.185310e+00
1.074200e+00 1.181017e+00
1.074400e+00 1.176979e+00
1.074600e+00 1.173254e+00
1.074800e+00 1.169897e+00
1.075000e+00 1.166952e+00
1.075200e+00 1.164452e+00
1.075400e+00 1.162414e+00
1.075600e+00 1.160839e+00
1.075800e+00 1.159711e+00
1.076000e+00 1.158997e+00
1.076200e+00 1.158650e+00
1.076400e+00 1.158614e+00
1.076600e+00 1.158825e+00
1.076800e+00 1.159215e+00
1.077000e+00 1.159718e+00
1.077200e+00 1.160272e+00
1.077400e+00 1.160820e+00
1.077600e+00 1.161314e+00
1.077800e+00 1.161714e+00
1.078000e+00 1.161990e+00
1.078200e+00 1.162120e+00
1.078400e+00 1.162091e+00
1.078600e+00 1.161897e+00
1.078800e+00 1.161538e+00
1.079000e+00 1.161021e+00
1.079200e+00 1.160354e+00
1.079400e+00 1.159553e+00
1.079600e+00 1.158631e+00
1.079800e+00 1.157608e+00
1.080000e+00 1.156501e+00
1.080200e+00 1.155329e+00
1.080400e+00 1.154113e+00
1.080600e+00 1.152870e+00
1.080800e+00 1.151619e+00
1.081000e+00 1.150378e+00
1.081200e+00 1.149164e+00
1.081400e+00 1.147993e+00
1.081600e+00 1.146881e+00
1.081800e+00 1.145840e+00
1.082000e+00 1.144884e+00
1.082200e+00 1.144024e+00
1.082400e+00 1.143272e+00
1.082600e+00 1.142637e+00
1.082800e+00 1.142128e+00
1.083000e+00 1.141751e+00
1.083200e+00 1.141515e+00
1.083400e+00 1.141423e+00
1.083600e+00 1.141482e+00
1.083800e+00 1.141694e+00
1.084000e+00 1.142062e+00
1.084200e+00 1.142589e+00
1.084400e+00 1.143274e+00
1.084600e+00 1.144119e+00
1.084800e+00 1.145123e+00
1.085000e+00 1.146283e+00
1.085200e+00 1.147599e+00
1.085400e+00 1.149067e+00
1.085600e+00 1.150683e+00
1.085800e+00 1.152443e+00
1.086000e+00 1.154341e+00
1.086200e+00 1.156374e+00
1.086400e+00 1.158533e+00
1.086600e+00 1.160812e+00
1.086800e+00 1.163204e+00
1.087000e+00 1.165700e+00
1.087200e+00 1.168293e+00
1.087400e+00 1.170973e+00
1.087600e+00 1.173732e+00
1.087800e+00 1.176558e+00
1.088000e+00 1.179442e+00
1.088200e+00 1.182373e+00
1.088400e+00 1.185341e+00
1.088600e+00 1.188334e+00
1.088800e+00 1.191341e+00
1.089000e+00 1.194349e+00
1.089200e+00 1.197348e+00
1.089400e+00 1.200324e+00
1.089600e+00 1.203267e+00
1.089800e+00 1.206162e+00
1.090000e+00 1.208998e+00
1.090200e+00 1.211762e+00
1.090400e+00 1.214442e+00
1.090600e+00 1.217025e+00
1.090800e+00 1.219498e+00
1.091000e+00 1.221850e+00
1.091200e+00 1.224068e+00
1.091400e+00 1.226139e+00
1.091600e+00 1.228053e+00
1.091800e+00 1.229797e+00
1.092000e+00 1.231361e+00
1.092200e+00 1.232733e+00
1.092400e+00 1.233903e+00
1.092600e+00 1.234862e+00
1.092800e+00 1.235599e+00
1.093000e+00 1.236107e+00
1.093200e+00 1.236377e+00
1.093400e+00 1.236401e+00
1.093600e+00 1.236173e+00
1.093800e+00 1.235688e+00
1.094000e+00 1.234940e+00
1.094200e+00 1.233926e+00
1.094400e+00 1.232642e+00
1.094600e+00 1.231088e+00
1.094800e+00 1.229262e+00
1.095000e+00 1.227164e+00
1.095200e+00 1.224798e+00
1.095400e+00 1.222165e+00
1.095600e+00 1.219270e+00
1.095800e+00 1.216118e+00
1.096000e+00 1.212717e+00
1.096200e+00 1.209074e+00
1.096400e+00 1.205200e+00
1.096600e+00 1.201105e+00
1.096800e+00 1.196801e+00
1.097000e+00 1.192301e+00
1.097200e+00 1.187620e+00
1.097400e+00 1.182774e+00
1.097600e+00 1.177777e+00
1.097800e+00 1.172649e+00
1.098000e+00 1.167407e+00
1.098200e+00 1.162068e+00
1.098400e+00 1.156654e+00
1.098600e+00 1.151182e+00
1.098800e+00 1.145673e+00
1.099000e+00 1.140146e+00
1.099200e+00 1.134621e+00
1.099400e+00 1.129116e+00
1.099600e+00 1.123650e+00
1.099800e+00 1.118241e+00
1.100000e+00 1.112905e+00
1.100200e+00 1.107660e+00
1.100400e+00 1.102519e+00
1.100600e+00 1.097496e+00
1.100800e+00 1.092604e+00
1.101000e+00 1.087853e+00
1.101200e+00 1.083252e+00
1.101400e+00 1.078810e+00
1.101600e+00 1.074530e+00
1.101800e+00 1.070419e+00
1.102000e+00 1.066477e+00
1.102200e+00 1.062707e+00
1.102400e+00 1.059108e+00
1.102600e+00 1.055676e+00
1.102800e+00 1.052409e+00
1.103000e+00 1.049301e+00
1.103200e+00 1.046346e+00
1.103400e+00 1.043537e+00
1.103600e+00 1.040865e+00
1.103800e+00 1.038321e+00
1.104000e+00 1.035895e+00
1.104200e+00 1.033576e+00
1.104400e+00 1.031355e+00
1.104600e+00 1.029219e+00
1.104800e+00 1.027158e+00
1.105000e+00 1.025160e+00
1.105200e+00 1.023215e+00
1.105400e+00 1.021312e+00
1.105600e+00 1.019441e+00
1.105800e+00 1.017592e+00
1.106000e+00 1.015756e+00
1.106200e+00 1.013924e+00
1.106400e+00 1.012089e+00
1.106600e+00 1.010243e+00
1.106800e+00 1.008381e+00
1.107000e+00 1.006498e+00
1.107200e+00 1.004589e+00
1.107400e+00 1.002650e+00
1.107600e+00 1.000678e+00
1.107800e+00 9.986726e-01
1.108000e+00 9.966319e-01
1.108200e+00 9.945560e-01
1.108400e+00 9.924455e-01
1.108600e+00 9.903017e-01
1.108800e+00 9.881269e-01
1.109000e+00 9.859239e-01
1.109200e+00 9.836960e-01
1.109400e+00 9.814474e-01
1.109600e+00 9.791827e-01
1.109800e+00 9.769069e-01
1.110000e+00 9.746258e-01
1.110200e+00 9.723452e-01
1.110400e+00 9.700716e-01
1.110600e+00 9.678118e-01
1.110800e+00 9.655728e-01
1.111000e+00 9.633619e-01
1.111200e+00 9.611866e-01
1.111400e+00 9.590547e-01
1.111600e+00 9.569741e-01
1.111800e+00 9.549529e-01
1.112000e+00 9.529991e-01
1.112200e+00 9.511210e-01
1.112400e+00 9.493269e-01
1.112600e+00 9.476251e-01
1.112800e+00 9.460239e-01
1.113000e+00 9.445316e-01
1.113200e+00 9.431564e-01
1.113400e+00 9.419065e-01
1.113600e+00 9.407900e-01
1.113800e+00 9.398149e-01
1.114000e+00 9.389891e-01
1.114200e+00 9.383201e-01
1.114400e+00 9.378154e-01
1.114600e+00 9.374823e-01
1.114800e+00 9.373277e-01
1.115000e+00 9.373581e-01
1.115200e+00 9.375800e-01
1.115400e+00 9.379991e-01
1.115600e+00 9.386209e-01
1.115800e+00 9.394501e-01
1.116000e+00 9.404910e-01
1.116200e+00 9.417473e-01
1.116400e+00 9.432217e-01
1.116600e+00 9.449163e-01
1.116800e+00 9.468319e-01
1.117000e+00 9.489688e-01
1.117200e+00 9.513256e-01
1.117400e+00 9.538999e-01
1.117600e+00 9.566879e-01
1.117800e+00 9.596844e-01
1.118000e+00 9.628823e-01
1.118200e+00 9.662729e-01
1.118400e+00 9.698456e-01
1.118600e+00 9.735880e-01
1.118800e+00 9.774855e-01
1.119000e+00 9.815213e-01
1.119200e+00 9.856767e-01
1.119400e+00 9.899307e-01
1.119600e+00 9.942604e-01
1.119800e+00 9.986406e-01
1.120000e+00 1.003045e+00
1.120200e+00 1.007444e+00
1.120400e+00 1.011810e+00
1.120600e+00 1.016111e+00
1.120800e+00 1.020317e+00
1.121000e+00 1.024398e+00
1.121200e+00 1.028326e+00
1.121400e+00 1.032072e+00
1.121600e+00 1.035614e+00
1.121800e+00 1.038931e+00
1.122000e+00 1.042009e+00
1.122200e+00 1.044839e+00
1.122400e+00 1.047419e+00
1.122600e+00 1.049756e+00
1.122800e+00 1.051865e+00
1.123000e+00 1.053772e+00
1.123200e+00 1.055512e+00
1.123400e+00 1.057129e+00
1.123600e+00 1.058678e+00
1.123800e+00 1.060222e+00
1.124000e+00 1.061832e+00
1.124200e+00 1.063585e+00
1.124400e+00 1.065560e+00
1.124600e+00 1.067840e+00
1.124800e+00 1.070505e+00
1.125000e+00 1.073633e+00
1.125200e+00 1.077294e+00
1.125400e+00 1.081548e+00
1.125600e+00 1.086446e+00
1.125800e+00 1.092024e+00
1.126000e+00 1.098305e+00
1.126200e+00 1.105293e+00
1.126400e+00 1.112981e+00
1.126600e+00 1.121343e+00
1.126800e+00 1.130340e+00
1.127000e+00 1.139920e+00
1.127200e+00 1.150021e+00
1.127400e+00 1.160571e+00
1.127600e+00 1.171493e+00
1.127800e+00 1.182703e+00
1.128000e+00 1.194118e+00
1.128200e+00 1.205655e+00
1.128400e+00 1.217233e+00
1.128600e+00 1.228776e+00
1.128800e+00 1.240211e+00
1.129000e+00 1.251475e+00
1.129200e+00 1.262510e+00
1.129400e+00 1.273268e+00
1.129600e+00 1.283706e+00
1.129800e+00 1.293792e+00
1.130000e+00 1.303499e+00
1.130200e+00 1.312809e+00
1.130400e+00 1.321712e+00
1.130600e+00 1.330200e+00
1.130800e+00 1.338274e+00
1.131000e+00 1.345939e+00
1.131200e+00 1.353203e+00
1.131400e+00 1.360077e+00
1.131600e+00 1.366577e+00
1.131800e+00 1.372719e+00
1.132000e+00 1.378522e+00
1.132200e+00 1.384002e+00
1.132400e+00 1.389181e+00
1.132600e+00 1.394077e+00
1.132800e+00 1.398709e+00
1.133000e+00 1.403095e+00
1.133200e+00 1.407252e+00
1.133400e+00 1.411195e+00
1.133600e+00 1.414940e+00
1.133800e+00 1.418498e+00
1.134000e+00 1.421879e+00
1.134200e+00 1.425094e+00
1.134400e+00 1.428148e+00
1.134600e+00 1.431047e+00
1.134800e+00 1.433792e+00
1.135000e+00 1.436384e+00
1.135200e+00 1.438822e+00
1.135400e+00 1.441101e+00
1.135600e+00 1.443214e+00
1.135800e+00 1.445155e+00
1.136000e+00 1.446912e+00
1.136200e+00 1.448474e+00
1.136400e+00 1.449827e+00
1.136600e+00 1.450954e+00
1.136800e+00 1.451839e+00
1.137000e+00 1.452463e+00
1.137200e+00 1.452806e+00
1.137400e+00 1.452849e+00
1.137600e+00 1.452568e+00
1.137800e+00 1.451942e+00
1.138000e+00 1.450949e+00
1.138200e+00 1.449566e+00
1.138400e+00 1.447772e+00
1.138600e+00 1.445545e+00
1.138800e+00 1.442865e+00
1.139000e+00 1.439713e+00
1.139200e+00 1.436071e+00
1.139400e+00 1.431924e+00
1.139600e+00 1.427258e+00
1.139800e+00 1.422064e+00
1.140000e+00 1.416332e+00
1.140200e+00 1.410058e+00
1.140400e+00 1.403241e+00
1.140600e+00 1.395882e+00
1.140800e+00 1.387986e+00
1.141000e+00 1.379562e+00
1.141200e+00 1.370624e+00
1.141400e+00 1.361186e+00
1.141600e+00 1.351270e+00
1.141800e+00 1.340898e+00
1.142000e+00 1.330096e+00
1.142200e+00 1.318895e+00
1.142400e+00 1.307325e+00
1.142600e+00 1.295423e+00
1.142800e+00 1.283224e+00
1.143000e+00 1.270766e+00
1.143200e+00 1.258089e+00
1.143400e+00 1.245233e+00
1.143600e+00 1.232239e+00
1.143800e+00 1.219147e+00
1.144000e+00 1.205998e+00
1.144200e+00 1.192830e+00
1.144400e+00 1.179682e+00
1.144600e+00 1.166590e+00
1.144800e+00 1.153590e+00
1.145000e+00 1.140714e+00
1.145200e+00 1.127993e+00
1.145400e+00 1.115455e+00
1.145600e+00 1.103126e+00
1.145800e+00 1.091029e+00
1.146000e+00 1.079184e+00
1.146200e+00 1.067610e+00
1.146400e+00 1.056321e+00
1.146600e+00 1.045330e+00
1.146800e+00 1.034648e+00
1.147000e+00 1.024282e+00
1.147200e+00 1.014239e+00
1.147400e+00 1.004520e+00
1.147600e+00 9.951291e-01
1.147800e+00 9.860649e-01
1.148000e+00 9.773260e-01
1.148200e+00 9.689092e-01
1.148400e+00 9.608100e-01
1.148600e+00 9.530229e-01
1.148800e+00 9.455413e-01
1.149000e+00 9.383577e-01
1.149200e+00 9.314642e-01
1.149400e+00 9.248521e-01
1.149600e+00 9.185124e-01
1.149800e+00 9.124357e-01
1.150000e+00 9.066123e-01
1.150200e+00 9.010326e-01
1.150400e+00 8.956866e-01
1.150600e+00 8.905648e-01
1.150800e+00 8.856573e-01
1.151000e+00 8.809545e-01
1.151200e+00 8.764471e-01
1.151400e+00 8.721260e-01
1.151600e+00 8.679821e-01
1.151800e+00 8.640068e-01
1.152000e+00 8.601919e-01
1.152200e+00 8.565293e-01
1.152400e+00 8.530114e-01
1.152600e+00 8.496307e-01
1.152800e+00 8.463803e-01
1.153000e+00 8.432536e-01
1.153200e+00 8.402443e-01
1.153400e+00 8.373465e-01
1.153600e+00 8.345546e-01
1.153800e+00 8.318633e-01
1.154000e+00 8.292678e-01
1.154200e+00 8.267636e-01
1.154400e+00 8.243463e-01
1.154600e+00 8.220121e-01
1.154800e+00 8.197573e-01
1.155000e+00 8.175787e-01
1.155200e+00 8.154732e-01
1.155400e+00 8.134381e-01
1.155600e+00 8.114710e-01
1.155800e+00 8.095695e-01
1.156000e+00 8.077317e-01
1.156200e+00 8.059560e-01
1.156400e+00 8.042407e-01
1.156600e+00 8.025846e-01
1.156800e+00 8.009866e-01
1.157000e+00 7.994458e-01
1.157200e+00 7.979615e-01
1.157400e+00 7.965330e-01
1.157600e+00 7.951600e-01
1.157800e+00 7.938423e-01
1.158000e+00 7.925796e-01
1.158200e+00 7.913719e-01
1.158400e+00 7.902193e-01
1.158600e+00 7.891218e-01
1.158800e+00 7.880797e-01
1.159000e+00 7.870932e-01
1.159200e+00 7.861626e-01
1.159400e+00 7.852881e-01
1.159600e+00 7.844699e-01
1.159800e+00 7.837084e-01
1.160000e+00 7.830036e-01
1.160200e+00 7.823558e-01
1.160400e+00 7.817648e-01
1.160600e+00 7.812307e-01
1.160800e+00 7.807533e-01
1.161000e+00 7.803320e-01
1.161200e+00 7.799665e-01
1.161400e+00 7.796561e-01
1.161600e+00 7.793997e-01
1.161800e+00 7.791963e-01
1.162000e+00 7.790445e-01
1.162200e+00 7.789426e-01
1.162400e+00 7.788888e-01
1.162600e+00 7.788810e-01
1.162800e+00 7.789167e-01
1.163000e+00 7.789932e-01
1.163200e+00 7.791075e-01
1.163400e+00 7.792564e-01
1.163600e+00 7.794363e-01
1.163800e+00 7.796434e-01
1.164000e+00 7.798737e-01
1.164200e+00 7.801229e-01
1.164400e+00 7.803865e-01
1.164600e+00 7.806598e-01
1.164800e+00 7.809379e-01
1.165000e+00 7.812157e-01
1.165200e+00 7.814881e-01
1.165400e+00 7.817498e-01
1.165600e+00 7.819953e-01
1.165800e+00 7.822192e-01
1.166000e+00 7.824156e-01
1.166200e+00 7.825789e-01
1.166400e+00 7.827028e-01
1.166600e+00 7.827808e-01
1.166800e+00 7.828060e-01
1.167000e+00 7.827703e-01
1.167200e+00 7.826647e-01
1.167400e+00 7.824778e-01
1.167600e+00 7.821955e-01
1.167800e+00 7.817985e-01
1.168000e+00 7.812600e-01
1.168200e+00 7.805395e-01
1.168400e+00 7.795725e-01
1.168600e+00 7.782448e-01
1.168800e+00 7.763215e-01
1.169000e+00 7.731443e-01
1.169200e+00 7.741601e-01
1.169400e+00 7.930479e-01
1.169600e+00 8.055253e-01
1.169800e+00 8.166335e-01
1.170000e+00 8.272538e-01
1.170200e+00 8.377180e-01
1.170400e+00 8.481825e-01
1.170600e+00 8.587285e-01
1.170800e+00 8.693983e-01
1.171000e+00 8.802118e-01
1.171200e+00 8.911752e-01
1.171400e+00 9.022853e-01
1.171600e+00 9.135323e-01
1.171800e+00 9.249020e-01
1.172000e+00 9.363763e-01
1.172200e+00 9.479348e-01
1.172400e+00 9.595546e-01
1.172600e+00 9.712118e-01
1.172800e+00 9.828811e-01
1.173000e+00 9.945362e-01
1.173200e+00 1.006151e+00
1.173400e+00 1.017697e+00
1.173600e+00 1.029149e+00
1.173800e+00 1.040479e+00
1.174000e+00 1.051659e+00
1.174200e+00 1.062664e+00
1.174400e+00 1.073468e+00
1.174600e+00 1.084043e+00
1.174800e+00 1.094367e+00
1.175000e+00 1.104413e+00
1.175200e+00 1.114158e+00
1.175400e+00 1.123580e+00
1.175600e+00 1.132657e+00
1.175800e+00 1.141368e+00
1.176000e+00 1.149692e+00
1.176200e+00 1.157611e+00
1.176400e+00 1.165106e+00
1.176600e+00 1.172162e+00
1.176800e+00 1.178762e+00
1.177000e+00 1.184891e+00
1.177200e+00 1.190536e+00
1.177400e+00 1.195686e+00
1.177600e+00 1.200328e+00
1.177800e+00 1.204454e+00
1.178000e+00 1.208055e+00
1.178200e+00 1.211124e+00
1.178400e+00 1.213656e+00
1.178600e+00 1.215646e+00
1.178800e+00 1.217093e+00
1.179000e+00 1.217994e+00
1.179200e+00 1.218349e+00
1.179400e+00 1.218162e+00
1.179600e+00 1.217436e+00
1.179800e+00 1.216175e+00
1.180000e+00 1.214386e+00
1.180200e+00 1.212079e+00
1.180400e+00 1.209262e+00
1.180600e+00 1.205948e+00
1.180800e+00 1.202150e+00
1.181000e+00 1.197883e+00
1.181200e+00 1.193164e+00
1.181400e+00 1.188011e+00
1.181600e+00 1.182443e+00
1.181800e+00 1.176482e+00
1.182000e+00 1.170150e+00
1.182200e+00 1.163471e+00
1.182400e+00 1.156471e+00
1.182600e+00 1.149174e+00
1.182800e+00 1.141608e+00
1.183000e+00 1.133801e+00
1.183200e+00 1.125782e+00
1.183400e+00 1.117579e+00
1.183600e+00 1.109223e+00
1.183800e+00 1.100742e+00
1.184000e+00 1.092167e+00
1.184200e+00 1.083527e+00
1.184400e+00 1.074852e+00
1.184600e+00 1.066170e+00
1.184800e+00 1.057511e+00
1.185000e+00 1.048901e+00
1.185200e+00 1.040368e+00
1.185400e+00 1.031938e+00
1.185600e+00 1.023635e+00
1.185800e+00 1.015483e+00
1.186000e+00 1.007504e+00
1.186200e+00 9.997178e-01
1.186400e+00 9.921444e-01
1.186600e+00 9.848012e-01
1.186800e+00 9.777041e-01
1.187000e+00 9.708673e-01
1.187200e+00 9.643034e-01
1.187400e+00 9.580233e-01
1.187600e+00 9.520362e-01
1.187800e+00 9.463497e-01
1.188000e+00 9.409697e-01
1.188200e+00 9.359007e-01
1.188400e+00 9.311454e-01
1.188600e+00 9.267054e-01
1.188800e+00 9.225805e-01
1.189000e+00 9.187696e-01
1.189200e+00 9.152701e-01
1.189400e+00 9.120784e-01
1.189600e+00 9.091898e-01
1.189800e+00 9.065987e-01
1.190000e+00 9.042985e-01
1.190200e+00 9.022820e-01
1.190400e+00 9.005412e-01
1.190600e+00 8.990677e-01
1.190800e+00 8.978523e-01
1.191000e+00 8.968856e-01
1.191200e+00 8.961579e-01
1.191400e+00 8.956590e-01
1.191600e+00 8.953787e-01
1.191800e+00 8.953067e-01
1.192000e+00 8.954325e-01
1.192200e+00 8.957458e-01
1.192400e+00 8.962361e-01
1.192600e+00 8.968932e-01
1.192800e+00 8.977070e-01
1.193000e+00 8.986675e-01
1.193200e+00 8.997651e-01
1.193400e+00 9.009903e-01
1.193600e+00 9.023338e-01
1.193800e+00 9.037869e-01
1.194000e+00 9.053408e-01
1.194200e+00 9.069875e-01
1.194400e+00 9.087189e-01
1.194600e+00 9.105275e-01
1.194800e+00 9.124062e-01
1.195000e+00 9.143480e-01
1.195200e+00 9.163465e-01
1.195400e+00 9.183955e-01
1.195600e+00 9.204893e-01
1.195800e+00 9.226225e-01
1.196000e+00 9.247899e-01
1.196200e+00 9.269868e-01
1.196400e+00 9.292088e-01
1.196600e+00 9.314519e-01
1.196800e+00 9.337121e-01
1.197000e+00 9.359860e-01
1.197200e+00 9.382705e-01
1.197400e+00 9.405625e-01
1.197600e+00 9.428594e-01
1.197800e+00 9.451588e-01
1.198000e+00 9.474586e-01
1.198200e+00 9.497567e-01
1.198400e+00 9.520515e-01
1.198600e+00 9.543415e-01
1.198800e+00 9.566252e-01
1.199000e+00 9.589017e-01
1.199200e+00 9.611700e-01
1.199400e+00 9.634292e-01
1.199600e+00 9.656787e-01
1.199800e+00 9.679181e-01
1.200000e+00 9.701469e-01
1.200200e+00 9.723649e-01
1.200400e+00 9.745721e-01
1.200600e+00 9.767683e-01
1.200800e+00 9.789538e-01
1.201000e+00 9.811288e-01
1.201200e+00 9.832934e-01
1.201400e+00 9.854480e-01
1.201600e+00 9.875932e-01
1.201800e+00 9.897294e-01
1.202000e+00 9.918571e-01
1.202200e+00 9.939770e-01
1.202400e+00 9.960899e-01
1.202600e+00 9.981963e-01
1.202800e+00 1.000297e+00
1.203000e+00 1.002393e+00
1.203200e+00 1.004485e+00
1.203400e+00 1.006574e+00
1.203600e+00 1.008661e+00
1.203800e+00 1.010746e+00
1.204000e+00 1.012831e+00
1.204200e+00 1.014917e+00
1.204400e+00 1.017004e+00
1.204600e+00 1.019094e+00
1.204800e+00 1.021187e+00
1.205000e+00 1.023285e+00
1.205200e+00 1.025389e+00
1.205400e+00 1.027498e+00
1.205600e+00 1.029616e+00
1.205800e+00 1.031741e+00
1.206000e+00 1.033876e+00
1.206200e+00 1.036022e+00
1.206400e+00 1.038178e+00
1.206600e+00 1.040347e+00
1.206800e+00 1.042529e+00
1.207000e+00 1.044724e+00
1.207200e+00 1.046934e+00
1.207400e+00 1.049160e+00
1.207600e+00 1.051402e+00
1.207800e+00 1.053661e+00
1.208000e+00 1.055937e+00
1.208200e+00 1.058232e+00
1.208400e+00 1.060545e+00
1.208600e+00 1.062878e+00
1.208800e+00 1.065231e+00
1.209000e+00 1.067604e+00
1.209200e+00 1.069998e+00
1.209400e+00 1.072413e+00
1.209600e+00 1.074850e+00
1.209800e+00 1.077307e+00
1.210000e+00 1.079787e+00
1.210200e+00 1.082288e+00
1.210400e+00 1.084811e+00
1.210600e+00 1.087355e+00
1.210800e+00 1.089921e+00
1.211000e+00 1.092508e+00
1.211200e+00 1.095116e+00
1.211400e+00 1.097744e+00
1.211600e+00 1.100392e+00
1.211800e+00 1.103059e+00
1.212000e+00 1.105744e+00
1.212200e+00 1.108447e+00
1.212400e+00 1.111167e+00
1.212600e+00 1.113902e+00
1.212800e+00 1.116652e+00
1.213000e+00 1.119414e+00
1.213200e+00 1.122189e+00
1.213400e+00 1.124973e+00
1.213600e+00 1.127766e+00
1.213800e+00 1.130566e+00
1.214000e+00 1.133370e+00
1.214200e+00 1.136177e+00
1.214400e+00 1.138985e+00
1.214600e+00 1.141791e+00
1.214800e+00 1.144592e+00
1.215000e+00 1.147386e+00
1.215200e+00 1.150171e+00
1.215400e+00 1.152942e+00
1.215600e+00 1.155698e+00
1.215800e+00 1.158435e+00
1.216000e+00 1.161150e+00
1.216200e+00 1.163838e+00
1.216400e+00 1.166497e+00
1.216600e+00 1.169123e+00
1.216800e+00 1.171711e+00
1.217000e+00 1.174257e+00
1.217200e+00 1.176758e+00
1.217400e+00 1.179208e+00
1.217600e+00 1.181604e+00
1.217800e+00 1.183940e+00
1.218000e+00 1.186212e+00
1.218200e+00 1.188414e+00
1.218400e+00 1.190543e+00
1.218600e+00 1.192592e+00
1.218800e+00 1.194556e+00
1.219000e+00 1.196431e+00
1.219200e+00 1.198210e+00
1.219400e+00 1.199889e+00
1.219600e+00 1.201461e+00
1.219800e+00 1.202922e+00
1.220000e+00 1.204265e+00
1.220200e+00 1.205486e+00
1.220400e+00 1.206579e+00
1.220600e+00 1.207537e+00
1.220800e+00 1.208357e+00
1.221000e+00 1.209033e+00
1.221200e+00 1.209559e+00
1.221400e+00 1.209930e+00
1.221600e+00 1.210142e+00
1.221800e+00 1.210191e+00
1.222000e+00 1.210070e+00
1.222200e+00 1.209778e+00
1.222400e+00 1.209309e+00
1.222600e+00 1.208660e+00
1.222800e+00 1.207827e+00
1.223000e+00 1.206809e+00
1.223200e+00 1.205603e+00
1.223400e+00 1.204207e+00
1.223600e+00 1.202619e+00
1.223800e+00 1.200838e+00
1.224000e+00 1.198865e+00
1.224200e+00 1.196698e+00
1.224400e+00 1.194341e+00
1.224600e+00 1.191793e+00
1.224800e+00 1.189057e+00
1.225000e+00 1.186135e+00
1.225200e+00 1.183032e+00
1.225400e+00 1.179752e+00
1.225600e+00 1.176299e+00
1.225800e+00 1.172680e+00
1.226000e+00 1.168901e+00
1.226200e+00 1.164969e+00
1.226400e+00 1.160892e+00
1.226600e+00 1.156680e+00
1.226800e+00 1.152341e+00
1.227000e+00 1.147887e+00
1.227200e+00 1.143327e+00
1.227400e+00 1.138674e+00
1.227600e+00 1.133939e+00
1.227800e+00 1.129136e+00
1.228000e+00 1.124278e+00
1.228200e+00 1.119378e+00
1.228400e+00 1.114451e+00
1.228600e+00 1.109512e+00
1.228800e+00 1.104574e+00
1.229000e+00 1.099654e+00
1.229200e+00 1.094765e+00
1.229400e+00 1.089924e+00
1.229600e+00 1.085145e+00
1.229800e+00 1.080444e+00
1.230000e+00 1.075834e+00
1.230200e+00 1.071331e+00
1.230400e+00 1.066947e+00
1.230600e+00 1.062698e+00
1.230800e+00 1.058595e+00
1.231000e+00 1.054650e+00
1.231200e+00 1.050876e+00
1.231400e+00 1.047282e+00
1.231600e+00 1.043878e+00
1.231800e+00 1.040674e+00
1.232000e+00 1.037676e+00
1.232200e+00 1.034891e+00
1.232400e+00 1.032325e+00
1.232600e+00 1.029982e+00
1.232800e+00 1.027865e+00
1.233000e+00 1.025976e+00
1.233200e+00 1.024316e+00
1.233400e+00 1.022884e+00
1.233600e+00 1.021679e+00
1.233800e+00 1.020697e+00
1.234000e+00 1.019935e+00
1.234200e+00 1.019388e+00
1.234400e+00 1.019050e+00
1.234600e+00 1.018912e+00
1.234800e+00 1.018969e+00
1.235000e+00 1.019209e+00
1.235200e+00 1.019625e+00
1.235400e+00 1.020205e+00
1.235600e+00 1.020938e+00
1.235800e+00 1.021814e+00
1.236000e+00 1.022819e+00
1.236200e+00 1.023941e+00
1.236400e+00 1.025168e+00
1.236600e+00 1.026487e+00
1.236800e+00 1.027884e+00
1.237000e+00 1.029347e+00
1.237200e+00 1.030863e+00
1.237400e+00 1.032419e+00
1.237600e+00 1.034002e+00
1.237800e+00 1.035601e+00
1.238000e+00 1.037202e+00
1.238200e+00 1.038795e+00
1.238400e+00 1.040368e+00
1.238600e+00 1.041911e+00
1.238800e+00 1.043413e+00
1.239000e+00 1.044865e+00
1.239200e+00 1.046259e+00
1.239400e+00 1.047586e+00
1.239600e+00 1.048838e+00
1.239800e+00 1.050008e+00
1.240000e+00 1.051091e+00
1.240200e+00 1.052080e+00
1.240400e+00 1.052971e+00
1.240600e+00 1.053760e+00
1.240800e+00 1.054443e+00
1.241000e+00 1.055018e+00
1.241200e+00 1.055481e+00
1.241400e+00 1.055832e+00
1.241600e+00 1.056069e+00
1.241800e+00 1.056192e+00
1.242000e+00 1.056200e+00
1.242200e+00 1.056096e+00
1.242400e+00 1.055879e+00
1.242600e+00 1.055552e+00
1.242800e+00 1.055115e+00
1.243000e+00 1.054572e+00
1.243200e+00 1.053926e+00
1.243400e+00 1.053178e+00
1.243600e+00 1.052333e+00
1.243800e+00 1.051395e+00
1.244000e+00 1.050367e+00
1.244200e+00 1.049252e+00
1.244400e+00 1.048056e+00
1.244600e+00 1.046783e+00
1.244800e+00 1.045438e+00
1.245000e+00 1.044024e+00
1.245200e+00 1.042546e+00
1.245400e+00 1.041011e+00
1.245600e+00 1.039421e+00
1.245800e+00 1.037782e+00
1.246000e+00 1.036099e+00
1.246200e+00 1.034377e+00
1.246400e+00 1.032620e+00
1.246600e+00 1.030833e+00
1.246800e+00 1.029020e+00
1.247000e+00 1.027187e+00
1.247200e+00 1.025337e+00
1.247400e+00 1.023475e+00
1.247600e+00 1.021605e+00
1.247800e+00 1.019732e+00
1.248000e+00 1.017859e+00
1.248200e+00 1.015990e+00
1.248400e+00 1.014129e+00
1.248600e+00 1.012279e+00
1.248800e+00 1.010443e+00
1.249000e+00 1.008626e+00
1.249200e+00 1.006829e+00
1.249400e+00 1.005057e+00
1.249600e+00 1.003311e+00
1.249800e+00 1.001594e+00
1.250000e+00 9.999082e-01
1.250200e+00 9.982560e-01
1.250400e+00 9.966393e-01
1.250600e+00 9.950598e-01
1.250800e+00 9.935191e-01
1.251000e+00 9.920183e-01
1.251200e+00 9.905588e-01
1.251400e+00 9.891413e-01
1.251600e+00 9.877666e-01
1.251800e+00 9.864351e-01
1.252000e+00 9.851470e-01
1.252200e+00 9.839024e-01
1.252400e+00 9.827009e-01
1.252600e+00 9.815420e-01
1.252800e+00 9.804251e-01
1.253000e+00 9.793490e-01
1.253200e+00 9.783124e-01
1.253400e+00 9.773139e-01
1.253600e+00 9.763513e-01
1.253800e+00 9.754227e-01
1.254000e+00 9.745256e-01
1.254200e+00 9.736570e-01
1.254400e+00 9.728140e-01
1.254600e+00 9.719930e-01
1.254800e+00 9.711902e-01
1.255000e+00 9.704015e-01
1.255200e+00 9.696222e-01
1.255400e+00 9.688476e-01
1.255600e+00 9.680723e-01
1.255800e+00 9.672905e-01
1.256000e+00 9.664962e-01
1.256200e+00 9.656830e-01
1.256400e+00 9.648437e-01
1.256600e+00 9.639712e-01
1.256800e+00 9.630575e-01
1.257000e+00 9.620946e-01
1.257200e+00 9.610737e-01
1.257400e+00 9.599859e-01
1.257600e+00 9.588217e-01
1.257800e+00 9.575712e-01
1.258000e+00 9.562243e-01
1.258200e+00 9.547703e-01
1.258400e+00 9.531983e-01
1.258600e+00 9.514972e-01
1.258800e+00 9.496553e-01
1.259000e+00 9.476612e-01
1.259200e+00 9.455028e-01
1.259400e+00 9.431684e-01
1.259600e+00 9.406458e-01
1.259800e+00 9.379233e-01
1.260000e+00 9.349891e-01
1.260200e+00 9.318317e-01
1.260400e+00 9.284398e-01
1.260600e+00 9.248030e-01
1.260800e+00 9.209111e-01
1.261000e+00 9.167548e-01
1.261200e+00 9.123257e-01
1.261400e+00 9.076164e-01
1.261600e+00 9.026210e-01
1.261800e+00 8.973346e-01
1.262000e+00 8.917541e-01
1.262200e+00 8.858781e-01
1.262400e+00 8.797073e-01
1.262600e+00 8.732441e-01
1.262800e+00 8.664936e-01
1.263000e+00 8.594631e-01
1.263200e+00 8.521626e-01
1.263400e+00 8.446049e-01
1.263600e+00 8.368052e-01
1.263800e+00 8.287822e-01
1.264000e+00 8.205573e-01
1.264200e+00 8.121547e-01
1.264400e+00 8.036019e-01
1.264600e+00 7.949292e-01
1.264800e+00 7.861697e-01
1.265000e+00 7.773594e-01
1.265200e+00 7.685365e-01
1.265400e+00 7.597417e-01
1.265600e+00 7.510176e-01
1.265800e+00 7.424085e-01
1.266000e+00 7.339601e-01
1.266200e+00 7.257189e-01
1.266400e+00 7.177320e-01
1.266600e+00 7.100463e-01
1.266800e+00 7.027085e-01
1.267000e+00 6.957642e-01
1.267200e+00 6.892577e-01
1.267400e+00 6.832313e-01
1.267600e+00 6.777249e-01
1.267800e+00 6.727756e-01
1.268000e+00 6.684173e-01
1.268200e+00 6.646804e-01
1.268400e+00 6.615910e-01
1.268600e+00 6.591714e-01
1.268800e+00 6.574393e-01
1.269000e+00 6.564079e-01
1.269200e+00 6.560856e-01
1.269400e+00 6.564764e-01
1.269600e+00 6.575793e-01
1.269800e+00 6.593888e-01
1.270000e+00 6.618952e-01
1.270200e+00 6.650843e-01
1.270400e+00 6.689380e-01
1.270600e+00 6.734343e-01
1.270800e+00 6.785479e-01
1.271000e+00 6.842502e-01
1.271200e+00 6.905100e-01
1.271400e+00 6.972934e-01
1.271600e+00 7.045644e-01
1.271800e+00 7.122854e-01
1.272000e+00 7.204172e-01
1.272200e+00 7.289193e-01
1.272400e+00 7.377507e-01
1.272600e+00 7.468695e-01
1.272800e+00 7.562337e-01
1.273000e+00 7.658012e-01
1.273200e+00 7.755300e-01
1.273400e+00 7.853785e-01
1.273600e+00 7.953055e-01
1.273800e+00 8.052706e-01
1.274000e+00 8.152341e-01
1.274200e+00 8.251574e-01
1.274400e+00 8.350026e-01
1.274600e+00 8.447334e-01
1.274800e+00 8.543144e-01
1.275000e+00 8.637116e-01
1.275200e+00 8.728925e-01
1.275400e+00 8.818262e-01
1.275600e+00 8.904833e-01
1.275800e+00 8.988363e-01
1.276000e+00 9.068595e-01
1.276200e+00 9.145294e-01
1.276400e+00 9.218248e-01
1.276600e+00 9.287266e-01
1.276800e+00 9.352185e-01
1.277000e+00 9.412869e-01
1.277200e+00 9.469214e-01
1.277400e+00 9.521146e-01
1.277600e+00 9.568625e-01
1.277800e+00 9.611647e-01
1.278000e+00 9.650247e-01
1.278200e+00 9.684498e-01
1.278400e+00 9.714512e-01
1.278600e+00 9.740443e-01
1.278800e+00 9.762485e-01
1.279000e+00 9.780870e-01
1.279200e+00 9.795871e-01
1.279400e+00 9.807793e-01
1.279600e+00 9.816976e-01
1.279800e+00 9.823785e-01
1.280000e+00 9.828608e-01
1.280200e+00 9.831851e-01
1.280400e+00 9.833925e-01
1.280600e+00 9.835246e-01
1.280800e+00 9.836222e-01
1.281000e+00 9.837245e-01
1.281200e+00 9.838684e-01
1.281400e+00 9.840876e-01
1.281600e+00 9.844117e-01
1.281800e+00 9.848659e-01
1.282000e+00 9.854700e-01
1.282200e+00 9.862381e-01
1.282400e+00 9.871783e-01
1.282600e+00 9.882925e-01
1.282800e+00 9.895767e-01
1.283000e+00 9.910206e-01
1.283200e+00 9.926084e-01
1.283400e+00 9.943191e-01
1.283600e+00 9.961274e-01
1.283800e+00 9.980037e-01
1.284000e+00 9.999158e-01
1.284200e+00 1.001829e+00
1.284400e+00 1.003707e+00
1.284600e+00 1.005514e+00
1.284800e+00 1.007213e+00
1.285000e+00 1.008770e+00
1.285200e+00 1.010150e+00
1.285400e+00 1.011322e+00
1.285600e+00 1.012259e+00
1.285800e+00 1.012935e+00
1.286000e+00 1.013329e+00
1.286200e+00 1.013422e+00
1.286400e+00 1.013201e+00
1.286600e+00 1.012655e+00
1.286800e+00 1.011779e+00
1.287000e+00 1.010568e+00
1.287200e+00 1.009025e+00
1.287400e+00 1.007152e+00
1.287600e+00 1.004957e+00
1.287800e+00 1.002450e+00
1.288000e+00 9.996421e-01
1.288200e+00 9.965479e-01
1.288400e+00 9.931834e-01
1.288600e+00 9.895660e-01
1.288800e+00 9.857148e-01
1.289000e+00 9.816494e-01
1.289200e+00 9.773903e-01
1.289400e+00 9.729587e-01
1.289600e+00 9.683760e-01
1.289800e+00 9.636636e-01
1.290000e+00 9.588430e-01
1.290200e+00 9.539354e-01
1.290400e+00 9.489617e-01
1.290600e+00 9.439423e-01
1.290800e+00 9.388972e-01
1.291000e+00 9.338455e-01
1.291200e+00 9.288056e-01
1.291400e+00 9.237954e-01
1.291600e+00 9.188316e-01
1.291800e+00 9.139300e-01
1.292000e+00 9.091057e-01
1.292200e+00 9.043725e-01
1.292400e+00 8.997436e-01
1.292600e+00 8.952308e-01
1.292800e+00 8.908449e-01
1.293000e+00 8.865959e-01
1.293200e+00 8.824924e-01
1.293400e+00 8.785423e-01
1.293600e+00 8.747521e-01
1.293800e+00 8.711275e-01
1.294000e+00 8.676730e-01
1.294200e+00 8.643922e-01
1.294400e+00 8.612876e-01
1.294600e+00 8.583608e-01
1.294800e+00 8.556124e-01
1.295000e+00 8.530421e-01
1.295200e+00 8.506487e-01
1.295400e+00 8.484301e-01
1.295600e+00 8.463834e-01
1.295800e+00 8.445050e-01
1.296000e+00 8.427905e-01
1.296200e+00 8.412349e-01
1.296400e+00 8.398325e-01
1.296600e+00 8.385768e-01
1.296800e+00 8.374612e-01
1.297000e+00 8.364782e-01
1.297200e+00 8.356201e-01
1.297400e+00 8.348785e-01
1.297600e+00 8.342451e-01
1.297800e+00 8.337108e-01
1.298000e+00 8.332666e-01
1.298200e+00 8.329030e-01
1.298400e+00 8.326105e-01
1.298600e+00 8.323792e-01
1.298800e+00 8.321994e-01
1.299000e+00 8.320610e-01
1.299200e+00 8.319541e-01
1.299400e+00 8.318685e-01
1.299600e+00 8.317942e-01
1.299800e+00 8.317211e-01
1.300000e+00 8.316390e-01
1.300200e+00 8.315381e-01
1.300400e+00 8.314082e-01
1.300600e+00 8.312397e-01
1.300800e+00 8.310226e-01
1.301000e+00 8.307474e-01
1.301200e+00 8.304044e-01
1.301400e+00 8.299843e-01
1.301600e+00 8.294779e-01
1.301800e+00 8.288763e-01
1.302000e+00 8.281707e-01
1.302200e+00 8.273525e-01
1.302400e+00 8.264138e-01
1.302600e+00 8.253466e-01
1.302800e+00 8.241436e-01
1.303000e+00 8.227981e-01
1.303200e+00 8.213037e-01
1.303400e+00 8.196548e-01
1.303600e+00 8.178466e-01
1.303800e+00 8.158751e-01
1.304000e+00 8.137375e-01
1.304200e+00 8.114318e-01
1.304400e+00 8.089575e-01
1.304600e+00 8.063157e-01
1.304800e+00 8.035087e-01
1.305000e+00 8.005409e-01
1.305200e+00 7.974187e-01
1.305400e+00 7.941505e-01
1.305600e+00 7.907471e-01
1.305800e+00 7.872219e-01
1.306000e+00 7.835911e-01
1.306200e+00 7.798737e-01
1.306400e+00 7.760917e-01
1.306600e+00 7.722703e-01
1.306800e+00 7.684379e-01
1.307000e+00 7.646262e-01
1.307200e+00 7.608703e-01
1.307400e+00 7.572081e-01
1.307600e+00 7.536808e-01
1.307800e+00 7.503324e-01
1.308000e+00 7.472093e-01
1.308200e+00 7.443599e-01
1.308400e+00 7.418344e-01
1.308600e+00 7.396838e-01
1.308800e+00 7.379595e-01
1.309000e+00 7.367125e-01
1.309200e+00 7.359926e-01
1.309400e+00 7.358475e-01
1.309600e+00 7.363218e-01
1.309800e+00 7.374563e-01
1.310000e+00 7.392869e-01
1.310200e+00 7.418437e-01
1.310400e+00 7.451506e-01
1.310600e+00 7.492240e-01
1.310800e+00 7.540727e-01
1.311000e+00 7.596972e-01
1.311200e+00 7.660896e-01
1.311400e+00 7.732332e-01
1.311600e+00 7.811031e-01
1.311800e+00 7.896660e-01
1.312000e+00 7.988809e-01
1.312200e+00 8.086998e-01
1.312400e+00 8.190681e-01
1.312600e+00 8.299260e-01
1.312800e+00 8.412091e-01
1.313000e+00 8.528496e-01
1.313200e+00 8.647775e-01
1.313400e+00 8.769216e-01
1.313600e+00 8.892104e-01
1.313800e+00 9.015735e-01
1.314000e+00 9.139422e-01
1.314200e+00 9.262503e-01
1.314400e+00 9.384351e-01
1.314600e+00 9.504379e-01
1.314800e+00 9.622043e-01
1.315000e+00 9.736848e-01
1.315200e+00 9.848349e-01
1.315400e+00 9.956151e-01
1.315600e+00 1.005991e+00
1.315800e+00 1.015935e+00
1.316000e+00 1.025421e+00
1.316200e+00 1.034432e+00
1.316400e+00 1.042952e+00
1.316600e+00 1.050971e+00
1.316800e+00 1.058484e+00
1.317000e+00 1.065489e+00
1.317200e+00 1.071988e+00
1.317400e+00 1.077985e+00
1.317600e+00 1.083489e+00
1.317800e+00 1.088510e+00
1.318000e+00 1.093064e+00
1.318200e+00 1.097166e+00
1.318400e+00 1.100836e+00
1.318600e+00 1.104094e+00
1.318800e+00 1.106965e+00
1.319000e+00 1.109475e+00
1.319200e+00 1.111651e+00
1.319400e+00 1.113524e+00
1.319600e+00 1.115124e+00
1.319800e+00 1.116485e+00
1.320000e+00 1.117643e+00
1.320200e+00 1.118635e+00
1.320400e+00 1.119497e+00
1.320600e+00 1.120270e+00
1.320800e+00 1.120992e+00
1.321000e+00 1.121703e+00
1.321200e+00 1.122445e+00
1.321400e+00 1.123257e+00
1.321600e+00 1.124177e+00
1.321800e+00 1.125243e+00
1.322000e+00 1.126491e+00
1.322200e+00 1.127954e+00
1.322400e+00 1.129662e+00
1.322600e+00 1.131642e+00
1.322800e+00 1.133917e+00
1.323000e+00 1.136504e+00
1.323200e+00 1.139416e+00
1.323400e+00 1.142662e+00
1.323600e+00 1.146243e+00
1.323800e+00 1.150154e+00
1.324000e+00 1.154387e+00
1.324200e+00 1.158926e+00
1.324400e+00 1.163748e+00
1.324600e+00 1.168827e+00
1.324800e+00 1.174130e+00
1.325000e+00 1.179621e+00
1.325200e+00 1.185259e+00
1.325400e+00 1.190998e+00
1.325600e+00 1.196793e+00
1.325800e+00 1.202592e+00
1.326000e+00 1.208345e+00
1.326200e+00 1.214000e+00
1.326400e+00 1.219507e+00
1.326600e+00 1.224813e+00
1.326800e+00 1.229870e+00
1.327000e+00 1.234630e+00
1.327200e+00 1.239049e+00
1.327400e+00 1.243085e+00
1.327600e+00 1.246699e+00
1.327800e+00 1.249856e+00
1.328000e+00 1.252527e+00
1.328200e+00 1.254684e+00
1.328400e+00 1.256305e+00
1.328600e+00 1.257373e+00
1.328800e+00 1.257873e+00
1.329000e+00 1.257796e+00
1.329200e+00 1.257137e+00
1.329400e+00 1.255896e+00
1.329600e+00 1.254074e+00
1.329800e+00 1.251680e+00
1.330000e+00 1.248723e+00
1.330200e+00 1.245219e+00
1.330400e+00 1.241186e+00
1.330600e+00 1.236646e+00
1.330800e+00 1.231624e+00
1.331000e+00 1.226148e+00
1.331200e+00 1.220252e+00
1.331400e+00 1.213971e+00
1.331600e+00 1.207343e+00
1.331800e+00 1.200411e+00
1.332000e+00 1.193221e+00
1.332200e+00 1.185822e+00
1.332400e+00 1.178266e+00
1.332600e+00 1.170608e+00
1.332800e+00 1.162907e+00
1.333000e+00 1.155224e+00
1.333200e+00 1.147622e+00
1.333400e+00 1.140167e+00
1.333600e+00 1.132928e+00
1.333800e+00 1.125972e+00
1.334000e+00 1.119368e+00
1.334200e+00 1.113186e+00
1.334400e+00 1.107494e+00
1.334600e+00 1.102357e+00
1.334800e+00 1.097838e+00
1.335000e+00 1.093996e+00
1.335200e+00 1.090882e+00
1.335400e+00 1.088544e+00
1.335600e+00 1.087021e+00
1.335800e+00 1.086341e+00
1.336000e+00 1.086526e+00
1.336200e+00 1.087584e+00
1.336400e+00 1.089515e+00
1.336600e+00 1.092306e+00
1.336800e+00 1.095933e+00
1.337000e+00 1.100361e+00
1.337200e+00 1.105544e+00
1.337400e+00 1.111427e+00
1.337600e+00 1.117945e+00
1.337800e+00 1.125027e+00
1.338000e+00 1.132595e+00
1.338200e+00 1.140569e+00
1.338400e+00 1.148864e+00
1.338600e+00 1.157395e+00
1.338800e+00 1.166077e+00
1.339000e+00 1.174829e+00
1.339200e+00 1.183571e+00
1.339400e+00 1.192229e+00
1.339600e+00 1.200736e+00
1.339800e+00 1.209030e+00
1.340000e+00 1.217054e+00
1.340200e+00 1.224762e+00
1.340400e+00 1.232112e+00
1.340600e+00 1.239071e+00
1.340800e+00 1.245613e+00
1.341000e+00 1.251716e+00
1.341200e+00 1.257367e+00
1.341400e+00 1.262558e+00
1.341600e+00 1.267286e+00
1.341800e+00 1.271550e+00
1.342000e+00 1.275357e+00
1.342200e+00 1.278715e+00
1.342400e+00 1.281635e+00
1.342600e+00 1.284130e+00
1.342800e+00 1.286217e+00
1.343000e+00 1.287913e+00
1.343200e+00 1.289235e+00
1.343400e+00 1.290202e+00
1.343600e+00 1.290835e+00
1.343800e+00 1.291152e+00
1.344000e+00 1.291175e+00
1.344200e+00 1.290921e+00
1.344400e+00 1.290412e+00
1.344600e+00 1.289666e+00
1.344800e+00 1.288702e+00
1.345000e+00 1.287537e+00
1.345200e+00 1.286190e+00
1.345400e+00 1.284676e+00
1.345600e+00 1.283011e+00
1.345800e+00 1.281212e+00
1.346000e+00 1.279291e+00
1.346200e+00 1.277263e+00
1.346400e+00 1.275140e+00
1.346600e+00 1.272933e+00
1.346800e+00 1.270654e+00
1.347000e+00 1.268312e+00
1.347200e+00 1.265918e+00
1.347400e+00 1.263478e+00
1.347600e+00 1.261001e+00
1.347800e+00 1.258493e+00
1.348000e+00 1.255960e+00
1.348200e+00 1.253407e+00
1.348400e+00 1.250838e+00
1.348600e+00 1.248257e+00
1.348800e+00 1.245667e+00
1.349000e+00 1.243070e+00
1.349200e+00 1.240467e+00
1.349400e+00 1.237860e+00
1.349600e+00 1.235247e+00
1.349800e+00 1.232631e+00
1.350000e+00 1.230008e+00
1.350200e+00 1.227379e+00
1.350400e+00 1.224743e+00
1.350600e+00 1.222096e+00
1.350800e+00 1.219438e+00
1.351000e+00 1.216765e+00
1.351200e+00 1.214077e+00
1.351400e+00 1.211369e+00
1.351600e+00 1.208641e+00
1.351800e+00 1.205890e+00
1.352000e+00 1.203114e+00
1.352200e+00 1.200311e+00
1.352400e+00 1.197481e+00
1.352600e+00 1.194624e+00
1.352800e+00 1.191738e+00
1.353000e+00 1.188825e+00
1.353200e+00 1.185887e+00
1.353400e+00 1.182925e+00
1.353600e+00 1.179945e+00
1.353800e+00 1.176949e+00
1.354000e+00 1.173943e+00
1.354200e+00 1.170935e+00
1.354400e+00 1.167933e+00
1.354600e+00 1.164944e+00
1.354800e+00 1.161980e+00
1.355000e+00 1.159053e+00
1.355200e+00 1.156173e+00
1.355400e+00 1.153356e+00
1.355600e+00 1.150615e+00
1.355800e+00 1.147965e+00
1.356000e+00 1.145421e+00
1.356200e+00 1.143000e+00
1.356400e+00 1.140718e+00
1.356600e+00 1.138589e+00
1.356800e+00 1.136630e+00
1.357000e+00 1.134854e+00
1.357200e+00 1.133276e+00
1.357400e+00 1.131906e+00
1.357600e+00 1.130757e+00
1.357800e+00 1.129836e+00
1.358000e+00 1.129149e+00
1.358200e+00 1.128701e+00
1.358400e+00 1.128493e+00
1.358600e+00 1.128525e+00
1.358800e+00 1.128790e+00
1.359000e+00 1.129284e+00
1.359200e+00 1.129996e+00
1.359400e+00 1.130914e+00
1.359600e+00 1.132023e+00
1.359800e+00 1.133305e+00
1.360000e+00 1.134741e+00
1.360200e+00 1.136310e+00
1.360400e+00 1.137988e+00
1.360600e+00 1.139752e+00
1.360800e+00 1.141576e+00
1.361000e+00 1.143435e+00
1.361200e+00 1.145303e+00
1.361400e+00 1.147155e+00
1.361600e+00 1.148966e+00
1.361800e+00 1.150713e+00
1.362000e+00 1.152372e+00
1.362200e+00 1.153923e+00
1.362400e+00 1.155346e+00
1.362600e+00 1.156624e+00
1.362800e+00 1.157740e+00
1.363000e+00 1.158681e+00
1.363200e+00 1.159435e+00
1.363400e+00 1.159994e+00
1.363600e+00 1.160349e+00
1.363800e+00 1.160495e+00
1.364000e+00 1.160430e+00
1.364200e+00 1.160150e+00
1.364400e+00 1.159658e+00
1.364600e+00 1.158953e+00
1.364800e+00 1.158041e+00
1.365000e+00 1.156924e+00
1.365200e+00 1.155609e+00
1.365400e+00 1.154103e+00
1.365600e+00 1.152413e+00
1.365800e+00 1.150547e+00
1.366000e+00 1.148514e+00
1.366200e+00 1.146324e+00
1.366400e+00 1.143985e+00
1.366600e+00 1.141509e+00
1.366800e+00 1.138904e+00
1.367000e+00 1.136181e+00
1.367200e+00 1.133349e+00
1.367400e+00 1.130419e+00
1.367600e+00 1.127400e+00
1.367800e+00 1.124302e+00
1.368000e+00 1.121134e+00
1.368200e+00 1.117904e+00
1.368400e+00 1.114622e+00
1.368600e+00 1.111295e+00
1.368800e+00 1.107931e+00
1.369000e+00 1.104539e+00
1.369200e+00 1.101124e+00
1.369400e+00 1.097694e+00
1.369600e+00 1.094255e+00
1.369800e+00 1.090814e+00
1.370000e+00 1.087375e+00
1.370200e+00 1.083945e+00
1.370400e+00 1.080528e+00
1.370600e+00 1.077130e+00
1.370800e+00 1.073753e+00
1.371000e+00 1.070404e+00
1.371200e+00 1.067085e+00
1.371400e+00 1.063800e+00
1.371600e+00 1.060553e+00
1.371800e+00 1.057346e+00
1.372000e+00 1.054183e+00
1.372200e+00 1.051067e+00
1.372400e+00 1.048000e+00
1.372600e+00 1.044985e+00
1.372800e+00 1.042023e+00
1.373000e+00 1.039117e+00
1.373200e+00 1.036270e+00
1.373400e+00 1.033483e+00
1.373600e+00 1.030759e+00
1.373800e+00 1.028098e+00
1.374000e+00 1.025503e+00
1.374200e+00 1.022976e+00
1.374400e+00 1.020518e+00
1.374600e+00 1.018132e+00
1.374800e+00 1.015818e+00
1.375000e+00 1.013578e+00
1.375200e+00 1.011415e+00
1.375400e+00 1.009330e+00
1.375600e+00 1.007324e+00
1.375800e+00 1.005400e+00
1.376000e+00 1.003559e+00
1.376200e+00 1.001803e+00
1.376400e+00 1.000135e+00
1.376600e+00 9.985560e-01
1.376800e+00 9.970682e-01
1.377000e+00 9.956741e-01
1.377200e+00 9.943758e-01
1.377400e+00 9.931759e-01
1.377600e+00 9.920768e-01
1.377800e+00 9.910811e-01
1.378000e+00 9.901917e-01
1.378200e+00 9.894113e-01
1.378400e+00 9.887431e-01
1.378600e+00 9.881901e-01
1.378800e+00 9.877558e-01
1.379000e+00 9.874434e-01
1.379200e+00 9.872567e-01
1.379400e+00 9.871994e-01
1.379600e+00 9.872754e-01
1.379800e+00 9.874889e-01
1.380000e+00 9.878442e-01
1.380200e+00 9.883456e-01
1.380400e+00 9.889978e-01
1.380600e+00 9.898055e-01
1.380800e+00 9.907738e-01
1.381000e+00 9.919076e-01
1.381200e+00 9.932124e-01
1.381400e+00 9.946934e-01
1.381600e+00 9.963563e-01
1.381800e+00 9.982066e-01
1.382000e+00 1.000250e+00
1.382200e+00 1.002493e+00
1.382400e+00 1.004940e+00
1.382600e+00 1.007599e+00
1.382800e+00 1.010473e+00
1.383000e+00 1.013571e+00
1.383200e+00 1.016896e+00
1.383400e+00 1.020454e+00
1.383600e+00 1.024250e+00
1.383800e+00 1.028290e+00
1.384000e+00 1.032576e+00
1.384200e+00 1.037113e+00
1.384400e+00 1.041902e+00
1.384600e+00 1.046946e+00
1.384800e+00 1.052244e+00
1.385000e+00 1.057795e+00
1.385200e+00 1.063598e+00
1.385400e+00 1.069645e+00
1.385600e+00 1.075931e+00
1.385800e+00 1.082444e+00
1.386000e+00 1.089172e+00
1.386200e+00 1.096097e+00
1.386400e+00 1.103198e+00
1.386600e+00 1.110449e+00
1.386800e+00 1.117818e+00
1.387000e+00 1.125269e+00
1.387200e+00 1.132757e+00
1.387400e+00 1.140231e+00
1.387600e+00 1.147632e+00
1.387800e+00 1.154894e+00
1.388000e+00 1.161941e+00
1.388200e+00 1.168688e+00
1.388400e+00 1.175044e+00
1.388600e+00 1.180905e+00
1.388800e+00 1.186164e+00
1.389000e+00 1.190705e+00
1.389200e+00 1.194409e+00
1.389400e+00 1.197153e+00
1.389600e+00 1.198816e+00
1.389800e+00 1.199283e+00
1.390000e+00 1.198447e+00
1.390200e+00 1.196215e+00
1.390400e+00 1.192516e+00
1.390600e+00 1.187303e+00
1.390800e+00 1.180560e+00
1.391000e+00 1.172305e+00
1.391200e+00 1.162596e+00
1.391400e+00 1.151530e+00
1.391600e+00 1.139244e+00
1.391800e+00 1.125907e+00
1.392000e+00 1.111722e+00
1.392200e+00 1.096911e+00
1.392400e+00 1.081706e+00
1.392600e+00 1.066343e+00
1.392800e+00 1.051042e+00
1.393000e+00 1.036006e+00
1.393200e+00 1.021403e+00
1.393400e+00 1.007369e+00
1.393600e+00 9.939971e-01
1.393800e+00 9.813431e-01
1.394000e+00 9.694250e-01
1.394200e+00 9.582292e-01
1.394400e+00 9.477168e-01
1.394600e+00 9.378301e-01
1.394800e+00 9.285006e-01
1.395000e+00 9.196547e-01
1.395200e+00 9.112196e-01
1.395400e+00 9.031275e-01
1.395600e+00 8.953182e-01
1.395800e+00 8.877416e-01
1.396000e+00 8.803575e-01
1.396200e+00 8.731363e-01
1.396400e+00 8.660576e-01
1.396600e+00 8.591097e-01
1.396800e+00 8.522877e-01
1.397000e+00 8.455924e-01
1.397200e+00 8.390291e-01
1.397400e+00 8.326060e-01
1.397600e+00 8.263331e-01
1.397800e+00 8.202218e-01
1.398000e+00 8.142833e-01
1.398200e+00 8.085290e-01
1.398400e+00 8.029692e-01
1.398600e+00 7.976132e-01
1.398800e+00 7.924692e-01
1.399000e+00 7.875439e-01
1.399200e+00 7.828427e-01
1.399400e+00 7.783696e-01
1.399600e+00 7.741271e-01
1.399800e+00 7.701168e-01
