1.000000e+00 1.152055e+00
1.000200e+00 1.150867e+00
1.000400e+00 1.149566e+00
1.000600e+00 1.148147e+00
1.000800e+00 1.146608e+00
1.001000e+00 1.144943e+00
1.001200e+00 1.143150e+00
1.001400e+00 1.141224e+00
1.001600e+00 1.139162e+00
1.001800e+00 1.136960e+00
1.002000e+00 1.134616e+00
1.002200e+00 1.132125e+00
1.002400e+00 1.129487e+00
1.002600e+00 1.126698e+00
1.002800e+00 1.123756e+00
1.003000e+00 1.120660e+00
1.003200e+00 1.117410e+00
1.003400e+00 1.114003e+00
1.003600e+00 1.110442e+00
1.003800e+00 1.106725e+00
1.004000e+00 1.102856e+00
1.004200e+00 1.098836e+00
1.004400e+00 1.094668e+00
1.004600e+00 1.090357e+00
1.004800e+00 1.085907e+00
1.005000e+00 1.081324e+00
1.005200e+00 1.076615e+00
1.005400e+00 1.071788e+00
1.005600e+00 1.066853e+00
1.005800e+00 1.061820e+00
1.006000e+00 1.056700e+00
1.006200e+00 1.051506e+00
1.006400e+00 1.046252e+00
1.006600e+00 1.040953e+00
1.006800e+00 1.035624e+00
1.007000e+00 1.030285e+00
1.007200e+00 1.024952e+00
1.007400e+00 1.019645e+00
1.007600e+00 1.014385e+00
1.007800e+00 1.009191e+00
1.008000e+00 1.004087e+00
1.008200e+00 9.990939e-01
1.008400e+00 9.942344e-01
1.008600e+00 9.895312e-01
1.008800e+00 9.850071e-01
1.009000e+00 9.806844e-01
1.009200e+00 9.765855e-01
1.009400e+00 9.727316e-01
1.009600e+00 9.691435e-01
1.009800e+00 9.658408e-01
1.010000e+00 9.628418e-01
1.010200e+00 9.601632e-01
1.010400e+00 9.578203e-01
1.010600e+00 9.558262e-01
1.010800e+00 9.541923e-01
1.011000e+00 9.529273e-01
1.011200e+00 9.520381e-01
1.011400e+00 9.515288e-01
1.011600e+00 9.514012e-01
1.011800e+00 9.516543e-01
1.012000e+00 9.522847e-01
1.012200e+00 9.532864e-01
1.012400e+00 9.546510e-01
1.012600e+00 9.563673e-01
1.012800e+00 9.584222e-01
1.013000e+00 9.608002e-01
1.013200e+00 9.634839e-01
1.013400e+00 9.664538e-01
1.013600e+00 9.696891e-01
1.013800e+00 9.731673e-01
1.014000e+00 9.768650e-01
1.014200e+00 9.807576e-01
1.014400e+00 9.848201e-01
1.014600e+00 9.890267e-01
1.014800e+00 9.933516e-01
1.015000e+00 9.977690e-01
1.015200e+00 1.002253e+00
1.015400e+00 1.006780e+00
1.015600e+00 1.011323e+00
1.015800e+00 1.015861e+00
1.016000e+00 1.020370e+00
1.016200e+00 1.024828e+00
1.016400e+00 1.029217e+00
1.016600e+00 1.033515e+00
1.016800e+00 1.037707e+00
1.017000e+00 1.041777e+00
1.017200e+00 1.045709e+00
1.017400e+00 1.049491e+00
1.017600e+00 1.053112e+00
1.017800e+00 1.056561e+00
1.018000e+00 1.059832e+00
1.018200e+00 1.062916e+00
1.018400e+00 1.065808e+00
1.018600e+00 1.068505e+00
1.018800e+00 1.071004e+00
1.019000e+00 1.073303e+00
1.019200e+00 1.075401e+00
1.019400e+00 1.077301e+00
1.019600e+00 1.079003e+00
1.019800e+00 1.080509e+00
1.020000e+00 1.081824e+00
1.020200e+00 1.082952e+00
1.020400e+00 1.083897e+00
1.020600e+00 1.084665e+00
1.020800e+00 1.085262e+00
1.021000e+00 1.085694e+00
1.021200e+00 1.085968e+00
1.021400e+00 1.086091e+00
1.021600e+00 1.086069e+00
1.021800e+00 1.085912e+00
1.022000e+00 1.085626e+00
1.022200e+00 1.085218e+00
1.022400e+00 1.084697e+00
1.022600e+00 1.084071e+00
1.022800e+00 1.083346e+00
1.023000e+00 1.082531e+00
1.023200e+00 1.081633e+00
1.023400e+00 1.080659e+00
1.023600e+00 1.079617e+00
1.023800e+00 1.078514e+00
1.024000e+00 1.077357e+00
1.024200e+00 1.076152e+00
1.024400e+00 1.074907e+00
1.024600e+00 1.073627e+00
1.024800e+00 1.072318e+00
1.025000e+00 1.070987e+00
1.025200e+00 1.069640e+00
1.025400e+00 1.068281e+00
1.025600e+00 1.066916e+00
1.025800e+00 1.065550e+00
1.026000e+00 1.064188e+00
1.026200e+00 1.062835e+00
1.026400e+00 1.061495e+00
1.026600e+00 1.060172e+00
1.026800e+00 1.058870e+00
1.027000e+00 1.057593e+00
1.027200e+00 1.056346e+00
1.027400e+00 1.055130e+00
1.027600e+00 1.053949e+00
1.027800e+00 1.052807e+00
1.028000e+00 1.051706e+00
1.028200e+00 1.050650e+00
1.028400e+00 1.049640e+00
1.028600e+00 1.048679e+00
1.028800e+00 1.047770e+00
1.029000e+00 1.046914e+00
1.029200e+00 1.046114e+00
1.029400e+00 1.045371e+00
1.029600e+00 1.044688e+00
1.029800e+00 1.044065e+00
1.030000e+00 1.043505e+00
1.030200e+00 1.043008e+00
1.030400e+00 1.042577e+00
1.030600e+00 1.042211e+00
1.030800e+00 1.041913e+00
1.031000e+00 1.041683e+00
1.031200e+00 1.041522e+00
1.031400e+00 1.041431e+00
1.031600e+00 1.041411e+00
1.031800e+00 1.041462e+00
1.032000e+00 1.041585e+00
1.032200e+00 1.041779e+00
1.032400e+00 1.042046e+00
1.032600e+00 1.042386e+00
1.032800e+00 1.042799e+00
1.033000e+00 1.043284e+00
1.033200e+00 1.043842e+00
1.033400e+00 1.044473e+00
1.033600e+00 1.045176e+00
1.033800e+00 1.045951e+00
1.034000e+00 1.046797e+00
1.034200e+00 1.047714e+00
1.034400e+00 1.048702e+00
1.034600e+00 1.049759e+00
1.034800e+00 1.050885e+00
1.035000e+00 1.052078e+00
1.035200e+00 1.053337e+00
1.035400e+00 1.054661e+00
1.035600e+00 1.056048e+00
1.035800e+00 1.057496e+00
1.036000e+00 1.059005e+00
1.036200e+00 1.060570e+00
1.036400e+00 1.062191e+00
1.036600e+00 1.063865e+00
1.036800e+00 1.065588e+00
1.037000e+00 1.067358e+00
1.037200e+00 1.069172e+00
1.037400e+00 1.071025e+00
1.037600e+00 1.072914e+00
1.037800e+00 1.074835e+00
1.038000e+00 1.076783e+00
1.038200e+00 1.078752e+00
1.038400e+00 1.080739e+00
1.038600e+00 1.082735e+00
1.038800e+00 1.084736e+00
1.039000e+00 1.086734e+00
1.039200e+00 1.088722e+00
1.039400e+00 1.090692e+00
1.039600e+00 1.092635e+00
1.039800e+00 1.094543e+00
1.040000e+00 1.096404e+00
1.040200e+00 1.098210e+00
1.040400e+00 1.099948e+00
1.040600e+00 1.101606e+00
1.040800e+00 1.103172e+00
1.041000e+00 1.104633e+00
1.041200e+00 1.105972e+00
1.041400e+00 1.107176e+00
1.041600e+00 1.108229e+00
1.041800e+00 1.109112e+00
1.042000e+00 1.109809e+00
1.042200e+00 1.110301e+00
1.042400e+00 1.110568e+00
1.042600e+00 1.110591e+00
1.042800e+00 1.110348e+00
1.043000e+00 1.109819e+00
1.043200e+00 1.108982e+00
1.043400e+00 1.107815e+00
1.043600e+00 1.106295e+00
1.043800e+00 1.104402e+00
1.044000e+00 1.102113e+00
1.044200e+00 1.099408e+00
1.044400e+00 1.096267e+00
1.044600e+00 1.092671e+00
1.044800e+00 1.088604e+00
1.045000e+00 1.084052e+00
1.045200e+00 1.079002e+00
1.045400e+00 1.073447e+00
1.045600e+00 1.067382e+00
1.045800e+00 1.060807e+00
1.046000e+00 1.053728e+00
1.046200e+00 1.046153e+00
1.046400e+00 1.038101e+00
1.046600e+00 1.029594e+00
1.046800e+00 1.020662e+00
1.047000e+00 1.011345e+00
1.047200e+00 1.001688e+00
1.047400e+00 9.917456e-01
1.047600e+00 9.815801e-01
1.047800e+00 9.712628e-01
1.048000e+00 9.608731e-01
1.048200e+00 9.504989e-01
1.048400e+00 9.402358e-01
1.048600e+00 9.301868e-01
1.048800e+00 9.204623e-01
1.049000e+00 9.111791e-01
1.049200e+00 9.024598e-01
1.049400e+00 8.944325e-01
1.049600e+00 8.872298e-01
1.049800e+00 8.809878e-01
1.050000e+00 8.758459e-01
1.050200e+00 8.719448e-01
1.050400e+00 8.694263e-01
1.050600e+00 8.684308e-01
1.050800e+00 8.690965e-01
1.051000e+00 8.715567e-01
1.051200e+00 8.759372e-01
1.051400e+00 8.823540e-01
1.051600e+00 8.909095e-01
1.051800e+00 9.016887e-01
1.052000e+00 9.147561e-01
1.052200e+00 9.301508e-01
1.052400e+00 9.478831e-01
1.052600e+00 9.679312e-01
1.052800e+00 9.902375e-01
1.053000e+00 1.014707e+00
1.053200e+00 1.041207e+00
1.053400e+00 1.069565e+00
1.053600e+00 1.099573e+00
1.053800e+00 1.130989e+00
1.054000e+00 1.163542e+00
1.054200e+00 1.196936e+00
1.054400e+00 1.230861e+00
1.054600e+00 1.264996e+00
1.054800e+00 1.299019e+00
1.055000e+00 1.332616e+00
1.055200e+00 1.365485e+00
1.055400e+00 1.397346e+00
1.055600e+00 1.427947e+00
1.055800e+00 1.457065e+00
1.056000e+00 1.484512e+00
1.056200e+00 1.510135e+00
1.056400e+00 1.533820e+00
1.056600e+00 1.555484e+00
1.056800e+00 1.575080e+00
1.057000e+00 1.592591e+00
1.057200e+00 1.608027e+00
1.057400e+00 1.621420e+00
1.057600e+00 1.632821e+00
1.057800e+00 1.642296e+00
1.058000e+00 1.649924e+00
1.058200e+00 1.655790e+00
1.058400e+00 1.659983e+00
1.058600e+00 1.662598e+00
1.058800e+00 1.663728e+00
1.059000e+00 1.663465e+00
1.059200e+00 1.661902e+00
1.059400e+00 1.659126e+00
1.059600e+00 1.655225e+00
1.059800e+00 1.650286e+00
1.060000e+00 1.644391e+00
1.060200e+00 1.637624e+00
1.060400e+00 1.630068e+00
1.060600e+00 1.621808e+00
1.060800e+00 1.612927e+00
1.061000e+00 1.603512e+00
1.061200e+00 1.593650e+00
1.061400e+00 1.583431e+00
1.061600e+00 1.572943e+00
1.061800e+00 1.562277e+00
1.062000e+00 1.551522e+00
1.062200e+00 1.540765e+00
1.062400e+00 1.530092e+00
1.062600e+00 1.519582e+00
1.062800e+00 1.509311e+00
1.063000e+00 1.499345e+00
1.063200e+00 1.489746e+00
1.063400e+00 1.480565e+00
1.063600e+00 1.471842e+00
1.063800e+00 1.463608e+00
1.064000e+00 1.455886e+00
1.064200e+00 1.448684e+00
1.064400e+00 1.442003e+00
1.064600e+00 1.435835e+00
1.064800e+00 1.430162e+00
1.065000e+00 1.424960e+00
1.065200e+00 1.420197e+00
1.065400e+00 1.415836e+00
1.065600e+00 1.411839e+00
1.065800e+00 1.408161e+00
1.066000e+00 1.404758e+00
1.066200e+00 1.401585e+00
1.066400e+00 1.398599e+00
1.066600e+00 1.395756e+00
1.066800e+00 1.393016e+00
1.067000e+00 1.390340e+00
1.067200e+00 1.387693e+00
1.067400e+00 1.385045e+00
1.067600e+00 1.382366e+00
1.067800e+00 1.379633e+00
1.068000e+00 1.376826e+00
1.068200e+00 1.373926e+00
1.068400e+00 1.370922e+00
1.068600e+00 1.367802e+00
1.068800e+00 1.364559e+00
1.069000e+00 1.361189e+00
1.069200e+00 1.357690e+00
1.069400e+00 1.354061e+00
1.069600e+00 1.350304e+00
1.069800e+00 1.346424e+00
1.070000e+00 1.342426e+00
1.070200e+00 1.338315e+00
1.070400e+00 1.334099e+00
1.070600e+00 1.329785e+00
1.070800e+00 1.325383e+00
1.071000e+00 1.320901e+00
1.071200e+00 1.316348e+00
1.071400e+00 1.311734e+00
1.071600e+00 1.307067e+00
1.071800e+00 1.302358e+00
1.072000e+00 1.297614e+00
1.072200e+00 1.292846e+00
1.072400e+00 1.288061e+00
1.072600e+00 1.283269e+00
1.072800e+00 1.278476e+00
1.073000e+00 1.273692e+00
1.073200e+00 1.268923e+00
1.073400e+00 1.264176e+00
1.073600e+00 1.259458e+00
1.073800e+00 1.254775e+00
1.074000e+00 1.250133e+00
1.074200e+00 1.245539e+00
1.074400e+00 1.240996e+00
1.074600e+00 1.236509e+00
1.074800e+00 1.232085e+00
1.075000e+00 1.227725e+00
1.075200e+00 1.223436e+00
1.075400e+00 1.219220e+00
1.075600e+00 1.215080e+00
1.075800e+00 1.211021e+00
1.076000e+00 1.207044e+00
1.076200e+00 1.203153e+00
1.076400e+00 1.199350e+00
1.076600e+00 1.195637e+00
1.076800e+00 1.192016e+00
1.077000e+00 1.188490e+00
1.077200e+00 1.185060e+00
1.077400e+00 1.181727e+00
1.077600e+00 1.178494e+00
1.077800e+00 1.175361e+00
1.078000e+00 1.172329e+00
1.078200e+00 1.169400e+00
1.078400e+00 1.166574e+00
1.078600e+00 1.163853e+00
1.078800e+00 1.161236e+00
1.079000e+00 1.158724e+00
1.079200e+00 1.156318e+00
1.079400e+00 1.154018e+00
1.079600e+00 1.151825e+00
1.079800e+00 1.149738e+00
1.080000e+00 1.147758e+00
1.080200e+00 1.145884e+00
1.080400e+00 1.144116e+00
1.080600e+00 1.142454e+00
1.080800e+00 1.140899e+00
1.081000e+00 1.139448e+00
1.081200e+00 1.138103e+00
1.081400e+00 1.136862e+00
1.081600e+00 1.135725e+00
1.081800e+00 1.134691e+00
1.082000e+00 1.133759e+00
1.082200e+00 1.132929e+00
1.082400e+00 1.132200e+00
1.082600e+00 1.131570e+00
1.082800e+00 1.131039e+00
1.083000e+00 1.130605e+00
1.083200e+00 1.130268e+00
1.083400e+00 1.130026e+00
1.083600e+00 1.129878e+00
1.083800e+00 1.129823e+00
1.084000e+00 1.129858e+00
1.084200e+00 1.129984e+00
1.084400e+00 1.130197e+00
1.084600e+00 1.130498e+00
1.084800e+00 1.130883e+00
1.085000e+00 1.131352e+00
1.085200e+00 1.131903e+00
1.085400e+00 1.132533e+00
1.085600e+00 1.133243e+00
1.085800e+00 1.134028e+00
1.086000e+00 1.134889e+00
1.086200e+00 1.135822e+00
1.086400e+00 1.136827e+00
1.086600e+00 1.137900e+00
1.086800e+00 1.139041e+00
1.087000e+00 1.140247e+00
1.087200e+00 1.141516e+00
1.087400e+00 1.142847e+00
1.087600e+00 1.144237e+00
1.087800e+00 1.145684e+00
1.088000e+00 1.147186e+00
1.088200e+00 1.148742e+00
1.088400e+00 1.150348e+00
1.088600e+00 1.152004e+00
1.088800e+00 1.153706e+00
1.089000e+00 1.155453e+00
1.089200e+00 1.157243e+00
1.089400e+00 1.159074e+00
1.089600e+00 1.160943e+00
1.089800e+00 1.162849e+00
1.090000e+00 1.164789e+00
1.090200e+00 1.166761e+00
1.090400e+00 1.168764e+00
1.090600e+00 1.170795e+00
1.090800e+00 1.172852e+00
1.091000e+00 1.174932e+00
1.091200e+00 1.177035e+00
1.091400e+00 1.179158e+00
1.091600e+00 1.181299e+00
1.091800e+00 1.183456e+00
1.092000e+00 1.185628e+00
1.092200e+00 1.187811e+00
1.092400e+00 1.190005e+00
1.092600e+00 1.192208e+00
1.092800e+00 1.194418e+00
1.093000e+00 1.196632e+00
1.093200e+00 1.198851e+00
1.093400e+00 1.201071e+00
1.093600e+00 1.203292e+00
1.093800e+00 1.205513e+00
1.094000e+00 1.207731e+00
1.094200e+00 1.209946e+00
1.094400e+00 1.212156e+00
1.094600e+00 1.214361e+00
1.094800e+00 1.216560e+00
1.095000e+00 1.218753e+00
1.095200e+00 1.220938e+00
1.095400e+00 1.223115e+00
1.095600e+00 1.225284e+00
1.095800e+00 1.227446e+00
1.096000e+00 1.229600e+00
1.096200e+00 1.231746e+00
1.096400e+00 1.233886e+00
1.096600e+00 1.236021e+00
1.096800e+00 1.238150e+00
1.097000e+00 1.240277e+00
1.097200e+00 1.242402e+00
1.097400e+00 1.244527e+00
1.097600e+00 1.246654e+00
1.097800e+00 1.248786e+00
1.098000e+00 1.250925e+00
1.098200e+00 1.253075e+00
1.098400e+00 1.255238e+00
1.098600e+00 1.257419e+00
1.098800e+00 1.259620e+00
1.099000e+00 1.261845e+00
1.099200e+00 1.264099e+00
1.099400e+00 1.266386e+00
1.099600e+00 1.268710e+00
1.099800e+00 1.271076e+00
1.100000e+00 1.273488e+00
1.100200e+00 1.275951e+00
1.100400e+00 1.278468e+00
1.100600e+00 1.281046e+00
1.100800e+00 1.283687e+00
1.101000e+00 1.286395e+00
1.101200e+00 1.289174e+00
1.101400e+00 1.292027e+00
1.101600e+00 1.294956e+00
1.101800e+00 1.297962e+00
1.102000e+00 1.301046e+00
1.102200e+00 1.304208e+00
1.102400e+00 1.307446e+00
1.102600e+00 1.310758e+00
1.102800e+00 1.314139e+00
1.103000e+00 1.317584e+00
1.103200e+00 1.321084e+00
1.103400e+00 1.324629e+00
1.103600e+00 1.328209e+00
1.103800e+00 1.331808e+00
1.104000e+00 1.335411e+00
1.104200e+00 1.338997e+00
1.104400e+00 1.342545e+00
1.104600e+00 1.346030e+00
1.104800e+00 1.349425e+00
1.105000e+00 1.352699e+00
1.105200e+00 1.355819e+00
1.105400e+00 1.358748e+00
1.105600e+00 1.361448e+00
1.105800e+00 1.363878e+00
1.106000e+00 1.365993e+00
1.106200e+00 1.367750e+00
1.106400e+00 1.369101e+00
1.106600e+00 1.369999e+00
1.106800e+00 1.370395e+00
1.107000e+00 1.370243e+00
1.107200e+00 1.369495e+00
1.107400e+00 1.368107e+00
1.107600e+00 1.366038e+00
1.107800e+00 1.363248e+00
1.108000e+00 1.359703e+00
1.108200e+00 1.355375e+00
1.108400e+00 1.350240e+00
1.108600e+00 1.344282e+00
1.108800e+00 1.337491e+00
1.109000e+00 1.329866e+00
1.109200e+00 1.321414e+00
1.109400e+00 1.312148e+00
1.109600e+00 1.302093e+00
1.109800e+00 1.291277e+00
1.110000e+00 1.279739e+00
1.110200e+00 1.267525e+00
1.110400e+00 1.254685e+00
1.110600e+00 1.241277e+00
1.110800e+00 1.227360e+00
1.111000e+00 1.213001e+00
1.111200e+00 1.198266e+00
1.111400e+00 1.183223e+00
1.111600e+00 1.167941e+00
1.111800e+00 1.152490e+00
1.112000e+00 1.136935e+00
1.112200e+00 1.121343e+00
1.112400e+00 1.105774e+00
1.112600e+00 1.090287e+00
1.112800e+00 1.074937e+00
1.113000e+00 1.059775e+00
1.113200e+00 1.044846e+00
1.113400e+00 1.030193e+00
1.113600e+00 1.015853e+00
1.113800e+00 1.001858e+00
1.114000e+00 9.882374e-01
1.114200e+00 9.750151e-01
1.114400e+00 9.622115e-01
1.114600e+00 9.498435e-01
1.114800e+00 9.379244e-01
1.115000e+00 9.264645e-01
1.115200e+00 9.154711e-01
1.115400e+00 9.049491e-01
1.115600e+00 8.949009e-01
1.115800e+00 8.853270e-01
1.116000e+00 8.762260e-01
1.116200e+00 8.675949e-01
1.116400e+00 8.594293e-01
1.116600e+00 8.517238e-01
1.116800e+00 8.444717e-01
1.117000e+00 8.376657e-01
1.117200e+00 8.312976e-01
1.117400e+00 8.253586e-01
1.117600e+00 8.198395e-01
1.117800e+00 8.147307e-01
1.118000e+00 8.100223e-01
1.118200e+00 8.057039e-01
1.118400e+00 8.017653e-01
1.118600e+00 7.981958e-01
1.118800e+00 7.949850e-01
1.119000e+00 7.921222e-01
1.119200e+00 7.895966e-01
1.119400e+00 7.873976e-01
1.119600e+00 7.855146e-01
1.119800e+00 7.839370e-01
1.120000e+00 7.826542e-01
1.120200e+00 7.816558e-01
1.120400e+00 7.809313e-01
1.120600e+00 7.804706e-01
1.120800e+00 7.802633e-01
1.121000e+00 7.802993e-01
1.121200e+00 7.805687e-01
1.121400e+00 7.810616e-01
1.121600e+00 7.817682e-01
1.121800e+00 7.826787e-01
1.122000e+00 7.837837e-01
1.122200e+00 7.850738e-01
1.122400e+00 7.865396e-01
1.122600e+00 7.881720e-01
1.122800e+00 7.899619e-01
1.123000e+00 7.919006e-01
1.123200e+00 7.939792e-01
1.123400e+00 7.961893e-01
1.123600e+00 7.985224e-01
1.123800e+00 8.009703e-01
1.124000e+00 8.035249e-01
1.124200e+00 8.061783e-01
1.124400e+00 8.089230e-01
1.124600e+00 8.117513e-01
1.124800e+00 8.146561e-01
1.125000e+00 8.176302e-01
1.125200e+00 8.206668e-01
1.125400e+00 8.237593e-01
1.125600e+00 8.269012e-01
1.125800e+00 8.300865e-01
1.126000e+00 8.333090e-01
1.126200e+00 8.365633e-01
1.126400e+00 8.398437e-01
1.126600e+00 8.431451e-01
1.126800e+00 8.464626e-01
1.127000e+00 8.497914e-01
1.127200e+00 8.531272e-01
1.127400e+00 8.564656e-01
1.127600e+00 8.598027e-01
1.127800e+00 8.631349e-01
1.128000e+00 8.664587e-01
1.128200e+00 8.697708e-01
1.128400e+00 8.730683e-01
1.128600e+00 8.763484e-01
1.128800e+00 8.796086e-01
1.129000e+00 8.828465e-01
1.129200e+00 8.860602e-01
1.129400e+00 8.892476e-01
1.129600e+00 8.924072e-01
1.129800e+00 8.955373e-01
1.130000e+00 8.986367e-01
1.130200e+00 9.017042e-01
1.130400e+00 9.047387e-01
1.130600e+00 9.077394e-01
1.130800e+00 9.107056e-01
1.131000e+00 9.136367e-01
1.131200e+00 9.165320e-01
1.131400e+00 9.193912e-01
1.131600e+00 9.222140e-01
1.131800e+00 9.250001e-01
1.132000e+00 9.277492e-01
1.132200e+00 9.304611e-01
1.132400e+00 9.331358e-01
1.132600e+00 9.357729e-01
1.132800e+00 9.383725e-01
1.133000e+00 9.409343e-01
1.133200e+00 9.434580e-01
1.133400e+00 9.459435e-01
1.133600e+00 9.483905e-01
1.133800e+00 9.507984e-01
1.134000e+00 9.531670e-01
1.134200e+00 9.554955e-01
1.134400e+00 9.577832e-01
1.134600e+00 9.600295e-01
1.134800e+00 9.622332e-01
1.135000e+00 9.643934e-01
1.135200e+00 9.665087e-01
1.135400e+00 9.685777e-01
1.135600e+00 9.705989e-01
1.135800e+00 9.725703e-01
1.136000e+00 9.744901e-01
1.136200e+00 9.763562e-01
1.136400e+00 9.781660e-01
1.136600e+00 9.799172e-01
1.136800e+00 9.816070e-01
1.137000e+00 9.832325e-01
1.137200e+00 9.847906e-01
1.137400e+00 9.862782e-01
1.137600e+00 9.876918e-01
1.137800e+00 9.890281e-01
1.138000e+00 9.902836e-01
1.138200e+00 9.914546e-01
1.138400e+00 9.925376e-01
1.138600e+00 9.935291e-01
1.138800e+00 9.944257e-01
1.139000e+00 9.952242e-01
1.139200e+00 9.959217e-01
1.139400e+00 9.965156e-01
1.139600e+00 9.970037e-01
1.139800e+00 9.973845e-01
1.140000e+00 9.976570e-01
1.140200e+00 9.978212e-01
1.140400e+00 9.978781e-01
1.140600e+00 9.978296e-01
1.140800e+00 9.976791e-01
1.141000e+00 9.974316e-01
1.141200e+00 9.970937e-01
1.141400e+00 9.966740e-01
1.141600e+00 9.961831e-01
1.141800e+00 9.956342e-01
1.142000e+00 9.950431e-01
1.142200e+00 9.944282e-01
1.142400e+00 9.938113e-01
1.142600e+00 9.932171e-01
1.142800e+00 9.926740e-01
1.143000e+00 9.922138e-01
1.143200e+00 9.918720e-01
1.143400e+00 9.916876e-01
1.143600e+00 9.917033e-01
1.143800e+00 9.919651e-01
1.144000e+00 9.925222e-01
1.144200e+00 9.934261e-01
1.144400e+00 9.947306e-01
1.144600e+00 9.964907e-01
1.144800e+00 9.987615e-01
1.145000e+00 1.001597e+00
1.145200e+00 1.005049e+00
1.145400e+00 1.009163e+00
1.145600e+00 1.013982e+00
1.145800e+00 1.019537e+00
1.146000e+00 1.025850e+00
1.146200e+00 1.032926e+00
1.146400e+00 1.040758e+00
1.146600e+00 1.049315e+00
1.146800e+00 1.058546e+00
1.147000e+00 1.068375e+00
1.147200e+00 1.078698e+00
1.147400e+00 1.089382e+00
1.147600e+00 1.100264e+00
1.147800e+00 1.111150e+00
1.148000e+00 1.121820e+00
1.148200e+00 1.132023e+00
1.148400e+00 1.141491e+00
1.148600e+00 1.149934e+00
1.148800e+00 1.157058e+00
1.149000e+00 1.162566e+00
1.149200e+00 1.166172e+00
1.149400e+00 1.167616e+00
1.149600e+00 1.166668e+00
1.149800e+00 1.163151e+00
1.150000e+00 1.156942e+00
1.150200e+00 1.147990e+00
1.150400e+00 1.136320e+00
1.150600e+00 1.122036e+00
1.150800e+00 1.105322e+00
1.151000e+00 1.086437e+00
1.151200e+00 1.065706e+00
1.151400e+00 1.043508e+00
1.151600e+00 1.020260e+00
1.151800e+00 9.963978e-01
1.152000e+00 9.723631e-01
1.152200e+00 9.485817e-01
1.152400e+00 9.254508e-01
1.152600e+00 9.033267e-01
1.152800e+00 8.825152e-01
1.153000e+00 8.632665e-01
1.153200e+00 8.457726e-01
1.153400e+00 8.301683e-01
1.153600e+00 8.165338e-01
1.153800e+00 8.048997e-01
1.154000e+00 7.952531e-01
1.154200e+00 7.875441e-01
1.154400e+00 7.816928e-01
1.154600e+00 7.775957e-01
1.154800e+00 7.751325e-01
1.155000e+00 7.741712e-01
1.155200e+00 7.745735e-01
1.155400e+00 7.761986e-01
1.155600e+00 7.789071e-01
1.155800e+00 7.825633e-01
1.156000e+00 7.870373e-01
1.156200e+00 7.922072e-01
1.156400e+00 7.979592e-01
1.156600e+00 8.041889e-01
1.156800e+00 8.108015e-01
1.157000e+00 8.177117e-01
1.157200e+00 8.248436e-01
1.157400e+00 8.321302e-01
1.157600e+00 8.395133e-01
1.157800e+00 8.469428e-01
1.158000e+00 8.543759e-01
1.158200e+00 8.617769e-01
1.158400e+00 8.691164e-01
1.158600e+00 8.763706e-01
1.158800e+00 8.835209e-01
1.159000e+00 8.905534e-01
1.159200e+00 8.974581e-01
1.159400e+00 9.042286e-01
1.159600e+00 9.108617e-01
1.159800e+00 9.173569e-01
1.160000e+00 9.237159e-01
1.160200e+00 9.299425e-01
1.160400e+00 9.360422e-01
1.160600e+00 9.420218e-01
1.160800e+00 9.478893e-01
1.161000e+00 9.536535e-01
1.161200e+00 9.593241e-01
1.161400e+00 9.649111e-01
1.161600e+00 9.704251e-01
1.161800e+00 9.758768e-01
1.162000e+00 9.812770e-01
1.162200e+00 9.866365e-01
1.162400e+00 9.919660e-01
1.162600e+00 9.972760e-01
1.162800e+00 1.002577e+00
1.163000e+00 1.007878e+00
1.163200e+00 1.013190e+00
1.163400e+00 1.018521e+00
1.163600e+00 1.023880e+00
1.163800e+00 1.029274e+00
1.164000e+00 1.034712e+00
1.164200e+00 1.040200e+00
1.164400e+00 1.045745e+00
1.164600e+00 1.051351e+00
1.164800e+00 1.057023e+00
1.165000e+00 1.062767e+00
1.165200e+00 1.068585e+00
1.165400e+00 1.074480e+00
1.165600e+00 1.080454e+00
1.165800e+00 1.086508e+00
1.166000e+00 1.092643e+00
1.166200e+00 1.098860e+00
1.166400e+00 1.105157e+00
1.166600e+00 1.111533e+00
1.166800e+00 1.117987e+00
1.167000e+00 1.124517e+00
1.167200e+00 1.131121e+00
1.167400e+00 1.137797e+00
1.167600e+00 1.144544e+00
1.167800e+00 1.151362e+00
1.168000e+00 1.158253e+00
1.168200e+00 1.165223e+00
1.168400e+00 1.172284e+00
1.168600e+00 1.179467e+00
1.168800e+00 1.186834e+00
1.169000e+00 1.194578e+00
1.169200e+00 1.209550e+00
1.169400e+00 1.225582e+00
1.169600e+00 1.237374e+00
1.169800e+00 1.247856e+00
1.170000e+00 1.257557e+00
1.170200e+00 1.266679e+00
1.170400e+00 1.275313e+00
1.170600e+00 1.283506e+00
1.170800e+00 1.291277e+00
1.171000e+00 1.298636e+00
1.171200e+00 1.305582e+00
1.171400e+00 1.312111e+00
1.171600e+00 1.318214e+00
1.171800e+00 1.323884e+00
1.172000e+00 1.329113e+00
1.172200e+00 1.333892e+00
1.172400e+00 1.338214e+00
1.172600e+00 1.342076e+00
1.172800e+00 1.345472e+00
1.173000e+00 1.348403e+00
1.173200e+00 1.350870e+00
1.173400e+00 1.352877e+00
1.173600e+00 1.354431e+00
1.173800e+00 1.355540e+00
1.174000e+00 1.356217e+00
1.174200e+00 1.356475e+00
1.174400e+00 1.356331e+00
1.174600e+00 1.355805e+00
1.174800e+00 1.354917e+00
1.175000e+00 1.353689e+00
1.175200e+00 1.352145e+00
1.175400e+00 1.350311e+00
1.175600e+00 1.348213e+00
1.175800e+00 1.345878e+00
1.176000e+00 1.343334e+00
1.176200e+00 1.340607e+00
1.176400e+00 1.337726e+00
1.176600e+00 1.334718e+00
1.176800e+00 1.331609e+00
1.177000e+00 1.328425e+00
1.177200e+00 1.325193e+00
1.177400e+00 1.321934e+00
1.177600e+00 1.318673e+00
1.177800e+00 1.315431e+00
1.178000e+00 1.312228e+00
1.178200e+00 1.309083e+00
1.178400e+00 1.306013e+00
1.178600e+00 1.303034e+00
1.178800e+00 1.300159e+00
1.179000e+00 1.297403e+00
1.179200e+00 1.294775e+00
1.179400e+00 1.292286e+00
1.179600e+00 1.289944e+00
1.179800e+00 1.287757e+00
1.180000e+00 1.285729e+00
1.180200e+00 1.283865e+00
1.180400e+00 1.282168e+00
1.180600e+00 1.280642e+00
1.180800e+00 1.279285e+00
1.181000e+00 1.278100e+00
1.181200e+00 1.277085e+00
1.181400e+00 1.276238e+00
1.181600e+00 1.275557e+00
1.181800e+00 1.275039e+00
1.182000e+00 1.274680e+00
1.182200e+00 1.274477e+00
1.182400e+00 1.274423e+00
1.182600e+00 1.274514e+00
1.182800e+00 1.274745e+00
1.183000e+00 1.275108e+00
1.183200e+00 1.275599e+00
1.183400e+00 1.276210e+00
1.183600e+00 1.276935e+00
1.183800e+00 1.277767e+00
1.184000e+00 1.278699e+00
1.184200e+00 1.279724e+00
1.184400e+00 1.280834e+00
1.184600e+00 1.282024e+00
1.184800e+00 1.283285e+00
1.185000e+00 1.284610e+00
1.185200e+00 1.285993e+00
1.185400e+00 1.287427e+00
1.185600e+00 1.288906e+00
1.185800e+00 1.290422e+00
1.186000e+00 1.291969e+00
1.186200e+00 1.293541e+00
1.186400e+00 1.295133e+00
1.186600e+00 1.296738e+00
1.186800e+00 1.298352e+00
1.187000e+00 1.299968e+00
1.187200e+00 1.301581e+00
1.187400e+00 1.303188e+00
1.187600e+00 1.304784e+00
1.187800e+00 1.306364e+00
1.188000e+00 1.307925e+00
1.188200e+00 1.309462e+00
1.188400e+00 1.310974e+00
1.188600e+00 1.312456e+00
1.188800e+00 1.313906e+00
1.189000e+00 1.315322e+00
1.189200e+00 1.316701e+00
1.189400e+00 1.318042e+00
1.189600e+00 1.319343e+00
1.189800e+00 1.320602e+00
1.190000e+00 1.321819e+00
1.190200e+00 1.322992e+00
1.190400e+00 1.324121e+00
1.190600e+00 1.325206e+00
1.190800e+00 1.326246e+00
1.191000e+00 1.327241e+00
1.191200e+00 1.328191e+00
1.191400e+00 1.329097e+00
1.191600e+00 1.329959e+00
1.191800e+00 1.330778e+00
1.192000e+00 1.331553e+00
1.192200e+00 1.332286e+00
1.192400e+00 1.332978e+00
1.192600e+00 1.333628e+00
1.192800e+00 1.334238e+00
1.193000e+00 1.334809e+00
1.193200e+00 1.335341e+00
1.193400e+00 1.335834e+00
1.193600e+00 1.336289e+00
1.193800e+00 1.336706e+00
1.194000e+00 1.337085e+00
1.194200e+00 1.337427e+00
1.194400e+00 1.337730e+00
1.194600e+00 1.337994e+00
1.194800e+00 1.338219e+00
1.195000e+00 1.338402e+00
1.195200e+00 1.338543e+00
1.195400e+00 1.338639e+00
1.195600e+00 1.338689e+00
1.195800e+00 1.338690e+00
1.196000e+00 1.338637e+00
1.196200e+00 1.338529e+00
1.196400e+00 1.338361e+00
1.196600e+00 1.338129e+00
1.196800e+00 1.337827e+00
1.197000e+00 1.337450e+00
1.197200e+00 1.336994e+00
1.197400e+00 1.336451e+00
1.197600e+00 1.335815e+00
1.197800e+00 1.335079e+00
1.198000e+00 1.334235e+00
1.198200e+00 1.333277e+00
1.198400e+00 1.332196e+00
1.198600e+00 1.330983e+00
1.198800e+00 1.329632e+00
1.199000e+00 1.328133e+00
1.199200e+00 1.326478e+00
1.199400e+00 1.324660e+00
1.199600e+00 1.322668e+00
1.199800e+00 1.320497e+00
1.200000e+00 1.318138e+00
1.200200e+00 1.315585e+00
1.200400e+00 1.312830e+00
1.200600e+00 1.309869e+00
1.200800e+00 1.306696e+00
1.201000e+00 1.303307e+00
1.201200e+00 1.299700e+00
1.201400e+00 1.295871e+00
1.201600e+00 1.291821e+00
1.201800e+00 1.287550e+00
1.202000e+00 1.283060e+00
1.202200e+00 1.278354e+00
1.202400e+00 1.273437e+00
1.202600e+00 1.268316e+00
1.202800e+00 1.262998e+00
1.203000e+00 1.257494e+00
1.203200e+00 1.251814e+00
1.203400e+00 1.245970e+00
1.203600e+00 1.239977e+00
1.203800e+00 1.233850e+00
1.204000e+00 1.227606e+00
1.204200e+00 1.221262e+00
1.204400e+00 1.214838e+00
1.204600e+00 1.208354e+00
1.204800e+00 1.201829e+00
1.205000e+00 1.195286e+00
1.205200e+00 1.188747e+00
1.205400e+00 1.182232e+00
1.205600e+00 1.175763e+00
1.205800e+00 1.169364e+00
1.206000e+00 1.163055e+00
1.206200e+00 1.156857e+00
1.206400e+00 1.150791e+00
1.206600e+00 1.144876e+00
1.206800e+00 1.139132e+00
1.207000e+00 1.133574e+00
1.207200e+00 1.128221e+00
1.207400e+00 1.123086e+00
1.207600e+00 1.118183e+00
1.207800e+00 1.113524e+00
1.208000e+00 1.109120e+00
1.208200e+00 1.104980e+00
1.208400e+00 1.101110e+00
1.208600e+00 1.097516e+00
1.208800e+00 1.094203e+00
1.209000e+00 1.091173e+00
1.209200e+00 1.088426e+00
1.209400e+00 1.085963e+00
1.209600e+00 1.083782e+00
1.209800e+00 1.081879e+00
1.210000e+00 1.080250e+00
1.210200e+00 1.078889e+00
1.210400e+00 1.077791e+00
1.210600e+00 1.076947e+00
1.210800e+00 1.076349e+00
1.211000e+00 1.075989e+00
1.211200e+00 1.075856e+00
1.211400e+00 1.075941e+00
1.211600e+00 1.076235e+00
1.211800e+00 1.076725e+00
1.212000e+00 1.077401e+00
1.212200e+00 1.078253e+00
1.212400e+00 1.079270e+00
1.212600e+00 1.080442e+00
1.212800e+00 1.081758e+00
1.213000e+00 1.083209e+00
1.213200e+00 1.084786e+00
1.213400e+00 1.086480e+00
1.213600e+00 1.088282e+00
1.213800e+00 1.090187e+00
1.214000e+00 1.092186e+00
1.214200e+00 1.094276e+00
1.214400e+00 1.096450e+00
1.214600e+00 1.098706e+00
1.214800e+00 1.101042e+00
1.215000e+00 1.103455e+00
1.215200e+00 1.105946e+00
1.215400e+00 1.108516e+00
1.215600e+00 1.111167e+00
1.215800e+00 1.113904e+00
1.216000e+00 1.116730e+00
1.216200e+00 1.119651e+00
1.216400e+00 1.122677e+00
1.216600e+00 1.125814e+00
1.216800e+00 1.129073e+00
1.217000e+00 1.132464e+00
1.217200e+00 1.135999e+00
1.217400e+00 1.139692e+00
1.217600e+00 1.143554e+00
1.217800e+00 1.147602e+00
1.218000e+00 1.151848e+00
1.218200e+00 1.156308e+00
1.218400e+00 1.160997e+00
1.218600e+00 1.165930e+00
1.218800e+00 1.171121e+00
1.219000e+00 1.176584e+00
1.219200e+00 1.182332e+00
1.219400e+00 1.188378e+00
1.219600e+00 1.194731e+00
1.219800e+00 1.201402e+00
1.220000e+00 1.208398e+00
1.220200e+00 1.215724e+00
1.220400e+00 1.223383e+00
1.220600e+00 1.231377e+00
1.220800e+00 1.239704e+00
1.221000e+00 1.248361e+00
1.221200e+00 1.257340e+00
1.221400e+00 1.266631e+00
1.221600e+00 1.276224e+00
1.221800e+00 1.286102e+00
1.222000e+00 1.296249e+00
1.222200e+00 1.306644e+00
1.222400e+00 1.317266e+00
1.222600e+00 1.328089e+00
1.222800e+00 1.339089e+00
1.223000e+00 1.350236e+00
1.223200e+00 1.361502e+00
1.223400e+00 1.372856e+00
1.223600e+00 1.384267e+00
1.223800e+00 1.395704e+00
1.224000e+00 1.407135e+00
1.224200e+00 1.418529e+00
1.224400e+00 1.429854e+00
1.224600e+00 1.441081e+00
1.224800e+00 1.452180e+00
1.225000e+00 1.463124e+00
1.225200e+00 1.473887e+00
1.225400e+00 1.484442e+00
1.225600e+00 1.494769e+00
1.225800e+00 1.504845e+00
1.226000e+00 1.514652e+00
1.226200e+00 1.524174e+00
1.226400e+00 1.533395e+00
1.226600e+00 1.542304e+00
1.226800e+00 1.550890e+00
1.227000e+00 1.559146e+00
1.227200e+00 1.567066e+00
1.227400e+00 1.574644e+00
1.227600e+00 1.581881e+00
1.227800e+00 1.588774e+00
1.228000e+00 1.595326e+00
1.228200e+00 1.601540e+00
1.228400e+00 1.607419e+00
1.228600e+00 1.612969e+00
1.228800e+00 1.618198e+00
1.229000e+00 1.623113e+00
1.229200e+00 1.627722e+00
1.229400e+00 1.632035e+00
1.229600e+00 1.636062e+00
1.229800e+00 1.639813e+00
1.230000e+00 1.643299e+00
1.230200e+00 1.646532e+00
1.230400e+00 1.649522e+00
1.230600e+00 1.652281e+00
1.230800e+00 1.654820e+00
1.231000e+00 1.657151e+00
1.231200e+00 1.659285e+00
1.231400e+00 1.661233e+00
1.231600e+00 1.663004e+00
1.231800e+00 1.664611e+00
1.232000e+00 1.666063e+00
1.232200e+00 1.667368e+00
1.232400e+00 1.668538e+00
1.232600e+00 1.669579e+00
1.232800e+00 1.670501e+00
1.233000e+00 1.671312e+00
1.233200e+00 1.672017e+00
1.233400e+00 1.672625e+00
1.233600e+00 1.673142e+00
1.233800e+00 1.673572e+00
1.234000e+00 1.673922e+00
1.234200e+00 1.674196e+00
1.234400e+00 1.674397e+00
1.234600e+00 1.674531e+00
1.234800e+00 1.674599e+00
1.235000e+00 1.674605e+00
1.235200e+00 1.674551e+00
1.235400e+00 1.674438e+00
1.235600e+00 1.674268e+00
1.235800e+00 1.674041e+00
1.236000e+00 1.673760e+00
1.236200e+00 1.673422e+00
1.236400e+00 1.673029e+00
1.236600e+00 1.672579e+00
1.236800e+00 1.672072e+00
1.237000e+00 1.671507e+00
1.237200e+00 1.670882e+00
1.237400e+00 1.670195e+00
1.237600e+00 1.669444e+00
1.237800e+00 1.668628e+00
1.238000e+00 1.667744e+00
1.238200e+00 1.666790e+00
1.238400e+00 1.665762e+00
1.238600e+00 1.664658e+00
1.238800e+00 1.663475e+00
1.239000e+00 1.662210e+00
1.239200e+00 1.660859e+00
1.239400e+00 1.659420e+00
1.239600e+00 1.657890e+00
1.239800e+00 1.656263e+00
1.240000e+00 1.654539e+00
1.240200e+00 1.652711e+00
1.240400e+00 1.650778e+00
1.240600e+00 1.648735e+00
1.240800e+00 1.646578e+00
1.241000e+00 1.644304e+00
1.241200e+00 1.641909e+00
1.241400e+00 1.639388e+00
1.241600e+00 1.636738e+00
1.241800e+00 1.633954e+00
1.242000e+00 1.631033e+00
1.242200e+00 1.627969e+00
1.242400e+00 1.624758e+00
1.242600e+00 1.621396e+00
1.242800e+00 1.617878e+00
1.243000e+00 1.614199e+00
1.243200e+00 1.610355e+00
1.243400e+00 1.606341e+00
1.243600e+00 1.602152e+00
1.243800e+00 1.597783e+00
1.244000e+00 1.593231e+00
1.244200e+00 1.588490e+00
1.244400e+00 1.583556e+00
1.244600e+00 1.578426e+00
1.244800e+00 1.573098e+00
1.245000e+00 1.567567e+00
1.245200e+00 1.561832e+00
1.245400e+00 1.555892e+00
1.245600e+00 1.549747e+00
1.245800e+00 1.543398e+00
1.246000e+00 1.536847e+00
1.246200e+00 1.530097e+00
1.246400e+00 1.523155e+00
1.246600e+00 1.516026e+00
1.246800e+00 1.508720e+00
1.247000e+00 1.501249e+00
1.247200e+00 1.493624e+00
1.247400e+00 1.485862e+00
1.247600e+00 1.477981e+00
1.247800e+00 1.470000e+00
1.248000e+00 1.461943e+00
1.248200e+00 1.453835e+00
1.248400e+00 1.445702e+00
1.248600e+00 1.437575e+00
1.248800e+00 1.429486e+00
1.249000e+00 1.421468e+00
1.249200e+00 1.413557e+00
1.249400e+00 1.405788e+00
1.249600e+00 1.398200e+00
1.249800e+00 1.390829e+00
1.250000e+00 1.383712e+00
1.250200e+00 1.376888e+00
1.250400e+00 1.370391e+00
1.250600e+00 1.364254e+00
1.250800e+00 1.358510e+00
1.251000e+00 1.353185e+00
1.251200e+00 1.348306e+00
1.251400e+00 1.343893e+00
1.251600e+00 1.339962e+00
1.251800e+00 1.336523e+00
1.252000e+00 1.333584e+00
1.252200e+00 1.331145e+00
1.252400e+00 1.329201e+00
1.252600e+00 1.327742e+00
1.252800e+00 1.326751e+00
1.253000e+00 1.326209e+00
1.253200e+00 1.326088e+00
1.253400e+00 1.326359e+00
1.253600e+00 1.326987e+00
1.253800e+00 1.327934e+00
1.254000e+00 1.329161e+00
1.254200e+00 1.330625e+00
1.254400e+00 1.332282e+00
1.254600e+00 1.334087e+00
1.254800e+00 1.335997e+00
1.255000e+00 1.337967e+00
1.255200e+00 1.339956e+00
1.255400e+00 1.341924e+00
1.255600e+00 1.343832e+00
1.255800e+00 1.345646e+00
1.256000e+00 1.347336e+00
1.256200e+00 1.348872e+00
1.256400e+00 1.350232e+00
1.256600e+00 1.351396e+00
1.256800e+00 1.352348e+00
1.257000e+00 1.353077e+00
1.257200e+00 1.353576e+00
1.257400e+00 1.353841e+00
1.257600e+00 1.353872e+00
1.257800e+00 1.353675e+00
1.258000e+00 1.353257e+00
1.258200e+00 1.352629e+00
1.258400e+00 1.351805e+00
1.258600e+00 1.350802e+00
1.258800e+00 1.349638e+00
1.259000e+00 1.348336e+00
1.259200e+00 1.346918e+00
1.259400e+00 1.345410e+00
1.259600e+00 1.343838e+00
1.259800e+00 1.342230e+00
1.260000e+00 1.340614e+00
1.260200e+00 1.339019e+00
1.260400e+00 1.337475e+00
1.260600e+00 1.336011e+00
1.260800e+00 1.334659e+00
1.261000e+00 1.333447e+00
1.261200e+00 1.332404e+00
1.261400e+00 1.331559e+00
1.261600e+00 1.330940e+00
1.261800e+00 1.330571e+00
1.262000e+00 1.330478e+00
1.262200e+00 1.330683e+00
1.262400e+00 1.331206e+00
1.262600e+00 1.332064e+00
1.262800e+00 1.333270e+00
1.263000e+00 1.334835e+00
1.263200e+00 1.336765e+00
1.263400e+00 1.339062e+00
1.263600e+00 1.341720e+00
1.263800e+00 1.344732e+00
1.264000e+00 1.348081e+00
1.264200e+00 1.351744e+00
1.264400e+00 1.355694e+00
1.264600e+00 1.359893e+00
1.264800e+00 1.364298e+00
1.265000e+00 1.368859e+00
1.265200e+00 1.373518e+00
1.265400e+00 1.378211e+00
1.265600e+00 1.382865e+00
1.265800e+00 1.387407e+00
1.266000e+00 1.391755e+00
1.266200e+00 1.395826e+00
1.266400e+00 1.399534e+00
1.266600e+00 1.402794e+00
1.266800e+00 1.405522e+00
1.267000e+00 1.407639e+00
1.267200e+00 1.409069e+00
1.267400e+00 1.409745e+00
1.267600e+00 1.409608e+00
1.267800e+00 1.408611e+00
1.268000e+00 1.406719e+00
1.268200e+00 1.403910e+00
1.268400e+00 1.400178e+00
1.268600e+00 1.395529e+00
1.268800e+00 1.389987e+00
1.269000e+00 1.383590e+00
1.269200e+00 1.376390e+00
1.269400e+00 1.368453e+00
1.269600e+00 1.359856e+00
1.269800e+00 1.350686e+00
1.270000e+00 1.341042e+00
1.270200e+00 1.331026e+00
1.270400e+00 1.320745e+00
1.270600e+00 1.310310e+00
1.270800e+00 1.299833e+00
1.271000e+00 1.289421e+00
1.271200e+00 1.279182e+00
1.271400e+00 1.269216e+00
1.271600e+00 1.259618e+00
1.271800e+00 1.250477e+00
1.272000e+00 1.241870e+00
1.272200e+00 1.233868e+00
1.272400e+00 1.226531e+00
1.272600e+00 1.219911e+00
1.272800e+00 1.214048e+00
1.273000e+00 1.208974e+00
1.273200e+00 1.204712e+00
1.273400e+00 1.201273e+00
1.273600e+00 1.198665e+00
1.273800e+00 1.196883e+00
1.274000e+00 1.195918e+00
1.274200e+00 1.195754e+00
1.274400e+00 1.196369e+00
1.274600e+00 1.197736e+00
1.274800e+00 1.199826e+00
1.275000e+00 1.202603e+00
1.275200e+00 1.206029e+00
1.275400e+00 1.210066e+00
1.275600e+00 1.214673e+00
1.275800e+00 1.219806e+00
1.276000e+00 1.225423e+00
1.276200e+00 1.231480e+00
1.276400e+00 1.237934e+00
1.276600e+00 1.244743e+00
1.276800e+00 1.251863e+00
1.277000e+00 1.259254e+00
1.277200e+00 1.266876e+00
1.277400e+00 1.274690e+00
1.277600e+00 1.282659e+00
1.277800e+00 1.290747e+00
1.278000e+00 1.298922e+00
1.278200e+00 1.307150e+00
1.278400e+00 1.315402e+00
1.278600e+00 1.323650e+00
1.278800e+00 1.331866e+00
1.279000e+00 1.340026e+00
1.279200e+00 1.348108e+00
1.279400e+00 1.356090e+00
1.279600e+00 1.363953e+00
1.279800e+00 1.371679e+00
1.280000e+00 1.379253e+00
1.280200e+00 1.386659e+00
1.280400e+00 1.393886e+00
1.280600e+00 1.400921e+00
1.280800e+00 1.407755e+00
1.281000e+00 1.414378e+00
1.281200e+00 1.420784e+00
1.281400e+00 1.426965e+00
1.281600e+00 1.432916e+00
1.281800e+00 1.438633e+00
1.282000e+00 1.444112e+00
1.282200e+00 1.449351e+00
1.282400e+00 1.454347e+00
1.282600e+00 1.459099e+00
1.282800e+00 1.463607e+00
1.283000e+00 1.467871e+00
1.283200e+00 1.471890e+00
1.283400e+00 1.475666e+00
1.283600e+00 1.479200e+00
1.283800e+00 1.482492e+00
1.284000e+00 1.485545e+00
1.284200e+00 1.488359e+00
1.284400e+00 1.490938e+00
1.284600e+00 1.493282e+00
1.284800e+00 1.495393e+00
1.285000e+00 1.497273e+00
1.285200e+00 1.498923e+00
1.285400e+00 1.500345e+00
1.285600e+00 1.501540e+00
1.285800e+00 1.502509e+00
1.286000e+00 1.503252e+00
1.286200e+00 1.503769e+00
1.286400e+00 1.504062e+00
1.286600e+00 1.504129e+00
1.286800e+00 1.503970e+00
1.287000e+00 1.503583e+00
1.287200e+00 1.502968e+00
1.287400e+00 1.502122e+00
1.287600e+00 1.501044e+00
1.287800e+00 1.499730e+00
1.288000e+00 1.498179e+00
1.288200e+00 1.496387e+00
1.288400e+00 1.494351e+00
1.288600e+00 1.492068e+00
1.288800e+00 1.489535e+00
1.289000e+00 1.486749e+00
1.289200e+00 1.483707e+00
1.289400e+00 1.480405e+00
1.289600e+00 1.476842e+00
1.289800e+00 1.473016e+00
1.290000e+00 1.468927e+00
1.290200e+00 1.464573e+00
1.290400e+00 1.459958e+00
1.290600e+00 1.455082e+00
1.290800e+00 1.449950e+00
1.291000e+00 1.444567e+00
1.291200e+00 1.438942e+00
1.291400e+00 1.433083e+00
1.291600e+00 1.427003e+00
1.291800e+00 1.420716e+00
1.292000e+00 1.414237e+00
1.292200e+00 1.407587e+00
1.292400e+00 1.400786e+00
1.292600e+00 1.393857e+00
1.292800e+00 1.386828e+00
1.293000e+00 1.379724e+00
1.293200e+00 1.372577e+00
1.293400e+00 1.365415e+00
1.293600e+00 1.358271e+00
1.293800e+00 1.351175e+00
1.294000e+00 1.344159e+00
1.294200e+00 1.337252e+00
1.294400e+00 1.330483e+00
1.294600e+00 1.323877e+00
1.294800e+00 1.317457e+00
1.295000e+00 1.311242e+00
1.295200e+00 1.305247e+00
1.295400e+00 1.299482e+00
1.295600e+00 1.293954e+00
1.295800e+00 1.288662e+00
1.296000e+00 1.283603e+00
1.296200e+00 1.278768e+00
1.296400e+00 1.274144e+00
1.296600e+00 1.269713e+00
1.296800e+00 1.265456e+00
1.297000e+00 1.261348e+00
1.297200e+00 1.257366e+00
1.297400e+00 1.253482e+00
1.297600e+00 1.249668e+00
1.297800e+00 1.245899e+00
1.298000e+00 1.242147e+00
1.298200e+00 1.238387e+00
1.298400e+00 1.234595e+00
1.298600e+00 1.230750e+00
1.298800e+00 1.226831e+00
1.299000e+00 1.222821e+00
1.299200e+00 1.218706e+00
1.299400e+00 1.214471e+00
1.299600e+00 1.210105e+00
1.299800e+00 1.205599e+00
1.300000e+00 1.200944e+00
1.300200e+00 1.196134e+00
1.300400e+00 1.191163e+00
1.300600e+00 1.186023e+00
1.300800e+00 1.180711e+00
1.301000e+00 1.175220e+00
1.301200e+00 1.169544e+00
1.301400e+00 1.163678e+00
1.301600e+00 1.157614e+00
1.301800e+00 1.151346e+00
1.302000e+00 1.144865e+00
1.302200e+00 1.138164e+00
1.302400e+00 1.131235e+00
1.302600e+00 1.124070e+00
1.302800e+00 1.116661e+00
1.303000e+00 1.109002e+00
1.303200e+00 1.101088e+00
1.303400e+00 1.092915e+00
1.303600e+00 1.084482e+00
1.303800e+00 1.075789e+00
1.304000e+00 1.066842e+00
1.304200e+00 1.057646e+00
1.304400e+00 1.048214e+00
1.304600e+00 1.038560e+00
1.304800e+00 1.028701e+00
1.305000e+00 1.018662e+00
1.305200e+00 1.008467e+00
1.305400e+00 9.981465e-01
1.305600e+00 9.877330e-01
1.305800e+00 9.772618e-01
1.306000e+00 9.667708e-01
1.306200e+00 9.562990e-01
1.306400e+00 9.458869e-01
1.306600e+00 9.355752e-01
1.306800e+00 9.254043e-01
1.307000e+00 9.154141e-01
1.307200e+00 9.056430e-01
1.307400e+00 8.961274e-01
1.307600e+00 8.869016e-01
1.307800e+00 8.779972e-01
1.308000e+00 8.694430e-01
1.308200e+00 8.612645e-01
1.308400e+00 8.534841e-01
1.308600e+00 8.461207e-01
1.308800e+00 8.391902e-01
1.309000e+00 8.327050e-01
1.309200e+00 8.266746e-01
1.309400e+00 8.211053e-01
1.309600e+00 8.160008e-01
1.309800e+00 8.113621e-01
1.310000e+00 8.071877e-01
1.310200e+00 8.034739e-01
1.310400e+00 8.002154e-01
1.310600e+00 7.974046e-01
1.310800e+00 7.950326e-01
1.311000e+00 7.930893e-01
1.311200e+00 7.915632e-01
1.311400e+00 7.904419e-01
1.311600e+00 7.897121e-01
1.311800e+00 7.893600e-01
1.312000e+00 7.893711e-01
1.312200e+00 7.897307e-01
1.312400e+00 7.904234e-01
1.312600e+00 7.914342e-01
1.312800e+00 7.927475e-01
1.313000e+00 7.943480e-01
1.313200e+00 7.962203e-01
1.313400e+00 7.983492e-01
1.313600e+00 8.007196e-01
1.313800e+00 8.033166e-01
1.314000e+00 8.061258e-01
1.314200e+00 8.091329e-01
1.314400e+00 8.123239e-01
1.314600e+00 8.156852e-01
1.314800e+00 8.192036e-01
1.315000e+00 8.228662e-01
1.315200e+00 8.266607e-01
1.315400e+00 8.305749e-01
1.315600e+00 8.345973e-01
1.315800e+00 8.387166e-01
1.316000e+00 8.429221e-01
1.316200e+00 8.472033e-01
1.316400e+00 8.515502e-01
1.316600e+00 8.559533e-01
1.316800e+00 8.604035e-01
1.317000e+00 8.648918e-01
1.317200e+00 8.694100e-01
1.317400e+00 8.739500e-01
1.317600e+00 8.785043e-01
1.317800e+00 8.830654e-01
1.318000e+00 8.876265e-01
1.318200e+00 8.921810e-01
1.318400e+00 8.967226e-01
1.318600e+00 9.012455e-01
1.318800e+00 9.057440e-01
1.319000e+00 9.102128e-01
1.319200e+00 9.146469e-01
1.319400e+00 9.190415e-01
1.319600e+00 9.233923e-01
1.319800e+00 9.276949e-01
1.320000e+00 9.319455e-01
1.320200e+00 9.361404e-01
1.320400e+00 9.402761e-01
1.320600e+00 9.443494e-01
1.320800e+00 9.483573e-01
1.321000e+00 9.522969e-01
1.321200e+00 9.561658e-01
1.321400e+00 9.599614e-01
1.321600e+00 9.636816e-01
1.321800e+00 9.673243e-01
1.322000e+00 9.708877e-01
1.322200e+00 9.743701e-01
1.322400e+00 9.777700e-01
1.322600e+00 9.810859e-01
1.322800e+00 9.843167e-01
1.323000e+00 9.874613e-01
1.323200e+00 9.905187e-01
1.323400e+00 9.934880e-01
1.323600e+00 9.963687e-01
1.323800e+00 9.991602e-01
1.324000e+00 1.001862e+00
1.324200e+00 1.004474e+00
1.324400e+00 1.006995e+00
1.324600e+00 1.009426e+00
1.324800e+00 1.011767e+00
1.325000e+00 1.014018e+00
1.325200e+00 1.016178e+00
1.325400e+00 1.018249e+00
1.325600e+00 1.020230e+00
1.325800e+00 1.022122e+00
1.326000e+00 1.023926e+00
1.326200e+00 1.025641e+00
1.326400e+00 1.027270e+00
1.326600e+00 1.028813e+00
1.326800e+00 1.030269e+00
1.327000e+00 1.031642e+00
1.327200e+00 1.032931e+00
1.327400e+00 1.034137e+00
1.327600e+00 1.035262e+00
1.327800e+00 1.036307e+00
1.328000e+00 1.037273e+00
1.328200e+00 1.038162e+00
1.328400e+00 1.038974e+00
1.328600e+00 1.039712e+00
1.328800e+00 1.040376e+00
1.329000e+00 1.040970e+00
1.329200e+00 1.041493e+00
1.329400e+00 1.041948e+00
1.329600e+00 1.042337e+00
1.329800e+00 1.042661e+00
1.330000e+00 1.042922e+00
1.330200e+00 1.043123e+00
1.330400e+00 1.043264e+00
1.330600e+00 1.043349e+00
1.330800e+00 1.043380e+00
1.331000e+00 1.043358e+00
1.331200e+00 1.043286e+00
1.331400e+00 1.043165e+00
1.331600e+00 1.043000e+00
1.331800e+00 1.042791e+00
1.332000e+00 1.042541e+00
1.332200e+00 1.042253e+00
1.332400e+00 1.041929e+00
1.332600e+00 1.041573e+00
1.332800e+00 1.041186e+00
1.333000e+00 1.040772e+00
1.333200e+00 1.040333e+00
1.333400e+00 1.039873e+00
1.333600e+00 1.039394e+00
1.333800e+00 1.038899e+00
1.334000e+00 1.038392e+00
1.334200e+00 1.037876e+00
1.334400e+00 1.037355e+00
1.334600e+00 1.036830e+00
1.334800e+00 1.036308e+00
1.335000e+00 1.035789e+00
1.335200e+00 1.035280e+00
1.335400e+00 1.034783e+00
1.335600e+00 1.034302e+00
1.335800e+00 1.033842e+00
1.336000e+00 1.033406e+00
1.336200e+00 1.032999e+00
1.336400e+00 1.032626e+00
1.336600e+00 1.032291e+00
1.336800e+00 1.031998e+00
1.337000e+00 1.031753e+00
1.337200e+00 1.031561e+00
1.337400e+00 1.031426e+00
1.337600e+00 1.031354e+00
1.337800e+00 1.031351e+00
1.338000e+00 1.031422e+00
1.338200e+00 1.031573e+00
1.338400e+00 1.031811e+00
1.338600e+00 1.032140e+00
1.338800e+00 1.032567e+00
1.339000e+00 1.033100e+00
1.339200e+00 1.033743e+00
1.339400e+00 1.034505e+00
1.339600e+00 1.035391e+00
1.339800e+00 1.036409e+00
1.340000e+00 1.037566e+00
1.340200e+00 1.038867e+00
1.340400e+00 1.040321e+00
1.340600e+00 1.041934e+00
1.340800e+00 1.043713e+00
1.341000e+00 1.045663e+00
1.341200e+00 1.047791e+00
1.341400e+00 1.050104e+00
1.341600e+00 1.052605e+00
1.341800e+00 1.055300e+00
1.342000e+00 1.058193e+00
1.342200e+00 1.061285e+00
1.342400e+00 1.064580e+00
1.342600e+00 1.068078e+00
1.342800e+00 1.071777e+00
1.343000e+00 1.075676e+00
1.343200e+00 1.079769e+00
1.343400e+00 1.084049e+00
1.343600e+00 1.088509e+00
1.343800e+00 1.093136e+00
1.344000e+00 1.097915e+00
1.344200e+00 1.102831e+00
1.344400e+00 1.107861e+00
1.344600e+00 1.112984e+00
1.344800e+00 1.118172e+00
1.345000e+00 1.123396e+00
1.345200e+00 1.128625e+00
1.345400e+00 1.133824e+00
1.345600e+00 1.138957e+00
1.345800e+00 1.143986e+00
1.346000e+00 1.148873e+00
1.346200e+00 1.153579e+00
1.346400e+00 1.158069e+00
1.346600e+00 1.162307e+00
1.346800e+00 1.166261e+00
1.347000e+00 1.169902e+00
1.347200e+00 1.173207e+00
1.347400e+00 1.176158e+00
1.347600e+00 1.178740e+00
1.347800e+00 1.180946e+00
1.348000e+00 1.182774e+00
1.348200e+00 1.184226e+00
1.348400e+00 1.185310e+00
1.348600e+00 1.186036e+00
1.348800e+00 1.186417e+00
1.349000e+00 1.186469e+00
1.349200e+00 1.186210e+00
1.349400e+00 1.185654e+00
1.349600e+00 1.184820e+00
1.349800e+00 1.183723e+00
1.350000e+00 1.182378e+00
1.350200e+00 1.180799e+00
1.350400e+00 1.178997e+00
1.350600e+00 1.176987e+00
1.350800e+00 1.174778e+00
1.351000e+00 1.172383e+00
1.351200e+00 1.169811e+00
1.351400e+00 1.167074e+00
1.351600e+00 1.164184e+00
1.351800e+00 1.161152e+00
1.352000e+00 1.157991e+00
1.352200e+00 1.154714e+00
1.352400e+00 1.151333e+00
1.352600e+00 1.147863e+00
1.352800e+00 1.144317e+00
1.353000e+00 1.140709e+00
1.353200e+00 1.137053e+00
1.353400e+00 1.133363e+00
1.353600e+00 1.129651e+00
1.353800e+00 1.125932e+00
1.354000e+00 1.122216e+00
1.354200e+00 1.118517e+00
1.354400e+00 1.114845e+00
1.354600e+00 1.111210e+00
1.354800e+00 1.107623e+00
1.355000e+00 1.104092e+00
1.355200e+00 1.100626e+00
1.355400e+00 1.097231e+00
1.355600e+00 1.093916e+00
1.355800e+00 1.090686e+00
1.356000e+00 1.087546e+00
1.356200e+00 1.084502e+00
1.356400e+00 1.081558e+00
1.356600e+00 1.078719e+00
1.356800e+00 1.075986e+00
1.357000e+00 1.073364e+00
1.357200e+00 1.070855e+00
1.357400e+00 1.068461e+00
1.357600e+00 1.066185e+00
1.357800e+00 1.064028e+00
1.358000e+00 1.061990e+00
1.358200e+00 1.060075e+00
1.358400e+00 1.058282e+00
1.358600e+00 1.056612e+00
1.358800e+00 1.055067e+00
1.359000e+00 1.053646e+00
1.359200e+00 1.052351e+00
1.359400e+00 1.051181e+00
1.359600e+00 1.050137e+00
1.359800e+00 1.049219e+00
1.360000e+00 1.048427e+00
1.360200e+00 1.047762e+00
1.360400e+00 1.047224e+00
1.360600e+00 1.046813e+00
1.360800e+00 1.046528e+00
1.361000e+00 1.046371e+00
1.361200e+00 1.046341e+00
1.361400e+00 1.046438e+00
1.361600e+00 1.046663e+00
1.361800e+00 1.047016e+00
1.362000e+00 1.047496e+00
1.362200e+00 1.048104e+00
1.362400e+00 1.048840e+00
1.362600e+00 1.049705e+00
1.362800e+00 1.050698e+00
1.363000e+00 1.051819e+00
1.363200e+00 1.053069e+00
1.363400e+00 1.054447e+00
1.363600e+00 1.055954e+00
1.363800e+00 1.057590e+00
1.364000e+00 1.059354e+00
1.364200e+00 1.061247e+00
1.364400e+00 1.063268e+00
1.364600e+00 1.065417e+00
1.364800e+00 1.067693e+00
1.365000e+00 1.070096e+00
1.365200e+00 1.072624e+00
1.365400e+00 1.075278e+00
1.365600e+00 1.078055e+00
1.365800e+00 1.080955e+00
1.366000e+00 1.083975e+00
1.366200e+00 1.087113e+00
1.366400e+00 1.090367e+00
1.366600e+00 1.093733e+00
1.366800e+00 1.097209e+00
1.367000e+00 1.100790e+00
1.367200e+00 1.104472e+00
1.367400e+00 1.108249e+00
1.367600e+00 1.112115e+00
1.367800e+00 1.116063e+00
1.368000e+00 1.120086e+00
1.368200e+00 1.124174e+00
1.368400e+00 1.128317e+00
1.368600e+00 1.132505e+00
1.368800e+00 1.136724e+00
1.369000e+00 1.140961e+00
1.369200e+00 1.145200e+00
1.369400e+00 1.149424e+00
1.369600e+00 1.153612e+00
1.369800e+00 1.157745e+00
1.370000e+00 1.161799e+00
1.370200e+00 1.165748e+00
1.370400e+00 1.169564e+00
1.370600e+00 1.173218e+00
1.370800e+00 1.176677e+00
1.371000e+00 1.179905e+00
1.371200e+00 1.182865e+00
1.371400e+00 1.185516e+00
1.371600e+00 1.187815e+00
1.371800e+00 1.189718e+00
1.372000e+00 1.191176e+00
1.372200e+00 1.192142e+00
1.372400e+00 1.192563e+00
1.372600e+00 1.192389e+00
1.372800e+00 1.191568e+00
1.373000e+00 1.190047e+00
1.373200e+00 1.187778e+00
1.373400e+00 1.184710e+00
1.373600e+00 1.180801e+00
1.373800e+00 1.176009e+00
1.374000e+00 1.170301e+00
1.374200e+00 1.163650e+00
1.374400e+00 1.156039e+00
1.374600e+00 1.147461e+00
1.374800e+00 1.137923e+00
1.375000e+00 1.127443e+00
1.375200e+00 1.116057e+00
1.375400e+00 1.103814e+00
1.375600e+00 1.090782e+00
1.375800e+00 1.077046e+00
1.376000e+00 1.062708e+00
1.376200e+00 1.047886e+00
1.376400e+00 1.032714e+00
1.376600e+00 1.017339e+00
1.376800e+00 1.001918e+00
1.377000e+00 9.866202e-01
1.377200e+00 9.716150e-01
1.377400e+00 9.570755e-01
1.377600e+00 9.431718e-01
1.377800e+00 9.300670e-01
1.378000e+00 9.179142e-01
1.378200e+00 9.068521e-01
1.378400e+00 8.970024e-01
1.378600e+00 8.884674e-01
1.378800e+00 8.813274e-01
1.379000e+00 8.756402e-01
1.379200e+00 8.714406e-01
1.379400e+00 8.687401e-01
1.379600e+00 8.675289e-01
1.379800e+00 8.677764e-01
1.380000e+00 8.694342e-01
1.380200e+00 8.724376e-01
1.380400e+00 8.767091e-01
1.380600e+00 8.821603e-01
1.380800e+00 8.886953e-01
1.381000e+00 8.962128e-01
1.381200e+00 9.046089e-01
1.381400e+00 9.137788e-01
1.381600e+00 9.236193e-01
1.381800e+00 9.340297e-01
1.382000e+00 9.449136e-01
1.382200e+00 9.561796e-01
1.382400e+00 9.677419e-01
1.382600e+00 9.795213e-01
1.382800e+00 9.914446e-01
1.383000e+00 1.003446e+00
1.383200e+00 1.015464e+00
1.383400e+00 1.027446e+00
1.383600e+00 1.039344e+00
1.383800e+00 1.051115e+00
1.384000e+00 1.062722e+00
1.384200e+00 1.074134e+00
1.384400e+00 1.085322e+00
1.384600e+00 1.096262e+00
1.384800e+00 1.106934e+00
1.385000e+00 1.117322e+00
1.385200e+00 1.127411e+00
1.385400e+00 1.137190e+00
1.385600e+00 1.146650e+00
1.385800e+00 1.155784e+00
1.386000e+00 1.164588e+00
1.386200e+00 1.173058e+00
1.386400e+00 1.181193e+00
1.386600e+00 1.188992e+00
1.386800e+00 1.196456e+00
1.387000e+00 1.203587e+00
1.387200e+00 1.210388e+00
1.387400e+00 1.216863e+00
1.387600e+00 1.223016e+00
1.387800e+00 1.228851e+00
1.388000e+00 1.234375e+00
1.388200e+00 1.239592e+00
1.388400e+00 1.244510e+00
1.388600e+00 1.249133e+00
1.388800e+00 1.253468e+00
1.389000e+00 1.257522e+00
1.389200e+00 1.261301e+00
1.389400e+00 1.264810e+00
1.389600e+00 1.268056e+00
1.389800e+00 1.271045e+00
1.390000e+00 1.273781e+00
1.390200e+00 1.276269e+00
1.390400e+00 1.278514e+00
1.390600e+00 1.280521e+00
1.390800e+00 1.282292e+00
1.391000e+00 1.283830e+00
1.391200e+00 1.285138e+00
1.391400e+00 1.286218e+00
1.391600e+00 1.287072e+00
1.391800e+00 1.287700e+00
1.392000e+00 1.288103e+00
1.392200e+00 1.288282e+00
1.392400e+00 1.288235e+00
1.392600e+00 1.287963e+00
1.392800e+00 1.287465e+00
1.393000e+00 1.286740e+00
1.393200e+00 1.285788e+00
1.393400e+00 1.284607e+00
1.393600e+00 1.283198e+00
1.393800e+00 1.281560e+00
1.394000e+00 1.279694e+00
1.394200e+00 1.277600e+00
1.394400e+00 1.275280e+00
1.394600e+00 1.272736e+00
1.394800e+00 1.269971e+00
1.395000e+00 1.266989e+00
1.395200e+00 1.263795e+00
1.395400e+00 1.260393e+00
1.395600e+00 1.256791e+00
1.395800e+00 1.252995e+00
1.396000e+00 1.249013e+00
1.396200e+00 1.244853e+00
1.396400e+00 1.240522e+00
1.396600e+00 1.236029e+00
1.396800e+00 1.231381e+00
1.397000e+00 1.226585e+00
1.397200e+00 1.221647e+00
1.397400e+00 1.216571e+00
1.397600e+00 1.211360e+00
1.397800e+00 1.206014e+00
1.398000e+00 1.200531e+00
1.398200e+00 1.194908e+00
1.398400e+00 1.189138e+00
1.398600e+00 1.183210e+00
1.398800e+00 1.177113e+00
1.399000e+00 1.170830e+00
1.399200e+00 1.164343e+00
1.399400e+00 1.157632e+00
1.399600e+00 1.150674e+00
1.399800e+00 1.143443e+00
