-5.000000e-02 6.432945e+00
-4.990000e-02 6.443167e+00
-4.980000e-02 6.454503e+00
-4.970000e-02 6.466923e+00
-4.960000e-02 6.480388e+00
-4.950000e-02 6.494855e+00
-4.940000e-02 6.510273e+00
-4.930000e-02 6.526586e+00
-4.920000e-02 6.543732e+00
-4.910000e-02 6.561642e+00
-4.900000e-02 6.580240e+00
-4.890000e-02 6.599444e+00
-4.880000e-02 6.619168e+00
-4.870000e-02 6.639316e+00
-4.860000e-02 6.659790e+00
-4.850000e-02 6.680484e+00
-4.840000e-02 6.701286e+00
-4.830000e-02 6.722083e+00
-4.820000e-02 6.742753e+00
-4.810000e-02 6.763176e+00
-4.800000e-02 6.783228e+00
-4.790000e-02 6.802784e+00
-4.780000e-02 6.821722e+00
-4.770000e-02 6.839922e+00
-4.760000e-02 6.857272e+00
-4.750000e-02 6.873662e+00
-4.740000e-02 6.888995e+00
-4.730000e-02 6.903183e+00
-4.720000e-02 6.916150e+00
-4.710000e-02 6.927832e+00
-4.700000e-02 6.938180e+00
-4.690000e-02 6.947159e+00
-4.680000e-02 6.954747e+00
-4.670000e-02 6.960936e+00
-4.660000e-02 6.965729e+00
-4.650000e-02 6.969143e+00
-4.640000e-02 6.971203e+00
-4.630000e-02 6.971944e+00
-4.620000e-02 6.971405e+00
-4.610000e-02 6.969634e+00
-4.600000e-02 6.966683e+00
-4.590000e-02 6.962605e+00
-4.580000e-02 6.957456e+00
-4.570000e-02 6.951294e+00
-4.560000e-02 6.944176e+00
-4.550000e-02 6.936161e+00
-4.540000e-02 6.927307e+00
-4.530000e-02 6.917672e+00
-4.520000e-02 6.907314e+00
-4.510000e-02 6.896289e+00
-4.500000e-02 6.884656e+00
-4.490000e-02 6.872472e+00
-4.480000e-02 6.859793e+00
-4.470000e-02 6.846677e+00
-4.460000e-02 6.833180e+00
-4.450000e-02 6.819359e+00
-4.440000e-02 6.805267e+00
-4.430000e-02 6.790957e+00
-4.420000e-02 6.776479e+00
-4.410000e-02 6.761881e+00
-4.400000e-02 6.747204e+00
-4.390000e-02 6.732487e+00
-4.380000e-02 6.717762e+00
-4.370000e-02 6.703053e+00
-4.360000e-02 6.688381e+00
-4.350000e-02 6.673757e+00
-4.340000e-02 6.659187e+00
-4.330000e-02 6.644670e+00
-4.320000e-02 6.630201e+00
-4.310000e-02 6.615771e+00
-4.300000e-02 6.601369e+00
-4.290000e-02 6.586986e+00
-4.280000e-02 6.572614e+00
-4.270000e-02 6.558250e+00
-4.260000e-02 6.543900e+00
-4.250000e-02 6.529575e+00
-4.240000e-02 6.515294e+00
-4.230000e-02 6.501087e+00
-4.220000e-02 6.486987e+00
-4.210000e-02 6.473028e+00
-4.200000e-02 6.459242e+00
-4.190000e-02 6.445642e+00
-4.180000e-02 6.432197e+00
-4.170000e-02 6.418746e+00
-4.160000e-02 6.404394e+00
-4.150000e-02 6.390380e+00
-4.140000e-02 6.380850e+00
-4.130000e-02 6.372072e+00
-4.120000e-02 6.364030e+00
-4.110000e-02 6.356726e+00
-4.100000e-02 6.350165e+00
-4.090000e-02 6.344354e+00
-4.080000e-02 6.339296e+00
-4.070000e-02 6.334999e+00
-4.060000e-02 6.331472e+00
-4.050000e-02 6.328729e+00
-4.040000e-02 6.326788e+00
-4.030000e-02 6.325671e+00
-4.020000e-02 6.325406e+00
-4.010000e-02 6.326020e+00
-4.000000e-02 6.327547e+00
-3.990000e-02 6.330018e+00
-3.980000e-02 6.333462e+00
-3.970000e-02 6.337905e+00
-3.960000e-02 6.343366e+00
-3.950000e-02 6.349856e+00
-3.940000e-02 6.357378e+00
-3.930000e-02 6.365921e+00
-3.920000e-02 6.375464e+00
-3.910000e-02 6.385971e+00
-3.900000e-02 6.397394e+00
-3.890000e-02 6.409673e+00
-3.880000e-02 6.422736e+00
-3.870000e-02 6.436501e+00
-3.860000e-02 6.450876e+00
-3.850000e-02 6.465765e+00
-3.840000e-02 6.481067e+00
-3.830000e-02 6.496679e+00
-3.820000e-02 6.512501e+00
-3.810000e-02 6.528432e+00
-3.800000e-02 6.544379e+00
-3.790000e-02 6.560251e+00
-3.780000e-02 6.575965e+00
-3.770000e-02 6.591444e+00
-3.760000e-02 6.606615e+00
-3.750000e-02 6.621412e+00
-3.740000e-02 6.635769e+00
-3.730000e-02 6.649626e+00
-3.720000e-02 6.662922e+00
-3.710000e-02 6.675595e+00
-3.700000e-02 6.687585e+00
-3.690000e-02 6.698828e+00
-3.680000e-02 6.709262e+00
-3.670000e-02 6.718824e+00
-3.660000e-02 6.727453e+00
-3.650000e-02 6.735091e+00
-3.640000e-02 6.741688e+00
-3.630000e-02 6.747200e+00
-3.620000e-02 6.751593e+00
-3.610000e-02 6.754848e+00
-3.600000e-02 6.756954e+00
-3.590000e-02 6.757921e+00
-3.580000e-02 6.757767e+00
-3.570000e-02 6.756527e+00
-3.560000e-02 6.754247e+00
-3.550000e-02 6.750985e+00
-3.540000e-02 6.746805e+00
-3.530000e-02 6.741778e+00
-3.520000e-02 6.735979e+00
-3.510000e-02 6.729485e+00
-3.500000e-02 6.722369e+00
-3.490000e-02 6.714705e+00
-3.480000e-02 6.706562e+00
-3.470000e-02 6.698006e+00
-3.460000e-02 6.689097e+00
-3.450000e-02 6.679893e+00
-3.440000e-02 6.670446e+00
-3.430000e-02 6.660805e+00
-3.420000e-02 6.651016e+00
-3.410000e-02 6.641125e+00
-3.400000e-02 6.631174e+00
-3.390000e-02 6.621204e+00
-3.380000e-02 6.611257e+00
-3.370000e-02 6.601372e+00
-3.360000e-02 6.591590e+00
-3.350000e-02 6.581950e+00
-3.340000e-02 6.572488e+00
-3.330000e-02 6.563242e+00
-3.320000e-02 6.554245e+00
-3.310000e-02 6.545530e+00
-3.300000e-02 6.537124e+00
-3.290000e-02 6.529053e+00
-3.280000e-02 6.521339e+00
-3.270000e-02 6.514000e+00
-3.260000e-02 6.507049e+00
-3.250000e-02 6.500498e+00
-3.240000e-02 6.494352e+00
-3.230000e-02 6.488614e+00
-3.220000e-02 6.483283e+00
-3.210000e-02 6.478357e+00
-3.200000e-02 6.473830e+00
-3.190000e-02 6.469694e+00
-3.180000e-02 6.465940e+00
-3.170000e-02 6.462558e+00
-3.160000e-02 6.459539e+00
-3.150000e-02 6.456873e+00
-3.140000e-02 6.454553e+00
-3.130000e-02 6.452571e+00
-3.120000e-02 6.450923e+00
-3.110000e-02 6.449608e+00
-3.100000e-02 6.448625e+00
-3.090000e-02 6.447979e+00
-3.080000e-02 6.447675e+00
-3.070000e-02 6.447720e+00
-3.060000e-02 6.448124e+00
-3.050000e-02 6.448897e+00
-3.040000e-02 6.450049e+00
-3.030000e-02 6.451589e+00
-3.020000e-02 6.453523e+00
-3.010000e-02 6.455855e+00
-3.000000e-02 6.458585e+00
-2.990000e-02 6.461708e+00
-2.980000e-02 6.465213e+00
-2.970000e-02 6.469081e+00
-2.960000e-02 6.473288e+00
-2.950000e-02 6.477802e+00
-2.940000e-02 6.482582e+00
-2.930000e-02 6.487580e+00
-2.920000e-02 6.492740e+00
-2.910000e-02 6.497998e+00
-2.900000e-02 6.503284e+00
-2.890000e-02 6.508521e+00
-2.880000e-02 6.513630e+00
-2.870000e-02 6.518525e+00
-2.860000e-02 6.523122e+00
-2.850000e-02 6.527337e+00
-2.840000e-02 6.531088e+00
-2.830000e-02 6.534301e+00
-2.820000e-02 6.536909e+00
-2.810000e-02 6.538857e+00
-2.800000e-02 6.540102e+00
-2.790000e-02 6.540621e+00
-2.780000e-02 6.540404e+00
-2.770000e-02 6.539461e+00
-2.760000e-02 6.537823e+00
-2.750000e-02 6.535538e+00
-2.740000e-02 6.532670e+00
-2.730000e-02 6.529301e+00
-2.720000e-02 6.525524e+00
-2.710000e-02 6.521444e+00
-2.700000e-02 6.517170e+00
-2.690000e-02 6.512817e+00
-2.680000e-02 6.508498e+00
-2.670000e-02 6.504325e+00
-2.660000e-02 6.500403e+00
-2.650000e-02 6.496831e+00
-2.640000e-02 6.493698e+00
-2.630000e-02 6.491084e+00
-2.620000e-02 6.489056e+00
-2.610000e-02 6.487674e+00
-2.600000e-02 6.486985e+00
-2.590000e-02 6.487025e+00
-2.580000e-02 6.487822e+00
-2.570000e-02 6.489394e+00
-2.560000e-02 6.491751e+00
-2.550000e-02 6.494892e+00
-2.540000e-02 6.498811e+00
-2.530000e-02 6.503490e+00
-2.520000e-02 6.508907e+00
-2.510000e-02 6.515029e+00
-2.500000e-02 6.521812e+00
-2.490000e-02 6.529206e+00
-2.480000e-02 6.537149e+00
-2.470000e-02 6.545566e+00
-2.460000e-02 6.554376e+00
-2.450000e-02 6.563482e+00
-2.440000e-02 6.572777e+00
-2.430000e-02 6.582146e+00
-2.420000e-02 6.591461e+00
-2.410000e-02 6.600591e+00
-2.400000e-02 6.609398e+00
-2.390000e-02 6.617743e+00
-2.380000e-02 6.625491e+00
-2.370000e-02 6.632513e+00
-2.360000e-02 6.638694e+00
-2.350000e-02 6.643933e+00
-2.340000e-02 6.648151e+00
-2.330000e-02 6.651293e+00
-2.320000e-02 6.653330e+00
-2.310000e-02 6.654262e+00
-2.300000e-02 6.654117e+00
-2.290000e-02 6.652949e+00
-2.280000e-02 6.650840e+00
-2.270000e-02 6.647890e+00
-2.260000e-02 6.644217e+00
-2.250000e-02 6.639953e+00
-2.240000e-02 6.635236e+00
-2.230000e-02 6.630210e+00
-2.220000e-02 6.625016e+00
-2.210000e-02 6.619791e+00
-2.200000e-02 6.614666e+00
-2.190000e-02 6.609758e+00
-2.180000e-02 6.605177e+00
-2.170000e-02 6.601015e+00
-2.160000e-02 6.597353e+00
-2.150000e-02 6.594255e+00
-2.140000e-02 6.591769e+00
-2.130000e-02 6.589931e+00
-2.120000e-02 6.588760e+00
-2.110000e-02 6.588261e+00
-2.100000e-02 6.588426e+00
-2.090000e-02 6.589234e+00
-2.080000e-02 6.590653e+00
-2.070000e-02 6.592640e+00
-2.060000e-02 6.595145e+00
-2.050000e-02 6.598109e+00
-2.040000e-02 6.601469e+00
-2.030000e-02 6.605157e+00
-2.020000e-02 6.609102e+00
-2.010000e-02 6.613232e+00
-2.000000e-02 6.617477e+00
-1.990000e-02 6.621765e+00
-1.980000e-02 6.626029e+00
-1.970000e-02 6.630200e+00
-1.960000e-02 6.634216e+00
-1.950000e-02 6.638015e+00
-1.940000e-02 6.641538e+00
-1.930000e-02 6.644728e+00
-1.920000e-02 6.647532e+00
-1.910000e-02 6.649896e+00
-1.900000e-02 6.651770e+00
-1.890000e-02 6.653106e+00
-1.880000e-02 6.653858e+00
-1.870000e-02 6.653985e+00
-1.860000e-02 6.653450e+00
-1.850000e-02 6.652224e+00
-1.840000e-02 6.650286e+00
-1.830000e-02 6.647626e+00
-1.820000e-02 6.644244e+00
-1.810000e-02 6.640156e+00
-1.800000e-02 6.635393e+00
-1.790000e-02 6.630001e+00
-1.780000e-02 6.624039e+00
-1.770000e-02 6.617585e+00
-1.760000e-02 6.610728e+00
-1.750000e-02 6.603566e+00
-1.740000e-02 6.596207e+00
-1.730000e-02 6.588767e+00
-1.720000e-02 6.581361e+00
-1.710000e-02 6.574104e+00
-1.700000e-02 6.567111e+00
-1.690000e-02 6.560489e+00
-1.680000e-02 6.554337e+00
-1.670000e-02 6.548750e+00
-1.660000e-02 6.543807e+00
-1.650000e-02 6.539581e+00
-1.640000e-02 6.536133e+00
-1.630000e-02 6.533513e+00
-1.620000e-02 6.531759e+00
-1.610000e-02 6.530899e+00
-1.600000e-02 6.530949e+00
-1.590000e-02 6.531918e+00
-1.580000e-02 6.533800e+00
-1.570000e-02 6.536582e+00
-1.560000e-02 6.540241e+00
-1.550000e-02 6.544743e+00
-1.540000e-02 6.550046e+00
-1.530000e-02 6.556097e+00
-1.520000e-02 6.562837e+00
-1.510000e-02 6.570196e+00
-1.500000e-02 6.578100e+00
-1.490000e-02 6.586465e+00
-1.480000e-02 6.595204e+00
-1.470000e-02 6.604225e+00
-1.460000e-02 6.613433e+00
-1.450000e-02 6.622732e+00
-1.440000e-02 6.632027e+00
-1.430000e-02 6.641225e+00
-1.420000e-02 6.650235e+00
-1.410000e-02 6.658975e+00
-1.400000e-02 6.667364e+00
-1.390000e-02 6.675333e+00
-1.380000e-02 6.682817e+00
-1.370000e-02 6.689763e+00
-1.360000e-02 6.696123e+00
-1.350000e-02 6.701859e+00
-1.340000e-02 6.706943e+00
-1.330000e-02 6.711351e+00
-1.320000e-02 6.715072e+00
-1.310000e-02 6.718097e+00
-1.300000e-02 6.720430e+00
-1.290000e-02 6.722077e+00
-1.280000e-02 6.723055e+00
-1.270000e-02 6.723382e+00
-1.260000e-02 6.723084e+00
-1.250000e-02 6.722191e+00
-1.240000e-02 6.720731e+00
-1.230000e-02 6.718736e+00
-1.220000e-02 6.716234e+00
-1.210000e-02 6.713250e+00
-1.200000e-02 6.709803e+00
-1.190000e-02 6.705907e+00
-1.180000e-02 6.701566e+00
-1.170000e-02 6.696779e+00
-1.160000e-02 6.691538e+00
-1.150000e-02 6.685830e+00
-1.140000e-02 6.679640e+00
-1.130000e-02 6.672955e+00
-1.120000e-02 6.665764e+00
-1.110000e-02 6.658064e+00
-1.100000e-02 6.649864e+00
-1.090000e-02 6.641184e+00
-1.080000e-02 6.632062e+00
-1.070000e-02 6.622549e+00
-1.060000e-02 6.612715e+00
-1.050000e-02 6.602643e+00
-1.040000e-02 6.592431e+00
-1.030000e-02 6.582188e+00
-1.020000e-02 6.572030e+00
-1.010000e-02 6.562077e+00
-1.000000e-02 6.552452e+00
-9.900000e-03 6.543273e+00
-9.800000e-03 6.534656e+00
-9.700000e-03 6.526704e+00
-9.600000e-03 6.519513e+00
-9.500000e-03 6.513165e+00
-9.400000e-03 6.507729e+00
-9.300000e-03 6.503259e+00
-9.200000e-03 6.499794e+00
-9.100000e-03 6.497358e+00
-9.000000e-03 6.495960e+00
-8.900000e-03 6.495593e+00
-8.800000e-03 6.496240e+00
-8.700000e-03 6.497866e+00
-8.600000e-03 6.500427e+00
-8.500000e-03 6.503867e+00
-8.400000e-03 6.508120e+00
-8.300000e-03 6.513113e+00
-8.200000e-03 6.518763e+00
-8.100000e-03 6.524982e+00
-8.000000e-03 6.531681e+00
-7.900000e-03 6.538765e+00
-7.800000e-03 6.546141e+00
-7.700000e-03 6.553714e+00
-7.600000e-03 6.561397e+00
-7.500000e-03 6.569104e+00
-7.400000e-03 6.576756e+00
-7.300000e-03 6.584283e+00
-7.200000e-03 6.591624e+00
-7.100000e-03 6.598728e+00
-7.000000e-03 6.605553e+00
-6.900000e-03 6.612070e+00
-6.800000e-03 6.618261e+00
-6.700000e-03 6.624117e+00
-6.600000e-03 6.629639e+00
-6.500000e-03 6.634840e+00
-6.400000e-03 6.639738e+00
-6.300000e-03 6.644359e+00
-6.200000e-03 6.648736e+00
-6.100000e-03 6.652907e+00
-6.000000e-03 6.656915e+00
-5.900000e-03 6.660806e+00
-5.800000e-03 6.664630e+00
-5.700000e-03 6.668440e+00
-5.600000e-03 6.672293e+00
-5.500000e-03 6.676249e+00
-5.400000e-03 6.680369e+00
-5.300000e-03 6.684721e+00
-5.200000e-03 6.689373e+00
-5.100000e-03 6.694398e+00
-5.000000e-03 6.699869e+00
-4.900000e-03 6.705864e+00
-4.800000e-03 6.712458e+00
-4.700000e-03 6.719728e+00
-4.600000e-03 6.727745e+00
-4.500000e-03 6.736580e+00
-4.400000e-03 6.746295e+00
-4.300000e-03 6.756944e+00
-4.200000e-03 6.768570e+00
-4.100000e-03 6.781203e+00
-4.000000e-03 6.794859e+00
-3.900000e-03 6.809538e+00
-3.800000e-03 6.825218e+00
-3.700000e-03 6.841860e+00
-3.600000e-03 6.859403e+00
-3.500000e-03 6.877762e+00
-3.400000e-03 6.896830e+00
-3.300000e-03 6.916476e+00
-3.200000e-03 6.936543e+00
-3.100000e-03 6.956854e+00
-3.000000e-03 6.977207e+00
-2.900000e-03 6.997381e+00
-2.800000e-03 7.017139e+00
-2.700000e-03 7.036230e+00
-2.600000e-03 7.054399e+00
-2.500000e-03 7.071388e+00
-2.400000e-03 7.086949e+00
-2.300000e-03 7.100852e+00
-2.200000e-03 7.112892e+00
-2.100000e-03 7.122898e+00
-2.000000e-03 7.130741e+00
-1.900000e-03 7.136339e+00
-1.800000e-03 7.139661e+00
-1.700000e-03 7.140724e+00
-1.600000e-03 7.139596e+00
-1.500000e-03 7.136388e+00
-1.400000e-03 7.131248e+00
-1.300000e-03 7.124354e+00
-1.200000e-03 7.115905e+00
-1.100000e-03 7.106111e+00
-1.000000e-03 7.095188e+00
-9.000000e-04 7.083349e+00
-8.000000e-04 7.070796e+00
-7.000000e-04 7.057721e+00
-6.000000e-04 7.044294e+00
-5.000000e-04 7.030670e+00
-4.000000e-04 7.016979e+00
-3.000000e-04 7.003332e+00
-2.000000e-04 6.989817e+00
-1.000000e-04 6.976502e+00
1.429412e-15 6.963435e+00
1.000000e-04 6.950646e+00
2.000000e-04 6.938149e+00
3.000000e-04 6.925941e+00
4.000000e-04 6.914010e+00
5.000000e-04 6.902331e+00
6.000000e-04 6.890872e+00
7.000000e-04 6.879593e+00
8.000000e-04 6.868453e+00
9.000000e-04 6.857407e+00
1.000000e-03 6.846414e+00
1.100000e-03 6.835434e+00
1.200000e-03 6.824433e+00
1.300000e-03 6.813384e+00
1.400000e-03 6.802269e+00
1.500000e-03 6.791080e+00
1.600000e-03 6.779817e+00
1.700000e-03 6.768493e+00
1.800000e-03 6.757133e+00
1.900000e-03 6.745767e+00
2.000000e-03 6.734438e+00
2.100000e-03 6.723196e+00
2.200000e-03 6.712094e+00
2.300000e-03 6.701190e+00
2.400000e-03 6.690543e+00
2.500000e-03 6.680212e+00
2.600000e-03 6.670254e+00
2.700000e-03 6.660718e+00
2.800000e-03 6.651649e+00
2.900000e-03 6.643086e+00
3.000000e-03 6.635055e+00
3.100000e-03 6.627575e+00
3.200000e-03 6.620655e+00
3.300000e-03 6.614292e+00
3.400000e-03 6.608473e+00
3.500000e-03 6.603177e+00
3.600000e-03 6.598370e+00
3.700000e-03 6.594010e+00
3.800000e-03 6.590049e+00
3.900000e-03 6.586426e+00
4.000000e-03 6.583078e+00
4.100000e-03 6.579933e+00
4.200000e-03 6.576914e+00
4.300000e-03 6.573942e+00
4.400000e-03 6.570930e+00
4.500000e-03 6.567792e+00
4.600000e-03 6.564440e+00
4.700000e-03 6.560784e+00
4.800000e-03 6.556735e+00
4.900000e-03 6.552208e+00
5.000000e-03 6.547119e+00
5.100000e-03 6.541390e+00
5.200000e-03 6.534951e+00
5.300000e-03 6.527738e+00
5.400000e-03 6.519700e+00
5.500000e-03 6.510796e+00
5.600000e-03 6.501001e+00
5.700000e-03 6.490303e+00
5.800000e-03 6.478708e+00
5.900000e-03 6.466239e+00
6.000000e-03 6.452936e+00
6.100000e-03 6.438856e+00
6.200000e-03 6.424072e+00
6.300000e-03 6.408674e+00
6.400000e-03 6.392764e+00
6.500000e-03 6.376455e+00
6.600000e-03 6.359869e+00
6.700000e-03 6.343134e+00
6.800000e-03 6.326381e+00
6.900000e-03 6.309742e+00
7.000000e-03 6.293346e+00
7.100000e-03 6.277316e+00
7.200000e-03 6.261767e+00
7.300000e-03 6.246805e+00
7.400000e-03 6.232522e+00
7.500000e-03 6.218997e+00
7.600000e-03 6.206292e+00
7.700000e-03 6.194452e+00
7.800000e-03 6.183504e+00
7.900000e-03 6.173458e+00
8.000000e-03 6.164303e+00
8.100000e-03 6.156013e+00
8.200000e-03 6.148544e+00
8.300000e-03 6.141836e+00
8.400000e-03 6.135818e+00
8.500000e-03 6.130409e+00
8.600000e-03 6.125520e+00
8.700000e-03 6.121060e+00
8.800000e-03 6.116942e+00
8.900000e-03 6.113082e+00
9.000000e-03 6.109408e+00
9.100000e-03 6.105861e+00
9.200000e-03 6.102402e+00
9.300000e-03 6.099010e+00
9.400000e-03 6.095687e+00
9.500000e-03 6.092459e+00
9.600000e-03 6.089369e+00
9.700000e-03 6.086485e+00
9.800000e-03 6.083886e+00
9.900000e-03 6.081666e+00
1.000000e-02 6.079924e+00
1.010000e-02 6.078762e+00
1.020000e-02 6.078280e+00
1.030000e-02 6.078567e+00
1.040000e-02 6.079699e+00
1.050000e-02 6.081739e+00
1.060000e-02 6.084723e+00
1.070000e-02 6.088671e+00
1.080000e-02 6.093573e+00
1.090000e-02 6.099399e+00
1.100000e-02 6.106093e+00
1.110000e-02 6.113574e+00
1.120000e-02 6.121746e+00
1.130000e-02 6.130491e+00
1.140000e-02 6.139683e+00
1.150000e-02 6.149185e+00
1.160000e-02 6.158860e+00
1.170000e-02 6.168571e+00
1.180000e-02 6.178191e+00
1.190000e-02 6.187607e+00
1.200000e-02 6.196720e+00
1.210000e-02 6.205456e+00
1.220000e-02 6.213759e+00
1.230000e-02 6.221599e+00
1.240000e-02 6.228969e+00
1.250000e-02 6.235885e+00
1.260000e-02 6.242379e+00
1.270000e-02 6.248501e+00
1.280000e-02 6.254315e+00
1.290000e-02 6.259889e+00
1.300000e-02 6.265296e+00
1.310000e-02 6.270605e+00
1.320000e-02 6.275881e+00
1.330000e-02 6.281177e+00
1.340000e-02 6.286531e+00
1.350000e-02 6.291964e+00
1.360000e-02 6.297480e+00
1.370000e-02 6.303061e+00
1.380000e-02 6.308674e+00
1.390000e-02 6.314268e+00
1.400000e-02 6.319780e+00
1.410000e-02 6.325142e+00
1.420000e-02 6.330284e+00
1.430000e-02 6.335146e+00
1.440000e-02 6.339678e+00
1.450000e-02 6.343852e+00
1.460000e-02 6.347664e+00
1.470000e-02 6.351137e+00
1.480000e-02 6.354322e+00
1.490000e-02 6.357295e+00
1.500000e-02 6.360151e+00
1.510000e-02 6.363002e+00
1.520000e-02 6.365966e+00
1.530000e-02 6.369158e+00
1.540000e-02 6.372684e+00
1.550000e-02 6.376633e+00
1.560000e-02 6.381071e+00
1.570000e-02 6.386037e+00
1.580000e-02 6.391541e+00
1.590000e-02 6.397560e+00
1.600000e-02 6.404045e+00
1.610000e-02 6.410916e+00
1.620000e-02 6.418074e+00
1.630000e-02 6.425399e+00
1.640000e-02 6.432759e+00
1.650000e-02 6.440017e+00
1.660000e-02 6.447035e+00
1.670000e-02 6.453680e+00
1.680000e-02 6.459835e+00
1.690000e-02 6.465398e+00
1.700000e-02 6.470289e+00
1.710000e-02 6.474453e+00
1.720000e-02 6.477865e+00
1.730000e-02 6.480524e+00
1.740000e-02 6.482458e+00
1.750000e-02 6.483721e+00
1.760000e-02 6.484387e+00
1.770000e-02 6.484550e+00
1.780000e-02 6.484319e+00
1.790000e-02 6.483811e+00
1.800000e-02 6.483149e+00
1.810000e-02 6.482455e+00
1.820000e-02 6.481850e+00
1.830000e-02 6.481447e+00
1.840000e-02 6.481349e+00
1.850000e-02 6.481648e+00
1.860000e-02 6.482422e+00
1.870000e-02 6.483735e+00
1.880000e-02 6.485636e+00
1.890000e-02 6.488159e+00
1.900000e-02 6.491324e+00
1.910000e-02 6.495138e+00
1.920000e-02 6.499594e+00
1.930000e-02 6.504674e+00
1.940000e-02 6.510350e+00
1.950000e-02 6.516585e+00
1.960000e-02 6.523333e+00
1.970000e-02 6.530543e+00
1.980000e-02 6.538158e+00
1.990000e-02 6.546118e+00
2.000000e-02 6.554360e+00
2.010000e-02 6.562821e+00
2.020000e-02 6.571435e+00
2.030000e-02 6.580141e+00
2.040000e-02 6.588875e+00
2.050000e-02 6.597581e+00
2.060000e-02 6.606203e+00
2.070000e-02 6.614693e+00
2.080000e-02 6.623006e+00
2.090000e-02 6.631103e+00
2.100000e-02 6.638953e+00
2.110000e-02 6.646532e+00
2.120000e-02 6.653822e+00
2.130000e-02 6.660812e+00
2.140000e-02 6.667498e+00
2.150000e-02 6.673884e+00
2.160000e-02 6.679975e+00
2.170000e-02 6.685784e+00
2.180000e-02 6.691326e+00
2.190000e-02 6.696617e+00
2.200000e-02 6.701672e+00
2.210000e-02 6.706507e+00
2.220000e-02 6.711130e+00
2.230000e-02 6.715547e+00
2.240000e-02 6.719756e+00
2.250000e-02 6.723746e+00
2.260000e-02 6.727500e+00
2.270000e-02 6.730988e+00
2.280000e-02 6.734173e+00
2.290000e-02 6.737009e+00
2.300000e-02 6.739442e+00
2.310000e-02 6.741413e+00
2.320000e-02 6.742861e+00
2.330000e-02 6.743720e+00
2.340000e-02 6.743931e+00
2.350000e-02 6.743435e+00
2.360000e-02 6.742183e+00
2.370000e-02 6.740135e+00
2.380000e-02 6.737262e+00
2.390000e-02 6.733550e+00
2.400000e-02 6.728995e+00
2.410000e-02 6.723611e+00
2.420000e-02 6.717421e+00
2.430000e-02 6.710465e+00
2.440000e-02 6.702793e+00
2.450000e-02 6.694464e+00
2.460000e-02 6.685549e+00
2.470000e-02 6.676128e+00
2.480000e-02 6.666285e+00
2.490000e-02 6.656114e+00
2.500000e-02 6.645713e+00
2.510000e-02 6.635185e+00
2.520000e-02 6.624640e+00
2.530000e-02 6.614189e+00
2.540000e-02 6.603946e+00
2.550000e-02 6.594029e+00
2.560000e-02 6.584553e+00
2.570000e-02 6.575637e+00
2.580000e-02 6.567392e+00
2.590000e-02 6.559930e+00
2.600000e-02 6.553355e+00
2.610000e-02 6.547763e+00
2.620000e-02 6.543242e+00
2.630000e-02 6.539869e+00
2.640000e-02 6.537704e+00
2.650000e-02 6.536796e+00
2.660000e-02 6.537173e+00
2.670000e-02 6.538842e+00
2.680000e-02 6.541791e+00
2.690000e-02 6.545982e+00
2.700000e-02 6.551352e+00
2.710000e-02 6.557812e+00
2.720000e-02 6.565248e+00
2.730000e-02 6.573522e+00
2.740000e-02 6.582475e+00
2.750000e-02 6.591929e+00
2.760000e-02 6.601697e+00
2.770000e-02 6.611583e+00
2.780000e-02 6.621394e+00
2.790000e-02 6.630946e+00
2.800000e-02 6.640069e+00
2.810000e-02 6.648618e+00
2.820000e-02 6.656473e+00
2.830000e-02 6.663544e+00
2.840000e-02 6.669776e+00
2.850000e-02 6.675144e+00
2.860000e-02 6.679655e+00
2.870000e-02 6.683341e+00
2.880000e-02 6.686260e+00
2.890000e-02 6.688487e+00
2.900000e-02 6.690109e+00
2.910000e-02 6.691222e+00
2.920000e-02 6.691929e+00
2.930000e-02 6.692330e+00
2.940000e-02 6.692523e+00
2.950000e-02 6.692602e+00
2.960000e-02 6.692653e+00
2.970000e-02 6.692754e+00
2.980000e-02 6.692975e+00
2.990000e-02 6.693377e+00
3.000000e-02 6.694010e+00
3.010000e-02 6.694920e+00
3.020000e-02 6.696142e+00
3.030000e-02 6.697706e+00
3.040000e-02 6.699632e+00
3.050000e-02 6.701941e+00
3.060000e-02 6.704644e+00
3.070000e-02 6.707750e+00
3.080000e-02 6.711268e+00
3.090000e-02 6.715201e+00
3.100000e-02 6.719553e+00
3.110000e-02 6.724326e+00
3.120000e-02 6.729522e+00
3.130000e-02 6.735141e+00
3.140000e-02 6.741184e+00
3.150000e-02 6.747650e+00
3.160000e-02 6.754535e+00
3.170000e-02 6.761833e+00
3.180000e-02 6.769533e+00
3.190000e-02 6.777621e+00
3.200000e-02 6.786075e+00
3.210000e-02 6.794864e+00
3.220000e-02 6.803951e+00
3.230000e-02 6.813287e+00
3.240000e-02 6.822815e+00
3.250000e-02 6.832465e+00
3.260000e-02 6.842161e+00
3.270000e-02 6.851815e+00
3.280000e-02 6.861333e+00
3.290000e-02 6.870614e+00
3.300000e-02 6.879557e+00
3.310000e-02 6.888055e+00
3.320000e-02 6.896007e+00
3.330000e-02 6.903313e+00
3.340000e-02 6.909879e+00
3.350000e-02 6.915620e+00
3.360000e-02 6.920458e+00
3.370000e-02 6.924327e+00
3.380000e-02 6.927170e+00
3.390000e-02 6.928941e+00
3.400000e-02 6.929603e+00
3.410000e-02 6.929133e+00
3.420000e-02 6.927518e+00
3.430000e-02 6.924755e+00
3.440000e-02 6.920857e+00
3.450000e-02 6.915851e+00
3.460000e-02 6.909778e+00
3.470000e-02 6.902698e+00
3.480000e-02 6.894689e+00
3.490000e-02 6.885848e+00
3.500000e-02 6.876288e+00
3.510000e-02 6.866142e+00
3.520000e-02 6.855556e+00
3.530000e-02 6.844688e+00
3.540000e-02 6.833702e+00
3.550000e-02 6.822767e+00
3.560000e-02 6.812048e+00
3.570000e-02 6.801704e+00
3.580000e-02 6.791885e+00
3.590000e-02 6.782723e+00
3.600000e-02 6.774337e+00
3.610000e-02 6.766826e+00
3.620000e-02 6.760266e+00
3.630000e-02 6.754714e+00
3.640000e-02 6.750205e+00
3.650000e-02 6.746753e+00
3.660000e-02 6.744354e+00
3.670000e-02 6.742983e+00
3.680000e-02 6.742600e+00
3.690000e-02 6.743149e+00
3.700000e-02 6.744561e+00
3.710000e-02 6.746756e+00
3.720000e-02 6.749649e+00
3.730000e-02 6.753143e+00
3.740000e-02 6.757144e+00
3.750000e-02 6.761553e+00
3.760000e-02 6.766274e+00
3.770000e-02 6.771216e+00
3.780000e-02 6.776292e+00
3.790000e-02 6.781426e+00
3.800000e-02 6.786548e+00
3.810000e-02 6.791604e+00
3.820000e-02 6.796548e+00
3.830000e-02 6.801347e+00
3.840000e-02 6.805979e+00
3.850000e-02 6.810434e+00
3.860000e-02 6.814710e+00
3.870000e-02 6.818814e+00
3.880000e-02 6.822759e+00
3.890000e-02 6.826557e+00
3.900000e-02 6.830227e+00
3.910000e-02 6.833781e+00
3.920000e-02 6.837228e+00
3.930000e-02 6.840570e+00
3.940000e-02 6.843800e+00
3.950000e-02 6.846899e+00
3.960000e-02 6.849837e+00
3.970000e-02 6.852569e+00
3.980000e-02 6.855035e+00
3.990000e-02 6.857163e+00
4.000000e-02 6.858868e+00
4.010000e-02 6.860053e+00
4.020000e-02 6.860611e+00
4.030000e-02 6.860434e+00
4.040000e-02 6.859408e+00
4.050000e-02 6.857429e+00
4.060000e-02 6.854397e+00
4.070000e-02 6.850232e+00
4.080000e-02 6.844874e+00
4.090000e-02 6.838287e+00
4.100000e-02 6.830469e+00
4.110000e-02 6.821449e+00
4.120000e-02 6.811289e+00
4.130000e-02 6.800085e+00
4.140000e-02 6.787967e+00
4.150000e-02 6.775096e+00
4.160000e-02 6.765518e+00
4.170000e-02 6.755236e+00
4.180000e-02 6.742995e+00
4.190000e-02 6.730008e+00
4.200000e-02 6.716696e+00
4.210000e-02 6.703322e+00
4.220000e-02 6.690085e+00
4.230000e-02 6.677142e+00
4.240000e-02 6.664617e+00
4.250000e-02 6.652609e+00
4.260000e-02 6.641192e+00
4.270000e-02 6.630425e+00
4.280000e-02 6.620347e+00
4.290000e-02 6.610989e+00
4.300000e-02 6.602368e+00
4.310000e-02 6.594500e+00
4.320000e-02 6.587393e+00
4.330000e-02 6.581053e+00
4.340000e-02 6.575484e+00
4.350000e-02 6.570690e+00
4.360000e-02 6.566674e+00
4.370000e-02 6.563437e+00
4.380000e-02 6.560979e+00
4.390000e-02 6.559296e+00
4.400000e-02 6.558383e+00
4.410000e-02 6.558227e+00
4.420000e-02 6.558811e+00
4.430000e-02 6.560109e+00
4.440000e-02 6.562089e+00
4.450000e-02 6.564711e+00
4.460000e-02 6.567925e+00
4.470000e-02 6.571675e+00
4.480000e-02 6.575897e+00
4.490000e-02 6.580521e+00
4.500000e-02 6.585475e+00
4.510000e-02 6.590685e+00
4.520000e-02 6.596077e+00
4.530000e-02 6.601584e+00
4.540000e-02 6.607143e+00
4.550000e-02 6.612702e+00
4.560000e-02 6.618219e+00
4.570000e-02 6.623664e+00
4.580000e-02 6.629023e+00
4.590000e-02 6.634293e+00
4.600000e-02 6.639482e+00
4.610000e-02 6.644610e+00
4.620000e-02 6.649705e+00
4.630000e-02 6.654798e+00
4.640000e-02 6.659925e+00
4.650000e-02 6.665118e+00
4.660000e-02 6.670406e+00
4.670000e-02 6.675813e+00
4.680000e-02 6.681352e+00
4.690000e-02 6.687030e+00
4.700000e-02 6.692840e+00
4.710000e-02 6.698768e+00
4.720000e-02 6.704788e+00
4.730000e-02 6.710870e+00
4.740000e-02 6.716974e+00
4.750000e-02 6.723061e+00
4.760000e-02 6.729087e+00
4.770000e-02 6.735012e+00
4.780000e-02 6.740800e+00
4.790000e-02 6.746419e+00
4.800000e-02 6.751845e+00
4.810000e-02 6.757063e+00
4.820000e-02 6.762063e+00
4.830000e-02 6.766844e+00
4.840000e-02 6.771411e+00
4.850000e-02 6.775769e+00
4.860000e-02 6.779929e+00
4.870000e-02 6.783898e+00
4.880000e-02 6.787678e+00
4.890000e-02 6.791268e+00
4.900000e-02 6.794657e+00
4.910000e-02 6.797829e+00
4.920000e-02 6.800757e+00
4.930000e-02 6.803409e+00
4.940000e-02 6.805748e+00
4.950000e-02 6.807738e+00
4.960000e-02 6.809344e+00
4.970000e-02 6.810539e+00
4.980000e-02 6.811308e+00
4.990000e-02 6.811652e+00
