-5.000000e-02 1.915374e+00
-4.990000e-02 1.911459e+00
-4.980000e-02 1.906847e+00
-4.970000e-02 1.901612e+00
-4.960000e-02 1.895820e+00
-4.950000e-02 1.889535e+00
-4.940000e-02 1.882815e+00
-4.930000e-02 1.875715e+00
-4.920000e-02 1.868283e+00
-4.910000e-02 1.860564e+00
-4.900000e-02 1.852601e+00
-4.890000e-02 1.844431e+00
-4.880000e-02 1.836090e+00
-4.870000e-02 1.827611e+00
-4.860000e-02 1.819025e+00
-4.850000e-02 1.810362e+00
-4.840000e-02 1.801649e+00
-4.830000e-02 1.792913e+00
-4.820000e-02 1.784179e+00
-4.810000e-02 1.775471e+00
-4.800000e-02 1.766814e+00
-4.790000e-02 1.758230e+00
-4.780000e-02 1.749740e+00
-4.770000e-02 1.741366e+00
-4.760000e-02 1.733125e+00
-4.750000e-02 1.725036e+00
-4.740000e-02 1.717115e+00
-4.730000e-02 1.709375e+00
-4.720000e-02 1.701828e+00
-4.710000e-02 1.694483e+00
-4.700000e-02 1.687346e+00
-4.690000e-02 1.680422e+00
-4.680000e-02 1.673709e+00
-4.670000e-02 1.667207e+00
-4.660000e-02 1.660909e+00
-4.650000e-02 1.654808e+00
-4.640000e-02 1.648892e+00
-4.630000e-02 1.643148e+00
-4.620000e-02 1.637561e+00
-4.610000e-02 1.632116e+00
-4.600000e-02 1.626796e+00
-4.590000e-02 1.621585e+00
-4.580000e-02 1.616467e+00
-4.570000e-02 1.611429e+00
-4.560000e-02 1.606461e+00
-4.550000e-02 1.601557e+00
-4.540000e-02 1.596715e+00
-4.530000e-02 1.591937e+00
-4.520000e-02 1.587233e+00
-4.510000e-02 1.582618e+00
-4.500000e-02 1.578112e+00
-4.490000e-02 1.573741e+00
-4.480000e-02 1.569536e+00
-4.470000e-02 1.565532e+00
-4.460000e-02 1.561764e+00
-4.450000e-02 1.558267e+00
-4.440000e-02 1.555072e+00
-4.430000e-02 1.552206e+00
-4.420000e-02 1.549682e+00
-4.410000e-02 1.547501e+00
-4.400000e-02 1.545646e+00
-4.390000e-02 1.544080e+00
-4.380000e-02 1.542740e+00
-4.370000e-02 1.541536e+00
-4.360000e-02 1.540354e+00
-4.350000e-02 1.539049e+00
-4.340000e-02 1.537453e+00
-4.330000e-02 1.535380e+00
-4.320000e-02 1.532629e+00
-4.310000e-02 1.528997e+00
-4.300000e-02 1.524287e+00
-4.290000e-02 1.518324e+00
-4.280000e-02 1.510969e+00
-4.270000e-02 1.502131e+00
-4.260000e-02 1.491778e+00
-4.250000e-02 1.479953e+00
-4.240000e-02 1.466771e+00
-4.230000e-02 1.452426e+00
-4.220000e-02 1.437186e+00
-4.210000e-02 1.421378e+00
-4.200000e-02 1.405378e+00
-4.190000e-02 1.389587e+00
-4.180000e-02 1.374412e+00
-4.170000e-02 1.360246e+00
-4.160000e-02 1.347445e+00
-4.150000e-02 1.336313e+00
-4.140000e-02 1.327093e+00
-4.130000e-02 1.319957e+00
-4.120000e-02 1.315005e+00
-4.110000e-02 1.312271e+00
-4.100000e-02 1.311727e+00
-4.090000e-02 1.313292e+00
-4.080000e-02 1.316845e+00
-4.070000e-02 1.322235e+00
-4.060000e-02 1.329291e+00
-4.050000e-02 1.337832e+00
-4.040000e-02 1.347675e+00
-4.030000e-02 1.358640e+00
-4.020000e-02 1.370559e+00
-4.010000e-02 1.383278e+00
-4.000000e-02 1.396655e+00
-3.990000e-02 1.410567e+00
-3.980000e-02 1.424910e+00
-3.970000e-02 1.439592e+00
-3.960000e-02 1.454542e+00
-3.950000e-02 1.469701e+00
-3.940000e-02 1.485026e+00
-3.930000e-02 1.500484e+00
-3.920000e-02 1.516057e+00
-3.910000e-02 1.531733e+00
-3.900000e-02 1.547512e+00
-3.890000e-02 1.563399e+00
-3.880000e-02 1.579406e+00
-3.870000e-02 1.595553e+00
-3.860000e-02 1.611861e+00
-3.850000e-02 1.628356e+00
-3.840000e-02 1.645066e+00
-3.830000e-02 1.662018e+00
-3.820000e-02 1.679243e+00
-3.810000e-02 1.696763e+00
-3.800000e-02 1.714600e+00
-3.790000e-02 1.732764e+00
-3.780000e-02 1.751255e+00
-3.770000e-02 1.770052e+00
-3.760000e-02 1.789110e+00
-3.750000e-02 1.808350e+00
-3.740000e-02 1.827647e+00
-3.730000e-02 1.846816e+00
-3.720000e-02 1.865602e+00
-3.710000e-02 1.883658e+00
-3.700000e-02 1.900533e+00
-3.690000e-02 1.915663e+00
-3.680000e-02 1.928375e+00
-3.670000e-02 1.937901e+00
-3.660000e-02 1.943428e+00
-3.650000e-02 1.944186e+00
-3.640000e-02 1.939566e+00
-3.630000e-02 1.929283e+00
-3.620000e-02 1.913532e+00
-3.610000e-02 1.893124e+00
-3.600000e-02 1.869513e+00
-3.590000e-02 1.844701e+00
-3.580000e-02 1.820986e+00
-3.570000e-02 1.800612e+00
-3.560000e-02 1.785418e+00
-3.550000e-02 1.776570e+00
-3.540000e-02 1.774460e+00
-3.530000e-02 1.778778e+00
-3.520000e-02 1.788693e+00
-3.510000e-02 1.803091e+00
-3.500000e-02 1.820784e+00
-3.490000e-02 1.840666e+00
-3.480000e-02 1.861807e+00
-3.470000e-02 1.883479e+00
-3.460000e-02 1.905152e+00
-3.450000e-02 1.926467e+00
-3.440000e-02 1.947198e+00
-3.430000e-02 1.967219e+00
-3.420000e-02 1.986471e+00
-3.410000e-02 2.004937e+00
-3.400000e-02 2.022625e+00
-3.390000e-02 2.039554e+00
-3.380000e-02 2.055747e+00
-3.370000e-02 2.071219e+00
-3.360000e-02 2.085980e+00
-3.350000e-02 2.100032e+00
-3.340000e-02 2.113364e+00
-3.330000e-02 2.125957e+00
-3.320000e-02 2.137782e+00
-3.310000e-02 2.148804e+00
-3.300000e-02 2.158980e+00
-3.290000e-02 2.168265e+00
-3.280000e-02 2.176612e+00
-3.270000e-02 2.183975e+00
-3.260000e-02 2.190312e+00
-3.250000e-02 2.195587e+00
-3.240000e-02 2.199775e+00
-3.230000e-02 2.202863e+00
-3.220000e-02 2.204852e+00
-3.210000e-02 2.205760e+00
-3.200000e-02 2.205625e+00
-3.190000e-02 2.204501e+00
-3.180000e-02 2.202461e+00
-3.170000e-02 2.199595e+00
-3.160000e-02 2.196007e+00
-3.150000e-02 2.191815e+00
-3.140000e-02 2.187140e+00
-3.130000e-02 2.182111e+00
-3.120000e-02 2.176851e+00
-3.110000e-02 2.171480e+00
-3.100000e-02 2.166108e+00
-3.090000e-02 2.160830e+00
-3.080000e-02 2.155727e+00
-3.070000e-02 2.150861e+00
-3.060000e-02 2.146276e+00
-3.050000e-02 2.141995e+00
-3.040000e-02 2.138027e+00
-3.030000e-02 2.134361e+00
-3.020000e-02 2.130974e+00
-3.010000e-02 2.127828e+00
-3.000000e-02 2.124875e+00
-2.990000e-02 2.122059e+00
-2.980000e-02 2.119314e+00
-2.970000e-02 2.116571e+00
-2.960000e-02 2.113757e+00
-2.950000e-02 2.110796e+00
-2.940000e-02 2.107610e+00
-2.930000e-02 2.104121e+00
-2.920000e-02 2.100253e+00
-2.910000e-02 2.095931e+00
-2.900000e-02 2.091087e+00
-2.890000e-02 2.085658e+00
-2.880000e-02 2.079590e+00
-2.870000e-02 2.072843e+00
-2.860000e-02 2.065393e+00
-2.850000e-02 2.057235e+00
-2.840000e-02 2.048390e+00
-2.830000e-02 2.038910e+00
-2.820000e-02 2.028879e+00
-2.810000e-02 2.018421e+00
-2.800000e-02 2.007702e+00
-2.790000e-02 1.996927e+00
-2.780000e-02 1.986346e+00
-2.770000e-02 1.976245e+00
-2.760000e-02 1.966936e+00
-2.750000e-02 1.958751e+00
-2.740000e-02 1.952021e+00
-2.730000e-02 1.947060e+00
-2.720000e-02 1.944140e+00
-2.710000e-02 1.943473e+00
-2.700000e-02 1.945183e+00
-2.690000e-02 1.949296e+00
-2.680000e-02 1.955720e+00
-2.670000e-02 1.964246e+00
-2.660000e-02 1.974549e+00
-2.650000e-02 1.986199e+00
-2.640000e-02 1.998682e+00
-2.630000e-02 2.011426e+00
-2.620000e-02 2.023830e+00
-2.610000e-02 2.035295e+00
-2.600000e-02 2.045255e+00
-2.590000e-02 2.053202e+00
-2.580000e-02 2.058709e+00
-2.570000e-02 2.061446e+00
-2.560000e-02 2.061193e+00
-2.550000e-02 2.057845e+00
-2.540000e-02 2.051413e+00
-2.530000e-02 2.042018e+00
-2.520000e-02 2.029892e+00
-2.510000e-02 2.015359e+00
-2.500000e-02 1.998828e+00
-2.490000e-02 1.980774e+00
-2.480000e-02 1.961722e+00
-2.470000e-02 1.942225e+00
-2.460000e-02 1.922841e+00
-2.450000e-02 1.904112e+00
-2.440000e-02 1.886543e+00
-2.430000e-02 1.870580e+00
-2.420000e-02 1.856593e+00
-2.410000e-02 1.844864e+00
-2.400000e-02 1.835584e+00
-2.390000e-02 1.828843e+00
-2.380000e-02 1.824645e+00
-2.370000e-02 1.822908e+00
-2.360000e-02 1.823481e+00
-2.350000e-02 1.826161e+00
-2.340000e-02 1.830704e+00
-2.330000e-02 1.836843e+00
-2.320000e-02 1.844304e+00
-2.310000e-02 1.852817e+00
-2.300000e-02 1.862122e+00
-2.290000e-02 1.871982e+00
-2.280000e-02 1.882182e+00
-2.270000e-02 1.892534e+00
-2.260000e-02 1.902876e+00
-2.250000e-02 1.913070e+00
-2.240000e-02 1.923005e+00
-2.230000e-02 1.932588e+00
-2.220000e-02 1.941745e+00
-2.210000e-02 1.950417e+00
-2.200000e-02 1.958560e+00
-2.190000e-02 1.966139e+00
-2.180000e-02 1.973131e+00
-2.170000e-02 1.979517e+00
-2.160000e-02 1.985288e+00
-2.150000e-02 1.990438e+00
-2.140000e-02 1.994968e+00
-2.130000e-02 1.998881e+00
-2.120000e-02 2.002187e+00
-2.110000e-02 2.004899e+00
-2.100000e-02 2.007034e+00
-2.090000e-02 2.008613e+00
-2.080000e-02 2.009662e+00
-2.070000e-02 2.010211e+00
-2.060000e-02 2.010295e+00
-2.050000e-02 2.009955e+00
-2.040000e-02 2.009236e+00
-2.030000e-02 2.008191e+00
-2.020000e-02 2.006876e+00
-2.010000e-02 2.005357e+00
-2.000000e-02 2.003704e+00
-1.990000e-02 2.001997e+00
-1.980000e-02 2.000320e+00
-1.970000e-02 1.998766e+00
-1.960000e-02 1.997435e+00
-1.950000e-02 1.996429e+00
-1.940000e-02 1.995859e+00
-1.930000e-02 1.995833e+00
-1.920000e-02 1.996462e+00
-1.910000e-02 1.997851e+00
-1.900000e-02 2.000100e+00
-1.890000e-02 2.003295e+00
-1.880000e-02 2.007505e+00
-1.870000e-02 2.012779e+00
-1.860000e-02 2.019141e+00
-1.850000e-02 2.026584e+00
-1.840000e-02 2.035067e+00
-1.830000e-02 2.044519e+00
-1.820000e-02 2.054831e+00
-1.810000e-02 2.065862e+00
-1.800000e-02 2.077444e+00
-1.790000e-02 2.089382e+00
-1.780000e-02 2.101467e+00
-1.770000e-02 2.113478e+00
-1.760000e-02 2.125196e+00
-1.750000e-02 2.136408e+00
-1.740000e-02 2.146917e+00
-1.730000e-02 2.156550e+00
-1.720000e-02 2.165164e+00
-1.710000e-02 2.172649e+00
-1.700000e-02 2.178932e+00
-1.690000e-02 2.183979e+00
-1.680000e-02 2.187793e+00
-1.670000e-02 2.190414e+00
-1.660000e-02 2.191914e+00
-1.650000e-02 2.192394e+00
-1.640000e-02 2.191979e+00
-1.630000e-02 2.190809e+00
-1.620000e-02 2.189038e+00
-1.610000e-02 2.186825e+00
-1.600000e-02 2.184327e+00
-1.590000e-02 2.181696e+00
-1.580000e-02 2.179074e+00
-1.570000e-02 2.176587e+00
-1.560000e-02 2.174344e+00
-1.550000e-02 2.172431e+00
-1.540000e-02 2.170914e+00
-1.530000e-02 2.169834e+00
-1.520000e-02 2.169211e+00
-1.510000e-02 2.169038e+00
-1.500000e-02 2.169287e+00
-1.490000e-02 2.169902e+00
-1.480000e-02 2.170796e+00
-1.470000e-02 2.171816e+00
-1.460000e-02 2.172470e+00
-1.450000e-02 2.173909e+00
-1.440000e-02 2.175918e+00
-1.430000e-02 2.177754e+00
-1.420000e-02 2.179355e+00
-1.410000e-02 2.180628e+00
-1.400000e-02 2.181459e+00
-1.390000e-02 2.181723e+00
-1.380000e-02 2.181285e+00
-1.370000e-02 2.179995e+00
-1.360000e-02 2.177696e+00
-1.350000e-02 2.174220e+00
-1.340000e-02 2.169394e+00
-1.330000e-02 2.163039e+00
-1.320000e-02 2.154981e+00
-1.310000e-02 2.145054e+00
-1.300000e-02 2.133118e+00
-1.290000e-02 2.119067e+00
-1.280000e-02 2.102852e+00
-1.270000e-02 2.084505e+00
-1.260000e-02 2.064160e+00
-1.250000e-02 2.042084e+00
-1.240000e-02 2.018697e+00
-1.230000e-02 1.994584e+00
-1.220000e-02 1.970500e+00
-1.210000e-02 1.947348e+00
-1.200000e-02 1.926130e+00
-1.190000e-02 1.907878e+00
-1.180000e-02 1.893556e+00
-1.170000e-02 1.883952e+00
-1.160000e-02 1.879581e+00
-1.150000e-02 1.880603e+00
-1.140000e-02 1.886795e+00
-1.130000e-02 1.897568e+00
-1.120000e-02 1.912036e+00
-1.110000e-02 1.929123e+00
-1.100000e-02 1.947686e+00
-1.090000e-02 1.966627e+00
-1.080000e-02 1.984985e+00
-1.070000e-02 2.001995e+00
-1.060000e-02 2.017108e+00
-1.050000e-02 2.029990e+00
-1.040000e-02 2.040486e+00
-1.030000e-02 2.048594e+00
-1.020000e-02 2.054415e+00
-1.010000e-02 2.058124e+00
-1.000000e-02 2.059933e+00
-9.900000e-03 2.060072e+00
-9.800000e-03 2.058770e+00
-9.700000e-03 2.056246e+00
-9.600000e-03 2.052703e+00
-9.500000e-03 2.048326e+00
-9.400000e-03 2.043284e+00
-9.300000e-03 2.037731e+00
-9.200000e-03 2.031810e+00
-9.100000e-03 2.025656e+00
-9.000000e-03 2.019400e+00
-8.900000e-03 2.013171e+00
-8.800000e-03 2.007097e+00
-8.700000e-03 2.001307e+00
-8.600000e-03 1.995936e+00
-8.500000e-03 1.991118e+00
-8.400000e-03 1.986988e+00
-8.300000e-03 1.983683e+00
-8.200000e-03 1.981335e+00
-8.100000e-03 1.980070e+00
-8.000000e-03 1.980007e+00
-7.900000e-03 1.981249e+00
-7.800000e-03 1.983887e+00
-7.700000e-03 1.987988e+00
-7.600000e-03 1.993599e+00
-7.500000e-03 2.000742e+00
-7.400000e-03 2.009409e+00
-7.300000e-03 2.019567e+00
-7.200000e-03 2.031153e+00
-7.100000e-03 2.044078e+00
-7.000000e-03 2.058226e+00
-6.900000e-03 2.073459e+00
-6.800000e-03 2.089619e+00
-6.700000e-03 2.106529e+00
-6.600000e-03 2.124005e+00
-6.500000e-03 2.141850e+00
-6.400000e-03 2.159867e+00
-6.300000e-03 2.177859e+00
-6.200000e-03 2.195634e+00
-6.100000e-03 2.213008e+00
-6.000000e-03 2.229810e+00
-5.900000e-03 2.245883e+00
-5.800000e-03 2.261088e+00
-5.700000e-03 2.275302e+00
-5.600000e-03 2.288425e+00
-5.500000e-03 2.300372e+00
-5.400000e-03 2.311083e+00
-5.300000e-03 2.320513e+00
-5.200000e-03 2.328637e+00
-5.100000e-03 2.335446e+00
-5.000000e-03 2.340946e+00
-4.900000e-03 2.345156e+00
-4.800000e-03 2.348108e+00
-4.700000e-03 2.349839e+00
-4.600000e-03 2.350397e+00
-4.500000e-03 2.349835e+00
-4.400000e-03 2.348206e+00
-4.300000e-03 2.345569e+00
-4.200000e-03 2.341983e+00
-4.100000e-03 2.337504e+00
-4.000000e-03 2.332189e+00
-3.900000e-03 2.326094e+00
-3.800000e-03 2.319271e+00
-3.700000e-03 2.311771e+00
-3.600000e-03 2.303644e+00
-3.500000e-03 2.294936e+00
-3.400000e-03 2.285694e+00
-3.300000e-03 2.275966e+00
-3.200000e-03 2.265798e+00
-3.100000e-03 2.255241e+00
-3.000000e-03 2.244344e+00
-2.900000e-03 2.233164e+00
-2.800000e-03 2.221760e+00
-2.700000e-03 2.210197e+00
-2.600000e-03 2.198543e+00
-2.500000e-03 2.186875e+00
-2.400000e-03 2.175272e+00
-2.300000e-03 2.163819e+00
-2.200000e-03 2.152603e+00
-2.100000e-03 2.141714e+00
-2.000000e-03 2.131241e+00
-1.900000e-03 2.121271e+00
-1.800000e-03 2.111886e+00
-1.700000e-03 2.103159e+00
-1.600000e-03 2.095156e+00
-1.500000e-03 2.087927e+00
-1.400000e-03 2.081510e+00
-1.300000e-03 2.075925e+00
-1.200000e-03 2.071175e+00
-1.100000e-03 2.067246e+00
-1.000000e-03 2.064107e+00
-9.000000e-04 2.061709e+00
-8.000000e-04 2.059991e+00
-7.000000e-04 2.058878e+00
-6.000000e-04 2.058287e+00
-5.000000e-04 2.058128e+00
-4.000000e-04 2.058306e+00
-3.000000e-04 2.058729e+00
-2.000000e-04 2.059304e+00
-1.000000e-04 2.059945e+00
1.429412e-15 2.060572e+00
1.000000e-04 2.061114e+00
2.000000e-04 2.061510e+00
3.000000e-04 2.061708e+00
4.000000e-04 2.061669e+00
5.000000e-04 2.061363e+00
6.000000e-04 2.060771e+00
7.000000e-04 2.059883e+00
8.000000e-04 2.058698e+00
9.000000e-04 2.057223e+00
1.000000e-03 2.055471e+00
1.100000e-03 2.053463e+00
1.200000e-03 2.051221e+00
1.300000e-03 2.048772e+00
1.400000e-03 2.046148e+00
1.500000e-03 2.043380e+00
1.600000e-03 2.040500e+00
1.700000e-03 2.037543e+00
1.800000e-03 2.034541e+00
1.900000e-03 2.031528e+00
2.000000e-03 2.028535e+00
2.100000e-03 2.025593e+00
2.200000e-03 2.022732e+00
2.300000e-03 2.019978e+00
2.400000e-03 2.017359e+00
2.500000e-03 2.014897e+00
2.600000e-03 2.012616e+00
2.700000e-03 2.010536e+00
2.800000e-03 2.008674e+00
2.900000e-03 2.007047e+00
3.000000e-03 2.005669e+00
3.100000e-03 2.004550e+00
3.200000e-03 2.003699e+00
3.300000e-03 2.003122e+00
3.400000e-03 2.002823e+00
3.500000e-03 2.002800e+00
3.600000e-03 2.003050e+00
3.700000e-03 2.003566e+00
3.800000e-03 2.004338e+00
3.900000e-03 2.005351e+00
4.000000e-03 2.006588e+00
4.100000e-03 2.008028e+00
4.200000e-03 2.009645e+00
4.300000e-03 2.011413e+00
4.400000e-03 2.013299e+00
4.500000e-03 2.015270e+00
4.600000e-03 2.017291e+00
4.700000e-03 2.019323e+00
4.800000e-03 2.021327e+00
4.900000e-03 2.023264e+00
5.000000e-03 2.025094e+00
5.100000e-03 2.026775e+00
5.200000e-03 2.028268e+00
5.300000e-03 2.029536e+00
5.400000e-03 2.030543e+00
5.500000e-03 2.031254e+00
5.600000e-03 2.031638e+00
5.700000e-03 2.031669e+00
5.800000e-03 2.031323e+00
5.900000e-03 2.030583e+00
6.000000e-03 2.029436e+00
6.100000e-03 2.027875e+00
6.200000e-03 2.025902e+00
6.300000e-03 2.023525e+00
6.400000e-03 2.020761e+00
6.500000e-03 2.017635e+00
6.600000e-03 2.014184e+00
6.700000e-03 2.010454e+00
6.800000e-03 2.006501e+00
6.900000e-03 2.002391e+00
7.000000e-03 1.998203e+00
7.100000e-03 1.994022e+00
7.200000e-03 1.989942e+00
7.300000e-03 1.986063e+00
7.400000e-03 1.982492e+00
7.500000e-03 1.979335e+00
7.600000e-03 1.976698e+00
7.700000e-03 1.974683e+00
7.800000e-03 1.973384e+00
7.900000e-03 1.972886e+00
8.000000e-03 1.973258e+00
8.100000e-03 1.974556e+00
8.200000e-03 1.976817e+00
8.300000e-03 1.980056e+00
8.400000e-03 1.984270e+00
8.500000e-03 1.989437e+00
8.600000e-03 1.995511e+00
8.700000e-03 2.002431e+00
8.800000e-03 2.010117e+00
8.900000e-03 2.018476e+00
9.000000e-03 2.027404e+00
9.100000e-03 2.036787e+00
9.200000e-03 2.046506e+00
9.300000e-03 2.056440e+00
9.400000e-03 2.066468e+00
9.500000e-03 2.076476e+00
9.600000e-03 2.086355e+00
9.700000e-03 2.096004e+00
9.800000e-03 2.105339e+00
9.900000e-03 2.114288e+00
1.000000e-02 2.122795e+00
1.010000e-02 2.130825e+00
1.020000e-02 2.138358e+00
1.030000e-02 2.145397e+00
1.040000e-02 2.151959e+00
1.050000e-02 2.158082e+00
1.060000e-02 2.163817e+00
1.070000e-02 2.169228e+00
1.080000e-02 2.174388e+00
1.090000e-02 2.179379e+00
1.100000e-02 2.184282e+00
1.110000e-02 2.189179e+00
1.120000e-02 2.194148e+00
1.130000e-02 2.199260e+00
1.140000e-02 2.204577e+00
1.150000e-02 2.210153e+00
1.160000e-02 2.216028e+00
1.170000e-02 2.222232e+00
1.180000e-02 2.228786e+00
1.190000e-02 2.235699e+00
1.200000e-02 2.242972e+00
1.210000e-02 2.250596e+00
1.220000e-02 2.258558e+00
1.230000e-02 2.266837e+00
1.240000e-02 2.275408e+00
1.250000e-02 2.284242e+00
1.260000e-02 2.293305e+00
1.270000e-02 2.302560e+00
1.280000e-02 2.311967e+00
1.290000e-02 2.321480e+00
1.300000e-02 2.331053e+00
1.310000e-02 2.340634e+00
1.320000e-02 2.350166e+00
1.330000e-02 2.359590e+00
1.340000e-02 2.368843e+00
1.350000e-02 2.377857e+00
1.360000e-02 2.386562e+00
1.370000e-02 2.394885e+00
1.380000e-02 2.402753e+00
1.390000e-02 2.410090e+00
1.400000e-02 2.416820e+00
1.410000e-02 2.422869e+00
1.420000e-02 2.428164e+00
1.430000e-02 2.432632e+00
1.440000e-02 2.436194e+00
1.450000e-02 2.438737e+00
1.460000e-02 2.440317e+00
1.470000e-02 2.442161e+00
1.480000e-02 2.442716e+00
1.490000e-02 2.442189e+00
1.500000e-02 2.440625e+00
1.510000e-02 2.438052e+00
1.520000e-02 2.434498e+00
1.530000e-02 2.429996e+00
1.540000e-02 2.424583e+00
1.550000e-02 2.418299e+00
1.560000e-02 2.411193e+00
1.570000e-02 2.403316e+00
1.580000e-02 2.394724e+00
1.590000e-02 2.385481e+00
1.600000e-02 2.375651e+00
1.610000e-02 2.365305e+00
1.620000e-02 2.354518e+00
1.630000e-02 2.343365e+00
1.640000e-02 2.331926e+00
1.650000e-02 2.320281e+00
1.660000e-02 2.308507e+00
1.670000e-02 2.296684e+00
1.680000e-02 2.284884e+00
1.690000e-02 2.273178e+00
1.700000e-02 2.261630e+00
1.710000e-02 2.250297e+00
1.720000e-02 2.239231e+00
1.730000e-02 2.228476e+00
1.740000e-02 2.218068e+00
1.750000e-02 2.208038e+00
1.760000e-02 2.198409e+00
1.770000e-02 2.189198e+00
1.780000e-02 2.180418e+00
1.790000e-02 2.172078e+00
1.800000e-02 2.164181e+00
1.810000e-02 2.156729e+00
1.820000e-02 2.149722e+00
1.830000e-02 2.143158e+00
1.840000e-02 2.137036e+00
1.850000e-02 2.131351e+00
1.860000e-02 2.126103e+00
1.870000e-02 2.121290e+00
1.880000e-02 2.116911e+00
1.890000e-02 2.112966e+00
1.900000e-02 2.109459e+00
1.910000e-02 2.106392e+00
1.920000e-02 2.103770e+00
1.930000e-02 2.101601e+00
1.940000e-02 2.099892e+00
1.950000e-02 2.098652e+00
1.960000e-02 2.097891e+00
1.970000e-02 2.097619e+00
1.980000e-02 2.097847e+00
1.990000e-02 2.098586e+00
2.000000e-02 2.099844e+00
2.010000e-02 2.101628e+00
2.020000e-02 2.103945e+00
2.030000e-02 2.106796e+00
2.040000e-02 2.110178e+00
2.050000e-02 2.114086e+00
2.060000e-02 2.118505e+00
2.070000e-02 2.123418e+00
2.080000e-02 2.128797e+00
2.090000e-02 2.134608e+00
2.100000e-02 2.140807e+00
2.110000e-02 2.147344e+00
2.120000e-02 2.154157e+00
2.130000e-02 2.161177e+00
2.140000e-02 2.168329e+00
2.150000e-02 2.175529e+00
2.160000e-02 2.182689e+00
2.170000e-02 2.189716e+00
2.180000e-02 2.196517e+00
2.190000e-02 2.203002e+00
2.200000e-02 2.209081e+00
2.210000e-02 2.214675e+00
2.220000e-02 2.219712e+00
2.230000e-02 2.224133e+00
2.240000e-02 2.227895e+00
2.250000e-02 2.230970e+00
2.260000e-02 2.233351e+00
2.270000e-02 2.235047e+00
2.280000e-02 2.236089e+00
2.290000e-02 2.236523e+00
2.300000e-02 2.236416e+00
2.310000e-02 2.235846e+00
2.320000e-02 2.234904e+00
2.330000e-02 2.233690e+00
2.340000e-02 2.232310e+00
2.350000e-02 2.230867e+00
2.360000e-02 2.229465e+00
2.370000e-02 2.228201e+00
2.380000e-02 2.227162e+00
2.390000e-02 2.226422e+00
2.400000e-02 2.226044e+00
2.410000e-02 2.226072e+00
2.420000e-02 2.226534e+00
2.430000e-02 2.227441e+00
2.440000e-02 2.228787e+00
2.450000e-02 2.230550e+00
2.460000e-02 2.232691e+00
2.470000e-02 2.235160e+00
2.480000e-02 2.237893e+00
2.490000e-02 2.240817e+00
2.500000e-02 2.243848e+00
2.510000e-02 2.246899e+00
2.520000e-02 2.249878e+00
2.530000e-02 2.252689e+00
2.540000e-02 2.255237e+00
2.550000e-02 2.257429e+00
2.560000e-02 2.259175e+00
2.570000e-02 2.260389e+00
2.580000e-02 2.260995e+00
2.590000e-02 2.260920e+00
2.600000e-02 2.260105e+00
2.610000e-02 2.258501e+00
2.620000e-02 2.256069e+00
2.630000e-02 2.252785e+00
2.640000e-02 2.248639e+00
2.650000e-02 2.243632e+00
2.660000e-02 2.237782e+00
2.670000e-02 2.231119e+00
2.680000e-02 2.223688e+00
2.690000e-02 2.215544e+00
2.700000e-02 2.206755e+00
2.710000e-02 2.197396e+00
2.720000e-02 2.187550e+00
2.730000e-02 2.177304e+00
2.740000e-02 2.166748e+00
2.750000e-02 2.155973e+00
2.760000e-02 2.145066e+00
2.770000e-02 2.134110e+00
2.780000e-02 2.123183e+00
2.790000e-02 2.112353e+00
2.800000e-02 2.101680e+00
2.810000e-02 2.091214e+00
2.820000e-02 2.080997e+00
2.830000e-02 2.071058e+00
2.840000e-02 2.061418e+00
2.850000e-02 2.052088e+00
2.860000e-02 2.043072e+00
2.870000e-02 2.034365e+00
2.880000e-02 2.025958e+00
2.890000e-02 2.017836e+00
2.900000e-02 2.009979e+00
2.910000e-02 2.002366e+00
2.920000e-02 1.994972e+00
2.930000e-02 1.987772e+00
2.940000e-02 1.980738e+00
2.950000e-02 1.973844e+00
2.960000e-02 1.967062e+00
2.970000e-02 1.960366e+00
2.980000e-02 1.953731e+00
2.990000e-02 1.947131e+00
3.000000e-02 1.940542e+00
3.010000e-02 1.933942e+00
3.020000e-02 1.927310e+00
3.030000e-02 1.920629e+00
3.040000e-02 1.913883e+00
3.050000e-02 1.907058e+00
3.060000e-02 1.900145e+00
3.070000e-02 1.893141e+00
3.080000e-02 1.886046e+00
3.090000e-02 1.878864e+00
3.100000e-02 1.871609e+00
3.110000e-02 1.864298e+00
3.120000e-02 1.856959e+00
3.130000e-02 1.849624e+00
3.140000e-02 1.842335e+00
3.150000e-02 1.835140e+00
3.160000e-02 1.828096e+00
3.170000e-02 1.821263e+00
3.180000e-02 1.814709e+00
3.190000e-02 1.808504e+00
3.200000e-02 1.802724e+00
3.210000e-02 1.797440e+00
3.220000e-02 1.792728e+00
3.230000e-02 1.788657e+00
3.240000e-02 1.785292e+00
3.250000e-02 1.782692e+00
3.260000e-02 1.780907e+00
3.270000e-02 1.779977e+00
3.280000e-02 1.779934e+00
3.290000e-02 1.780796e+00
3.300000e-02 1.782573e+00
3.310000e-02 1.785261e+00
3.320000e-02 1.788849e+00
3.330000e-02 1.793314e+00
3.340000e-02 1.798626e+00
3.350000e-02 1.804748e+00
3.360000e-02 1.811636e+00
3.370000e-02 1.819243e+00
3.380000e-02 1.827520e+00
3.390000e-02 1.836414e+00
3.400000e-02 1.845873e+00
3.410000e-02 1.855844e+00
3.420000e-02 1.866277e+00
3.430000e-02 1.877122e+00
3.440000e-02 1.888332e+00
3.450000e-02 1.899861e+00
3.460000e-02 1.911667e+00
3.470000e-02 1.923710e+00
3.480000e-02 1.935950e+00
3.490000e-02 1.948351e+00
3.500000e-02 1.960879e+00
3.510000e-02 1.973501e+00
3.520000e-02 1.986183e+00
3.530000e-02 1.998895e+00
3.540000e-02 2.011604e+00
3.550000e-02 2.024280e+00
3.560000e-02 2.036892e+00
3.570000e-02 2.049408e+00
3.580000e-02 2.061797e+00
3.590000e-02 2.074025e+00
3.600000e-02 2.086059e+00
3.610000e-02 2.097865e+00
3.620000e-02 2.109409e+00
3.630000e-02 2.120653e+00
3.640000e-02 2.131562e+00
3.650000e-02 2.142099e+00
3.660000e-02 2.152224e+00
3.670000e-02 2.161898e+00
3.680000e-02 2.171083e+00
3.690000e-02 2.179739e+00
3.700000e-02 2.187824e+00
3.710000e-02 2.195300e+00
3.720000e-02 2.202127e+00
3.730000e-02 2.208265e+00
3.740000e-02 2.213678e+00
3.750000e-02 2.218329e+00
3.760000e-02 2.222188e+00
3.770000e-02 2.225224e+00
3.780000e-02 2.227416e+00
3.790000e-02 2.228747e+00
3.800000e-02 2.229209e+00
3.810000e-02 2.228807e+00
3.820000e-02 2.227557e+00
3.830000e-02 2.225491e+00
3.840000e-02 2.222661e+00
3.850000e-02 2.219138e+00
3.860000e-02 2.215016e+00
3.870000e-02 2.210413e+00
3.880000e-02 2.205471e+00
3.890000e-02 2.200355e+00
3.900000e-02 2.195251e+00
3.910000e-02 2.190357e+00
3.920000e-02 2.185878e+00
3.930000e-02 2.182016e+00
3.940000e-02 2.178958e+00
3.950000e-02 2.176860e+00
3.960000e-02 2.175841e+00
3.970000e-02 2.175962e+00
3.980000e-02 2.177228e+00
3.990000e-02 2.179577e+00
4.000000e-02 2.182883e+00
4.010000e-02 2.186964e+00
4.020000e-02 2.191593e+00
4.030000e-02 2.196514e+00
4.040000e-02 2.201457e+00
4.050000e-02 2.206157e+00
4.060000e-02 2.210372e+00
4.070000e-02 2.213889e+00
4.080000e-02 2.216539e+00
4.090000e-02 2.218193e+00
4.100000e-02 2.218768e+00
4.110000e-02 2.218221e+00
4.120000e-02 2.216542e+00
4.130000e-02 2.213748e+00
4.140000e-02 2.209875e+00
4.150000e-02 2.204971e+00
4.160000e-02 2.199090e+00
4.170000e-02 2.192289e+00
4.180000e-02 2.184621e+00
4.190000e-02 2.176139e+00
4.200000e-02 2.166891e+00
4.210000e-02 2.156921e+00
4.220000e-02 2.146275e+00
4.230000e-02 2.135000e+00
4.240000e-02 2.123149e+00
4.250000e-02 2.110781e+00
4.260000e-02 2.097972e+00
4.270000e-02 2.084808e+00
4.280000e-02 2.071395e+00
4.290000e-02 2.057858e+00
4.300000e-02 2.044341e+00
4.310000e-02 2.031006e+00
4.320000e-02 2.018033e+00
4.330000e-02 2.005614e+00
4.340000e-02 1.993948e+00
4.350000e-02 1.983236e+00
4.360000e-02 1.973673e+00
4.370000e-02 1.965441e+00
4.380000e-02 1.958699e+00
4.390000e-02 1.953578e+00
4.400000e-02 1.950174e+00
4.410000e-02 1.948543e+00
4.420000e-02 1.948698e+00
4.430000e-02 1.950609e+00
4.440000e-02 1.954201e+00
4.450000e-02 1.959359e+00
4.460000e-02 1.965933e+00
4.470000e-02 1.973739e+00
4.480000e-02 1.982571e+00
4.490000e-02 1.992201e+00
4.500000e-02 2.002388e+00
4.510000e-02 2.012883e+00
4.520000e-02 2.023435e+00
4.530000e-02 2.033788e+00
4.540000e-02 2.043695e+00
4.550000e-02 2.052908e+00
4.560000e-02 2.061190e+00
4.570000e-02 2.068311e+00
4.580000e-02 2.074051e+00
4.590000e-02 2.078207e+00
4.600000e-02 2.080591e+00
4.610000e-02 2.081040e+00
4.620000e-02 2.079421e+00
4.630000e-02 2.075639e+00
4.640000e-02 2.069650e+00
4.650000e-02 2.061464e+00
4.660000e-02 2.051164e+00
4.670000e-02 2.038907e+00
4.680000e-02 2.024938e+00
4.690000e-02 2.009586e+00
4.700000e-02 1.993267e+00
4.710000e-02 1.976474e+00
4.720000e-02 1.959762e+00
4.730000e-02 1.943728e+00
4.740000e-02 1.928980e+00
4.750000e-02 1.916108e+00
4.760000e-02 1.905652e+00
4.770000e-02 1.898065e+00
4.780000e-02 1.893691e+00
4.790000e-02 1.892740e+00
4.800000e-02 1.895279e+00
4.810000e-02 1.901231e+00
4.820000e-02 1.910381e+00
4.830000e-02 1.922398e+00
4.840000e-02 1.936856e+00
4.850000e-02 1.953262e+00
4.860000e-02 1.971088e+00
4.870000e-02 1.989796e+00
4.880000e-02 2.008862e+00
4.890000e-02 2.027799e+00
4.900000e-02 2.046171e+00
4.910000e-02 2.063601e+00
4.920000e-02 2.079776e+00
4.930000e-02 2.094451e+00
4.940000e-02 2.107445e+00
4.950000e-02 2.118635e+00
4.960000e-02 2.127950e+00
4.970000e-02 2.135371e+00
4.980000e-02 2.140914e+00
4.990000e-02 2.144631e+00
