1.100000e+00 1.377547e+00
1.100200e+00 1.395635e+00
1.100400e+00 1.414232e+00
1.100600e+00 1.433319e+00
1.100800e+00 1.452876e+00
1.101000e+00 1.472879e+00
1.101200e+00 1.493302e+00
1.101400e+00 1.514115e+00
1.101600e+00 1.535283e+00
1.101800e+00 1.556770e+00
1.102000e+00 1.578536e+00
1.102200e+00 1.600535e+00
1.102400e+00 1.622718e+00
1.102600e+00 1.645034e+00
1.102800e+00 1.667426e+00
1.103000e+00 1.689833e+00
1.103200e+00 1.712191e+00
1.103400e+00 1.734431e+00
1.103600e+00 1.756484e+00
1.103800e+00 1.778274e+00
1.104000e+00 1.799723e+00
1.104200e+00 1.820753e+00
1.104400e+00 1.841281e+00
1.104600e+00 1.861226e+00
1.104800e+00 1.880502e+00
1.105000e+00 1.899028e+00
1.105200e+00 1.916719e+00
1.105400e+00 1.933495e+00
1.105600e+00 1.949277e+00
1.105800e+00 1.963988e+00
1.106000e+00 1.977558e+00
1.106200e+00 1.989917e+00
1.106400e+00 2.001005e+00
1.106600e+00 2.010767e+00
1.106800e+00 2.019152e+00
1.107000e+00 2.026121e+00
1.107200e+00 2.031639e+00
1.107400e+00 2.035682e+00
1.107600e+00 2.038233e+00
1.107800e+00 2.039285e+00
1.108000e+00 2.038838e+00
1.108200e+00 2.036903e+00
1.108400e+00 2.033497e+00
1.108600e+00 2.028647e+00
1.108800e+00 2.022386e+00
1.109000e+00 2.014757e+00
1.109200e+00 2.005806e+00
1.109400e+00 1.995587e+00
1.109600e+00 1.984159e+00
1.109800e+00 1.971586e+00
1.110000e+00 1.957935e+00
1.110200e+00 1.943275e+00
1.110400e+00 1.927680e+00
1.110600e+00 1.911221e+00
1.110800e+00 1.893975e+00
1.111000e+00 1.876016e+00
1.111200e+00 1.857417e+00
1.111400e+00 1.838253e+00
1.111600e+00 1.818594e+00
1.111800e+00 1.798510e+00
1.112000e+00 1.778069e+00
1.112200e+00 1.757336e+00
1.112400e+00 1.736372e+00
1.112600e+00 1.715237e+00
1.112800e+00 1.693986e+00
1.113000e+00 1.672671e+00
1.113200e+00 1.651343e+00
1.113400e+00 1.630046e+00
1.113600e+00 1.608823e+00
1.113800e+00 1.587714e+00
1.114000e+00 1.566753e+00
1.114200e+00 1.545976e+00
1.114400e+00 1.525410e+00
1.114600e+00 1.505084e+00
1.114800e+00 1.485021e+00
1.115000e+00 1.465244e+00
1.115200e+00 1.445772e+00
1.115400e+00 1.426622e+00
1.115600e+00 1.407809e+00
1.115800e+00 1.389346e+00
1.116000e+00 1.371243e+00
1.116200e+00 1.353512e+00
1.116400e+00 1.336158e+00
1.116600e+00 1.319189e+00
1.116800e+00 1.302611e+00
1.117000e+00 1.286426e+00
1.117200e+00 1.270638e+00
1.117400e+00 1.255249e+00
1.117600e+00 1.240259e+00
1.117800e+00 1.225670e+00
1.118000e+00 1.211481e+00
1.118200e+00 1.197690e+00
1.118400e+00 1.184297e+00
1.118600e+00 1.171300e+00
1.118800e+00 1.158695e+00
1.119000e+00 1.146481e+00
1.119200e+00 1.134655e+00
1.119400e+00 1.123214e+00
1.119600e+00 1.112154e+00
1.119800e+00 1.101472e+00
1.120000e+00 1.091165e+00
1.120200e+00 1.081228e+00
1.120400e+00 1.071660e+00
1.120600e+00 1.062455e+00
1.120800e+00 1.053610e+00
1.121000e+00 1.045123e+00
1.121200e+00 1.036990e+00
1.121400e+00 1.029207e+00
1.121600e+00 1.021772e+00
1.121800e+00 1.014682e+00
1.122000e+00 1.007933e+00
1.122200e+00 1.001524e+00
1.122400e+00 9.954514e-01
1.122600e+00 9.897139e-01
1.122800e+00 9.843092e-01
1.123000e+00 9.792357e-01
1.123200e+00 9.744919e-01
1.123400e+00 9.700767e-01
1.123600e+00 9.659890e-01
1.123800e+00 9.622282e-01
1.124000e+00 9.587941e-01
1.124200e+00 9.556864e-01
1.124400e+00 9.529056e-01
1.124600e+00 9.504521e-01
1.124800e+00 9.483269e-01
1.125000e+00 9.465312e-01
1.125200e+00 9.450667e-01
1.125400e+00 9.439353e-01
1.125600e+00 9.431394e-01
1.125800e+00 9.426817e-01
1.126000e+00 9.425655e-01
1.126200e+00 9.427942e-01
1.126400e+00 9.433720e-01
1.126600e+00 9.443033e-01
1.126800e+00 9.455930e-01
1.127000e+00 9.472465e-01
1.127200e+00 9.492699e-01
1.127400e+00 9.516694e-01
1.127600e+00 9.544523e-01
1.127800e+00 9.576259e-01
1.128000e+00 9.611985e-01
1.128200e+00 9.651787e-01
1.128400e+00 9.695761e-01
1.128600e+00 9.744007e-01
1.128800e+00 9.796631e-01
1.129000e+00 9.853748e-01
1.129200e+00 9.915481e-01
1.129400e+00 9.981959e-01
1.129600e+00 1.005332e+00
1.129800e+00 1.012971e+00
1.130000e+00 1.021128e+00
1.130200e+00 1.029819e+00
1.130400e+00 1.039063e+00
1.130600e+00 1.048876e+00
1.130800e+00 1.059278e+00
1.131000e+00 1.070290e+00
1.131200e+00 1.081932e+00
1.131400e+00 1.094226e+00
1.131600e+00 1.107196e+00
1.131800e+00 1.120866e+00
1.132000e+00 1.135262e+00
1.132200e+00 1.150408e+00
1.132400e+00 1.166334e+00
1.132600e+00 1.183066e+00
1.132800e+00 1.200634e+00
1.133000e+00 1.219069e+00
1.133200e+00 1.238400e+00
1.133400e+00 1.258659e+00
1.133600e+00 1.279877e+00
1.133800e+00 1.302086e+00
1.134000e+00 1.325318e+00
1.134200e+00 1.349604e+00
1.134400e+00 1.374973e+00
1.134600e+00 1.401456e+00
1.134800e+00 1.429080e+00
1.135000e+00 1.457869e+00
1.135200e+00 1.487844e+00
1.135400e+00 1.519024e+00
1.135600e+00 1.551421e+00
1.135800e+00 1.585041e+00
1.136000e+00 1.619882e+00
1.136200e+00 1.655935e+00
1.136400e+00 1.693179e+00
1.136600e+00 1.731581e+00
1.136800e+00 1.771096e+00
1.137000e+00 1.811660e+00
1.137200e+00 1.853193e+00
1.137400e+00 1.895595e+00
1.137600e+00 1.938743e+00
1.137800e+00 1.982493e+00
1.138000e+00 2.026673e+00
1.138200e+00 2.071085e+00
1.138400e+00 2.115505e+00
1.138600e+00 2.159679e+00
1.138800e+00 2.203329e+00
1.139000e+00 2.246151e+00
1.139200e+00 2.287818e+00
1.139400e+00 2.327985e+00
1.139600e+00 2.366293e+00
1.139800e+00 2.402377e+00
1.140000e+00 2.435872e+00
1.140200e+00 2.466424e+00
1.140400e+00 2.493694e+00
1.140600e+00 2.517373e+00
1.140800e+00 2.537188e+00
1.141000e+00 2.552912e+00
1.141200e+00 2.564372e+00
1.141400e+00 2.571453e+00
1.141600e+00 2.574103e+00
1.141800e+00 2.572336e+00
1.142000e+00 2.566229e+00
1.142200e+00 2.555921e+00
1.142400e+00 2.541607e+00
1.142600e+00 2.523534e+00
1.142800e+00 2.501987e+00
1.143000e+00 2.477285e+00
1.143200e+00 2.449771e+00
1.143400e+00 2.419800e+00
1.143600e+00 2.387733e+00
1.143800e+00 2.353929e+00
1.144000e+00 2.318735e+00
1.144200e+00 2.282482e+00
1.144400e+00 2.245484e+00
1.144600e+00 2.208027e+00
1.144800e+00 2.170376e+00
1.145000e+00 2.132764e+00
1.145200e+00 2.095401e+00
1.145400e+00 2.058469e+00
1.145600e+00 2.022123e+00
1.145800e+00 1.986497e+00
1.146000e+00 1.951699e+00
1.146200e+00 1.917820e+00
1.146400e+00 1.884929e+00
1.146600e+00 1.853081e+00
1.146800e+00 1.822315e+00
1.147000e+00 1.792659e+00
1.147200e+00 1.764127e+00
1.147400e+00 1.736726e+00
1.147600e+00 1.710455e+00
1.147800e+00 1.685306e+00
1.148000e+00 1.661265e+00
1.148200e+00 1.638314e+00
1.148400e+00 1.616432e+00
1.148600e+00 1.595594e+00
1.148800e+00 1.575775e+00
1.149000e+00 1.556946e+00
1.149200e+00 1.539080e+00
1.149400e+00 1.522146e+00
1.149600e+00 1.506116e+00
1.149800e+00 1.490959e+00
1.150000e+00 1.476647e+00
1.150200e+00 1.463152e+00
1.150400e+00 1.450444e+00
1.150600e+00 1.438497e+00
1.150800e+00 1.427283e+00
1.151000e+00 1.416778e+00
1.151200e+00 1.406956e+00
1.151400e+00 1.397793e+00
1.151600e+00 1.389266e+00
1.151800e+00 1.381354e+00
1.152000e+00 1.374036e+00
1.152200e+00 1.367290e+00
1.152400e+00 1.361099e+00
1.152600e+00 1.355443e+00
1.152800e+00 1.350305e+00
1.153000e+00 1.345670e+00
1.153200e+00 1.341520e+00
1.153400e+00 1.337841e+00
1.153600e+00 1.334619e+00
1.153800e+00 1.331841e+00
1.154000e+00 1.329493e+00
1.154200e+00 1.327564e+00
1.154400e+00 1.326042e+00
1.154600e+00 1.324917e+00
1.154800e+00 1.324178e+00
1.155000e+00 1.323816e+00
1.155200e+00 1.323822e+00
1.155400e+00 1.324187e+00
1.155600e+00 1.324904e+00
1.155800e+00 1.325964e+00
1.156000e+00 1.327361e+00
1.156200e+00 1.329088e+00
1.156400e+00 1.331139e+00
1.156600e+00 1.333508e+00
1.156800e+00 1.336190e+00
1.157000e+00 1.339180e+00
1.157200e+00 1.342473e+00
1.157400e+00 1.346065e+00
1.157600e+00 1.349952e+00
1.157800e+00 1.354130e+00
1.158000e+00 1.358597e+00
1.158200e+00 1.363348e+00
1.158400e+00 1.368382e+00
1.158600e+00 1.373696e+00
1.158800e+00 1.379288e+00
1.159000e+00 1.385156e+00
1.159200e+00 1.391298e+00
1.159400e+00 1.397714e+00
1.159600e+00 1.404401e+00
1.159800e+00 1.411360e+00
1.160000e+00 1.418589e+00
1.160200e+00 1.426088e+00
1.160400e+00 1.433857e+00
1.160600e+00 1.441896e+00
1.160800e+00 1.450205e+00
1.161000e+00 1.458785e+00
1.161200e+00 1.467637e+00
1.161400e+00 1.476760e+00
1.161600e+00 1.486157e+00
1.161800e+00 1.495828e+00
1.162000e+00 1.505775e+00
1.162200e+00 1.515999e+00
1.162400e+00 1.526502e+00
1.162600e+00 1.537287e+00
1.162800e+00 1.548354e+00
1.163000e+00 1.559706e+00
1.163200e+00 1.571345e+00
1.163400e+00 1.583274e+00
1.163600e+00 1.595495e+00
1.163800e+00 1.608010e+00
1.164000e+00 1.620823e+00
1.164200e+00 1.633936e+00
1.164400e+00 1.647352e+00
1.164600e+00 1.661073e+00
1.164800e+00 1.675103e+00
1.165000e+00 1.689445e+00
1.165200e+00 1.704101e+00
1.165400e+00 1.719074e+00
1.165600e+00 1.734368e+00
1.165800e+00 1.749987e+00
1.166000e+00 1.765932e+00
1.166200e+00 1.782208e+00
1.166400e+00 1.798819e+00
1.166600e+00 1.815769e+00
1.166800e+00 1.833062e+00
1.167000e+00 1.850705e+00
1.167200e+00 1.868705e+00
1.167400e+00 1.887071e+00
1.167600e+00 1.905815e+00
1.167800e+00 1.924955e+00
1.168000e+00 1.944515e+00
1.168200e+00 1.964535e+00
1.168400e+00 1.985076e+00
1.168600e+00 2.006248e+00
1.168800e+00 2.028274e+00
1.169000e+00 2.051771e+00
1.169200e+00 2.085061e+00
1.169400e+00 2.112346e+00
1.169600e+00 2.136150e+00
1.169800e+00 2.158733e+00
1.170000e+00 2.180480e+00
1.170200e+00 2.201512e+00
1.170400e+00 2.221868e+00
1.170600e+00 2.241549e+00
1.170800e+00 2.260539e+00
1.171000e+00 2.278813e+00
1.171200e+00 2.296345e+00
1.171400e+00 2.313107e+00
1.171600e+00 2.329071e+00
1.171800e+00 2.344214e+00
1.172000e+00 2.358518e+00
1.172200e+00 2.371969e+00
1.172400e+00 2.384558e+00
1.172600e+00 2.396283e+00
1.172800e+00 2.407149e+00
1.173000e+00 2.417167e+00
1.173200e+00 2.426352e+00
1.173400e+00 2.434729e+00
1.173600e+00 2.442326e+00
1.173800e+00 2.449177e+00
1.174000e+00 2.455323e+00
1.174200e+00 2.460804e+00
1.174400e+00 2.465670e+00
1.174600e+00 2.469968e+00
1.174800e+00 2.473750e+00
1.175000e+00 2.477068e+00
1.175200e+00 2.479975e+00
1.175400e+00 2.482523e+00
1.175600e+00 2.484763e+00
1.175800e+00 2.486743e+00
1.176000e+00 2.488509e+00
1.176200e+00 2.490103e+00
1.176400e+00 2.491564e+00
1.176600e+00 2.492925e+00
1.176800e+00 2.494215e+00
1.177000e+00 2.495456e+00
1.177200e+00 2.496666e+00
1.177400e+00 2.497856e+00
1.177600e+00 2.499029e+00
1.177800e+00 2.500185e+00
1.178000e+00 2.501313e+00
1.178200e+00 2.502398e+00
1.178400e+00 2.503418e+00
1.178600e+00 2.504344e+00
1.178800e+00 2.505141e+00
1.179000e+00 2.505767e+00
1.179200e+00 2.506175e+00
1.179400e+00 2.506313e+00
1.179600e+00 2.506125e+00
1.179800e+00 2.505549e+00
1.180000e+00 2.504523e+00
1.180200e+00 2.502978e+00
1.180400e+00 2.500848e+00
1.180600e+00 2.498065e+00
1.180800e+00 2.494561e+00
1.181000e+00 2.490270e+00
1.181200e+00 2.485131e+00
1.181400e+00 2.479084e+00
1.181600e+00 2.472077e+00
1.181800e+00 2.464063e+00
1.182000e+00 2.455002e+00
1.182200e+00 2.444865e+00
1.182400e+00 2.433628e+00
1.182600e+00 2.421280e+00
1.182800e+00 2.407819e+00
1.183000e+00 2.393254e+00
1.183200e+00 2.377603e+00
1.183400e+00 2.360895e+00
1.183600e+00 2.343170e+00
1.183800e+00 2.324476e+00
1.184000e+00 2.304871e+00
1.184200e+00 2.284418e+00
1.184400e+00 2.263189e+00
1.184600e+00 2.241262e+00
1.184800e+00 2.218718e+00
1.185000e+00 2.195642e+00
1.185200e+00 2.172120e+00
1.185400e+00 2.148240e+00
1.185600e+00 2.124090e+00
1.185800e+00 2.099756e+00
1.186000e+00 2.075323e+00
1.186200e+00 2.050872e+00
1.186400e+00 2.026481e+00
1.186600e+00 2.002225e+00
1.186800e+00 1.978172e+00
1.187000e+00 1.954388e+00
1.187200e+00 1.930931e+00
1.187400e+00 1.907856e+00
1.187600e+00 1.885213e+00
1.187800e+00 1.863045e+00
1.188000e+00 1.841391e+00
1.188200e+00 1.820286e+00
1.188400e+00 1.799759e+00
1.188600e+00 1.779835e+00
1.188800e+00 1.760535e+00
1.189000e+00 1.741877e+00
1.189200e+00 1.723875e+00
1.189400e+00 1.706539e+00
1.189600e+00 1.689876e+00
1.189800e+00 1.673892e+00
1.190000e+00 1.658591e+00
1.190200e+00 1.643972e+00
1.190400e+00 1.630034e+00
1.190600e+00 1.616776e+00
1.190800e+00 1.604194e+00
1.191000e+00 1.592283e+00
1.191200e+00 1.581036e+00
1.191400e+00 1.570449e+00
1.191600e+00 1.560514e+00
1.191800e+00 1.551224e+00
1.192000e+00 1.542571e+00
1.192200e+00 1.534547e+00
1.192400e+00 1.527146e+00
1.192600e+00 1.520359e+00
1.192800e+00 1.514179e+00
1.193000e+00 1.508599e+00
1.193200e+00 1.503613e+00
1.193400e+00 1.499213e+00
1.193600e+00 1.495393e+00
1.193800e+00 1.492149e+00
1.194000e+00 1.489474e+00
1.194200e+00 1.487365e+00
1.194400e+00 1.485818e+00
1.194600e+00 1.484829e+00
1.194800e+00 1.484396e+00
1.195000e+00 1.484516e+00
1.195200e+00 1.485188e+00
1.195400e+00 1.486412e+00
1.195600e+00 1.488187e+00
1.195800e+00 1.490514e+00
1.196000e+00 1.493396e+00
1.196200e+00 1.496833e+00
1.196400e+00 1.500829e+00
1.196600e+00 1.505387e+00
1.196800e+00 1.510512e+00
1.197000e+00 1.516210e+00
1.197200e+00 1.522484e+00
1.197400e+00 1.529344e+00
1.197600e+00 1.536794e+00
1.197800e+00 1.544845e+00
1.198000e+00 1.553503e+00
1.198200e+00 1.562779e+00
1.198400e+00 1.572681e+00
1.198600e+00 1.583222e+00
1.198800e+00 1.594411e+00
1.199000e+00 1.606261e+00
1.199200e+00 1.618782e+00
1.199400e+00 1.631987e+00
1.199600e+00 1.645889e+00
1.199800e+00 1.660501e+00
1.200000e+00 1.675833e+00
1.200200e+00 1.691900e+00
1.200400e+00 1.708714e+00
1.200600e+00 1.726285e+00
1.200800e+00 1.744625e+00
1.201000e+00 1.763743e+00
1.201200e+00 1.783649e+00
1.201400e+00 1.804350e+00
1.201600e+00 1.825850e+00
1.201800e+00 1.848154e+00
1.202000e+00 1.871260e+00
1.202200e+00 1.895166e+00
1.202400e+00 1.919865e+00
1.202600e+00 1.945346e+00
1.202800e+00 1.971593e+00
1.203000e+00 1.998583e+00
1.203200e+00 2.026289e+00
1.203400e+00 2.054676e+00
1.203600e+00 2.083699e+00
1.203800e+00 2.113307e+00
1.204000e+00 2.143439e+00
1.204200e+00 2.174022e+00
1.204400e+00 2.204975e+00
1.204600e+00 2.236202e+00
1.204800e+00 2.267597e+00
1.205000e+00 2.299041e+00
1.205200e+00 2.330402e+00
1.205400e+00 2.361535e+00
1.205600e+00 2.392282e+00
1.205800e+00 2.422474e+00
1.206000e+00 2.451931e+00
1.206200e+00 2.480462e+00
1.206400e+00 2.507870e+00
1.206600e+00 2.533950e+00
1.206800e+00 2.558494e+00
1.207000e+00 2.581297e+00
1.207200e+00 2.602153e+00
1.207400e+00 2.620864e+00
1.207600e+00 2.637244e+00
1.207800e+00 2.651120e+00
1.208000e+00 2.662338e+00
1.208200e+00 2.670763e+00
1.208400e+00 2.676289e+00
1.208600e+00 2.678836e+00
1.208800e+00 2.678353e+00
1.209000e+00 2.674822e+00
1.209200e+00 2.668255e+00
1.209400e+00 2.658698e+00
1.209600e+00 2.646226e+00
1.209800e+00 2.630946e+00
1.210000e+00 2.612987e+00
1.210200e+00 2.592506e+00
1.210400e+00 2.569677e+00
1.210600e+00 2.544692e+00
1.210800e+00 2.517755e+00
1.211000e+00 2.489077e+00
1.211200e+00 2.458875e+00
1.211400e+00 2.427367e+00
1.211600e+00 2.394766e+00
1.211800e+00 2.361281e+00
1.212000e+00 2.327115e+00
1.212200e+00 2.292458e+00
1.212400e+00 2.257489e+00
1.212600e+00 2.222375e+00
1.212800e+00 2.187268e+00
1.213000e+00 2.152309e+00
1.213200e+00 2.117622e+00
1.213400e+00 2.083318e+00
1.213600e+00 2.049494e+00
1.213800e+00 2.016234e+00
1.214000e+00 1.983612e+00
1.214200e+00 1.951688e+00
1.214400e+00 1.920513e+00
1.214600e+00 1.890125e+00
1.214800e+00 1.860559e+00
1.215000e+00 1.831837e+00
1.215200e+00 1.803975e+00
1.215400e+00 1.776985e+00
1.215600e+00 1.750871e+00
1.215800e+00 1.725634e+00
1.216000e+00 1.701268e+00
1.216200e+00 1.677767e+00
1.216400e+00 1.655120e+00
1.216600e+00 1.633314e+00
1.216800e+00 1.612332e+00
1.217000e+00 1.592159e+00
1.217200e+00 1.572776e+00
1.217400e+00 1.554164e+00
1.217600e+00 1.536302e+00
1.217800e+00 1.519170e+00
1.218000e+00 1.502746e+00
1.218200e+00 1.487009e+00
1.218400e+00 1.471939e+00
1.218600e+00 1.457513e+00
1.218800e+00 1.443711e+00
1.219000e+00 1.430511e+00
1.219200e+00 1.417894e+00
1.219400e+00 1.405839e+00
1.219600e+00 1.394327e+00
1.219800e+00 1.383339e+00
1.220000e+00 1.372855e+00
1.220200e+00 1.362857e+00
1.220400e+00 1.353329e+00
1.220600e+00 1.344252e+00
1.220800e+00 1.335610e+00
1.221000e+00 1.327387e+00
1.221200e+00 1.319567e+00
1.221400e+00 1.312136e+00
1.221600e+00 1.305078e+00
1.221800e+00 1.298379e+00
1.222000e+00 1.292026e+00
1.222200e+00 1.286005e+00
1.222400e+00 1.280304e+00
1.222600e+00 1.274910e+00
1.222800e+00 1.269811e+00
1.223000e+00 1.264996e+00
1.223200e+00 1.260453e+00
1.223400e+00 1.256171e+00
1.223600e+00 1.252140e+00
1.223800e+00 1.248349e+00
1.224000e+00 1.244789e+00
1.224200e+00 1.241449e+00
1.224400e+00 1.238321e+00
1.224600e+00 1.235395e+00
1.224800e+00 1.232661e+00
1.225000e+00 1.230113e+00
1.225200e+00 1.227740e+00
1.225400e+00 1.225535e+00
1.225600e+00 1.223489e+00
1.225800e+00 1.221595e+00
1.226000e+00 1.219844e+00
1.226200e+00 1.218230e+00
1.226400e+00 1.216745e+00
1.226600e+00 1.215382e+00
1.226800e+00 1.214133e+00
1.227000e+00 1.212992e+00
1.227200e+00 1.211952e+00
1.227400e+00 1.211006e+00
1.227600e+00 1.210149e+00
1.227800e+00 1.209372e+00
1.228000e+00 1.208671e+00
1.228200e+00 1.208040e+00
1.228400e+00 1.207472e+00
1.228600e+00 1.206963e+00
1.228800e+00 1.206505e+00
1.229000e+00 1.206095e+00
1.229200e+00 1.205727e+00
1.229400e+00 1.205396e+00
1.229600e+00 1.205097e+00
1.229800e+00 1.204826e+00
1.230000e+00 1.204579e+00
1.230200e+00 1.204351e+00
1.230400e+00 1.204138e+00
1.230600e+00 1.203937e+00
1.230800e+00 1.203744e+00
1.231000e+00 1.203556e+00
1.231200e+00 1.203371e+00
1.231400e+00 1.203184e+00
1.231600e+00 1.202995e+00
1.231800e+00 1.202801e+00
1.232000e+00 1.202599e+00
1.232200e+00 1.202389e+00
1.232400e+00 1.202169e+00
1.232600e+00 1.201937e+00
1.232800e+00 1.201694e+00
1.233000e+00 1.201437e+00
1.233200e+00 1.201168e+00
1.233400e+00 1.200885e+00
1.233600e+00 1.200590e+00
1.233800e+00 1.200282e+00
1.234000e+00 1.199962e+00
1.234200e+00 1.199631e+00
1.234400e+00 1.199290e+00
1.234600e+00 1.198941e+00
1.234800e+00 1.198584e+00
1.235000e+00 1.198222e+00
1.235200e+00 1.197856e+00
1.235400e+00 1.197489e+00
1.235600e+00 1.197122e+00
1.235800e+00 1.196758e+00
1.236000e+00 1.196399e+00
1.236200e+00 1.196048e+00
1.236400e+00 1.195707e+00
1.236600e+00 1.195380e+00
1.236800e+00 1.195068e+00
1.237000e+00 1.194775e+00
1.237200e+00 1.194503e+00
1.237400e+00 1.194256e+00
1.237600e+00 1.194036e+00
1.237800e+00 1.193847e+00
1.238000e+00 1.193690e+00
1.238200e+00 1.193570e+00
1.238400e+00 1.193489e+00
1.238600e+00 1.193451e+00
1.238800e+00 1.193457e+00
1.239000e+00 1.193511e+00
1.239200e+00 1.193616e+00
1.239400e+00 1.193775e+00
1.239600e+00 1.193989e+00
1.239800e+00 1.194263e+00
1.240000e+00 1.194598e+00
1.240200e+00 1.194997e+00
1.240400e+00 1.195463e+00
1.240600e+00 1.195998e+00
1.240800e+00 1.196604e+00
1.241000e+00 1.197284e+00
1.241200e+00 1.198040e+00
1.241400e+00 1.198874e+00
1.241600e+00 1.199788e+00
1.241800e+00 1.200785e+00
1.242000e+00 1.201866e+00
1.242200e+00 1.203033e+00
1.242400e+00 1.204287e+00
1.242600e+00 1.205632e+00
1.242800e+00 1.207067e+00
1.243000e+00 1.208596e+00
1.243200e+00 1.210219e+00
1.243400e+00 1.211938e+00
1.243600e+00 1.213754e+00
1.243800e+00 1.215669e+00
1.244000e+00 1.217684e+00
1.244200e+00 1.219800e+00
1.244400e+00 1.222018e+00
1.244600e+00 1.224339e+00
1.244800e+00 1.226764e+00
1.245000e+00 1.229295e+00
1.245200e+00 1.231932e+00
1.245400e+00 1.234675e+00
1.245600e+00 1.237526e+00
1.245800e+00 1.240486e+00
1.246000e+00 1.243554e+00
1.246200e+00 1.246731e+00
1.246400e+00 1.250019e+00
1.246600e+00 1.253416e+00
1.246800e+00 1.256924e+00
1.247000e+00 1.260543e+00
1.247200e+00 1.264273e+00
1.247400e+00 1.268114e+00
1.247600e+00 1.272066e+00
1.247800e+00 1.276129e+00
1.248000e+00 1.280303e+00
1.248200e+00 1.284588e+00
1.248400e+00 1.288983e+00
1.248600e+00 1.293488e+00
1.248800e+00 1.298103e+00
1.249000e+00 1.302827e+00
1.249200e+00 1.307659e+00
1.249400e+00 1.312599e+00
1.249600e+00 1.317647e+00
1.249800e+00 1.322800e+00
1.250000e+00 1.328059e+00
1.250200e+00 1.333422e+00
1.250400e+00 1.338888e+00
1.250600e+00 1.344455e+00
1.250800e+00 1.350123e+00
1.251000e+00 1.355891e+00
1.251200e+00 1.361755e+00
1.251400e+00 1.367716e+00
1.251600e+00 1.373771e+00
1.251800e+00 1.379918e+00
1.252000e+00 1.386156e+00
1.252200e+00 1.392483e+00
1.252400e+00 1.398896e+00
1.252600e+00 1.405393e+00
1.252800e+00 1.411973e+00
1.253000e+00 1.418633e+00
1.253200e+00 1.425370e+00
1.253400e+00 1.432182e+00
1.253600e+00 1.439066e+00
1.253800e+00 1.446021e+00
1.254000e+00 1.453042e+00
1.254200e+00 1.460128e+00
1.254400e+00 1.467276e+00
1.254600e+00 1.474483e+00
1.254800e+00 1.481745e+00
1.255000e+00 1.489061e+00
1.255200e+00 1.496427e+00
1.255400e+00 1.503840e+00
1.255600e+00 1.511297e+00
1.255800e+00 1.518795e+00
1.256000e+00 1.526332e+00
1.256200e+00 1.533903e+00
1.256400e+00 1.541507e+00
1.256600e+00 1.549140e+00
1.256800e+00 1.556800e+00
1.257000e+00 1.564482e+00
1.257200e+00 1.572186e+00
1.257400e+00 1.579907e+00
1.257600e+00 1.587644e+00
1.257800e+00 1.595393e+00
1.258000e+00 1.603152e+00
1.258200e+00 1.610918e+00
1.258400e+00 1.618690e+00
1.258600e+00 1.626465e+00
1.258800e+00 1.634240e+00
1.259000e+00 1.642015e+00
1.259200e+00 1.649786e+00
1.259400e+00 1.657553e+00
1.259600e+00 1.665313e+00
1.259800e+00 1.673066e+00
1.260000e+00 1.680810e+00
1.260200e+00 1.688543e+00
1.260400e+00 1.696266e+00
1.260600e+00 1.703977e+00
1.260800e+00 1.711676e+00
1.261000e+00 1.719362e+00
1.261200e+00 1.727036e+00
1.261400e+00 1.734696e+00
1.261600e+00 1.742344e+00
1.261800e+00 1.749980e+00
1.262000e+00 1.757605e+00
1.262200e+00 1.765218e+00
1.262400e+00 1.772821e+00
1.262600e+00 1.780416e+00
1.262800e+00 1.788004e+00
1.263000e+00 1.795585e+00
1.263200e+00 1.803163e+00
1.263400e+00 1.810738e+00
1.263600e+00 1.818313e+00
1.263800e+00 1.825890e+00
1.264000e+00 1.833472e+00
1.264200e+00 1.841061e+00
1.264400e+00 1.848660e+00
1.264600e+00 1.856271e+00
1.264800e+00 1.863899e+00
1.265000e+00 1.871546e+00
1.265200e+00 1.879215e+00
1.265400e+00 1.886910e+00
1.265600e+00 1.894634e+00
1.265800e+00 1.902392e+00
1.266000e+00 1.910186e+00
1.266200e+00 1.918021e+00
1.266400e+00 1.925902e+00
1.266600e+00 1.933831e+00
1.266800e+00 1.941813e+00
1.267000e+00 1.949853e+00
1.267200e+00 1.957955e+00
1.267400e+00 1.966122e+00
1.267600e+00 1.974360e+00
1.267800e+00 1.982672e+00
1.268000e+00 1.991063e+00
1.268200e+00 1.999539e+00
1.268400e+00 2.008102e+00
1.268600e+00 2.016757e+00
1.268800e+00 2.025510e+00
1.269000e+00 2.034364e+00
1.269200e+00 2.043323e+00
1.269400e+00 2.052392e+00
1.269600e+00 2.061576e+00
1.269800e+00 2.070878e+00
1.270000e+00 2.080302e+00
1.270200e+00 2.089852e+00
1.270400e+00 2.099533e+00
1.270600e+00 2.109348e+00
1.270800e+00 2.119301e+00
1.271000e+00 2.129395e+00
1.271200e+00 2.139633e+00
1.271400e+00 2.150019e+00
1.271600e+00 2.160555e+00
1.271800e+00 2.171245e+00
1.272000e+00 2.182090e+00
1.272200e+00 2.193094e+00
1.272400e+00 2.204257e+00
1.272600e+00 2.215582e+00
1.272800e+00 2.227071e+00
1.273000e+00 2.238723e+00
1.273200e+00 2.250541e+00
1.273400e+00 2.262523e+00
1.273600e+00 2.274671e+00
1.273800e+00 2.286984e+00
1.274000e+00 2.299460e+00
1.274200e+00 2.312098e+00
1.274400e+00 2.324897e+00
1.274600e+00 2.337854e+00
1.274800e+00 2.350966e+00
1.275000e+00 2.364229e+00
1.275200e+00 2.377640e+00
1.275400e+00 2.391193e+00
1.275600e+00 2.404882e+00
1.275800e+00 2.418703e+00
1.276000e+00 2.432647e+00
1.276200e+00 2.446706e+00
1.276400e+00 2.460873e+00
1.276600e+00 2.475139e+00
1.276800e+00 2.489492e+00
1.277000e+00 2.503922e+00
1.277200e+00 2.518416e+00
1.277400e+00 2.532963e+00
1.277600e+00 2.547548e+00
1.277800e+00 2.562157e+00
1.278000e+00 2.576774e+00
1.278200e+00 2.591383e+00
1.278400e+00 2.605965e+00
1.278600e+00 2.620503e+00
1.278800e+00 2.634978e+00
1.279000e+00 2.649368e+00
1.279200e+00 2.663654e+00
1.279400e+00 2.677812e+00
1.279600e+00 2.691822e+00
1.279800e+00 2.705658e+00
1.280000e+00 2.719297e+00
1.280200e+00 2.732715e+00
1.280400e+00 2.745886e+00
1.280600e+00 2.758785e+00
1.280800e+00 2.771385e+00
1.281000e+00 2.783661e+00
1.281200e+00 2.795587e+00
1.281400e+00 2.807136e+00
1.281600e+00 2.818282e+00
1.281800e+00 2.829000e+00
1.282000e+00 2.839265e+00
1.282200e+00 2.849051e+00
1.282400e+00 2.858336e+00
1.282600e+00 2.867096e+00
1.282800e+00 2.875310e+00
1.283000e+00 2.882957e+00
1.283200e+00 2.890018e+00
1.283400e+00 2.896476e+00
1.283600e+00 2.902315e+00
1.283800e+00 2.907522e+00
1.284000e+00 2.912083e+00
1.284200e+00 2.915990e+00
1.284400e+00 2.919236e+00
1.284600e+00 2.921814e+00
1.284800e+00 2.923723e+00
1.285000e+00 2.924962e+00
1.285200e+00 2.925533e+00
1.285400e+00 2.925441e+00
1.285600e+00 2.924694e+00
1.285800e+00 2.923300e+00
1.286000e+00 2.921273e+00
1.286200e+00 2.918627e+00
1.286400e+00 2.915378e+00
1.286600e+00 2.911547e+00
1.286800e+00 2.907154e+00
1.287000e+00 2.902223e+00
1.287200e+00 2.896779e+00
1.287400e+00 2.890849e+00
1.287600e+00 2.884462e+00
1.287800e+00 2.877647e+00
1.288000e+00 2.870436e+00
1.288200e+00 2.862861e+00
1.288400e+00 2.854955e+00
1.288600e+00 2.846751e+00
1.288800e+00 2.838284e+00
1.289000e+00 2.829590e+00
1.289200e+00 2.820702e+00
1.289400e+00 2.811655e+00
1.289600e+00 2.802485e+00
1.289800e+00 2.793227e+00
1.290000e+00 2.783913e+00
1.290200e+00 2.774579e+00
1.290400e+00 2.765256e+00
1.290600e+00 2.755979e+00
1.290800e+00 2.746778e+00
1.291000e+00 2.737684e+00
1.291200e+00 2.728727e+00
1.291400e+00 2.719936e+00
1.291600e+00 2.711339e+00
1.291800e+00 2.702962e+00
1.292000e+00 2.694832e+00
1.292200e+00 2.686974e+00
1.292400e+00 2.679410e+00
1.292600e+00 2.672163e+00
1.292800e+00 2.665255e+00
1.293000e+00 2.658705e+00
1.293200e+00 2.652534e+00
1.293400e+00 2.646759e+00
1.293600e+00 2.641397e+00
1.293800e+00 2.636464e+00
1.294000e+00 2.631976e+00
1.294200e+00 2.627945e+00
1.294400e+00 2.624387e+00
1.294600e+00 2.621311e+00
1.294800e+00 2.618731e+00
1.295000e+00 2.616655e+00
1.295200e+00 2.615094e+00
1.295400e+00 2.614056e+00
1.295600e+00 2.613548e+00
1.295800e+00 2.613578e+00
1.296000e+00 2.614152e+00
1.296200e+00 2.615274e+00
1.296400e+00 2.616948e+00
1.296600e+00 2.619179e+00
1.296800e+00 2.621969e+00
1.297000e+00 2.625319e+00
1.297200e+00 2.629229e+00
1.297400e+00 2.633700e+00
1.297600e+00 2.638730e+00
1.297800e+00 2.644317e+00
1.298000e+00 2.650457e+00
1.298200e+00 2.657145e+00
1.298400e+00 2.664376e+00
1.298600e+00 2.672141e+00
1.298800e+00 2.680434e+00
1.299000e+00 2.689243e+00
1.299200e+00 2.698558e+00
1.299400e+00 2.708364e+00
1.299600e+00 2.718648e+00
1.299800e+00 2.729393e+00
