1.100000e+00 2.121277e+00
1.100200e+00 2.135159e+00
1.100400e+00 2.149349e+00
1.100600e+00 2.163868e+00
1.100800e+00 2.178735e+00
1.101000e+00 2.193974e+00
1.101200e+00 2.209609e+00
1.101400e+00 2.225666e+00
1.101600e+00 2.242176e+00
1.101800e+00 2.259171e+00
1.102000e+00 2.276685e+00
1.102200e+00 2.294758e+00
1.102400e+00 2.313431e+00
1.102600e+00 2.332751e+00
1.102800e+00 2.352771e+00
1.103000e+00 2.373546e+00
1.103200e+00 2.395139e+00
1.103400e+00 2.417620e+00
1.103600e+00 2.441063e+00
1.103800e+00 2.465554e+00
1.104000e+00 2.491183e+00
1.104200e+00 2.518054e+00
1.104400e+00 2.546275e+00
1.104600e+00 2.575970e+00
1.104800e+00 2.607270e+00
1.105000e+00 2.640317e+00
1.105200e+00 2.675263e+00
1.105400e+00 2.712268e+00
1.105600e+00 2.751498e+00
1.105800e+00 2.793118e+00
1.106000e+00 2.837291e+00
1.106200e+00 2.884160e+00
1.106400e+00 2.933838e+00
1.106600e+00 2.986389e+00
1.106800e+00 3.041797e+00
1.107000e+00 3.099932e+00
1.107200e+00 3.160504e+00
1.107400e+00 3.223012e+00
1.107600e+00 3.286684e+00
1.107800e+00 3.350418e+00
1.108000e+00 3.412738e+00
1.108200e+00 3.471785e+00
1.108400e+00 3.525350e+00
1.108600e+00 3.570998e+00
1.108800e+00 3.606267e+00
1.109000e+00 3.628949e+00
1.109200e+00 3.637413e+00
1.109400e+00 3.630887e+00
1.109600e+00 3.609636e+00
1.109800e+00 3.574963e+00
1.110000e+00 3.529042e+00
1.110200e+00 3.474606e+00
1.110400e+00 3.414591e+00
1.110600e+00 3.351810e+00
1.110800e+00 3.288711e+00
1.111000e+00 3.227254e+00
1.111200e+00 3.168873e+00
1.111400e+00 3.114519e+00
1.111600e+00 3.064733e+00
1.111800e+00 3.019736e+00
1.112000e+00 2.979517e+00
1.112200e+00 2.943907e+00
1.112400e+00 2.912635e+00
1.112600e+00 2.885379e+00
1.112800e+00 2.861792e+00
1.113000e+00 2.841527e+00
1.113200e+00 2.824248e+00
1.113400e+00 2.809640e+00
1.113600e+00 2.797412e+00
1.113800e+00 2.787302e+00
1.114000e+00 2.779070e+00
1.114200e+00 2.772504e+00
1.114400e+00 2.767414e+00
1.114600e+00 2.763634e+00
1.114800e+00 2.761013e+00
1.115000e+00 2.759421e+00
1.115200e+00 2.758741e+00
1.115400e+00 2.758871e+00
1.115600e+00 2.759721e+00
1.115800e+00 2.761212e+00
1.116000e+00 2.763272e+00
1.116200e+00 2.765841e+00
1.116400e+00 2.768862e+00
1.116600e+00 2.772288e+00
1.116800e+00 2.776076e+00
1.117000e+00 2.780188e+00
1.117200e+00 2.784590e+00
1.117400e+00 2.789252e+00
1.117600e+00 2.794148e+00
1.117800e+00 2.799255e+00
1.118000e+00 2.804552e+00
1.118200e+00 2.810020e+00
1.118400e+00 2.815644e+00
1.118600e+00 2.821408e+00
1.118800e+00 2.827300e+00
1.119000e+00 2.833308e+00
1.119200e+00 2.839422e+00
1.119400e+00 2.845634e+00
1.119600e+00 2.851934e+00
1.119800e+00 2.858317e+00
1.120000e+00 2.864776e+00
1.120200e+00 2.871304e+00
1.120400e+00 2.877898e+00
1.120600e+00 2.884552e+00
1.120800e+00 2.891262e+00
1.121000e+00 2.898025e+00
1.121200e+00 2.904838e+00
1.121400e+00 2.911696e+00
1.121600e+00 2.918598e+00
1.121800e+00 2.925541e+00
1.122000e+00 2.932522e+00
1.122200e+00 2.939538e+00
1.122400e+00 2.946587e+00
1.122600e+00 2.953667e+00
1.122800e+00 2.960775e+00
1.123000e+00 2.967908e+00
1.123200e+00 2.975064e+00
1.123400e+00 2.982240e+00
1.123600e+00 2.989432e+00
1.123800e+00 2.996639e+00
1.124000e+00 3.003855e+00
1.124200e+00 3.011078e+00
1.124400e+00 3.018304e+00
1.124600e+00 3.025528e+00
1.124800e+00 3.032746e+00
1.125000e+00 3.039953e+00
1.125200e+00 3.047143e+00
1.125400e+00 3.054312e+00
1.125600e+00 3.061452e+00
1.125800e+00 3.068558e+00
1.126000e+00 3.075623e+00
1.126200e+00 3.082638e+00
1.126400e+00 3.089597e+00
1.126600e+00 3.096491e+00
1.126800e+00 3.103311e+00
1.127000e+00 3.110048e+00
1.127200e+00 3.116693e+00
1.127400e+00 3.123235e+00
1.127600e+00 3.129663e+00
1.127800e+00 3.135966e+00
1.128000e+00 3.142133e+00
1.128200e+00 3.148152e+00
1.128400e+00 3.154010e+00
1.128600e+00 3.159695e+00
1.128800e+00 3.165192e+00
1.129000e+00 3.170489e+00
1.129200e+00 3.175572e+00
1.129400e+00 3.180426e+00
1.129600e+00 3.185037e+00
1.129800e+00 3.189392e+00
1.130000e+00 3.193474e+00
1.130200e+00 3.197269e+00
1.130400e+00 3.200764e+00
1.130600e+00 3.203942e+00
1.130800e+00 3.206791e+00
1.131000e+00 3.209295e+00
1.131200e+00 3.211441e+00
1.131400e+00 3.213215e+00
1.131600e+00 3.214605e+00
1.131800e+00 3.215598e+00
1.132000e+00 3.216183e+00
1.132200e+00 3.216349e+00
1.132400e+00 3.216085e+00
1.132600e+00 3.215383e+00
1.132800e+00 3.214235e+00
1.133000e+00 3.212634e+00
1.133200e+00 3.210574e+00
1.133400e+00 3.208051e+00
1.133600e+00 3.205062e+00
1.133800e+00 3.201605e+00
1.134000e+00 3.197681e+00
1.134200e+00 3.193290e+00
1.134400e+00 3.188437e+00
1.134600e+00 3.183124e+00
1.134800e+00 3.177359e+00
1.135000e+00 3.171150e+00
1.135200e+00 3.164505e+00
1.135400e+00 3.157437e+00
1.135600e+00 3.149956e+00
1.135800e+00 3.142079e+00
1.136000e+00 3.133820e+00
1.136200e+00 3.125195e+00
1.136400e+00 3.116225e+00
1.136600e+00 3.106927e+00
1.136800e+00 3.097324e+00
1.137000e+00 3.087436e+00
1.137200e+00 3.077286e+00
1.137400e+00 3.066898e+00
1.137600e+00 3.056297e+00
1.137800e+00 3.045507e+00
1.138000e+00 3.034553e+00
1.138200e+00 3.023462e+00
1.138400e+00 3.012260e+00
1.138600e+00 3.000972e+00
1.138800e+00 2.989625e+00
1.139000e+00 2.978244e+00
1.139200e+00 2.966857e+00
1.139400e+00 2.955488e+00
1.139600e+00 2.944163e+00
1.139800e+00 2.932906e+00
1.140000e+00 2.921742e+00
1.140200e+00 2.910694e+00
1.140400e+00 2.899785e+00
1.140600e+00 2.889037e+00
1.140800e+00 2.878472e+00
1.141000e+00 2.868110e+00
1.141200e+00 2.857970e+00
1.141400e+00 2.848072e+00
1.141600e+00 2.838433e+00
1.141800e+00 2.829070e+00
1.142000e+00 2.819999e+00
1.142200e+00 2.811235e+00
1.142400e+00 2.802793e+00
1.142600e+00 2.794685e+00
1.142800e+00 2.786924e+00
1.143000e+00 2.779522e+00
1.143200e+00 2.772489e+00
1.143400e+00 2.765836e+00
1.143600e+00 2.759570e+00
1.143800e+00 2.753701e+00
1.144000e+00 2.748237e+00
1.144200e+00 2.743184e+00
1.144400e+00 2.738548e+00
1.144600e+00 2.734337e+00
1.144800e+00 2.730554e+00
1.145000e+00 2.727205e+00
1.145200e+00 2.724293e+00
1.145400e+00 2.721823e+00
1.145600e+00 2.719798e+00
1.145800e+00 2.718222e+00
1.146000e+00 2.717096e+00
1.146200e+00 2.716424e+00
1.146400e+00 2.716207e+00
1.146600e+00 2.716448e+00
1.146800e+00 2.717148e+00
1.147000e+00 2.718309e+00
1.147200e+00 2.719933e+00
1.147400e+00 2.722021e+00
1.147600e+00 2.724574e+00
1.147800e+00 2.727595e+00
1.148000e+00 2.731083e+00
1.148200e+00 2.735042e+00
1.148400e+00 2.739471e+00
1.148600e+00 2.744373e+00
1.148800e+00 2.749750e+00
1.149000e+00 2.755603e+00
1.149200e+00 2.761935e+00
1.149400e+00 2.768747e+00
1.149600e+00 2.776042e+00
1.149800e+00 2.783822e+00
1.150000e+00 2.792092e+00
1.150200e+00 2.800853e+00
1.150400e+00 2.810109e+00
1.150600e+00 2.819865e+00
1.150800e+00 2.830125e+00
1.151000e+00 2.840893e+00
1.151200e+00 2.852174e+00
1.151400e+00 2.863975e+00
1.151600e+00 2.876301e+00
1.151800e+00 2.889158e+00
1.152000e+00 2.902554e+00
1.152200e+00 2.916496e+00
1.152400e+00 2.930993e+00
1.152600e+00 2.946052e+00
1.152800e+00 2.961684e+00
1.153000e+00 2.977897e+00
1.153200e+00 2.994702e+00
1.153400e+00 3.012110e+00
1.153600e+00 3.030131e+00
1.153800e+00 3.048777e+00
1.154000e+00 3.068060e+00
1.154200e+00 3.087991e+00
1.154400e+00 3.108585e+00
1.154600e+00 3.129851e+00
1.154800e+00 3.151803e+00
1.155000e+00 3.174451e+00
1.155200e+00 3.197808e+00
1.155400e+00 3.221884e+00
1.155600e+00 3.246687e+00
1.155800e+00 3.272224e+00
1.156000e+00 3.298503e+00
1.156200e+00 3.325525e+00
1.156400e+00 3.353292e+00
1.156600e+00 3.381798e+00
1.156800e+00 3.411038e+00
1.157000e+00 3.440998e+00
1.157200e+00 3.471661e+00
1.157400e+00 3.503000e+00
1.157600e+00 3.534984e+00
1.157800e+00 3.567572e+00
1.158000e+00 3.600714e+00
1.158200e+00 3.634350e+00
1.158400e+00 3.668408e+00
1.158600e+00 3.702806e+00
1.158800e+00 3.737448e+00
1.159000e+00 3.772225e+00
1.159200e+00 3.807015e+00
1.159400e+00 3.841685e+00
1.159600e+00 3.876086e+00
1.159800e+00 3.910060e+00
1.160000e+00 3.943435e+00
1.160200e+00 3.976032e+00
1.160400e+00 4.007665e+00
1.160600e+00 4.038143e+00
1.160800e+00 4.067273e+00
1.161000e+00 4.094863e+00
1.161200e+00 4.120730e+00
1.161400e+00 4.144696e+00
1.161600e+00 4.166599e+00
1.161800e+00 4.186292e+00
1.162000e+00 4.203651e+00
1.162200e+00 4.218571e+00
1.162400e+00 4.230978e+00
1.162600e+00 4.240821e+00
1.162800e+00 4.248080e+00
1.163000e+00 4.252765e+00
1.163200e+00 4.254910e+00
1.163400e+00 4.254581e+00
1.163600e+00 4.251866e+00
1.163800e+00 4.246877e+00
1.164000e+00 4.239743e+00
1.164200e+00 4.230613e+00
1.164400e+00 4.219646e+00
1.164600e+00 4.207010e+00
1.164800e+00 4.192880e+00
1.165000e+00 4.177434e+00
1.165200e+00 4.160848e+00
1.165400e+00 4.143297e+00
1.165600e+00 4.124949e+00
1.165800e+00 4.105968e+00
1.166000e+00 4.086507e+00
1.166200e+00 4.066711e+00
1.166400e+00 4.046715e+00
1.166600e+00 4.026643e+00
1.166800e+00 4.006609e+00
1.167000e+00 3.986715e+00
1.167200e+00 3.967055e+00
1.167400e+00 3.947711e+00
1.167600e+00 3.928757e+00
1.167800e+00 3.910258e+00
1.168000e+00 3.892269e+00
1.168200e+00 3.874843e+00
1.168400e+00 3.858022e+00
1.168600e+00 3.841849e+00
1.168800e+00 3.826366e+00
1.169000e+00 3.811631e+00
1.169200e+00 3.806436e+00
1.169400e+00 3.808040e+00
1.169600e+00 3.803630e+00
1.169800e+00 3.797829e+00
1.170000e+00 3.791515e+00
1.170200e+00 3.785040e+00
1.170400e+00 3.778584e+00
1.170600e+00 3.772247e+00
1.170800e+00 3.766087e+00
1.171000e+00 3.760136e+00
1.171200e+00 3.754410e+00
1.171400e+00 3.748914e+00
1.171600e+00 3.743644e+00
1.171800e+00 3.738590e+00
1.172000e+00 3.733738e+00
1.172200e+00 3.729069e+00
1.172400e+00 3.724562e+00
1.172600e+00 3.720192e+00
1.172800e+00 3.715934e+00
1.173000e+00 3.711761e+00
1.173200e+00 3.707644e+00
1.173400e+00 3.703553e+00
1.173600e+00 3.699459e+00
1.173800e+00 3.695332e+00
1.174000e+00 3.691141e+00
1.174200e+00 3.686858e+00
1.174400e+00 3.682452e+00
1.174600e+00 3.677894e+00
1.174800e+00 3.673159e+00
1.175000e+00 3.668219e+00
1.175200e+00 3.663048e+00
1.175400e+00 3.657625e+00
1.175600e+00 3.651927e+00
1.175800e+00 3.645935e+00
1.176000e+00 3.639632e+00
1.176200e+00 3.633001e+00
1.176400e+00 3.626030e+00
1.176600e+00 3.618709e+00
1.176800e+00 3.611029e+00
1.177000e+00 3.602985e+00
1.177200e+00 3.594575e+00
1.177400e+00 3.585797e+00
1.177600e+00 3.576654e+00
1.177800e+00 3.567152e+00
1.178000e+00 3.557296e+00
1.178200e+00 3.547097e+00
1.178400e+00 3.536567e+00
1.178600e+00 3.525719e+00
1.178800e+00 3.514570e+00
1.179000e+00 3.503137e+00
1.179200e+00 3.491441e+00
1.179400e+00 3.479502e+00
1.179600e+00 3.467343e+00
1.179800e+00 3.454987e+00
1.180000e+00 3.442460e+00
1.180200e+00 3.429786e+00
1.180400e+00 3.416993e+00
1.180600e+00 3.404107e+00
1.180800e+00 3.391156e+00
1.181000e+00 3.378166e+00
1.181200e+00 3.365164e+00
1.181400e+00 3.352179e+00
1.181600e+00 3.339238e+00
1.181800e+00 3.326366e+00
1.182000e+00 3.313590e+00
1.182200e+00 3.300937e+00
1.182400e+00 3.288430e+00
1.182600e+00 3.276095e+00
1.182800e+00 3.263955e+00
1.183000e+00 3.252033e+00
1.183200e+00 3.240350e+00
1.183400e+00 3.228929e+00
1.183600e+00 3.217789e+00
1.183800e+00 3.206949e+00
1.184000e+00 3.196428e+00
1.184200e+00 3.186243e+00
1.184400e+00 3.176410e+00
1.184600e+00 3.166947e+00
1.184800e+00 3.157866e+00
1.185000e+00 3.149182e+00
1.185200e+00 3.140908e+00
1.185400e+00 3.133057e+00
1.185600e+00 3.125639e+00
1.185800e+00 3.118665e+00
1.186000e+00 3.112146e+00
1.186200e+00 3.106091e+00
1.186400e+00 3.100508e+00
1.186600e+00 3.095406e+00
1.186800e+00 3.090792e+00
1.187000e+00 3.086673e+00
1.187200e+00 3.083056e+00
1.187400e+00 3.079947e+00
1.187600e+00 3.077351e+00
1.187800e+00 3.075274e+00
1.188000e+00 3.073721e+00
1.188200e+00 3.072696e+00
1.188400e+00 3.072204e+00
1.188600e+00 3.072249e+00
1.188800e+00 3.072834e+00
1.189000e+00 3.073963e+00
1.189200e+00 3.075640e+00
1.189400e+00 3.077869e+00
1.189600e+00 3.080651e+00
1.189800e+00 3.083990e+00
1.190000e+00 3.087889e+00
1.190200e+00 3.092351e+00
1.190400e+00 3.097379e+00
1.190600e+00 3.102975e+00
1.190800e+00 3.109142e+00
1.191000e+00 3.115882e+00
1.191200e+00 3.123198e+00
1.191400e+00 3.131093e+00
1.191600e+00 3.139568e+00
1.191800e+00 3.148626e+00
1.192000e+00 3.158270e+00
1.192200e+00 3.168501e+00
1.192400e+00 3.179322e+00
1.192600e+00 3.190735e+00
1.192800e+00 3.202741e+00
1.193000e+00 3.215344e+00
1.193200e+00 3.228543e+00
1.193400e+00 3.242342e+00
1.193600e+00 3.256741e+00
1.193800e+00 3.271741e+00
1.194000e+00 3.287343e+00
1.194200e+00 3.303547e+00
1.194400e+00 3.320354e+00
1.194600e+00 3.337764e+00
1.194800e+00 3.355774e+00
1.195000e+00 3.374385e+00
1.195200e+00 3.393593e+00
1.195400e+00 3.413396e+00
1.195600e+00 3.433791e+00
1.195800e+00 3.454773e+00
1.196000e+00 3.476336e+00
1.196200e+00 3.498474e+00
1.196400e+00 3.521179e+00
1.196600e+00 3.544442e+00
1.196800e+00 3.568251e+00
1.197000e+00 3.592594e+00
1.197200e+00 3.617457e+00
1.197400e+00 3.642824e+00
1.197600e+00 3.668676e+00
1.197800e+00 3.694992e+00
1.198000e+00 3.721749e+00
1.198200e+00 3.748922e+00
1.198400e+00 3.776481e+00
1.198600e+00 3.804394e+00
1.198800e+00 3.832626e+00
1.199000e+00 3.861139e+00
1.199200e+00 3.889891e+00
1.199400e+00 3.918836e+00
1.199600e+00 3.947924e+00
1.199800e+00 3.977102e+00
1.200000e+00 4.006312e+00
1.200200e+00 4.035493e+00
1.200400e+00 4.064581e+00
1.200600e+00 4.093504e+00
1.200800e+00 4.122192e+00
1.201000e+00 4.150567e+00
1.201200e+00 4.178550e+00
1.201400e+00 4.206058e+00
1.201600e+00 4.233007e+00
1.201800e+00 4.259309e+00
1.202000e+00 4.284877e+00
1.202200e+00 4.309621e+00
1.202400e+00 4.333452e+00
1.202600e+00 4.356284e+00
1.202800e+00 4.378028e+00
1.203000e+00 4.398603e+00
1.203200e+00 4.417928e+00
1.203400e+00 4.435926e+00
1.203600e+00 4.452529e+00
1.203800e+00 4.467673e+00
1.204000e+00 4.481300e+00
1.204200e+00 4.493361e+00
1.204400e+00 4.503817e+00
1.204600e+00 4.512636e+00
1.204800e+00 4.519797e+00
1.205000e+00 4.525286e+00
1.205200e+00 4.529103e+00
1.205400e+00 4.531254e+00
1.205600e+00 4.531757e+00
1.205800e+00 4.530637e+00
1.206000e+00 4.527930e+00
1.206200e+00 4.523678e+00
1.206400e+00 4.517932e+00
1.206600e+00 4.510749e+00
1.206800e+00 4.502191e+00
1.207000e+00 4.492325e+00
1.207200e+00 4.481222e+00
1.207400e+00 4.468956e+00
1.207600e+00 4.455602e+00
1.207800e+00 4.441238e+00
1.208000e+00 4.425940e+00
1.208200e+00 4.409784e+00
1.208400e+00 4.392847e+00
1.208600e+00 4.375201e+00
1.208800e+00 4.356918e+00
1.209000e+00 4.338068e+00
1.209200e+00 4.318714e+00
1.209400e+00 4.298921e+00
1.209600e+00 4.278747e+00
1.209800e+00 4.258248e+00
1.210000e+00 4.237475e+00
1.210200e+00 4.216477e+00
1.210400e+00 4.195299e+00
1.210600e+00 4.173983e+00
1.210800e+00 4.152566e+00
1.211000e+00 4.131083e+00
1.211200e+00 4.109566e+00
1.211400e+00 4.088045e+00
1.211600e+00 4.066544e+00
1.211800e+00 4.045090e+00
1.212000e+00 4.023701e+00
1.212200e+00 4.002400e+00
1.212400e+00 3.981201e+00
1.212600e+00 3.960123e+00
1.212800e+00 3.939177e+00
1.213000e+00 3.918377e+00
1.213200e+00 3.897735e+00
1.213400e+00 3.877260e+00
1.213600e+00 3.856961e+00
1.213800e+00 3.836846e+00
1.214000e+00 3.816922e+00
1.214200e+00 3.797196e+00
1.214400e+00 3.777674e+00
1.214600e+00 3.758360e+00
1.214800e+00 3.739259e+00
1.215000e+00 3.720375e+00
1.215200e+00 3.701713e+00
1.215400e+00 3.683274e+00
1.215600e+00 3.665063e+00
1.215800e+00 3.647081e+00
1.216000e+00 3.629332e+00
1.216200e+00 3.611817e+00
1.216400e+00 3.594539e+00
1.216600e+00 3.577499e+00
1.216800e+00 3.560699e+00
1.217000e+00 3.544140e+00
1.217200e+00 3.527823e+00
1.217400e+00 3.511751e+00
1.217600e+00 3.495923e+00
1.217800e+00 3.480341e+00
1.218000e+00 3.465006e+00
1.218200e+00 3.449919e+00
1.218400e+00 3.435080e+00
1.218600e+00 3.420489e+00
1.218800e+00 3.406149e+00
1.219000e+00 3.392058e+00
1.219200e+00 3.378217e+00
1.219400e+00 3.364627e+00
1.219600e+00 3.351288e+00
1.219800e+00 3.338200e+00
1.220000e+00 3.325363e+00
1.220200e+00 3.312777e+00
1.220400e+00 3.300442e+00
1.220600e+00 3.288358e+00
1.220800e+00 3.276525e+00
1.221000e+00 3.264943e+00
1.221200e+00 3.253611e+00
1.221400e+00 3.242529e+00
1.221600e+00 3.231696e+00
1.221800e+00 3.221112e+00
1.222000e+00 3.210777e+00
1.222200e+00 3.200689e+00
1.222400e+00 3.190848e+00
1.222600e+00 3.181253e+00
1.222800e+00 3.171903e+00
1.223000e+00 3.162797e+00
1.223200e+00 3.153933e+00
1.223400e+00 3.145312e+00
1.223600e+00 3.136931e+00
1.223800e+00 3.128789e+00
1.224000e+00 3.120884e+00
1.224200e+00 3.113216e+00
1.224400e+00 3.105781e+00
1.224600e+00 3.098579e+00
1.224800e+00 3.091608e+00
1.225000e+00 3.084865e+00
1.225200e+00 3.078348e+00
1.225400e+00 3.072056e+00
1.225600e+00 3.065985e+00
1.225800e+00 3.060133e+00
1.226000e+00 3.054499e+00
1.226200e+00 3.049078e+00
1.226400e+00 3.043869e+00
1.226600e+00 3.038868e+00
1.226800e+00 3.034072e+00
1.227000e+00 3.029478e+00
1.227200e+00 3.025083e+00
1.227400e+00 3.020883e+00
1.227600e+00 3.016875e+00
1.227800e+00 3.013056e+00
1.228000e+00 3.009420e+00
1.228200e+00 3.005966e+00
1.228400e+00 3.002688e+00
1.228600e+00 2.999582e+00
1.228800e+00 2.996645e+00
1.229000e+00 2.993872e+00
1.229200e+00 2.991258e+00
1.229400e+00 2.988800e+00
1.229600e+00 2.986492e+00
1.229800e+00 2.984330e+00
1.230000e+00 2.982309e+00
1.230200e+00 2.980425e+00
1.230400e+00 2.978672e+00
1.230600e+00 2.977046e+00
1.230800e+00 2.975541e+00
1.231000e+00 2.974153e+00
1.231200e+00 2.972876e+00
1.231400e+00 2.971707e+00
1.231600e+00 2.970638e+00
1.231800e+00 2.969666e+00
1.232000e+00 2.968785e+00
1.232200e+00 2.967990e+00
1.232400e+00 2.967276e+00
1.232600e+00 2.966638e+00
1.232800e+00 2.966071e+00
1.233000e+00 2.965570e+00
1.233200e+00 2.965130e+00
1.233400e+00 2.964747e+00
1.233600e+00 2.964415e+00
1.233800e+00 2.964130e+00
1.234000e+00 2.963887e+00
1.234200e+00 2.963682e+00
1.234400e+00 2.963511e+00
1.234600e+00 2.963369e+00
1.234800e+00 2.963253e+00
1.235000e+00 2.963158e+00
1.235200e+00 2.963081e+00
1.235400e+00 2.963019e+00
1.235600e+00 2.962967e+00
1.235800e+00 2.962922e+00
1.236000e+00 2.962883e+00
1.236200e+00 2.962845e+00
1.236400e+00 2.962806e+00
1.236600e+00 2.962764e+00
1.236800e+00 2.962717e+00
1.237000e+00 2.962663e+00
1.237200e+00 2.962599e+00
1.237400e+00 2.962525e+00
1.237600e+00 2.962439e+00
1.237800e+00 2.962341e+00
1.238000e+00 2.962228e+00
1.238200e+00 2.962102e+00
1.238400e+00 2.961961e+00
1.238600e+00 2.961805e+00
1.238800e+00 2.961635e+00
1.239000e+00 2.961450e+00
1.239200e+00 2.961252e+00
1.239400e+00 2.961042e+00
1.239600e+00 2.960820e+00
1.239800e+00 2.960587e+00
1.240000e+00 2.960346e+00
1.240200e+00 2.960097e+00
1.240400e+00 2.959843e+00
1.240600e+00 2.959586e+00
1.240800e+00 2.959328e+00
1.241000e+00 2.959072e+00
1.241200e+00 2.958820e+00
1.241400e+00 2.958574e+00
1.241600e+00 2.958339e+00
1.241800e+00 2.958116e+00
1.242000e+00 2.957910e+00
1.242200e+00 2.957723e+00
1.242400e+00 2.957560e+00
1.242600e+00 2.957423e+00
1.242800e+00 2.957316e+00
1.243000e+00 2.957243e+00
1.243200e+00 2.957209e+00
1.243400e+00 2.957216e+00
1.243600e+00 2.957269e+00
1.243800e+00 2.957371e+00
1.244000e+00 2.957527e+00
1.244200e+00 2.957741e+00
1.244400e+00 2.958017e+00
1.244600e+00 2.958359e+00
1.244800e+00 2.958770e+00
1.245000e+00 2.959255e+00
1.245200e+00 2.959818e+00
1.245400e+00 2.960463e+00
1.245600e+00 2.961193e+00
1.245800e+00 2.962012e+00
1.246000e+00 2.962924e+00
1.246200e+00 2.963932e+00
1.246400e+00 2.965040e+00
1.246600e+00 2.966251e+00
1.246800e+00 2.967568e+00
1.247000e+00 2.968994e+00
1.247200e+00 2.970532e+00
1.247400e+00 2.972185e+00
1.247600e+00 2.973954e+00
1.247800e+00 2.975843e+00
1.248000e+00 2.977854e+00
1.248200e+00 2.979987e+00
1.248400e+00 2.982245e+00
1.248600e+00 2.984628e+00
1.248800e+00 2.987139e+00
1.249000e+00 2.989777e+00
1.249200e+00 2.992544e+00
1.249400e+00 2.995438e+00
1.249600e+00 2.998460e+00
1.249800e+00 3.001610e+00
1.250000e+00 3.004887e+00
1.250200e+00 3.008288e+00
1.250400e+00 3.011813e+00
1.250600e+00 3.015460e+00
1.250800e+00 3.019227e+00
1.251000e+00 3.023109e+00
1.251200e+00 3.027106e+00
1.251400e+00 3.031211e+00
1.251600e+00 3.035423e+00
1.251800e+00 3.039736e+00
1.252000e+00 3.044145e+00
1.252200e+00 3.048644e+00
1.252400e+00 3.053230e+00
1.252600e+00 3.057893e+00
1.252800e+00 3.062630e+00
1.253000e+00 3.067431e+00
1.253200e+00 3.072290e+00
1.253400e+00 3.077198e+00
1.253600e+00 3.082148e+00
1.253800e+00 3.087130e+00
1.254000e+00 3.092135e+00
1.254200e+00 3.097154e+00
1.254400e+00 3.102177e+00
1.254600e+00 3.107193e+00
1.254800e+00 3.112192e+00
1.255000e+00 3.117163e+00
1.255200e+00 3.122095e+00
1.255400e+00 3.126977e+00
1.255600e+00 3.131797e+00
1.255800e+00 3.136544e+00
1.256000e+00 3.141206e+00
1.256200e+00 3.145772e+00
1.256400e+00 3.150229e+00
1.256600e+00 3.154567e+00
1.256800e+00 3.158774e+00
1.257000e+00 3.162839e+00
1.257200e+00 3.166750e+00
1.257400e+00 3.170498e+00
1.257600e+00 3.174072e+00
1.257800e+00 3.177462e+00
1.258000e+00 3.180660e+00
1.258200e+00 3.183656e+00
1.258400e+00 3.186442e+00
1.258600e+00 3.189011e+00
1.258800e+00 3.191357e+00
1.259000e+00 3.193474e+00
1.259200e+00 3.195356e+00
1.259400e+00 3.197001e+00
1.259600e+00 3.198405e+00
1.259800e+00 3.199566e+00
1.260000e+00 3.200483e+00
1.260200e+00 3.201156e+00
1.260400e+00 3.201587e+00
1.260600e+00 3.201778e+00
1.260800e+00 3.201731e+00
1.261000e+00 3.201452e+00
1.261200e+00 3.200945e+00
1.261400e+00 3.200218e+00
1.261600e+00 3.199278e+00
1.261800e+00 3.198132e+00
1.262000e+00 3.196791e+00
1.262200e+00 3.195263e+00
1.262400e+00 3.193561e+00
1.262600e+00 3.191695e+00
1.262800e+00 3.189677e+00
1.263000e+00 3.187519e+00
1.263200e+00 3.185235e+00
1.263400e+00 3.182835e+00
1.263600e+00 3.180334e+00
1.263800e+00 3.177744e+00
1.264000e+00 3.175076e+00
1.264200e+00 3.172342e+00
1.264400e+00 3.169553e+00
1.264600e+00 3.166719e+00
1.264800e+00 3.163849e+00
1.265000e+00 3.160949e+00
1.265200e+00 3.158025e+00
1.265400e+00 3.155081e+00
1.265600e+00 3.152117e+00
1.265800e+00 3.149133e+00
1.266000e+00 3.146125e+00
1.266200e+00 3.143084e+00
1.266400e+00 3.140000e+00
1.266600e+00 3.136858e+00
1.266800e+00 3.133639e+00
1.267000e+00 3.130319e+00
1.267200e+00 3.126871e+00
1.267400e+00 3.123259e+00
1.267600e+00 3.119445e+00
1.267800e+00 3.115384e+00
1.268000e+00 3.111024e+00
1.268200e+00 3.106309e+00
1.268400e+00 3.101174e+00
1.268600e+00 3.095551e+00
1.268800e+00 3.089364e+00
1.269000e+00 3.082533e+00
1.269200e+00 3.074971e+00
1.269400e+00 3.066589e+00
1.269600e+00 3.057293e+00
1.269800e+00 3.046989e+00
1.270000e+00 3.035582e+00
1.270200e+00 3.022977e+00
1.270400e+00 3.009083e+00
1.270600e+00 2.993817e+00
1.270800e+00 2.977102e+00
1.271000e+00 2.958871e+00
1.271200e+00 2.939073e+00
1.271400e+00 2.917671e+00
1.271600e+00 2.894647e+00
1.271800e+00 2.870003e+00
1.272000e+00 2.843763e+00
1.272200e+00 2.815975e+00
1.272400e+00 2.786709e+00
1.272600e+00 2.756060e+00
1.272800e+00 2.724145e+00
1.273000e+00 2.691100e+00
1.273200e+00 2.657082e+00
1.273400e+00 2.622261e+00
1.273600e+00 2.586821e+00
1.273800e+00 2.550951e+00
1.274000e+00 2.514847e+00
1.274200e+00 2.478704e+00
1.274400e+00 2.442711e+00
1.274600e+00 2.407052e+00
1.274800e+00 2.371901e+00
1.275000e+00 2.337418e+00
1.275200e+00 2.303747e+00
1.275400e+00 2.271018e+00
1.275600e+00 2.239342e+00
1.275800e+00 2.208815e+00
1.276000e+00 2.179512e+00
1.276200e+00 2.151496e+00
1.276400e+00 2.124810e+00
1.276600e+00 2.099486e+00
1.276800e+00 2.075541e+00
1.277000e+00 2.052979e+00
1.277200e+00 2.031796e+00
1.277400e+00 2.011977e+00
1.277600e+00 1.993502e+00
1.277800e+00 1.976341e+00
1.278000e+00 1.960462e+00
1.278200e+00 1.945828e+00
1.278400e+00 1.932398e+00
1.278600e+00 1.920130e+00
1.278800e+00 1.908981e+00
1.279000e+00 1.898906e+00
1.279200e+00 1.889860e+00
1.279400e+00 1.881799e+00
1.279600e+00 1.874679e+00
1.279800e+00 1.868457e+00
1.280000e+00 1.863091e+00
1.280200e+00 1.858541e+00
1.280400e+00 1.854766e+00
1.280600e+00 1.851731e+00
1.280800e+00 1.849398e+00
1.281000e+00 1.847732e+00
1.281200e+00 1.846702e+00
1.281400e+00 1.846275e+00
1.281600e+00 1.846421e+00
1.281800e+00 1.847112e+00
1.282000e+00 1.848322e+00
1.282200e+00 1.850023e+00
1.282400e+00 1.852193e+00
1.282600e+00 1.854807e+00
1.282800e+00 1.857844e+00
1.283000e+00 1.861284e+00
1.283200e+00 1.865106e+00
1.283400e+00 1.869292e+00
1.283600e+00 1.873824e+00
1.283800e+00 1.878686e+00
1.284000e+00 1.883861e+00
1.284200e+00 1.889334e+00
1.284400e+00 1.895090e+00
1.284600e+00 1.901117e+00
1.284800e+00 1.907401e+00
1.285000e+00 1.913929e+00
1.285200e+00 1.920690e+00
1.285400e+00 1.927673e+00
1.285600e+00 1.934866e+00
1.285800e+00 1.942261e+00
1.286000e+00 1.949847e+00
1.286200e+00 1.957616e+00
1.286400e+00 1.965558e+00
1.286600e+00 1.973666e+00
1.286800e+00 1.981932e+00
1.287000e+00 1.990349e+00
1.287200e+00 1.998910e+00
1.287400e+00 2.007609e+00
1.287600e+00 2.016441e+00
1.287800e+00 2.025400e+00
1.288000e+00 2.034481e+00
1.288200e+00 2.043680e+00
1.288400e+00 2.052993e+00
1.288600e+00 2.062417e+00
1.288800e+00 2.071948e+00
1.289000e+00 2.081584e+00
1.289200e+00 2.091324e+00
1.289400e+00 2.101166e+00
1.289600e+00 2.111108e+00
1.289800e+00 2.121150e+00
1.290000e+00 2.131293e+00
1.290200e+00 2.141537e+00
1.290400e+00 2.151882e+00
1.290600e+00 2.162331e+00
1.290800e+00 2.172885e+00
1.291000e+00 2.183546e+00
1.291200e+00 2.194318e+00
1.291400e+00 2.205203e+00
1.291600e+00 2.216205e+00
1.291800e+00 2.227330e+00
1.292000e+00 2.238580e+00
1.292200e+00 2.249960e+00
1.292400e+00 2.261477e+00
1.292600e+00 2.273135e+00
1.292800e+00 2.284940e+00
1.293000e+00 2.296897e+00
1.293200e+00 2.309013e+00
1.293400e+00 2.321294e+00
1.293600e+00 2.333745e+00
1.293800e+00 2.346372e+00
1.294000e+00 2.359182e+00
1.294200e+00 2.372179e+00
1.294400e+00 2.385369e+00
1.294600e+00 2.398756e+00
1.294800e+00 2.412345e+00
1.295000e+00 2.426139e+00
1.295200e+00 2.440140e+00
1.295400e+00 2.454352e+00
1.295600e+00 2.468774e+00
1.295800e+00 2.483407e+00
1.296000e+00 2.498248e+00
1.296200e+00 2.513295e+00
1.296400e+00 2.528543e+00
1.296600e+00 2.543985e+00
1.296800e+00 2.559613e+00
1.297000e+00 2.575416e+00
1.297200e+00 2.591381e+00
1.297400e+00 2.607493e+00
1.297600e+00 2.623734e+00
1.297800e+00 2.640083e+00
1.298000e+00 2.656516e+00
1.298200e+00 2.673007e+00
1.298400e+00 2.689524e+00
1.298600e+00 2.706034e+00
1.298800e+00 2.722501e+00
1.299000e+00 2.738884e+00
1.299200e+00 2.755138e+00
1.299400e+00 2.771216e+00
1.299600e+00 2.787066e+00
1.299800e+00 2.802635e+00
