1.100000e+00 2.267269e+00
1.100200e+00 2.245491e+00
1.100400e+00 2.223867e+00
1.100600e+00 2.202439e+00
1.100800e+00 2.181246e+00
1.101000e+00 2.160324e+00
1.101200e+00 2.139707e+00
1.101400e+00 2.119426e+00
1.101600e+00 2.099508e+00
1.101800e+00 2.079979e+00
1.102000e+00 2.060862e+00
1.102200e+00 2.042176e+00
1.102400e+00 2.023942e+00
1.102600e+00 2.006174e+00
1.102800e+00 1.988888e+00
1.103000e+00 1.972096e+00
1.103200e+00 1.955810e+00
1.103400e+00 1.940039e+00
1.103600e+00 1.924791e+00
1.103800e+00 1.910073e+00
1.104000e+00 1.895891e+00
1.104200e+00 1.882250e+00
1.104400e+00 1.869154e+00
1.104600e+00 1.856605e+00
1.104800e+00 1.844606e+00
1.105000e+00 1.833159e+00
1.105200e+00 1.822263e+00
1.105400e+00 1.811921e+00
1.105600e+00 1.802131e+00
1.105800e+00 1.792893e+00
1.106000e+00 1.784207e+00
1.106200e+00 1.776071e+00
1.106400e+00 1.768484e+00
1.106600e+00 1.761446e+00
1.106800e+00 1.754953e+00
1.107000e+00 1.749006e+00
1.107200e+00 1.743602e+00
1.107400e+00 1.738739e+00
1.107600e+00 1.734416e+00
1.107800e+00 1.730632e+00
1.108000e+00 1.727384e+00
1.108200e+00 1.724672e+00
1.108400e+00 1.722494e+00
1.108600e+00 1.720849e+00
1.108800e+00 1.719736e+00
1.109000e+00 1.719155e+00
1.109200e+00 1.719104e+00
1.109400e+00 1.719583e+00
1.109600e+00 1.720592e+00
1.109800e+00 1.722131e+00
1.110000e+00 1.724200e+00
1.110200e+00 1.726799e+00
1.110400e+00 1.729929e+00
1.110600e+00 1.733590e+00
1.110800e+00 1.737783e+00
1.111000e+00 1.742510e+00
1.111200e+00 1.747771e+00
1.111400e+00 1.753567e+00
1.111600e+00 1.759901e+00
1.111800e+00 1.766774e+00
1.112000e+00 1.774187e+00
1.112200e+00 1.782143e+00
1.112400e+00 1.790642e+00
1.112600e+00 1.799687e+00
1.112800e+00 1.809280e+00
1.113000e+00 1.819422e+00
1.113200e+00 1.830114e+00
1.113400e+00 1.841359e+00
1.113600e+00 1.853158e+00
1.113800e+00 1.865511e+00
1.114000e+00 1.878420e+00
1.114200e+00 1.891885e+00
1.114400e+00 1.905907e+00
1.114600e+00 1.920484e+00
1.114800e+00 1.935616e+00
1.115000e+00 1.951301e+00
1.115200e+00 1.967538e+00
1.115400e+00 1.984324e+00
1.115600e+00 2.001655e+00
1.115800e+00 2.019527e+00
1.116000e+00 2.037934e+00
1.116200e+00 2.056870e+00
1.116400e+00 2.076327e+00
1.116600e+00 2.096298e+00
1.116800e+00 2.116771e+00
1.117000e+00 2.137735e+00
1.117200e+00 2.159179e+00
1.117400e+00 2.181087e+00
1.117600e+00 2.203443e+00
1.117800e+00 2.226232e+00
1.118000e+00 2.249432e+00
1.118200e+00 2.273024e+00
1.118400e+00 2.296985e+00
1.118600e+00 2.321290e+00
1.118800e+00 2.345914e+00
1.119000e+00 2.370828e+00
1.119200e+00 2.396002e+00
1.119400e+00 2.421404e+00
1.119600e+00 2.447002e+00
1.119800e+00 2.472760e+00
1.120000e+00 2.498641e+00
1.120200e+00 2.524607e+00
1.120400e+00 2.550617e+00
1.120600e+00 2.576631e+00
1.120800e+00 2.602607e+00
1.121000e+00 2.628501e+00
1.121200e+00 2.654268e+00
1.121400e+00 2.679864e+00
1.121600e+00 2.705244e+00
1.121800e+00 2.730361e+00
1.122000e+00 2.755171e+00
1.122200e+00 2.779627e+00
1.122400e+00 2.803684e+00
1.122600e+00 2.827299e+00
1.122800e+00 2.850427e+00
1.123000e+00 2.873026e+00
1.123200e+00 2.895056e+00
1.123400e+00 2.916475e+00
1.123600e+00 2.937247e+00
1.123800e+00 2.957336e+00
1.124000e+00 2.976708e+00
1.124200e+00 2.995330e+00
1.124400e+00 3.013175e+00
1.124600e+00 3.030214e+00
1.124800e+00 3.046425e+00
1.125000e+00 3.061784e+00
1.125200e+00 3.076274e+00
1.125400e+00 3.089878e+00
1.125600e+00 3.102582e+00
1.125800e+00 3.114375e+00
1.126000e+00 3.125249e+00
1.126200e+00 3.135198e+00
1.126400e+00 3.144218e+00
1.126600e+00 3.152309e+00
1.126800e+00 3.159471e+00
1.127000e+00 3.165709e+00
1.127200e+00 3.171027e+00
1.127400e+00 3.175432e+00
1.127600e+00 3.178935e+00
1.127800e+00 3.181545e+00
1.128000e+00 3.183276e+00
1.128200e+00 3.184142e+00
1.128400e+00 3.184156e+00
1.128600e+00 3.183337e+00
1.128800e+00 3.181701e+00
1.129000e+00 3.179267e+00
1.129200e+00 3.176055e+00
1.129400e+00 3.172084e+00
1.129600e+00 3.167376e+00
1.129800e+00 3.161953e+00
1.130000e+00 3.155835e+00
1.130200e+00 3.149047e+00
1.130400e+00 3.141611e+00
1.130600e+00 3.133550e+00
1.130800e+00 3.124889e+00
1.131000e+00 3.115651e+00
1.131200e+00 3.105860e+00
1.131400e+00 3.095542e+00
1.131600e+00 3.084719e+00
1.131800e+00 3.073418e+00
1.132000e+00 3.061662e+00
1.132200e+00 3.049476e+00
1.132400e+00 3.036884e+00
1.132600e+00 3.023912e+00
1.132800e+00 3.010582e+00
1.133000e+00 2.996920e+00
1.133200e+00 2.982950e+00
1.133400e+00 2.968693e+00
1.133600e+00 2.954176e+00
1.133800e+00 2.939419e+00
1.134000e+00 2.924447e+00
1.134200e+00 2.909280e+00
1.134400e+00 2.893942e+00
1.134600e+00 2.878454e+00
1.134800e+00 2.862836e+00
1.135000e+00 2.847109e+00
1.135200e+00 2.831293e+00
1.135400e+00 2.815408e+00
1.135600e+00 2.799471e+00
1.135800e+00 2.783501e+00
1.136000e+00 2.767516e+00
1.136200e+00 2.751532e+00
1.136400e+00 2.735566e+00
1.136600e+00 2.719634e+00
1.136800e+00 2.703749e+00
1.137000e+00 2.687927e+00
1.137200e+00 2.672181e+00
1.137400e+00 2.656523e+00
1.137600e+00 2.640967e+00
1.137800e+00 2.625523e+00
1.138000e+00 2.610202e+00
1.138200e+00 2.595015e+00
1.138400e+00 2.579971e+00
1.138600e+00 2.565079e+00
1.138800e+00 2.550348e+00
1.139000e+00 2.535785e+00
1.139200e+00 2.521397e+00
1.139400e+00 2.507192e+00
1.139600e+00 2.493174e+00
1.139800e+00 2.479350e+00
1.140000e+00 2.465725e+00
1.140200e+00 2.452303e+00
1.140400e+00 2.439088e+00
1.140600e+00 2.426084e+00
1.140800e+00 2.413295e+00
1.141000e+00 2.400722e+00
1.141200e+00 2.388369e+00
1.141400e+00 2.376238e+00
1.141600e+00 2.364330e+00
1.141800e+00 2.352646e+00
1.142000e+00 2.341189e+00
1.142200e+00 2.329959e+00
1.142400e+00 2.318956e+00
1.142600e+00 2.308181e+00
1.142800e+00 2.297634e+00
1.143000e+00 2.287315e+00
1.143200e+00 2.277224e+00
1.143400e+00 2.267360e+00
1.143600e+00 2.257722e+00
1.143800e+00 2.248310e+00
1.144000e+00 2.239123e+00
1.144200e+00 2.230161e+00
1.144400e+00 2.221421e+00
1.144600e+00 2.212902e+00
1.144800e+00 2.204604e+00
1.145000e+00 2.196524e+00
1.145200e+00 2.188662e+00
1.145400e+00 2.181016e+00
1.145600e+00 2.173584e+00
1.145800e+00 2.166364e+00
1.146000e+00 2.159355e+00
1.146200e+00 2.152555e+00
1.146400e+00 2.145963e+00
1.146600e+00 2.139576e+00
1.146800e+00 2.133393e+00
1.147000e+00 2.127412e+00
1.147200e+00 2.121630e+00
1.147400e+00 2.116047e+00
1.147600e+00 2.110661e+00
1.147800e+00 2.105469e+00
1.148000e+00 2.100470e+00
1.148200e+00 2.095662e+00
1.148400e+00 2.091043e+00
1.148600e+00 2.086611e+00
1.148800e+00 2.082365e+00
1.149000e+00 2.078303e+00
1.149200e+00 2.074423e+00
1.149400e+00 2.070723e+00
1.149600e+00 2.067202e+00
1.149800e+00 2.063858e+00
1.150000e+00 2.060689e+00
1.150200e+00 2.057694e+00
1.150400e+00 2.054872e+00
1.150600e+00 2.052220e+00
1.150800e+00 2.049736e+00
1.151000e+00 2.047421e+00
1.151200e+00 2.045271e+00
1.151400e+00 2.043286e+00
1.151600e+00 2.041465e+00
1.151800e+00 2.039805e+00
1.152000e+00 2.038305e+00
1.152200e+00 2.036965e+00
1.152400e+00 2.035782e+00
1.152600e+00 2.034756e+00
1.152800e+00 2.033885e+00
1.153000e+00 2.033168e+00
1.153200e+00 2.032604e+00
1.153400e+00 2.032192e+00
1.153600e+00 2.031931e+00
1.153800e+00 2.031819e+00
1.154000e+00 2.031855e+00
1.154200e+00 2.032040e+00
1.154400e+00 2.032370e+00
1.154600e+00 2.032847e+00
1.154800e+00 2.033468e+00
1.155000e+00 2.034233e+00
1.155200e+00 2.035140e+00
1.155400e+00 2.036190e+00
1.155600e+00 2.037382e+00
1.155800e+00 2.038714e+00
1.156000e+00 2.040186e+00
1.156200e+00 2.041798e+00
1.156400e+00 2.043548e+00
1.156600e+00 2.045436e+00
1.156800e+00 2.047462e+00
1.157000e+00 2.049626e+00
1.157200e+00 2.051926e+00
1.157400e+00 2.054363e+00
1.157600e+00 2.056935e+00
1.157800e+00 2.059644e+00
1.158000e+00 2.062488e+00
1.158200e+00 2.065468e+00
1.158400e+00 2.068584e+00
1.158600e+00 2.071835e+00
1.158800e+00 2.075222e+00
1.159000e+00 2.078744e+00
1.159200e+00 2.082403e+00
1.159400e+00 2.086198e+00
1.159600e+00 2.090130e+00
1.159800e+00 2.094200e+00
1.160000e+00 2.098408e+00
1.160200e+00 2.102755e+00
1.160400e+00 2.107242e+00
1.160600e+00 2.111870e+00
1.160800e+00 2.116640e+00
1.161000e+00 2.121554e+00
1.161200e+00 2.126613e+00
1.161400e+00 2.131819e+00
1.161600e+00 2.137175e+00
1.161800e+00 2.142682e+00
1.162000e+00 2.148342e+00
1.162200e+00 2.154159e+00
1.162400e+00 2.160136e+00
1.162600e+00 2.166275e+00
1.162800e+00 2.172581e+00
1.163000e+00 2.179057e+00
1.163200e+00 2.185708e+00
1.163400e+00 2.192539e+00
1.163600e+00 2.199555e+00
1.163800e+00 2.206762e+00
1.164000e+00 2.214166e+00
1.164200e+00 2.221774e+00
1.164400e+00 2.229594e+00
1.164600e+00 2.237633e+00
1.164800e+00 2.245902e+00
1.165000e+00 2.254411e+00
1.165200e+00 2.263169e+00
1.165400e+00 2.272190e+00
1.165600e+00 2.281487e+00
1.165800e+00 2.291074e+00
1.166000e+00 2.300968e+00
1.166200e+00 2.311188e+00
1.166400e+00 2.321753e+00
1.166600e+00 2.332688e+00
1.166800e+00 2.344019e+00
1.167000e+00 2.355775e+00
1.167200e+00 2.367993e+00
1.167400e+00 2.380715e+00
1.167600e+00 2.393991e+00
1.167800e+00 2.407886e+00
1.168000e+00 2.422483e+00
1.168200e+00 2.437894e+00
1.168400e+00 2.454286e+00
1.168600e+00 2.471928e+00
1.168800e+00 2.491338e+00
1.169000e+00 2.513888e+00
1.169200e+00 2.555857e+00
1.169400e+00 2.582129e+00
1.169600e+00 2.602860e+00
1.169800e+00 2.622054e+00
1.170000e+00 2.640469e+00
1.170200e+00 2.658411e+00
1.170400e+00 2.676036e+00
1.170600e+00 2.693432e+00
1.170800e+00 2.710654e+00
1.171000e+00 2.727733e+00
1.171200e+00 2.744687e+00
1.171400e+00 2.761525e+00
1.171600e+00 2.778248e+00
1.171800e+00 2.794851e+00
1.172000e+00 2.811325e+00
1.172200e+00 2.827657e+00
1.172400e+00 2.843829e+00
1.172600e+00 2.859822e+00
1.172800e+00 2.875610e+00
1.173000e+00 2.891169e+00
1.173200e+00 2.906470e+00
1.173400e+00 2.921480e+00
1.173600e+00 2.936168e+00
1.173800e+00 2.950496e+00
1.174000e+00 2.964429e+00
1.174200e+00 2.977928e+00
1.174400e+00 2.990951e+00
1.174600e+00 3.003459e+00
1.174800e+00 3.015410e+00
1.175000e+00 3.026760e+00
1.175200e+00 3.037469e+00
1.175400e+00 3.047495e+00
1.175600e+00 3.056797e+00
1.175800e+00 3.065336e+00
1.176000e+00 3.073073e+00
1.176200e+00 3.079974e+00
1.176400e+00 3.086005e+00
1.176600e+00 3.091136e+00
1.176800e+00 3.095343e+00
1.177000e+00 3.098601e+00
1.177200e+00 3.100894e+00
1.177400e+00 3.102208e+00
1.177600e+00 3.102535e+00
1.177800e+00 3.101873e+00
1.178000e+00 3.100223e+00
1.178200e+00 3.097596e+00
1.178400e+00 3.094004e+00
1.178600e+00 3.089468e+00
1.178800e+00 3.084015e+00
1.179000e+00 3.077675e+00
1.179200e+00 3.070488e+00
1.179400e+00 3.062495e+00
1.179600e+00 3.053744e+00
1.179800e+00 3.044289e+00
1.180000e+00 3.034185e+00
1.180200e+00 3.023493e+00
1.180400e+00 3.012277e+00
1.180600e+00 3.000602e+00
1.180800e+00 2.988536e+00
1.181000e+00 2.976147e+00
1.181200e+00 2.963504e+00
1.181400e+00 2.950673e+00
1.181600e+00 2.937721e+00
1.181800e+00 2.924710e+00
1.182000e+00 2.911699e+00
1.182200e+00 2.898741e+00
1.182400e+00 2.885885e+00
1.182600e+00 2.873171e+00
1.182800e+00 2.860633e+00
1.183000e+00 2.848296e+00
1.183200e+00 2.836175e+00
1.183400e+00 2.824276e+00
1.183600e+00 2.812593e+00
1.183800e+00 2.801112e+00
1.184000e+00 2.789806e+00
1.184200e+00 2.778639e+00
1.184400e+00 2.767567e+00
1.184600e+00 2.756534e+00
1.184800e+00 2.745479e+00
1.185000e+00 2.734334e+00
1.185200e+00 2.723025e+00
1.185400e+00 2.711475e+00
1.185600e+00 2.699608e+00
1.185800e+00 2.687347e+00
1.186000e+00 2.674616e+00
1.186200e+00 2.661346e+00
1.186400e+00 2.647473e+00
1.186600e+00 2.632940e+00
1.186800e+00 2.617699e+00
1.187000e+00 2.601710e+00
1.187200e+00 2.584946e+00
1.187400e+00 2.567388e+00
1.187600e+00 2.549030e+00
1.187800e+00 2.529873e+00
1.188000e+00 2.509930e+00
1.188200e+00 2.489222e+00
1.188400e+00 2.467780e+00
1.188600e+00 2.445639e+00
1.188800e+00 2.422843e+00
1.189000e+00 2.399440e+00
1.189200e+00 2.375481e+00
1.189400e+00 2.351022e+00
1.189600e+00 2.326118e+00
1.189800e+00 2.300828e+00
1.190000e+00 2.275209e+00
1.190200e+00 2.249319e+00
1.190400e+00 2.223213e+00
1.190600e+00 2.196945e+00
1.190800e+00 2.170568e+00
1.191000e+00 2.144132e+00
1.191200e+00 2.117683e+00
1.191400e+00 2.091267e+00
1.191600e+00 2.064923e+00
1.191800e+00 2.038690e+00
1.192000e+00 2.012605e+00
1.192200e+00 1.986698e+00
1.192400e+00 1.960999e+00
1.192600e+00 1.935535e+00
1.192800e+00 1.910330e+00
1.193000e+00 1.885406e+00
1.193200e+00 1.860781e+00
1.193400e+00 1.836472e+00
1.193600e+00 1.812494e+00
1.193800e+00 1.788860e+00
1.194000e+00 1.765580e+00
1.194200e+00 1.742664e+00
1.194400e+00 1.720120e+00
1.194600e+00 1.697954e+00
1.194800e+00 1.676170e+00
1.195000e+00 1.654773e+00
1.195200e+00 1.633766e+00
1.195400e+00 1.613151e+00
1.195600e+00 1.592928e+00
1.195800e+00 1.573097e+00
1.196000e+00 1.553659e+00
1.196200e+00 1.534612e+00
1.196400e+00 1.515955e+00
1.196600e+00 1.497685e+00
1.196800e+00 1.479801e+00
1.197000e+00 1.462298e+00
1.197200e+00 1.445174e+00
1.197400e+00 1.428426e+00
1.197600e+00 1.412050e+00
1.197800e+00 1.396041e+00
1.198000e+00 1.380396e+00
1.198200e+00 1.365111e+00
1.198400e+00 1.350181e+00
1.198600e+00 1.335602e+00
1.198800e+00 1.321369e+00
1.199000e+00 1.307478e+00
1.199200e+00 1.293925e+00
1.199400e+00 1.280704e+00
1.199600e+00 1.267811e+00
1.199800e+00 1.255242e+00
1.200000e+00 1.242993e+00
1.200200e+00 1.231058e+00
1.200400e+00 1.219433e+00
1.200600e+00 1.208115e+00
1.200800e+00 1.197098e+00
1.201000e+00 1.186378e+00
1.201200e+00 1.175952e+00
1.201400e+00 1.165815e+00
1.201600e+00 1.155963e+00
1.201800e+00 1.146393e+00
1.202000e+00 1.137100e+00
1.202200e+00 1.128081e+00
1.202400e+00 1.119332e+00
1.202600e+00 1.110849e+00
1.202800e+00 1.102630e+00
1.203000e+00 1.094671e+00
1.203200e+00 1.086968e+00
1.203400e+00 1.079518e+00
1.203600e+00 1.072318e+00
1.203800e+00 1.065366e+00
1.204000e+00 1.058659e+00
1.204200e+00 1.052193e+00
1.204400e+00 1.045967e+00
1.204600e+00 1.039976e+00
1.204800e+00 1.034220e+00
1.205000e+00 1.028696e+00
1.205200e+00 1.023401e+00
1.205400e+00 1.018334e+00
1.205600e+00 1.013491e+00
1.205800e+00 1.008872e+00
1.206000e+00 1.004475e+00
1.206200e+00 1.000297e+00
1.206400e+00 9.963367e-01
1.206600e+00 9.925930e-01
1.206800e+00 9.890642e-01
1.207000e+00 9.857489e-01
1.207200e+00 9.826457e-01
1.207400e+00 9.797535e-01
1.207600e+00 9.770712e-01
1.207800e+00 9.745976e-01
1.208000e+00 9.723319e-01
1.208200e+00 9.702731e-01
1.208400e+00 9.684206e-01
1.208600e+00 9.667736e-01
1.208800e+00 9.653316e-01
1.209000e+00 9.640941e-01
1.209200e+00 9.630605e-01
1.209400e+00 9.622307e-01
1.209600e+00 9.616043e-01
1.209800e+00 9.611811e-01
1.210000e+00 9.609612e-01
1.210200e+00 9.609444e-01
1.210400e+00 9.611309e-01
1.210600e+00 9.615208e-01
1.210800e+00 9.621143e-01
1.211000e+00 9.629119e-01
1.211200e+00 9.639139e-01
1.211400e+00 9.651207e-01
1.211600e+00 9.665330e-01
1.211800e+00 9.681513e-01
1.212000e+00 9.699765e-01
1.212200e+00 9.720092e-01
1.212400e+00 9.742505e-01
1.212600e+00 9.767011e-01
1.212800e+00 9.793621e-01
1.213000e+00 9.822347e-01
1.213200e+00 9.853200e-01
1.213400e+00 9.886193e-01
1.213600e+00 9.921338e-01
1.213800e+00 9.958650e-01
1.214000e+00 9.998143e-01
1.214200e+00 1.003983e+00
1.214400e+00 1.008373e+00
1.214600e+00 1.012987e+00
1.214800e+00 1.017824e+00
1.215000e+00 1.022888e+00
1.215200e+00 1.028181e+00
1.215400e+00 1.033704e+00
1.215600e+00 1.039459e+00
1.215800e+00 1.045448e+00
1.216000e+00 1.051673e+00
1.216200e+00 1.058137e+00
1.216400e+00 1.064842e+00
1.216600e+00 1.071790e+00
1.216800e+00 1.078983e+00
1.217000e+00 1.086424e+00
1.217200e+00 1.094114e+00
1.217400e+00 1.102058e+00
1.217600e+00 1.110256e+00
1.217800e+00 1.118712e+00
1.218000e+00 1.127427e+00
1.218200e+00 1.136406e+00
1.218400e+00 1.145649e+00
1.218600e+00 1.155161e+00
1.218800e+00 1.164943e+00
1.219000e+00 1.174998e+00
1.219200e+00 1.185328e+00
1.219400e+00 1.195937e+00
1.219600e+00 1.206828e+00
1.219800e+00 1.218001e+00
1.220000e+00 1.229461e+00
1.220200e+00 1.241210e+00
1.220400e+00 1.253250e+00
1.220600e+00 1.265584e+00
1.220800e+00 1.278215e+00
1.221000e+00 1.291144e+00
1.221200e+00 1.304374e+00
1.221400e+00 1.317907e+00
1.221600e+00 1.331746e+00
1.221800e+00 1.345892e+00
1.222000e+00 1.360347e+00
1.222200e+00 1.375114e+00
1.222400e+00 1.390193e+00
1.222600e+00 1.405587e+00
1.222800e+00 1.421297e+00
1.223000e+00 1.437324e+00
1.223200e+00 1.453670e+00
1.223400e+00 1.470334e+00
1.223600e+00 1.487317e+00
1.223800e+00 1.504621e+00
1.224000e+00 1.522245e+00
1.224200e+00 1.540188e+00
1.224400e+00 1.558451e+00
1.224600e+00 1.577034e+00
1.224800e+00 1.595934e+00
1.225000e+00 1.615150e+00
1.225200e+00 1.634681e+00
1.225400e+00 1.654525e+00
1.225600e+00 1.674680e+00
1.225800e+00 1.695141e+00
1.226000e+00 1.715907e+00
1.226200e+00 1.736974e+00
1.226400e+00 1.758336e+00
1.226600e+00 1.779990e+00
1.226800e+00 1.801931e+00
1.227000e+00 1.824152e+00
1.227200e+00 1.846648e+00
1.227400e+00 1.869412e+00
1.227600e+00 1.892436e+00
1.227800e+00 1.915712e+00
1.228000e+00 1.939233e+00
1.228200e+00 1.962988e+00
1.228400e+00 1.986969e+00
1.228600e+00 2.011165e+00
1.228800e+00 2.035564e+00
1.229000e+00 2.060155e+00
1.229200e+00 2.084927e+00
1.229400e+00 2.109865e+00
1.229600e+00 2.134957e+00
1.229800e+00 2.160188e+00
1.230000e+00 2.185543e+00
1.230200e+00 2.211007e+00
1.230400e+00 2.236564e+00
1.230600e+00 2.262196e+00
1.230800e+00 2.287887e+00
1.231000e+00 2.313619e+00
1.231200e+00 2.339372e+00
1.231400e+00 2.365129e+00
1.231600e+00 2.390868e+00
1.231800e+00 2.416571e+00
1.232000e+00 2.442217e+00
1.232200e+00 2.467785e+00
1.232400e+00 2.493253e+00
1.232600e+00 2.518600e+00
1.232800e+00 2.543805e+00
1.233000e+00 2.568844e+00
1.233200e+00 2.593696e+00
1.233400e+00 2.618338e+00
1.233600e+00 2.642748e+00
1.233800e+00 2.666902e+00
1.234000e+00 2.690780e+00
1.234200e+00 2.714357e+00
1.234400e+00 2.737613e+00
1.234600e+00 2.760524e+00
1.234800e+00 2.783070e+00
1.235000e+00 2.805228e+00
1.235200e+00 2.826978e+00
1.235400e+00 2.848299e+00
1.235600e+00 2.869171e+00
1.235800e+00 2.889575e+00
1.236000e+00 2.909492e+00
1.236200e+00 2.928904e+00
1.236400e+00 2.947793e+00
1.236600e+00 2.966144e+00
1.236800e+00 2.983939e+00
1.237000e+00 3.001164e+00
1.237200e+00 3.017806e+00
1.237400e+00 3.033851e+00
1.237600e+00 3.049287e+00
1.237800e+00 3.064104e+00
1.238000e+00 3.078291e+00
1.238200e+00 3.091839e+00
1.238400e+00 3.104741e+00
1.238600e+00 3.116989e+00
1.238800e+00 3.128578e+00
1.239000e+00 3.139504e+00
1.239200e+00 3.149762e+00
1.239400e+00 3.159350e+00
1.239600e+00 3.168267e+00
1.239800e+00 3.176512e+00
1.240000e+00 3.184086e+00
1.240200e+00 3.190991e+00
1.240400e+00 3.197229e+00
1.240600e+00 3.202804e+00
1.240800e+00 3.207721e+00
1.241000e+00 3.211984e+00
1.241200e+00 3.215601e+00
1.241400e+00 3.218578e+00
1.241600e+00 3.220924e+00
1.241800e+00 3.222648e+00
1.242000e+00 3.223759e+00
1.242200e+00 3.224267e+00
1.242400e+00 3.224184e+00
1.242600e+00 3.223521e+00
1.242800e+00 3.222291e+00
1.243000e+00 3.220507e+00
1.243200e+00 3.218181e+00
1.243400e+00 3.215328e+00
1.243600e+00 3.211963e+00
1.243800e+00 3.208100e+00
1.244000e+00 3.203755e+00
1.244200e+00 3.198943e+00
1.244400e+00 3.193680e+00
1.244600e+00 3.187982e+00
1.244800e+00 3.181867e+00
1.245000e+00 3.175350e+00
1.245200e+00 3.168450e+00
1.245400e+00 3.161182e+00
1.245600e+00 3.153565e+00
1.245800e+00 3.145616e+00
1.246000e+00 3.137351e+00
1.246200e+00 3.128789e+00
1.246400e+00 3.119948e+00
1.246600e+00 3.110844e+00
1.246800e+00 3.101495e+00
1.247000e+00 3.091918e+00
1.247200e+00 3.082131e+00
1.247400e+00 3.072150e+00
1.247600e+00 3.061994e+00
1.247800e+00 3.051677e+00
1.248000e+00 3.041217e+00
1.248200e+00 3.030630e+00
1.248400e+00 3.019933e+00
1.248600e+00 3.009141e+00
1.248800e+00 2.998269e+00
1.249000e+00 2.987332e+00
1.249200e+00 2.976347e+00
1.249400e+00 2.965326e+00
1.249600e+00 2.954285e+00
1.249800e+00 2.943237e+00
1.250000e+00 2.932196e+00
1.250200e+00 2.921175e+00
1.250400e+00 2.910186e+00
1.250600e+00 2.899242e+00
1.250800e+00 2.888356e+00
1.251000e+00 2.877538e+00
1.251200e+00 2.866799e+00
1.251400e+00 2.856152e+00
1.251600e+00 2.845606e+00
1.251800e+00 2.835171e+00
1.252000e+00 2.824858e+00
1.252200e+00 2.814674e+00
1.252400e+00 2.804631e+00
1.252600e+00 2.794735e+00
1.252800e+00 2.784995e+00
1.253000e+00 2.775420e+00
1.253200e+00 2.766017e+00
1.253400e+00 2.756793e+00
1.253600e+00 2.747756e+00
1.253800e+00 2.738911e+00
1.254000e+00 2.730265e+00
1.254200e+00 2.721825e+00
1.254400e+00 2.713595e+00
1.254600e+00 2.705582e+00
1.254800e+00 2.697792e+00
1.255000e+00 2.690227e+00
1.255200e+00 2.682895e+00
1.255400e+00 2.675799e+00
1.255600e+00 2.668943e+00
1.255800e+00 2.662332e+00
1.256000e+00 2.655970e+00
1.256200e+00 2.649860e+00
1.256400e+00 2.644005e+00
1.256600e+00 2.638410e+00
1.256800e+00 2.633077e+00
1.257000e+00 2.628010e+00
1.257200e+00 2.623211e+00
1.257400e+00 2.618683e+00
1.257600e+00 2.614429e+00
1.257800e+00 2.610450e+00
1.258000e+00 2.606751e+00
1.258200e+00 2.603332e+00
1.258400e+00 2.600196e+00
1.258600e+00 2.597344e+00
1.258800e+00 2.594779e+00
1.259000e+00 2.592503e+00
1.259200e+00 2.590517e+00
1.259400e+00 2.588823e+00
1.259600e+00 2.587422e+00
1.259800e+00 2.586315e+00
1.260000e+00 2.585505e+00
1.260200e+00 2.584991e+00
1.260400e+00 2.584776e+00
1.260600e+00 2.584860e+00
1.260800e+00 2.585244e+00
1.261000e+00 2.585929e+00
1.261200e+00 2.586916e+00
1.261400e+00 2.588205e+00
1.261600e+00 2.589797e+00
1.261800e+00 2.591693e+00
1.262000e+00 2.593892e+00
1.262200e+00 2.596394e+00
1.262400e+00 2.599201e+00
1.262600e+00 2.602312e+00
1.262800e+00 2.605726e+00
1.263000e+00 2.609443e+00
1.263200e+00 2.613464e+00
1.263400e+00 2.617787e+00
1.263600e+00 2.622411e+00
1.263800e+00 2.627336e+00
1.264000e+00 2.632561e+00
1.264200e+00 2.638085e+00
1.264400e+00 2.643905e+00
1.264600e+00 2.650022e+00
1.264800e+00 2.656431e+00
1.265000e+00 2.663133e+00
1.265200e+00 2.670124e+00
1.265400e+00 2.677402e+00
1.265600e+00 2.684965e+00
1.265800e+00 2.692810e+00
1.266000e+00 2.700933e+00
1.266200e+00 2.709332e+00
1.266400e+00 2.718002e+00
1.266600e+00 2.726940e+00
1.266800e+00 2.736143e+00
1.267000e+00 2.745604e+00
1.267200e+00 2.755321e+00
1.267400e+00 2.765288e+00
1.267600e+00 2.775500e+00
1.267800e+00 2.785951e+00
1.268000e+00 2.796637e+00
1.268200e+00 2.807550e+00
1.268400e+00 2.818686e+00
1.268600e+00 2.830037e+00
1.268800e+00 2.841597e+00
1.269000e+00 2.853358e+00
1.269200e+00 2.865315e+00
1.269400e+00 2.877458e+00
1.269600e+00 2.889781e+00
1.269800e+00 2.902277e+00
1.270000e+00 2.914936e+00
1.270200e+00 2.927750e+00
1.270400e+00 2.940712e+00
1.270600e+00 2.953813e+00
1.270800e+00 2.967044e+00
1.271000e+00 2.980396e+00
1.271200e+00 2.993861e+00
1.271400e+00 3.007430e+00
1.271600e+00 3.021093e+00
1.271800e+00 3.034841e+00
1.272000e+00 3.048667e+00
1.272200e+00 3.062559e+00
1.272400e+00 3.076510e+00
1.272600e+00 3.090510e+00
1.272800e+00 3.104551e+00
1.273000e+00 3.118623e+00
1.273200e+00 3.132718e+00
1.273400e+00 3.146827e+00
1.273600e+00 3.160942e+00
1.273800e+00 3.175053e+00
1.274000e+00 3.189153e+00
1.274200e+00 3.203233e+00
1.274400e+00 3.217286e+00
1.274600e+00 3.231303e+00
1.274800e+00 3.245277e+00
1.275000e+00 3.259200e+00
1.275200e+00 3.273065e+00
1.275400e+00 3.286863e+00
1.275600e+00 3.300589e+00
1.275800e+00 3.314235e+00
1.276000e+00 3.327793e+00
1.276200e+00 3.341258e+00
1.276400e+00 3.354621e+00
1.276600e+00 3.367877e+00
1.276800e+00 3.381019e+00
1.277000e+00 3.394040e+00
1.277200e+00 3.406933e+00
1.277400e+00 3.419691e+00
1.277600e+00 3.432308e+00
1.277800e+00 3.444777e+00
1.278000e+00 3.457091e+00
1.278200e+00 3.469242e+00
1.278400e+00 3.481223e+00
1.278600e+00 3.493028e+00
1.278800e+00 3.504647e+00
1.279000e+00 3.516074e+00
1.279200e+00 3.527300e+00
1.279400e+00 3.538317e+00
1.279600e+00 3.549116e+00
1.279800e+00 3.559688e+00
1.280000e+00 3.570023e+00
1.280200e+00 3.580113e+00
1.280400e+00 3.589946e+00
1.280600e+00 3.599513e+00
1.280800e+00 3.608802e+00
1.281000e+00 3.617802e+00
1.281200e+00 3.626501e+00
1.281400e+00 3.634888e+00
1.281600e+00 3.642949e+00
1.281800e+00 3.650671e+00
1.282000e+00 3.658041e+00
1.282200e+00 3.665045e+00
1.282400e+00 3.671668e+00
1.282600e+00 3.677895e+00
1.282800e+00 3.683710e+00
1.283000e+00 3.689098e+00
1.283200e+00 3.694042e+00
1.283400e+00 3.698525e+00
1.283600e+00 3.702529e+00
1.283800e+00 3.706037e+00
1.284000e+00 3.709031e+00
1.284200e+00 3.711491e+00
1.284400e+00 3.713398e+00
1.284600e+00 3.714734e+00
1.284800e+00 3.715478e+00
1.285000e+00 3.715610e+00
1.285200e+00 3.715110e+00
1.285400e+00 3.713957e+00
1.285600e+00 3.712131e+00
1.285800e+00 3.709610e+00
1.286000e+00 3.706375e+00
1.286200e+00 3.702404e+00
1.286400e+00 3.697678e+00
1.286600e+00 3.692176e+00
1.286800e+00 3.685878e+00
1.287000e+00 3.678765e+00
1.287200e+00 3.670819e+00
1.287400e+00 3.662022e+00
1.287600e+00 3.652356e+00
1.287800e+00 3.641807e+00
1.288000e+00 3.630360e+00
1.288200e+00 3.618002e+00
1.288400e+00 3.604721e+00
1.288600e+00 3.590507e+00
1.288800e+00 3.575354e+00
1.289000e+00 3.559255e+00
1.289200e+00 3.542207e+00
1.289400e+00 3.524209e+00
1.289600e+00 3.505264e+00
1.289800e+00 3.485377e+00
1.290000e+00 3.464555e+00
1.290200e+00 3.442810e+00
1.290400e+00 3.420156e+00
1.290600e+00 3.396612e+00
1.290800e+00 3.372198e+00
1.291000e+00 3.346941e+00
1.291200e+00 3.320869e+00
1.291400e+00 3.294014e+00
1.291600e+00 3.266414e+00
1.291800e+00 3.238107e+00
1.292000e+00 3.209138e+00
1.292200e+00 3.179555e+00
1.292400e+00 3.149406e+00
1.292600e+00 3.118746e+00
1.292800e+00 3.087632e+00
1.293000e+00 3.056123e+00
1.293200e+00 3.024280e+00
1.293400e+00 2.992168e+00
1.293600e+00 2.959851e+00
1.293800e+00 2.927398e+00
1.294000e+00 2.894875e+00
1.294200e+00 2.862353e+00
1.294400e+00 2.829900e+00
1.294600e+00 2.797585e+00
1.294800e+00 2.765477e+00
1.295000e+00 2.733642e+00
1.295200e+00 2.702149e+00
1.295400e+00 2.671060e+00
1.295600e+00 2.640439e+00
1.295800e+00 2.610347e+00
1.296000e+00 2.580840e+00
1.296200e+00 2.551974e+00
1.296400e+00 2.523800e+00
1.296600e+00 2.496367e+00
1.296800e+00 2.469720e+00
1.297000e+00 2.443899e+00
1.297200e+00 2.418942e+00
1.297400e+00 2.394882e+00
1.297600e+00 2.371749e+00
1.297800e+00 2.349569e+00
1.298000e+00 2.328363e+00
1.298200e+00 2.308150e+00
1.298400e+00 2.288943e+00
1.298600e+00 2.270754e+00
1.298800e+00 2.253590e+00
1.299000e+00 2.237453e+00
1.299200e+00 2.222345e+00
1.299400e+00 2.208263e+00
1.299600e+00 2.195201e+00
1.299800e+00 2.183151e+00
