1.100000e+00 2.529035e+00
1.100200e+00 2.544531e+00
1.100400e+00 2.559691e+00
1.100600e+00 2.574505e+00
1.100800e+00 2.588968e+00
1.101000e+00 2.603074e+00
1.101200e+00 2.616818e+00
1.101400e+00 2.630194e+00
1.101600e+00 2.643199e+00
1.101800e+00 2.655830e+00
1.102000e+00 2.668084e+00
1.102200e+00 2.679960e+00
1.102400e+00 2.691455e+00
1.102600e+00 2.702568e+00
1.102800e+00 2.713300e+00
1.103000e+00 2.723651e+00
1.103200e+00 2.733619e+00
1.103400e+00 2.743207e+00
1.103600e+00 2.752415e+00
1.103800e+00 2.761244e+00
1.104000e+00 2.769696e+00
1.104200e+00 2.777772e+00
1.104400e+00 2.785473e+00
1.104600e+00 2.792801e+00
1.104800e+00 2.799758e+00
1.105000e+00 2.806344e+00
1.105200e+00 2.812562e+00
1.105400e+00 2.818413e+00
1.105600e+00 2.823897e+00
1.105800e+00 2.829017e+00
1.106000e+00 2.833772e+00
1.106200e+00 2.838164e+00
1.106400e+00 2.842194e+00
1.106600e+00 2.845861e+00
1.106800e+00 2.849168e+00
1.107000e+00 2.852113e+00
1.107200e+00 2.854697e+00
1.107400e+00 2.856922e+00
1.107600e+00 2.858787e+00
1.107800e+00 2.860293e+00
1.108000e+00 2.861441e+00
1.108200e+00 2.862232e+00
1.108400e+00 2.862667e+00
1.108600e+00 2.862748e+00
1.108800e+00 2.862477e+00
1.109000e+00 2.861857e+00
1.109200e+00 2.860890e+00
1.109400e+00 2.859579e+00
1.109600e+00 2.857930e+00
1.109800e+00 2.855947e+00
1.110000e+00 2.853634e+00
1.110200e+00 2.850999e+00
1.110400e+00 2.848049e+00
1.110600e+00 2.844790e+00
1.110800e+00 2.841232e+00
1.111000e+00 2.837383e+00
1.111200e+00 2.833254e+00
1.111400e+00 2.828855e+00
1.111600e+00 2.824198e+00
1.111800e+00 2.819295e+00
1.112000e+00 2.814159e+00
1.112200e+00 2.808803e+00
1.112400e+00 2.803241e+00
1.112600e+00 2.797489e+00
1.112800e+00 2.791561e+00
1.113000e+00 2.785473e+00
1.113200e+00 2.779241e+00
1.113400e+00 2.772882e+00
1.113600e+00 2.766412e+00
1.113800e+00 2.759847e+00
1.114000e+00 2.753206e+00
1.114200e+00 2.746505e+00
1.114400e+00 2.739761e+00
1.114600e+00 2.732991e+00
1.114800e+00 2.726211e+00
1.115000e+00 2.719440e+00
1.115200e+00 2.712693e+00
1.115400e+00 2.705986e+00
1.115600e+00 2.699335e+00
1.115800e+00 2.692756e+00
1.116000e+00 2.686264e+00
1.116200e+00 2.679873e+00
1.116400e+00 2.673597e+00
1.116600e+00 2.667449e+00
1.116800e+00 2.661443e+00
1.117000e+00 2.655591e+00
1.117200e+00 2.649904e+00
1.117400e+00 2.644394e+00
1.117600e+00 2.639070e+00
1.117800e+00 2.633942e+00
1.118000e+00 2.629019e+00
1.118200e+00 2.624308e+00
1.118400e+00 2.619818e+00
1.118600e+00 2.615555e+00
1.118800e+00 2.611525e+00
1.119000e+00 2.607732e+00
1.119200e+00 2.604181e+00
1.119400e+00 2.600877e+00
1.119600e+00 2.597820e+00
1.119800e+00 2.595015e+00
1.120000e+00 2.592461e+00
1.120200e+00 2.590160e+00
1.120400e+00 2.588111e+00
1.120600e+00 2.586313e+00
1.120800e+00 2.584766e+00
1.121000e+00 2.583466e+00
1.121200e+00 2.582410e+00
1.121400e+00 2.581596e+00
1.121600e+00 2.581019e+00
1.121800e+00 2.580673e+00
1.122000e+00 2.580553e+00
1.122200e+00 2.580654e+00
1.122400e+00 2.580967e+00
1.122600e+00 2.581487e+00
1.122800e+00 2.582205e+00
1.123000e+00 2.583113e+00
1.123200e+00 2.584202e+00
1.123400e+00 2.585463e+00
1.123600e+00 2.586886e+00
1.123800e+00 2.588461e+00
1.124000e+00 2.590178e+00
1.124200e+00 2.592026e+00
1.124400e+00 2.593994e+00
1.124600e+00 2.596071e+00
1.124800e+00 2.598245e+00
1.125000e+00 2.600505e+00
1.125200e+00 2.602839e+00
1.125400e+00 2.605236e+00
1.125600e+00 2.607682e+00
1.125800e+00 2.610168e+00
1.126000e+00 2.612680e+00
1.126200e+00 2.615208e+00
1.126400e+00 2.617740e+00
1.126600e+00 2.620264e+00
1.126800e+00 2.622770e+00
1.127000e+00 2.625246e+00
1.127200e+00 2.627683e+00
1.127400e+00 2.630069e+00
1.127600e+00 2.632396e+00
1.127800e+00 2.634654e+00
1.128000e+00 2.636834e+00
1.128200e+00 2.638928e+00
1.128400e+00 2.640929e+00
1.128600e+00 2.642827e+00
1.128800e+00 2.644618e+00
1.129000e+00 2.646295e+00
1.129200e+00 2.647852e+00
1.129400e+00 2.649285e+00
1.129600e+00 2.650589e+00
1.129800e+00 2.651760e+00
1.130000e+00 2.652796e+00
1.130200e+00 2.653694e+00
1.130400e+00 2.654453e+00
1.130600e+00 2.655070e+00
1.130800e+00 2.655547e+00
1.131000e+00 2.655881e+00
1.131200e+00 2.656075e+00
1.131400e+00 2.656130e+00
1.131600e+00 2.656046e+00
1.131800e+00 2.655826e+00
1.132000e+00 2.655473e+00
1.132200e+00 2.654989e+00
1.132400e+00 2.654378e+00
1.132600e+00 2.653644e+00
1.132800e+00 2.652790e+00
1.133000e+00 2.651822e+00
1.133200e+00 2.650743e+00
1.133400e+00 2.649558e+00
1.133600e+00 2.648273e+00
1.133800e+00 2.646891e+00
1.134000e+00 2.645419e+00
1.134200e+00 2.643861e+00
1.134400e+00 2.642223e+00
1.134600e+00 2.640509e+00
1.134800e+00 2.638724e+00
1.135000e+00 2.636873e+00
1.135200e+00 2.634962e+00
1.135400e+00 2.632994e+00
1.135600e+00 2.630973e+00
1.135800e+00 2.628904e+00
1.136000e+00 2.626790e+00
1.136200e+00 2.624635e+00
1.136400e+00 2.622441e+00
1.136600e+00 2.620212e+00
1.136800e+00 2.617948e+00
1.137000e+00 2.615653e+00
1.137200e+00 2.613327e+00
1.137400e+00 2.610972e+00
1.137600e+00 2.608588e+00
1.137800e+00 2.606174e+00
1.138000e+00 2.603730e+00
1.138200e+00 2.601254e+00
1.138400e+00 2.598747e+00
1.138600e+00 2.596204e+00
1.138800e+00 2.593623e+00
1.139000e+00 2.591002e+00
1.139200e+00 2.588336e+00
1.139400e+00 2.585622e+00
1.139600e+00 2.582854e+00
1.139800e+00 2.580027e+00
1.140000e+00 2.577135e+00
1.140200e+00 2.574173e+00
1.140400e+00 2.571133e+00
1.140600e+00 2.568009e+00
1.140800e+00 2.564793e+00
1.141000e+00 2.561477e+00
1.141200e+00 2.558053e+00
1.141400e+00 2.554512e+00
1.141600e+00 2.550846e+00
1.141800e+00 2.547045e+00
1.142000e+00 2.543100e+00
1.142200e+00 2.539002e+00
1.142400e+00 2.534741e+00
1.142600e+00 2.530308e+00
1.142800e+00 2.525692e+00
1.143000e+00 2.520885e+00
1.143200e+00 2.515876e+00
1.143400e+00 2.510656e+00
1.143600e+00 2.505217e+00
1.143800e+00 2.499548e+00
1.144000e+00 2.493641e+00
1.144200e+00 2.487487e+00
1.144400e+00 2.481080e+00
1.144600e+00 2.474410e+00
1.144800e+00 2.467471e+00
1.145000e+00 2.460257e+00
1.145200e+00 2.452760e+00
1.145400e+00 2.444977e+00
1.145600e+00 2.436903e+00
1.145800e+00 2.428533e+00
1.146000e+00 2.419864e+00
1.146200e+00 2.410895e+00
1.146400e+00 2.401623e+00
1.146600e+00 2.392049e+00
1.146800e+00 2.382172e+00
1.147000e+00 2.371993e+00
1.147200e+00 2.361515e+00
1.147400e+00 2.350741e+00
1.147600e+00 2.339674e+00
1.147800e+00 2.328320e+00
1.148000e+00 2.316683e+00
1.148200e+00 2.304772e+00
1.148400e+00 2.292593e+00
1.148600e+00 2.280155e+00
1.148800e+00 2.267467e+00
1.149000e+00 2.254539e+00
1.149200e+00 2.241382e+00
1.149400e+00 2.228007e+00
1.149600e+00 2.214428e+00
1.149800e+00 2.200656e+00
1.150000e+00 2.186706e+00
1.150200e+00 2.172591e+00
1.150400e+00 2.158327e+00
1.150600e+00 2.143927e+00
1.150800e+00 2.129409e+00
1.151000e+00 2.114787e+00
1.151200e+00 2.100078e+00
1.151400e+00 2.085298e+00
1.151600e+00 2.070464e+00
1.151800e+00 2.055593e+00
1.152000e+00 2.040702e+00
1.152200e+00 2.025807e+00
1.152400e+00 2.010926e+00
1.152600e+00 1.996076e+00
1.152800e+00 1.981273e+00
1.153000e+00 1.966535e+00
1.153200e+00 1.951878e+00
1.153400e+00 1.937319e+00
1.153600e+00 1.922874e+00
1.153800e+00 1.908560e+00
1.154000e+00 1.894392e+00
1.154200e+00 1.880387e+00
1.154400e+00 1.866559e+00
1.154600e+00 1.852925e+00
1.154800e+00 1.839498e+00
1.155000e+00 1.826293e+00
1.155200e+00 1.813326e+00
1.155400e+00 1.800609e+00
1.155600e+00 1.788157e+00
1.155800e+00 1.775984e+00
1.156000e+00 1.764101e+00
1.156200e+00 1.752523e+00
1.156400e+00 1.741262e+00
1.156600e+00 1.730330e+00
1.156800e+00 1.719740e+00
1.157000e+00 1.709502e+00
1.157200e+00 1.699630e+00
1.157400e+00 1.690134e+00
1.157600e+00 1.681025e+00
1.157800e+00 1.672315e+00
1.158000e+00 1.664014e+00
1.158200e+00 1.656132e+00
1.158400e+00 1.648682e+00
1.158600e+00 1.641672e+00
1.158800e+00 1.635113e+00
1.159000e+00 1.629015e+00
1.159200e+00 1.623388e+00
1.159400e+00 1.618242e+00
1.159600e+00 1.613587e+00
1.159800e+00 1.609432e+00
1.160000e+00 1.605786e+00
1.160200e+00 1.602660e+00
1.160400e+00 1.600063e+00
1.160600e+00 1.598003e+00
1.160800e+00 1.596491e+00
1.161000e+00 1.595535e+00
1.161200e+00 1.595143e+00
1.161400e+00 1.595326e+00
1.161600e+00 1.596091e+00
1.161800e+00 1.597447e+00
1.162000e+00 1.599402e+00
1.162200e+00 1.601963e+00
1.162400e+00 1.605140e+00
1.162600e+00 1.608939e+00
1.162800e+00 1.613367e+00
1.163000e+00 1.618431e+00
1.163200e+00 1.624137e+00
1.163400e+00 1.630491e+00
1.163600e+00 1.637497e+00
1.163800e+00 1.645162e+00
1.164000e+00 1.653487e+00
1.164200e+00 1.662478e+00
1.164400e+00 1.672135e+00
1.164600e+00 1.682460e+00
1.164800e+00 1.693455e+00
1.165000e+00 1.705118e+00
1.165200e+00 1.717448e+00
1.165400e+00 1.730443e+00
1.165600e+00 1.744098e+00
1.165800e+00 1.758409e+00
1.166000e+00 1.773369e+00
1.166200e+00 1.788971e+00
1.166400e+00 1.805206e+00
1.166600e+00 1.822065e+00
1.166800e+00 1.839537e+00
1.167000e+00 1.857609e+00
1.167200e+00 1.876271e+00
1.167400e+00 1.895511e+00
1.167600e+00 1.915318e+00
1.167800e+00 1.935685e+00
1.168000e+00 1.956609e+00
1.168200e+00 1.978100e+00
1.168400e+00 2.000188e+00
1.168600e+00 2.022950e+00
1.168800e+00 2.046584e+00
1.169000e+00 2.071725e+00
1.169200e+00 2.089730e+00
1.169400e+00 2.084617e+00
1.169600e+00 2.089497e+00
1.169800e+00 2.097422e+00
1.170000e+00 2.107081e+00
1.170200e+00 2.117937e+00
1.170400e+00 2.129706e+00
1.170600e+00 2.142212e+00
1.170800e+00 2.155339e+00
1.171000e+00 2.169000e+00
1.171200e+00 2.183127e+00
1.171400e+00 2.197668e+00
1.171600e+00 2.212577e+00
1.171800e+00 2.227814e+00
1.172000e+00 2.243344e+00
1.172200e+00 2.259133e+00
1.172400e+00 2.275151e+00
1.172600e+00 2.291369e+00
1.172800e+00 2.307759e+00
1.173000e+00 2.324294e+00
1.173200e+00 2.340946e+00
1.173400e+00 2.357690e+00
1.173600e+00 2.374500e+00
1.173800e+00 2.391351e+00
1.174000e+00 2.408217e+00
1.174200e+00 2.425072e+00
1.174400e+00 2.441894e+00
1.174600e+00 2.458656e+00
1.174800e+00 2.475335e+00
1.175000e+00 2.491908e+00
1.175200e+00 2.508351e+00
1.175400e+00 2.524641e+00
1.175600e+00 2.540757e+00
1.175800e+00 2.556677e+00
1.176000e+00 2.572380e+00
1.176200e+00 2.587847e+00
1.176400e+00 2.603059e+00
1.176600e+00 2.617997e+00
1.176800e+00 2.632646e+00
1.177000e+00 2.646989e+00
1.177200e+00 2.661011e+00
1.177400e+00 2.674701e+00
1.177600e+00 2.688045e+00
1.177800e+00 2.701034e+00
1.178000e+00 2.713659e+00
1.178200e+00 2.725912e+00
1.178400e+00 2.737788e+00
1.178600e+00 2.749283e+00
1.178800e+00 2.760393e+00
1.179000e+00 2.771117e+00
1.179200e+00 2.781457e+00
1.179400e+00 2.791415e+00
1.179600e+00 2.800994e+00
1.179800e+00 2.810200e+00
1.180000e+00 2.819040e+00
1.180200e+00 2.827523e+00
1.180400e+00 2.835657e+00
1.180600e+00 2.843455e+00
1.180800e+00 2.850930e+00
1.181000e+00 2.858096e+00
1.181200e+00 2.864967e+00
1.181400e+00 2.871560e+00
1.181600e+00 2.877894e+00
1.181800e+00 2.883986e+00
1.182000e+00 2.889857e+00
1.182200e+00 2.895526e+00
1.182400e+00 2.901015e+00
1.182600e+00 2.906346e+00
1.182800e+00 2.911542e+00
1.183000e+00 2.916625e+00
1.183200e+00 2.921619e+00
1.183400e+00 2.926549e+00
1.183600e+00 2.931438e+00
1.183800e+00 2.936312e+00
1.184000e+00 2.941195e+00
1.184200e+00 2.946111e+00
1.184400e+00 2.951087e+00
1.184600e+00 2.956147e+00
1.184800e+00 2.961316e+00
1.185000e+00 2.966619e+00
1.185200e+00 2.972080e+00
1.185400e+00 2.977724e+00
1.185600e+00 2.983575e+00
1.185800e+00 2.989656e+00
1.186000e+00 2.995993e+00
1.186200e+00 3.002607e+00
1.186400e+00 3.009521e+00
1.186600e+00 3.016757e+00
1.186800e+00 3.024338e+00
1.187000e+00 3.032283e+00
1.187200e+00 3.040615e+00
1.187400e+00 3.049353e+00
1.187600e+00 3.058515e+00
1.187800e+00 3.068121e+00
1.188000e+00 3.078188e+00
1.188200e+00 3.088734e+00
1.188400e+00 3.099774e+00
1.188600e+00 3.111324e+00
1.188800e+00 3.123397e+00
1.189000e+00 3.136008e+00
1.189200e+00 3.149169e+00
1.189400e+00 3.162890e+00
1.189600e+00 3.177181e+00
1.189800e+00 3.192052e+00
1.190000e+00 3.207509e+00
1.190200e+00 3.223557e+00
1.190400e+00 3.240202e+00
1.190600e+00 3.257446e+00
1.190800e+00 3.275290e+00
1.191000e+00 3.293732e+00
1.191200e+00 3.312770e+00
1.191400e+00 3.332398e+00
1.191600e+00 3.352611e+00
1.191800e+00 3.373397e+00
1.192000e+00 3.394745e+00
1.192200e+00 3.416641e+00
1.192400e+00 3.439067e+00
1.192600e+00 3.462004e+00
1.192800e+00 3.485428e+00
1.193000e+00 3.509313e+00
1.193200e+00 3.533631e+00
1.193400e+00 3.558349e+00
1.193600e+00 3.583432e+00
1.193800e+00 3.608840e+00
1.194000e+00 3.634532e+00
1.194200e+00 3.660461e+00
1.194400e+00 3.686578e+00
1.194600e+00 3.712831e+00
1.194800e+00 3.739163e+00
1.195000e+00 3.765516e+00
1.195200e+00 3.791828e+00
1.195400e+00 3.818034e+00
1.195600e+00 3.844065e+00
1.195800e+00 3.869854e+00
1.196000e+00 3.895326e+00
1.196200e+00 3.920411e+00
1.196400e+00 3.945031e+00
1.196600e+00 3.969113e+00
1.196800e+00 3.992582e+00
1.197000e+00 4.015361e+00
1.197200e+00 4.037377e+00
1.197400e+00 4.058558e+00
1.197600e+00 4.078832e+00
1.197800e+00 4.098134e+00
1.198000e+00 4.116397e+00
1.198200e+00 4.133563e+00
1.198400e+00 4.149576e+00
1.198600e+00 4.164385e+00
1.198800e+00 4.177945e+00
1.199000e+00 4.190219e+00
1.199200e+00 4.201172e+00
1.199400e+00 4.210780e+00
1.199600e+00 4.219023e+00
1.199800e+00 4.225890e+00
1.200000e+00 4.231376e+00
1.200200e+00 4.235481e+00
1.200400e+00 4.238216e+00
1.200600e+00 4.239593e+00
1.200800e+00 4.239636e+00
1.201000e+00 4.238370e+00
1.201200e+00 4.235828e+00
1.201400e+00 4.232046e+00
1.201600e+00 4.227066e+00
1.201800e+00 4.220934e+00
1.202000e+00 4.213696e+00
1.202200e+00 4.205404e+00
1.202400e+00 4.196111e+00
1.202600e+00 4.185870e+00
1.202800e+00 4.174739e+00
1.203000e+00 4.162771e+00
1.203200e+00 4.150024e+00
1.203400e+00 4.136554e+00
1.203600e+00 4.122415e+00
1.203800e+00 4.107662e+00
1.204000e+00 4.092347e+00
1.204200e+00 4.076524e+00
1.204400e+00 4.060241e+00
1.204600e+00 4.043547e+00
1.204800e+00 4.026490e+00
1.205000e+00 4.009113e+00
1.205200e+00 3.991460e+00
1.205400e+00 3.973573e+00
1.205600e+00 3.955490e+00
1.205800e+00 3.937250e+00
1.206000e+00 3.918887e+00
1.206200e+00 3.900436e+00
1.206400e+00 3.881931e+00
1.206600e+00 3.863400e+00
1.206800e+00 3.844875e+00
1.207000e+00 3.826383e+00
1.207200e+00 3.807952e+00
1.207400e+00 3.789606e+00
1.207600e+00 3.771371e+00
1.207800e+00 3.753270e+00
1.208000e+00 3.735325e+00
1.208200e+00 3.717559e+00
1.208400e+00 3.699991e+00
1.208600e+00 3.682642e+00
1.208800e+00 3.665531e+00
1.209000e+00 3.648677e+00
1.209200e+00 3.632097e+00
1.209400e+00 3.615810e+00
1.209600e+00 3.599831e+00
1.209800e+00 3.584177e+00
1.210000e+00 3.568865e+00
1.210200e+00 3.553909e+00
1.210400e+00 3.539324e+00
1.210600e+00 3.525126e+00
1.210800e+00 3.511328e+00
1.211000e+00 3.497945e+00
1.211200e+00 3.484990e+00
1.211400e+00 3.472477e+00
1.211600e+00 3.460419e+00
1.211800e+00 3.448829e+00
1.212000e+00 3.437720e+00
1.212200e+00 3.427104e+00
1.212400e+00 3.416994e+00
1.212600e+00 3.407402e+00
1.212800e+00 3.398340e+00
1.213000e+00 3.389820e+00
1.213200e+00 3.381853e+00
1.213400e+00 3.374452e+00
1.213600e+00 3.367627e+00
1.213800e+00 3.361390e+00
1.214000e+00 3.355753e+00
1.214200e+00 3.350725e+00
1.214400e+00 3.346318e+00
1.214600e+00 3.342543e+00
1.214800e+00 3.339409e+00
1.215000e+00 3.336926e+00
1.215200e+00 3.335104e+00
1.215400e+00 3.333952e+00
1.215600e+00 3.333479e+00
1.215800e+00 3.333692e+00
1.216000e+00 3.334599e+00
1.216200e+00 3.336206e+00
1.216400e+00 3.338519e+00
1.216600e+00 3.341541e+00
1.216800e+00 3.345277e+00
1.217000e+00 3.349727e+00
1.217200e+00 3.354891e+00
1.217400e+00 3.360768e+00
1.217600e+00 3.367351e+00
1.217800e+00 3.374636e+00
1.218000e+00 3.382610e+00
1.218200e+00 3.391262e+00
1.218400e+00 3.400573e+00
1.218600e+00 3.410524e+00
1.218800e+00 3.421088e+00
1.219000e+00 3.432235e+00
1.219200e+00 3.443929e+00
1.219400e+00 3.456127e+00
1.219600e+00 3.468783e+00
1.219800e+00 3.481839e+00
1.220000e+00 3.495235e+00
1.220200e+00 3.508900e+00
1.220400e+00 3.522757e+00
1.220600e+00 3.536720e+00
1.220800e+00 3.550695e+00
1.221000e+00 3.564582e+00
1.221200e+00 3.578271e+00
1.221400e+00 3.591647e+00
1.221600e+00 3.604589e+00
1.221800e+00 3.616969e+00
1.222000e+00 3.628658e+00
1.222200e+00 3.639523e+00
1.222400e+00 3.649432e+00
1.222600e+00 3.658255e+00
1.222800e+00 3.665868e+00
1.223000e+00 3.672151e+00
1.223200e+00 3.676997e+00
1.223400e+00 3.680310e+00
1.223600e+00 3.682009e+00
1.223800e+00 3.682030e+00
1.224000e+00 3.680330e+00
1.224200e+00 3.676886e+00
1.224400e+00 3.671696e+00
1.224600e+00 3.664782e+00
1.224800e+00 3.656189e+00
1.225000e+00 3.645983e+00
1.225200e+00 3.634249e+00
1.225400e+00 3.621093e+00
1.225600e+00 3.606636e+00
1.225800e+00 3.591012e+00
1.226000e+00 3.574368e+00
1.226200e+00 3.556856e+00
1.226400e+00 3.538632e+00
1.226600e+00 3.519854e+00
1.226800e+00 3.500679e+00
1.227000e+00 3.481259e+00
1.227200e+00 3.461740e+00
1.227400e+00 3.442257e+00
1.227600e+00 3.422937e+00
1.227800e+00 3.403897e+00
1.228000e+00 3.385240e+00
1.228200e+00 3.367057e+00
1.228400e+00 3.349425e+00
1.228600e+00 3.332412e+00
1.228800e+00 3.316071e+00
1.229000e+00 3.300443e+00
1.229200e+00 3.285559e+00
1.229400e+00 3.271439e+00
1.229600e+00 3.258094e+00
1.229800e+00 3.245526e+00
1.230000e+00 3.233727e+00
1.230200e+00 3.222683e+00
1.230400e+00 3.212375e+00
1.230600e+00 3.202775e+00
1.230800e+00 3.193853e+00
1.231000e+00 3.185572e+00
1.231200e+00 3.177893e+00
1.231400e+00 3.170773e+00
1.231600e+00 3.164165e+00
1.231800e+00 3.158022e+00
1.232000e+00 3.152294e+00
1.232200e+00 3.146931e+00
1.232400e+00 3.141879e+00
1.232600e+00 3.137086e+00
1.232800e+00 3.132500e+00
1.233000e+00 3.128068e+00
1.233200e+00 3.123737e+00
1.233400e+00 3.119457e+00
1.233600e+00 3.115176e+00
1.233800e+00 3.110845e+00
1.234000e+00 3.106417e+00
1.234200e+00 3.101846e+00
1.234400e+00 3.097088e+00
1.234600e+00 3.092103e+00
1.234800e+00 3.086851e+00
1.235000e+00 3.081295e+00
1.235200e+00 3.075404e+00
1.235400e+00 3.069146e+00
1.235600e+00 3.062494e+00
1.235800e+00 3.055425e+00
1.236000e+00 3.047918e+00
1.236200e+00 3.039957e+00
1.236400e+00 3.031528e+00
1.236600e+00 3.022620e+00
1.236800e+00 3.013228e+00
1.237000e+00 3.003349e+00
1.237200e+00 2.992982e+00
1.237400e+00 2.982131e+00
1.237600e+00 2.970803e+00
1.237800e+00 2.959007e+00
1.238000e+00 2.946756e+00
1.238200e+00 2.934065e+00
1.238400e+00 2.920950e+00
1.238600e+00 2.907433e+00
1.238800e+00 2.893534e+00
1.239000e+00 2.879277e+00
1.239200e+00 2.864686e+00
1.239400e+00 2.849788e+00
1.239600e+00 2.834609e+00
1.239800e+00 2.819178e+00
1.240000e+00 2.803524e+00
1.240200e+00 2.787675e+00
1.240400e+00 2.771659e+00
1.240600e+00 2.755507e+00
1.240800e+00 2.739247e+00
1.241000e+00 2.722907e+00
1.241200e+00 2.706515e+00
1.241400e+00 2.690099e+00
1.241600e+00 2.673685e+00
1.241800e+00 2.657297e+00
1.242000e+00 2.640962e+00
1.242200e+00 2.624702e+00
1.242400e+00 2.608540e+00
1.242600e+00 2.592498e+00
1.242800e+00 2.576595e+00
1.243000e+00 2.560850e+00
1.243200e+00 2.545281e+00
1.243400e+00 2.529904e+00
1.243600e+00 2.514736e+00
1.243800e+00 2.499789e+00
1.244000e+00 2.485078e+00
1.244200e+00 2.470614e+00
1.244400e+00 2.456407e+00
1.244600e+00 2.442468e+00
1.244800e+00 2.428805e+00
1.245000e+00 2.415426e+00
1.245200e+00 2.402339e+00
1.245400e+00 2.389548e+00
1.245600e+00 2.377059e+00
1.245800e+00 2.364876e+00
1.246000e+00 2.353004e+00
1.246200e+00 2.341445e+00
1.246400e+00 2.330201e+00
1.246600e+00 2.319274e+00
1.246800e+00 2.308666e+00
1.247000e+00 2.298377e+00
1.247200e+00 2.288408e+00
1.247400e+00 2.278758e+00
1.247600e+00 2.269426e+00
1.247800e+00 2.260413e+00
1.248000e+00 2.251716e+00
1.248200e+00 2.243334e+00
1.248400e+00 2.235266e+00
1.248600e+00 2.227509e+00
1.248800e+00 2.220062e+00
1.249000e+00 2.212922e+00
1.249200e+00 2.206087e+00
1.249400e+00 2.199554e+00
1.249600e+00 2.193320e+00
1.249800e+00 2.187383e+00
1.250000e+00 2.181740e+00
1.250200e+00 2.176388e+00
1.250400e+00 2.171324e+00
1.250600e+00 2.166545e+00
1.250800e+00 2.162048e+00
1.251000e+00 2.157831e+00
1.251200e+00 2.153890e+00
1.251400e+00 2.150223e+00
1.251600e+00 2.146826e+00
1.251800e+00 2.143696e+00
1.252000e+00 2.140832e+00
1.252200e+00 2.138229e+00
1.252400e+00 2.135886e+00
1.252600e+00 2.133800e+00
1.252800e+00 2.131968e+00
1.253000e+00 2.130388e+00
1.253200e+00 2.129056e+00
1.253400e+00 2.127972e+00
1.253600e+00 2.127132e+00
1.253800e+00 2.126534e+00
1.254000e+00 2.126176e+00
1.254200e+00 2.126057e+00
1.254400e+00 2.126173e+00
1.254600e+00 2.126523e+00
1.254800e+00 2.127106e+00
1.255000e+00 2.127920e+00
1.255200e+00 2.128962e+00
1.255400e+00 2.130231e+00
1.255600e+00 2.131726e+00
1.255800e+00 2.133446e+00
1.256000e+00 2.135389e+00
1.256200e+00 2.137553e+00
1.256400e+00 2.139938e+00
1.256600e+00 2.142543e+00
1.256800e+00 2.145366e+00
1.257000e+00 2.148407e+00
1.257200e+00 2.151665e+00
1.257400e+00 2.155138e+00
1.257600e+00 2.158827e+00
1.257800e+00 2.162731e+00
1.258000e+00 2.166849e+00
1.258200e+00 2.171181e+00
1.258400e+00 2.175726e+00
1.258600e+00 2.180484e+00
1.258800e+00 2.185456e+00
1.259000e+00 2.190639e+00
1.259200e+00 2.196036e+00
1.259400e+00 2.201645e+00
1.259600e+00 2.207467e+00
1.259800e+00 2.213501e+00
1.260000e+00 2.219749e+00
1.260200e+00 2.226210e+00
1.260400e+00 2.232884e+00
1.260600e+00 2.239772e+00
1.260800e+00 2.246875e+00
1.261000e+00 2.254192e+00
1.261200e+00 2.261725e+00
1.261400e+00 2.269474e+00
1.261600e+00 2.277440e+00
1.261800e+00 2.285623e+00
1.262000e+00 2.294025e+00
1.262200e+00 2.302646e+00
1.262400e+00 2.311486e+00
1.262600e+00 2.320548e+00
1.262800e+00 2.329831e+00
1.263000e+00 2.339338e+00
1.263200e+00 2.349068e+00
1.263400e+00 2.359024e+00
1.263600e+00 2.369206e+00
1.263800e+00 2.379616e+00
1.264000e+00 2.390254e+00
1.264200e+00 2.401122e+00
1.264400e+00 2.412221e+00
1.264600e+00 2.423553e+00
1.264800e+00 2.435119e+00
1.265000e+00 2.446919e+00
1.265200e+00 2.458956e+00
1.265400e+00 2.471231e+00
1.265600e+00 2.483745e+00
1.265800e+00 2.496499e+00
1.266000e+00 2.509494e+00
1.266200e+00 2.522733e+00
1.266400e+00 2.536215e+00
1.266600e+00 2.549942e+00
1.266800e+00 2.563916e+00
1.267000e+00 2.578137e+00
1.267200e+00 2.592605e+00
1.267400e+00 2.607323e+00
1.267600e+00 2.622290e+00
1.267800e+00 2.637507e+00
1.268000e+00 2.652975e+00
1.268200e+00 2.668693e+00
1.268400e+00 2.684661e+00
1.268600e+00 2.700880e+00
1.268800e+00 2.717349e+00
1.269000e+00 2.734067e+00
1.269200e+00 2.751033e+00
1.269400e+00 2.768245e+00
1.269600e+00 2.785701e+00
1.269800e+00 2.803400e+00
1.270000e+00 2.821337e+00
1.270200e+00 2.839511e+00
1.270400e+00 2.857917e+00
1.270600e+00 2.876550e+00
1.270800e+00 2.895405e+00
1.271000e+00 2.914475e+00
1.271200e+00 2.933755e+00
1.271400e+00 2.953236e+00
1.271600e+00 2.972909e+00
1.271800e+00 2.992764e+00
1.272000e+00 3.012791e+00
1.272200e+00 3.032976e+00
1.272400e+00 3.053307e+00
1.272600e+00 3.073769e+00
1.272800e+00 3.094344e+00
1.273000e+00 3.115016e+00
1.273200e+00 3.135764e+00
1.273400e+00 3.156568e+00
1.273600e+00 3.177404e+00
1.273800e+00 3.198247e+00
1.274000e+00 3.219071e+00
1.274200e+00 3.239848e+00
1.274400e+00 3.260547e+00
1.274600e+00 3.281135e+00
1.274800e+00 3.301579e+00
1.275000e+00 3.321843e+00
1.275200e+00 3.341889e+00
1.275400e+00 3.361678e+00
1.275600e+00 3.381169e+00
1.275800e+00 3.400321e+00
1.276000e+00 3.419090e+00
1.276200e+00 3.437433e+00
1.276400e+00 3.455306e+00
1.276600e+00 3.472663e+00
1.276800e+00 3.489460e+00
1.277000e+00 3.505654e+00
1.277200e+00 3.521201e+00
1.277400e+00 3.536058e+00
1.277600e+00 3.550186e+00
1.277800e+00 3.563546e+00
1.278000e+00 3.576101e+00
1.278200e+00 3.587819e+00
1.278400e+00 3.598670e+00
1.278600e+00 3.608626e+00
1.278800e+00 3.617665e+00
1.279000e+00 3.625769e+00
1.279200e+00 3.632922e+00
1.279400e+00 3.639114e+00
1.279600e+00 3.644340e+00
1.279800e+00 3.648598e+00
1.280000e+00 3.651891e+00
1.280200e+00 3.654227e+00
1.280400e+00 3.655617e+00
1.280600e+00 3.656078e+00
1.280800e+00 3.655629e+00
1.281000e+00 3.654293e+00
1.281200e+00 3.652097e+00
1.281400e+00 3.649070e+00
1.281600e+00 3.645244e+00
1.281800e+00 3.640654e+00
1.282000e+00 3.635336e+00
1.282200e+00 3.629327e+00
1.282400e+00 3.622667e+00
1.282600e+00 3.615396e+00
1.282800e+00 3.607554e+00
1.283000e+00 3.599183e+00
1.283200e+00 3.590322e+00
1.283400e+00 3.581014e+00
1.283600e+00 3.571299e+00
1.283800e+00 3.561217e+00
1.284000e+00 3.550806e+00
1.284200e+00 3.540106e+00
1.284400e+00 3.529153e+00
1.284600e+00 3.517983e+00
1.284800e+00 3.506633e+00
1.285000e+00 3.495134e+00
1.285200e+00 3.483520e+00
1.285400e+00 3.471820e+00
1.285600e+00 3.460066e+00
1.285800e+00 3.448283e+00
1.286000e+00 3.436498e+00
1.286200e+00 3.424737e+00
1.286400e+00 3.413021e+00
1.286600e+00 3.401373e+00
1.286800e+00 3.389811e+00
1.287000e+00 3.378356e+00
1.287200e+00 3.367021e+00
1.287400e+00 3.355824e+00
1.287600e+00 3.344777e+00
1.287800e+00 3.333891e+00
1.288000e+00 3.323177e+00
1.288200e+00 3.312643e+00
1.288400e+00 3.302296e+00
1.288600e+00 3.292142e+00
1.288800e+00 3.282184e+00
1.289000e+00 3.272425e+00
1.289200e+00 3.262865e+00
1.289400e+00 3.253504e+00
1.289600e+00 3.244339e+00
1.289800e+00 3.235369e+00
1.290000e+00 3.226588e+00
1.290200e+00 3.217990e+00
1.290400e+00 3.209568e+00
1.290600e+00 3.201315e+00
1.290800e+00 3.193222e+00
1.291000e+00 3.185279e+00
1.291200e+00 3.177474e+00
1.291400e+00 3.169797e+00
1.291600e+00 3.162235e+00
1.291800e+00 3.154775e+00
1.292000e+00 3.147405e+00
1.292200e+00 3.140111e+00
1.292400e+00 3.132879e+00
1.292600e+00 3.125695e+00
1.292800e+00 3.118544e+00
1.293000e+00 3.111413e+00
1.293200e+00 3.104287e+00
1.293400e+00 3.097153e+00
1.293600e+00 3.089998e+00
1.293800e+00 3.082807e+00
1.294000e+00 3.075569e+00
1.294200e+00 3.068271e+00
1.294400e+00 3.060902e+00
1.294600e+00 3.053450e+00
1.294800e+00 3.045905e+00
1.295000e+00 3.038259e+00
1.295200e+00 3.030501e+00
1.295400e+00 3.022624e+00
1.295600e+00 3.014622e+00
1.295800e+00 3.006487e+00
1.296000e+00 2.998216e+00
1.296200e+00 2.989802e+00
1.296400e+00 2.981243e+00
1.296600e+00 2.972536e+00
1.296800e+00 2.963679e+00
1.297000e+00 2.954672e+00
1.297200e+00 2.945513e+00
1.297400e+00 2.936204e+00
1.297600e+00 2.926746e+00
1.297800e+00 2.917141e+00
1.298000e+00 2.907391e+00
1.298200e+00 2.897500e+00
1.298400e+00 2.887472e+00
1.298600e+00 2.877312e+00
1.298800e+00 2.867023e+00
1.299000e+00 2.856613e+00
1.299200e+00 2.846085e+00
1.299400e+00 2.835448e+00
1.299600e+00 2.824706e+00
1.299800e+00 2.813867e+00
