1.100000e+00 3.398909e+00
1.100200e+00 3.391413e+00
1.100400e+00 3.384028e+00
1.100600e+00 3.376810e+00
1.100800e+00 3.369813e+00
1.101000e+00 3.363086e+00
1.101200e+00 3.356678e+00
1.101400e+00 3.350634e+00
1.101600e+00 3.344997e+00
1.101800e+00 3.339806e+00
1.102000e+00 3.335100e+00
1.102200e+00 3.330913e+00
1.102400e+00 3.327279e+00
1.102600e+00 3.324229e+00
1.102800e+00 3.321793e+00
1.103000e+00 3.319996e+00
1.103200e+00 3.318866e+00
1.103400e+00 3.318426e+00
1.103600e+00 3.318698e+00
1.103800e+00 3.319703e+00
1.104000e+00 3.321462e+00
1.104200e+00 3.323994e+00
1.104400e+00 3.327314e+00
1.104600e+00 3.331442e+00
1.104800e+00 3.336391e+00
1.105000e+00 3.342177e+00
1.105200e+00 3.348814e+00
1.105400e+00 3.356315e+00
1.105600e+00 3.364692e+00
1.105800e+00 3.373956e+00
1.106000e+00 3.384120e+00
1.106200e+00 3.395192e+00
1.106400e+00 3.407182e+00
1.106600e+00 3.420098e+00
1.106800e+00 3.433949e+00
1.107000e+00 3.448739e+00
1.107200e+00 3.464474e+00
1.107400e+00 3.481159e+00
1.107600e+00 3.498796e+00
1.107800e+00 3.517386e+00
1.108000e+00 3.536929e+00
1.108200e+00 3.557422e+00
1.108400e+00 3.578860e+00
1.108600e+00 3.601236e+00
1.108800e+00 3.624540e+00
1.109000e+00 3.648759e+00
1.109200e+00 3.673877e+00
1.109400e+00 3.699873e+00
1.109600e+00 3.726724e+00
1.109800e+00 3.754400e+00
1.110000e+00 3.782866e+00
1.110200e+00 3.812084e+00
1.110400e+00 3.842008e+00
1.110600e+00 3.872584e+00
1.110800e+00 3.903755e+00
1.111000e+00 3.935453e+00
1.111200e+00 3.967602e+00
1.111400e+00 4.000120e+00
1.111600e+00 4.032915e+00
1.111800e+00 4.065884e+00
1.112000e+00 4.098918e+00
1.112200e+00 4.131896e+00
1.112400e+00 4.164689e+00
1.112600e+00 4.197157e+00
1.112800e+00 4.229155e+00
1.113000e+00 4.260528e+00
1.113200e+00 4.291112e+00
1.113400e+00 4.320740e+00
1.113600e+00 4.349240e+00
1.113800e+00 4.376438e+00
1.114000e+00 4.402157e+00
1.114200e+00 4.426225e+00
1.114400e+00 4.448473e+00
1.114600e+00 4.468737e+00
1.114800e+00 4.486864e+00
1.115000e+00 4.502715e+00
1.115200e+00 4.516164e+00
1.115400e+00 4.527103e+00
1.115600e+00 4.535443e+00
1.115800e+00 4.541119e+00
1.116000e+00 4.544086e+00
1.116200e+00 4.544325e+00
1.116400e+00 4.541843e+00
1.116600e+00 4.536668e+00
1.116800e+00 4.528856e+00
1.117000e+00 4.518483e+00
1.117200e+00 4.505647e+00
1.117400e+00 4.490464e+00
1.117600e+00 4.473068e+00
1.117800e+00 4.453606e+00
1.118000e+00 4.432237e+00
1.118200e+00 4.409127e+00
1.118400e+00 4.384447e+00
1.118600e+00 4.358373e+00
1.118800e+00 4.331079e+00
1.119000e+00 4.302739e+00
1.119200e+00 4.273519e+00
1.119400e+00 4.243585e+00
1.119600e+00 4.213092e+00
1.119800e+00 4.182187e+00
1.120000e+00 4.151010e+00
1.120200e+00 4.119691e+00
1.120400e+00 4.088349e+00
1.120600e+00 4.057095e+00
1.120800e+00 4.026029e+00
1.121000e+00 3.995243e+00
1.121200e+00 3.964817e+00
1.121400e+00 3.934827e+00
1.121600e+00 3.905336e+00
1.121800e+00 3.876402e+00
1.122000e+00 3.848076e+00
1.122200e+00 3.820400e+00
1.122400e+00 3.793414e+00
1.122600e+00 3.767147e+00
1.122800e+00 3.741628e+00
1.123000e+00 3.716879e+00
1.123200e+00 3.692916e+00
1.123400e+00 3.669755e+00
1.123600e+00 3.647405e+00
1.123800e+00 3.625873e+00
1.124000e+00 3.605165e+00
1.124200e+00 3.585281e+00
1.124400e+00 3.566220e+00
1.124600e+00 3.547980e+00
1.124800e+00 3.530554e+00
1.125000e+00 3.513937e+00
1.125200e+00 3.498118e+00
1.125400e+00 3.483087e+00
1.125600e+00 3.468831e+00
1.125800e+00 3.455336e+00
1.126000e+00 3.442588e+00
1.126200e+00 3.430568e+00
1.126400e+00 3.419259e+00
1.126600e+00 3.408640e+00
1.126800e+00 3.398692e+00
1.127000e+00 3.389390e+00
1.127200e+00 3.380711e+00
1.127400e+00 3.372631e+00
1.127600e+00 3.365122e+00
1.127800e+00 3.358157e+00
1.128000e+00 3.351706e+00
1.128200e+00 3.345739e+00
1.128400e+00 3.340224e+00
1.128600e+00 3.335128e+00
1.128800e+00 3.330415e+00
1.129000e+00 3.326052e+00
1.129200e+00 3.322000e+00
1.129400e+00 3.318221e+00
1.129600e+00 3.314676e+00
1.129800e+00 3.311325e+00
1.130000e+00 3.308126e+00
1.130200e+00 3.305038e+00
1.130400e+00 3.302018e+00
1.130600e+00 3.299022e+00
1.130800e+00 3.296007e+00
1.131000e+00 3.292929e+00
1.131200e+00 3.289745e+00
1.131400e+00 3.286412e+00
1.131600e+00 3.282886e+00
1.131800e+00 3.279127e+00
1.132000e+00 3.275093e+00
1.132200e+00 3.270745e+00
1.132400e+00 3.266047e+00
1.132600e+00 3.260963e+00
1.132800e+00 3.255460e+00
1.133000e+00 3.249509e+00
1.133200e+00 3.243084e+00
1.133400e+00 3.236162e+00
1.133600e+00 3.228722e+00
1.133800e+00 3.220750e+00
1.134000e+00 3.212235e+00
1.134200e+00 3.203171e+00
1.134400e+00 3.193556e+00
1.134600e+00 3.183394e+00
1.134800e+00 3.172691e+00
1.135000e+00 3.161462e+00
1.135200e+00 3.149724e+00
1.135400e+00 3.137501e+00
1.135600e+00 3.124820e+00
1.135800e+00 3.111713e+00
1.136000e+00 3.098218e+00
1.136200e+00 3.084376e+00
1.136400e+00 3.070233e+00
1.136600e+00 3.055836e+00
1.136800e+00 3.041239e+00
1.137000e+00 3.026497e+00
1.137200e+00 3.011669e+00
1.137400e+00 2.996814e+00
1.137600e+00 2.981996e+00
1.137800e+00 2.967277e+00
1.138000e+00 2.952724e+00
1.138200e+00 2.938402e+00
1.138400e+00 2.924377e+00
1.138600e+00 2.910716e+00
1.138800e+00 2.897483e+00
1.139000e+00 2.884743e+00
1.139200e+00 2.872559e+00
1.139400e+00 2.860991e+00
1.139600e+00 2.850100e+00
1.139800e+00 2.839939e+00
1.140000e+00 2.830562e+00
1.140200e+00 2.822014e+00
1.140400e+00 2.814340e+00
1.140600e+00 2.807575e+00
1.140800e+00 2.801749e+00
1.141000e+00 2.796884e+00
1.141200e+00 2.792993e+00
1.141400e+00 2.790079e+00
1.141600e+00 2.788135e+00
1.141800e+00 2.787138e+00
1.142000e+00 2.787054e+00
1.142200e+00 2.787832e+00
1.142400e+00 2.789405e+00
1.142600e+00 2.791687e+00
1.142800e+00 2.794574e+00
1.143000e+00 2.797942e+00
1.143200e+00 2.801644e+00
1.143400e+00 2.805518e+00
1.143600e+00 2.809377e+00
1.143800e+00 2.813020e+00
1.144000e+00 2.816228e+00
1.144200e+00 2.818771e+00
1.144400e+00 2.820408e+00
1.144600e+00 2.820898e+00
1.144800e+00 2.820000e+00
1.145000e+00 2.817481e+00
1.145200e+00 2.813125e+00
1.145400e+00 2.806738e+00
1.145600e+00 2.798152e+00
1.145800e+00 2.787235e+00
1.146000e+00 2.773894e+00
1.146200e+00 2.758076e+00
1.146400e+00 2.739774e+00
1.146600e+00 2.719023e+00
1.146800e+00 2.695902e+00
1.147000e+00 2.670525e+00
1.147200e+00 2.643046e+00
1.147400e+00 2.613644e+00
1.147600e+00 2.582521e+00
1.147800e+00 2.549896e+00
1.148000e+00 2.515998e+00
1.148200e+00 2.481059e+00
1.148400e+00 2.445308e+00
1.148600e+00 2.408968e+00
1.148800e+00 2.372253e+00
1.149000e+00 2.335361e+00
1.149200e+00 2.298474e+00
1.149400e+00 2.261758e+00
1.149600e+00 2.225359e+00
1.149800e+00 2.189406e+00
1.150000e+00 2.154012e+00
1.150200e+00 2.119270e+00
1.150400e+00 2.085258e+00
1.150600e+00 2.052040e+00
1.150800e+00 2.019666e+00
1.151000e+00 1.988175e+00
1.151200e+00 1.957593e+00
1.151400e+00 1.927940e+00
1.151600e+00 1.899225e+00
1.151800e+00 1.871452e+00
1.152000e+00 1.844617e+00
1.152200e+00 1.818715e+00
1.152400e+00 1.793732e+00
1.152600e+00 1.769655e+00
1.152800e+00 1.746466e+00
1.153000e+00 1.724145e+00
1.153200e+00 1.702673e+00
1.153400e+00 1.682026e+00
1.153600e+00 1.662183e+00
1.153800e+00 1.643120e+00
1.154000e+00 1.624814e+00
1.154200e+00 1.607241e+00
1.154400e+00 1.590379e+00
1.154600e+00 1.574205e+00
1.154800e+00 1.558697e+00
1.155000e+00 1.543834e+00
1.155200e+00 1.529593e+00
1.155400e+00 1.515955e+00
1.155600e+00 1.502900e+00
1.155800e+00 1.490409e+00
1.156000e+00 1.478463e+00
1.156200e+00 1.467046e+00
1.156400e+00 1.456141e+00
1.156600e+00 1.445730e+00
1.156800e+00 1.435800e+00
1.157000e+00 1.426335e+00
1.157200e+00 1.417321e+00
1.157400e+00 1.408745e+00
1.157600e+00 1.400595e+00
1.157800e+00 1.392857e+00
1.158000e+00 1.385521e+00
1.158200e+00 1.378576e+00
1.158400e+00 1.372012e+00
1.158600e+00 1.365818e+00
1.158800e+00 1.359985e+00
1.159000e+00 1.354505e+00
1.159200e+00 1.349369e+00
1.159400e+00 1.344569e+00
1.159600e+00 1.340098e+00
1.159800e+00 1.335948e+00
1.160000e+00 1.332114e+00
1.160200e+00 1.328588e+00
1.160400e+00 1.325365e+00
1.160600e+00 1.322438e+00
1.160800e+00 1.319804e+00
1.161000e+00 1.317456e+00
1.161200e+00 1.315391e+00
1.161400e+00 1.313604e+00
1.161600e+00 1.312090e+00
1.161800e+00 1.310846e+00
1.162000e+00 1.309869e+00
1.162200e+00 1.309155e+00
1.162400e+00 1.308701e+00
1.162600e+00 1.308504e+00
1.162800e+00 1.308562e+00
1.163000e+00 1.308871e+00
1.163200e+00 1.309431e+00
1.163400e+00 1.310239e+00
1.163600e+00 1.311292e+00
1.163800e+00 1.312590e+00
1.164000e+00 1.314131e+00
1.164200e+00 1.315913e+00
1.164400e+00 1.317935e+00
1.164600e+00 1.320197e+00
1.164800e+00 1.322697e+00
1.165000e+00 1.325434e+00
1.165200e+00 1.328407e+00
1.165400e+00 1.331617e+00
1.165600e+00 1.335061e+00
1.165800e+00 1.338741e+00
1.166000e+00 1.342654e+00
1.166200e+00 1.346801e+00
1.166400e+00 1.351180e+00
1.166600e+00 1.355792e+00
1.166800e+00 1.360634e+00
1.167000e+00 1.365705e+00
1.167200e+00 1.371003e+00
1.167400e+00 1.376524e+00
1.167600e+00 1.382266e+00
1.167800e+00 1.388220e+00
1.168000e+00 1.394377e+00
1.168200e+00 1.400723e+00
1.168400e+00 1.407231e+00
1.168600e+00 1.413854e+00
1.168800e+00 1.420496e+00
1.169000e+00 1.426874e+00
1.169200e+00 1.435752e+00
1.169400e+00 1.453522e+00
1.169600e+00 1.468157e+00
1.169800e+00 1.482120e+00
1.170000e+00 1.495876e+00
1.170200e+00 1.509615e+00
1.170400e+00 1.523438e+00
1.170600e+00 1.537407e+00
1.170800e+00 1.551562e+00
1.171000e+00 1.565933e+00
1.171200e+00 1.580541e+00
1.171400e+00 1.595405e+00
1.171600e+00 1.610537e+00
1.171800e+00 1.625950e+00
1.172000e+00 1.641652e+00
1.172200e+00 1.657653e+00
1.172400e+00 1.673958e+00
1.172600e+00 1.690575e+00
1.172800e+00 1.707508e+00
1.173000e+00 1.724762e+00
1.173200e+00 1.742342e+00
1.173400e+00 1.760250e+00
1.173600e+00 1.778489e+00
1.173800e+00 1.797061e+00
1.174000e+00 1.815967e+00
1.174200e+00 1.835210e+00
1.174400e+00 1.854788e+00
1.174600e+00 1.874702e+00
1.174800e+00 1.894951e+00
1.175000e+00 1.915532e+00
1.175200e+00 1.936443e+00
1.175400e+00 1.957681e+00
1.175600e+00 1.979242e+00
1.175800e+00 2.001120e+00
1.176000e+00 2.023309e+00
1.176200e+00 2.045802e+00
1.176400e+00 2.068591e+00
1.176600e+00 2.091665e+00
1.176800e+00 2.115014e+00
1.177000e+00 2.138627e+00
1.177200e+00 2.162488e+00
1.177400e+00 2.186584e+00
1.177600e+00 2.210898e+00
1.177800e+00 2.235410e+00
1.178000e+00 2.260102e+00
1.178200e+00 2.284951e+00
1.178400e+00 2.309934e+00
1.178600e+00 2.335025e+00
1.178800e+00 2.360196e+00
1.179000e+00 2.385419e+00
1.179200e+00 2.410662e+00
1.179400e+00 2.435891e+00
1.179600e+00 2.461070e+00
1.179800e+00 2.486162e+00
1.180000e+00 2.511127e+00
1.180200e+00 2.535924e+00
1.180400e+00 2.560509e+00
1.180600e+00 2.584836e+00
1.180800e+00 2.608859e+00
1.181000e+00 2.632529e+00
1.181200e+00 2.655796e+00
1.181400e+00 2.678608e+00
1.181600e+00 2.700914e+00
1.181800e+00 2.722661e+00
1.182000e+00 2.743795e+00
1.182200e+00 2.764262e+00
1.182400e+00 2.784010e+00
1.182600e+00 2.802985e+00
1.182800e+00 2.821137e+00
1.183000e+00 2.838413e+00
1.183200e+00 2.854765e+00
1.183400e+00 2.870147e+00
1.183600e+00 2.884513e+00
1.183800e+00 2.897823e+00
1.184000e+00 2.910037e+00
1.184200e+00 2.921122e+00
1.184400e+00 2.931047e+00
1.184600e+00 2.939785e+00
1.184800e+00 2.947315e+00
1.185000e+00 2.953620e+00
1.185200e+00 2.958687e+00
1.185400e+00 2.962511e+00
1.185600e+00 2.965088e+00
1.185800e+00 2.966424e+00
1.186000e+00 2.966527e+00
1.186200e+00 2.965412e+00
1.186400e+00 2.963098e+00
1.186600e+00 2.959608e+00
1.186800e+00 2.954973e+00
1.187000e+00 2.949225e+00
1.187200e+00 2.942402e+00
1.187400e+00 2.934545e+00
1.187600e+00 2.925699e+00
1.187800e+00 2.915911e+00
1.188000e+00 2.905231e+00
1.188200e+00 2.893712e+00
1.188400e+00 2.881407e+00
1.188600e+00 2.868373e+00
1.188800e+00 2.854664e+00
1.189000e+00 2.840338e+00
1.189200e+00 2.825452e+00
1.189400e+00 2.810063e+00
1.189600e+00 2.794225e+00
1.189800e+00 2.777996e+00
1.190000e+00 2.761428e+00
1.190200e+00 2.744574e+00
1.190400e+00 2.727486e+00
1.190600e+00 2.710212e+00
1.190800e+00 2.692801e+00
1.191000e+00 2.675297e+00
1.191200e+00 2.657745e+00
1.191400e+00 2.640184e+00
1.191600e+00 2.622654e+00
1.191800e+00 2.605192e+00
1.192000e+00 2.587832e+00
1.192200e+00 2.570606e+00
1.192400e+00 2.553544e+00
1.192600e+00 2.536673e+00
1.192800e+00 2.520020e+00
1.193000e+00 2.503608e+00
1.193200e+00 2.487459e+00
1.193400e+00 2.471593e+00
1.193600e+00 2.456028e+00
1.193800e+00 2.440780e+00
1.194000e+00 2.425864e+00
1.194200e+00 2.411293e+00
1.194400e+00 2.397080e+00
1.194600e+00 2.383234e+00
1.194800e+00 2.369766e+00
1.195000e+00 2.356684e+00
1.195200e+00 2.343994e+00
1.195400e+00 2.331703e+00
1.195600e+00 2.319816e+00
1.195800e+00 2.308338e+00
1.196000e+00 2.297273e+00
1.196200e+00 2.286623e+00
1.196400e+00 2.276392e+00
1.196600e+00 2.266580e+00
1.196800e+00 2.257190e+00
1.197000e+00 2.248222e+00
1.197200e+00 2.239677e+00
1.197400e+00 2.231556e+00
1.197600e+00 2.223857e+00
1.197800e+00 2.216581e+00
1.198000e+00 2.209727e+00
1.198200e+00 2.203295e+00
1.198400e+00 2.197282e+00
1.198600e+00 2.191688e+00
1.198800e+00 2.186511e+00
1.199000e+00 2.181750e+00
1.199200e+00 2.177404e+00
1.199400e+00 2.173470e+00
1.199600e+00 2.169947e+00
1.199800e+00 2.166832e+00
1.200000e+00 2.164125e+00
1.200200e+00 2.161822e+00
1.200400e+00 2.159923e+00
1.200600e+00 2.158424e+00
1.200800e+00 2.157324e+00
1.201000e+00 2.156620e+00
1.201200e+00 2.156310e+00
1.201400e+00 2.156392e+00
1.201600e+00 2.156864e+00
1.201800e+00 2.157723e+00
1.202000e+00 2.158967e+00
1.202200e+00 2.160593e+00
1.202400e+00 2.162599e+00
1.202600e+00 2.164982e+00
1.202800e+00 2.167739e+00
1.203000e+00 2.170868e+00
1.203200e+00 2.174366e+00
1.203400e+00 2.178229e+00
1.203600e+00 2.182455e+00
1.203800e+00 2.187041e+00
1.204000e+00 2.191982e+00
1.204200e+00 2.197276e+00
1.204400e+00 2.202919e+00
1.204600e+00 2.208907e+00
1.204800e+00 2.215236e+00
1.205000e+00 2.221902e+00
1.205200e+00 2.228900e+00
1.205400e+00 2.236227e+00
1.205600e+00 2.243876e+00
1.205800e+00 2.251843e+00
1.206000e+00 2.260124e+00
1.206200e+00 2.268711e+00
1.206400e+00 2.277600e+00
1.206600e+00 2.286784e+00
1.206800e+00 2.296258e+00
1.207000e+00 2.306014e+00
1.207200e+00 2.316045e+00
1.207400e+00 2.326345e+00
1.207600e+00 2.336906e+00
1.207800e+00 2.347719e+00
1.208000e+00 2.358778e+00
1.208200e+00 2.370073e+00
1.208400e+00 2.381595e+00
1.208600e+00 2.393337e+00
1.208800e+00 2.405287e+00
1.209000e+00 2.417438e+00
1.209200e+00 2.429778e+00
1.209400e+00 2.442298e+00
1.209600e+00 2.454986e+00
1.209800e+00 2.467833e+00
1.210000e+00 2.480828e+00
1.210200e+00 2.493958e+00
1.210400e+00 2.507213e+00
1.210600e+00 2.520582e+00
1.210800e+00 2.534051e+00
1.211000e+00 2.547610e+00
1.211200e+00 2.561247e+00
1.211400e+00 2.574949e+00
1.211600e+00 2.588705e+00
1.211800e+00 2.602502e+00
1.212000e+00 2.616328e+00
1.212200e+00 2.630172e+00
1.212400e+00 2.644021e+00
1.212600e+00 2.657864e+00
1.212800e+00 2.671689e+00
1.213000e+00 2.685485e+00
1.213200e+00 2.699241e+00
1.213400e+00 2.712947e+00
1.213600e+00 2.726592e+00
1.213800e+00 2.740166e+00
1.214000e+00 2.753661e+00
1.214200e+00 2.767066e+00
1.214400e+00 2.780375e+00
1.214600e+00 2.793580e+00
1.214800e+00 2.806673e+00
1.215000e+00 2.819648e+00
1.215200e+00 2.832499e+00
1.215400e+00 2.845223e+00
1.215600e+00 2.857815e+00
1.215800e+00 2.870271e+00
1.216000e+00 2.882590e+00
1.216200e+00 2.894770e+00
1.216400e+00 2.906812e+00
1.216600e+00 2.918714e+00
1.216800e+00 2.930479e+00
1.217000e+00 2.942109e+00
1.217200e+00 2.953608e+00
1.217400e+00 2.964980e+00
1.217600e+00 2.976230e+00
1.217800e+00 2.987365e+00
1.218000e+00 2.998391e+00
1.218200e+00 3.009318e+00
1.218400e+00 3.020154e+00
1.218600e+00 3.030910e+00
1.218800e+00 3.041597e+00
1.219000e+00 3.052225e+00
1.219200e+00 3.062810e+00
1.219400e+00 3.073363e+00
1.219600e+00 3.083899e+00
1.219800e+00 3.094434e+00
1.220000e+00 3.104983e+00
1.220200e+00 3.115563e+00
1.220400e+00 3.126191e+00
1.220600e+00 3.136884e+00
1.220800e+00 3.147660e+00
1.221000e+00 3.158539e+00
1.221200e+00 3.169539e+00
1.221400e+00 3.180679e+00
1.221600e+00 3.191980e+00
1.221800e+00 3.203459e+00
1.222000e+00 3.215138e+00
1.222200e+00 3.227035e+00
1.222400e+00 3.239171e+00
1.222600e+00 3.251564e+00
1.222800e+00 3.264234e+00
1.223000e+00 3.277200e+00
1.223200e+00 3.290479e+00
1.223400e+00 3.304088e+00
1.223600e+00 3.318045e+00
1.223800e+00 3.332365e+00
1.224000e+00 3.347063e+00
1.224200e+00 3.362151e+00
1.224400e+00 3.377643e+00
1.224600e+00 3.393547e+00
1.224800e+00 3.409872e+00
1.225000e+00 3.426625e+00
1.225200e+00 3.443809e+00
1.225400e+00 3.461428e+00
1.225600e+00 3.479479e+00
1.225800e+00 3.497959e+00
1.226000e+00 3.516861e+00
1.226200e+00 3.536175e+00
1.226400e+00 3.555886e+00
1.226600e+00 3.575979e+00
1.226800e+00 3.596429e+00
1.227000e+00 3.617213e+00
1.227200e+00 3.638299e+00
1.227400e+00 3.659653e+00
1.227600e+00 3.681235e+00
1.227800e+00 3.703002e+00
1.228000e+00 3.724903e+00
1.228200e+00 3.746886e+00
1.228400e+00 3.768892e+00
1.228600e+00 3.790858e+00
1.228800e+00 3.812716e+00
1.229000e+00 3.834395e+00
1.229200e+00 3.855820e+00
1.229400e+00 3.876913e+00
1.229600e+00 3.897591e+00
1.229800e+00 3.917773e+00
1.230000e+00 3.937373e+00
1.230200e+00 3.956306e+00
1.230400e+00 3.974487e+00
1.230600e+00 3.991833e+00
1.230800e+00 4.008260e+00
1.231000e+00 4.023691e+00
1.231200e+00 4.038049e+00
1.231400e+00 4.051265e+00
1.231600e+00 4.063274e+00
1.231800e+00 4.074018e+00
1.232000e+00 4.083445e+00
1.232200e+00 4.091514e+00
1.232400e+00 4.098189e+00
1.232600e+00 4.103445e+00
1.232800e+00 4.107266e+00
1.233000e+00 4.109644e+00
1.233200e+00 4.110581e+00
1.233400e+00 4.110089e+00
1.233600e+00 4.108188e+00
1.233800e+00 4.104906e+00
1.234000e+00 4.100280e+00
1.234200e+00 4.094352e+00
1.234400e+00 4.087174e+00
1.234600e+00 4.078800e+00
1.234800e+00 4.069293e+00
1.235000e+00 4.058717e+00
1.235200e+00 4.047139e+00
1.235400e+00 4.034632e+00
1.235600e+00 4.021266e+00
1.235800e+00 4.007115e+00
1.236000e+00 3.992253e+00
1.236200e+00 3.976751e+00
1.236400e+00 3.960682e+00
1.236600e+00 3.944116e+00
1.236800e+00 3.927120e+00
1.237000e+00 3.909760e+00
1.237200e+00 3.892098e+00
1.237400e+00 3.874194e+00
1.237600e+00 3.856104e+00
1.237800e+00 3.837880e+00
1.238000e+00 3.819573e+00
1.238200e+00 3.801228e+00
1.238400e+00 3.782887e+00
1.238600e+00 3.764589e+00
1.238800e+00 3.746370e+00
1.239000e+00 3.728263e+00
1.239200e+00 3.710297e+00
1.239400e+00 3.692497e+00
1.239600e+00 3.674888e+00
1.239800e+00 3.657491e+00
1.240000e+00 3.640323e+00
1.240200e+00 3.623402e+00
1.240400e+00 3.606740e+00
1.240600e+00 3.590351e+00
1.240800e+00 3.574244e+00
1.241000e+00 3.558428e+00
1.241200e+00 3.542911e+00
1.241400e+00 3.527698e+00
1.241600e+00 3.512796e+00
1.241800e+00 3.498207e+00
1.242000e+00 3.483935e+00
1.242200e+00 3.469982e+00
1.242400e+00 3.456351e+00
1.242600e+00 3.443043e+00
1.242800e+00 3.430058e+00
1.243000e+00 3.417400e+00
1.243200e+00 3.405067e+00
1.243400e+00 3.393060e+00
1.243600e+00 3.381382e+00
1.243800e+00 3.370031e+00
1.244000e+00 3.359011e+00
1.244200e+00 3.348321e+00
1.244400e+00 3.337963e+00
1.244600e+00 3.327941e+00
1.244800e+00 3.318255e+00
1.245000e+00 3.308908e+00
1.245200e+00 3.299905e+00
1.245400e+00 3.291248e+00
1.245600e+00 3.282942e+00
1.245800e+00 3.274991e+00
1.246000e+00 3.267402e+00
1.246200e+00 3.260179e+00
1.246400e+00 3.253330e+00
1.246600e+00 3.246861e+00
1.246800e+00 3.240781e+00
1.247000e+00 3.235096e+00
1.247200e+00 3.229816e+00
1.247400e+00 3.224950e+00
1.247600e+00 3.220508e+00
1.247800e+00 3.216501e+00
1.248000e+00 3.212938e+00
1.248200e+00 3.209830e+00
1.248400e+00 3.207191e+00
1.248600e+00 3.205030e+00
1.248800e+00 3.203361e+00
1.249000e+00 3.202196e+00
1.249200e+00 3.201546e+00
1.249400e+00 3.201425e+00
1.249600e+00 3.201846e+00
1.249800e+00 3.202820e+00
1.250000e+00 3.204360e+00
1.250200e+00 3.206478e+00
1.250400e+00 3.209185e+00
1.250600e+00 3.212492e+00
1.250800e+00 3.216410e+00
1.251000e+00 3.220947e+00
1.251200e+00 3.226113e+00
1.251400e+00 3.231914e+00
1.251600e+00 3.238355e+00
1.251800e+00 3.245440e+00
1.252000e+00 3.253172e+00
1.252200e+00 3.261549e+00
1.252400e+00 3.270569e+00
1.252600e+00 3.280226e+00
1.252800e+00 3.290511e+00
1.253000e+00 3.301411e+00
1.253200e+00 3.312911e+00
1.253400e+00 3.324989e+00
1.253600e+00 3.337621e+00
1.253800e+00 3.350776e+00
1.254000e+00 3.364419e+00
1.254200e+00 3.378508e+00
1.254400e+00 3.392996e+00
1.254600e+00 3.407830e+00
1.254800e+00 3.422948e+00
1.255000e+00 3.438285e+00
1.255200e+00 3.453765e+00
1.255400e+00 3.469308e+00
1.255600e+00 3.484827e+00
1.255800e+00 3.500226e+00
1.256000e+00 3.515406e+00
1.256200e+00 3.530260e+00
1.256400e+00 3.544677e+00
1.256600e+00 3.558542e+00
1.256800e+00 3.571737e+00
1.257000e+00 3.584143e+00
1.257200e+00 3.595638e+00
1.257400e+00 3.606104e+00
1.257600e+00 3.615425e+00
1.257800e+00 3.623489e+00
1.258000e+00 3.630192e+00
1.258200e+00 3.635436e+00
1.258400e+00 3.639136e+00
1.258600e+00 3.641216e+00
1.258800e+00 3.641614e+00
1.259000e+00 3.640282e+00
1.259200e+00 3.637189e+00
1.259400e+00 3.632316e+00
1.259600e+00 3.625666e+00
1.259800e+00 3.617252e+00
1.260000e+00 3.607108e+00
1.260200e+00 3.595281e+00
1.260400e+00 3.581831e+00
1.260600e+00 3.566835e+00
1.260800e+00 3.550376e+00
1.261000e+00 3.532553e+00
1.261200e+00 3.513467e+00
1.261400e+00 3.493231e+00
1.261600e+00 3.471959e+00
1.261800e+00 3.449768e+00
1.262000e+00 3.426777e+00
1.262200e+00 3.403104e+00
1.262400e+00 3.378866e+00
1.262600e+00 3.354176e+00
1.262800e+00 3.329143e+00
1.263000e+00 3.303870e+00
1.263200e+00 3.278455e+00
1.263400e+00 3.252992e+00
1.263600e+00 3.227563e+00
1.263800e+00 3.202249e+00
1.264000e+00 3.177119e+00
1.264200e+00 3.152239e+00
1.264400e+00 3.127667e+00
1.264600e+00 3.103452e+00
1.264800e+00 3.079641e+00
1.265000e+00 3.056272e+00
1.265200e+00 3.033379e+00
1.265400e+00 3.010989e+00
1.265600e+00 2.989126e+00
1.265800e+00 2.967809e+00
1.266000e+00 2.947053e+00
1.266200e+00 2.926869e+00
1.266400e+00 2.907265e+00
1.266600e+00 2.888247e+00
1.266800e+00 2.869816e+00
1.267000e+00 2.851973e+00
1.267200e+00 2.834716e+00
1.267400e+00 2.818042e+00
1.267600e+00 2.801945e+00
1.267800e+00 2.786419e+00
1.268000e+00 2.771457e+00
1.268200e+00 2.757051e+00
1.268400e+00 2.743191e+00
1.268600e+00 2.729868e+00
1.268800e+00 2.717073e+00
1.269000e+00 2.704794e+00
1.269200e+00 2.693021e+00
1.269400e+00 2.681743e+00
1.269600e+00 2.670950e+00
1.269800e+00 2.660630e+00
1.270000e+00 2.650773e+00
1.270200e+00 2.641368e+00
1.270400e+00 2.632405e+00
1.270600e+00 2.623872e+00
1.270800e+00 2.615761e+00
1.271000e+00 2.608060e+00
1.271200e+00 2.600760e+00
1.271400e+00 2.593851e+00
1.271600e+00 2.587325e+00
1.271800e+00 2.581171e+00
1.272000e+00 2.575382e+00
1.272200e+00 2.569949e+00
1.272400e+00 2.564864e+00
1.272600e+00 2.560119e+00
1.272800e+00 2.555706e+00
1.273000e+00 2.551619e+00
1.273200e+00 2.547849e+00
1.273400e+00 2.544390e+00
1.273600e+00 2.541236e+00
1.273800e+00 2.538380e+00
1.274000e+00 2.535816e+00
1.274200e+00 2.533539e+00
1.274400e+00 2.531543e+00
1.274600e+00 2.529822e+00
1.274800e+00 2.528371e+00
1.275000e+00 2.527187e+00
1.275200e+00 2.526262e+00
1.275400e+00 2.525595e+00
1.275600e+00 2.525179e+00
1.275800e+00 2.525010e+00
1.276000e+00 2.525086e+00
1.276200e+00 2.525402e+00
1.276400e+00 2.525953e+00
1.276600e+00 2.526738e+00
1.276800e+00 2.527752e+00
1.277000e+00 2.528992e+00
1.277200e+00 2.530455e+00
1.277400e+00 2.532139e+00
1.277600e+00 2.534039e+00
1.277800e+00 2.536154e+00
1.278000e+00 2.538481e+00
1.278200e+00 2.541017e+00
1.278400e+00 2.543759e+00
1.278600e+00 2.546706e+00
1.278800e+00 2.549855e+00
1.279000e+00 2.553204e+00
1.279200e+00 2.556751e+00
1.279400e+00 2.560493e+00
1.279600e+00 2.564429e+00
1.279800e+00 2.568557e+00
1.280000e+00 2.572874e+00
1.280200e+00 2.577380e+00
1.280400e+00 2.582071e+00
1.280600e+00 2.586947e+00
1.280800e+00 2.592005e+00
1.281000e+00 2.597244e+00
1.281200e+00 2.602663e+00
1.281400e+00 2.608259e+00
1.281600e+00 2.614031e+00
1.281800e+00 2.619977e+00
1.282000e+00 2.626097e+00
1.282200e+00 2.632387e+00
1.282400e+00 2.638847e+00
1.282600e+00 2.645476e+00
1.282800e+00 2.652271e+00
1.283000e+00 2.659231e+00
1.283200e+00 2.666354e+00
1.283400e+00 2.673640e+00
1.283600e+00 2.681086e+00
1.283800e+00 2.688690e+00
1.284000e+00 2.696453e+00
1.284200e+00 2.704371e+00
1.284400e+00 2.712443e+00
1.284600e+00 2.720667e+00
1.284800e+00 2.729043e+00
1.285000e+00 2.737568e+00
1.285200e+00 2.746241e+00
1.285400e+00 2.755059e+00
1.285600e+00 2.764022e+00
1.285800e+00 2.773128e+00
1.286000e+00 2.782375e+00
1.286200e+00 2.791760e+00
1.286400e+00 2.801283e+00
1.286600e+00 2.810942e+00
1.286800e+00 2.820734e+00
1.287000e+00 2.830658e+00
1.287200e+00 2.840712e+00
1.287400e+00 2.850894e+00
1.287600e+00 2.861202e+00
1.287800e+00 2.871634e+00
1.288000e+00 2.882188e+00
1.288200e+00 2.892862e+00
1.288400e+00 2.903654e+00
1.288600e+00 2.914562e+00
1.288800e+00 2.925583e+00
1.289000e+00 2.936716e+00
1.289200e+00 2.947958e+00
1.289400e+00 2.959308e+00
1.289600e+00 2.970762e+00
1.289800e+00 2.982318e+00
1.290000e+00 2.993975e+00
1.290200e+00 3.005730e+00
1.290400e+00 3.017580e+00
1.290600e+00 3.029523e+00
1.290800e+00 3.041557e+00
1.291000e+00 3.053679e+00
1.291200e+00 3.065886e+00
1.291400e+00 3.078177e+00
1.291600e+00 3.090548e+00
1.291800e+00 3.102997e+00
1.292000e+00 3.115521e+00
1.292200e+00 3.128118e+00
1.292400e+00 3.140785e+00
1.292600e+00 3.153518e+00
1.292800e+00 3.166316e+00
1.293000e+00 3.179176e+00
1.293200e+00 3.192094e+00
1.293400e+00 3.205068e+00
1.293600e+00 3.218095e+00
1.293800e+00 3.231171e+00
1.294000e+00 3.244294e+00
1.294200e+00 3.257461e+00
1.294400e+00 3.270668e+00
1.294600e+00 3.283913e+00
1.294800e+00 3.297191e+00
1.295000e+00 3.310500e+00
1.295200e+00 3.323836e+00
1.295400e+00 3.337196e+00
1.295600e+00 3.350577e+00
1.295800e+00 3.363974e+00
1.296000e+00 3.377383e+00
1.296200e+00 3.390803e+00
1.296400e+00 3.404227e+00
1.296600e+00 3.417653e+00
1.296800e+00 3.431076e+00
1.297000e+00 3.444493e+00
1.297200e+00 3.457899e+00
1.297400e+00 3.471289e+00
1.297600e+00 3.484660e+00
1.297800e+00 3.498007e+00
1.298000e+00 3.511326e+00
1.298200e+00 3.524610e+00
1.298400e+00 3.537857e+00
1.298600e+00 3.551060e+00
1.298800e+00 3.564216e+00
1.299000e+00 3.577318e+00
1.299200e+00 3.590361e+00
1.299400e+00 3.603341e+00
1.299600e+00 3.616251e+00
1.299800e+00 3.629086e+00
