1.100000e+00 2.601710e+00
1.100200e+00 2.599634e+00
1.100400e+00 2.597458e+00
1.100600e+00 2.595177e+00
1.100800e+00 2.592788e+00
1.101000e+00 2.590286e+00
1.101200e+00 2.587667e+00
1.101400e+00 2.584927e+00
1.101600e+00 2.582065e+00
1.101800e+00 2.579078e+00
1.102000e+00 2.575964e+00
1.102200e+00 2.572724e+00
1.102400e+00 2.569357e+00
1.102600e+00 2.565863e+00
1.102800e+00 2.562245e+00
1.103000e+00 2.558504e+00
1.103200e+00 2.554644e+00
1.103400e+00 2.550669e+00
1.103600e+00 2.546582e+00
1.103800e+00 2.542389e+00
1.104000e+00 2.538097e+00
1.104200e+00 2.533711e+00
1.104400e+00 2.529239e+00
1.104600e+00 2.524689e+00
1.104800e+00 2.520068e+00
1.105000e+00 2.515387e+00
1.105200e+00 2.510654e+00
1.105400e+00 2.505879e+00
1.105600e+00 2.501072e+00
1.105800e+00 2.496242e+00
1.106000e+00 2.491401e+00
1.106200e+00 2.486558e+00
1.106400e+00 2.481725e+00
1.106600e+00 2.476911e+00
1.106800e+00 2.472128e+00
1.107000e+00 2.467385e+00
1.107200e+00 2.462692e+00
1.107400e+00 2.458060e+00
1.107600e+00 2.453498e+00
1.107800e+00 2.449016e+00
1.108000e+00 2.444622e+00
1.108200e+00 2.440325e+00
1.108400e+00 2.436133e+00
1.108600e+00 2.432054e+00
1.108800e+00 2.428094e+00
1.109000e+00 2.424262e+00
1.109200e+00 2.420562e+00
1.109400e+00 2.417001e+00
1.109600e+00 2.413583e+00
1.109800e+00 2.410314e+00
1.110000e+00 2.407197e+00
1.110200e+00 2.404237e+00
1.110400e+00 2.401435e+00
1.110600e+00 2.398795e+00
1.110800e+00 2.396319e+00
1.111000e+00 2.394008e+00
1.111200e+00 2.391864e+00
1.111400e+00 2.389886e+00
1.111600e+00 2.388076e+00
1.111800e+00 2.386432e+00
1.112000e+00 2.384955e+00
1.112200e+00 2.383643e+00
1.112400e+00 2.382495e+00
1.112600e+00 2.381509e+00
1.112800e+00 2.380684e+00
1.113000e+00 2.380015e+00
1.113200e+00 2.379502e+00
1.113400e+00 2.379141e+00
1.113600e+00 2.378928e+00
1.113800e+00 2.378861e+00
1.114000e+00 2.378936e+00
1.114200e+00 2.379149e+00
1.114400e+00 2.379496e+00
1.114600e+00 2.379973e+00
1.114800e+00 2.380576e+00
1.115000e+00 2.381300e+00
1.115200e+00 2.382141e+00
1.115400e+00 2.383094e+00
1.115600e+00 2.384155e+00
1.115800e+00 2.385319e+00
1.116000e+00 2.386581e+00
1.116200e+00 2.387937e+00
1.116400e+00 2.389381e+00
1.116600e+00 2.390910e+00
1.116800e+00 2.392517e+00
1.117000e+00 2.394198e+00
1.117200e+00 2.395949e+00
1.117400e+00 2.397765e+00
1.117600e+00 2.399640e+00
1.117800e+00 2.401570e+00
1.118000e+00 2.403551e+00
1.118200e+00 2.405577e+00
1.118400e+00 2.407644e+00
1.118600e+00 2.409747e+00
1.118800e+00 2.411882e+00
1.119000e+00 2.414044e+00
1.119200e+00 2.416228e+00
1.119400e+00 2.418430e+00
1.119600e+00 2.420645e+00
1.119800e+00 2.422870e+00
1.120000e+00 2.425099e+00
1.120200e+00 2.427327e+00
1.120400e+00 2.429552e+00
1.120600e+00 2.431767e+00
1.120800e+00 2.433969e+00
1.121000e+00 2.436153e+00
1.121200e+00 2.438314e+00
1.121400e+00 2.440449e+00
1.121600e+00 2.442552e+00
1.121800e+00 2.444619e+00
1.122000e+00 2.446646e+00
1.122200e+00 2.448627e+00
1.122400e+00 2.450557e+00
1.122600e+00 2.452433e+00
1.122800e+00 2.454248e+00
1.123000e+00 2.455999e+00
1.123200e+00 2.457679e+00
1.123400e+00 2.459283e+00
1.123600e+00 2.460807e+00
1.123800e+00 2.462244e+00
1.124000e+00 2.463589e+00
1.124200e+00 2.464837e+00
1.124400e+00 2.465980e+00
1.124600e+00 2.467014e+00
1.124800e+00 2.467933e+00
1.125000e+00 2.468729e+00
1.125200e+00 2.469397e+00
1.125400e+00 2.469930e+00
1.125600e+00 2.470321e+00
1.125800e+00 2.470564e+00
1.126000e+00 2.470652e+00
1.126200e+00 2.470577e+00
1.126400e+00 2.470334e+00
1.126600e+00 2.469915e+00
1.126800e+00 2.469313e+00
1.127000e+00 2.468520e+00
1.127200e+00 2.467531e+00
1.127400e+00 2.466338e+00
1.127600e+00 2.464933e+00
1.127800e+00 2.463312e+00
1.128000e+00 2.461466e+00
1.128200e+00 2.459390e+00
1.128400e+00 2.457077e+00
1.128600e+00 2.454522e+00
1.128800e+00 2.451720e+00
1.129000e+00 2.448664e+00
1.129200e+00 2.445351e+00
1.129400e+00 2.441776e+00
1.129600e+00 2.437936e+00
1.129800e+00 2.433828e+00
1.130000e+00 2.429449e+00
1.130200e+00 2.424797e+00
1.130400e+00 2.419871e+00
1.130600e+00 2.414671e+00
1.130800e+00 2.409197e+00
1.131000e+00 2.403452e+00
1.131200e+00 2.397436e+00
1.131400e+00 2.391152e+00
1.131600e+00 2.384606e+00
1.131800e+00 2.377801e+00
1.132000e+00 2.370743e+00
1.132200e+00 2.363439e+00
1.132400e+00 2.355897e+00
1.132600e+00 2.348124e+00
1.132800e+00 2.340131e+00
1.133000e+00 2.331927e+00
1.133200e+00 2.323524e+00
1.133400e+00 2.314933e+00
1.133600e+00 2.306167e+00
1.133800e+00 2.297240e+00
1.134000e+00 2.288165e+00
1.134200e+00 2.278956e+00
1.134400e+00 2.269629e+00
1.134600e+00 2.260199e+00
1.134800e+00 2.250683e+00
1.135000e+00 2.241095e+00
1.135200e+00 2.231453e+00
1.135400e+00 2.221773e+00
1.135600e+00 2.212072e+00
1.135800e+00 2.202366e+00
1.136000e+00 2.192671e+00
1.136200e+00 2.183005e+00
1.136400e+00 2.173383e+00
1.136600e+00 2.163822e+00
1.136800e+00 2.154337e+00
1.137000e+00 2.144943e+00
1.137200e+00 2.135655e+00
1.137400e+00 2.126487e+00
1.137600e+00 2.117453e+00
1.137800e+00 2.108567e+00
1.138000e+00 2.099841e+00
1.138200e+00 2.091287e+00
1.138400e+00 2.082916e+00
1.138600e+00 2.074739e+00
1.138800e+00 2.066767e+00
1.139000e+00 2.059009e+00
1.139200e+00 2.051473e+00
1.139400e+00 2.044167e+00
1.139600e+00 2.037099e+00
1.139800e+00 2.030276e+00
1.140000e+00 2.023703e+00
1.140200e+00 2.017387e+00
1.140400e+00 2.011331e+00
1.140600e+00 2.005539e+00
1.140800e+00 2.000016e+00
1.141000e+00 1.994765e+00
1.141200e+00 1.989787e+00
1.141400e+00 1.985085e+00
1.141600e+00 1.980660e+00
1.141800e+00 1.976512e+00
1.142000e+00 1.972643e+00
1.142200e+00 1.969051e+00
1.142400e+00 1.965737e+00
1.142600e+00 1.962700e+00
1.142800e+00 1.959938e+00
1.143000e+00 1.957449e+00
1.143200e+00 1.955232e+00
1.143400e+00 1.953285e+00
1.143600e+00 1.951603e+00
1.143800e+00 1.950186e+00
1.144000e+00 1.949029e+00
1.144200e+00 1.948128e+00
1.144400e+00 1.947481e+00
1.144600e+00 1.947083e+00
1.144800e+00 1.946931e+00
1.145000e+00 1.947019e+00
1.145200e+00 1.947344e+00
1.145400e+00 1.947900e+00
1.145600e+00 1.948683e+00
1.145800e+00 1.949689e+00
1.146000e+00 1.950911e+00
1.146200e+00 1.952344e+00
1.146400e+00 1.953985e+00
1.146600e+00 1.955826e+00
1.146800e+00 1.957862e+00
1.147000e+00 1.960089e+00
1.147200e+00 1.962499e+00
1.147400e+00 1.965089e+00
1.147600e+00 1.967851e+00
1.147800e+00 1.970781e+00
1.148000e+00 1.973871e+00
1.148200e+00 1.977117e+00
1.148400e+00 1.980513e+00
1.148600e+00 1.984053e+00
1.148800e+00 1.987730e+00
1.149000e+00 1.991539e+00
1.149200e+00 1.995475e+00
1.149400e+00 1.999531e+00
1.149600e+00 2.003702e+00
1.149800e+00 2.007981e+00
1.150000e+00 2.012364e+00
1.150200e+00 2.016844e+00
1.150400e+00 2.021417e+00
1.150600e+00 2.026075e+00
1.150800e+00 2.030815e+00
1.151000e+00 2.035631e+00
1.151200e+00 2.040517e+00
1.151400e+00 2.045468e+00
1.151600e+00 2.050479e+00
1.151800e+00 2.055546e+00
1.152000e+00 2.060663e+00
1.152200e+00 2.065826e+00
1.152400e+00 2.071029e+00
1.152600e+00 2.076270e+00
1.152800e+00 2.081543e+00
1.153000e+00 2.086844e+00
1.153200e+00 2.092170e+00
1.153400e+00 2.097515e+00
1.153600e+00 2.102877e+00
1.153800e+00 2.108253e+00
1.154000e+00 2.113638e+00
1.154200e+00 2.119029e+00
1.154400e+00 2.124424e+00
1.154600e+00 2.129819e+00
1.154800e+00 2.135211e+00
1.155000e+00 2.140599e+00
1.155200e+00 2.145980e+00
1.155400e+00 2.151351e+00
1.155600e+00 2.156711e+00
1.155800e+00 2.162057e+00
1.156000e+00 2.167389e+00
1.156200e+00 2.172703e+00
1.156400e+00 2.178000e+00
1.156600e+00 2.183277e+00
1.156800e+00 2.188534e+00
1.157000e+00 2.193770e+00
1.157200e+00 2.198984e+00
1.157400e+00 2.204176e+00
1.157600e+00 2.209345e+00
1.157800e+00 2.214490e+00
1.158000e+00 2.219613e+00
1.158200e+00 2.224712e+00
1.158400e+00 2.229788e+00
1.158600e+00 2.234841e+00
1.158800e+00 2.239872e+00
1.159000e+00 2.244880e+00
1.159200e+00 2.249867e+00
1.159400e+00 2.254834e+00
1.159600e+00 2.259781e+00
1.159800e+00 2.264709e+00
1.160000e+00 2.269619e+00
1.160200e+00 2.274513e+00
1.160400e+00 2.279391e+00
1.160600e+00 2.284255e+00
1.160800e+00 2.289107e+00
1.161000e+00 2.293947e+00
1.161200e+00 2.298777e+00
1.161400e+00 2.303599e+00
1.161600e+00 2.308415e+00
1.161800e+00 2.313227e+00
1.162000e+00 2.318035e+00
1.162200e+00 2.322842e+00
1.162400e+00 2.327650e+00
1.162600e+00 2.332460e+00
1.162800e+00 2.337276e+00
1.163000e+00 2.342098e+00
1.163200e+00 2.346929e+00
1.163400e+00 2.351771e+00
1.163600e+00 2.356626e+00
1.163800e+00 2.361497e+00
1.164000e+00 2.366385e+00
1.164200e+00 2.371293e+00
1.164400e+00 2.376224e+00
1.164600e+00 2.381180e+00
1.164800e+00 2.386164e+00
1.165000e+00 2.391178e+00
1.165200e+00 2.396225e+00
1.165400e+00 2.401308e+00
1.165600e+00 2.406431e+00
1.165800e+00 2.411596e+00
1.166000e+00 2.416806e+00
1.166200e+00 2.422067e+00
1.166400e+00 2.427382e+00
1.166600e+00 2.432756e+00
1.166800e+00 2.438193e+00
1.167000e+00 2.443701e+00
1.167200e+00 2.449286e+00
1.167400e+00 2.454956e+00
1.167600e+00 2.460722e+00
1.167800e+00 2.466597e+00
1.168000e+00 2.472597e+00
1.168200e+00 2.478747e+00
1.168400e+00 2.485081e+00
1.168600e+00 2.491655e+00
1.168800e+00 2.498577e+00
1.169000e+00 2.506122e+00
1.169200e+00 2.520017e+00
1.169400e+00 2.532991e+00
1.169600e+00 2.542776e+00
1.169800e+00 2.551527e+00
1.170000e+00 2.559650e+00
1.170200e+00 2.567310e+00
1.170400e+00 2.574590e+00
1.170600e+00 2.581537e+00
1.170800e+00 2.588183e+00
1.171000e+00 2.594546e+00
1.171200e+00 2.600640e+00
1.171400e+00 2.606475e+00
1.171600e+00 2.612057e+00
1.171800e+00 2.617391e+00
1.172000e+00 2.622481e+00
1.172200e+00 2.627330e+00
1.172400e+00 2.631942e+00
1.172600e+00 2.636318e+00
1.172800e+00 2.640462e+00
1.173000e+00 2.644375e+00
1.173200e+00 2.648063e+00
1.173400e+00 2.651526e+00
1.173600e+00 2.654770e+00
1.173800e+00 2.657798e+00
1.174000e+00 2.660615e+00
1.174200e+00 2.663226e+00
1.174400e+00 2.665635e+00
1.174600e+00 2.667850e+00
1.174800e+00 2.669877e+00
1.175000e+00 2.671722e+00
1.175200e+00 2.673392e+00
1.175400e+00 2.674897e+00
1.175600e+00 2.676244e+00
1.175800e+00 2.677441e+00
1.176000e+00 2.678499e+00
1.176200e+00 2.679426e+00
1.176400e+00 2.680233e+00
1.176600e+00 2.680929e+00
1.176800e+00 2.681525e+00
1.177000e+00 2.682032e+00
1.177200e+00 2.682461e+00
1.177400e+00 2.682823e+00
1.177600e+00 2.683129e+00
1.177800e+00 2.683391e+00
1.178000e+00 2.683620e+00
1.178200e+00 2.683827e+00
1.178400e+00 2.684024e+00
1.178600e+00 2.684223e+00
1.178800e+00 2.684434e+00
1.179000e+00 2.684670e+00
1.179200e+00 2.684942e+00
1.179400e+00 2.685259e+00
1.179600e+00 2.685635e+00
1.179800e+00 2.686078e+00
1.180000e+00 2.686601e+00
1.180200e+00 2.687212e+00
1.180400e+00 2.687923e+00
1.180600e+00 2.688743e+00
1.180800e+00 2.689683e+00
1.181000e+00 2.690750e+00
1.181200e+00 2.691956e+00
1.181400e+00 2.693308e+00
1.181600e+00 2.694815e+00
1.181800e+00 2.696487e+00
1.182000e+00 2.698330e+00
1.182200e+00 2.700354e+00
1.182400e+00 2.702566e+00
1.182600e+00 2.704973e+00
1.182800e+00 2.707584e+00
1.183000e+00 2.710405e+00
1.183200e+00 2.713443e+00
1.183400e+00 2.716706e+00
1.183600e+00 2.720200e+00
1.183800e+00 2.723931e+00
1.184000e+00 2.727906e+00
1.184200e+00 2.732133e+00
1.184400e+00 2.736616e+00
1.184600e+00 2.741362e+00
1.184800e+00 2.746377e+00
1.185000e+00 2.751668e+00
1.185200e+00 2.757241e+00
1.185400e+00 2.763102e+00
1.185600e+00 2.769256e+00
1.185800e+00 2.775711e+00
1.186000e+00 2.782472e+00
1.186200e+00 2.789546e+00
1.186400e+00 2.796939e+00
1.186600e+00 2.804657e+00
1.186800e+00 2.812707e+00
1.187000e+00 2.821096e+00
1.187200e+00 2.829831e+00
1.187400e+00 2.838918e+00
1.187600e+00 2.848364e+00
1.187800e+00 2.858176e+00
1.188000e+00 2.868362e+00
1.188200e+00 2.878930e+00
1.188400e+00 2.889886e+00
1.188600e+00 2.901238e+00
1.188800e+00 2.912995e+00
1.189000e+00 2.925163e+00
1.189200e+00 2.937752e+00
1.189400e+00 2.950770e+00
1.189600e+00 2.964224e+00
1.189800e+00 2.978123e+00
1.190000e+00 2.992476e+00
1.190200e+00 3.007290e+00
1.190400e+00 3.022573e+00
1.190600e+00 3.038335e+00
1.190800e+00 3.054584e+00
1.191000e+00 3.071326e+00
1.191200e+00 3.088570e+00
1.191400e+00 3.106323e+00
1.191600e+00 3.124591e+00
1.191800e+00 3.143382e+00
1.192000e+00 3.162701e+00
1.192200e+00 3.182552e+00
1.192400e+00 3.202940e+00
1.192600e+00 3.223868e+00
1.192800e+00 3.245338e+00
1.193000e+00 3.267350e+00
1.193200e+00 3.289903e+00
1.193400e+00 3.312995e+00
1.193600e+00 3.336621e+00
1.193800e+00 3.360774e+00
1.194000e+00 3.385444e+00
1.194200e+00 3.410620e+00
1.194400e+00 3.436285e+00
1.194600e+00 3.462422e+00
1.194800e+00 3.489009e+00
1.195000e+00 3.516019e+00
1.195200e+00 3.543421e+00
1.195400e+00 3.571182e+00
1.195600e+00 3.599260e+00
1.195800e+00 3.627610e+00
1.196000e+00 3.656182e+00
1.196200e+00 3.684918e+00
1.196400e+00 3.713755e+00
1.196600e+00 3.742625e+00
1.196800e+00 3.771451e+00
1.197000e+00 3.800151e+00
1.197200e+00 3.828635e+00
1.197400e+00 3.856809e+00
1.197600e+00 3.884571e+00
1.197800e+00 3.911812e+00
1.198000e+00 3.938419e+00
1.198200e+00 3.964273e+00
1.198400e+00 3.989252e+00
1.198600e+00 4.013229e+00
1.198800e+00 4.036076e+00
1.199000e+00 4.057663e+00
1.199200e+00 4.077859e+00
1.199400e+00 4.096536e+00
1.199600e+00 4.113568e+00
1.199800e+00 4.128835e+00
1.200000e+00 4.142222e+00
1.200200e+00 4.153622e+00
1.200400e+00 4.162936e+00
1.200600e+00 4.170079e+00
1.200800e+00 4.174977e+00
1.201000e+00 4.177569e+00
1.201200e+00 4.177809e+00
1.201400e+00 4.175667e+00
1.201600e+00 4.171128e+00
1.201800e+00 4.164196e+00
1.202000e+00 4.154889e+00
1.202200e+00 4.143242e+00
1.202400e+00 4.129304e+00
1.202600e+00 4.113141e+00
1.202800e+00 4.094831e+00
1.203000e+00 4.074465e+00
1.203200e+00 4.052144e+00
1.203400e+00 4.027979e+00
1.203600e+00 4.002087e+00
1.203800e+00 3.974594e+00
1.204000e+00 3.945626e+00
1.204200e+00 3.915315e+00
1.204400e+00 3.883792e+00
1.204600e+00 3.851188e+00
1.204800e+00 3.817632e+00
1.205000e+00 3.783250e+00
1.205200e+00 3.748165e+00
1.205400e+00 3.712492e+00
1.205600e+00 3.676343e+00
1.205800e+00 3.639825e+00
1.206000e+00 3.603035e+00
1.206200e+00 3.566066e+00
1.206400e+00 3.529004e+00
1.206600e+00 3.491926e+00
1.206800e+00 3.454905e+00
1.207000e+00 3.418006e+00
1.207200e+00 3.381287e+00
1.207400e+00 3.344803e+00
1.207600e+00 3.308601e+00
1.207800e+00 3.272722e+00
1.208000e+00 3.237206e+00
1.208200e+00 3.202085e+00
1.208400e+00 3.167389e+00
1.208600e+00 3.133143e+00
1.208800e+00 3.099371e+00
1.209000e+00 3.066094e+00
1.209200e+00 3.033328e+00
1.209400e+00 3.001091e+00
1.209600e+00 2.969396e+00
1.209800e+00 2.938258e+00
1.210000e+00 2.907688e+00
1.210200e+00 2.877697e+00
1.210400e+00 2.848298e+00
1.210600e+00 2.819500e+00
1.210800e+00 2.791314e+00
1.211000e+00 2.763751e+00
1.211200e+00 2.736821e+00
1.211400e+00 2.710535e+00
1.211600e+00 2.684904e+00
1.211800e+00 2.659940e+00
1.212000e+00 2.635654e+00
1.212200e+00 2.612059e+00
1.212400e+00 2.589167e+00
1.212600e+00 2.566992e+00
1.212800e+00 2.545546e+00
1.213000e+00 2.524843e+00
1.213200e+00 2.504896e+00
1.213400e+00 2.485720e+00
1.213600e+00 2.467329e+00
1.213800e+00 2.449736e+00
1.214000e+00 2.432955e+00
1.214200e+00 2.417000e+00
1.214400e+00 2.401885e+00
1.214600e+00 2.387622e+00
1.214800e+00 2.374225e+00
1.215000e+00 2.361705e+00
1.215200e+00 2.350073e+00
1.215400e+00 2.339342e+00
1.215600e+00 2.329521e+00
1.215800e+00 2.320620e+00
1.216000e+00 2.312647e+00
1.216200e+00 2.305610e+00
1.216400e+00 2.299516e+00
1.216600e+00 2.294370e+00
1.216800e+00 2.290179e+00
1.217000e+00 2.286945e+00
1.217200e+00 2.284671e+00
1.217400e+00 2.283359e+00
1.217600e+00 2.283011e+00
1.217800e+00 2.283626e+00
1.218000e+00 2.285203e+00
1.218200e+00 2.287739e+00
1.218400e+00 2.291232e+00
1.218600e+00 2.295678e+00
1.218800e+00 2.301071e+00
1.219000e+00 2.307406e+00
1.219200e+00 2.314676e+00
1.219400e+00 2.322874e+00
1.219600e+00 2.331990e+00
1.219800e+00 2.342017e+00
1.220000e+00 2.352943e+00
1.220200e+00 2.364758e+00
1.220400e+00 2.377451e+00
1.220600e+00 2.391010e+00
1.220800e+00 2.405422e+00
1.221000e+00 2.420672e+00
1.221200e+00 2.436748e+00
1.221400e+00 2.453635e+00
1.221600e+00 2.471316e+00
1.221800e+00 2.489776e+00
1.222000e+00 2.508998e+00
1.222200e+00 2.528964e+00
1.222400e+00 2.549656e+00
1.222600e+00 2.571056e+00
1.222800e+00 2.593142e+00
1.223000e+00 2.615895e+00
1.223200e+00 2.639292e+00
1.223400e+00 2.663313e+00
1.223600e+00 2.687932e+00
1.223800e+00 2.713126e+00
1.224000e+00 2.738869e+00
1.224200e+00 2.765135e+00
1.224400e+00 2.791895e+00
1.224600e+00 2.819120e+00
1.224800e+00 2.846779e+00
1.225000e+00 2.874840e+00
1.225200e+00 2.903269e+00
1.225400e+00 2.932031e+00
1.225600e+00 2.961089e+00
1.225800e+00 2.990403e+00
1.226000e+00 3.019933e+00
1.226200e+00 3.049635e+00
1.226400e+00 3.079465e+00
1.226600e+00 3.109375e+00
1.226800e+00 3.139316e+00
1.227000e+00 3.169237e+00
1.227200e+00 3.199085e+00
1.227400e+00 3.228802e+00
1.227600e+00 3.258332e+00
1.227800e+00 3.287614e+00
1.228000e+00 3.316586e+00
1.228200e+00 3.345185e+00
1.228400e+00 3.373343e+00
1.228600e+00 3.400994e+00
1.228800e+00 3.428068e+00
1.229000e+00 3.454496e+00
1.229200e+00 3.480207e+00
1.229400e+00 3.505129e+00
1.229600e+00 3.529190e+00
1.229800e+00 3.552319e+00
1.230000e+00 3.574445e+00
1.230200e+00 3.595498e+00
1.230400e+00 3.615409e+00
1.230600e+00 3.634113e+00
1.230800e+00 3.651546e+00
1.231000e+00 3.667647e+00
1.231200e+00 3.682359e+00
1.231400e+00 3.695629e+00
1.231600e+00 3.707410e+00
1.231800e+00 3.717658e+00
1.232000e+00 3.726336e+00
1.232200e+00 3.733413e+00
1.232400e+00 3.738863e+00
1.232600e+00 3.742667e+00
1.232800e+00 3.744815e+00
1.233000e+00 3.745302e+00
1.233200e+00 3.744130e+00
1.233400e+00 3.741309e+00
1.233600e+00 3.736855e+00
1.233800e+00 3.730793e+00
1.234000e+00 3.723152e+00
1.234200e+00 3.713969e+00
1.234400e+00 3.703288e+00
1.234600e+00 3.691156e+00
1.234800e+00 3.677629e+00
1.235000e+00 3.662764e+00
1.235200e+00 3.646624e+00
1.235400e+00 3.629276e+00
1.235600e+00 3.610791e+00
1.235800e+00 3.591239e+00
1.236000e+00 3.570695e+00
1.236200e+00 3.549236e+00
1.236400e+00 3.526938e+00
1.236600e+00 3.503878e+00
1.236800e+00 3.480134e+00
1.237000e+00 3.455781e+00
1.237200e+00 3.430895e+00
1.237400e+00 3.405550e+00
1.237600e+00 3.379819e+00
1.237800e+00 3.353773e+00
1.238000e+00 3.327479e+00
1.238200e+00 3.301003e+00
1.238400e+00 3.274408e+00
1.238600e+00 3.247755e+00
1.238800e+00 3.221100e+00
1.239000e+00 3.194499e+00
1.239200e+00 3.168002e+00
1.239400e+00 3.141657e+00
1.239600e+00 3.115510e+00
1.239800e+00 3.089603e+00
1.240000e+00 3.063974e+00
1.240200e+00 3.038659e+00
1.240400e+00 3.013693e+00
1.240600e+00 2.989104e+00
1.240800e+00 2.964921e+00
1.241000e+00 2.941169e+00
1.241200e+00 2.917870e+00
1.241400e+00 2.895044e+00
1.241600e+00 2.872709e+00
1.241800e+00 2.850881e+00
1.242000e+00 2.829573e+00
1.242200e+00 2.808797e+00
1.242400e+00 2.788562e+00
1.242600e+00 2.768877e+00
1.242800e+00 2.749747e+00
1.243000e+00 2.731177e+00
1.243200e+00 2.713171e+00
1.243400e+00 2.695730e+00
1.243600e+00 2.678855e+00
1.243800e+00 2.662545e+00
1.244000e+00 2.646799e+00
1.244200e+00 2.631613e+00
1.244400e+00 2.616983e+00
1.244600e+00 2.602904e+00
1.244800e+00 2.589372e+00
1.245000e+00 2.576378e+00
1.245200e+00 2.563916e+00
1.245400e+00 2.551977e+00
1.245600e+00 2.540552e+00
1.245800e+00 2.529632e+00
1.246000e+00 2.519206e+00
1.246200e+00 2.509264e+00
1.246400e+00 2.499793e+00
1.246600e+00 2.490782e+00
1.246800e+00 2.482219e+00
1.247000e+00 2.474089e+00
1.247200e+00 2.466379e+00
1.247400e+00 2.459076e+00
1.247600e+00 2.452165e+00
1.247800e+00 2.445630e+00
1.248000e+00 2.439456e+00
1.248200e+00 2.433628e+00
1.248400e+00 2.428129e+00
1.248600e+00 2.422943e+00
1.248800e+00 2.418052e+00
1.249000e+00 2.413440e+00
1.249200e+00 2.409089e+00
1.249400e+00 2.404982e+00
1.249600e+00 2.401100e+00
1.249800e+00 2.397425e+00
1.250000e+00 2.393938e+00
1.250200e+00 2.390622e+00
1.250400e+00 2.387458e+00
1.250600e+00 2.384426e+00
1.250800e+00 2.381508e+00
1.251000e+00 2.378686e+00
1.251200e+00 2.375939e+00
1.251400e+00 2.373251e+00
1.251600e+00 2.370601e+00
1.251800e+00 2.367972e+00
1.252000e+00 2.365345e+00
1.252200e+00 2.362703e+00
1.252400e+00 2.360027e+00
1.252600e+00 2.357301e+00
1.252800e+00 2.354507e+00
1.253000e+00 2.351629e+00
1.253200e+00 2.348650e+00
1.253400e+00 2.345556e+00
1.253600e+00 2.342332e+00
1.253800e+00 2.338963e+00
1.254000e+00 2.335436e+00
1.254200e+00 2.331738e+00
1.254400e+00 2.327858e+00
1.254600e+00 2.323783e+00
1.254800e+00 2.319504e+00
1.255000e+00 2.315011e+00
1.255200e+00 2.310296e+00
1.255400e+00 2.305350e+00
1.255600e+00 2.300168e+00
1.255800e+00 2.294743e+00
1.256000e+00 2.289071e+00
1.256200e+00 2.283148e+00
1.256400e+00 2.276972e+00
1.256600e+00 2.270539e+00
1.256800e+00 2.263850e+00
1.257000e+00 2.256905e+00
1.257200e+00 2.249704e+00
1.257400e+00 2.242250e+00
1.257600e+00 2.234545e+00
1.257800e+00 2.226593e+00
1.258000e+00 2.218398e+00
1.258200e+00 2.209967e+00
1.258400e+00 2.201303e+00
1.258600e+00 2.192415e+00
1.258800e+00 2.183310e+00
1.259000e+00 2.173995e+00
1.259200e+00 2.164480e+00
1.259400e+00 2.154772e+00
1.259600e+00 2.144882e+00
1.259800e+00 2.134820e+00
1.260000e+00 2.124595e+00
1.260200e+00 2.114218e+00
1.260400e+00 2.103700e+00
1.260600e+00 2.093052e+00
1.260800e+00 2.082285e+00
1.261000e+00 2.071410e+00
1.261200e+00 2.060439e+00
1.261400e+00 2.049382e+00
1.261600e+00 2.038252e+00
1.261800e+00 2.027059e+00
1.262000e+00 2.015815e+00
1.262200e+00 2.004530e+00
1.262400e+00 1.993216e+00
1.262600e+00 1.981884e+00
1.262800e+00 1.970543e+00
1.263000e+00 1.959204e+00
1.263200e+00 1.947877e+00
1.263400e+00 1.936573e+00
1.263600e+00 1.925299e+00
1.263800e+00 1.914067e+00
1.264000e+00 1.902883e+00
1.264200e+00 1.891758e+00
1.264400e+00 1.880700e+00
1.264600e+00 1.869715e+00
1.264800e+00 1.858813e+00
1.265000e+00 1.847999e+00
1.265200e+00 1.837282e+00
1.265400e+00 1.826667e+00
1.265600e+00 1.816162e+00
1.265800e+00 1.805771e+00
1.266000e+00 1.795501e+00
1.266200e+00 1.785357e+00
1.266400e+00 1.775343e+00
1.266600e+00 1.765465e+00
1.266800e+00 1.755728e+00
1.267000e+00 1.746134e+00
1.267200e+00 1.736688e+00
1.267400e+00 1.727394e+00
1.267600e+00 1.718255e+00
1.267800e+00 1.709274e+00
1.268000e+00 1.700454e+00
1.268200e+00 1.691797e+00
1.268400e+00 1.683306e+00
1.268600e+00 1.674984e+00
1.268800e+00 1.666831e+00
1.269000e+00 1.658851e+00
1.269200e+00 1.651044e+00
1.269400e+00 1.643412e+00
1.269600e+00 1.635957e+00
1.269800e+00 1.628679e+00
1.270000e+00 1.621580e+00
1.270200e+00 1.614661e+00
1.270400e+00 1.607922e+00
1.270600e+00 1.601365e+00
1.270800e+00 1.594989e+00
1.271000e+00 1.588795e+00
1.271200e+00 1.582784e+00
1.271400e+00 1.576957e+00
1.271600e+00 1.571312e+00
1.271800e+00 1.565851e+00
1.272000e+00 1.560574e+00
1.272200e+00 1.555480e+00
1.272400e+00 1.550571e+00
1.272600e+00 1.545845e+00
1.272800e+00 1.541303e+00
1.273000e+00 1.536945e+00
1.273200e+00 1.532771e+00
1.273400e+00 1.528780e+00
1.273600e+00 1.524974e+00
1.273800e+00 1.521350e+00
1.274000e+00 1.517911e+00
1.274200e+00 1.514654e+00
1.274400e+00 1.511581e+00
1.274600e+00 1.508692e+00
1.274800e+00 1.505985e+00
1.275000e+00 1.503462e+00
1.275200e+00 1.501122e+00
1.275400e+00 1.498965e+00
1.275600e+00 1.496991e+00
1.275800e+00 1.495201e+00
1.276000e+00 1.493593e+00
1.276200e+00 1.492170e+00
1.276400e+00 1.490930e+00
1.276600e+00 1.489874e+00
1.276800e+00 1.489002e+00
1.277000e+00 1.488315e+00
1.277200e+00 1.487813e+00
1.277400e+00 1.487496e+00
1.277600e+00 1.487364e+00
1.277800e+00 1.487419e+00
1.278000e+00 1.487660e+00
1.278200e+00 1.488089e+00
1.278400e+00 1.488706e+00
1.278600e+00 1.489511e+00
1.278800e+00 1.490506e+00
1.279000e+00 1.491692e+00
1.279200e+00 1.493069e+00
1.279400e+00 1.494638e+00
1.279600e+00 1.496400e+00
1.279800e+00 1.498358e+00
1.280000e+00 1.500510e+00
1.280200e+00 1.502860e+00
1.280400e+00 1.505408e+00
1.280600e+00 1.508156e+00
1.280800e+00 1.511105e+00
1.281000e+00 1.514257e+00
1.281200e+00 1.517613e+00
1.281400e+00 1.521175e+00
1.281600e+00 1.524945e+00
1.281800e+00 1.528925e+00
1.282000e+00 1.533116e+00
1.282200e+00 1.537521e+00
1.282400e+00 1.542141e+00
1.282600e+00 1.546979e+00
1.282800e+00 1.552038e+00
1.283000e+00 1.557318e+00
1.283200e+00 1.562824e+00
1.283400e+00 1.568556e+00
1.283600e+00 1.574518e+00
1.283800e+00 1.580712e+00
1.284000e+00 1.587141e+00
1.284200e+00 1.593808e+00
1.284400e+00 1.600714e+00
1.284600e+00 1.607864e+00
1.284800e+00 1.615259e+00
1.285000e+00 1.622903e+00
1.285200e+00 1.630799e+00
1.285400e+00 1.638949e+00
1.285600e+00 1.647356e+00
1.285800e+00 1.656024e+00
1.286000e+00 1.664955e+00
1.286200e+00 1.674153e+00
1.286400e+00 1.683620e+00
1.286600e+00 1.693358e+00
1.286800e+00 1.703372e+00
1.287000e+00 1.713664e+00
1.287200e+00 1.724237e+00
1.287400e+00 1.735092e+00
1.287600e+00 1.746233e+00
1.287800e+00 1.757662e+00
1.288000e+00 1.769381e+00
1.288200e+00 1.781393e+00
1.288400e+00 1.793698e+00
1.288600e+00 1.806299e+00
1.288800e+00 1.819196e+00
1.289000e+00 1.832391e+00
1.289200e+00 1.845884e+00
1.289400e+00 1.859676e+00
1.289600e+00 1.873765e+00
1.289800e+00 1.888151e+00
1.290000e+00 1.902832e+00
1.290200e+00 1.917807e+00
1.290400e+00 1.933073e+00
1.290600e+00 1.948626e+00
1.290800e+00 1.964462e+00
1.291000e+00 1.980576e+00
1.291200e+00 1.996961e+00
1.291400e+00 2.013611e+00
1.291600e+00 2.030517e+00
1.291800e+00 2.047669e+00
1.292000e+00 2.065056e+00
1.292200e+00 2.082667e+00
1.292400e+00 2.100487e+00
1.292600e+00 2.118500e+00
1.292800e+00 2.136691e+00
1.293000e+00 2.155039e+00
1.293200e+00 2.173524e+00
1.293400e+00 2.192123e+00
1.293600e+00 2.210811e+00
1.293800e+00 2.229561e+00
1.294000e+00 2.248343e+00
1.294200e+00 2.267127e+00
1.294400e+00 2.285878e+00
1.294600e+00 2.304561e+00
1.294800e+00 2.323135e+00
1.295000e+00 2.341561e+00
1.295200e+00 2.359796e+00
1.295400e+00 2.377793e+00
1.295600e+00 2.395505e+00
1.295800e+00 2.412882e+00
1.296000e+00 2.429873e+00
1.296200e+00 2.446425e+00
1.296400e+00 2.462484e+00
1.296600e+00 2.477993e+00
1.296800e+00 2.492896e+00
1.297000e+00 2.507137e+00
1.297200e+00 2.520659e+00
1.297400e+00 2.533406e+00
1.297600e+00 2.545323e+00
1.297800e+00 2.556357e+00
1.298000e+00 2.566456e+00
1.298200e+00 2.575573e+00
1.298400e+00 2.583661e+00
1.298600e+00 2.590680e+00
1.298800e+00 2.596594e+00
1.299000e+00 2.601370e+00
1.299200e+00 2.604982e+00
1.299400e+00 2.607411e+00
1.299600e+00 2.608643e+00
1.299800e+00 2.608672e+00
