1.100000e+00 2.857108e+00
1.100200e+00 2.846894e+00
1.100400e+00 2.836791e+00
1.100600e+00 2.826788e+00
1.100800e+00 2.816877e+00
1.101000e+00 2.807045e+00
1.101200e+00 2.797281e+00
1.101400e+00 2.787573e+00
1.101600e+00 2.777908e+00
1.101800e+00 2.768275e+00
1.102000e+00 2.758662e+00
1.102200e+00 2.749056e+00
1.102400e+00 2.739447e+00
1.102600e+00 2.729822e+00
1.102800e+00 2.720173e+00
1.103000e+00 2.710489e+00
1.103200e+00 2.700760e+00
1.103400e+00 2.690979e+00
1.103600e+00 2.681138e+00
1.103800e+00 2.671230e+00
1.104000e+00 2.661248e+00
1.104200e+00 2.651188e+00
1.104400e+00 2.641045e+00
1.104600e+00 2.630815e+00
1.104800e+00 2.620495e+00
1.105000e+00 2.610085e+00
1.105200e+00 2.599581e+00
1.105400e+00 2.588985e+00
1.105600e+00 2.578296e+00
1.105800e+00 2.567515e+00
1.106000e+00 2.556645e+00
1.106200e+00 2.545688e+00
1.106400e+00 2.534647e+00
1.106600e+00 2.523526e+00
1.106800e+00 2.512330e+00
1.107000e+00 2.501064e+00
1.107200e+00 2.489733e+00
1.107400e+00 2.478345e+00
1.107600e+00 2.466904e+00
1.107800e+00 2.455419e+00
1.108000e+00 2.443897e+00
1.108200e+00 2.432346e+00
1.108400e+00 2.420774e+00
1.108600e+00 2.409190e+00
1.108800e+00 2.397602e+00
1.109000e+00 2.386020e+00
1.109200e+00 2.374453e+00
1.109400e+00 2.362909e+00
1.109600e+00 2.351400e+00
1.109800e+00 2.339933e+00
1.110000e+00 2.328520e+00
1.110200e+00 2.317169e+00
1.110400e+00 2.305890e+00
1.110600e+00 2.294694e+00
1.110800e+00 2.283589e+00
1.111000e+00 2.272586e+00
1.111200e+00 2.261694e+00
1.111400e+00 2.250922e+00
1.111600e+00 2.240280e+00
1.111800e+00 2.229777e+00
1.112000e+00 2.219421e+00
1.112200e+00 2.209223e+00
1.112400e+00 2.199190e+00
1.112600e+00 2.189331e+00
1.112800e+00 2.179654e+00
1.113000e+00 2.170167e+00
1.113200e+00 2.160878e+00
1.113400e+00 2.151795e+00
1.113600e+00 2.142924e+00
1.113800e+00 2.134274e+00
1.114000e+00 2.125850e+00
1.114200e+00 2.117660e+00
1.114400e+00 2.109710e+00
1.114600e+00 2.102005e+00
1.114800e+00 2.094552e+00
1.115000e+00 2.087355e+00
1.115200e+00 2.080421e+00
1.115400e+00 2.073754e+00
1.115600e+00 2.067358e+00
1.115800e+00 2.061239e+00
1.116000e+00 2.055399e+00
1.116200e+00 2.049844e+00
1.116400e+00 2.044576e+00
1.116600e+00 2.039598e+00
1.116800e+00 2.034914e+00
1.117000e+00 2.030526e+00
1.117200e+00 2.026437e+00
1.117400e+00 2.022648e+00
1.117600e+00 2.019162e+00
1.117800e+00 2.015979e+00
1.118000e+00 2.013101e+00
1.118200e+00 2.010529e+00
1.118400e+00 2.008263e+00
1.118600e+00 2.006303e+00
1.118800e+00 2.004649e+00
1.119000e+00 2.003302e+00
1.119200e+00 2.002259e+00
1.119400e+00 2.001520e+00
1.119600e+00 2.001084e+00
1.119800e+00 2.000949e+00
1.120000e+00 2.001112e+00
1.120200e+00 2.001571e+00
1.120400e+00 2.002324e+00
1.120600e+00 2.003367e+00
1.120800e+00 2.004697e+00
1.121000e+00 2.006310e+00
1.121200e+00 2.008201e+00
1.121400e+00 2.010367e+00
1.121600e+00 2.012802e+00
1.121800e+00 2.015501e+00
1.122000e+00 2.018458e+00
1.122200e+00 2.021667e+00
1.122400e+00 2.025122e+00
1.122600e+00 2.028816e+00
1.122800e+00 2.032743e+00
1.123000e+00 2.036894e+00
1.123200e+00 2.041262e+00
1.123400e+00 2.045840e+00
1.123600e+00 2.050618e+00
1.123800e+00 2.055589e+00
1.124000e+00 2.060743e+00
1.124200e+00 2.066072e+00
1.124400e+00 2.071566e+00
1.124600e+00 2.077215e+00
1.124800e+00 2.083011e+00
1.125000e+00 2.088944e+00
1.125200e+00 2.095003e+00
1.125400e+00 2.101179e+00
1.125600e+00 2.107461e+00
1.125800e+00 2.113841e+00
1.126000e+00 2.120307e+00
1.126200e+00 2.126851e+00
1.126400e+00 2.133463e+00
1.126600e+00 2.140132e+00
1.126800e+00 2.146850e+00
1.127000e+00 2.153608e+00
1.127200e+00 2.160397e+00
1.127400e+00 2.167208e+00
1.127600e+00 2.174033e+00
1.127800e+00 2.180866e+00
1.128000e+00 2.187697e+00
1.128200e+00 2.194522e+00
1.128400e+00 2.201332e+00
1.128600e+00 2.208124e+00
1.128800e+00 2.214891e+00
1.129000e+00 2.221630e+00
1.129200e+00 2.228336e+00
1.129400e+00 2.235007e+00
1.129600e+00 2.241639e+00
1.129800e+00 2.248232e+00
1.130000e+00 2.254783e+00
1.130200e+00 2.261293e+00
1.130400e+00 2.267762e+00
1.130600e+00 2.274191e+00
1.130800e+00 2.280582e+00
1.131000e+00 2.286937e+00
1.131200e+00 2.293260e+00
1.131400e+00 2.299554e+00
1.131600e+00 2.305825e+00
1.131800e+00 2.312077e+00
1.132000e+00 2.318316e+00
1.132200e+00 2.324550e+00
1.132400e+00 2.330784e+00
1.132600e+00 2.337027e+00
1.132800e+00 2.343287e+00
1.133000e+00 2.349572e+00
1.133200e+00 2.355893e+00
1.133400e+00 2.362258e+00
1.133600e+00 2.368677e+00
1.133800e+00 2.375161e+00
1.134000e+00 2.381721e+00
1.134200e+00 2.388367e+00
1.134400e+00 2.395111e+00
1.134600e+00 2.401964e+00
1.134800e+00 2.408938e+00
1.135000e+00 2.416044e+00
1.135200e+00 2.423295e+00
1.135400e+00 2.430701e+00
1.135600e+00 2.438276e+00
1.135800e+00 2.446030e+00
1.136000e+00 2.453976e+00
1.136200e+00 2.462124e+00
1.136400e+00 2.470487e+00
1.136600e+00 2.479075e+00
1.136800e+00 2.487899e+00
1.137000e+00 2.496970e+00
1.137200e+00 2.506297e+00
1.137400e+00 2.515890e+00
1.137600e+00 2.525759e+00
1.137800e+00 2.535910e+00
1.138000e+00 2.546354e+00
1.138200e+00 2.557095e+00
1.138400e+00 2.568141e+00
1.138600e+00 2.579498e+00
1.138800e+00 2.591168e+00
1.139000e+00 2.603156e+00
1.139200e+00 2.615464e+00
1.139400e+00 2.628092e+00
1.139600e+00 2.641040e+00
1.139800e+00 2.654307e+00
1.140000e+00 2.667887e+00
1.140200e+00 2.681777e+00
1.140400e+00 2.695969e+00
1.140600e+00 2.710454e+00
1.140800e+00 2.725220e+00
1.141000e+00 2.740255e+00
1.141200e+00 2.755541e+00
1.141400e+00 2.771062e+00
1.141600e+00 2.786796e+00
1.141800e+00 2.802719e+00
1.142000e+00 2.818805e+00
1.142200e+00 2.835024e+00
1.142400e+00 2.851343e+00
1.142600e+00 2.867727e+00
1.142800e+00 2.884136e+00
1.143000e+00 2.900529e+00
1.143200e+00 2.916858e+00
1.143400e+00 2.933076e+00
1.143600e+00 2.949129e+00
1.143800e+00 2.964963e+00
1.144000e+00 2.980518e+00
1.144200e+00 2.995734e+00
1.144400e+00 3.010546e+00
1.144600e+00 3.024886e+00
1.144800e+00 3.038687e+00
1.145000e+00 3.051879e+00
1.145200e+00 3.064388e+00
1.145400e+00 3.076142e+00
1.145600e+00 3.087070e+00
1.145800e+00 3.097097e+00
1.146000e+00 3.106152e+00
1.146200e+00 3.114166e+00
1.146400e+00 3.121071e+00
1.146600e+00 3.126803e+00
1.146800e+00 3.131300e+00
1.147000e+00 3.134508e+00
1.147200e+00 3.136374e+00
1.147400e+00 3.136856e+00
1.147600e+00 3.135915e+00
1.147800e+00 3.133520e+00
1.148000e+00 3.129648e+00
1.148200e+00 3.124284e+00
1.148400e+00 3.117424e+00
1.148600e+00 3.109067e+00
1.148800e+00 3.099227e+00
1.149000e+00 3.087922e+00
1.149200e+00 3.075181e+00
1.149400e+00 3.061041e+00
1.149600e+00 3.045546e+00
1.149800e+00 3.028748e+00
1.150000e+00 3.010706e+00
1.150200e+00 2.991483e+00
1.150400e+00 2.971151e+00
1.150600e+00 2.949783e+00
1.150800e+00 2.927457e+00
1.151000e+00 2.904255e+00
1.151200e+00 2.880259e+00
1.151400e+00 2.855554e+00
1.151600e+00 2.830224e+00
1.151800e+00 2.804353e+00
1.152000e+00 2.778025e+00
1.152200e+00 2.751320e+00
1.152400e+00 2.724319e+00
1.152600e+00 2.697097e+00
1.152800e+00 2.669729e+00
1.153000e+00 2.642283e+00
1.153200e+00 2.614826e+00
1.153400e+00 2.587420e+00
1.153600e+00 2.560124e+00
1.153800e+00 2.532990e+00
1.154000e+00 2.506070e+00
1.154200e+00 2.479409e+00
1.154400e+00 2.453048e+00
1.154600e+00 2.427025e+00
1.154800e+00 2.401375e+00
1.155000e+00 2.376127e+00
1.155200e+00 2.351310e+00
1.155400e+00 2.326946e+00
1.155600e+00 2.303056e+00
1.155800e+00 2.279660e+00
1.156000e+00 2.256773e+00
1.156200e+00 2.234408e+00
1.156400e+00 2.212576e+00
1.156600e+00 2.191288e+00
1.156800e+00 2.170552e+00
1.157000e+00 2.150373e+00
1.157200e+00 2.130759e+00
1.157400e+00 2.111713e+00
1.157600e+00 2.093239e+00
1.157800e+00 2.075340e+00
1.158000e+00 2.058019e+00
1.158200e+00 2.041278e+00
1.158400e+00 2.025119e+00
1.158600e+00 2.009545e+00
1.158800e+00 1.994557e+00
1.159000e+00 1.980157e+00
1.159200e+00 1.966348e+00
1.159400e+00 1.953133e+00
1.159600e+00 1.940515e+00
1.159800e+00 1.928497e+00
1.160000e+00 1.917085e+00
1.160200e+00 1.906282e+00
1.160400e+00 1.896094e+00
1.160600e+00 1.886528e+00
1.160800e+00 1.877591e+00
1.161000e+00 1.869291e+00
1.161200e+00 1.861637e+00
1.161400e+00 1.854639e+00
1.161600e+00 1.848307e+00
1.161800e+00 1.842653e+00
1.162000e+00 1.837690e+00
1.162200e+00 1.833432e+00
1.162400e+00 1.829894e+00
1.162600e+00 1.827092e+00
1.162800e+00 1.825043e+00
1.163000e+00 1.823765e+00
1.163200e+00 1.823279e+00
1.163400e+00 1.823603e+00
1.163600e+00 1.824761e+00
1.163800e+00 1.826775e+00
1.164000e+00 1.829669e+00
1.164200e+00 1.833467e+00
1.164400e+00 1.838195e+00
1.164600e+00 1.843880e+00
1.164800e+00 1.850548e+00
1.165000e+00 1.858228e+00
1.165200e+00 1.866948e+00
1.165400e+00 1.876736e+00
1.165600e+00 1.887619e+00
1.165800e+00 1.899626e+00
1.166000e+00 1.912784e+00
1.166200e+00 1.927117e+00
1.166400e+00 1.942649e+00
1.166600e+00 1.959402e+00
1.166800e+00 1.977394e+00
1.167000e+00 1.996639e+00
1.167200e+00 2.017149e+00
1.167400e+00 2.038928e+00
1.167600e+00 2.061977e+00
1.167800e+00 2.086291e+00
1.168000e+00 2.111862e+00
1.168200e+00 2.138684e+00
1.168400e+00 2.166761e+00
1.168600e+00 2.196136e+00
1.168800e+00 2.226980e+00
1.169000e+00 2.259981e+00
1.169200e+00 2.322141e+00
1.169400e+00 2.382316e+00
1.169600e+00 2.425212e+00
1.169800e+00 2.462496e+00
1.170000e+00 2.496319e+00
1.170200e+00 2.527491e+00
1.170400e+00 2.556379e+00
1.170600e+00 2.583151e+00
1.170800e+00 2.607873e+00
1.171000e+00 2.630554e+00
1.171200e+00 2.651170e+00
1.171400e+00 2.669682e+00
1.171600e+00 2.686040e+00
1.171800e+00 2.700195e+00
1.172000e+00 2.712102e+00
1.172200e+00 2.721723e+00
1.172400e+00 2.729033e+00
1.172600e+00 2.734019e+00
1.172800e+00 2.736685e+00
1.173000e+00 2.737048e+00
1.173200e+00 2.735144e+00
1.173400e+00 2.731024e+00
1.173600e+00 2.724755e+00
1.173800e+00 2.716417e+00
1.174000e+00 2.706106e+00
1.174200e+00 2.693927e+00
1.174400e+00 2.679995e+00
1.174600e+00 2.664432e+00
1.174800e+00 2.647366e+00
1.175000e+00 2.628928e+00
1.175200e+00 2.609249e+00
1.175400e+00 2.588460e+00
1.175600e+00 2.566689e+00
1.175800e+00 2.544059e+00
1.176000e+00 2.520688e+00
1.176200e+00 2.496689e+00
1.176400e+00 2.472164e+00
1.176600e+00 2.447211e+00
1.176800e+00 2.421918e+00
1.177000e+00 2.396364e+00
1.177200e+00 2.370621e+00
1.177400e+00 2.344754e+00
1.177600e+00 2.318819e+00
1.177800e+00 2.292866e+00
1.178000e+00 2.266941e+00
1.178200e+00 2.241080e+00
1.178400e+00 2.215320e+00
1.178600e+00 2.189689e+00
1.178800e+00 2.164216e+00
1.179000e+00 2.138925e+00
1.179200e+00 2.113839e+00
1.179400e+00 2.088978e+00
1.179600e+00 2.064365e+00
1.179800e+00 2.040018e+00
1.180000e+00 2.015958e+00
1.180200e+00 1.992202e+00
1.180400e+00 1.968771e+00
1.180600e+00 1.945684e+00
1.180800e+00 1.922960e+00
1.181000e+00 1.900617e+00
1.181200e+00 1.878675e+00
1.181400e+00 1.857152e+00
1.181600e+00 1.836066e+00
1.181800e+00 1.815433e+00
1.182000e+00 1.795271e+00
1.182200e+00 1.775594e+00
1.182400e+00 1.756417e+00
1.182600e+00 1.737753e+00
1.182800e+00 1.719613e+00
1.183000e+00 1.702009e+00
1.183200e+00 1.684949e+00
1.183400e+00 1.668440e+00
1.183600e+00 1.652490e+00
1.183800e+00 1.637102e+00
1.184000e+00 1.622282e+00
1.184200e+00 1.608031e+00
1.184400e+00 1.594350e+00
1.184600e+00 1.581240e+00
1.184800e+00 1.568699e+00
1.185000e+00 1.556727e+00
1.185200e+00 1.545320e+00
1.185400e+00 1.534476e+00
1.185600e+00 1.524189e+00
1.185800e+00 1.514456e+00
1.186000e+00 1.505272e+00
1.186200e+00 1.496631e+00
1.186400e+00 1.488528e+00
1.186600e+00 1.480956e+00
1.186800e+00 1.473909e+00
1.187000e+00 1.467382e+00
1.187200e+00 1.461367e+00
1.187400e+00 1.455859e+00
1.187600e+00 1.450851e+00
1.187800e+00 1.446337e+00
1.188000e+00 1.442310e+00
1.188200e+00 1.438766e+00
1.188400e+00 1.435696e+00
1.188600e+00 1.433098e+00
1.188800e+00 1.430963e+00
1.189000e+00 1.429288e+00
1.189200e+00 1.428067e+00
1.189400e+00 1.427295e+00
1.189600e+00 1.426968e+00
1.189800e+00 1.427082e+00
1.190000e+00 1.427631e+00
1.190200e+00 1.428613e+00
1.190400e+00 1.430023e+00
1.190600e+00 1.431859e+00
1.190800e+00 1.434116e+00
1.191000e+00 1.436793e+00
1.191200e+00 1.439885e+00
1.191400e+00 1.443392e+00
1.191600e+00 1.447309e+00
1.191800e+00 1.451635e+00
1.192000e+00 1.456369e+00
1.192200e+00 1.461507e+00
1.192400e+00 1.467049e+00
1.192600e+00 1.472992e+00
1.192800e+00 1.479335e+00
1.193000e+00 1.486077e+00
1.193200e+00 1.493215e+00
1.193400e+00 1.500750e+00
1.193600e+00 1.508678e+00
1.193800e+00 1.516999e+00
1.194000e+00 1.525711e+00
1.194200e+00 1.534813e+00
1.194400e+00 1.544303e+00
1.194600e+00 1.554179e+00
1.194800e+00 1.564439e+00
1.195000e+00 1.575080e+00
1.195200e+00 1.586101e+00
1.195400e+00 1.597499e+00
1.195600e+00 1.609270e+00
1.195800e+00 1.621411e+00
1.196000e+00 1.633918e+00
1.196200e+00 1.646787e+00
1.196400e+00 1.660014e+00
1.196600e+00 1.673592e+00
1.196800e+00 1.687516e+00
1.197000e+00 1.701779e+00
1.197200e+00 1.716374e+00
1.197400e+00 1.731292e+00
1.197600e+00 1.746526e+00
1.197800e+00 1.762065e+00
1.198000e+00 1.777899e+00
1.198200e+00 1.794016e+00
1.198400e+00 1.810403e+00
1.198600e+00 1.827048e+00
1.198800e+00 1.843935e+00
1.199000e+00 1.861048e+00
1.199200e+00 1.878370e+00
1.199400e+00 1.895883e+00
1.199600e+00 1.913567e+00
1.199800e+00 1.931402e+00
1.200000e+00 1.949365e+00
1.200200e+00 1.967433e+00
1.200400e+00 1.985581e+00
1.200600e+00 2.003782e+00
1.200800e+00 2.022009e+00
1.201000e+00 2.040233e+00
1.201200e+00 2.058424e+00
1.201400e+00 2.076550e+00
1.201600e+00 2.094579e+00
1.201800e+00 2.112478e+00
1.202000e+00 2.130210e+00
1.202200e+00 2.147742e+00
1.202400e+00 2.165035e+00
1.202600e+00 2.182054e+00
1.202800e+00 2.198759e+00
1.203000e+00 2.215113e+00
1.203200e+00 2.231078e+00
1.203400e+00 2.246614e+00
1.203600e+00 2.261684e+00
1.203800e+00 2.276249e+00
1.204000e+00 2.290272e+00
1.204200e+00 2.303716e+00
1.204400e+00 2.316546e+00
1.204600e+00 2.328725e+00
1.204800e+00 2.340222e+00
1.205000e+00 2.351005e+00
1.205200e+00 2.361044e+00
1.205400e+00 2.370311e+00
1.205600e+00 2.378782e+00
1.205800e+00 2.386432e+00
1.206000e+00 2.393242e+00
1.206200e+00 2.399193e+00
1.206400e+00 2.404272e+00
1.206600e+00 2.408467e+00
1.206800e+00 2.411769e+00
1.207000e+00 2.414172e+00
1.207200e+00 2.415675e+00
1.207400e+00 2.416278e+00
1.207600e+00 2.415985e+00
1.207800e+00 2.414803e+00
1.208000e+00 2.412744e+00
1.208200e+00 2.409819e+00
1.208400e+00 2.406045e+00
1.208600e+00 2.401441e+00
1.208800e+00 2.396029e+00
1.209000e+00 2.389831e+00
1.209200e+00 2.382875e+00
1.209400e+00 2.375187e+00
1.209600e+00 2.366799e+00
1.209800e+00 2.357741e+00
1.210000e+00 2.348046e+00
1.210200e+00 2.337748e+00
1.210400e+00 2.326882e+00
1.210600e+00 2.315484e+00
1.210800e+00 2.303590e+00
1.211000e+00 2.291237e+00
1.211200e+00 2.278461e+00
1.211400e+00 2.265299e+00
1.211600e+00 2.251788e+00
1.211800e+00 2.237963e+00
1.212000e+00 2.223861e+00
1.212200e+00 2.209517e+00
1.212400e+00 2.194964e+00
1.212600e+00 2.180236e+00
1.212800e+00 2.165366e+00
1.213000e+00 2.150386e+00
1.213200e+00 2.135325e+00
1.213400e+00 2.120214e+00
1.213600e+00 2.105079e+00
1.213800e+00 2.089949e+00
1.214000e+00 2.074849e+00
1.214200e+00 2.059803e+00
1.214400e+00 2.044835e+00
1.214600e+00 2.029967e+00
1.214800e+00 2.015220e+00
1.215000e+00 2.000613e+00
1.215200e+00 1.986165e+00
1.215400e+00 1.971894e+00
1.215600e+00 1.957815e+00
1.215800e+00 1.943944e+00
1.216000e+00 1.930295e+00
1.216200e+00 1.916881e+00
1.216400e+00 1.903715e+00
1.216600e+00 1.890808e+00
1.216800e+00 1.878171e+00
1.217000e+00 1.865812e+00
1.217200e+00 1.853742e+00
1.217400e+00 1.841969e+00
1.217600e+00 1.830500e+00
1.217800e+00 1.819342e+00
1.218000e+00 1.808502e+00
1.218200e+00 1.797986e+00
1.218400e+00 1.787798e+00
1.218600e+00 1.777945e+00
1.218800e+00 1.768431e+00
1.219000e+00 1.759259e+00
1.219200e+00 1.750434e+00
1.219400e+00 1.741959e+00
1.219600e+00 1.733839e+00
1.219800e+00 1.726075e+00
1.220000e+00 1.718671e+00
1.220200e+00 1.711629e+00
1.220400e+00 1.704953e+00
1.220600e+00 1.698644e+00
1.220800e+00 1.692706e+00
1.221000e+00 1.687140e+00
1.221200e+00 1.681950e+00
1.221400e+00 1.677136e+00
1.221600e+00 1.672702e+00
1.221800e+00 1.668650e+00
1.222000e+00 1.664983e+00
1.222200e+00 1.661702e+00
1.222400e+00 1.658811e+00
1.222600e+00 1.656312e+00
1.222800e+00 1.654207e+00
1.223000e+00 1.652501e+00
1.223200e+00 1.651195e+00
1.223400e+00 1.650292e+00
1.223600e+00 1.649797e+00
1.223800e+00 1.649712e+00
1.224000e+00 1.650041e+00
1.224200e+00 1.650788e+00
1.224400e+00 1.651956e+00
1.224600e+00 1.653550e+00
1.224800e+00 1.655573e+00
1.225000e+00 1.658031e+00
1.225200e+00 1.660927e+00
1.225400e+00 1.664266e+00
1.225600e+00 1.668053e+00
1.225800e+00 1.672293e+00
1.226000e+00 1.676990e+00
1.226200e+00 1.682150e+00
1.226400e+00 1.687777e+00
1.226600e+00 1.693877e+00
1.226800e+00 1.700455e+00
1.227000e+00 1.707516e+00
1.227200e+00 1.715064e+00
1.227400e+00 1.723104e+00
1.227600e+00 1.731641e+00
1.227800e+00 1.740679e+00
1.228000e+00 1.750223e+00
1.228200e+00 1.760274e+00
1.228400e+00 1.770837e+00
1.228600e+00 1.781914e+00
1.228800e+00 1.793506e+00
1.229000e+00 1.805614e+00
1.229200e+00 1.818239e+00
1.229400e+00 1.831379e+00
1.229600e+00 1.845032e+00
1.229800e+00 1.859194e+00
1.230000e+00 1.873860e+00
1.230200e+00 1.889023e+00
1.230400e+00 1.904674e+00
1.230600e+00 1.920802e+00
1.230800e+00 1.937395e+00
1.231000e+00 1.954436e+00
1.231200e+00 1.971908e+00
1.231400e+00 1.989788e+00
1.231600e+00 2.008053e+00
1.231800e+00 2.026675e+00
1.232000e+00 2.045623e+00
1.232200e+00 2.064861e+00
1.232400e+00 2.084353e+00
1.232600e+00 2.104053e+00
1.232800e+00 2.123917e+00
1.233000e+00 2.143892e+00
1.233200e+00 2.163924e+00
1.233400e+00 2.183954e+00
1.233600e+00 2.203919e+00
1.233800e+00 2.223750e+00
1.234000e+00 2.243378e+00
1.234200e+00 2.262728e+00
1.234400e+00 2.281723e+00
1.234600e+00 2.300284e+00
1.234800e+00 2.318328e+00
1.235000e+00 2.335774e+00
1.235200e+00 2.352537e+00
1.235400e+00 2.368535e+00
1.235600e+00 2.383686e+00
1.235800e+00 2.397909e+00
1.236000e+00 2.411129e+00
1.236200e+00 2.423271e+00
1.236400e+00 2.434269e+00
1.236600e+00 2.444059e+00
1.236800e+00 2.452586e+00
1.237000e+00 2.459801e+00
1.237200e+00 2.465666e+00
1.237400e+00 2.470149e+00
1.237600e+00 2.473228e+00
1.237800e+00 2.474892e+00
1.238000e+00 2.475136e+00
1.238200e+00 2.473969e+00
1.238400e+00 2.471408e+00
1.238600e+00 2.467479e+00
1.238800e+00 2.462217e+00
1.239000e+00 2.455664e+00
1.239200e+00 2.447872e+00
1.239400e+00 2.438898e+00
1.239600e+00 2.428806e+00
1.239800e+00 2.417664e+00
1.240000e+00 2.405545e+00
1.240200e+00 2.392524e+00
1.240400e+00 2.378678e+00
1.240600e+00 2.364087e+00
1.240800e+00 2.348830e+00
1.241000e+00 2.332986e+00
1.241200e+00 2.316632e+00
1.241400e+00 2.299845e+00
1.241600e+00 2.282699e+00
1.241800e+00 2.265264e+00
1.242000e+00 2.247607e+00
1.242200e+00 2.229794e+00
1.242400e+00 2.211885e+00
1.242600e+00 2.193935e+00
1.242800e+00 2.175998e+00
1.243000e+00 2.158121e+00
1.243200e+00 2.140349e+00
1.243400e+00 2.122722e+00
1.243600e+00 2.105277e+00
1.243800e+00 2.088045e+00
1.244000e+00 2.071055e+00
1.244200e+00 2.054333e+00
1.244400e+00 2.037901e+00
1.244600e+00 2.021776e+00
1.244800e+00 2.005976e+00
1.245000e+00 1.990513e+00
1.245200e+00 1.975397e+00
1.245400e+00 1.960638e+00
1.245600e+00 1.946239e+00
1.245800e+00 1.932206e+00
1.246000e+00 1.918541e+00
1.246200e+00 1.905245e+00
1.246400e+00 1.892315e+00
1.246600e+00 1.879750e+00
1.246800e+00 1.867546e+00
1.247000e+00 1.855699e+00
1.247200e+00 1.844203e+00
1.247400e+00 1.833051e+00
1.247600e+00 1.822237e+00
1.247800e+00 1.811752e+00
1.248000e+00 1.801588e+00
1.248200e+00 1.791737e+00
1.248400e+00 1.782189e+00
1.248600e+00 1.772934e+00
1.248800e+00 1.763962e+00
1.249000e+00 1.755264e+00
1.249200e+00 1.746829e+00
1.249400e+00 1.738646e+00
1.249600e+00 1.730705e+00
1.249800e+00 1.722995e+00
1.250000e+00 1.715506e+00
1.250200e+00 1.708227e+00
1.250400e+00 1.701148e+00
1.250600e+00 1.694257e+00
1.250800e+00 1.687545e+00
1.251000e+00 1.681000e+00
1.251200e+00 1.674613e+00
1.251400e+00 1.668374e+00
1.251600e+00 1.662272e+00
1.251800e+00 1.656298e+00
1.252000e+00 1.650442e+00
1.252200e+00 1.644694e+00
1.252400e+00 1.639047e+00
1.252600e+00 1.633490e+00
1.252800e+00 1.628014e+00
1.253000e+00 1.622612e+00
1.253200e+00 1.617276e+00
1.253400e+00 1.611996e+00
1.253600e+00 1.606766e+00
1.253800e+00 1.601579e+00
1.254000e+00 1.596427e+00
1.254200e+00 1.591303e+00
1.254400e+00 1.586203e+00
1.254600e+00 1.581118e+00
1.254800e+00 1.576045e+00
1.255000e+00 1.570977e+00
1.255200e+00 1.565910e+00
1.255400e+00 1.560840e+00
1.255600e+00 1.555762e+00
1.255800e+00 1.550674e+00
1.256000e+00 1.545572e+00
1.256200e+00 1.540454e+00
1.256400e+00 1.535317e+00
1.256600e+00 1.530161e+00
1.256800e+00 1.524984e+00
1.257000e+00 1.519786e+00
1.257200e+00 1.514568e+00
1.257400e+00 1.509329e+00
1.257600e+00 1.504071e+00
1.257800e+00 1.498797e+00
1.258000e+00 1.493509e+00
1.258200e+00 1.488210e+00
1.258400e+00 1.482904e+00
1.258600e+00 1.477597e+00
1.258800e+00 1.472293e+00
1.259000e+00 1.466999e+00
1.259200e+00 1.461723e+00
1.259400e+00 1.456471e+00
1.259600e+00 1.451252e+00
1.259800e+00 1.446077e+00
1.260000e+00 1.440955e+00
1.260200e+00 1.435896e+00
1.260400e+00 1.430915e+00
1.260600e+00 1.426022e+00
1.260800e+00 1.421232e+00
1.261000e+00 1.416558e+00
1.261200e+00 1.412018e+00
1.261400e+00 1.407625e+00
1.261600e+00 1.403398e+00
1.261800e+00 1.399353e+00
1.262000e+00 1.395508e+00
1.262200e+00 1.391883e+00
1.262400e+00 1.388496e+00
1.262600e+00 1.385367e+00
1.262800e+00 1.382516e+00
1.263000e+00 1.379963e+00
1.263200e+00 1.377729e+00
1.263400e+00 1.375832e+00
1.263600e+00 1.374294e+00
1.263800e+00 1.373133e+00
1.264000e+00 1.372370e+00
1.264200e+00 1.372023e+00
1.264400e+00 1.372108e+00
1.264600e+00 1.372644e+00
1.264800e+00 1.373645e+00
1.265000e+00 1.375126e+00
1.265200e+00 1.377100e+00
1.265400e+00 1.379577e+00
1.265600e+00 1.382568e+00
1.265800e+00 1.386079e+00
1.266000e+00 1.390117e+00
1.266200e+00 1.394683e+00
1.266400e+00 1.399781e+00
1.266600e+00 1.405409e+00
1.266800e+00 1.411564e+00
1.267000e+00 1.418240e+00
1.267200e+00 1.425431e+00
1.267400e+00 1.433127e+00
1.267600e+00 1.441316e+00
1.267800e+00 1.449986e+00
1.268000e+00 1.459120e+00
1.268200e+00 1.468703e+00
1.268400e+00 1.478715e+00
1.268600e+00 1.489138e+00
1.268800e+00 1.499951e+00
1.269000e+00 1.511132e+00
1.269200e+00 1.522660e+00
1.269400e+00 1.534510e+00
1.269600e+00 1.546661e+00
1.269800e+00 1.559088e+00
1.270000e+00 1.571768e+00
1.270200e+00 1.584677e+00
1.270400e+00 1.597794e+00
1.270600e+00 1.611094e+00
1.270800e+00 1.624556e+00
1.271000e+00 1.638159e+00
1.271200e+00 1.651881e+00
1.271400e+00 1.665702e+00
1.271600e+00 1.679604e+00
1.271800e+00 1.693568e+00
1.272000e+00 1.707577e+00
1.272200e+00 1.721615e+00
1.272400e+00 1.735665e+00
1.272600e+00 1.749714e+00
1.272800e+00 1.763748e+00
1.273000e+00 1.777755e+00
1.273200e+00 1.791723e+00
1.273400e+00 1.805641e+00
1.273600e+00 1.819499e+00
1.273800e+00 1.833290e+00
1.274000e+00 1.847003e+00
1.274200e+00 1.860633e+00
1.274400e+00 1.874171e+00
1.274600e+00 1.887613e+00
1.274800e+00 1.900953e+00
1.275000e+00 1.914186e+00
1.275200e+00 1.927308e+00
1.275400e+00 1.940314e+00
1.275600e+00 1.953203e+00
1.275800e+00 1.965971e+00
1.276000e+00 1.978615e+00
1.276200e+00 1.991134e+00
1.276400e+00 2.003527e+00
1.276600e+00 2.015790e+00
1.276800e+00 2.027925e+00
1.277000e+00 2.039930e+00
1.277200e+00 2.051804e+00
1.277400e+00 2.063547e+00
1.277600e+00 2.075159e+00
1.277800e+00 2.086640e+00
1.278000e+00 2.097991e+00
1.278200e+00 2.109211e+00
1.278400e+00 2.120302e+00
1.278600e+00 2.131263e+00
1.278800e+00 2.142097e+00
1.279000e+00 2.152803e+00
1.279200e+00 2.163382e+00
1.279400e+00 2.173837e+00
1.279600e+00 2.184167e+00
1.279800e+00 2.194374e+00
1.280000e+00 2.204460e+00
1.280200e+00 2.214426e+00
1.280400e+00 2.224273e+00
1.280600e+00 2.234002e+00
1.280800e+00 2.243617e+00
1.281000e+00 2.253117e+00
1.281200e+00 2.262505e+00
1.281400e+00 2.271782e+00
1.281600e+00 2.280950e+00
1.281800e+00 2.290012e+00
1.282000e+00 2.298969e+00
1.282200e+00 2.307822e+00
1.282400e+00 2.316574e+00
1.282600e+00 2.325228e+00
1.282800e+00 2.333784e+00
1.283000e+00 2.342246e+00
1.283200e+00 2.350614e+00
1.283400e+00 2.358893e+00
1.283600e+00 2.367084e+00
1.283800e+00 2.375189e+00
1.284000e+00 2.383210e+00
1.284200e+00 2.391151e+00
1.284400e+00 2.399014e+00
1.284600e+00 2.406801e+00
1.284800e+00 2.414515e+00
1.285000e+00 2.422158e+00
1.285200e+00 2.429734e+00
1.285400e+00 2.437246e+00
1.285600e+00 2.444695e+00
1.285800e+00 2.452086e+00
1.286000e+00 2.459421e+00
1.286200e+00 2.466703e+00
1.286400e+00 2.473936e+00
1.286600e+00 2.481122e+00
1.286800e+00 2.488265e+00
1.287000e+00 2.495368e+00
1.287200e+00 2.502434e+00
1.287400e+00 2.509468e+00
1.287600e+00 2.516472e+00
1.287800e+00 2.523451e+00
1.288000e+00 2.530407e+00
1.288200e+00 2.537345e+00
1.288400e+00 2.544269e+00
1.288600e+00 2.551182e+00
1.288800e+00 2.558088e+00
1.289000e+00 2.564992e+00
1.289200e+00 2.571898e+00
1.289400e+00 2.578809e+00
1.289600e+00 2.585730e+00
1.289800e+00 2.592665e+00
1.290000e+00 2.599620e+00
1.290200e+00 2.606597e+00
1.290400e+00 2.613603e+00
1.290600e+00 2.620641e+00
1.290800e+00 2.627717e+00
1.291000e+00 2.634836e+00
1.291200e+00 2.642002e+00
1.291400e+00 2.649220e+00
1.291600e+00 2.656496e+00
1.291800e+00 2.663835e+00
1.292000e+00 2.671242e+00
1.292200e+00 2.678723e+00
1.292400e+00 2.686284e+00
1.292600e+00 2.693930e+00
1.292800e+00 2.701667e+00
1.293000e+00 2.709501e+00
1.293200e+00 2.717439e+00
1.293400e+00 2.725487e+00
1.293600e+00 2.733651e+00
1.293800e+00 2.741937e+00
1.294000e+00 2.750354e+00
1.294200e+00 2.758906e+00
1.294400e+00 2.767603e+00
1.294600e+00 2.776450e+00
1.294800e+00 2.785457e+00
1.295000e+00 2.794629e+00
1.295200e+00 2.803976e+00
1.295400e+00 2.813505e+00
1.295600e+00 2.823225e+00
1.295800e+00 2.833145e+00
1.296000e+00 2.843273e+00
1.296200e+00 2.853619e+00
1.296400e+00 2.864191e+00
1.296600e+00 2.875001e+00
1.296800e+00 2.886058e+00
1.297000e+00 2.897371e+00
1.297200e+00 2.908953e+00
1.297400e+00 2.920814e+00
1.297600e+00 2.932964e+00
1.297800e+00 2.945416e+00
1.298000e+00 2.958182e+00
1.298200e+00 2.971274e+00
1.298400e+00 2.984705e+00
1.298600e+00 2.998486e+00
1.298800e+00 3.012632e+00
1.299000e+00 3.027156e+00
1.299200e+00 3.042072e+00
1.299400e+00 3.057394e+00
1.299600e+00 3.073135e+00
1.299800e+00 3.089311e+00
