-5.000000e-02 4.070497e+00
-4.990000e-02 4.073645e+00
-4.980000e-02 4.076183e+00
-4.970000e-02 4.078037e+00
-4.960000e-02 4.079140e+00
-4.950000e-02 4.079428e+00
-4.940000e-02 4.078851e+00
-4.930000e-02 4.077369e+00
-4.920000e-02 4.074963e+00
-4.910000e-02 4.071634e+00
-4.900000e-02 4.067407e+00
-4.890000e-02 4.062335e+00
-4.880000e-02 4.056498e+00
-4.870000e-02 4.050005e+00
-4.860000e-02 4.042992e+00
-4.850000e-02 4.035617e+00
-4.840000e-02 4.028063e+00
-4.830000e-02 4.020525e+00
-4.820000e-02 4.013212e+00
-4.810000e-02 4.006336e+00
-4.800000e-02 4.000112e+00
-4.790000e-02 3.994750e+00
-4.780000e-02 3.990450e+00
-4.770000e-02 3.987401e+00
-4.760000e-02 3.985777e+00
-4.750000e-02 3.985734e+00
-4.740000e-02 3.987412e+00
-4.730000e-02 3.990933e+00
-4.720000e-02 3.996399e+00
-4.710000e-02 4.003899e+00
-4.700000e-02 4.013503e+00
-4.690000e-02 4.025268e+00
-4.680000e-02 4.039237e+00
-4.670000e-02 4.055440e+00
-4.660000e-02 4.073896e+00
-4.650000e-02 4.094610e+00
-4.640000e-02 4.117579e+00
-4.630000e-02 4.142785e+00
-4.620000e-02 4.170195e+00
-4.610000e-02 4.199765e+00
-4.600000e-02 4.231427e+00
-4.590000e-02 4.265097e+00
-4.580000e-02 4.300662e+00
-4.570000e-02 4.337983e+00
-4.560000e-02 4.376889e+00
-4.550000e-02 4.417172e+00
-4.540000e-02 4.458589e+00
-4.530000e-02 4.500860e+00
-4.520000e-02 4.543670e+00
-4.510000e-02 4.586676e+00
-4.500000e-02 4.629512e+00
-4.490000e-02 4.671807e+00
-4.480000e-02 4.713193e+00
-4.470000e-02 4.753323e+00
-4.460000e-02 4.791882e+00
-4.450000e-02 4.828594e+00
-4.440000e-02 4.863222e+00
-4.430000e-02 4.895557e+00
-4.420000e-02 4.925387e+00
-4.410000e-02 4.952454e+00
-4.400000e-02 4.976403e+00
-4.390000e-02 4.996707e+00
-4.380000e-02 5.012616e+00
-4.370000e-02 5.023106e+00
-4.360000e-02 5.026877e+00
-4.350000e-02 5.022410e+00
-4.340000e-02 5.008099e+00
-4.330000e-02 4.982459e+00
-4.320000e-02 4.944377e+00
-4.310000e-02 4.893363e+00
-4.300000e-02 4.829718e+00
-4.290000e-02 4.754583e+00
-4.280000e-02 4.669825e+00
-4.270000e-02 4.577809e+00
-4.260000e-02 4.481104e+00
-4.250000e-02 4.382209e+00
-4.240000e-02 4.283333e+00
-4.230000e-02 4.186276e+00
-4.220000e-02 4.092389e+00
-4.210000e-02 4.002595e+00
-4.200000e-02 3.917456e+00
-4.190000e-02 3.837243e+00
-4.180000e-02 3.762019e+00
-4.170000e-02 3.691697e+00
-4.160000e-02 3.626104e+00
-4.150000e-02 3.565016e+00
-4.140000e-02 3.508191e+00
-4.130000e-02 3.455386e+00
-4.120000e-02 3.406378e+00
-4.110000e-02 3.360966e+00
-4.100000e-02 3.318977e+00
-4.090000e-02 3.280269e+00
-4.080000e-02 3.244729e+00
-4.070000e-02 3.212271e+00
-4.060000e-02 3.182839e+00
-4.050000e-02 3.156398e+00
-4.040000e-02 3.132935e+00
-4.030000e-02 3.112455e+00
-4.020000e-02 3.094983e+00
-4.010000e-02 3.080558e+00
-4.000000e-02 3.069234e+00
-3.990000e-02 3.061082e+00
-3.980000e-02 3.056183e+00
-3.970000e-02 3.054638e+00
-3.960000e-02 3.056560e+00
-3.950000e-02 3.062077e+00
-3.940000e-02 3.071334e+00
-3.930000e-02 3.084485e+00
-3.920000e-02 3.101694e+00
-3.910000e-02 3.123126e+00
-3.900000e-02 3.148935e+00
-3.890000e-02 3.179250e+00
-3.880000e-02 3.214148e+00
-3.870000e-02 3.253627e+00
-3.860000e-02 3.297556e+00
-3.850000e-02 3.345617e+00
-3.840000e-02 3.395704e+00
-3.830000e-02 3.449216e+00
-3.820000e-02 3.505746e+00
-3.810000e-02 3.563647e+00
-3.800000e-02 3.621329e+00
-3.790000e-02 3.677097e+00
-3.780000e-02 3.729249e+00
-3.770000e-02 3.776251e+00
-3.760000e-02 3.816909e+00
-3.750000e-02 3.850521e+00
-3.740000e-02 3.876964e+00
-3.730000e-02 3.896685e+00
-3.720000e-02 3.910615e+00
-3.710000e-02 3.920020e+00
-3.700000e-02 3.926338e+00
-3.690000e-02 3.931011e+00
-3.680000e-02 3.935361e+00
-3.670000e-02 3.940498e+00
-3.660000e-02 3.947268e+00
-3.650000e-02 3.956227e+00
-3.640000e-02 3.967633e+00
-3.630000e-02 3.981457e+00
-3.620000e-02 3.997395e+00
-3.610000e-02 4.014890e+00
-3.600000e-02 4.033168e+00
-3.590000e-02 4.051286e+00
-3.580000e-02 4.068205e+00
-3.570000e-02 4.082873e+00
-3.560000e-02 4.094334e+00
-3.550000e-02 4.101834e+00
-3.540000e-02 4.104908e+00
-3.530000e-02 4.103448e+00
-3.520000e-02 4.097708e+00
-3.510000e-02 4.088276e+00
-3.500000e-02 4.075994e+00
-3.490000e-02 4.061859e+00
-3.480000e-02 4.046919e+00
-3.470000e-02 4.032181e+00
-3.460000e-02 4.018543e+00
-3.450000e-02 4.006756e+00
-3.440000e-02 3.997405e+00
-3.430000e-02 3.990917e+00
-3.420000e-02 3.987570e+00
-3.410000e-02 3.987521e+00
-3.400000e-02 3.990829e+00
-3.390000e-02 3.997471e+00
-3.380000e-02 4.007365e+00
-3.370000e-02 4.020383e+00
-3.360000e-02 4.036358e+00
-3.350000e-02 4.055098e+00
-3.340000e-02 4.076380e+00
-3.330000e-02 4.099959e+00
-3.320000e-02 4.125561e+00
-3.310000e-02 4.152884e+00
-3.300000e-02 4.181594e+00
-3.290000e-02 4.211326e+00
-3.280000e-02 4.241677e+00
-3.270000e-02 4.272209e+00
-3.260000e-02 4.302451e+00
-3.250000e-02 4.331904e+00
-3.240000e-02 4.360049e+00
-3.230000e-02 4.386359e+00
-3.220000e-02 4.410311e+00
-3.210000e-02 4.431409e+00
-3.200000e-02 4.449196e+00
-3.190000e-02 4.463277e+00
-3.180000e-02 4.473338e+00
-3.170000e-02 4.479158e+00
-3.160000e-02 4.480623e+00
-3.150000e-02 4.477728e+00
-3.140000e-02 4.470580e+00
-3.130000e-02 4.459388e+00
-3.120000e-02 4.444452e+00
-3.110000e-02 4.426149e+00
-3.100000e-02 4.404908e+00
-3.090000e-02 4.381198e+00
-3.080000e-02 4.355500e+00
-3.070000e-02 4.328296e+00
-3.060000e-02 4.300048e+00
-3.050000e-02 4.271189e+00
-3.040000e-02 4.242110e+00
-3.030000e-02 4.213160e+00
-3.020000e-02 4.184636e+00
-3.010000e-02 4.156787e+00
-3.000000e-02 4.129814e+00
-2.990000e-02 4.103873e+00
-2.980000e-02 4.079076e+00
-2.970000e-02 4.055503e+00
-2.960000e-02 4.033199e+00
-2.950000e-02 4.012186e+00
-2.940000e-02 3.992465e+00
-2.930000e-02 3.974021e+00
-2.920000e-02 3.956835e+00
-2.910000e-02 3.940880e+00
-2.900000e-02 3.926134e+00
-2.890000e-02 3.912583e+00
-2.880000e-02 3.900225e+00
-2.870000e-02 3.889078e+00
-2.860000e-02 3.879182e+00
-2.850000e-02 3.870607e+00
-2.840000e-02 3.863456e+00
-2.830000e-02 3.857872e+00
-2.820000e-02 3.854044e+00
-2.810000e-02 3.852210e+00
-2.800000e-02 3.852666e+00
-2.790000e-02 3.855773e+00
-2.780000e-02 3.861961e+00
-2.770000e-02 3.871734e+00
-2.760000e-02 3.885680e+00
-2.750000e-02 3.904466e+00
-2.740000e-02 3.928834e+00
-2.730000e-02 3.959583e+00
-2.720000e-02 3.997522e+00
-2.710000e-02 4.043388e+00
-2.700000e-02 4.097699e+00
-2.690000e-02 4.160518e+00
-2.680000e-02 4.231078e+00
-2.670000e-02 4.307288e+00
-2.660000e-02 4.385130e+00
-2.650000e-02 4.458157e+00
-2.640000e-02 4.517451e+00
-2.630000e-02 4.552546e+00
-2.620000e-02 4.553639e+00
-2.610000e-02 4.514649e+00
-2.600000e-02 4.435750e+00
-2.590000e-02 4.323757e+00
-2.580000e-02 4.189997e+00
-2.570000e-02 4.046882e+00
-2.560000e-02 3.905014e+00
-2.550000e-02 3.771780e+00
-2.540000e-02 3.651332e+00
-2.530000e-02 3.545296e+00
-2.520000e-02 3.453651e+00
-2.510000e-02 3.375461e+00
-2.500000e-02 3.309386e+00
-2.490000e-02 3.253985e+00
-2.480000e-02 3.207890e+00
-2.470000e-02 3.169875e+00
-2.460000e-02 3.138884e+00
-2.450000e-02 3.114027e+00
-2.440000e-02 3.094564e+00
-2.430000e-02 3.079887e+00
-2.420000e-02 3.069498e+00
-2.410000e-02 3.062991e+00
-2.400000e-02 3.060037e+00
-2.390000e-02 3.060367e+00
-2.380000e-02 3.063764e+00
-2.370000e-02 3.070049e+00
-2.360000e-02 3.079078e+00
-2.350000e-02 3.090730e+00
-2.340000e-02 3.104903e+00
-2.330000e-02 3.121511e+00
-2.320000e-02 3.140479e+00
-2.310000e-02 3.161739e+00
-2.300000e-02 3.185226e+00
-2.290000e-02 3.210882e+00
-2.280000e-02 3.238647e+00
-2.270000e-02 3.268464e+00
-2.260000e-02 3.300278e+00
-2.250000e-02 3.334033e+00
-2.240000e-02 3.369680e+00
-2.230000e-02 3.407170e+00
-2.220000e-02 3.446465e+00
-2.210000e-02 3.487530e+00
-2.200000e-02 3.530346e+00
-2.190000e-02 3.574903e+00
-2.180000e-02 3.621206e+00
-2.170000e-02 3.669274e+00
-2.160000e-02 3.719141e+00
-2.150000e-02 3.770853e+00
-2.140000e-02 3.824466e+00
-2.130000e-02 3.880044e+00
-2.120000e-02 3.937648e+00
-2.110000e-02 3.997335e+00
-2.100000e-02 4.059144e+00
-2.090000e-02 4.123091e+00
-2.080000e-02 4.189159e+00
-2.070000e-02 4.257286e+00
-2.060000e-02 4.327358e+00
-2.050000e-02 4.399201e+00
-2.040000e-02 4.472576e+00
-2.030000e-02 4.547173e+00
-2.020000e-02 4.622611e+00
-2.010000e-02 4.698442e+00
-2.000000e-02 4.774156e+00
-1.990000e-02 4.849186e+00
-1.980000e-02 4.922920e+00
-1.970000e-02 4.994718e+00
-1.960000e-02 5.063918e+00
-1.950000e-02 5.129859e+00
-1.940000e-02 5.191894e+00
-1.930000e-02 5.249403e+00
-1.920000e-02 5.301813e+00
-1.910000e-02 5.348606e+00
-1.900000e-02 5.389336e+00
-1.890000e-02 5.423632e+00
-1.880000e-02 5.451215e+00
-1.870000e-02 5.471895e+00
-1.860000e-02 5.485577e+00
-1.850000e-02 5.492260e+00
-1.840000e-02 5.492035e+00
-1.830000e-02 5.485079e+00
-1.820000e-02 5.471648e+00
-1.810000e-02 5.452069e+00
-1.800000e-02 5.426725e+00
-1.790000e-02 5.396049e+00
-1.780000e-02 5.360510e+00
-1.770000e-02 5.320602e+00
-1.760000e-02 5.276830e+00
-1.750000e-02 5.229705e+00
-1.740000e-02 5.179733e+00
-1.730000e-02 5.127408e+00
-1.720000e-02 5.073205e+00
-1.710000e-02 5.017581e+00
-1.700000e-02 4.960967e+00
-1.690000e-02 4.903770e+00
-1.680000e-02 4.846372e+00
-1.670000e-02 4.789130e+00
-1.660000e-02 4.732380e+00
-1.650000e-02 4.676433e+00
-1.640000e-02 4.621584e+00
-1.630000e-02 4.568109e+00
-1.620000e-02 4.516268e+00
-1.610000e-02 4.466307e+00
-1.600000e-02 4.418463e+00
-1.590000e-02 4.372957e+00
-1.580000e-02 4.330003e+00
-1.570000e-02 4.289806e+00
-1.560000e-02 4.252558e+00
-1.550000e-02 4.218441e+00
-1.540000e-02 4.187628e+00
-1.530000e-02 4.160274e+00
-1.520000e-02 4.136516e+00
-1.510000e-02 4.116469e+00
-1.500000e-02 4.100219e+00
-1.490000e-02 4.087815e+00
-1.480000e-02 4.079262e+00
-1.470000e-02 4.074506e+00
-1.460000e-02 4.073428e+00
-1.450000e-02 4.075828e+00
-1.440000e-02 4.081416e+00
-1.430000e-02 4.089803e+00
-1.420000e-02 4.100496e+00
-1.410000e-02 4.112904e+00
-1.400000e-02 4.126344e+00
-1.390000e-02 4.140073e+00
-1.380000e-02 4.153310e+00
-1.370000e-02 4.165292e+00
-1.360000e-02 4.175317e+00
-1.350000e-02 4.182794e+00
-1.340000e-02 4.187295e+00
-1.330000e-02 4.188577e+00
-1.320000e-02 4.186602e+00
-1.310000e-02 4.181526e+00
-1.300000e-02 4.173681e+00
-1.290000e-02 4.163527e+00
-1.280000e-02 4.151613e+00
-1.270000e-02 4.138525e+00
-1.260000e-02 4.124846e+00
-1.250000e-02 4.111119e+00
-1.240000e-02 4.097820e+00
-1.230000e-02 4.085347e+00
-1.220000e-02 4.074006e+00
-1.210000e-02 4.064019e+00
-1.200000e-02 4.055522e+00
-1.190000e-02 4.048574e+00
-1.180000e-02 4.043170e+00
-1.170000e-02 4.039246e+00
-1.160000e-02 4.036695e+00
-1.150000e-02 4.035370e+00
-1.140000e-02 4.035097e+00
-1.130000e-02 4.035683e+00
-1.120000e-02 4.036922e+00
-1.110000e-02 4.038601e+00
-1.100000e-02 4.040507e+00
-1.090000e-02 4.042434e+00
-1.080000e-02 4.044184e+00
-1.070000e-02 4.045572e+00
-1.060000e-02 4.046432e+00
-1.050000e-02 4.046619e+00
-1.040000e-02 4.046010e+00
-1.030000e-02 4.044509e+00
-1.020000e-02 4.042043e+00
-1.010000e-02 4.038571e+00
-1.000000e-02 4.034075e+00
-9.900000e-03 4.028565e+00
-9.800000e-03 4.022078e+00
-9.700000e-03 4.014674e+00
-9.600000e-03 4.006435e+00
-9.500000e-03 3.997464e+00
-9.400000e-03 3.987880e+00
-9.300000e-03 3.977818e+00
-9.200000e-03 3.967424e+00
-9.100000e-03 3.956854e+00
-9.000000e-03 3.946268e+00
-8.900000e-03 3.935831e+00
-8.800000e-03 3.925711e+00
-8.700000e-03 3.916070e+00
-8.600000e-03 3.907070e+00
-8.500000e-03 3.898866e+00
-8.400000e-03 3.891607e+00
-8.300000e-03 3.885431e+00
-8.200000e-03 3.880465e+00
-8.100000e-03 3.876825e+00
-8.000000e-03 3.874613e+00
-7.900000e-03 3.873914e+00
-7.800000e-03 3.874796e+00
-7.700000e-03 3.877308e+00
-7.600000e-03 3.881480e+00
-7.500000e-03 3.887315e+00
-7.400000e-03 3.894794e+00
-7.300000e-03 3.903867e+00
-7.200000e-03 3.914457e+00
-7.100000e-03 3.926450e+00
-7.000000e-03 3.939700e+00
-6.900000e-03 3.954020e+00
-6.800000e-03 3.969186e+00
-6.700000e-03 3.984931e+00
-6.600000e-03 4.000950e+00
-6.500000e-03 4.016898e+00
-6.400000e-03 4.032392e+00
-6.300000e-03 4.047024e+00
-6.200000e-03 4.060359e+00
-6.100000e-03 4.071954e+00
-6.000000e-03 4.081365e+00
-5.900000e-03 4.088165e+00
-5.800000e-03 4.091957e+00
-5.700000e-03 4.092394e+00
-5.600000e-03 4.089191e+00
-5.500000e-03 4.082139e+00
-5.400000e-03 4.071115e+00
-5.300000e-03 4.056089e+00
-5.200000e-03 4.037124e+00
-5.100000e-03 4.014374e+00
-5.000000e-03 3.988071e+00
-4.900000e-03 3.958521e+00
-4.800000e-03 3.926085e+00
-4.700000e-03 3.891164e+00
-4.600000e-03 3.854188e+00
-4.500000e-03 3.815599e+00
-4.400000e-03 3.775839e+00
-4.300000e-03 3.735341e+00
-4.200000e-03 3.694524e+00
-4.100000e-03 3.653783e+00
-4.000000e-03 3.613492e+00
-3.900000e-03 3.574000e+00
-3.800000e-03 3.535634e+00
-3.700000e-03 3.498697e+00
-3.600000e-03 3.463477e+00
-3.500000e-03 3.430244e+00
-3.400000e-03 3.399258e+00
-3.300000e-03 3.370769e+00
-3.200000e-03 3.345024e+00
-3.100000e-03 3.322265e+00
-3.000000e-03 3.302736e+00
-2.900000e-03 3.286679e+00
-2.800000e-03 3.274335e+00
-2.700000e-03 3.265938e+00
-2.600000e-03 3.261710e+00
-2.500000e-03 3.261842e+00
-2.400000e-03 3.266476e+00
-2.300000e-03 3.275670e+00
-2.200000e-03 3.289351e+00
-2.100000e-03 3.307252e+00
-2.000000e-03 3.328832e+00
-1.900000e-03 3.353185e+00
-1.800000e-03 3.378950e+00
-1.700000e-03 3.404242e+00
-1.600000e-03 3.426661e+00
-1.500000e-03 3.443414e+00
-1.400000e-03 3.451603e+00
-1.300000e-03 3.448676e+00
-1.200000e-03 3.432958e+00
-1.100000e-03 3.404127e+00
-1.000000e-03 3.363422e+00
-9.000000e-04 3.313508e+00
-8.000000e-04 3.258006e+00
-7.000000e-04 3.200875e+00
-6.000000e-04 3.145832e+00
-5.000000e-04 3.095976e+00
-4.000000e-04 3.053623e+00
-3.000000e-04 3.020326e+00
-2.000000e-04 2.996996e+00
-1.000000e-04 2.984055e+00
1.429412e-15 2.981571e+00
1.000000e-04 2.989353e+00
2.000000e-04 3.007013e+00
3.000000e-04 3.033974e+00
4.000000e-04 3.069454e+00
5.000000e-04 3.112431e+00
6.000000e-04 3.161599e+00
7.000000e-04 3.215343e+00
8.000000e-04 3.271747e+00
9.000000e-04 3.328655e+00
1.000000e-03 3.383792e+00
1.100000e-03 3.434944e+00
1.200000e-03 3.480156e+00
1.300000e-03 3.517917e+00
1.400000e-03 3.547291e+00
1.500000e-03 3.567951e+00
1.600000e-03 3.580129e+00
1.700000e-03 3.584487e+00
1.800000e-03 3.581963e+00
1.900000e-03 3.573615e+00
2.000000e-03 3.560489e+00
2.100000e-03 3.543539e+00
2.200000e-03 3.523583e+00
2.300000e-03 3.501290e+00
2.400000e-03 3.477202e+00
2.500000e-03 3.451755e+00
2.600000e-03 3.425318e+00
2.700000e-03 3.398217e+00
2.800000e-03 3.370768e+00
2.900000e-03 3.343288e+00
3.000000e-03 3.316113e+00
3.100000e-03 3.289597e+00
3.200000e-03 3.264113e+00
3.300000e-03 3.240047e+00
3.400000e-03 3.217789e+00
3.500000e-03 3.197726e+00
3.600000e-03 3.180229e+00
3.700000e-03 3.165646e+00
3.800000e-03 3.154297e+00
3.900000e-03 3.146459e+00
4.000000e-03 3.142370e+00
4.100000e-03 3.142215e+00
4.200000e-03 3.146126e+00
4.300000e-03 3.154174e+00
4.400000e-03 3.166363e+00
4.500000e-03 3.182619e+00
4.600000e-03 3.202784e+00
4.700000e-03 3.226603e+00
4.800000e-03 3.253713e+00
4.900000e-03 3.283630e+00
5.000000e-03 3.315739e+00
5.100000e-03 3.349289e+00
5.200000e-03 3.383392e+00
5.300000e-03 3.417033e+00
5.400000e-03 3.449096e+00
5.500000e-03 3.478395e+00
5.600000e-03 3.503738e+00
5.700000e-03 3.523986e+00
5.800000e-03 3.538138e+00
5.900000e-03 3.545404e+00
6.000000e-03 3.545283e+00
6.100000e-03 3.537607e+00
6.200000e-03 3.522569e+00
6.300000e-03 3.500711e+00
6.400000e-03 3.472884e+00
6.500000e-03 3.440177e+00
6.600000e-03 3.403835e+00
6.700000e-03 3.365170e+00
6.800000e-03 3.325476e+00
6.900000e-03 3.285967e+00
7.000000e-03 3.247720e+00
7.100000e-03 3.211647e+00
7.200000e-03 3.178486e+00
7.300000e-03 3.148792e+00
7.400000e-03 3.122958e+00
7.500000e-03 3.101223e+00
7.600000e-03 3.083699e+00
7.700000e-03 3.070384e+00
7.800000e-03 3.061186e+00
7.900000e-03 3.055942e+00
8.000000e-03 3.054427e+00
8.100000e-03 3.056375e+00
8.200000e-03 3.061483e+00
8.300000e-03 3.069428e+00
8.400000e-03 3.079868e+00
8.500000e-03 3.092454e+00
8.600000e-03 3.106835e+00
8.700000e-03 3.122663e+00
8.800000e-03 3.139598e+00
8.900000e-03 3.157317e+00
9.000000e-03 3.175512e+00
9.100000e-03 3.193900e+00
9.200000e-03 3.212225e+00
9.300000e-03 3.230261e+00
9.400000e-03 3.247813e+00
9.500000e-03 3.264724e+00
9.600000e-03 3.280870e+00
9.700000e-03 3.296166e+00
9.800000e-03 3.310561e+00
9.900000e-03 3.324040e+00
1.000000e-02 3.336620e+00
1.010000e-02 3.348349e+00
1.020000e-02 3.359300e+00
1.030000e-02 3.369572e+00
1.040000e-02 3.379281e+00
1.050000e-02 3.388561e+00
1.060000e-02 3.397553e+00
1.070000e-02 3.406409e+00
1.080000e-02 3.415282e+00
1.090000e-02 3.424325e+00
1.100000e-02 3.433684e+00
1.110000e-02 3.443497e+00
1.120000e-02 3.453892e+00
1.130000e-02 3.464976e+00
1.140000e-02 3.476842e+00
1.150000e-02 3.489554e+00
1.160000e-02 3.503152e+00
1.170000e-02 3.517643e+00
1.180000e-02 3.532998e+00
1.190000e-02 3.549150e+00
1.200000e-02 3.565987e+00
1.210000e-02 3.583348e+00
1.220000e-02 3.601022e+00
1.230000e-02 3.618744e+00
1.240000e-02 3.636194e+00
1.250000e-02 3.653000e+00
1.260000e-02 3.668739e+00
1.270000e-02 3.682945e+00
1.280000e-02 3.695124e+00
1.290000e-02 3.704766e+00
1.300000e-02 3.711368e+00
1.310000e-02 3.714456e+00
1.320000e-02 3.713616e+00
1.330000e-02 3.708517e+00
1.340000e-02 3.698942e+00
1.350000e-02 3.684807e+00
1.360000e-02 3.666177e+00
1.370000e-02 3.643267e+00
1.380000e-02 3.616442e+00
1.390000e-02 3.586197e+00
1.400000e-02 3.553133e+00
1.410000e-02 3.517923e+00
1.420000e-02 3.481281e+00
1.430000e-02 3.443921e+00
1.440000e-02 3.406532e+00
1.450000e-02 3.369747e+00
1.460000e-02 3.334129e+00
1.470000e-02 3.300156e+00
1.480000e-02 3.268219e+00
1.490000e-02 3.238624e+00
1.500000e-02 3.211594e+00
1.510000e-02 3.187283e+00
1.520000e-02 3.165785e+00
1.530000e-02 3.147142e+00
1.540000e-02 3.131360e+00
1.550000e-02 3.118415e+00
1.560000e-02 3.108263e+00
1.570000e-02 3.100846e+00
1.580000e-02 3.096098e+00
1.590000e-02 3.093948e+00
1.600000e-02 3.094321e+00
1.610000e-02 3.097141e+00
1.620000e-02 3.102326e+00
1.630000e-02 3.109789e+00
1.640000e-02 3.119438e+00
1.650000e-02 3.131164e+00
1.660000e-02 3.144845e+00
1.670000e-02 3.160338e+00
1.680000e-02 3.177476e+00
1.690000e-02 3.196062e+00
1.700000e-02 3.215864e+00
1.710000e-02 3.236615e+00
1.720000e-02 3.258008e+00
1.730000e-02 3.279695e+00
1.740000e-02 3.301289e+00
1.750000e-02 3.322365e+00
1.760000e-02 3.342467e+00
1.770000e-02 3.361115e+00
1.780000e-02 3.377818e+00
1.790000e-02 3.392089e+00
1.800000e-02 3.403461e+00
1.810000e-02 3.411509e+00
1.820000e-02 3.415867e+00
1.830000e-02 3.416254e+00
1.840000e-02 3.412485e+00
1.850000e-02 3.404486e+00
1.860000e-02 3.392305e+00
1.870000e-02 3.376107e+00
1.880000e-02 3.356173e+00
1.890000e-02 3.332882e+00
1.900000e-02 3.306700e+00
1.910000e-02 3.278153e+00
1.920000e-02 3.247811e+00
1.930000e-02 3.216264e+00
1.940000e-02 3.184102e+00
1.950000e-02 3.151904e+00
1.960000e-02 3.120227e+00
1.970000e-02 3.089595e+00
1.980000e-02 3.060500e+00
1.990000e-02 3.033402e+00
2.000000e-02 3.008732e+00
2.010000e-02 2.986898e+00
2.020000e-02 2.968292e+00
2.030000e-02 2.953299e+00
2.040000e-02 2.942305e+00
2.050000e-02 2.935708e+00
2.060000e-02 2.933922e+00
2.070000e-02 2.937390e+00
2.080000e-02 2.946581e+00
2.090000e-02 2.961993e+00
2.100000e-02 2.984143e+00
2.110000e-02 3.013545e+00
2.120000e-02 3.050670e+00
2.130000e-02 3.095876e+00
2.140000e-02 3.149306e+00
2.150000e-02 3.210750e+00
2.160000e-02 3.279456e+00
2.170000e-02 3.353941e+00
2.180000e-02 3.431826e+00
2.190000e-02 3.509799e+00
2.200000e-02 3.583790e+00
2.210000e-02 3.649429e+00
2.220000e-02 3.702743e+00
2.230000e-02 3.740910e+00
2.240000e-02 3.762791e+00
2.250000e-02 3.769042e+00
2.260000e-02 3.761762e+00
2.270000e-02 3.743864e+00
2.280000e-02 3.718412e+00
2.290000e-02 3.688117e+00
2.300000e-02 3.655064e+00
2.310000e-02 3.620648e+00
2.320000e-02 3.585639e+00
2.330000e-02 3.550321e+00
2.340000e-02 3.514633e+00
2.350000e-02 3.478314e+00
2.360000e-02 3.441007e+00
2.370000e-02 3.402347e+00
2.380000e-02 3.362021e+00
2.390000e-02 3.319803e+00
2.400000e-02 3.275575e+00
2.410000e-02 3.229333e+00
2.420000e-02 3.181181e+00
2.430000e-02 3.131319e+00
2.440000e-02 3.080022e+00
2.450000e-02 3.027625e+00
2.460000e-02 2.974496e+00
2.470000e-02 2.921020e+00
2.480000e-02 2.867580e+00
2.490000e-02 2.814547e+00
2.500000e-02 2.762263e+00
2.510000e-02 2.711039e+00
2.520000e-02 2.661147e+00
2.530000e-02 2.612820e+00
2.540000e-02 2.566253e+00
2.550000e-02 2.521601e+00
2.560000e-02 2.478987e+00
2.570000e-02 2.438500e+00
2.580000e-02 2.400204e+00
2.590000e-02 2.364138e+00
2.600000e-02 2.330323e+00
2.610000e-02 2.298760e+00
2.620000e-02 2.269443e+00
2.630000e-02 2.242350e+00
2.640000e-02 2.217457e+00
2.650000e-02 2.194733e+00
2.660000e-02 2.174143e+00
2.670000e-02 2.155652e+00
2.680000e-02 2.139226e+00
2.690000e-02 2.124832e+00
2.700000e-02 2.112437e+00
2.710000e-02 2.102014e+00
2.720000e-02 2.093539e+00
2.730000e-02 2.086992e+00
2.740000e-02 2.082358e+00
2.750000e-02 2.079627e+00
2.760000e-02 2.078794e+00
2.770000e-02 2.079858e+00
2.780000e-02 2.082827e+00
2.790000e-02 2.087710e+00
2.800000e-02 2.094524e+00
2.810000e-02 2.103289e+00
2.820000e-02 2.114029e+00
2.830000e-02 2.126774e+00
2.840000e-02 2.141553e+00
2.850000e-02 2.158399e+00
2.860000e-02 2.177344e+00
2.870000e-02 2.198418e+00
2.880000e-02 2.221649e+00
2.890000e-02 2.247057e+00
2.900000e-02 2.274653e+00
2.910000e-02 2.304435e+00
2.920000e-02 2.336386e+00
2.930000e-02 2.370464e+00
2.940000e-02 2.406605e+00
2.950000e-02 2.444710e+00
2.960000e-02 2.484645e+00
2.970000e-02 2.526236e+00
2.980000e-02 2.569260e+00
2.990000e-02 2.613446e+00
3.000000e-02 2.658473e+00
3.010000e-02 2.703970e+00
3.020000e-02 2.749519e+00
3.030000e-02 2.794667e+00
3.040000e-02 2.838933e+00
3.050000e-02 2.881826e+00
3.060000e-02 2.922866e+00
3.070000e-02 2.961603e+00
3.080000e-02 2.997643e+00
3.090000e-02 3.030672e+00
3.100000e-02 3.060472e+00
3.110000e-02 3.086940e+00
3.120000e-02 3.110095e+00
3.130000e-02 3.130082e+00
3.140000e-02 3.147163e+00
3.150000e-02 3.161704e+00
3.160000e-02 3.174161e+00
3.170000e-02 3.185053e+00
3.180000e-02 3.194941e+00
3.190000e-02 3.204406e+00
3.200000e-02 3.214027e+00
3.210000e-02 3.224365e+00
3.220000e-02 3.235947e+00
3.230000e-02 3.249260e+00
3.240000e-02 3.264743e+00
3.250000e-02 3.282786e+00
3.260000e-02 3.303726e+00
3.270000e-02 3.327852e+00
3.280000e-02 3.355408e+00
3.290000e-02 3.386591e+00
3.300000e-02 3.421556e+00
3.310000e-02 3.460420e+00
3.320000e-02 3.503254e+00
3.330000e-02 3.550089e+00
3.340000e-02 3.600906e+00
3.350000e-02 3.655631e+00
3.360000e-02 3.714128e+00
3.370000e-02 3.776177e+00
3.380000e-02 3.841470e+00
3.390000e-02 3.909581e+00
3.400000e-02 3.979954e+00
3.410000e-02 4.051878e+00
3.420000e-02 4.124469e+00
3.430000e-02 4.196660e+00
3.440000e-02 4.267193e+00
3.450000e-02 4.334637e+00
3.460000e-02 4.397420e+00
3.470000e-02 4.453887e+00
3.480000e-02 4.502388e+00
3.490000e-02 4.541390e+00
3.500000e-02 4.569603e+00
3.510000e-02 4.586119e+00
3.520000e-02 4.590520e+00
3.530000e-02 4.582966e+00
3.540000e-02 4.564215e+00
3.550000e-02 4.535594e+00
3.560000e-02 4.498903e+00
3.570000e-02 4.456281e+00
3.580000e-02 4.410039e+00
3.590000e-02 4.362505e+00
3.600000e-02 4.315876e+00
3.610000e-02 4.272111e+00
3.620000e-02 4.232859e+00
3.630000e-02 4.199422e+00
3.640000e-02 4.172750e+00
3.650000e-02 4.153455e+00
3.660000e-02 4.141836e+00
3.670000e-02 4.137916e+00
3.680000e-02 4.141475e+00
3.690000e-02 4.152078e+00
3.700000e-02 4.169108e+00
3.710000e-02 4.191783e+00
3.720000e-02 4.219188e+00
3.730000e-02 4.250286e+00
3.740000e-02 4.283947e+00
3.750000e-02 4.318972e+00
3.760000e-02 4.354122e+00
3.770000e-02 4.388151e+00
3.780000e-02 4.419846e+00
3.790000e-02 4.448069e+00
3.800000e-02 4.471786e+00
3.810000e-02 4.490104e+00
3.820000e-02 4.502258e+00
3.830000e-02 4.507522e+00
3.840000e-02 4.504373e+00
3.850000e-02 4.492952e+00
3.860000e-02 4.481827e+00
3.870000e-02 4.465216e+00
3.880000e-02 4.443353e+00
3.890000e-02 4.416756e+00
3.900000e-02 4.386058e+00
3.910000e-02 4.351934e+00
3.920000e-02 4.315050e+00
3.930000e-02 4.276032e+00
3.940000e-02 4.235437e+00
3.950000e-02 4.193743e+00
3.960000e-02 4.151345e+00
3.970000e-02 4.108553e+00
3.980000e-02 4.065603e+00
3.990000e-02 4.022665e+00
4.000000e-02 3.979851e+00
4.010000e-02 3.937232e+00
4.020000e-02 3.894848e+00
4.030000e-02 3.852717e+00
4.040000e-02 3.810850e+00
4.050000e-02 3.769259e+00
4.060000e-02 3.727965e+00
4.070000e-02 3.687003e+00
4.080000e-02 3.646431e+00
4.090000e-02 3.606329e+00
4.100000e-02 3.566801e+00
4.110000e-02 3.527974e+00
4.120000e-02 3.489993e+00
4.130000e-02 3.453014e+00
4.140000e-02 3.417201e+00
4.150000e-02 3.382715e+00
4.160000e-02 3.349708e+00
4.170000e-02 3.318314e+00
4.180000e-02 3.288644e+00
4.190000e-02 3.260784e+00
4.200000e-02 3.234788e+00
4.210000e-02 3.210679e+00
4.220000e-02 3.188452e+00
4.230000e-02 3.168074e+00
4.240000e-02 3.149488e+00
4.250000e-02 3.132620e+00
4.260000e-02 3.117379e+00
4.270000e-02 3.103669e+00
4.280000e-02 3.091384e+00
4.290000e-02 3.080424e+00
4.300000e-02 3.070687e+00
4.310000e-02 3.062082e+00
4.320000e-02 3.054527e+00
4.330000e-02 3.047950e+00
4.340000e-02 3.042295e+00
4.350000e-02 3.037519e+00
4.360000e-02 3.033595e+00
4.370000e-02 3.030513e+00
4.380000e-02 3.028278e+00
4.390000e-02 3.026911e+00
4.400000e-02 3.026448e+00
4.410000e-02 3.026942e+00
4.420000e-02 3.028460e+00
4.430000e-02 3.031082e+00
4.440000e-02 3.034903e+00
4.450000e-02 3.040030e+00
4.460000e-02 3.046585e+00
4.470000e-02 3.054700e+00
4.480000e-02 3.064521e+00
4.490000e-02 3.076208e+00
4.500000e-02 3.089932e+00
4.510000e-02 3.105877e+00
4.520000e-02 3.124243e+00
4.530000e-02 3.145242e+00
4.540000e-02 3.169104e+00
4.550000e-02 3.196070e+00
4.560000e-02 3.226398e+00
4.570000e-02 3.260356e+00
4.580000e-02 3.298222e+00
4.590000e-02 3.340281e+00
4.600000e-02 3.386812e+00
4.610000e-02 3.438077e+00
4.620000e-02 3.494309e+00
4.630000e-02 3.555682e+00
4.640000e-02 3.622286e+00
4.650000e-02 3.694085e+00
4.660000e-02 3.770872e+00
4.670000e-02 3.852216e+00
4.680000e-02 3.937406e+00
4.690000e-02 4.025403e+00
4.700000e-02 4.114804e+00
4.710000e-02 4.203840e+00
4.720000e-02 4.290413e+00
4.730000e-02 4.372198e+00
4.740000e-02 4.446792e+00
4.750000e-02 4.511926e+00
4.760000e-02 4.565683e+00
4.770000e-02 4.606711e+00
4.780000e-02 4.634367e+00
4.790000e-02 4.648773e+00
4.800000e-02 4.650772e+00
4.810000e-02 4.641789e+00
4.820000e-02 4.623645e+00
4.830000e-02 4.598352e+00
4.840000e-02 4.567925e+00
4.850000e-02 4.534240e+00
4.860000e-02 4.498937e+00
4.870000e-02 4.463375e+00
4.880000e-02 4.428617e+00
4.890000e-02 4.395452e+00
4.900000e-02 4.364425e+00
4.910000e-02 4.335871e+00
4.920000e-02 4.309962e+00
4.930000e-02 4.286736e+00
4.940000e-02 4.266138e+00
4.950000e-02 4.248037e+00
4.960000e-02 4.232259e+00
4.970000e-02 4.218596e+00
4.980000e-02 4.206829e+00
4.990000e-02 4.196730e+00
