0.000000e+00 1.385853e+01
6.000000e-02 1.386328e+01
1.200000e-01 1.378890e+01
1.800000e-01 1.365180e+01
2.400000e-01 1.359307e+01
3.000000e-01 1.358985e+01
3.600000e-01 1.349683e+01
4.200000e-01 1.326228e+01
4.800000e-01 1.285355e+01
5.400000e-01 1.225956e+01
6.000000e-01 1.153811e+01
6.600000e-01 1.082954e+01
7.200000e-01 1.016125e+01
7.800000e-01 9.360692e+00
8.400000e-01 8.601323e+00
9.000000e-01 8.167282e+00
9.600000e-01 7.961261e+00
1.020000e+00 7.780067e+00
1.080000e+00 7.610492e+00
1.140000e+00 7.346932e+00
1.200000e+00 7.261693e+00
1.260000e+00 6.994637e+00
1.320000e+00 6.995168e+00
1.380000e+00 6.117160e+00
1.440000e+00 5.335301e+00
1.500000e+00 5.315962e+00
1.560000e+00 5.308677e+00
1.620000e+00 4.460582e+00
1.680000e+00 4.728674e+00
1.740000e+00 5.048705e+00
1.800000e+00 4.123432e+00
1.860000e+00 3.871193e+00
1.920000e+00 3.930154e+00
1.980000e+00 3.126318e+00
2.040000e+00 2.977383e+00
2.100000e+00 2.454253e+00
2.160000e+00 2.612210e+00
2.220000e+00 2.372318e+00
2.280000e+00 3.165259e+00
2.340000e+00 3.063169e+00
2.400000e+00 3.001788e+00
2.460000e+00 2.615613e+00
2.520000e+00 2.583478e+00
2.580000e+00 3.396001e+00
2.640000e+00 3.425422e+00
2.700000e+00 2.835606e+00
2.760000e+00 2.749028e+00
2.820000e+00 3.315900e+00
2.880000e+00 3.805003e+00
2.940000e+00 2.164861e+00
3.000000e+00 1.439580e+00
3.060000e+00 1.990835e+00
3.120000e+00 1.894268e+00
3.180000e+00 3.024125e+00
3.240000e+00 1.337602e+00
3.300000e+00 6.832149e-01
3.360000e+00 1.012927e+00
3.420000e+00 2.367031e+00
3.480000e+00 1.892685e+00
3.540000e+00 1.645269e+00
3.600000e+00 1.487397e+00
3.660000e+00 2.005347e+00
3.720000e+00 1.028793e+00
3.780000e+00 6.578839e-01
3.840000e+00 2.566667e-01
3.900000e+00 7.461303e-02
3.960000e+00 3.883681e-01
4.020000e+00 1.442862e+00
4.080000e+00 1.244654e+00
4.140000e+00 4.719411e-01
4.200000e+00 1.711308e+00
4.260000e+00 1.809551e-01
4.320000e+00 4.060916e-01
4.380000e+00 1.837930e-02
4.440000e+00 2.230994e-02
4.500000e+00 1.835443e+00
4.560000e+00 3.001478e-01
4.620000e+00 5.011425e-02
4.680000e+00 3.833775e-02
4.740000e+00 1.537226e-02
4.800000e+00 2.559713e-01
4.860000e+00 3.751851e-02
4.920000e+00 1.076640e+00
4.980000e+00 2.677808e-02
5.040000e+00 8.638193e-02
5.100000e+00 1.437288e-02
5.160000e+00 7.326711e-04
5.220000e+00 1.596635e-04
5.280000e+00 3.917808e-04
5.340000e+00 1.075747e-03
5.400000e+00 1.069302e-01
5.460000e+00 8.229023e-03
5.520000e+00 1.521471e+00
5.580000e+00 2.379497e-01
5.640000e+00 5.512906e-03
5.700000e+00 7.294618e-02
5.760000e+00 1.567280e-02
5.820000e+00 5.977456e-04
5.880000e+00 1.564508e-03
5.940000e+00 1.665188e-02
