0.000000e+00 1.385853e+01
6.000000e-02 1.399633e+01
1.200000e-01 1.396929e+01
1.800000e-01 1.373672e+01
2.400000e-01 1.325364e+01
3.000000e-01 1.266991e+01
3.600000e-01 1.225401e+01
4.200000e-01 1.199805e+01
4.800000e-01 1.174526e+01
5.400000e-01 1.138914e+01
6.000000e-01 1.096313e+01
6.600000e-01 1.050531e+01
7.200000e-01 9.961451e+00
7.800000e-01 9.387022e+00
8.400000e-01 8.819094e+00
9.000000e-01 8.249859e+00
9.600000e-01 7.734313e+00
1.020000e+00 7.523016e+00
1.080000e+00 7.575556e+00
1.140000e+00 7.442293e+00
1.200000e+00 6.323373e+00
1.260000e+00 5.751270e+00
1.320000e+00 6.069131e+00
1.380000e+00 6.070322e+00
1.440000e+00 6.272049e+00
1.500000e+00 6.603633e+00
1.560000e+00 6.066738e+00
1.620000e+00 5.433482e+00
1.680000e+00 4.401052e+00
1.740000e+00 4.631652e+00
1.800000e+00 5.028430e+00
1.860000e+00 3.331180e+00
1.920000e+00 2.883555e+00
1.980000e+00 3.153255e+00
2.040000e+00 3.585995e+00
2.100000e+00 3.885940e+00
2.160000e+00 3.873801e+00
2.220000e+00 3.297324e+00
2.280000e+00 3.170758e+00
2.340000e+00 2.008224e+00
2.400000e+00 2.750090e+00
2.460000e+00 2.928544e+00
2.520000e+00 2.692359e+00
2.580000e+00 2.574665e+00
2.640000e+00 2.981967e+00
2.700000e+00 2.278646e+00
2.760000e+00 1.654147e+00
2.820000e+00 1.074178e+00
2.880000e+00 9.332200e-01
2.940000e+00 2.002265e+00
3.000000e+00 9.812958e-01
3.060000e+00 1.233717e+00
3.120000e+00 1.874335e+00
3.180000e+00 2.487201e+00
3.240000e+00 1.613066e+00
3.300000e+00 3.068648e+00
3.360000e+00 1.145033e+00
3.420000e+00 1.952927e+00
3.480000e+00 1.042559e+00
3.540000e+00 1.218833e+00
3.600000e+00 2.138643e+00
3.660000e+00 1.432584e+00
3.720000e+00 3.043002e-01
3.780000e+00 1.819130e-01
3.840000e+00 3.374741e-01
3.900000e+00 1.262815e+00
3.960000e+00 2.532962e-01
4.020000e+00 1.447533e-01
4.080000e+00 1.692968e-01
4.140000e+00 7.774477e-01
4.200000e+00 1.397975e-01
4.260000e+00 1.024296e-01
4.320000e+00 3.806618e-01
4.380000e+00 3.099029e-01
4.440000e+00 1.327239e-01
4.500000e+00 2.612322e-01
4.560000e+00 9.693627e-02
4.620000e+00 4.249186e-01
4.680000e+00 1.055894e+00
4.740000e+00 1.586894e-01
4.800000e+00 4.056119e-01
4.860000e+00 7.490570e-04
4.920000e+00 4.215430e-03
4.980000e+00 3.076262e-01
5.040000e+00 6.046240e-01
5.100000e+00 1.727639e-02
5.160000e+00 8.324921e-03
5.220000e+00 1.341188e-02
5.280000e+00 1.652444e-01
5.340000e+00 1.465370e+00
5.400000e+00 1.335424e+00
5.460000e+00 2.382481e-02
5.520000e+00 8.423732e-02
5.580000e+00 1.761940e-03
5.640000e+00 7.952490e-03
5.700000e+00 1.928249e-02
5.760000e+00 2.767245e-03
5.820000e+00 1.679899e-03
5.880000e+00 2.389735e-03
5.940000e+00 2.986858e-03
