0.000000e+00 1.385853e+01
6.000000e-02 1.394644e+01
1.200000e-01 1.391545e+01
1.800000e-01 1.372819e+01
2.400000e-01 1.337644e+01
3.000000e-01 1.293973e+01
3.600000e-01 1.252704e+01
4.200000e-01 1.216062e+01
4.800000e-01 1.179010e+01
5.400000e-01 1.137709e+01
6.000000e-01 1.096415e+01
6.600000e-01 1.042470e+01
7.200000e-01 9.971590e+00
7.800000e-01 9.694693e+00
8.400000e-01 9.215627e+00
9.000000e-01 8.814310e+00
9.600000e-01 8.524588e+00
1.020000e+00 7.929955e+00
1.080000e+00 7.737587e+00
1.140000e+00 7.846329e+00
1.200000e+00 7.493181e+00
1.260000e+00 7.101687e+00
1.320000e+00 6.787950e+00
1.380000e+00 6.243234e+00
1.440000e+00 5.645950e+00
1.500000e+00 5.502472e+00
1.560000e+00 5.497092e+00
1.620000e+00 6.320356e+00
1.680000e+00 5.579049e+00
1.740000e+00 4.596659e+00
1.800000e+00 4.357951e+00
1.860000e+00 3.929425e+00
1.920000e+00 3.875068e+00
1.980000e+00 4.334449e+00
2.040000e+00 4.788752e+00
2.100000e+00 3.804652e+00
2.160000e+00 2.697084e+00
2.220000e+00 4.112770e+00
2.280000e+00 4.636057e+00
2.340000e+00 3.544860e+00
2.400000e+00 3.095719e+00
2.460000e+00 2.334196e+00
2.520000e+00 2.752335e+00
2.580000e+00 7.540436e-01
2.640000e+00 1.150373e+00
2.700000e+00 1.098368e+00
2.760000e+00 2.254960e+00
2.820000e+00 1.642669e+00
2.880000e+00 2.568969e+00
2.940000e+00 1.020860e+00
3.000000e+00 6.786014e-01
3.060000e+00 1.338096e+00
3.120000e+00 1.639436e+00
3.180000e+00 2.506828e+00
3.240000e+00 2.150407e+00
3.300000e+00 1.633878e+00
3.360000e+00 4.651568e-01
3.420000e+00 8.289028e-01
3.480000e+00 1.848902e+00
3.540000e+00 9.978870e-01
3.600000e+00 1.950629e+00
3.660000e+00 1.215525e+00
3.720000e+00 1.146724e+00
3.780000e+00 3.355745e-01
3.840000e+00 2.549980e+00
3.900000e+00 8.485006e-01
3.960000e+00 1.310391e+00
4.020000e+00 5.515212e-01
4.080000e+00 2.625651e-01
4.140000e+00 1.176386e-02
4.200000e+00 1.075668e-02
4.260000e+00 1.728893e-02
4.320000e+00 9.384949e-03
4.380000e+00 5.897927e-02
4.440000e+00 1.382670e+00
4.500000e+00 1.667570e+00
4.560000e+00 4.154057e-01
4.620000e+00 7.709922e-01
4.680000e+00 3.118419e-01
4.740000e+00 3.843559e-01
4.800000e+00 6.111037e-02
4.860000e+00 1.299195e-03
4.920000e+00 2.051615e-03
4.980000e+00 1.507988e-02
5.040000e+00 6.877101e-03
5.100000e+00 5.437562e-01
5.160000e+00 1.751920e-01
5.220000e+00 4.897889e-01
5.280000e+00 6.623234e-01
5.340000e+00 3.260667e-02
5.400000e+00 2.174809e-02
5.460000e+00 6.573345e-03
5.520000e+00 8.620842e-03
5.580000e+00 5.615122e-02
5.640000e+00 3.661388e-03
5.700000e+00 1.285883e-01
5.760000e+00 7.768502e-02
5.820000e+00 7.594278e-02
5.880000e+00 5.266012e-03
5.940000e+00 3.173308e-02
