0.000000e+00 1.385853e+01
6.000000e-02 1.371527e+01
1.200000e-01 1.355289e+01
1.800000e-01 1.332202e+01
2.400000e-01 1.347666e+01
3.000000e-01 1.432355e+01
3.600000e-01 1.438833e+01
4.200000e-01 1.406418e+01
4.800000e-01 1.353522e+01
5.400000e-01 1.265272e+01
6.000000e-01 1.180244e+01
6.600000e-01 1.131345e+01
7.200000e-01 1.105471e+01
7.800000e-01 1.073023e+01
8.400000e-01 1.012356e+01
9.000000e-01 9.524056e+00
9.600000e-01 9.573415e+00
1.020000e+00 9.612852e+00
1.080000e+00 9.336808e+00
1.140000e+00 7.931307e+00
1.200000e+00 7.258156e+00
1.260000e+00 7.435227e+00
1.320000e+00 7.548450e+00
1.380000e+00 6.924222e+00
1.440000e+00 5.806271e+00
1.500000e+00 6.173484e+00
1.560000e+00 6.107293e+00
1.620000e+00 5.936483e+00
1.680000e+00 5.024485e+00
1.740000e+00 5.293765e+00
1.800000e+00 4.816632e+00
1.860000e+00 4.526577e+00
1.920000e+00 5.011545e+00
1.980000e+00 3.202492e+00
2.040000e+00 2.959562e+00
2.100000e+00 3.257436e+00
2.160000e+00 4.596730e+00
2.220000e+00 4.198502e+00
2.280000e+00 4.277725e+00
2.340000e+00 4.195541e+00
2.400000e+00 2.407029e+00
2.460000e+00 3.547304e+00
2.520000e+00 2.572182e+00
2.580000e+00 3.003069e+00
2.640000e+00 3.379310e+00
2.700000e+00 3.586880e+00
2.760000e+00 3.704930e+00
2.820000e+00 2.860798e+00
2.880000e+00 1.137252e+00
2.940000e+00 2.273617e+00
3.000000e+00 1.347692e+00
3.060000e+00 4.863814e-01
3.120000e+00 1.718872e+00
3.180000e+00 6.761641e-01
3.240000e+00 5.432652e-01
3.300000e+00 1.889826e+00
3.360000e+00 1.698284e+00
3.420000e+00 6.060809e-01
3.480000e+00 1.431528e+00
3.540000e+00 3.078681e-01
3.600000e+00 1.093167e+00
3.660000e+00 1.277609e+00
3.720000e+00 5.428908e-01
3.780000e+00 1.292589e+00
3.840000e+00 6.840574e-01
3.900000e+00 6.093113e-01
3.960000e+00 1.260336e+00
4.020000e+00 1.439301e+00
4.080000e+00 3.500832e-01
4.140000e+00 5.102894e-02
4.200000e+00 5.130064e-02
4.260000e+00 6.555576e-02
4.320000e+00 5.927326e-02
4.380000e+00 5.608268e-01
4.440000e+00 1.781167e-01
4.500000e+00 1.351824e-02
4.560000e+00 6.955737e-02
4.620000e+00 3.782242e-02
4.680000e+00 9.614787e-01
4.740000e+00 7.650186e-02
4.800000e+00 3.077938e-02
4.860000e+00 2.167764e-01
4.920000e+00 5.558709e-02
4.980000e+00 1.673411e+00
5.040000e+00 2.591789e-03
5.100000e+00 3.941175e-03
5.160000e+00 1.258431e-01
5.220000e+00 1.501810e-02
5.280000e+00 5.616263e-04
5.340000e+00 6.132258e-02
5.400000e+00 3.028454e-01
5.460000e+00 1.143186e+00
5.520000e+00 1.162342e-01
5.580000e+00 2.366932e-02
5.640000e+00 1.389904e-02
5.700000e+00 2.480720e-01
5.760000e+00 7.361688e-01
5.820000e+00 9.660257e-03
5.880000e+00 7.180807e-03
5.940000e+00 1.252321e-03
