0.000000e+00 1.385853e+01
6.000000e-02 1.397975e+01
1.200000e-01 1.403481e+01
1.800000e-01 1.401795e+01
2.400000e-01 1.384657e+01
3.000000e-01 1.345686e+01
3.600000e-01 1.289307e+01
4.200000e-01 1.222446e+01
4.800000e-01 1.150059e+01
5.400000e-01 1.075277e+01
6.000000e-01 1.020959e+01
6.600000e-01 9.907982e+00
7.200000e-01 9.651906e+00
7.800000e-01 9.250565e+00
8.400000e-01 8.768067e+00
9.000000e-01 8.529058e+00
9.600000e-01 8.245432e+00
1.020000e+00 7.755246e+00
1.080000e+00 7.499574e+00
1.140000e+00 7.258290e+00
1.200000e+00 6.906082e+00
1.260000e+00 6.569255e+00
1.320000e+00 7.207325e+00
1.380000e+00 7.291284e+00
1.440000e+00 6.263457e+00
1.500000e+00 5.498855e+00
1.560000e+00 5.597716e+00
1.620000e+00 5.474291e+00
1.680000e+00 5.273495e+00
1.740000e+00 5.471157e+00
1.800000e+00 4.557930e+00
1.860000e+00 4.709695e+00
1.920000e+00 4.457324e+00
1.980000e+00 4.432048e+00
2.040000e+00 3.727194e+00
2.100000e+00 3.292650e+00
2.160000e+00 4.115732e+00
2.220000e+00 3.520842e+00
2.280000e+00 3.594866e+00
2.340000e+00 3.578786e+00
2.400000e+00 2.293248e+00
2.460000e+00 2.975503e+00
2.520000e+00 2.705745e+00
2.580000e+00 3.223670e+00
2.640000e+00 3.443234e+00
2.700000e+00 2.532420e+00
2.760000e+00 1.750846e+00
2.820000e+00 2.520292e+00
2.880000e+00 2.990638e+00
2.940000e+00 1.796700e+00
3.000000e+00 1.805472e+00
3.060000e+00 4.429166e-01
3.120000e+00 1.379411e+00
3.180000e+00 1.566751e+00
3.240000e+00 6.398151e-01
3.300000e+00 3.104147e-01
3.360000e+00 8.157768e-01
3.420000e+00 1.341208e+00
3.480000e+00 7.461756e-01
3.540000e+00 3.420596e-01
3.600000e+00 1.820334e+00
3.660000e+00 8.547925e-01
3.720000e+00 1.512385e+00
3.780000e+00 1.532177e+00
3.840000e+00 1.352269e+00
3.900000e+00 1.111663e-01
3.960000e+00 4.768580e-02
4.020000e+00 1.630838e-01
4.080000e+00 6.554681e-01
4.140000e+00 1.516638e-01
4.200000e+00 1.984714e-02
4.260000e+00 2.948490e-02
4.320000e+00 1.493274e-01
4.380000e+00 9.529075e-01
4.440000e+00 1.340286e+00
4.500000e+00 6.115324e-01
4.560000e+00 5.488820e-01
4.620000e+00 9.439388e-01
4.680000e+00 2.948801e-02
4.740000e+00 5.340532e-02
4.800000e+00 1.278976e-02
4.860000e+00 4.842187e-02
4.920000e+00 6.681476e-04
4.980000e+00 1.667677e-03
5.040000e+00 3.932880e-02
5.100000e+00 3.001232e-03
5.160000e+00 3.761867e-03
5.220000e+00 2.902172e-02
5.280000e+00 5.940638e-01
5.340000e+00 3.751689e-01
5.400000e+00 1.217892e-03
5.460000e+00 1.917557e+00
5.520000e+00 6.981860e-04
5.580000e+00 3.119488e-03
5.640000e+00 3.584758e-01
5.700000e+00 1.146308e-03
5.760000e+00 3.222133e-02
5.820000e+00 2.819734e-02
5.880000e+00 3.009859e-04
5.940000e+00 5.851993e-05
