0.000000e+00 1.385853e+01
6.000000e-02 1.365311e+01
1.200000e-01 1.369447e+01
1.800000e-01 1.408084e+01
2.400000e-01 1.401526e+01
3.000000e-01 1.356595e+01
3.600000e-01 1.293110e+01
4.200000e-01 1.227087e+01
4.800000e-01 1.168437e+01
5.400000e-01 1.119649e+01
6.000000e-01 1.082048e+01
6.600000e-01 1.058498e+01
7.200000e-01 1.052533e+01
7.800000e-01 1.055475e+01
8.400000e-01 1.039000e+01
9.000000e-01 9.923820e+00
9.600000e-01 9.388843e+00
1.020000e+00 8.948228e+00
1.080000e+00 8.675864e+00
1.140000e+00 8.291790e+00
1.200000e+00 7.563106e+00
1.260000e+00 7.661207e+00
1.320000e+00 7.633264e+00
1.380000e+00 7.249927e+00
1.440000e+00 7.225575e+00
1.500000e+00 6.536660e+00
1.560000e+00 5.710016e+00
1.620000e+00 5.920257e+00
1.680000e+00 5.595391e+00
1.740000e+00 4.643376e+00
1.800000e+00 4.146067e+00
1.860000e+00 4.206733e+00
1.920000e+00 4.326322e+00
1.980000e+00 4.620013e+00
2.040000e+00 4.818653e+00
2.100000e+00 4.212641e+00
2.160000e+00 3.765360e+00
2.220000e+00 5.189095e+00
2.280000e+00 3.404842e+00
2.340000e+00 3.474869e+00
2.400000e+00 3.010866e+00
2.460000e+00 2.888424e+00
2.520000e+00 2.822532e+00
2.580000e+00 2.335560e+00
2.640000e+00 1.118025e+00
2.700000e+00 3.061823e+00
2.760000e+00 2.515938e+00
2.820000e+00 3.088889e+00
2.880000e+00 1.628395e+00
2.940000e+00 1.312127e+00
3.000000e+00 2.515164e+00
3.060000e+00 1.113928e+00
3.120000e+00 6.240332e-01
3.180000e+00 3.387173e-01
3.240000e+00 2.571410e+00
3.300000e+00 9.846273e-01
3.360000e+00 4.538432e-01
3.420000e+00 2.040559e-01
3.480000e+00 4.726300e-01
3.540000e+00 6.798556e-01
3.600000e+00 1.526193e+00
3.660000e+00 7.608957e-01
3.720000e+00 5.895926e-01
3.780000e+00 2.814633e-01
3.840000e+00 1.216679e+00
3.900000e+00 1.071228e+00
3.960000e+00 9.899932e-01
4.020000e+00 1.448551e-01
4.080000e+00 9.463688e-01
4.140000e+00 1.596411e-01
4.200000e+00 3.133917e-01
4.260000e+00 4.346030e-02
4.320000e+00 6.219847e-01
4.380000e+00 1.075733e-01
4.440000e+00 4.896191e-01
4.500000e+00 3.342632e-02
4.560000e+00 8.403342e-04
4.620000e+00 1.287966e-03
4.680000e+00 2.898250e-03
4.740000e+00 8.107027e-02
4.800000e+00 2.201085e-02
4.860000e+00 1.231139e-02
4.920000e+00 7.915299e-01
4.980000e+00 4.689026e-01
5.040000e+00 2.683609e-02
5.100000e+00 6.402877e-03
5.160000e+00 1.492750e-02
5.220000e+00 2.544091e-01
5.280000e+00 8.829758e-02
5.340000e+00 3.745538e-02
5.400000e+00 1.748641e-02
5.460000e+00 2.714125e-03
5.520000e+00 2.815981e-02
5.580000e+00 1.181935e-04
5.640000e+00 1.037032e-05
5.700000e+00 1.954669e-05
5.760000e+00 2.485953e-03
5.820000e+00 1.658568e-02
5.880000e+00 3.393209e-03
5.940000e+00 5.884322e-03
