0.000000e+00 1.385853e+01
6.000000e-02 1.368452e+01
1.200000e-01 1.394078e+01
1.800000e-01 1.459939e+01
2.400000e-01 1.444950e+01
3.000000e-01 1.397041e+01
3.600000e-01 1.322443e+01
4.200000e-01 1.241011e+01
4.800000e-01 1.139209e+01
5.400000e-01 1.072641e+01
6.000000e-01 1.055055e+01
6.600000e-01 1.027418e+01
7.200000e-01 1.008324e+01
7.800000e-01 1.007820e+01
8.400000e-01 9.858231e+00
9.000000e-01 9.366495e+00
9.600000e-01 8.714406e+00
1.020000e+00 8.395629e+00
1.080000e+00 7.820488e+00
1.140000e+00 6.866514e+00
1.200000e+00 6.677155e+00
1.260000e+00 6.824214e+00
1.320000e+00 6.992396e+00
1.380000e+00 6.944694e+00
1.440000e+00 5.547772e+00
1.500000e+00 4.621816e+00
1.560000e+00 4.810585e+00
1.620000e+00 4.813160e+00
1.680000e+00 5.625238e+00
1.740000e+00 6.142549e+00
1.800000e+00 5.005673e+00
1.860000e+00 5.151380e+00
1.920000e+00 4.971352e+00
1.980000e+00 3.670778e+00
2.040000e+00 3.525708e+00
2.100000e+00 2.937526e+00
2.160000e+00 3.393817e+00
2.220000e+00 3.787979e+00
2.280000e+00 1.630267e+00
2.340000e+00 2.628758e+00
2.400000e+00 2.203370e+00
2.460000e+00 1.805527e+00
2.520000e+00 2.323048e+00
2.580000e+00 2.414625e+00
2.640000e+00 9.707439e-01
2.700000e+00 1.463738e+00
2.760000e+00 1.534344e+00
2.820000e+00 1.276239e+00
2.880000e+00 2.370757e+00
2.940000e+00 1.629786e+00
3.000000e+00 2.198963e+00
3.060000e+00 1.811214e+00
3.120000e+00 1.371548e+00
3.180000e+00 1.241485e+00
3.240000e+00 2.488382e+00
3.300000e+00 1.926886e+00
3.360000e+00 1.080007e+00
3.420000e+00 1.787567e+00
3.480000e+00 9.643047e-01
3.540000e+00 1.680926e+00
3.600000e+00 1.243703e+00
3.660000e+00 1.438014e+00
3.720000e+00 6.816930e-01
3.780000e+00 1.174360e+00
3.840000e+00 2.545667e+00
3.900000e+00 4.557497e-01
3.960000e+00 7.883648e-01
4.020000e+00 6.239553e-01
4.080000e+00 2.799996e-01
4.140000e+00 8.166462e-01
4.200000e+00 1.138688e+00
4.260000e+00 6.565026e-02
4.320000e+00 3.756964e-01
4.380000e+00 1.881719e+00
4.440000e+00 1.936049e-02
4.500000e+00 1.286978e-01
4.560000e+00 3.036845e-02
4.620000e+00 7.787933e-03
4.680000e+00 6.758620e-01
4.740000e+00 8.010163e-03
4.800000e+00 3.053132e-02
4.860000e+00 3.670242e-01
4.920000e+00 4.408562e-02
4.980000e+00 3.928596e-02
5.040000e+00 1.588496e-01
5.100000e+00 1.633489e-01
5.160000e+00 4.723969e-02
5.220000e+00 3.724181e-03
5.280000e+00 6.839014e-04
5.340000e+00 6.258949e-03
5.400000e+00 2.213162e-03
5.460000e+00 2.819470e-04
5.520000e+00 2.618546e-05
5.580000e+00 6.748363e-05
5.640000e+00 2.800600e-05
5.700000e+00 7.273832e-03
5.760000e+00 5.917774e-01
5.820000e+00 1.148821e-01
5.880000e+00 1.305531e-03
5.940000e+00 4.778278e-03
