0.000000e+00 4.521144e+00
5.000000e-02 4.260685e+00
1.000000e-01 4.020092e+00
1.500000e-01 3.936874e+00
2.000000e-01 3.954977e+00
2.500000e-01 3.981900e+00
3.000000e-01 4.065331e+00
3.500000e-01 4.134881e+00
4.000000e-01 4.114798e+00
4.500000e-01 4.078444e+00
5.000000e-01 4.047223e+00
5.500000e-01 4.149817e+00
6.000000e-01 4.213290e+00
6.500000e-01 4.206380e+00
7.000000e-01 3.921277e+00
7.500000e-01 3.513251e+00
8.000000e-01 3.441981e+00
8.500000e-01 3.518834e+00
9.000000e-01 3.708582e+00
9.500000e-01 3.629651e+00
1.000000e+00 3.133776e+00
1.050000e+00 3.081903e+00
1.100000e+00 3.461709e+00
1.150000e+00 3.771356e+00
1.200000e+00 3.844215e+00
1.250000e+00 3.918117e+00
1.300000e+00 3.854157e+00
1.350000e+00 3.750980e+00
1.400000e+00 3.753884e+00
1.450000e+00 3.685397e+00
1.500000e+00 3.440648e+00
1.550000e+00 4.082486e+00
1.600000e+00 3.409305e+00
1.650000e+00 3.273186e+00
1.700000e+00 3.702288e+00
1.750000e+00 3.178310e+00
1.800000e+00 3.111163e+00
1.850000e+00 3.526804e+00
1.900000e+00 3.143144e+00
1.950000e+00 2.593225e+00
2.000000e+00 2.451784e+00
2.050000e+00 2.533358e+00
2.100000e+00 3.075964e+00
2.150000e+00 2.935875e+00
2.200000e+00 2.718998e+00
2.250000e+00 2.769977e+00
2.300000e+00 2.416832e+00
2.350000e+00 2.605835e+00
2.400000e+00 2.612039e+00
2.450000e+00 2.568866e+00
2.500000e+00 2.446343e+00
2.550000e+00 2.466845e+00
2.600000e+00 2.176406e+00
2.650000e+00 2.440395e+00
2.700000e+00 2.705374e+00
2.750000e+00 2.678053e+00
2.800000e+00 2.513943e+00
2.850000e+00 2.657134e+00
2.900000e+00 2.701475e+00
2.950000e+00 2.435694e+00
3.000000e+00 2.505768e+00
3.050000e+00 1.797082e+00
3.100000e+00 2.135238e+00
3.150000e+00 2.655945e+00
3.200000e+00 2.168887e+00
3.250000e+00 1.447663e+00
3.300000e+00 1.644886e+00
3.350000e+00 1.455769e+00
3.400000e+00 1.911055e+00
3.450000e+00 1.709966e+00
3.500000e+00 2.240287e+00
3.550000e+00 1.529713e+00
3.600000e+00 1.598766e+00
3.650000e+00 1.884078e+00
3.700000e+00 2.053703e+00
3.750000e+00 1.520330e+00
3.800000e+00 1.831667e+00
3.850000e+00 1.700007e+00
3.900000e+00 1.947891e+00
3.950000e+00 1.536697e+00
4.000000e+00 1.471033e+00
4.050000e+00 1.379253e+00
4.100000e+00 1.294168e+00
4.150000e+00 1.306188e+00
4.200000e+00 1.012386e+00
4.250000e+00 1.444257e+00
4.300000e+00 1.660391e+00
4.350000e+00 1.167215e+00
4.400000e+00 1.501653e+00
4.450000e+00 1.298697e+00
4.500000e+00 1.298745e+00
4.550000e+00 1.235027e+00
4.600000e+00 9.749159e-01
4.650000e+00 9.492306e-01
4.700000e+00 1.126097e+00
4.750000e+00 1.724303e+00
4.800000e+00 1.245785e+00
4.850000e+00 1.401982e+00
4.900000e+00 1.391018e+00
4.950000e+00 5.716861e-01
