-5.000000e-02 5.083091e-01
-4.990000e-02 5.072845e-01
-4.980000e-02 5.064073e-01
-4.970000e-02 5.057100e-01
-4.960000e-02 5.051860e-01
-4.950000e-02 5.047949e-01
-4.940000e-02 5.044671e-01
-4.930000e-02 5.041072e-01
-4.920000e-02 5.035984e-01
-4.910000e-02 5.028069e-01
-4.900000e-02 5.015889e-01
-4.890000e-02 4.998007e-01
-4.880000e-02 4.973121e-01
-4.870000e-02 4.940258e-01
-4.860000e-02 4.899000e-01
-4.850000e-02 4.849765e-01
-4.840000e-02 4.794073e-01
-4.830000e-02 4.734766e-01
-4.820000e-02 4.676078e-01
-4.810000e-02 4.623460e-01
-4.800000e-02 4.583063e-01
-4.790000e-02 4.560863e-01
-4.780000e-02 4.561509e-01
-4.770000e-02 4.587130e-01
-4.760000e-02 4.636431e-01
-4.750000e-02 4.704422e-01
-4.740000e-02 4.782967e-01
-4.730000e-02 4.862080e-01
-4.720000e-02 4.931648e-01
-4.710000e-02 4.983110e-01
-4.700000e-02 5.010699e-01
-4.690000e-02 5.012001e-01
-4.680000e-02 4.987871e-01
-4.670000e-02 4.941866e-01
-4.660000e-02 4.879442e-01
-4.650000e-02 4.807146e-01
-4.640000e-02 4.731930e-01
-4.630000e-02 4.660660e-01
-4.620000e-02 4.599802e-01
-4.610000e-02 4.555253e-01
-4.600000e-02 4.532229e-01
-4.590000e-02 4.535115e-01
-4.580000e-02 4.567150e-01
-4.570000e-02 4.629743e-01
-4.560000e-02 4.721132e-01
-4.550000e-02 4.833927e-01
-4.540000e-02 4.951005e-01
-4.530000e-02 5.039400e-01
-4.520000e-02 5.043322e-01
-4.510000e-02 4.882083e-01
-4.500000e-02 4.468812e-01
-4.490000e-02 3.775388e-01
-4.480000e-02 2.943775e-01
-4.470000e-02 2.335112e-01
-4.460000e-02 2.327965e-01
-4.450000e-02 2.956277e-01
-4.440000e-02 3.856172e-01
-4.430000e-02 4.611333e-01
-4.420000e-02 5.027978e-01
-4.410000e-02 5.122510e-01
-4.400000e-02 4.996257e-01
-4.390000e-02 4.749824e-01
-4.380000e-02 4.454751e-01
-4.370000e-02 4.154101e-01
-4.360000e-02 3.870858e-01
-4.350000e-02 3.615787e-01
