-5.000000e-02 5.887078e+00
-4.990000e-02 5.899337e+00
-4.980000e-02 5.908455e+00
-4.970000e-02 5.914698e+00
-4.960000e-02 5.918311e+00
-4.950000e-02 5.919551e+00
-4.940000e-02 5.918713e+00
-4.930000e-02 5.916137e+00
-4.920000e-02 5.912208e+00
-4.910000e-02 5.907343e+00
-4.900000e-02 5.901973e+00
-4.890000e-02 5.896524e+00
-4.880000e-02 5.891399e+00
-4.870000e-02 5.886965e+00
-4.860000e-02 5.883544e+00
-4.850000e-02 5.881406e+00
-4.840000e-02 5.880772e+00
-4.830000e-02 5.881813e+00
-4.820000e-02 5.884661e+00
-4.810000e-02 5.889410e+00
-4.800000e-02 5.896126e+00
-4.790000e-02 5.904854e+00
-4.780000e-02 5.915622e+00
-4.770000e-02 5.928448e+00
-4.760000e-02 5.943348e+00
-4.750000e-02 5.960331e+00
-4.740000e-02 5.979413e+00
-4.730000e-02 6.000609e+00
-4.720000e-02 6.023939e+00
-4.710000e-02 6.049427e+00
-4.700000e-02 6.077100e+00
-4.690000e-02 6.106983e+00
-4.680000e-02 6.139101e+00
-4.670000e-02 6.173470e+00
-4.660000e-02 6.210090e+00
-4.650000e-02 6.248937e+00
-4.640000e-02 6.289947e+00
-4.630000e-02 6.333003e+00
-4.620000e-02 6.377909e+00
-4.610000e-02 6.424366e+00
-4.600000e-02 6.471937e+00
-4.590000e-02 6.520011e+00
-4.580000e-02 6.567764e+00
-4.570000e-02 6.614125e+00
-4.560000e-02 6.657760e+00
-4.550000e-02 6.697080e+00
-4.540000e-02 6.730292e+00
-4.530000e-02 6.755522e+00
-4.520000e-02 6.770984e+00
-4.510000e-02 6.775219e+00
-4.500000e-02 6.767333e+00
-4.490000e-02 6.747202e+00
-4.480000e-02 6.715560e+00
-4.470000e-02 6.673953e+00
-4.460000e-02 6.624540e+00
-4.450000e-02 6.569812e+00
-4.440000e-02 6.512288e+00
-4.430000e-02 6.454258e+00
-4.420000e-02 6.397630e+00
-4.410000e-02 6.343861e+00
-4.400000e-02 6.293974e+00
-4.390000e-02 6.248626e+00
-4.380000e-02 6.208196e+00
-4.370000e-02 6.172869e+00
-4.360000e-02 6.142721e+00
-4.350000e-02 6.117777e+00
-4.340000e-02 6.098059e+00
-4.330000e-02 6.083615e+00
-4.320000e-02 6.074540e+00
-4.310000e-02 6.070980e+00
-4.300000e-02 6.073129e+00
-4.290000e-02 6.081208e+00
-4.280000e-02 6.095434e+00
-4.270000e-02 6.115964e+00
-4.260000e-02 6.142803e+00
-4.250000e-02 6.175682e+00
-4.240000e-02 6.213884e+00
-4.230000e-02 6.256021e+00
-4.220000e-02 6.299796e+00
-4.210000e-02 6.341805e+00
-4.200000e-02 6.377489e+00
-4.190000e-02 6.401402e+00
-4.180000e-02 6.407914e+00
-4.170000e-02 6.392326e+00
-4.160000e-02 6.352122e+00
-4.150000e-02 6.287844e+00
-4.140000e-02 6.203136e+00
-4.130000e-02 6.103892e+00
-4.120000e-02 5.996884e+00
-4.110000e-02 5.888451e+00
-4.100000e-02 5.783653e+00
-4.090000e-02 5.685980e+00
-4.080000e-02 5.597472e+00
-4.070000e-02 5.519035e+00
-4.060000e-02 5.450799e+00
-4.050000e-02 5.392423e+00
-4.040000e-02 5.343323e+00
-4.030000e-02 5.302821e+00
-4.020000e-02 5.270235e+00
-4.010000e-02 5.244934e+00
-4.000000e-02 5.226355e+00
-3.990000e-02 5.214014e+00
-3.980000e-02 5.207498e+00
-3.970000e-02 5.206460e+00
-3.960000e-02 5.210610e+00
-3.950000e-02 5.219696e+00
-3.940000e-02 5.233504e+00
-3.930000e-02 5.251838e+00
-3.920000e-02 5.274515e+00
-3.910000e-02 5.301355e+00
-3.900000e-02 5.332173e+00
-3.890000e-02 5.366770e+00
-3.880000e-02 5.404927e+00
-3.870000e-02 5.446395e+00
-3.860000e-02 5.490875e+00
-3.850000e-02 5.537954e+00
-3.840000e-02 5.587543e+00
-3.830000e-02 5.641071e+00
-3.820000e-02 5.696165e+00
-3.810000e-02 5.752597e+00
-3.800000e-02 5.809981e+00
-3.790000e-02 5.867894e+00
-3.780000e-02 5.925893e+00
-3.770000e-02 5.983530e+00
-3.760000e-02 6.040359e+00
-3.750000e-02 6.095942e+00
-3.740000e-02 6.149860e+00
-3.730000e-02 6.201712e+00
-3.720000e-02 6.251127e+00
-3.710000e-02 6.297762e+00
-3.700000e-02 6.341306e+00
-3.690000e-02 6.381481e+00
-3.680000e-02 6.418040e+00
-3.670000e-02 6.450764e+00
-3.660000e-02 6.479463e+00
-3.650000e-02 6.503969e+00
-3.640000e-02 6.524134e+00
-3.630000e-02 6.539825e+00
-3.620000e-02 6.550922e+00
-3.610000e-02 6.557320e+00
-3.600000e-02 6.558922e+00
-3.590000e-02 6.555646e+00
-3.580000e-02 6.547430e+00
-3.570000e-02 6.534231e+00
-3.560000e-02 6.516043e+00
-3.550000e-02 6.492898e+00
-3.540000e-02 6.464880e+00
-3.530000e-02 6.432133e+00
-3.520000e-02 6.394869e+00
-3.510000e-02 6.353375e+00
-3.500000e-02 6.308011e+00
-3.490000e-02 6.259213e+00
-3.480000e-02 6.207478e+00
-3.470000e-02 6.153359e+00
-3.460000e-02 6.097447e+00
-3.450000e-02 6.040352e+00
-3.440000e-02 5.982686e+00
-3.430000e-02 5.925043e+00
-3.420000e-02 5.867983e+00
-3.410000e-02 5.812020e+00
-3.400000e-02 5.757608e+00
-3.390000e-02 5.705140e+00
-3.380000e-02 5.654939e+00
-3.370000e-02 5.607263e+00
-3.360000e-02 5.562308e+00
-3.350000e-02 5.520210e+00
-3.340000e-02 5.481057e+00
-3.330000e-02 5.444896e+00
-3.320000e-02 5.411737e+00
-3.310000e-02 5.381573e+00
-3.300000e-02 5.354380e+00
-3.290000e-02 5.330138e+00
-3.280000e-02 5.308838e+00
-3.270000e-02 5.290499e+00
-3.260000e-02 5.275186e+00
-3.250000e-02 5.263035e+00
-3.240000e-02 5.254274e+00
-3.230000e-02 5.249259e+00
-3.220000e-02 5.248508e+00
-3.210000e-02 5.252740e+00
-3.200000e-02 5.262903e+00
-3.190000e-02 5.280172e+00
-3.180000e-02 5.305867e+00
-3.170000e-02 5.341230e+00
-3.160000e-02 5.386942e+00
-3.150000e-02 5.442333e+00
-3.140000e-02 5.504397e+00
-3.130000e-02 5.567145e+00
-3.120000e-02 5.622173e+00
-3.110000e-02 5.660993e+00
-3.100000e-02 5.678192e+00
-3.090000e-02 5.673324e+00
-3.080000e-02 5.650284e+00
-3.070000e-02 5.615030e+00
-3.060000e-02 5.573393e+00
-3.050000e-02 5.529918e+00
-3.040000e-02 5.487644e+00
-3.030000e-02 5.448371e+00
-3.020000e-02 5.413037e+00
-3.010000e-02 5.382044e+00
-3.000000e-02 5.355490e+00
-2.990000e-02 5.333315e+00
-2.980000e-02 5.315383e+00
-2.970000e-02 5.301534e+00
-2.960000e-02 5.291603e+00
-2.950000e-02 5.285432e+00
-2.940000e-02 5.282874e+00
-2.930000e-02 5.283790e+00
-2.920000e-02 5.288045e+00
-2.910000e-02 5.295511e+00
-2.900000e-02 5.306053e+00
-2.890000e-02 5.319533e+00
-2.880000e-02 5.335803e+00
-2.870000e-02 5.354700e+00
-2.860000e-02 5.376044e+00
-2.850000e-02 5.399635e+00
-2.840000e-02 5.425245e+00
-2.830000e-02 5.452622e+00
-2.820000e-02 5.481481e+00
-2.810000e-02 5.511504e+00
-2.800000e-02 5.542341e+00
-2.790000e-02 5.573606e+00
-2.780000e-02 5.604882e+00
-2.770000e-02 5.635725e+00
-2.760000e-02 5.665666e+00
-2.750000e-02 5.694223e+00
-2.740000e-02 5.720915e+00
-2.730000e-02 5.745267e+00
-2.720000e-02 5.766837e+00
-2.710000e-02 5.785223e+00
-2.700000e-02 5.800085e+00
-2.690000e-02 5.811162e+00
-2.680000e-02 5.818285e+00
-2.670000e-02 5.821385e+00
-2.660000e-02 5.820500e+00
-2.650000e-02 5.815779e+00
-2.640000e-02 5.807470e+00
-2.630000e-02 5.795916e+00
-2.620000e-02 5.781536e+00
-2.610000e-02 5.764811e+00
-2.600000e-02 5.746263e+00
-2.590000e-02 5.726435e+00
-2.580000e-02 5.705872e+00
-2.570000e-02 5.685107e+00
-2.560000e-02 5.664644e+00
-2.550000e-02 5.644948e+00
-2.540000e-02 5.626435e+00
-2.530000e-02 5.609469e+00
-2.520000e-02 5.594358e+00
-2.510000e-02 5.581351e+00
-2.500000e-02 5.570640e+00
-2.490000e-02 5.562363e+00
-2.480000e-02 5.556599e+00
-2.470000e-02 5.553378e+00
-2.460000e-02 5.552679e+00
-2.450000e-02 5.554431e+00
-2.440000e-02 5.558517e+00
-2.430000e-02 5.564776e+00
-2.420000e-02 5.573002e+00
-2.410000e-02 5.582949e+00
-2.400000e-02 5.594330e+00
-2.390000e-02 5.606825e+00
-2.380000e-02 5.620083e+00
-2.370000e-02 5.633728e+00
-2.360000e-02 5.647365e+00
-2.350000e-02 5.660596e+00
-2.340000e-02 5.673023e+00
-2.330000e-02 5.684266e+00
-2.320000e-02 5.693976e+00
-2.310000e-02 5.701847e+00
-2.300000e-02 5.707629e+00
-2.290000e-02 5.711140e+00
-2.280000e-02 5.712275e+00
-2.270000e-02 5.711007e+00
-2.260000e-02 5.707393e+00
-2.250000e-02 5.701564e+00
-2.240000e-02 5.693723e+00
-2.230000e-02 5.684131e+00
-2.220000e-02 5.673096e+00
-2.210000e-02 5.660956e+00
-2.200000e-02 5.648068e+00
-2.190000e-02 5.634790e+00
-2.180000e-02 5.621474e+00
-2.170000e-02 5.608453e+00
-2.160000e-02 5.596036e+00
-2.150000e-02 5.584499e+00
-2.140000e-02 5.574087e+00
-2.130000e-02 5.565010e+00
-2.120000e-02 5.557448e+00
-2.110000e-02 5.551546e+00
-2.100000e-02 5.547425e+00
-2.090000e-02 5.545180e+00
-2.080000e-02 5.544884e+00
-2.070000e-02 5.546595e+00
-2.060000e-02 5.550358e+00
-2.050000e-02 5.556204e+00
-2.040000e-02 5.564162e+00
-2.030000e-02 5.574250e+00
-2.020000e-02 5.586486e+00
-2.010000e-02 5.600884e+00
-2.000000e-02 5.617453e+00
-1.990000e-02 5.636197e+00
-1.980000e-02 5.657107e+00
-1.970000e-02 5.680158e+00
-1.960000e-02 5.705290e+00
-1.950000e-02 5.732401e+00
-1.940000e-02 5.761312e+00
-1.930000e-02 5.791745e+00
-1.920000e-02 5.823279e+00
-1.910000e-02 5.855301e+00
-1.900000e-02 5.886960e+00
-1.890000e-02 5.917118e+00
-1.880000e-02 5.944323e+00
-1.870000e-02 5.966822e+00
-1.860000e-02 5.982638e+00
-1.850000e-02 5.989732e+00
-1.840000e-02 5.986257e+00
-1.830000e-02 5.970867e+00
-1.820000e-02 5.943023e+00
-1.810000e-02 5.903196e+00
-1.800000e-02 5.852893e+00
-1.790000e-02 5.794475e+00
-1.780000e-02 5.730815e+00
-1.770000e-02 5.664903e+00
-1.760000e-02 5.599492e+00
-1.750000e-02 5.536869e+00
-1.740000e-02 5.478757e+00
-1.730000e-02 5.426325e+00
-1.720000e-02 5.380269e+00
-1.710000e-02 5.340919e+00
-1.700000e-02 5.308348e+00
-1.690000e-02 5.282457e+00
-1.680000e-02 5.263050e+00
-1.670000e-02 5.249876e+00
-1.660000e-02 5.242662e+00
-1.650000e-02 5.241127e+00
-1.640000e-02 5.244988e+00
-1.630000e-02 5.253955e+00
-1.620000e-02 5.267728e+00
-1.610000e-02 5.285985e+00
-1.600000e-02 5.308370e+00
-1.590000e-02 5.334479e+00
-1.580000e-02 5.363854e+00
-1.570000e-02 5.395967e+00
-1.560000e-02 5.430218e+00
-1.550000e-02 5.465932e+00
-1.540000e-02 5.502364e+00
-1.530000e-02 5.538713e+00
-1.520000e-02 5.574139e+00
-1.510000e-02 5.607796e+00
-1.500000e-02 5.638864e+00
-1.490000e-02 5.666590e+00
-1.480000e-02 5.690335e+00
-1.470000e-02 5.709603e+00
-1.460000e-02 5.724086e+00
-1.450000e-02 5.733677e+00
-1.440000e-02 5.738483e+00
-1.430000e-02 5.738821e+00
-1.420000e-02 5.735197e+00
-1.410000e-02 5.728283e+00
-1.400000e-02 5.718878e+00
-1.390000e-02 5.707873e+00
-1.380000e-02 5.696213e+00
-1.370000e-02 5.684869e+00
-1.360000e-02 5.674803e+00
-1.350000e-02 5.666958e+00
-1.340000e-02 5.662236e+00
-1.330000e-02 5.661490e+00
-1.320000e-02 5.665525e+00
-1.310000e-02 5.675085e+00
-1.300000e-02 5.690853e+00
-1.290000e-02 5.713439e+00
-1.280000e-02 5.743370e+00
-1.270000e-02 5.781060e+00
-1.260000e-02 5.826778e+00
-1.250000e-02 5.880603e+00
-1.240000e-02 5.942358e+00
-1.230000e-02 6.011548e+00
-1.220000e-02 6.087288e+00
-1.210000e-02 6.168256e+00
-1.200000e-02 6.252685e+00
-1.190000e-02 6.338428e+00
-1.180000e-02 6.423126e+00
-1.170000e-02 6.504478e+00
-1.160000e-02 6.580583e+00
-1.150000e-02 6.650268e+00
-1.140000e-02 6.713269e+00
-1.130000e-02 6.770186e+00
-1.120000e-02 6.822145e+00
-1.110000e-02 6.870267e+00
-1.100000e-02 6.915105e+00
-1.090000e-02 6.956222e+00
-1.080000e-02 6.992058e+00
-1.070000e-02 7.020100e+00
-1.060000e-02 7.037305e+00
-1.050000e-02 7.040652e+00
-1.040000e-02 7.027675e+00
-1.030000e-02 6.996875e+00
-1.020000e-02 6.947940e+00
-1.010000e-02 6.881757e+00
-1.000000e-02 6.800256e+00
-9.900000e-03 6.706137e+00
-9.800000e-03 6.602559e+00
-9.700000e-03 6.492837e+00
-9.600000e-03 6.380179e+00
-9.500000e-03 6.267506e+00
-9.400000e-03 6.157328e+00
-9.300000e-03 6.051694e+00
-9.200000e-03 5.952191e+00
-9.100000e-03 5.859977e+00
-9.000000e-03 5.775836e+00
-8.900000e-03 5.700247e+00
-8.800000e-03 5.633447e+00
-8.700000e-03 5.575493e+00
-8.600000e-03 5.526314e+00
-8.500000e-03 5.485755e+00
-8.400000e-03 5.453605e+00
-8.300000e-03 5.429624e+00
-8.200000e-03 5.413556e+00
-8.100000e-03 5.405130e+00
-8.000000e-03 5.404070e+00
-7.900000e-03 5.410075e+00
-7.800000e-03 5.422817e+00
-7.700000e-03 5.441915e+00
-7.600000e-03 5.466912e+00
-7.500000e-03 5.497245e+00
-7.400000e-03 5.532213e+00
-7.300000e-03 5.570939e+00
-7.200000e-03 5.612339e+00
-7.100000e-03 5.655095e+00
-7.000000e-03 5.697650e+00
-6.900000e-03 5.738225e+00
-6.800000e-03 5.774874e+00
-6.700000e-03 5.805582e+00
-6.600000e-03 5.828413e+00
-6.500000e-03 5.841685e+00
-6.400000e-03 5.844168e+00
-6.300000e-03 5.835256e+00
-6.200000e-03 5.815087e+00
-6.100000e-03 5.784573e+00
-6.000000e-03 5.745336e+00
-5.900000e-03 5.699545e+00
-5.800000e-03 5.649707e+00
-5.700000e-03 5.598430e+00
-5.600000e-03 5.548214e+00
-5.500000e-03 5.501292e+00
-5.400000e-03 5.459523e+00
-5.300000e-03 5.424353e+00
-5.200000e-03 5.396819e+00
-5.100000e-03 5.377580e+00
-5.000000e-03 5.366970e+00
-4.900000e-03 5.365056e+00
-4.800000e-03 5.371690e+00
-4.700000e-03 5.386557e+00
-4.600000e-03 5.409217e+00
-4.500000e-03 5.439132e+00
-4.400000e-03 5.475691e+00
-4.300000e-03 5.518224e+00
-4.200000e-03 5.566010e+00
-4.100000e-03 5.618271e+00
-4.000000e-03 5.674173e+00
-3.900000e-03 5.732805e+00
-3.800000e-03 5.793163e+00
-3.700000e-03 5.854121e+00
-3.600000e-03 5.914410e+00
-3.500000e-03 5.972604e+00
-3.400000e-03 6.027110e+00
-3.300000e-03 6.076210e+00
-3.200000e-03 6.118121e+00
-3.100000e-03 6.151125e+00
-3.000000e-03 6.173725e+00
-2.900000e-03 6.184844e+00
-2.800000e-03 6.183993e+00
-2.700000e-03 6.171388e+00
-2.600000e-03 6.147968e+00
-2.500000e-03 6.115286e+00
-2.400000e-03 6.075323e+00
-2.300000e-03 6.030237e+00
-2.200000e-03 5.982136e+00
-2.100000e-03 5.932892e+00
-2.000000e-03 5.884042e+00
-1.900000e-03 5.836748e+00
-1.800000e-03 5.791825e+00
-1.700000e-03 5.749795e+00
-1.600000e-03 5.710958e+00
-1.500000e-03 5.675461e+00
-1.400000e-03 5.643359e+00
-1.300000e-03 5.614661e+00
-1.200000e-03 5.589368e+00
-1.100000e-03 5.567495e+00
-1.000000e-03 5.549088e+00
-9.000000e-04 5.534227e+00
-8.000000e-04 5.523030e+00
-7.000000e-04 5.515641e+00
-6.000000e-04 5.512229e+00
-5.000000e-04 5.512962e+00
-4.000000e-04 5.517997e+00
-3.000000e-04 5.527453e+00
-2.000000e-04 5.541385e+00
-1.000000e-04 5.559757e+00
1.429412e-15 5.582416e+00
1.000000e-04 5.609064e+00
2.000000e-04 5.639241e+00
3.000000e-04 5.672320e+00
4.000000e-04 5.707512e+00
5.000000e-04 5.743892e+00
6.000000e-04 5.780440e+00
7.000000e-04 5.816098e+00
8.000000e-04 5.849844e+00
9.000000e-04 5.880755e+00
1.000000e-03 5.908078e+00
1.100000e-03 5.931275e+00
1.200000e-03 5.950055e+00
1.300000e-03 5.964376e+00
1.400000e-03 5.974432e+00
1.500000e-03 5.980622e+00
1.600000e-03 5.983502e+00
1.700000e-03 5.983744e+00
1.800000e-03 5.982084e+00
1.900000e-03 5.979282e+00
2.000000e-03 5.976091e+00
2.100000e-03 5.973224e+00
2.200000e-03 5.971339e+00
2.300000e-03 5.971023e+00
2.400000e-03 5.972783e+00
2.500000e-03 5.977039e+00
2.600000e-03 5.984119e+00
2.700000e-03 5.994254e+00
2.800000e-03 6.007571e+00
2.900000e-03 6.024088e+00
3.000000e-03 6.043705e+00
3.100000e-03 6.066190e+00
3.200000e-03 6.091176e+00
3.300000e-03 6.118148e+00
3.400000e-03 6.146436e+00
3.500000e-03 6.175220e+00
3.600000e-03 6.203541e+00
3.700000e-03 6.230318e+00
3.800000e-03 6.254393e+00
3.900000e-03 6.274579e+00
4.000000e-03 6.289730e+00
4.100000e-03 6.298812e+00
4.200000e-03 6.300979e+00
4.300000e-03 6.295633e+00
4.400000e-03 6.282471e+00
4.500000e-03 6.261499e+00
4.600000e-03 6.233019e+00
4.700000e-03 6.197591e+00
4.800000e-03 6.155975e+00
4.900000e-03 6.109061e+00
5.000000e-03 6.057800e+00
5.100000e-03 6.003147e+00
5.200000e-03 5.946007e+00
5.300000e-03 5.887206e+00
5.400000e-03 5.827469e+00
5.500000e-03 5.767416e+00
5.600000e-03 5.707558e+00
5.700000e-03 5.648311e+00
5.800000e-03 5.589999e+00
5.900000e-03 5.532876e+00
6.000000e-03 5.477128e+00
6.100000e-03 5.422894e+00
6.200000e-03 5.370268e+00
6.300000e-03 5.319315e+00
6.400000e-03 5.270071e+00
6.500000e-03 5.222556e+00
6.600000e-03 5.176775e+00
6.700000e-03 5.132725e+00
6.800000e-03 5.090394e+00
6.900000e-03 5.049768e+00
7.000000e-03 5.010832e+00
7.100000e-03 4.973572e+00
7.200000e-03 4.937976e+00
7.300000e-03 4.904033e+00
7.400000e-03 4.871741e+00
7.500000e-03 4.841100e+00
7.600000e-03 4.812116e+00
7.700000e-03 4.784801e+00
7.800000e-03 4.759174e+00
7.900000e-03 4.735257e+00
8.000000e-03 4.713082e+00
8.100000e-03 4.692682e+00
8.200000e-03 4.674098e+00
8.300000e-03 4.657374e+00
8.400000e-03 4.642558e+00
8.500000e-03 4.629700e+00
8.600000e-03 4.618855e+00
8.700000e-03 4.610075e+00
8.800000e-03 4.603414e+00
8.900000e-03 4.598926e+00
9.000000e-03 4.596659e+00
9.100000e-03 4.596659e+00
9.200000e-03 4.598964e+00
9.300000e-03 4.603602e+00
9.400000e-03 4.610593e+00
9.500000e-03 4.619938e+00
9.600000e-03 4.631624e+00
9.700000e-03 4.645615e+00
9.800000e-03 4.661852e+00
9.900000e-03 4.680246e+00
1.000000e-02 4.700679e+00
1.010000e-02 4.722998e+00
1.020000e-02 4.747015e+00
1.030000e-02 4.772506e+00
1.040000e-02 4.799212e+00
1.050000e-02 4.826842e+00
1.060000e-02 4.855081e+00
1.070000e-02 4.883600e+00
1.080000e-02 4.912061e+00
1.090000e-02 4.940139e+00
1.100000e-02 4.967535e+00
1.110000e-02 4.993990e+00
1.120000e-02 5.019304e+00
1.130000e-02 5.043351e+00
1.140000e-02 5.066085e+00
1.150000e-02 5.087550e+00
1.160000e-02 5.107880e+00
1.170000e-02 5.127292e+00
1.180000e-02 5.146081e+00
1.190000e-02 5.164601e+00
1.200000e-02 5.183255e+00
1.210000e-02 5.202474e+00
1.220000e-02 5.222700e+00
1.230000e-02 5.244374e+00
1.240000e-02 5.267919e+00
1.250000e-02 5.293730e+00
1.260000e-02 5.322165e+00
1.270000e-02 5.353534e+00
1.280000e-02 5.388098e+00
1.290000e-02 5.426054e+00
1.300000e-02 5.467532e+00
1.310000e-02 5.512585e+00
1.320000e-02 5.561172e+00
1.330000e-02 5.613148e+00
1.340000e-02 5.668248e+00
1.350000e-02 5.726068e+00
1.360000e-02 5.786053e+00
1.370000e-02 5.847493e+00
1.380000e-02 5.909522e+00
1.390000e-02 5.971138e+00
1.400000e-02 6.031239e+00
1.410000e-02 6.088672e+00
1.420000e-02 6.142305e+00
1.430000e-02 6.191097e+00
1.440000e-02 6.234172e+00
1.450000e-02 6.270879e+00
1.460000e-02 6.300822e+00
1.470000e-02 6.323876e+00
1.480000e-02 6.340158e+00
1.490000e-02 6.349991e+00
1.500000e-02 6.353851e+00
1.510000e-02 6.352300e+00
1.520000e-02 6.345945e+00
1.530000e-02 6.335383e+00
1.540000e-02 6.321183e+00
1.550000e-02 6.303859e+00
1.560000e-02 6.283873e+00
1.570000e-02 6.261631e+00
1.580000e-02 6.237498e+00
1.590000e-02 6.211804e+00
1.600000e-02 6.184863e+00
1.610000e-02 6.156975e+00
1.620000e-02 6.128445e+00
1.630000e-02 6.099583e+00
1.640000e-02 6.070710e+00
1.650000e-02 6.042157e+00
1.660000e-02 6.014263e+00
1.670000e-02 5.987367e+00
1.680000e-02 5.961805e+00
1.690000e-02 5.937899e+00
1.700000e-02 5.915951e+00
1.710000e-02 5.896229e+00
1.720000e-02 5.878966e+00
1.730000e-02 5.864351e+00
1.740000e-02 5.852524e+00
1.750000e-02 5.843575e+00
1.760000e-02 5.837539e+00
1.770000e-02 5.834400e+00
1.780000e-02 5.834086e+00
1.790000e-02 5.836477e+00
1.800000e-02 5.841398e+00
1.810000e-02 5.848630e+00
1.820000e-02 5.857901e+00
1.830000e-02 5.868893e+00
1.840000e-02 5.881244e+00
1.850000e-02 5.894544e+00
1.860000e-02 5.908346e+00
1.870000e-02 5.922163e+00
1.880000e-02 5.935483e+00
1.890000e-02 5.947775e+00
1.900000e-02 5.958505e+00
1.910000e-02 5.967155e+00
1.920000e-02 5.973243e+00
1.930000e-02 5.976346e+00
1.940000e-02 5.976120e+00
1.950000e-02 5.972318e+00
1.960000e-02 5.964808e+00
1.970000e-02 5.953573e+00
1.980000e-02 5.938719e+00
1.990000e-02 5.920460e+00
2.000000e-02 5.899109e+00
2.010000e-02 5.875055e+00
2.020000e-02 5.848741e+00
2.030000e-02 5.820646e+00
2.040000e-02 5.791258e+00
2.050000e-02 5.761057e+00
2.060000e-02 5.730504e+00
2.070000e-02 5.700023e+00
2.080000e-02 5.670001e+00
2.090000e-02 5.640780e+00
2.100000e-02 5.612657e+00
2.110000e-02 5.585889e+00
2.120000e-02 5.560692e+00
2.130000e-02 5.537251e+00
2.140000e-02 5.515721e+00
2.150000e-02 5.496237e+00
2.160000e-02 5.478915e+00
2.170000e-02 5.463863e+00
2.180000e-02 5.451184e+00
2.190000e-02 5.440982e+00
2.200000e-02 5.433367e+00
2.210000e-02 5.428455e+00
2.220000e-02 5.426379e+00
2.230000e-02 5.427285e+00
2.240000e-02 5.431336e+00
2.250000e-02 5.438711e+00
2.260000e-02 5.449607e+00
2.270000e-02 5.464229e+00
2.280000e-02 5.482790e+00
2.290000e-02 5.505494e+00
2.300000e-02 5.532528e+00
2.310000e-02 5.564039e+00
2.320000e-02 5.600110e+00
2.330000e-02 5.640731e+00
2.340000e-02 5.685767e+00
2.350000e-02 5.734926e+00
2.360000e-02 5.787728e+00
2.370000e-02 5.843488e+00
2.380000e-02 5.901317e+00
2.390000e-02 5.960146e+00
2.400000e-02 6.018785e+00
2.410000e-02 6.076008e+00
2.420000e-02 6.130662e+00
2.430000e-02 6.181775e+00
2.440000e-02 6.228658e+00
2.450000e-02 6.270962e+00
2.460000e-02 6.308680e+00
2.470000e-02 6.342102e+00
2.480000e-02 6.371711e+00
2.490000e-02 6.398053e+00
2.500000e-02 6.421605e+00
2.510000e-02 6.442646e+00
2.520000e-02 6.461189e+00
2.530000e-02 6.476947e+00
2.540000e-02 6.489387e+00
2.550000e-02 6.497821e+00
2.560000e-02 6.501560e+00
2.570000e-02 6.500072e+00
2.580000e-02 6.493122e+00
2.590000e-02 6.480862e+00
2.600000e-02 6.463851e+00
2.610000e-02 6.443004e+00
2.620000e-02 6.419490e+00
2.630000e-02 6.394610e+00
2.640000e-02 6.369670e+00
2.650000e-02 6.345875e+00
2.660000e-02 6.324250e+00
2.670000e-02 6.305591e+00
2.680000e-02 6.290434e+00
2.690000e-02 6.279043e+00
2.700000e-02 6.271407e+00
2.710000e-02 6.267237e+00
2.720000e-02 6.265974e+00
2.730000e-02 6.266795e+00
2.740000e-02 6.268633e+00
2.750000e-02 6.270206e+00
2.760000e-02 6.270064e+00
2.770000e-02 6.266664e+00
2.780000e-02 6.258462e+00
2.790000e-02 6.244023e+00
2.800000e-02 6.222143e+00
2.810000e-02 6.191961e+00
2.820000e-02 6.153048e+00
2.830000e-02 6.105450e+00
2.840000e-02 6.049687e+00
2.850000e-02 5.986699e+00
2.860000e-02 5.917753e+00
2.870000e-02 5.844321e+00
2.880000e-02 5.767960e+00
2.890000e-02 5.690198e+00
2.900000e-02 5.612446e+00
2.910000e-02 5.535935e+00
2.920000e-02 5.461688e+00
2.930000e-02 5.390504e+00
2.940000e-02 5.322976e+00
2.950000e-02 5.259502e+00
2.960000e-02 5.200317e+00
2.970000e-02 5.145520e+00
2.980000e-02 5.095102e+00
2.990000e-02 5.048967e+00
3.000000e-02 5.006957e+00
3.010000e-02 4.968866e+00
3.020000e-02 4.934459e+00
3.030000e-02 4.903480e+00
3.040000e-02 4.875664e+00
3.050000e-02 4.850741e+00
3.060000e-02 4.828452e+00
3.070000e-02 4.808545e+00
3.080000e-02 4.790791e+00
3.090000e-02 4.774987e+00
3.100000e-02 4.760963e+00
3.110000e-02 4.748593e+00
3.120000e-02 4.737800e+00
3.130000e-02 4.728566e+00
3.140000e-02 4.720932e+00
3.150000e-02 4.715009e+00
3.160000e-02 4.710971e+00
3.170000e-02 4.709055e+00
3.180000e-02 4.709548e+00
3.190000e-02 4.712776e+00
3.200000e-02 4.719084e+00
3.210000e-02 4.728815e+00
3.220000e-02 4.742288e+00
3.230000e-02 4.759776e+00
3.240000e-02 4.781492e+00
3.250000e-02 4.807570e+00
3.260000e-02 4.838063e+00
3.270000e-02 4.872937e+00
3.280000e-02 4.912079e+00
3.290000e-02 4.955299e+00
3.300000e-02 5.002344e+00
3.310000e-02 5.052905e+00
3.320000e-02 5.106631e+00
3.330000e-02 5.163134e+00
3.340000e-02 5.221993e+00
3.350000e-02 5.282758e+00
3.360000e-02 5.344946e+00
3.370000e-02 5.408035e+00
3.380000e-02 5.471447e+00
3.390000e-02 5.534538e+00
3.400000e-02 5.596574e+00
3.410000e-02 5.656711e+00
3.420000e-02 5.713977e+00
3.430000e-02 5.767261e+00
3.440000e-02 5.815324e+00
3.450000e-02 5.856834e+00
3.460000e-02 5.890439e+00
3.470000e-02 5.914888e+00
3.480000e-02 5.929189e+00
3.490000e-02 5.932793e+00
3.500000e-02 5.925751e+00
3.510000e-02 5.908812e+00
3.520000e-02 5.883410e+00
3.530000e-02 5.851536e+00
3.540000e-02 5.815504e+00
3.550000e-02 5.777680e+00
3.560000e-02 5.740236e+00
3.570000e-02 5.704966e+00
3.580000e-02 5.673205e+00
3.590000e-02 5.645822e+00
3.600000e-02 5.623277e+00
3.610000e-02 5.605705e+00
3.620000e-02 5.593000e+00
3.630000e-02 5.584898e+00
3.640000e-02 5.581037e+00
3.650000e-02 5.581003e+00
3.660000e-02 5.584356e+00
3.670000e-02 5.590653e+00
3.680000e-02 5.599448e+00
3.690000e-02 5.610301e+00
3.700000e-02 5.622775e+00
3.710000e-02 5.636434e+00
3.720000e-02 5.650845e+00
3.730000e-02 5.665574e+00
3.740000e-02 5.680187e+00
3.750000e-02 5.694259e+00
3.760000e-02 5.707374e+00
3.770000e-02 5.719133e+00
3.780000e-02 5.729163e+00
3.790000e-02 5.737123e+00
3.800000e-02 5.742705e+00
3.810000e-02 5.745628e+00
3.820000e-02 5.745598e+00
3.830000e-02 5.742160e+00
3.840000e-02 5.733608e+00
3.850000e-02 5.717171e+00
3.860000e-02 5.707865e+00
3.870000e-02 5.697896e+00
3.880000e-02 5.687160e+00
3.890000e-02 5.675922e+00
3.900000e-02 5.664553e+00
3.910000e-02 5.653462e+00
3.920000e-02 5.643066e+00
3.930000e-02 5.633755e+00
3.940000e-02 5.625884e+00
3.950000e-02 5.619751e+00
3.960000e-02 5.615591e+00
3.970000e-02 5.613567e+00
3.980000e-02 5.613767e+00
3.990000e-02 5.616206e+00
4.000000e-02 5.620826e+00
4.010000e-02 5.627505e+00
4.020000e-02 5.636061e+00
4.030000e-02 5.646268e+00
4.040000e-02 5.657863e+00
4.050000e-02 5.670561e+00
4.060000e-02 5.684071e+00
4.070000e-02 5.698105e+00
4.080000e-02 5.712394e+00
4.090000e-02 5.726698e+00
4.100000e-02 5.740812e+00
4.110000e-02 5.754576e+00
4.120000e-02 5.767875e+00
4.130000e-02 5.780641e+00
4.140000e-02 5.792849e+00
4.150000e-02 5.804517e+00
4.160000e-02 5.815696e+00
4.170000e-02 5.826464e+00
4.180000e-02 5.836921e+00
4.190000e-02 5.847179e+00
4.200000e-02 5.857357e+00
4.210000e-02 5.867573e+00
4.220000e-02 5.877942e+00
4.230000e-02 5.888567e+00
4.240000e-02 5.899543e+00
4.250000e-02 5.910946e+00
4.260000e-02 5.922842e+00
4.270000e-02 5.935279e+00
4.280000e-02 5.948292e+00
4.290000e-02 5.961905e+00
4.300000e-02 5.976128e+00
4.310000e-02 5.990963e+00
4.320000e-02 6.006407e+00
4.330000e-02 6.022449e+00
4.340000e-02 6.039079e+00
4.350000e-02 6.056285e+00
4.360000e-02 6.074053e+00
4.370000e-02 6.092376e+00
4.380000e-02 6.111246e+00
4.390000e-02 6.130663e+00
4.400000e-02 6.150628e+00
4.410000e-02 6.171148e+00
4.420000e-02 6.192235e+00
4.430000e-02 6.213903e+00
4.440000e-02 6.236172e+00
4.450000e-02 6.259062e+00
4.460000e-02 6.282597e+00
4.470000e-02 6.306801e+00
4.480000e-02 6.331695e+00
4.490000e-02 6.357298e+00
4.500000e-02 6.383625e+00
4.510000e-02 6.410682e+00
4.520000e-02 6.438467e+00
4.530000e-02 6.466964e+00
4.540000e-02 6.496140e+00
4.550000e-02 6.525944e+00
4.560000e-02 6.556303e+00
4.570000e-02 6.587117e+00
4.580000e-02 6.618257e+00
4.590000e-02 6.649562e+00
4.600000e-02 6.680840e+00
4.610000e-02 6.711863e+00
4.620000e-02 6.742370e+00
4.630000e-02 6.772070e+00
4.640000e-02 6.800643e+00
4.650000e-02 6.827751e+00
4.660000e-02 6.853044e+00
4.670000e-02 6.876168e+00
4.680000e-02 6.896782e+00
4.690000e-02 6.914568e+00
4.700000e-02 6.929242e+00
4.710000e-02 6.940575e+00
4.720000e-02 6.948396e+00
4.730000e-02 6.952603e+00
4.740000e-02 6.953171e+00
4.750000e-02 6.950153e+00
4.760000e-02 6.943678e+00
4.770000e-02 6.933946e+00
4.780000e-02 6.921218e+00
4.790000e-02 6.905810e+00
4.800000e-02 6.888077e+00
4.810000e-02 6.868401e+00
4.820000e-02 6.847178e+00
4.830000e-02 6.824809e+00
4.840000e-02 6.801683e+00
4.850000e-02 6.778173e+00
4.860000e-02 6.754622e+00
4.870000e-02 6.731341e+00
4.880000e-02 6.708600e+00
4.890000e-02 6.686627e+00
4.900000e-02 6.665602e+00
4.910000e-02 6.645658e+00
4.920000e-02 6.626882e+00
4.930000e-02 6.609314e+00
4.940000e-02 6.592950e+00
4.950000e-02 6.577750e+00
4.960000e-02 6.563636e+00
4.970000e-02 6.550507e+00
4.980000e-02 6.538236e+00
4.990000e-02 6.526686e+00
