0.000000e+00 3.507682e+00
5.000000e-02 3.619294e+00
1.000000e-01 3.638926e+00
1.500000e-01 3.649122e+00
2.000000e-01 3.708569e+00
2.500000e-01 3.506194e+00
3.000000e-01 3.309482e+00
3.500000e-01 3.230167e+00
4.000000e-01 3.040057e+00
4.500000e-01 2.811160e+00
5.000000e-01 2.844963e+00
5.500000e-01 2.863356e+00
6.000000e-01 2.782340e+00
6.500000e-01 2.620115e+00
7.000000e-01 2.265512e+00
7.500000e-01 2.405617e+00
8.000000e-01 2.673145e+00
8.500000e-01 2.329900e+00
9.000000e-01 2.095540e+00
9.500000e-01 2.007575e+00
1.000000e+00 2.234077e+00
1.050000e+00 2.232431e+00
1.100000e+00 2.087934e+00
1.150000e+00 2.389071e+00
1.200000e+00 2.160668e+00
1.250000e+00 1.868062e+00
1.300000e+00 1.465238e+00
1.350000e+00 1.552014e+00
1.400000e+00 1.595245e+00
1.450000e+00 1.689913e+00
1.500000e+00 1.754146e+00
1.550000e+00 1.201659e+00
1.600000e+00 1.627794e+00
1.650000e+00 1.512552e+00
1.700000e+00 1.427194e+00
1.750000e+00 1.250355e+00
1.800000e+00 1.483266e+00
1.850000e+00 1.668636e+00
1.900000e+00 1.630494e+00
1.950000e+00 1.079178e+00
2.000000e+00 1.327707e+00
2.050000e+00 1.140210e+00
2.100000e+00 1.161491e+00
2.150000e+00 1.023902e+00
2.200000e+00 1.478667e+00
2.250000e+00 1.397665e+00
2.300000e+00 1.059534e+00
2.350000e+00 1.481995e+00
2.400000e+00 1.418544e+00
2.450000e+00 1.571780e+00
2.500000e+00 1.176480e+00
2.550000e+00 7.493424e-01
2.600000e+00 1.456941e+00
2.650000e+00 7.330240e-01
2.700000e+00 3.687111e-01
2.750000e+00 6.666337e-01
2.800000e+00 1.181630e+00
2.850000e+00 7.671513e-01
2.900000e+00 5.248377e-01
2.950000e+00 4.699455e-01
3.000000e+00 8.156163e-01
3.050000e+00 1.032147e+00
3.100000e+00 6.394204e-01
3.150000e+00 1.279730e+00
3.200000e+00 1.384969e+00
3.250000e+00 6.873567e-01
3.300000e+00 1.511777e+00
3.350000e+00 8.200066e-01
3.400000e+00 2.715043e-01
3.450000e+00 8.862814e-01
3.500000e+00 7.774782e-01
3.550000e+00 1.816903e-01
3.600000e+00 9.193898e-01
3.650000e+00 9.716058e-01
3.700000e+00 1.781522e-01
3.750000e+00 1.805782e-01
3.800000e+00 9.664694e-01
3.850000e+00 5.476524e-01
3.900000e+00 7.452114e-01
3.950000e+00 1.273286e-01
4.000000e+00 6.091519e-01
4.050000e+00 9.515966e-01
4.100000e+00 2.582886e-01
4.150000e+00 9.010800e-01
4.200000e+00 4.483102e-01
4.250000e+00 1.393607e-01
4.300000e+00 2.722161e-01
4.350000e+00 1.799711e-01
4.400000e+00 3.184563e-01
4.450000e+00 8.545294e-04
4.500000e+00 4.439190e-04
4.550000e+00 7.912197e-03
4.600000e+00 8.401324e-02
4.650000e+00 7.121275e-03
4.700000e+00 1.262938e-02
4.750000e+00 1.050873e-02
4.800000e+00 2.420974e-03
4.850000e+00 9.391372e-03
4.900000e+00 8.583815e-01
4.950000e+00 2.725096e-01
