0.000000e+00 3.507682e+00
5.000000e-02 3.492584e+00
1.000000e-01 3.323941e+00
1.500000e-01 3.159459e+00
2.000000e-01 3.149317e+00
2.500000e-01 3.158200e+00
3.000000e-01 3.058215e+00
3.500000e-01 3.009762e+00
4.000000e-01 2.720982e+00
4.500000e-01 2.445734e+00
5.000000e-01 2.312988e+00
5.500000e-01 2.185648e+00
6.000000e-01 2.055140e+00
6.500000e-01 1.942315e+00
7.000000e-01 1.982916e+00
7.500000e-01 2.339459e+00
8.000000e-01 2.858928e+00
8.500000e-01 2.733729e+00
9.000000e-01 2.498342e+00
9.500000e-01 2.390634e+00
1.000000e+00 2.457150e+00
1.050000e+00 2.715532e+00
1.100000e+00 2.667344e+00
1.150000e+00 2.364362e+00
1.200000e+00 2.122671e+00
1.250000e+00 1.902375e+00
1.300000e+00 1.616490e+00
1.350000e+00 1.493347e+00
1.400000e+00 1.663492e+00
1.450000e+00 2.017805e+00
1.500000e+00 2.078001e+00
1.550000e+00 1.938071e+00
1.600000e+00 1.685440e+00
1.650000e+00 1.381406e+00
1.700000e+00 1.152089e+00
1.750000e+00 1.308709e+00
1.800000e+00 1.080097e+00
1.850000e+00 1.594484e+00
1.900000e+00 1.711480e+00
1.950000e+00 1.863004e+00
2.000000e+00 1.719595e+00
2.050000e+00 1.575004e+00
2.100000e+00 1.499128e+00
2.150000e+00 1.777034e+00
2.200000e+00 1.293588e+00
2.250000e+00 1.341157e+00
2.300000e+00 6.744178e-01
2.350000e+00 9.745651e-01
2.400000e+00 6.201157e-01
2.450000e+00 9.683150e-01
2.500000e+00 1.194964e+00
2.550000e+00 7.763381e-01
2.600000e+00 9.070392e-01
2.650000e+00 4.395935e-01
2.700000e+00 1.141615e+00
2.750000e+00 3.297616e-01
2.800000e+00 4.958132e-01
2.850000e+00 9.833717e-01
2.900000e+00 8.667893e-01
2.950000e+00 1.034817e+00
3.000000e+00 4.464047e-01
3.050000e+00 8.927098e-01
3.100000e+00 6.113728e-01
3.150000e+00 4.817708e-01
3.200000e+00 8.849005e-01
3.250000e+00 1.367542e+00
3.300000e+00 9.559069e-01
3.350000e+00 9.510419e-01
3.400000e+00 8.175387e-01
3.450000e+00 9.254739e-01
3.500000e+00 1.063453e+00
3.550000e+00 9.890929e-01
3.600000e+00 1.000946e+00
3.650000e+00 4.114228e-01
3.700000e+00 6.618374e-01
3.750000e+00 2.039134e-01
3.800000e+00 4.585561e-01
3.850000e+00 1.432680e-01
3.900000e+00 3.100684e-01
3.950000e+00 8.813498e-01
4.000000e+00 2.022277e-01
4.050000e+00 4.426732e-02
4.100000e+00 5.651463e-02
4.150000e+00 4.507466e-01
4.200000e+00 1.261081e-01
4.250000e+00 8.035361e-01
4.300000e+00 8.564576e-01
4.350000e+00 2.700229e-01
4.400000e+00 8.248239e-02
4.450000e+00 9.906263e-02
4.500000e+00 2.595272e-01
4.550000e+00 1.867683e-01
4.600000e+00 2.002929e-01
4.650000e+00 1.257916e-01
4.700000e+00 9.650182e-02
4.750000e+00 1.428928e-01
4.800000e+00 2.219467e-02
4.850000e+00 2.989165e-01
4.900000e+00 9.022376e-03
4.950000e+00 1.533469e-02
