0.000000e+00 3.507682e+00
5.000000e-02 3.598608e+00
1.000000e-01 3.329358e+00
1.500000e-01 3.008202e+00
2.000000e-01 2.780032e+00
2.500000e-01 2.661900e+00
3.000000e-01 2.671723e+00
3.500000e-01 2.620783e+00
4.000000e-01 2.502642e+00
4.500000e-01 2.355297e+00
5.000000e-01 2.238653e+00
5.500000e-01 2.194119e+00
6.000000e-01 2.280996e+00
6.500000e-01 2.427494e+00
7.000000e-01 2.334119e+00
7.500000e-01 2.034129e+00
8.000000e-01 2.050933e+00
8.500000e-01 2.089351e+00
9.000000e-01 2.157638e+00
9.500000e-01 2.342913e+00
1.000000e+00 2.635234e+00
1.050000e+00 2.204338e+00
1.100000e+00 1.765036e+00
1.150000e+00 1.527624e+00
1.200000e+00 1.579463e+00
1.250000e+00 1.824826e+00
1.300000e+00 1.537408e+00
1.350000e+00 1.609155e+00
1.400000e+00 1.494905e+00
1.450000e+00 1.621283e+00
1.500000e+00 1.615198e+00
1.550000e+00 1.585342e+00
1.600000e+00 1.112697e+00
1.650000e+00 1.299406e+00
1.700000e+00 1.733136e+00
1.750000e+00 1.645418e+00
1.800000e+00 1.255187e+00
1.850000e+00 1.235165e+00
1.900000e+00 1.679004e+00
1.950000e+00 1.262690e+00
2.000000e+00 1.337690e+00
2.050000e+00 5.997573e-01
2.100000e+00 6.115953e-01
2.150000e+00 8.686732e-01
2.200000e+00 9.070502e-01
2.250000e+00 8.662595e-01
2.300000e+00 1.237609e+00
2.350000e+00 1.039500e+00
2.400000e+00 4.529091e-01
2.450000e+00 4.192232e-01
2.500000e+00 1.010531e+00
2.550000e+00 9.187038e-01
2.600000e+00 8.756028e-01
2.650000e+00 1.008825e+00
2.700000e+00 9.868903e-01
2.750000e+00 1.100701e+00
2.800000e+00 4.391799e-01
2.850000e+00 8.481710e-01
2.900000e+00 1.812485e-01
2.950000e+00 8.845035e-01
3.000000e+00 6.061659e-01
3.050000e+00 9.832757e-01
3.100000e+00 1.390196e-01
3.150000e+00 9.878450e-01
3.200000e+00 5.152378e-01
3.250000e+00 5.555595e-01
3.300000e+00 3.124838e-01
3.350000e+00 5.877271e-01
3.400000e+00 5.538348e-01
3.450000e+00 2.409419e-01
3.500000e+00 9.356975e-01
3.550000e+00 1.723752e-01
3.600000e+00 1.061449e+00
3.650000e+00 2.964639e-01
3.700000e+00 9.822582e-01
3.750000e+00 7.215543e-01
3.800000e+00 7.121949e-01
3.850000e+00 8.558424e-01
3.900000e+00 1.037848e-01
3.950000e+00 5.304170e-01
4.000000e+00 3.531902e-01
4.050000e+00 1.396467e-01
4.100000e+00 7.899632e-01
4.150000e+00 2.426298e-01
4.200000e+00 3.885452e-01
4.250000e+00 1.557941e-01
4.300000e+00 8.807656e-01
4.350000e+00 6.742398e-01
4.400000e+00 1.014396e+00
4.450000e+00 2.885436e-01
4.500000e+00 2.803581e-02
4.550000e+00 4.350448e-01
4.600000e+00 9.331978e-01
4.650000e+00 9.280264e-01
4.700000e+00 9.562531e-02
4.750000e+00 4.734517e-01
4.800000e+00 3.399126e-01
4.850000e+00 3.308500e-01
4.900000e+00 9.200667e-02
4.950000e+00 6.876121e-01
