0.000000e+00 3.507682e+00
5.000000e-02 3.474543e+00
1.000000e-01 3.425732e+00
1.500000e-01 3.288602e+00
2.000000e-01 3.043573e+00
2.500000e-01 2.881930e+00
3.000000e-01 2.784442e+00
3.500000e-01 2.681573e+00
4.000000e-01 2.641236e+00
4.500000e-01 2.622588e+00
5.000000e-01 2.632619e+00
5.500000e-01 2.686108e+00
6.000000e-01 2.710341e+00
6.500000e-01 2.462109e+00
7.000000e-01 2.280768e+00
7.500000e-01 2.276467e+00
8.000000e-01 2.187297e+00
8.500000e-01 1.995246e+00
9.000000e-01 1.873478e+00
9.500000e-01 1.887535e+00
1.000000e+00 2.131415e+00
1.050000e+00 2.270208e+00
1.100000e+00 2.013938e+00
1.150000e+00 2.085517e+00
1.200000e+00 2.115860e+00
1.250000e+00 1.906937e+00
1.300000e+00 1.821998e+00
1.350000e+00 2.089560e+00
1.400000e+00 1.851019e+00
1.450000e+00 1.974460e+00
1.500000e+00 1.591902e+00
1.550000e+00 1.653110e+00
1.600000e+00 1.581620e+00
1.650000e+00 1.720726e+00
1.700000e+00 1.522359e+00
1.750000e+00 1.582463e+00
1.800000e+00 1.576314e+00
1.850000e+00 1.275101e+00
1.900000e+00 2.060819e+00
1.950000e+00 1.706291e+00
2.000000e+00 1.385269e+00
2.050000e+00 1.931327e+00
2.100000e+00 5.583266e-01
2.150000e+00 1.095699e+00
2.200000e+00 7.761849e-01
2.250000e+00 1.299039e+00
2.300000e+00 9.404652e-01
2.350000e+00 6.732861e-01
2.400000e+00 6.122662e-01
2.450000e+00 6.692428e-01
2.500000e+00 1.605439e+00
2.550000e+00 1.228072e+00
2.600000e+00 1.189703e+00
2.650000e+00 1.153620e+00
2.700000e+00 5.054875e-01
2.750000e+00 1.391776e+00
2.800000e+00 1.182133e+00
2.850000e+00 1.046124e+00
2.900000e+00 1.263905e+00
2.950000e+00 5.989842e-01
3.000000e+00 1.081603e+00
3.050000e+00 1.053647e+00
3.100000e+00 9.853383e-01
3.150000e+00 3.701424e-01
3.200000e+00 1.011650e+00
3.250000e+00 9.258648e-01
3.300000e+00 4.165912e-01
3.350000e+00 5.267928e-01
3.400000e+00 9.185195e-01
3.450000e+00 1.173258e+00
3.500000e+00 4.425126e-01
3.550000e+00 3.842303e-01
3.600000e+00 9.879010e-01
3.650000e+00 9.669235e-01
3.700000e+00 9.383238e-01
3.750000e+00 2.324870e-01
3.800000e+00 3.611946e-01
3.850000e+00 2.272964e-01
3.900000e+00 6.713203e-02
3.950000e+00 6.827841e-02
4.000000e+00 2.240466e-01
4.050000e+00 1.368771e-01
4.100000e+00 2.805732e-01
4.150000e+00 4.691108e-02
4.200000e+00 1.828884e-02
4.250000e+00 1.596915e-01
4.300000e+00 5.849905e-02
4.350000e+00 5.067326e-02
4.400000e+00 3.411563e-03
4.450000e+00 1.167049e-02
4.500000e+00 4.443843e-03
4.550000e+00 9.911475e-03
4.600000e+00 8.066251e-02
4.650000e+00 2.812194e-03
4.700000e+00 4.238502e-03
4.750000e+00 2.472539e-03
4.800000e+00 7.013051e-03
4.850000e+00 8.591114e-04
4.900000e+00 4.051364e-03
4.950000e+00 5.270049e-02
