0.000000e+00 3.507682e+00
5.000000e-02 3.432976e+00
1.000000e-01 3.361842e+00
1.500000e-01 3.184491e+00
2.000000e-01 2.932059e+00
2.500000e-01 2.734793e+00
3.000000e-01 2.700510e+00
3.500000e-01 2.784853e+00
4.000000e-01 2.848365e+00
4.500000e-01 2.815850e+00
5.000000e-01 2.796202e+00
5.500000e-01 2.764355e+00
6.000000e-01 2.604095e+00
6.500000e-01 2.455387e+00
7.000000e-01 2.377344e+00
7.500000e-01 2.122538e+00
8.000000e-01 1.803146e+00
8.500000e-01 1.722069e+00
9.000000e-01 1.980946e+00
9.500000e-01 2.400609e+00
1.000000e+00 2.459670e+00
1.050000e+00 2.409611e+00
1.100000e+00 2.509568e+00
1.150000e+00 2.325743e+00
1.200000e+00 2.220765e+00
1.250000e+00 2.169081e+00
1.300000e+00 2.095789e+00
1.350000e+00 2.087009e+00
1.400000e+00 1.947422e+00
1.450000e+00 1.930608e+00
1.500000e+00 2.125480e+00
1.550000e+00 2.020939e+00
1.600000e+00 1.778002e+00
1.650000e+00 2.053462e+00
1.700000e+00 1.633218e+00
1.750000e+00 1.659766e+00
1.800000e+00 1.323380e+00
1.850000e+00 1.507895e+00
1.900000e+00 1.660719e+00
1.950000e+00 1.666020e+00
2.000000e+00 1.525617e+00
2.050000e+00 1.227846e+00
2.100000e+00 1.207063e+00
2.150000e+00 7.134427e-01
2.200000e+00 6.230347e-01
2.250000e+00 1.004521e+00
2.300000e+00 1.084983e+00
2.350000e+00 7.724554e-01
2.400000e+00 1.544067e+00
2.450000e+00 1.022537e+00
2.500000e+00 5.153904e-01
2.550000e+00 7.312792e-01
2.600000e+00 1.041568e+00
2.650000e+00 1.602360e+00
2.700000e+00 1.122853e+00
2.750000e+00 5.393663e-01
2.800000e+00 4.237695e-01
2.850000e+00 1.544681e+00
2.900000e+00 8.753025e-01
2.950000e+00 5.953260e-01
3.000000e+00 1.255791e+00
3.050000e+00 9.415949e-01
3.100000e+00 2.123841e-01
3.150000e+00 3.407278e-01
3.200000e+00 1.368909e-01
3.250000e+00 5.715668e-01
3.300000e+00 6.409954e-01
3.350000e+00 1.008125e+00
3.400000e+00 5.886294e-01
3.450000e+00 2.104926e-01
3.500000e+00 7.301951e-01
3.550000e+00 8.490332e-02
3.600000e+00 4.160104e-01
3.650000e+00 1.085213e+00
3.700000e+00 8.789299e-01
3.750000e+00 8.489945e-01
3.800000e+00 6.528202e-01
3.850000e+00 5.007279e-01
3.900000e+00 5.754077e-01
3.950000e+00 9.748630e-01
4.000000e+00 3.110608e-01
4.050000e+00 1.857448e-02
4.100000e+00 3.380897e-01
4.150000e+00 1.453269e-01
4.200000e+00 8.468582e-02
4.250000e+00 6.221875e-02
4.300000e+00 7.572207e-01
4.350000e+00 5.318947e-02
4.400000e+00 3.944275e-01
4.450000e+00 9.223793e-01
4.500000e+00 7.276215e-02
4.550000e+00 1.968298e-02
4.600000e+00 1.905406e-01
4.650000e+00 1.126988e-02
4.700000e+00 5.863930e-02
4.750000e+00 3.205752e-03
4.800000e+00 1.565759e-01
4.850000e+00 3.888189e-01
4.900000e+00 4.897756e-03
4.950000e+00 1.509260e-02
