0.000000e+00 3.507682e+00
5.000000e-02 3.501894e+00
1.000000e-01 3.512190e+00
1.500000e-01 3.444665e+00
2.000000e-01 3.269633e+00
2.500000e-01 3.088738e+00
3.000000e-01 2.869805e+00
3.500000e-01 2.668974e+00
4.000000e-01 2.637896e+00
4.500000e-01 2.597364e+00
5.000000e-01 2.693075e+00
5.500000e-01 2.609319e+00
6.000000e-01 2.398869e+00
6.500000e-01 2.637760e+00
7.000000e-01 2.859963e+00
7.500000e-01 2.560765e+00
8.000000e-01 2.392633e+00
8.500000e-01 2.339816e+00
9.000000e-01 2.304204e+00
9.500000e-01 2.488158e+00
1.000000e+00 2.435482e+00
1.050000e+00 2.236036e+00
1.100000e+00 2.456423e+00
1.150000e+00 2.326112e+00
1.200000e+00 1.950314e+00
1.250000e+00 1.780064e+00
1.300000e+00 1.917657e+00
1.350000e+00 1.909476e+00
1.400000e+00 2.076623e+00
1.450000e+00 2.151049e+00
1.500000e+00 1.949034e+00
1.550000e+00 1.874800e+00
1.600000e+00 1.958359e+00
1.650000e+00 1.944654e+00
1.700000e+00 1.735281e+00
1.750000e+00 1.525682e+00
1.800000e+00 1.538969e+00
1.850000e+00 1.269844e+00
1.900000e+00 1.263009e+00
1.950000e+00 1.406715e+00
2.000000e+00 1.394425e+00
2.050000e+00 1.504520e+00
2.100000e+00 1.461178e+00
2.150000e+00 1.270874e+00
2.200000e+00 1.718752e+00
2.250000e+00 1.420164e+00
2.300000e+00 1.387151e+00
2.350000e+00 1.482907e+00
2.400000e+00 1.871576e+00
2.450000e+00 7.300954e-01
2.500000e+00 1.451876e+00
2.550000e+00 1.262628e+00
2.600000e+00 1.169666e+00
2.650000e+00 9.280304e-01
2.700000e+00 1.399672e+00
2.750000e+00 1.211045e+00
2.800000e+00 7.007665e-01
2.850000e+00 1.010295e+00
2.900000e+00 1.143694e+00
2.950000e+00 8.201414e-01
3.000000e+00 8.520347e-01
3.050000e+00 1.019991e+00
3.100000e+00 9.928939e-01
3.150000e+00 8.872112e-01
3.200000e+00 3.148965e-01
3.250000e+00 8.193436e-01
3.300000e+00 4.486553e-01
3.350000e+00 8.255516e-01
3.400000e+00 4.822415e-01
3.450000e+00 1.069002e+00
3.500000e+00 1.166120e+00
3.550000e+00 4.645741e-01
3.600000e+00 3.966665e-01
3.650000e+00 4.998180e-01
3.700000e+00 6.967199e-01
3.750000e+00 9.478156e-02
3.800000e+00 1.617201e-01
3.850000e+00 8.989980e-02
3.900000e+00 2.298058e-01
3.950000e+00 3.690203e-01
4.000000e+00 5.512445e-01
4.050000e+00 7.796673e-01
4.100000e+00 7.303892e-01
4.150000e+00 3.981629e-02
4.200000e+00 3.080428e-02
4.250000e+00 6.041663e-02
4.300000e+00 7.657987e-01
4.350000e+00 1.439829e-01
4.400000e+00 2.582845e-01
4.450000e+00 3.317588e-01
4.500000e+00 8.278249e-01
4.550000e+00 6.829581e-01
4.600000e+00 6.415471e-02
4.650000e+00 6.293937e-03
4.700000e+00 4.443615e-02
4.750000e+00 1.403398e-02
4.800000e+00 8.993518e-02
4.850000e+00 4.660524e-02
4.900000e+00 7.227117e-02
4.950000e+00 1.504488e-02
