0.000000e+00 3.507682e+00
5.000000e-02 3.363984e+00
1.000000e-01 3.167546e+00
1.500000e-01 3.019908e+00
2.000000e-01 2.904619e+00
2.500000e-01 2.793126e+00
3.000000e-01 2.752416e+00
3.500000e-01 2.712594e+00
4.000000e-01 2.587980e+00
4.500000e-01 2.533855e+00
5.000000e-01 2.509583e+00
5.500000e-01 2.446007e+00
6.000000e-01 2.350322e+00
6.500000e-01 2.346325e+00
7.000000e-01 2.477054e+00
7.500000e-01 2.560511e+00
8.000000e-01 2.675913e+00
8.500000e-01 2.532316e+00
9.000000e-01 2.539454e+00
9.500000e-01 2.688909e+00
1.000000e+00 2.331925e+00
1.050000e+00 2.116728e+00
1.100000e+00 2.075975e+00
1.150000e+00 1.862525e+00
1.200000e+00 1.668933e+00
1.250000e+00 1.822209e+00
1.300000e+00 2.070875e+00
1.350000e+00 2.108662e+00
1.400000e+00 1.878800e+00
1.450000e+00 1.716910e+00
1.500000e+00 1.620639e+00
1.550000e+00 2.303433e+00
1.600000e+00 2.211212e+00
1.650000e+00 1.841011e+00
1.700000e+00 1.814402e+00
1.750000e+00 1.726218e+00
1.800000e+00 1.486929e+00
1.850000e+00 1.598647e+00
1.900000e+00 1.231577e+00
1.950000e+00 1.487875e+00
2.000000e+00 1.181215e+00
2.050000e+00 1.177266e+00
2.100000e+00 1.213947e+00
2.150000e+00 1.046462e+00
2.200000e+00 1.176739e+00
2.250000e+00 1.121418e+00
2.300000e+00 1.006634e+00
2.350000e+00 1.183775e+00
2.400000e+00 1.271383e+00
2.450000e+00 1.302384e+00
2.500000e+00 1.045269e+00
2.550000e+00 9.830134e-01
2.600000e+00 6.038065e-01
2.650000e+00 9.286317e-01
2.700000e+00 8.780320e-01
2.750000e+00 5.399537e-01
2.800000e+00 8.992385e-01
2.850000e+00 1.018108e+00
2.900000e+00 9.006010e-01
2.950000e+00 1.051747e+00
3.000000e+00 5.885908e-01
3.050000e+00 5.517468e-01
3.100000e+00 1.089440e+00
3.150000e+00 1.219330e+00
3.200000e+00 1.224894e+00
3.250000e+00 1.126329e+00
3.300000e+00 9.446088e-01
3.350000e+00 5.921291e-01
3.400000e+00 8.895312e-01
3.450000e+00 4.274741e-01
3.500000e+00 5.671959e-01
3.550000e+00 9.908003e-01
3.600000e+00 6.692774e-01
3.650000e+00 6.330468e-01
3.700000e+00 9.828521e-01
3.750000e+00 6.565511e-01
3.800000e+00 8.608709e-02
3.850000e+00 5.943296e-01
3.900000e+00 6.357809e-01
3.950000e+00 5.843428e-01
4.000000e+00 4.421698e-01
4.050000e+00 9.743494e-01
4.100000e+00 1.719307e-01
4.150000e+00 4.422903e-01
4.200000e+00 8.086425e-02
4.250000e+00 8.244401e-02
4.300000e+00 9.628234e-03
4.350000e+00 4.443668e-01
4.400000e+00 1.137593e-01
4.450000e+00 1.411315e-01
4.500000e+00 8.188861e-01
4.550000e+00 6.237247e-01
4.600000e+00 6.772749e-02
4.650000e+00 6.348005e-02
4.700000e+00 7.054061e-02
4.750000e+00 1.096797e-01
4.800000e+00 1.732636e-01
4.850000e+00 1.468155e-01
4.900000e+00 7.619763e-03
4.950000e+00 3.276369e-02
