0.000000e+00 3.507682e+00
5.000000e-02 3.485477e+00
1.000000e-01 3.459016e+00
1.500000e-01 3.434337e+00
2.000000e-01 3.293622e+00
2.500000e-01 3.140239e+00
3.000000e-01 3.095084e+00
3.500000e-01 3.083257e+00
4.000000e-01 2.952395e+00
4.500000e-01 2.746325e+00
5.000000e-01 2.607042e+00
5.500000e-01 2.667728e+00
6.000000e-01 2.672997e+00
6.500000e-01 2.503037e+00
7.000000e-01 2.318144e+00
7.500000e-01 2.319505e+00
8.000000e-01 2.404515e+00
8.500000e-01 2.220441e+00
9.000000e-01 2.261339e+00
9.500000e-01 1.989666e+00
1.000000e+00 1.753500e+00
1.050000e+00 1.870907e+00
1.100000e+00 2.293050e+00
1.150000e+00 2.025959e+00
1.200000e+00 1.694441e+00
1.250000e+00 1.805248e+00
1.300000e+00 1.748248e+00
1.350000e+00 1.492837e+00
1.400000e+00 1.939818e+00
1.450000e+00 1.540253e+00
1.500000e+00 1.332411e+00
1.550000e+00 1.211518e+00
1.600000e+00 1.520157e+00
1.650000e+00 1.797299e+00
1.700000e+00 1.603804e+00
1.750000e+00 1.129221e+00
1.800000e+00 1.248183e+00
1.850000e+00 9.947504e-01
1.900000e+00 1.285320e+00
1.950000e+00 1.115573e+00
2.000000e+00 1.502338e+00
2.050000e+00 1.412880e+00
2.100000e+00 1.271657e+00
2.150000e+00 9.256077e-01
2.200000e+00 1.035363e+00
2.250000e+00 1.308402e+00
2.300000e+00 1.130403e+00
2.350000e+00 8.569782e-01
2.400000e+00 1.076038e+00
2.450000e+00 9.444060e-01
2.500000e+00 1.311047e+00
2.550000e+00 9.706270e-01
2.600000e+00 1.211858e+00
2.650000e+00 8.730277e-01
2.700000e+00 3.941422e-01
2.750000e+00 8.080479e-01
2.800000e+00 1.246168e+00
2.850000e+00 2.463101e-01
2.900000e+00 2.810400e-01
2.950000e+00 7.142205e-01
3.000000e+00 1.141854e-01
3.050000e+00 7.257227e-01
3.100000e+00 1.033985e-01
3.150000e+00 3.990089e-01
3.200000e+00 5.818875e-01
3.250000e+00 1.476972e-01
3.300000e+00 8.250794e-01
3.350000e+00 1.147689e-01
3.400000e+00 4.344853e-01
3.450000e+00 2.121351e-01
3.500000e+00 9.411458e-01
3.550000e+00 3.046241e-01
3.600000e+00 3.449396e-01
3.650000e+00 8.663198e-01
3.700000e+00 1.594970e-01
3.750000e+00 2.493285e-01
3.800000e+00 2.262710e-01
3.850000e+00 6.307408e-01
3.900000e+00 4.107487e-01
3.950000e+00 5.147523e-01
4.000000e+00 1.163928e-01
4.050000e+00 4.635461e-01
4.100000e+00 2.128272e-01
4.150000e+00 1.462252e-01
4.200000e+00 1.263387e-01
4.250000e+00 5.753859e-01
4.300000e+00 1.327278e-01
4.350000e+00 1.673306e-02
4.400000e+00 4.254397e-02
4.450000e+00 2.755517e-02
4.500000e+00 4.641700e-03
4.550000e+00 1.074026e-03
4.600000e+00 3.243176e-02
4.650000e+00 8.630642e-03
4.700000e+00 3.113707e-02
4.750000e+00 2.574212e-04
4.800000e+00 2.905373e-03
4.850000e+00 1.586330e-02
4.900000e+00 1.235156e-04
4.950000e+00 3.232079e-01
