0.000000e+00 3.507682e+00
5.000000e-02 3.645260e+00
1.000000e-01 3.523642e+00
1.500000e-01 3.029585e+00
2.000000e-01 2.713807e+00
2.500000e-01 2.663652e+00
3.000000e-01 2.675808e+00
3.500000e-01 2.598569e+00
4.000000e-01 2.601743e+00
4.500000e-01 2.541121e+00
5.000000e-01 2.399690e+00
5.500000e-01 2.243540e+00
6.000000e-01 2.121553e+00
6.500000e-01 2.152473e+00
7.000000e-01 2.153629e+00
7.500000e-01 2.288585e+00
8.000000e-01 2.496745e+00
8.500000e-01 2.544805e+00
9.000000e-01 2.428260e+00
9.500000e-01 2.324909e+00
1.000000e+00 2.320609e+00
1.050000e+00 2.422279e+00
1.100000e+00 2.406721e+00
1.150000e+00 2.244910e+00
1.200000e+00 2.105820e+00
1.250000e+00 2.039589e+00
1.300000e+00 2.077434e+00
1.350000e+00 2.009531e+00
1.400000e+00 1.826323e+00
1.450000e+00 1.932471e+00
1.500000e+00 1.898091e+00
1.550000e+00 2.054265e+00
1.600000e+00 1.811981e+00
1.650000e+00 1.968924e+00
1.700000e+00 1.691531e+00
1.750000e+00 1.959227e+00
1.800000e+00 1.779229e+00
1.850000e+00 1.632209e+00
1.900000e+00 1.463932e+00
1.950000e+00 1.178929e+00
2.000000e+00 1.200901e+00
2.050000e+00 1.115123e+00
2.100000e+00 1.638178e+00
2.150000e+00 8.507421e-01
2.200000e+00 1.334618e+00
2.250000e+00 1.171201e+00
2.300000e+00 1.287877e+00
2.350000e+00 3.444720e-01
2.400000e+00 8.332539e-01
2.450000e+00 1.583750e+00
2.500000e+00 1.026648e+00
2.550000e+00 6.243239e-01
2.600000e+00 3.848568e-01
2.650000e+00 7.315855e-01
2.700000e+00 9.751488e-01
2.750000e+00 6.890630e-01
2.800000e+00 6.657626e-01
2.850000e+00 6.920627e-01
2.900000e+00 3.899864e-01
2.950000e+00 1.084613e+00
3.000000e+00 3.794169e-01
3.050000e+00 5.401157e-01
3.100000e+00 5.920369e-01
3.150000e+00 6.946267e-01
3.200000e+00 6.781453e-01
3.250000e+00 7.167634e-01
3.300000e+00 6.164282e-01
3.350000e+00 5.299331e-01
3.400000e+00 6.146851e-01
3.450000e+00 8.316320e-01
3.500000e+00 2.001061e-01
3.550000e+00 8.099480e-01
3.600000e+00 4.755006e-01
3.650000e+00 1.090915e-01
3.700000e+00 7.467658e-02
3.750000e+00 1.612465e-01
3.800000e+00 1.384087e-01
3.850000e+00 5.554328e-01
3.900000e+00 1.540497e-01
3.950000e+00 3.176993e-01
4.000000e+00 7.409083e-02
4.050000e+00 2.870651e-01
4.100000e+00 9.874503e-01
4.150000e+00 1.566263e-01
4.200000e+00 1.161280e-02
4.250000e+00 1.077399e-02
4.300000e+00 2.828834e-02
4.350000e+00 7.561287e-02
4.400000e+00 4.551239e-01
4.450000e+00 2.798329e-02
4.500000e+00 8.462452e-02
4.550000e+00 1.353747e-02
4.600000e+00 3.454970e-02
4.650000e+00 2.092270e-03
4.700000e+00 7.655137e-04
4.750000e+00 7.162902e-04
4.800000e+00 1.090334e-03
4.850000e+00 3.896896e-05
4.900000e+00 2.242970e-05
4.950000e+00 3.404150e-03
