0.000000e+00 3.507682e+00
5.000000e-02 3.478384e+00
1.000000e-01 3.333899e+00
1.500000e-01 3.125157e+00
2.000000e-01 3.056031e+00
2.500000e-01 3.065950e+00
3.000000e-01 2.940721e+00
3.500000e-01 2.775335e+00
4.000000e-01 2.579127e+00
4.500000e-01 2.351502e+00
5.000000e-01 2.257505e+00
5.500000e-01 2.383478e+00
6.000000e-01 2.588318e+00
6.500000e-01 2.768275e+00
7.000000e-01 2.701353e+00
7.500000e-01 2.712954e+00
8.000000e-01 2.498504e+00
8.500000e-01 2.221782e+00
9.000000e-01 2.089918e+00
9.500000e-01 2.192539e+00
1.000000e+00 2.237688e+00
1.050000e+00 1.812805e+00
1.100000e+00 1.497053e+00
1.150000e+00 1.376165e+00
1.200000e+00 2.030647e+00
1.250000e+00 1.923367e+00
1.300000e+00 1.768961e+00
1.350000e+00 2.027146e+00
1.400000e+00 1.766888e+00
1.450000e+00 1.927942e+00
1.500000e+00 1.768643e+00
1.550000e+00 1.728655e+00
1.600000e+00 1.596058e+00
1.650000e+00 9.329397e-01
1.700000e+00 1.353912e+00
1.750000e+00 1.509324e+00
1.800000e+00 1.808733e+00
1.850000e+00 1.556390e+00
1.900000e+00 1.570836e+00
1.950000e+00 1.280006e+00
2.000000e+00 1.111675e+00
2.050000e+00 1.142723e+00
2.100000e+00 1.519958e+00
2.150000e+00 1.212776e+00
2.200000e+00 9.033944e-01
2.250000e+00 1.384994e+00
2.300000e+00 1.324263e+00
2.350000e+00 1.041211e+00
2.400000e+00 1.210865e+00
2.450000e+00 9.050240e-01
2.500000e+00 1.103558e+00
2.550000e+00 4.612971e-01
2.600000e+00 7.589953e-01
2.650000e+00 1.371153e+00
2.700000e+00 9.043978e-01
2.750000e+00 7.443593e-01
2.800000e+00 9.692104e-01
2.850000e+00 6.234007e-01
2.900000e+00 1.022974e+00
2.950000e+00 9.639698e-01
3.000000e+00 4.629933e-01
3.050000e+00 4.020867e-01
3.100000e+00 5.976850e-01
3.150000e+00 3.024255e-01
3.200000e+00 1.277858e+00
3.250000e+00 2.730176e-01
3.300000e+00 5.869156e-01
3.350000e+00 1.138400e-01
3.400000e+00 1.219164e-01
3.450000e+00 5.287989e-02
3.500000e+00 1.411846e-01
3.550000e+00 9.888423e-02
3.600000e+00 7.488799e-02
3.650000e+00 3.814063e-01
3.700000e+00 3.325534e-02
3.750000e+00 1.470337e-01
3.800000e+00 6.439465e-02
3.850000e+00 1.413769e-01
3.900000e+00 6.536818e-01
3.950000e+00 1.453119e-01
4.000000e+00 6.968368e-01
4.050000e+00 3.547047e-01
4.100000e+00 2.838829e-02
4.150000e+00 4.468984e-02
4.200000e+00 3.852602e-01
4.250000e+00 8.411446e-02
4.300000e+00 1.540796e-01
4.350000e+00 7.154839e-02
4.400000e+00 1.263734e-01
4.450000e+00 9.041332e-02
4.500000e+00 7.430985e-03
4.550000e+00 4.337761e-01
4.600000e+00 5.160516e-02
4.650000e+00 8.403755e-02
4.700000e+00 1.756970e-01
4.750000e+00 4.925029e-02
4.800000e+00 6.516706e-02
4.850000e+00 5.351276e-01
4.900000e+00 7.398976e-01
4.950000e+00 1.383763e-01
