0.000000e+00 3.507682e+00
5.000000e-02 3.472126e+00
1.000000e-01 3.415217e+00
1.500000e-01 3.296143e+00
2.000000e-01 3.155375e+00
2.500000e-01 3.070202e+00
3.000000e-01 2.923174e+00
3.500000e-01 2.662527e+00
4.000000e-01 2.589966e+00
4.500000e-01 2.670981e+00
5.000000e-01 2.503688e+00
5.500000e-01 2.265662e+00
6.000000e-01 2.180310e+00
6.500000e-01 2.307850e+00
7.000000e-01 2.469570e+00
7.500000e-01 2.405674e+00
8.000000e-01 2.227090e+00
8.500000e-01 2.183380e+00
9.000000e-01 2.209446e+00
9.500000e-01 2.352291e+00
1.000000e+00 2.439238e+00
1.050000e+00 2.501901e+00
1.100000e+00 2.695181e+00
1.150000e+00 2.643006e+00
1.200000e+00 2.513787e+00
1.250000e+00 2.317036e+00
1.300000e+00 2.088977e+00
1.350000e+00 1.749439e+00
1.400000e+00 1.952542e+00
1.450000e+00 2.195909e+00
1.500000e+00 2.278983e+00
1.550000e+00 2.317628e+00
1.600000e+00 2.277112e+00
1.650000e+00 2.078922e+00
1.700000e+00 1.836131e+00
1.750000e+00 1.921894e+00
1.800000e+00 1.772686e+00
1.850000e+00 1.877615e+00
1.900000e+00 1.622883e+00
1.950000e+00 1.457369e+00
2.000000e+00 1.385770e+00
2.050000e+00 1.769593e+00
2.100000e+00 1.611757e+00
2.150000e+00 1.392322e+00
2.200000e+00 1.231498e+00
2.250000e+00 1.706517e+00
2.300000e+00 1.553647e+00
2.350000e+00 1.358501e+00
2.400000e+00 1.164864e+00
2.450000e+00 1.324483e+00
2.500000e+00 1.298494e+00
2.550000e+00 1.699930e+00
2.600000e+00 1.434480e+00
2.650000e+00 1.518289e+00
2.700000e+00 1.603690e+00
2.750000e+00 8.089445e-01
2.800000e+00 1.628153e+00
2.850000e+00 1.317442e+00
2.900000e+00 1.242081e+00
2.950000e+00 1.175925e+00
3.000000e+00 1.135843e+00
3.050000e+00 1.358847e+00
3.100000e+00 9.254128e-01
3.150000e+00 3.865702e-01
3.200000e+00 9.140653e-01
3.250000e+00 5.640638e-01
3.300000e+00 5.405158e-01
3.350000e+00 9.768619e-01
3.400000e+00 2.813618e-01
3.450000e+00 3.849749e-01
3.500000e+00 1.091972e+00
3.550000e+00 1.151290e+00
3.600000e+00 8.727406e-01
3.650000e+00 3.318660e-01
3.700000e+00 2.358883e-01
3.750000e+00 3.663339e-01
3.800000e+00 4.659486e-01
3.850000e+00 9.559402e-01
3.900000e+00 1.960553e-01
3.950000e+00 2.666677e-01
4.000000e+00 6.828398e-01
4.050000e+00 9.374841e-01
4.100000e+00 2.374148e-01
4.150000e+00 1.946957e-01
4.200000e+00 3.469815e-01
4.250000e+00 1.527323e-01
4.300000e+00 6.321004e-01
4.350000e+00 1.095011e-01
4.400000e+00 1.740405e-01
4.450000e+00 6.391101e-02
4.500000e+00 1.248753e-01
4.550000e+00 7.094627e-01
4.600000e+00 1.548021e-01
4.650000e+00 4.106314e-02
4.700000e+00 5.249733e-01
4.750000e+00 1.252606e-01
4.800000e+00 3.584437e-02
4.850000e+00 9.492729e-01
4.900000e+00 9.827467e-02
4.950000e+00 2.481311e-01
