0.000000e+00 9.218645e-01
3.000000e-02 1.604052e+00
6.000000e-02 1.879416e+00
9.000000e-02 2.300995e+00
1.200000e-01 2.605956e+00
1.500000e-01 2.677603e+00
1.800000e-01 2.767457e+00
2.100000e-01 2.682087e+00
2.400000e-01 2.097381e+00
2.700000e-01 1.527431e+00
3.000000e-01 1.306955e+00
3.300000e-01 1.439797e+00
3.600000e-01 1.841004e+00
3.900000e-01 1.775502e+00
4.200000e-01 1.512332e+00
4.500000e-01 1.255977e+00
4.800000e-01 1.019633e+00
5.100000e-01 7.441766e-01
5.400000e-01 9.350980e-01
5.700000e-01 1.457138e+00
6.000000e-01 1.410411e+00
6.300000e-01 1.212288e+00
6.600000e-01 6.646882e-01
6.900000e-01 3.544004e-01
7.200000e-01 6.554845e-01
7.500000e-01 8.649662e-01
7.800000e-01 9.831197e-01
8.100000e-01 1.076037e+00
8.400000e-01 1.171427e+00
8.700000e-01 1.279529e+00
9.000000e-01 1.402508e+00
9.300000e-01 1.535620e+00
9.600000e-01 1.665521e+00
9.900000e-01 1.770495e+00
1.020000e+00 1.827626e+00
1.050000e+00 1.827029e+00
1.080000e+00 1.783028e+00
1.110000e+00 1.731824e+00
1.140000e+00 1.720759e+00
1.170000e+00 1.795626e+00
1.200000e+00 1.947427e+00
1.230000e+00 2.003362e+00
1.260000e+00 1.863426e+00
1.290000e+00 1.771943e+00
1.320000e+00 1.879432e+00
1.350000e+00 2.045842e+00
1.380000e+00 2.180124e+00
1.410000e+00 1.612612e+00
1.440000e+00 8.614888e-01
1.470000e+00 6.265340e-01
1.500000e+00 6.181777e-01
1.530000e+00 8.078749e-01
1.560000e+00 1.551631e+00
1.590000e+00 1.668484e+00
1.620000e+00 7.666648e-01
1.650000e+00 5.990744e-01
1.680000e+00 6.085769e-01
1.710000e+00 1.133723e+00
1.740000e+00 7.172958e-01
1.770000e+00 1.190941e+00
1.800000e+00 1.327060e+00
1.830000e+00 1.431026e+00
1.860000e+00 1.769273e+00
1.890000e+00 1.332352e+00
1.920000e+00 1.498003e+00
1.950000e+00 1.207966e+00
1.980000e+00 1.046673e+00
2.010000e+00 9.310724e-01
2.040000e+00 9.956688e-01
2.070000e+00 1.690089e+00
2.100000e+00 7.113834e-01
2.130000e+00 6.341652e-01
2.160000e+00 7.954164e-01
2.190000e+00 4.906970e-01
2.220000e+00 3.861714e-01
2.250000e+00 4.565651e-01
2.280000e+00 7.925203e-01
2.310000e+00 1.923113e+00
2.340000e+00 9.810478e-01
2.370000e+00 3.939666e-01
2.400000e+00 2.752806e-01
2.430000e+00 3.642143e-01
2.460000e+00 1.225020e+00
2.490000e+00 1.988414e-01
2.520000e+00 7.038375e-02
2.550000e+00 1.417523e-01
2.580000e+00 1.860206e-01
2.610000e+00 2.505431e-01
2.640000e+00 6.704723e-01
2.670000e+00 4.964078e-01
2.700000e+00 4.049939e-01
2.730000e+00 3.861494e-02
2.760000e+00 6.220683e-02
2.790000e+00 9.337297e-01
2.820000e+00 7.275253e-01
2.850000e+00 1.283138e-01
2.880000e+00 1.248993e-01
2.910000e+00 9.529176e-02
2.940000e+00 8.612951e-02
2.970000e+00 1.590519e-01
