0.000000e+00 9.218645e-01
3.000000e-02 1.469743e+00
6.000000e-02 1.987435e+00
9.000000e-02 2.008383e+00
1.200000e-01 1.909598e+00
1.500000e-01 1.752341e+00
1.800000e-01 2.026436e+00
2.100000e-01 2.228914e+00
2.400000e-01 2.395744e+00
2.700000e-01 2.865286e+00
3.000000e-01 2.314906e+00
3.300000e-01 2.168055e+00
3.600000e-01 2.076686e+00
3.900000e-01 2.017388e+00
4.200000e-01 1.997562e+00
4.500000e-01 2.005950e+00
4.800000e-01 2.025098e+00
5.100000e-01 2.045540e+00
5.400000e-01 2.139257e+00
5.700000e-01 2.225188e+00
6.000000e-01 2.159391e+00
6.300000e-01 2.086721e+00
6.600000e-01 2.051658e+00
6.900000e-01 2.083225e+00
7.200000e-01 2.177786e+00
7.500000e-01 2.187534e+00
7.800000e-01 2.072084e+00
8.100000e-01 1.932694e+00
8.400000e-01 1.782695e+00
8.700000e-01 1.623981e+00
9.000000e-01 1.505411e+00
9.300000e-01 1.494728e+00
9.600000e-01 1.581009e+00
9.900000e-01 1.545275e+00
1.020000e+00 1.812461e+00
1.050000e+00 2.113422e+00
1.080000e+00 2.049626e+00
1.110000e+00 2.083864e+00
1.140000e+00 2.192814e+00
1.170000e+00 2.053447e+00
1.200000e+00 1.652210e+00
1.230000e+00 1.508397e+00
1.260000e+00 1.573634e+00
1.290000e+00 1.748570e+00
1.320000e+00 1.991800e+00
1.350000e+00 2.049351e+00
1.380000e+00 1.707547e+00
1.410000e+00 1.753356e+00
1.440000e+00 1.888197e+00
1.470000e+00 1.086004e+00
1.500000e+00 5.115706e-01
1.530000e+00 9.362367e-01
1.560000e+00 1.036143e+00
1.590000e+00 1.312069e+00
1.620000e+00 1.371762e+00
1.650000e+00 7.335824e-01
1.680000e+00 3.093973e-01
1.710000e+00 8.528848e-01
1.740000e+00 1.988341e+00
1.770000e+00 1.201954e+00
1.800000e+00 8.816126e-01
1.830000e+00 1.310671e+00
1.860000e+00 1.325090e+00
1.890000e+00 1.452491e+00
1.920000e+00 1.122453e+00
1.950000e+00 6.643011e-01
1.980000e+00 5.297768e-01
2.010000e+00 6.624640e-01
2.040000e+00 1.010387e+00
2.070000e+00 1.205529e+00
2.100000e+00 1.120515e+00
2.130000e+00 8.752203e-01
2.160000e+00 5.978018e-01
2.190000e+00 1.595566e+00
2.220000e+00 4.490940e-01
2.250000e+00 1.112159e+00
2.280000e+00 1.510814e+00
2.310000e+00 9.192500e-01
2.340000e+00 3.986302e-01
2.370000e+00 3.086359e-01
2.400000e+00 5.407651e-01
2.430000e+00 1.635644e+00
2.460000e+00 2.389906e+00
2.490000e+00 6.905241e-01
2.520000e+00 6.873071e-01
2.550000e+00 9.308055e-01
2.580000e+00 1.052890e+00
2.610000e+00 7.713344e-01
2.640000e+00 5.156152e-01
2.670000e+00 4.443346e-01
2.700000e+00 5.156435e-01
2.730000e+00 5.475503e-01
2.760000e+00 1.354686e+00
2.790000e+00 1.219923e+00
2.820000e+00 1.573902e+00
2.850000e+00 1.877750e+00
2.880000e+00 1.666180e+00
2.910000e+00 3.583699e-01
2.940000e+00 4.119259e-01
2.970000e+00 1.858759e-01
