0.000000e+00 2.231112e+00
5.000000e-02 2.443573e+00
1.000000e-01 3.737284e+00
1.500000e-01 3.814718e+00
2.000000e-01 4.668809e+00
2.500000e-01 3.790130e+00
3.000000e-01 3.367286e+00
3.500000e-01 4.069056e+00
4.000000e-01 4.601061e+00
4.500000e-01 3.040807e+00
5.000000e-01 4.627419e+00
5.500000e-01 3.369060e+00
6.000000e-01 2.518318e+00
6.500000e-01 4.205418e+00
7.000000e-01 2.431394e+00
7.500000e-01 2.065575e+00
8.000000e-01 3.023182e+00
8.500000e-01 2.561345e+00
9.000000e-01 1.428771e+00
9.500000e-01 9.636860e-01
