0.000000e+00 2.231112e+00
5.000000e-02 3.003627e+00
1.000000e-01 4.387820e+00
1.500000e-01 4.885099e+00
2.000000e-01 3.968938e+00
2.500000e-01 3.205090e+00
3.000000e-01 4.332133e+00
3.500000e-01 4.608902e+00
4.000000e-01 4.147896e+00
4.500000e-01 4.159452e+00
5.000000e-01 4.427048e+00
5.500000e-01 4.617283e+00
6.000000e-01 4.424970e+00
6.500000e-01 3.012992e+00
7.000000e-01 4.088079e+00
7.500000e-01 3.546932e+00
8.000000e-01 2.900165e+00
8.500000e-01 2.337514e+00
9.000000e-01 9.159995e-01
9.500000e-01 2.564706e+00
