-5.000000e-02 5.872810e+00
-4.990000e-02 5.829744e+00
-4.980000e-02 5.782621e+00
-4.970000e-02 5.731809e+00
-4.960000e-02 5.677893e+00
-4.950000e-02 5.621636e+00
-4.940000e-02 5.563908e+00
-4.930000e-02 5.505622e+00
-4.920000e-02 5.447681e+00
-4.910000e-02 5.390929e+00
-4.900000e-02 5.336120e+00
-4.890000e-02 5.283901e+00
-4.880000e-02 5.234806e+00
-4.870000e-02 5.189259e+00
-4.860000e-02 5.147583e+00
-4.850000e-02 5.110006e+00
-4.840000e-02 5.076675e+00
-4.830000e-02 5.047659e+00
-4.820000e-02 5.022959e+00
-4.810000e-02 5.002503e+00
-4.800000e-02 4.986149e+00
-4.790000e-02 4.973676e+00
-4.780000e-02 4.964773e+00
-4.770000e-02 4.959032e+00
-4.760000e-02 4.955934e+00
-4.750000e-02 4.954834e+00
-4.740000e-02 4.954960e+00
-4.730000e-02 4.955412e+00
-4.720000e-02 4.955181e+00
-4.710000e-02 4.953184e+00
-4.700000e-02 4.948326e+00
-4.690000e-02 4.939597e+00
-4.680000e-02 4.926183e+00
-4.670000e-02 4.907615e+00
-4.660000e-02 4.883897e+00
-4.650000e-02 4.855620e+00
-4.640000e-02 4.824012e+00
-4.630000e-02 4.790899e+00
-4.620000e-02 4.758572e+00
-4.610000e-02 4.729569e+00
-4.600000e-02 4.706413e+00
-4.590000e-02 4.691345e+00
-4.580000e-02 4.686113e+00
-4.570000e-02 4.691834e+00
-4.560000e-02 4.708947e+00
-4.550000e-02 4.737238e+00
-4.540000e-02 4.775920e+00
-4.530000e-02 4.823735e+00
-4.520000e-02 4.879063e+00
-4.510000e-02 4.940016e+00
-4.500000e-02 5.004520e+00
-4.490000e-02 5.070386e+00
-4.480000e-02 5.135368e+00
-4.470000e-02 5.197230e+00
-4.460000e-02 5.253815e+00
-4.450000e-02 5.303134e+00
-4.440000e-02 5.343456e+00
-4.430000e-02 5.373409e+00
-4.420000e-02 5.392063e+00
-4.410000e-02 5.398991e+00
-4.400000e-02 5.394295e+00
-4.390000e-02 5.378581e+00
-4.380000e-02 5.352895e+00
-4.370000e-02 5.318626e+00
-4.360000e-02 5.277385e+00
-4.350000e-02 5.230890e+00
-4.340000e-02 5.180851e+00
-4.330000e-02 5.128887e+00
-4.320000e-02 5.076459e+00
-4.310000e-02 5.024834e+00
-4.300000e-02 4.975071e+00
-4.290000e-02 4.928022e+00
-4.280000e-02 4.884346e+00
-4.270000e-02 4.844529e+00
-4.260000e-02 4.808908e+00
-4.250000e-02 4.777697e+00
-4.240000e-02 4.751009e+00
-4.230000e-02 4.728874e+00
-4.220000e-02 4.711260e+00
-4.210000e-02 4.698085e+00
-4.200000e-02 4.689228e+00
-4.190000e-02 4.684537e+00
-4.180000e-02 4.683840e+00
-4.170000e-02 4.686939e+00
-4.160000e-02 4.693620e+00
-4.150000e-02 4.703648e+00
-4.140000e-02 4.716767e+00
-4.130000e-02 4.732692e+00
-4.120000e-02 4.751109e+00
-4.110000e-02 4.771664e+00
-4.100000e-02 4.793958e+00
-4.090000e-02 4.817544e+00
-4.080000e-02 4.841919e+00
-4.070000e-02 4.866529e+00
-4.060000e-02 4.890779e+00
-4.050000e-02 4.914040e+00
-4.040000e-02 4.935686e+00
-4.030000e-02 4.955117e+00
-4.020000e-02 4.971806e+00
-4.010000e-02 4.985332e+00
-4.000000e-02 4.995416e+00
-3.990000e-02 5.001939e+00
-3.980000e-02 5.004950e+00
-3.970000e-02 5.004646e+00
-3.960000e-02 5.001341e+00
-3.950000e-02 4.995430e+00
-3.940000e-02 4.987339e+00
-3.930000e-02 4.977486e+00
-3.920000e-02 4.966250e+00
-3.910000e-02 4.953949e+00
-3.900000e-02 4.940825e+00
-3.890000e-02 4.927045e+00
-3.880000e-02 4.912703e+00
-3.870000e-02 4.897827e+00
-3.860000e-02 4.882368e+00
-3.850000e-02 4.866121e+00
-3.840000e-02 4.842640e+00
-3.830000e-02 4.820724e+00
-3.820000e-02 4.801287e+00
-3.810000e-02 4.782789e+00
-3.800000e-02 4.764893e+00
-3.790000e-02 4.747516e+00
-3.780000e-02 4.730701e+00
-3.770000e-02 4.714569e+00
-3.760000e-02 4.699306e+00
-3.750000e-02 4.685146e+00
-3.740000e-02 4.672367e+00
-3.730000e-02 4.661278e+00
-3.720000e-02 4.652215e+00
-3.710000e-02 4.645532e+00
-3.700000e-02 4.641595e+00
-3.690000e-02 4.640777e+00
-3.680000e-02 4.643452e+00
-3.670000e-02 4.649992e+00
-3.660000e-02 4.660755e+00
-3.650000e-02 4.676079e+00
-3.640000e-02 4.696264e+00
-3.630000e-02 4.721555e+00
-3.620000e-02 4.752105e+00
-3.610000e-02 4.787931e+00
-3.600000e-02 4.828859e+00
-3.590000e-02 4.874446e+00
-3.580000e-02 4.923898e+00
-3.570000e-02 4.975986e+00
-3.560000e-02 5.028987e+00
-3.550000e-02 5.080667e+00
-3.540000e-02 5.128351e+00
-3.530000e-02 5.169096e+00
-3.520000e-02 5.199980e+00
-3.510000e-02 5.218465e+00
-3.500000e-02 5.222765e+00
-3.490000e-02 5.212132e+00
-3.480000e-02 5.186969e+00
-3.470000e-02 5.148745e+00
-3.460000e-02 5.099743e+00
-3.450000e-02 5.042724e+00
-3.440000e-02 4.980573e+00
-3.430000e-02 4.916025e+00
-3.420000e-02 4.851477e+00
-3.410000e-02 4.788898e+00
-3.400000e-02 4.729810e+00
-3.390000e-02 4.675327e+00
-3.380000e-02 4.626205e+00
-3.370000e-02 4.582909e+00
-3.360000e-02 4.545675e+00
-3.350000e-02 4.514563e+00
-3.340000e-02 4.489496e+00
-3.330000e-02 4.470295e+00
-3.320000e-02 4.456704e+00
-3.310000e-02 4.448410e+00
-3.300000e-02 4.445051e+00
-3.290000e-02 4.446235e+00
-3.280000e-02 4.451542e+00
-3.270000e-02 4.460538e+00
-3.260000e-02 4.472781e+00
-3.250000e-02 4.487831e+00
-3.240000e-02 4.505260e+00
-3.230000e-02 4.524662e+00
-3.220000e-02 4.545664e+00
-3.210000e-02 4.567932e+00
-3.200000e-02 4.591180e+00
-3.190000e-02 4.615169e+00
-3.180000e-02 4.639706e+00
-3.170000e-02 4.664635e+00
-3.160000e-02 4.689815e+00
-3.150000e-02 4.715104e+00
-3.140000e-02 4.740324e+00
-3.130000e-02 4.765232e+00
-3.120000e-02 4.789493e+00
-3.110000e-02 4.812659e+00
-3.100000e-02 4.834166e+00
-3.090000e-02 4.853349e+00
-3.080000e-02 4.869486e+00
-3.070000e-02 4.881861e+00
-3.060000e-02 4.889833e+00
-3.050000e-02 4.892918e+00
-3.040000e-02 4.890852e+00
-3.030000e-02 4.883619e+00
-3.020000e-02 4.871461e+00
-3.010000e-02 4.854846e+00
-3.000000e-02 4.834415e+00
-2.990000e-02 4.810916e+00
-2.980000e-02 4.785140e+00
-2.970000e-02 4.757860e+00
-2.960000e-02 4.729793e+00
-2.950000e-02 4.701566e+00
-2.940000e-02 4.673707e+00
-2.930000e-02 4.646639e+00
-2.920000e-02 4.620690e+00
-2.910000e-02 4.596098e+00
-2.900000e-02 4.573030e+00
-2.890000e-02 4.551593e+00
-2.880000e-02 4.531847e+00
-2.870000e-02 4.513816e+00
-2.860000e-02 4.497502e+00
-2.850000e-02 4.482889e+00
-2.840000e-02 4.469948e+00
-2.830000e-02 4.458649e+00
-2.820000e-02 4.448957e+00
-2.810000e-02 4.440836e+00
-2.800000e-02 4.434254e+00
-2.790000e-02 4.429178e+00
-2.780000e-02 4.425580e+00
-2.770000e-02 4.423430e+00
-2.760000e-02 4.422704e+00
-2.750000e-02 4.423375e+00
-2.740000e-02 4.425420e+00
-2.730000e-02 4.428816e+00
-2.720000e-02 4.433543e+00
-2.710000e-02 4.439583e+00
-2.700000e-02 4.446921e+00
-2.690000e-02 4.455549e+00
-2.680000e-02 4.465464e+00
-2.670000e-02 4.476674e+00
-2.660000e-02 4.489196e+00
-2.650000e-02 4.503062e+00
-2.640000e-02 4.518318e+00
-2.630000e-02 4.535025e+00
-2.620000e-02 4.553258e+00
-2.610000e-02 4.573106e+00
-2.600000e-02 4.594667e+00
-2.590000e-02 4.618040e+00
-2.580000e-02 4.643314e+00
-2.570000e-02 4.670563e+00
-2.560000e-02 4.699823e+00
-2.550000e-02 4.731079e+00
-2.540000e-02 4.764251e+00
-2.530000e-02 4.799172e+00
-2.520000e-02 4.835582e+00
-2.510000e-02 4.873116e+00
-2.500000e-02 4.911306e+00
-2.490000e-02 4.949593e+00
-2.480000e-02 4.987344e+00
-2.470000e-02 5.023882e+00
-2.460000e-02 5.058523e+00
-2.450000e-02 5.090619e+00
-2.440000e-02 5.119596e+00
-2.430000e-02 5.144995e+00
-2.420000e-02 5.166501e+00
-2.410000e-02 5.183962e+00
-2.400000e-02 5.197393e+00
-2.390000e-02 5.206979e+00
-2.380000e-02 5.213048e+00
-2.370000e-02 5.216056e+00
-2.360000e-02 5.216554e+00
-2.350000e-02 5.215157e+00
-2.340000e-02 5.212518e+00
-2.330000e-02 5.209295e+00
-2.320000e-02 5.206132e+00
-2.310000e-02 5.203637e+00
-2.300000e-02 5.202372e+00
-2.290000e-02 5.202838e+00
-2.280000e-02 5.205471e+00
-2.270000e-02 5.210634e+00
-2.260000e-02 5.218617e+00
-2.250000e-02 5.229635e+00
-2.240000e-02 5.243821e+00
-2.230000e-02 5.261229e+00
-2.220000e-02 5.281829e+00
-2.210000e-02 5.305506e+00
-2.200000e-02 5.332056e+00
-2.190000e-02 5.361187e+00
-2.180000e-02 5.392519e+00
-2.170000e-02 5.425588e+00
-2.160000e-02 5.459857e+00
-2.150000e-02 5.494729e+00
-2.140000e-02 5.529572e+00
-2.130000e-02 5.563755e+00
-2.120000e-02 5.596683e+00
-2.110000e-02 5.627853e+00
-2.100000e-02 5.656911e+00
-2.090000e-02 5.683717e+00
-2.080000e-02 5.708403e+00
-2.070000e-02 5.731429e+00
-2.060000e-02 5.753624e+00
-2.050000e-02 5.776188e+00
-2.040000e-02 5.800641e+00
-2.030000e-02 5.828682e+00
-2.020000e-02 5.861900e+00
-2.010000e-02 5.901309e+00
-2.000000e-02 5.946723e+00
-1.990000e-02 5.996117e+00
-1.980000e-02 6.045370e+00
-1.970000e-02 6.088801e+00
-1.960000e-02 6.120660e+00
-1.950000e-02 6.136992e+00
-1.940000e-02 6.136874e+00
-1.930000e-02 6.122344e+00
-1.920000e-02 6.097304e+00
-1.910000e-02 6.066176e+00
-1.900000e-02 6.032915e+00
-1.890000e-02 6.000571e+00
-1.880000e-02 5.971243e+00
-1.870000e-02 5.946227e+00
-1.860000e-02 5.926224e+00
-1.850000e-02 5.911525e+00
-1.840000e-02 5.902154e+00
-1.830000e-02 5.897968e+00
-1.820000e-02 5.898726e+00
-1.810000e-02 5.904123e+00
-1.800000e-02 5.913815e+00
-1.790000e-02 5.927416e+00
-1.780000e-02 5.944496e+00
-1.770000e-02 5.964563e+00
-1.760000e-02 5.987035e+00
-1.750000e-02 6.011216e+00
-1.740000e-02 6.036266e+00
-1.730000e-02 6.061187e+00
-1.720000e-02 6.084820e+00
-1.710000e-02 6.105865e+00
-1.700000e-02 6.122940e+00
-1.690000e-02 6.134665e+00
-1.680000e-02 6.139776e+00
-1.670000e-02 6.137258e+00
-1.660000e-02 6.126465e+00
-1.650000e-02 6.107222e+00
-1.640000e-02 6.079869e+00
-1.630000e-02 6.045254e+00
-1.620000e-02 6.004665e+00
-1.610000e-02 5.959711e+00
-1.600000e-02 5.912182e+00
-1.590000e-02 5.863906e+00
-1.580000e-02 5.816618e+00
-1.570000e-02 5.771868e+00
-1.560000e-02 5.730961e+00
-1.550000e-02 5.694929e+00
-1.540000e-02 5.664532e+00
-1.530000e-02 5.640279e+00
-1.520000e-02 5.622458e+00
-1.510000e-02 5.611171e+00
-1.500000e-02 5.606372e+00
-1.490000e-02 5.607891e+00
-1.480000e-02 5.615468e+00
-1.470000e-02 5.628768e+00
-1.460000e-02 5.647397e+00
-1.450000e-02 5.670913e+00
-1.440000e-02 5.698832e+00
-1.430000e-02 5.730628e+00
-1.420000e-02 5.765734e+00
-1.410000e-02 5.803541e+00
-1.400000e-02 5.843387e+00
-1.390000e-02 5.884558e+00
-1.380000e-02 5.926277e+00
-1.370000e-02 5.967701e+00
-1.360000e-02 6.007917e+00
-1.350000e-02 6.045946e+00
-1.340000e-02 6.080745e+00
-1.330000e-02 6.111232e+00
-1.320000e-02 6.136314e+00
-1.310000e-02 6.154931e+00
-1.300000e-02 6.166115e+00
-1.290000e-02 6.169061e+00
-1.280000e-02 6.163199e+00
-1.270000e-02 6.148265e+00
-1.260000e-02 6.124343e+00
-1.250000e-02 6.091895e+00
-1.240000e-02 6.051735e+00
-1.230000e-02 6.004982e+00
-1.220000e-02 5.952971e+00
-1.210000e-02 5.897155e+00
-1.200000e-02 5.838996e+00
-1.190000e-02 5.779883e+00
-1.180000e-02 5.721054e+00
-1.170000e-02 5.663557e+00
-1.160000e-02 5.608236e+00
-1.150000e-02 5.555726e+00
-1.140000e-02 5.506481e+00
-1.130000e-02 5.460793e+00
-1.120000e-02 5.418826e+00
-1.110000e-02 5.380647e+00
-1.100000e-02 5.346247e+00
-1.090000e-02 5.315571e+00
-1.080000e-02 5.288531e+00
-1.070000e-02 5.265026e+00
-1.060000e-02 5.244949e+00
-1.050000e-02 5.228198e+00
-1.040000e-02 5.214680e+00
-1.030000e-02 5.204316e+00
-1.020000e-02 5.197043e+00
-1.010000e-02 5.192816e+00
-1.000000e-02 5.191605e+00
-9.900000e-03 5.193398e+00
-9.800000e-03 5.198193e+00
-9.700000e-03 5.205995e+00
-9.600000e-03 5.216809e+00
-9.500000e-03 5.230626e+00
-9.400000e-03 5.247412e+00
-9.300000e-03 5.267084e+00
-9.200000e-03 5.289487e+00
-9.100000e-03 5.314360e+00
-9.000000e-03 5.341309e+00
-8.900000e-03 5.369771e+00
-8.800000e-03 5.398999e+00
-8.700000e-03 5.428054e+00
-8.600000e-03 5.455845e+00
-8.500000e-03 5.481197e+00
-8.400000e-03 5.502965e+00
-8.300000e-03 5.520174e+00
-8.200000e-03 5.532158e+00
-8.100000e-03 5.538665e+00
-8.000000e-03 5.539887e+00
-7.900000e-03 5.536427e+00
-7.800000e-03 5.529196e+00
-7.700000e-03 5.519274e+00
-7.600000e-03 5.507780e+00
-7.500000e-03 5.495763e+00
-7.400000e-03 5.484136e+00
-7.300000e-03 5.473643e+00
-7.200000e-03 5.464860e+00
-7.100000e-03 5.458212e+00
-7.000000e-03 5.454004e+00
-6.900000e-03 5.452446e+00
-6.800000e-03 5.453682e+00
-6.700000e-03 5.457815e+00
-6.600000e-03 5.464924e+00
-6.500000e-03 5.475076e+00
-6.400000e-03 5.488336e+00
-6.300000e-03 5.504774e+00
-6.200000e-03 5.524461e+00
-6.100000e-03 5.547472e+00
-6.000000e-03 5.573876e+00
-5.900000e-03 5.603725e+00
-5.800000e-03 5.637036e+00
-5.700000e-03 5.673766e+00
-5.600000e-03 5.713777e+00
-5.500000e-03 5.756790e+00
-5.400000e-03 5.802328e+00
-5.300000e-03 5.849639e+00
-5.200000e-03 5.897615e+00
-5.100000e-03 5.944712e+00
-5.000000e-03 5.988878e+00
-4.900000e-03 6.027534e+00
-4.800000e-03 6.057648e+00
-4.700000e-03 6.075932e+00
-4.600000e-03 6.079220e+00
-4.500000e-03 6.064980e+00
-4.400000e-03 6.031890e+00
-4.300000e-03 5.980306e+00
-4.200000e-03 5.912433e+00
-4.100000e-03 5.832093e+00
-4.000000e-03 5.744125e+00
-3.900000e-03 5.653602e+00
-3.800000e-03 5.565114e+00
-3.700000e-03 5.482272e+00
-3.600000e-03 5.407516e+00
-3.500000e-03 5.342161e+00
-3.400000e-03 5.286590e+00
-3.300000e-03 5.240507e+00
-3.200000e-03 5.203167e+00
-3.100000e-03 5.173580e+00
-3.000000e-03 5.150642e+00
-2.900000e-03 5.133242e+00
-2.800000e-03 5.120313e+00
-2.700000e-03 5.110873e+00
-2.600000e-03 5.104035e+00
-2.500000e-03 5.099017e+00
-2.400000e-03 5.095141e+00
-2.300000e-03 5.091827e+00
-2.200000e-03 5.088592e+00
-2.100000e-03 5.085038e+00
-2.000000e-03 5.080851e+00
-1.900000e-03 5.075793e+00
-1.800000e-03 5.069693e+00
-1.700000e-03 5.062446e+00
-1.600000e-03 5.054002e+00
-1.500000e-03 5.044360e+00
-1.400000e-03 5.033565e+00
-1.300000e-03 5.021700e+00
-1.200000e-03 5.008878e+00
-1.100000e-03 4.995239e+00
-1.000000e-03 4.980943e+00
-9.000000e-04 4.966166e+00
-8.000000e-04 4.951095e+00
-7.000000e-04 4.935920e+00
-6.000000e-04 4.920839e+00
-5.000000e-04 4.906044e+00
-4.000000e-04 4.891728e+00
-3.000000e-04 4.878077e+00
-2.000000e-04 4.865271e+00
-1.000000e-04 4.853482e+00
1.429412e-15 4.842871e+00
1.000000e-04 4.833592e+00
2.000000e-04 4.825788e+00
3.000000e-04 4.819592e+00
4.000000e-04 4.815125e+00
5.000000e-04 4.812501e+00
6.000000e-04 4.811823e+00
7.000000e-04 4.813182e+00
8.000000e-04 4.816663e+00
9.000000e-04 4.822338e+00
1.000000e-03 4.830271e+00
1.100000e-03 4.840513e+00
1.200000e-03 4.853108e+00
1.300000e-03 4.868084e+00
1.400000e-03 4.885458e+00
1.500000e-03 4.905232e+00
1.600000e-03 4.927391e+00
1.700000e-03 4.951900e+00
1.800000e-03 4.978699e+00
1.900000e-03 5.007703e+00
2.000000e-03 5.038791e+00
2.100000e-03 5.071806e+00
2.200000e-03 5.106544e+00
2.300000e-03 5.142748e+00
2.400000e-03 5.180105e+00
2.500000e-03 5.218237e+00
2.600000e-03 5.256699e+00
2.700000e-03 5.294982e+00
2.800000e-03 5.332512e+00
2.900000e-03 5.368671e+00
3.000000e-03 5.402805e+00
3.100000e-03 5.434256e+00
3.200000e-03 5.462383e+00
3.300000e-03 5.486599e+00
3.400000e-03 5.506394e+00
3.500000e-03 5.521362e+00
3.600000e-03 5.531222e+00
3.700000e-03 5.535815e+00
3.800000e-03 5.535113e+00
3.900000e-03 5.529199e+00
4.000000e-03 5.518249e+00
4.100000e-03 5.502514e+00
4.200000e-03 5.482292e+00
4.300000e-03 5.457906e+00
4.400000e-03 5.429690e+00
4.500000e-03 5.397977e+00
4.600000e-03 5.363095e+00
4.700000e-03 5.325364e+00
4.800000e-03 5.285108e+00
4.900000e-03 5.242658e+00
5.000000e-03 5.198364e+00
5.100000e-03 5.152598e+00
5.200000e-03 5.105759e+00
5.300000e-03 5.058268e+00
5.400000e-03 5.010563e+00
5.500000e-03 4.963087e+00
5.600000e-03 4.916270e+00
5.700000e-03 4.870519e+00
5.800000e-03 4.826201e+00
5.900000e-03 4.783630e+00
6.000000e-03 4.743065e+00
6.100000e-03 4.704697e+00
6.200000e-03 4.668659e+00
6.300000e-03 4.635020e+00
6.400000e-03 4.603800e+00
6.500000e-03 4.574971e+00
6.600000e-03 4.548467e+00
6.700000e-03 4.524197e+00
6.800000e-03 4.502048e+00
6.900000e-03 4.481892e+00
7.000000e-03 4.463600e+00
7.100000e-03 4.447039e+00
7.200000e-03 4.432079e+00
7.300000e-03 4.418600e+00
7.400000e-03 4.406491e+00
7.500000e-03 4.395651e+00
7.600000e-03 4.385993e+00
7.700000e-03 4.377443e+00
7.800000e-03 4.369940e+00
7.900000e-03 4.363439e+00
8.000000e-03 4.357904e+00
8.100000e-03 4.353314e+00
8.200000e-03 4.349660e+00
8.300000e-03 4.346943e+00
8.400000e-03 4.345175e+00
8.500000e-03 4.344379e+00
8.600000e-03 4.344585e+00
8.700000e-03 4.345833e+00
8.800000e-03 4.348171e+00
8.900000e-03 4.351654e+00
9.000000e-03 4.356344e+00
9.100000e-03 4.362310e+00
9.200000e-03 4.369628e+00
9.300000e-03 4.378379e+00
9.400000e-03 4.388652e+00
9.500000e-03 4.400538e+00
9.600000e-03 4.414137e+00
9.700000e-03 4.429549e+00
9.800000e-03 4.446882e+00
9.900000e-03 4.466244e+00
1.000000e-02 4.487742e+00
1.010000e-02 4.511484e+00
1.020000e-02 4.537574e+00
1.030000e-02 4.566106e+00
1.040000e-02 4.597165e+00
1.050000e-02 4.630818e+00
1.060000e-02 4.667109e+00
1.070000e-02 4.706056e+00
1.080000e-02 4.747644e+00
1.090000e-02 4.791819e+00
1.100000e-02 4.838485e+00
1.110000e-02 4.887504e+00
1.120000e-02 4.938694e+00
1.130000e-02 4.991835e+00
1.140000e-02 5.046676e+00
1.150000e-02 5.102948e+00
1.160000e-02 5.160369e+00
1.170000e-02 5.218666e+00
1.180000e-02 5.277577e+00
1.190000e-02 5.336871e+00
1.200000e-02 5.396345e+00
1.210000e-02 5.455829e+00
1.220000e-02 5.515187e+00
1.230000e-02 5.574307e+00
1.240000e-02 5.633094e+00
1.250000e-02 5.691466e+00
1.260000e-02 5.749342e+00
1.270000e-02 5.806636e+00
1.280000e-02 5.863256e+00
1.290000e-02 5.919099e+00
1.300000e-02 5.974054e+00
1.310000e-02 6.028000e+00
1.320000e-02 6.080813e+00
1.330000e-02 6.132364e+00
1.340000e-02 6.182520e+00
1.350000e-02 6.231138e+00
1.360000e-02 6.278053e+00
1.370000e-02 6.323064e+00
1.380000e-02 6.365909e+00
1.390000e-02 6.406238e+00
1.400000e-02 6.443587e+00
1.410000e-02 6.477354e+00
1.420000e-02 6.506793e+00
1.430000e-02 6.531028e+00
1.440000e-02 6.549100e+00
1.450000e-02 6.560051e+00
1.460000e-02 6.563024e+00
1.470000e-02 6.557396e+00
1.480000e-02 6.542878e+00
1.490000e-02 6.519605e+00
1.500000e-02 6.488148e+00
1.510000e-02 6.449482e+00
1.520000e-02 6.404890e+00
1.530000e-02 6.355837e+00
1.540000e-02 6.303835e+00
1.550000e-02 6.250319e+00
1.560000e-02 6.196550e+00
1.570000e-02 6.143555e+00
1.580000e-02 6.092098e+00
1.590000e-02 6.042675e+00
1.600000e-02 5.995530e+00
1.610000e-02 5.950682e+00
1.620000e-02 5.907963e+00
1.630000e-02 5.867049e+00
1.640000e-02 5.827502e+00
1.650000e-02 5.788805e+00
1.660000e-02 5.750398e+00
1.670000e-02 5.711713e+00
1.680000e-02 5.672208e+00
1.690000e-02 5.631393e+00
1.700000e-02 5.588861e+00
1.710000e-02 5.544307e+00
1.720000e-02 5.497545e+00
1.730000e-02 5.448518e+00
1.740000e-02 5.397301e+00
1.750000e-02 5.344092e+00
1.760000e-02 5.289206e+00
1.770000e-02 5.233056e+00
1.780000e-02 5.176130e+00
1.790000e-02 5.118976e+00
1.800000e-02 5.062171e+00
1.810000e-02 5.006306e+00
1.820000e-02 4.951966e+00
1.830000e-02 4.899716e+00
1.840000e-02 4.850091e+00
1.850000e-02 4.803586e+00
1.860000e-02 4.760659e+00
1.870000e-02 4.721722e+00
1.880000e-02 4.687151e+00
1.890000e-02 4.657282e+00
1.900000e-02 4.632421e+00
1.910000e-02 4.612842e+00
1.920000e-02 4.598795e+00
1.930000e-02 4.590505e+00
1.940000e-02 4.588172e+00
1.950000e-02 4.591973e+00
1.960000e-02 4.602051e+00
1.970000e-02 4.618512e+00
1.980000e-02 4.641408e+00
1.990000e-02 4.670723e+00
2.000000e-02 4.706353e+00
2.010000e-02 4.748076e+00
2.020000e-02 4.795530e+00
2.030000e-02 4.848180e+00
2.040000e-02 4.905291e+00
2.050000e-02 4.965912e+00
2.060000e-02 5.028869e+00
2.070000e-02 5.092779e+00
2.080000e-02 5.156090e+00
2.090000e-02 5.217152e+00
2.100000e-02 5.274310e+00
2.110000e-02 5.326020e+00
2.120000e-02 5.370974e+00
2.130000e-02 5.408203e+00
2.140000e-02 5.437160e+00
2.150000e-02 5.457758e+00
2.160000e-02 5.470353e+00
2.170000e-02 5.475689e+00
2.180000e-02 5.474808e+00
2.190000e-02 5.468945e+00
2.200000e-02 5.459421e+00
2.210000e-02 5.447544e+00
2.220000e-02 5.434542e+00
2.230000e-02 5.421509e+00
2.240000e-02 5.409372e+00
2.250000e-02 5.398883e+00
2.260000e-02 5.390617e+00
2.270000e-02 5.384987e+00
2.280000e-02 5.382251e+00
2.290000e-02 5.382538e+00
2.300000e-02 5.385859e+00
2.310000e-02 5.392127e+00
2.320000e-02 5.401172e+00
2.330000e-02 5.412759e+00
2.340000e-02 5.426599e+00
2.350000e-02 5.442364e+00
2.360000e-02 5.459706e+00
2.370000e-02 5.478267e+00
2.380000e-02 5.497694e+00
2.390000e-02 5.517657e+00
2.400000e-02 5.537856e+00
2.410000e-02 5.558042e+00
2.420000e-02 5.578015e+00
2.430000e-02 5.597638e+00
2.440000e-02 5.616836e+00
2.450000e-02 5.635590e+00
2.460000e-02 5.653938e+00
2.470000e-02 5.671961e+00
2.480000e-02 5.689772e+00
2.490000e-02 5.707507e+00
2.500000e-02 5.725306e+00
2.510000e-02 5.743306e+00
2.520000e-02 5.761627e+00
2.530000e-02 5.780366e+00
2.540000e-02 5.799588e+00
2.550000e-02 5.819324e+00
2.560000e-02 5.839566e+00
2.570000e-02 5.860269e+00
2.580000e-02 5.881354e+00
2.590000e-02 5.902708e+00
2.600000e-02 5.924188e+00
2.610000e-02 5.945629e+00
2.620000e-02 5.966848e+00
2.630000e-02 5.987650e+00
2.640000e-02 6.007834e+00
2.650000e-02 6.027201e+00
2.660000e-02 6.045559e+00
2.670000e-02 6.062731e+00
2.680000e-02 6.078560e+00
2.690000e-02 6.092914e+00
2.700000e-02 6.105691e+00
2.710000e-02 6.116826e+00
2.720000e-02 6.126286e+00
2.730000e-02 6.134081e+00
2.740000e-02 6.140256e+00
2.750000e-02 6.144897e+00
2.760000e-02 6.148124e+00
2.770000e-02 6.150091e+00
2.780000e-02 6.150982e+00
2.790000e-02 6.151002e+00
2.800000e-02 6.150379e+00
2.810000e-02 6.149353e+00
2.820000e-02 6.148172e+00
2.830000e-02 6.147089e+00
2.840000e-02 6.146353e+00
2.850000e-02 6.146205e+00
2.860000e-02 6.146877e+00
2.870000e-02 6.148583e+00
2.880000e-02 6.151518e+00
2.890000e-02 6.155857e+00
2.900000e-02 6.161747e+00
2.910000e-02 6.169309e+00
2.920000e-02 6.178634e+00
2.930000e-02 6.189781e+00
2.940000e-02 6.202774e+00
2.950000e-02 6.217601e+00
2.960000e-02 6.234214e+00
2.970000e-02 6.252524e+00
2.980000e-02 6.272400e+00
2.990000e-02 6.293672e+00
3.000000e-02 6.316127e+00
3.010000e-02 6.339513e+00
3.020000e-02 6.363539e+00
3.030000e-02 6.387881e+00
3.040000e-02 6.412187e+00
3.050000e-02 6.436085e+00
3.060000e-02 6.459195e+00
3.070000e-02 6.481137e+00
3.080000e-02 6.501550e+00
3.090000e-02 6.520100e+00
3.100000e-02 6.536500e+00
3.110000e-02 6.550519e+00
3.120000e-02 6.561997e+00
3.130000e-02 6.570851e+00
3.140000e-02 6.577080e+00
3.150000e-02 6.580766e+00
3.160000e-02 6.582070e+00
3.170000e-02 6.581222e+00
3.180000e-02 6.578514e+00
3.190000e-02 6.574278e+00
3.200000e-02 6.568878e+00
3.210000e-02 6.562685e+00
3.220000e-02 6.556065e+00
3.230000e-02 6.549355e+00
3.240000e-02 6.542856e+00
3.250000e-02 6.536808e+00
3.260000e-02 6.531386e+00
3.270000e-02 6.526683e+00
3.280000e-02 6.522705e+00
3.290000e-02 6.519365e+00
3.300000e-02 6.516478e+00
3.310000e-02 6.513768e+00
3.320000e-02 6.510872e+00
3.330000e-02 6.507352e+00
3.340000e-02 6.502719e+00
3.350000e-02 6.496450e+00
3.360000e-02 6.488026e+00
3.370000e-02 6.476962e+00
3.380000e-02 6.462848e+00
3.390000e-02 6.445378e+00
3.400000e-02 6.424388e+00
3.410000e-02 6.399871e+00
3.420000e-02 6.371995e+00
3.430000e-02 6.341100e+00
3.440000e-02 6.307684e+00
3.450000e-02 6.272381e+00
3.460000e-02 6.235925e+00
3.470000e-02 6.199115e+00
3.480000e-02 6.162771e+00
3.490000e-02 6.127700e+00
3.500000e-02 6.094659e+00
3.510000e-02 6.064335e+00
3.520000e-02 6.037319e+00
3.530000e-02 6.014105e+00
3.540000e-02 5.995081e+00
3.550000e-02 5.980536e+00
3.560000e-02 5.970661e+00
3.570000e-02 5.965559e+00
3.580000e-02 5.965251e+00
3.590000e-02 5.969686e+00
3.600000e-02 5.978738e+00
3.610000e-02 5.992219e+00
3.620000e-02 6.009875e+00
3.630000e-02 6.031390e+00
3.640000e-02 6.056390e+00
3.650000e-02 6.084446e+00
3.660000e-02 6.115078e+00
3.670000e-02 6.147768e+00
3.680000e-02 6.181965e+00
3.690000e-02 6.217105e+00
3.700000e-02 6.252621e+00
3.710000e-02 6.287962e+00
3.720000e-02 6.322610e+00
3.730000e-02 6.356094e+00
3.740000e-02 6.387999e+00
3.750000e-02 6.417980e+00
3.760000e-02 6.445760e+00
3.770000e-02 6.471130e+00
3.780000e-02 6.493945e+00
3.790000e-02 6.514110e+00
3.800000e-02 6.531570e+00
3.810000e-02 6.546286e+00
3.820000e-02 6.558198e+00
3.830000e-02 6.567130e+00
3.840000e-02 6.572137e+00
3.850000e-02 6.582365e+00
3.860000e-02 6.591185e+00
3.870000e-02 6.596509e+00
3.880000e-02 6.598950e+00
3.890000e-02 6.598754e+00
3.900000e-02 6.596067e+00
3.910000e-02 6.590994e+00
3.920000e-02 6.583616e+00
3.930000e-02 6.573995e+00
3.940000e-02 6.562180e+00
3.950000e-02 6.548207e+00
3.960000e-02 6.532106e+00
3.970000e-02 6.513904e+00
3.980000e-02 6.493630e+00
3.990000e-02 6.471328e+00
4.000000e-02 6.447062e+00
4.010000e-02 6.420929e+00
4.020000e-02 6.393065e+00
4.030000e-02 6.363655e+00
4.040000e-02 6.332934e+00
4.050000e-02 6.301181e+00
4.060000e-02 6.268720e+00
4.070000e-02 6.235900e+00
4.080000e-02 6.203083e+00
4.090000e-02 6.170629e+00
4.100000e-02 6.138871e+00
4.110000e-02 6.108102e+00
4.120000e-02 6.078559e+00
4.130000e-02 6.050412e+00
4.140000e-02 6.023751e+00
4.150000e-02 5.998589e+00
4.160000e-02 5.974856e+00
4.170000e-02 5.952402e+00
4.180000e-02 5.931005e+00
4.190000e-02 5.910373e+00
4.200000e-02 5.890162e+00
4.210000e-02 5.869980e+00
4.220000e-02 5.849405e+00
4.230000e-02 5.828001e+00
4.240000e-02 5.805331e+00
4.250000e-02 5.780981e+00
4.260000e-02 5.754574e+00
4.270000e-02 5.725790e+00
4.280000e-02 5.694381e+00
4.290000e-02 5.660184e+00
4.300000e-02 5.623129e+00
4.310000e-02 5.583245e+00
4.320000e-02 5.540656e+00
4.330000e-02 5.495576e+00
4.340000e-02 5.448299e+00
4.350000e-02 5.399180e+00
4.360000e-02 5.348622e+00
4.370000e-02 5.297050e+00
4.380000e-02 5.244902e+00
4.390000e-02 5.192604e+00
4.400000e-02 5.140557e+00
4.410000e-02 5.089126e+00
4.420000e-02 5.038632e+00
4.430000e-02 4.989342e+00
4.440000e-02 4.941471e+00
4.450000e-02 4.895182e+00
4.460000e-02 4.850585e+00
4.470000e-02 4.807746e+00
4.480000e-02 4.766692e+00
4.490000e-02 4.727414e+00
4.500000e-02 4.689883e+00
4.510000e-02 4.654049e+00
4.520000e-02 4.619853e+00
4.530000e-02 4.587234e+00
4.540000e-02 4.556133e+00
4.550000e-02 4.526499e+00
4.560000e-02 4.498292e+00
4.570000e-02 4.471486e+00
4.580000e-02 4.446069e+00
4.590000e-02 4.422046e+00
4.600000e-02 4.399433e+00
4.610000e-02 4.378262e+00
4.620000e-02 4.358575e+00
4.630000e-02 4.340421e+00
4.640000e-02 4.323858e+00
4.650000e-02 4.308946e+00
4.660000e-02 4.295746e+00
4.670000e-02 4.284320e+00
4.680000e-02 4.274727e+00
4.690000e-02 4.267021e+00
4.700000e-02 4.261249e+00
4.710000e-02 4.257451e+00
4.720000e-02 4.255658e+00
4.730000e-02 4.255887e+00
4.740000e-02 4.258144e+00
4.750000e-02 4.262417e+00
4.760000e-02 4.268678e+00
4.770000e-02 4.276877e+00
4.780000e-02 4.286943e+00
4.790000e-02 4.298778e+00
4.800000e-02 4.312256e+00
4.810000e-02 4.327225e+00
4.820000e-02 4.343501e+00
4.830000e-02 4.360871e+00
4.840000e-02 4.379096e+00
4.850000e-02 4.397916e+00
4.860000e-02 4.417052e+00
4.870000e-02 4.436221e+00
4.880000e-02 4.455145e+00
4.890000e-02 4.473561e+00
4.900000e-02 4.491243e+00
4.910000e-02 4.508005e+00
4.920000e-02 4.523726e+00
4.930000e-02 4.538348e+00
4.940000e-02 4.551889e+00
4.950000e-02 4.564441e+00
4.960000e-02 4.576165e+00
4.970000e-02 4.587281e+00
4.980000e-02 4.598055e+00
4.990000e-02 4.608779e+00
