0.000000e+00 2.458439e+01
6.000000e-02 2.440672e+01
1.200000e-01 2.408374e+01
1.800000e-01 2.364387e+01
2.400000e-01 2.307606e+01
3.000000e-01 2.256633e+01
3.600000e-01 2.214517e+01
4.200000e-01 2.175954e+01
4.800000e-01 2.128069e+01
5.400000e-01 2.050949e+01
6.000000e-01 1.977151e+01
6.600000e-01 1.945891e+01
7.200000e-01 1.915828e+01
7.800000e-01 1.866410e+01
8.400000e-01 1.794375e+01
9.000000e-01 1.710114e+01
9.600000e-01 1.649129e+01
1.020000e+00 1.597321e+01
1.080000e+00 1.493043e+01
1.140000e+00 1.366977e+01
1.200000e+00 1.271999e+01
1.260000e+00 1.205660e+01
1.320000e+00 1.137083e+01
1.380000e+00 1.076519e+01
1.440000e+00 1.020404e+01
1.500000e+00 9.727324e+00
1.560000e+00 9.393745e+00
1.620000e+00 9.294785e+00
1.680000e+00 8.825842e+00
1.740000e+00 8.134307e+00
1.800000e+00 7.564762e+00
1.860000e+00 7.282866e+00
1.920000e+00 6.990625e+00
1.980000e+00 5.912540e+00
2.040000e+00 6.854228e+00
2.100000e+00 6.695679e+00
2.160000e+00 7.345624e+00
2.220000e+00 6.893089e+00
2.280000e+00 6.390752e+00
2.340000e+00 6.156711e+00
2.400000e+00 6.343989e+00
2.460000e+00 5.915338e+00
2.520000e+00 6.250139e+00
2.580000e+00 4.804645e+00
2.640000e+00 3.908185e+00
2.700000e+00 4.405245e+00
2.760000e+00 4.109102e+00
2.820000e+00 3.593803e+00
2.880000e+00 4.148810e+00
2.940000e+00 3.521170e+00
3.000000e+00 4.163745e+00
3.060000e+00 3.378581e+00
3.120000e+00 3.116550e+00
3.180000e+00 2.491447e+00
3.240000e+00 2.423256e+00
3.300000e+00 1.972938e+00
3.360000e+00 3.235832e+00
3.420000e+00 1.336097e+00
3.480000e+00 3.023088e+00
3.540000e+00 2.753677e+00
3.600000e+00 2.119678e+00
3.660000e+00 2.384355e+00
3.720000e+00 1.217205e+00
3.780000e+00 1.167314e+00
3.840000e+00 1.470630e+00
3.900000e+00 4.891527e-01
3.960000e+00 2.258796e+00
4.020000e+00 5.417361e-01
4.080000e+00 9.034313e-01
4.140000e+00 8.252256e-01
4.200000e+00 6.216711e-01
4.260000e+00 1.453440e+00
4.320000e+00 1.879250e+00
4.380000e+00 4.849808e-01
4.440000e+00 5.162149e-01
4.500000e+00 1.143325e+00
4.560000e+00 4.807693e-01
4.620000e+00 1.503930e+00
4.680000e+00 7.207301e-02
4.740000e+00 1.903486e+00
4.800000e+00 8.445210e-01
4.860000e+00 1.303251e+00
4.920000e+00 7.734169e-01
4.980000e+00 2.151509e-01
5.040000e+00 1.182700e+00
5.100000e+00 7.780742e-01
5.160000e+00 2.786529e-02
5.220000e+00 6.384717e-02
5.280000e+00 8.246368e-01
5.340000e+00 1.028081e+00
5.400000e+00 1.511688e-01
5.460000e+00 8.033938e-01
5.520000e+00 3.111788e-03
5.580000e+00 3.496672e-02
5.640000e+00 4.741852e-04
5.700000e+00 2.726978e-03
5.760000e+00 2.489461e-03
5.820000e+00 1.570273e-01
5.880000e+00 3.404704e-01
5.940000e+00 6.784300e-02
