0.000000e+00 2.458439e+01
6.000000e-02 2.445695e+01
1.200000e-01 2.413206e+01
1.800000e-01 2.357204e+01
2.400000e-01 2.290303e+01
3.000000e-01 2.226531e+01
3.600000e-01 2.164084e+01
4.200000e-01 2.095983e+01
4.800000e-01 2.019437e+01
5.400000e-01 1.937644e+01
6.000000e-01 1.857752e+01
6.600000e-01 1.780029e+01
7.200000e-01 1.707113e+01
7.800000e-01 1.647137e+01
8.400000e-01 1.586181e+01
9.000000e-01 1.514653e+01
9.600000e-01 1.435658e+01
1.020000e+00 1.346675e+01
1.080000e+00 1.257701e+01
1.140000e+00 1.196486e+01
1.200000e+00 1.168070e+01
1.260000e+00 1.160537e+01
1.320000e+00 1.156391e+01
1.380000e+00 1.105981e+01
1.440000e+00 1.059205e+01
1.500000e+00 1.045292e+01
1.560000e+00 1.048025e+01
1.620000e+00 9.800768e+00
1.680000e+00 9.165998e+00
1.740000e+00 9.567296e+00
1.800000e+00 9.684353e+00
1.860000e+00 8.277975e+00
1.920000e+00 7.798058e+00
1.980000e+00 7.053289e+00
2.040000e+00 6.483270e+00
2.100000e+00 6.030960e+00
2.160000e+00 6.403376e+00
2.220000e+00 5.616949e+00
2.280000e+00 6.143630e+00
2.340000e+00 6.802930e+00
2.400000e+00 6.148877e+00
2.460000e+00 5.753310e+00
2.520000e+00 6.139727e+00
2.580000e+00 4.221815e+00
2.640000e+00 4.702261e+00
2.700000e+00 3.799999e+00
2.760000e+00 3.806830e+00
2.820000e+00 3.548428e+00
2.880000e+00 4.055015e+00
2.940000e+00 4.257093e+00
3.000000e+00 4.148843e+00
3.060000e+00 3.638080e+00
3.120000e+00 3.115160e+00
3.180000e+00 2.913629e+00
3.240000e+00 1.974921e+00
3.300000e+00 3.061091e+00
3.360000e+00 1.807624e+00
3.420000e+00 2.186722e+00
3.480000e+00 8.911454e-01
3.540000e+00 1.701392e+00
3.600000e+00 1.747330e+00
3.660000e+00 2.162317e+00
3.720000e+00 1.062676e+00
3.780000e+00 1.512149e+00
3.840000e+00 1.801918e+00
3.900000e+00 2.852533e+00
3.960000e+00 1.639959e+00
4.020000e+00 1.763885e+00
4.080000e+00 1.428068e+00
4.140000e+00 8.161745e-01
4.200000e+00 5.593342e-01
4.260000e+00 1.285836e+00
4.320000e+00 1.202939e-01
4.380000e+00 1.024320e-02
4.440000e+00 2.486792e-02
4.500000e+00 9.780768e-01
4.560000e+00 4.438815e-01
4.620000e+00 1.144555e-01
4.680000e+00 4.440130e-02
4.740000e+00 4.180487e-02
4.800000e+00 2.772351e-01
4.860000e+00 4.668813e-01
4.920000e+00 1.201870e+00
4.980000e+00 1.279427e+00
5.040000e+00 2.613063e-02
5.100000e+00 7.591066e-02
5.160000e+00 4.268094e-02
5.220000e+00 1.727949e-01
5.280000e+00 3.814724e-03
5.340000e+00 4.194820e-01
5.400000e+00 2.956438e-03
5.460000e+00 4.318914e-04
5.520000e+00 8.514062e-04
5.580000e+00 4.231399e-02
5.640000e+00 1.825327e-03
5.700000e+00 3.074705e-02
5.760000e+00 3.456474e-03
5.820000e+00 3.080532e-02
5.880000e+00 7.869327e-01
5.940000e+00 3.257161e-01
