0.000000e+00 3.751061e+00
5.000000e-02 3.780983e+00
1.000000e-01 3.744256e+00
1.500000e-01 3.612032e+00
2.000000e-01 3.389592e+00
2.500000e-01 3.151002e+00
3.000000e-01 2.983488e+00
3.500000e-01 2.887517e+00
4.000000e-01 2.799295e+00
4.500000e-01 2.681077e+00
5.000000e-01 2.572874e+00
5.500000e-01 2.561554e+00
6.000000e-01 2.599733e+00
6.500000e-01 2.745885e+00
7.000000e-01 3.233422e+00
7.500000e-01 3.127793e+00
8.000000e-01 2.042082e+00
8.500000e-01 2.656083e+00
9.000000e-01 1.746941e+00
9.500000e-01 2.069709e+00
1.000000e+00 1.605206e+00
1.050000e+00 2.278402e+00
1.100000e+00 1.592559e+00
1.150000e+00 1.807609e+00
1.200000e+00 2.337470e+00
1.250000e+00 2.351140e+00
1.300000e+00 2.383160e+00
1.350000e+00 1.988219e+00
1.400000e+00 2.167914e+00
1.450000e+00 1.504670e+00
1.500000e+00 1.700913e+00
1.550000e+00 1.615819e+00
1.600000e+00 2.247073e+00
1.650000e+00 1.668174e+00
1.700000e+00 1.539310e+00
1.750000e+00 1.284609e+00
1.800000e+00 1.990952e+00
1.850000e+00 1.598501e+00
1.900000e+00 2.466360e+00
1.950000e+00 1.973172e+00
2.000000e+00 1.962005e+00
2.050000e+00 1.907604e+00
2.100000e+00 8.419553e-01
2.150000e+00 7.203338e-01
2.200000e+00 7.943103e-01
2.250000e+00 6.776323e-01
2.300000e+00 1.219118e+00
2.350000e+00 6.266076e-01
2.400000e+00 7.438743e-01
2.450000e+00 1.037667e+00
2.500000e+00 1.777756e+00
2.550000e+00 1.849906e+00
2.600000e+00 1.019161e+00
2.650000e+00 1.994543e+00
2.700000e+00 1.602698e+00
2.750000e+00 1.524897e+00
2.800000e+00 1.656252e+00
2.850000e+00 1.629547e+00
2.900000e+00 1.469684e+00
2.950000e+00 1.246098e+00
3.000000e+00 1.037347e+00
3.050000e+00 1.004201e+00
3.100000e+00 1.495440e+00
3.150000e+00 1.725949e+00
3.200000e+00 1.413764e+00
3.250000e+00 1.108435e+00
3.300000e+00 8.988634e-01
3.350000e+00 7.953167e-01
3.400000e+00 8.601706e-01
3.450000e+00 1.718210e+00
3.500000e+00 1.174163e+00
3.550000e+00 1.560890e+00
3.600000e+00 1.826287e+00
3.650000e+00 1.215074e+00
3.700000e+00 1.204196e+00
3.750000e+00 2.017228e+00
3.800000e+00 8.289388e-01
3.850000e+00 1.492510e+00
3.900000e+00 1.262823e+00
3.950000e+00 7.727015e-01
4.000000e+00 1.341313e+00
4.050000e+00 2.368939e-01
4.100000e+00 1.834278e+00
4.150000e+00 9.774565e-01
4.200000e+00 1.534365e+00
4.250000e+00 4.684209e-01
4.300000e+00 1.933399e-01
4.350000e+00 5.329608e-01
4.400000e+00 1.315893e-01
4.450000e+00 7.072784e-02
4.500000e+00 4.643336e-01
4.550000e+00 2.370459e-01
4.600000e+00 1.741377e+00
4.650000e+00 5.586514e-02
4.700000e+00 1.275495e+00
4.750000e+00 6.339773e-01
4.800000e+00 4.673750e-01
4.850000e+00 3.492018e-01
4.900000e+00 3.831276e-02
4.950000e+00 3.308019e-02
