0.000000e+00 3.751061e+00
3.000000e-02 3.690339e+00
6.000000e-02 3.588722e+00
9.000000e-02 3.382078e+00
1.200000e-01 2.979842e+00
1.500000e-01 3.274353e+00
1.800000e-01 3.424023e+00
2.100000e-01 3.432617e+00
2.400000e-01 3.441609e+00
2.700000e-01 3.467812e+00
3.000000e-01 3.501565e+00
3.300000e-01 3.532217e+00
3.600000e-01 3.554915e+00
3.900000e-01 3.568897e+00
4.200000e-01 3.574476e+00
4.500000e-01 3.571666e+00
4.800000e-01 3.560326e+00
5.100000e-01 3.540821e+00
5.400000e-01 3.514419e+00
5.700000e-01 3.482913e+00
6.000000e-01 3.447399e+00
6.300000e-01 3.406834e+00
6.600000e-01 3.357955e+00
6.900000e-01 3.298253e+00
7.200000e-01 3.231542e+00
7.500000e-01 3.176169e+00
7.800000e-01 3.195756e+00
8.100000e-01 3.346390e+00
8.400000e-01 2.969840e+00
8.700000e-01 2.791956e+00
9.000000e-01 1.861815e+00
9.300000e-01 1.879572e+00
9.600000e-01 2.328959e+00
9.900000e-01 2.554800e+00
1.020000e+00 2.385928e+00
1.050000e+00 2.101805e+00
1.080000e+00 2.440946e+00
1.110000e+00 3.011684e+00
1.140000e+00 2.469440e+00
1.170000e+00 3.067282e+00
1.200000e+00 2.556224e+00
1.230000e+00 2.168428e+00
1.260000e+00 2.593070e+00
1.290000e+00 1.977600e+00
1.320000e+00 1.578118e+00
1.350000e+00 1.465964e+00
1.380000e+00 1.675330e+00
1.410000e+00 1.792814e+00
1.440000e+00 1.999780e+00
1.470000e+00 1.861791e+00
1.500000e+00 1.659620e+00
1.530000e+00 1.017476e+00
1.560000e+00 2.171417e+00
1.590000e+00 2.559667e+00
1.620000e+00 2.291077e+00
1.650000e+00 1.611784e+00
1.680000e+00 1.525257e+00
1.710000e+00 2.416377e+00
1.740000e+00 1.841684e+00
1.770000e+00 1.733405e+00
1.800000e+00 2.079723e+00
1.830000e+00 2.162082e+00
1.860000e+00 1.676441e+00
1.890000e+00 1.981040e+00
1.920000e+00 2.760321e+00
1.950000e+00 2.938460e+00
1.980000e+00 1.793997e+00
2.010000e+00 2.085207e+00
2.040000e+00 1.631464e+00
2.070000e+00 2.185051e+00
2.100000e+00 2.040204e+00
2.130000e+00 1.728171e+00
2.160000e+00 1.641049e+00
2.190000e+00 1.906209e+00
2.220000e+00 1.579673e+00
2.250000e+00 1.958052e+00
2.280000e+00 1.772782e+00
2.310000e+00 2.368006e+00
2.340000e+00 1.381719e+00
2.370000e+00 2.171202e+00
2.400000e+00 2.046499e+00
2.430000e+00 1.672128e+00
2.460000e+00 1.882594e+00
2.490000e+00 2.036990e+00
2.520000e+00 1.896146e+00
2.550000e+00 1.773051e+00
2.580000e+00 1.869846e+00
2.610000e+00 1.949957e+00
2.640000e+00 1.946599e+00
2.670000e+00 1.828678e+00
2.700000e+00 1.463838e+00
2.730000e+00 1.262678e+00
2.760000e+00 1.612065e+00
2.790000e+00 1.411702e+00
2.820000e+00 1.137304e+00
2.850000e+00 9.775975e-01
2.880000e+00 9.219947e-01
2.910000e+00 1.048338e+00
2.940000e+00 1.541433e+00
2.970000e+00 1.807646e+00
