0.000000e+00 3.751061e+00
3.000000e-02 3.707358e+00
6.000000e-02 3.656437e+00
9.000000e-02 3.600057e+00
1.200000e-01 3.539728e+00
1.500000e-01 3.476725e+00
1.800000e-01 3.412777e+00
2.100000e-01 3.351694e+00
2.400000e-01 3.301568e+00
2.700000e-01 3.273401e+00
3.000000e-01 3.276026e+00
3.300000e-01 3.311824e+00
3.600000e-01 3.373445e+00
3.900000e-01 3.440954e+00
4.200000e-01 3.485618e+00
4.500000e-01 3.487163e+00
4.800000e-01 3.451284e+00
5.100000e-01 3.405553e+00
5.400000e-01 3.392713e+00
5.700000e-01 3.492627e+00
6.000000e-01 3.422511e+00
6.300000e-01 3.383912e+00
6.600000e-01 3.372032e+00
6.900000e-01 3.396846e+00
7.200000e-01 3.508674e+00
7.500000e-01 3.657876e+00
7.800000e-01 2.470988e+00
8.100000e-01 3.028237e+00
8.400000e-01 3.286875e+00
8.700000e-01 2.705719e+00
9.000000e-01 2.505760e+00
9.300000e-01 2.875906e+00
9.600000e-01 2.765920e+00
9.900000e-01 2.182190e+00
1.020000e+00 1.947268e+00
1.050000e+00 2.248780e+00
1.080000e+00 3.235385e+00
1.110000e+00 2.792329e+00
1.140000e+00 2.070686e+00
1.170000e+00 1.563630e+00
1.200000e+00 1.969337e+00
1.230000e+00 3.131541e+00
1.260000e+00 2.933019e+00
1.290000e+00 2.406200e+00
1.320000e+00 2.301244e+00
1.350000e+00 2.168599e+00
1.380000e+00 2.202095e+00
1.410000e+00 1.891606e+00
1.440000e+00 2.040910e+00
1.470000e+00 2.288485e+00
1.500000e+00 1.825409e+00
1.530000e+00 2.122310e+00
1.560000e+00 2.574369e+00
1.590000e+00 2.030309e+00
1.620000e+00 2.372874e+00
1.650000e+00 3.137195e+00
1.680000e+00 2.544716e+00
1.710000e+00 1.403164e+00
1.740000e+00 1.983617e+00
1.770000e+00 2.054648e+00
1.800000e+00 1.932143e+00
1.830000e+00 2.034064e+00
1.860000e+00 2.039553e+00
1.890000e+00 2.534224e+00
1.920000e+00 2.327956e+00
1.950000e+00 2.286776e+00
1.980000e+00 1.896229e+00
2.010000e+00 1.197167e+00
2.040000e+00 1.138412e+00
2.070000e+00 1.573725e+00
2.100000e+00 1.867091e+00
2.130000e+00 2.233626e+00
2.160000e+00 2.180400e+00
2.190000e+00 2.189315e+00
2.220000e+00 2.450687e+00
2.250000e+00 1.910434e+00
2.280000e+00 1.661487e+00
2.310000e+00 1.784099e+00
2.340000e+00 1.850133e+00
2.370000e+00 1.206999e+00
2.400000e+00 2.141804e+00
2.430000e+00 1.768335e+00
2.460000e+00 1.538984e+00
2.490000e+00 1.520762e+00
2.520000e+00 1.590019e+00
2.550000e+00 1.702131e+00
2.580000e+00 2.119520e+00
2.610000e+00 1.801323e+00
2.640000e+00 1.552110e+00
2.670000e+00 1.670967e+00
2.700000e+00 1.831199e+00
2.730000e+00 1.941385e+00
2.760000e+00 1.972377e+00
2.790000e+00 1.918023e+00
2.820000e+00 1.779334e+00
2.850000e+00 1.567266e+00
2.880000e+00 1.340768e+00
2.910000e+00 1.194316e+00
2.940000e+00 1.143301e+00
2.970000e+00 1.121862e+00
