-5.000000e-02 3.205216e-01
-4.990000e-02 2.895478e-01
-4.980000e-02 2.578467e-01
-4.970000e-02 2.271377e-01
-4.960000e-02 1.984962e-01
-4.950000e-02 1.724597e-01
-4.940000e-02 1.491913e-01
-4.930000e-02 1.286345e-01
-4.920000e-02 1.106327e-01
-4.910000e-02 9.501304e-02
-4.900000e-02 8.164433e-02
-4.890000e-02 7.047991e-02
-4.880000e-02 6.159605e-02
-4.870000e-02 5.523459e-02
-4.860000e-02 5.185747e-02
-4.850000e-02 5.221896e-02
-4.840000e-02 5.745786e-02
-4.830000e-02 6.920206e-02
-4.820000e-02 8.965291e-02
-4.810000e-02 1.215653e-01
-4.800000e-02 1.679526e-01
-4.790000e-02 2.312546e-01
-4.780000e-02 3.117666e-01
-4.770000e-02 4.056378e-01
-4.760000e-02 5.037929e-01
-4.750000e-02 5.936729e-01
-4.740000e-02 6.639099e-01
-4.730000e-02 7.088421e-01
-4.720000e-02 7.295051e-01
-4.710000e-02 7.312249e-01
-4.700000e-02 7.204598e-01
-4.690000e-02 7.027920e-01
-4.680000e-02 6.822668e-01
-4.670000e-02 6.615066e-01
-4.660000e-02 6.420794e-01
-4.650000e-02 6.248619e-01
-4.640000e-02 6.103128e-01
-4.630000e-02 5.986590e-01
-4.620000e-02 5.900127e-01
-4.610000e-02 5.844451e-01
-4.600000e-02 5.820317e-01
-4.590000e-02 5.828813e-01
-4.580000e-02 5.871569e-01
-4.570000e-02 5.950919e-01
-4.560000e-02 6.070068e-01
-4.550000e-02 6.233257e-01
-4.540000e-02 6.445965e-01
-4.530000e-02 6.715143e-01
-4.520000e-02 7.049491e-01
-4.510000e-02 7.459769e-01
-4.500000e-02 7.959112e-01
-4.490000e-02 8.563306e-01
-4.480000e-02 9.290887e-01
-4.470000e-02 1.016284e+00
-4.460000e-02 1.120147e+00
-4.450000e-02 1.242784e+00
-4.440000e-02 1.385660e+00
-4.430000e-02 1.548709e+00
-4.420000e-02 1.728968e+00
-4.410000e-02 1.918816e+00
-4.400000e-02 2.104429e+00
-4.390000e-02 2.265817e+00
-4.380000e-02 2.380265e+00
-4.370000e-02 2.429518e+00
-4.360000e-02 2.407383e+00
-4.350000e-02 2.322291e+00
-4.340000e-02 2.192858e+00
-4.330000e-02 2.040163e+00
-4.320000e-02 1.881814e+00
-4.310000e-02 1.729691e+00
-4.300000e-02 1.590371e+00
-4.290000e-02 1.466602e+00
-4.280000e-02 1.358771e+00
-4.270000e-02 1.266004e+00
-4.260000e-02 1.186862e+00
-4.250000e-02 1.119741e+00
-4.240000e-02 1.063084e+00
-4.230000e-02 1.015473e+00
-4.220000e-02 9.756620e-01
-4.210000e-02 9.425787e-01
-4.200000e-02 9.153066e-01
-4.190000e-02 8.930660e-01
-4.180000e-02 8.751924e-01
-4.170000e-02 8.611157e-01
-4.160000e-02 8.503425e-01
-4.150000e-02 8.424398e-01
-4.140000e-02 8.370215e-01
-4.130000e-02 8.337373e-01
-4.120000e-02 8.322631e-01
-4.110000e-02 8.322933e-01
-4.100000e-02 8.335346e-01
-4.090000e-02 8.357020e-01
-4.080000e-02 8.385155e-01
-4.070000e-02 8.416994e-01
-4.060000e-02 8.449822e-01
-4.050000e-02 8.480990e-01
-4.040000e-02 8.507942e-01
-4.030000e-02 8.528267e-01
-4.020000e-02 8.539750e-01
-4.010000e-02 8.540431e-01
-4.000000e-02 8.528667e-01
-3.990000e-02 8.503185e-01
-3.980000e-02 8.463121e-01
-3.970000e-02 8.408052e-01
-3.960000e-02 8.337999e-01
-3.950000e-02 8.253415e-01
-3.940000e-02 8.155155e-01
-3.930000e-02 8.044421e-01
-3.920000e-02 7.922702e-01
-3.910000e-02 7.791703e-01
-3.900000e-02 7.653266e-01
-3.890000e-02 7.509307e-01
-3.880000e-02 7.361744e-01
-3.870000e-02 7.212444e-01
-3.860000e-02 7.063181e-01
-3.850000e-02 6.915606e-01
-3.840000e-02 6.771221e-01
-3.830000e-02 6.631375e-01
-3.820000e-02 6.497264e-01
-3.810000e-02 6.369933e-01
-3.800000e-02 6.250294e-01
-3.790000e-02 6.139138e-01
-3.780000e-02 6.037158e-01
-3.770000e-02 5.944965e-01
-3.760000e-02 5.863113e-01
-3.750000e-02 5.792121e-01
-3.740000e-02 5.732492e-01
-3.730000e-02 5.684738e-01
-3.720000e-02 5.649402e-01
-3.710000e-02 5.627078e-01
-3.700000e-02 5.618441e-01
-3.690000e-02 5.624270e-01
-3.680000e-02 5.645473e-01
-3.670000e-02 5.683128e-01
-3.660000e-02 5.738511e-01
-3.650000e-02 5.813145e-01
-3.640000e-02 5.908847e-01
-3.630000e-02 6.027792e-01
-3.620000e-02 6.172581e-01
-3.610000e-02 6.346330e-01
-3.600000e-02 6.552773e-01
-3.590000e-02 6.796379e-01
-3.580000e-02 7.082489e-01
-3.570000e-02 7.417472e-01
-3.560000e-02 7.808874e-01
-3.550000e-02 8.265549e-01
-3.540000e-02 8.797713e-01
-3.530000e-02 9.416820e-01
-3.520000e-02 1.013509e+00
-3.510000e-02 1.096433e+00
-3.500000e-02 1.191367e+00
-3.490000e-02 1.298525e+00
-3.480000e-02 1.416728e+00
-3.470000e-02 1.542371e+00
-3.460000e-02 1.668184e+00
-3.450000e-02 1.782283e+00
-3.440000e-02 1.868587e+00
-3.430000e-02 1.909882e+00
-3.420000e-02 1.893629e+00
-3.410000e-02 1.817923e+00
-3.400000e-02 1.693329e+00
-3.390000e-02 1.538775e+00
-3.380000e-02 1.374455e+00
-3.370000e-02 1.216292e+00
-3.360000e-02 1.074011e+00
-3.350000e-02 9.519294e-01
-3.340000e-02 8.507649e-01
-3.330000e-02 7.693022e-01
-3.320000e-02 7.055542e-01
-3.310000e-02 6.574375e-01
-3.300000e-02 6.231144e-01
-3.290000e-02 6.011419e-01
-3.280000e-02 5.905232e-01
-3.270000e-02 5.907191e-01
-3.260000e-02 6.016518e-01
-3.250000e-02 6.237148e-01
-3.240000e-02 6.577960e-01
-3.230000e-02 7.053111e-01
-3.220000e-02 7.682299e-01
-3.210000e-02 8.490611e-01
-3.200000e-02 9.507111e-01
-3.190000e-02 1.076062e+00
-3.180000e-02 1.226994e+00
-3.170000e-02 1.402477e+00
-3.160000e-02 1.595467e+00
-3.150000e-02 1.789171e+00
-3.140000e-02 1.955307e+00
-3.130000e-02 2.059047e+00
-3.120000e-02 2.072895e+00
-3.110000e-02 1.991967e+00
-3.100000e-02 1.836980e+00
-3.090000e-02 1.641883e+00
-3.080000e-02 1.438089e+00
-3.070000e-02 1.246295e+00
-3.060000e-02 1.076437e+00
-3.050000e-02 9.311209e-01
-3.040000e-02 8.090659e-01
-3.030000e-02 7.074016e-01
-3.020000e-02 6.229159e-01
-3.010000e-02 5.526245e-01
-3.000000e-02 4.939755e-01
-2.990000e-02 4.448830e-01
-2.980000e-02 4.036895e-01
-2.970000e-02 3.691089e-01
-2.960000e-02 3.401690e-01
-2.950000e-02 3.161619e-01
-2.940000e-02 2.966030e-01
-2.930000e-02 2.811936e-01
-2.920000e-02 2.697831e-01
-2.910000e-02 2.623228e-01
-2.900000e-02 2.588044e-01
-2.890000e-02 2.591831e-01
-2.880000e-02 2.632916e-01
-2.870000e-02 2.707667e-01
-2.860000e-02 2.810180e-01
-2.850000e-02 2.932630e-01
-2.840000e-02 3.066280e-01
-2.830000e-02 3.202835e-01
-2.820000e-02 3.335639e-01
-2.810000e-02 3.460349e-01
-2.800000e-02 3.574984e-01
-2.790000e-02 3.679511e-01
-2.780000e-02 3.775233e-01
-2.770000e-02 3.864195e-01
-2.760000e-02 3.948722e-01
-2.750000e-02 4.031118e-01
-2.740000e-02 4.113501e-01
-2.730000e-02 4.197733e-01
-2.720000e-02 4.285407e-01
-2.710000e-02 4.377872e-01
-2.700000e-02 4.476257e-01
-2.690000e-02 4.581515e-01
-2.680000e-02 4.694449e-01
-2.670000e-02 4.815734e-01
-2.660000e-02 4.945941e-01
-2.650000e-02 5.085543e-01
-2.640000e-02 5.234920e-01
-2.630000e-02 5.394353e-01
-2.620000e-02 5.564019e-01
-2.610000e-02 5.743969e-01
-2.600000e-02 5.934114e-01
-2.590000e-02 6.134189e-01
-2.580000e-02 6.343728e-01
-2.570000e-02 6.562023e-01
-2.560000e-02 6.788087e-01
-2.550000e-02 7.020610e-01
-2.540000e-02 7.257927e-01
-2.530000e-02 7.497977e-01
-2.520000e-02 7.738288e-01
-2.510000e-02 7.975965e-01
-2.500000e-02 8.207706e-01
-2.490000e-02 8.429847e-01
-2.480000e-02 8.638432e-01
-2.470000e-02 8.829327e-01
-2.460000e-02 8.998362e-01
-2.450000e-02 9.141503e-01
-2.440000e-02 9.255050e-01
-2.430000e-02 9.335829e-01
-2.420000e-02 9.381381e-01
-2.410000e-02 9.390113e-01
-2.400000e-02 9.361403e-01
-2.390000e-02 9.295643e-01
-2.380000e-02 9.194213e-01
-2.370000e-02 9.059396e-01
-2.360000e-02 8.894237e-01
-2.350000e-02 8.702361e-01
-2.340000e-02 8.487774e-01
-2.330000e-02 8.254674e-01
-2.320000e-02 8.007257e-01
-2.310000e-02 7.749573e-01
-2.300000e-02 7.485404e-01
-2.290000e-02 7.218180e-01
-2.280000e-02 6.950936e-01
-2.270000e-02 6.686294e-01
-2.260000e-02 6.426481e-01
-2.250000e-02 6.173369e-01
-2.240000e-02 5.928534e-01
-2.230000e-02 5.693356e-01
-2.220000e-02 5.469154e-01
-2.210000e-02 5.257415e-01
-2.200000e-02 5.060212e-01
-2.190000e-02 4.881040e-01
-2.180000e-02 4.726771e-01
-2.170000e-02 4.612796e-01
-2.160000e-02 4.579047e-01
-2.150000e-02 4.752407e-01
-2.140000e-02 5.684115e-01
-2.130000e-02 1.097152e+00
-2.120000e-02 1.518863e+00
-2.110000e-02 6.904716e-01
-2.100000e-02 4.905737e-01
-2.090000e-02 4.184272e-01
-2.080000e-02 3.809155e-01
-2.070000e-02 3.566746e-01
-2.060000e-02 3.388266e-01
-2.050000e-02 3.246043e-01
-2.040000e-02 3.127088e-01
-2.030000e-02 3.024577e-01
-2.020000e-02 2.934607e-01
-2.010000e-02 2.854797e-01
-2.000000e-02 2.783625e-01
-1.990000e-02 2.720093e-01
-1.980000e-02 2.663549e-01
-1.970000e-02 2.613587e-01
-1.960000e-02 2.569994e-01
-1.950000e-02 2.532729e-01
-1.940000e-02 2.501912e-01
-1.930000e-02 2.477841e-01
-1.920000e-02 2.461014e-01
-1.910000e-02 2.452179e-01
-1.900000e-02 2.452399e-01
-1.890000e-02 2.463160e-01
-1.880000e-02 2.486521e-01
-1.870000e-02 2.525341e-01
-1.860000e-02 2.583627e-01
-1.850000e-02 2.667055e-01
-1.840000e-02 2.783798e-01
-1.830000e-02 2.945846e-01
-1.820000e-02 3.171169e-01
-1.810000e-02 3.487331e-01
-1.800000e-02 3.937658e-01
-1.790000e-02 4.591796e-01
-1.780000e-02 5.563379e-01
-1.770000e-02 7.036311e-01
-1.760000e-02 9.286961e-01
-1.750000e-02 1.262032e+00
-1.740000e-02 1.694337e+00
-1.730000e-02 2.078025e+00
-1.720000e-02 2.158472e+00
-1.710000e-02 1.910992e+00
-1.700000e-02 1.557988e+00
-1.690000e-02 1.252708e+00
-1.680000e-02 1.026697e+00
-1.670000e-02 8.662667e-01
-1.660000e-02 7.524841e-01
-1.650000e-02 6.707660e-01
-1.640000e-02 6.112062e-01
-1.630000e-02 5.672690e-01
-1.620000e-02 5.346303e-01
-1.610000e-02 5.103887e-01
-1.600000e-02 4.925630e-01
-1.590000e-02 4.797775e-01
-1.580000e-02 4.710628e-01
-1.570000e-02 4.657279e-01
-1.560000e-02 4.632780e-01
-1.550000e-02 4.633584e-01
-1.540000e-02 4.657182e-01
-1.530000e-02 4.701846e-01
-1.520000e-02 4.766453e-01
-1.510000e-02 4.850372e-01
-1.500000e-02 4.953378e-01
-1.490000e-02 5.075602e-01
-1.480000e-02 5.217505e-01
-1.470000e-02 5.379864e-01
-1.460000e-02 5.563788e-01
-1.450000e-02 5.770741e-01
-1.440000e-02 6.002594e-01
-1.430000e-02 6.261689e-01
-1.420000e-02 6.550928e-01
-1.410000e-02 6.873889e-01
-1.400000e-02 7.234945e-01
-1.390000e-02 7.639394e-01
-1.380000e-02 8.093567e-01
-1.370000e-02 8.604846e-01
-1.360000e-02 9.181514e-01
-1.350000e-02 9.832232e-01
-1.340000e-02 1.056484e+00
-1.330000e-02 1.138397e+00
-1.320000e-02 1.228673e+00
-1.310000e-02 1.325572e+00
-1.300000e-02 1.424944e+00
-1.290000e-02 1.519266e+00
-1.280000e-02 1.597517e+00
-1.270000e-02 1.647279e+00
-1.260000e-02 1.659869e+00
-1.250000e-02 1.636526e+00
-1.240000e-02 1.590640e+00
-1.230000e-02 1.543113e+00
-1.220000e-02 1.514241e+00
-1.210000e-02 1.517936e+00
-1.200000e-02 1.560133e+00
-1.190000e-02 1.639300e+00
-1.180000e-02 1.746689e+00
-1.170000e-02 1.865796e+00
-1.160000e-02 1.972579e+00
-1.150000e-02 2.039190e+00
-1.140000e-02 2.042484e+00
-1.130000e-02 1.973772e+00
-1.120000e-02 1.842548e+00
-1.110000e-02 1.670874e+00
-1.100000e-02 1.483205e+00
-1.090000e-02 1.298774e+00
-1.080000e-02 1.129178e+00
-1.070000e-02 9.795238e-01
-1.060000e-02 8.506936e-01
-1.050000e-02 7.413182e-01
-1.040000e-02 6.490902e-01
-1.030000e-02 5.714983e-01
-1.020000e-02 5.061832e-01
-1.010000e-02 4.510776e-01
-1.000000e-02 4.044360e-01
-9.900000e-03 3.648141e-01
-9.800000e-03 3.310305e-01
-9.700000e-03 3.021233e-01
-9.600000e-03 2.773120e-01
-9.500000e-03 2.559630e-01
-9.400000e-03 2.375624e-01
-9.300000e-03 2.216934e-01
-9.200000e-03 2.080184e-01
-9.100000e-03 1.962657e-01
-9.000000e-03 1.862185e-01
-8.900000e-03 1.777076e-01
-8.800000e-03 1.706057e-01
-8.700000e-03 1.648247e-01
-8.600000e-03 1.603151e-01
-8.500000e-03 1.570681e-01
-8.400000e-03 1.551213e-01
-8.300000e-03 1.545690e-01
-8.200000e-03 1.555803e-01
-8.100000e-03 1.584278e-01
-8.000000e-03 1.635357e-01
-7.900000e-03 1.715590e-01
-7.800000e-03 1.835182e-01
-7.700000e-03 2.010312e-01
-7.600000e-03 2.267192e-01
-7.500000e-03 2.649017e-01
-7.400000e-03 3.226679e-01
-7.300000e-03 4.108014e-01
-7.200000e-03 5.406174e-01
-7.100000e-03 7.019288e-01
-7.000000e-03 8.142379e-01
-6.900000e-03 7.729696e-01
-6.800000e-03 6.247839e-01
-6.700000e-03 4.817271e-01
-6.600000e-03 3.818406e-01
-6.500000e-03 3.192491e-01
-6.400000e-03 2.821195e-01
-6.300000e-03 2.620213e-01
-6.200000e-03 2.540082e-01
-6.100000e-03 2.554985e-01
-6.000000e-03 2.654826e-01
-5.900000e-03 2.841282e-01
-5.800000e-03 3.126840e-01
-5.700000e-03 3.536198e-01
-5.600000e-03 4.109850e-01
-5.500000e-03 4.909388e-01
-5.400000e-03 6.021411e-01
-5.300000e-03 7.546376e-01
-5.200000e-03 9.527389e-01
-5.100000e-03 1.172609e+00
-5.000000e-03 1.328616e+00
-4.900000e-03 1.304620e+00
-4.800000e-03 1.097632e+00
-4.700000e-03 8.316339e-01
-4.600000e-03 6.037595e-01
-4.500000e-03 4.371502e-01
-4.400000e-03 3.214862e-01
-4.300000e-03 2.416071e-01
-4.200000e-03 1.856806e-01
-4.100000e-03 1.457205e-01
-4.000000e-03 1.165429e-01
-3.900000e-03 9.478930e-02
-3.800000e-03 7.825553e-02
-3.700000e-03 6.546834e-02
-3.600000e-03 5.542296e-02
-3.500000e-03 4.742040e-02
-3.400000e-03 4.096506e-02
-3.300000e-03 3.569931e-02
-3.200000e-03 3.136082e-02
-3.100000e-03 2.775424e-02
-3.000000e-03 2.473209e-02
-2.900000e-03 2.218163e-02
-2.800000e-03 2.001566e-02
-2.700000e-03 1.816604e-02
-2.600000e-03 1.657899e-02
-2.500000e-03 1.521173e-02
-2.400000e-03 1.402993e-02
-2.300000e-03 1.300587e-02
-2.200000e-03 1.211703e-02
-2.100000e-03 1.134504e-02
-2.000000e-03 1.067482e-02
-1.900000e-03 1.009400e-02
-1.800000e-03 9.592414e-03
-1.700000e-03 9.161706e-03
-1.600000e-03 8.795057e-03
-1.500000e-03 8.486946e-03
-1.400000e-03 8.232969e-03
-1.300000e-03 8.029709e-03
-1.200000e-03 7.874633e-03
-1.100000e-03 7.766022e-03
-1.000000e-03 7.702923e-03
-9.000000e-04 7.685135e-03
-8.000000e-04 7.713207e-03
-7.000000e-04 7.788468e-03
-6.000000e-04 7.913073e-03
-5.000000e-04 8.090086e-03
-4.000000e-04 8.323591e-03
-3.000000e-04 8.618835e-03
-2.000000e-04 8.982422e-03
-1.000000e-04 9.422565e-03
1.429412e-15 9.949402e-03
1.000000e-04 1.057541e-02
2.000000e-04 1.131591e-02
3.000000e-04 1.218978e-02
4.000000e-04 1.322030e-02
5.000000e-04 1.443628e-02
6.000000e-04 1.587357e-02
7.000000e-04 1.757702e-02
8.000000e-04 1.960306e-02
9.000000e-04 2.202320e-02
1.000000e-03 2.492878e-02
1.100000e-03 2.843738e-02
1.200000e-03 3.270178e-02
1.300000e-03 3.792234e-02
1.400000e-03 4.436461e-02
1.500000e-03 5.238430e-02
1.600000e-03 6.246347e-02
1.700000e-03 7.526310e-02
1.800000e-03 9.170068e-02
1.900000e-03 1.130647e-01
2.000000e-03 1.411846e-01
2.100000e-03 1.786787e-01
2.200000e-03 2.293060e-01
2.300000e-03 2.984228e-01
2.400000e-03 3.934470e-01
2.500000e-03 5.239243e-01
2.600000e-03 7.000187e-01
2.700000e-03 9.269348e-01
2.800000e-03 1.192631e+00
2.900000e-03 1.453639e+00
3.000000e-03 1.641561e+00
3.100000e-03 1.706784e+00
3.200000e-03 1.657132e+00
3.300000e-03 1.541077e+00
3.400000e-03 1.406547e+00
3.500000e-03 1.282031e+00
3.600000e-03 1.179232e+00
3.700000e-03 1.100785e+00
3.800000e-03 1.045723e+00
3.900000e-03 1.012267e+00
4.000000e-03 9.990172e-01
4.100000e-03 1.005424e+00
4.200000e-03 1.031970e+00
4.300000e-03 1.080236e+00
4.400000e-03 1.152867e+00
4.500000e-03 1.253232e+00
4.600000e-03 1.384274e+00
4.700000e-03 1.545385e+00
4.800000e-03 1.725465e+00
4.900000e-03 1.891549e+00
5.000000e-03 1.981479e+00
5.100000e-03 1.925804e+00
5.200000e-03 1.707554e+00
5.300000e-03 1.391755e+00
5.400000e-03 1.070459e+00
5.500000e-03 7.998052e-01
5.600000e-03 5.931977e-01
5.700000e-03 4.424286e-01
5.800000e-03 3.340632e-01
5.900000e-03 2.561407e-01
6.000000e-03 1.996599e-01
6.100000e-03 1.582639e-01
6.200000e-03 1.275624e-01
6.300000e-03 1.045341e-01
6.400000e-03 8.708789e-02
6.500000e-03 7.376183e-02
6.600000e-03 6.352159e-02
6.700000e-03 5.562623e-02
6.800000e-03 4.953852e-02
6.900000e-03 4.486447e-02
7.000000e-03 4.131215e-02
7.100000e-03 3.866331e-02
7.200000e-03 3.675360e-02
7.300000e-03 3.545865e-02
7.400000e-03 3.468408e-02
7.500000e-03 3.435838e-02
7.600000e-03 3.442767e-02
7.700000e-03 3.485195e-02
7.800000e-03 3.560228e-02
7.900000e-03 3.665873e-02
8.000000e-03 3.800891e-02
8.100000e-03 3.964684e-02
8.200000e-03 4.157220e-02
8.300000e-03 4.378985e-02
8.400000e-03 4.630945e-02
8.500000e-03 4.914537e-02
8.600000e-03 5.231669e-02
8.700000e-03 5.584733e-02
8.800000e-03 5.976633e-02
8.900000e-03 6.410824e-02
9.000000e-03 6.891369e-02
9.100000e-03 7.423001e-02
9.200000e-03 8.011211e-02
9.300000e-03 8.662345e-02
9.400000e-03 9.383722e-02
9.500000e-03 1.018378e-01
9.600000e-03 1.107222e-01
9.700000e-03 1.206023e-01
9.800000e-03 1.316068e-01
9.900000e-03 1.438836e-01
1.000000e-02 1.576029e-01
1.010000e-02 1.729601e-01
1.020000e-02 1.901789e-01
1.030000e-02 2.095150e-01
1.040000e-02 2.312589e-01
1.050000e-02 2.557388e-01
1.060000e-02 2.833211e-01
1.070000e-02 3.144101e-01
1.080000e-02 3.494422e-01
1.090000e-02 3.888749e-01
1.100000e-02 4.331661e-01
1.110000e-02 4.827409e-01
1.120000e-02 5.379407e-01
1.130000e-02 5.989519e-01
1.140000e-02 6.657126e-01
1.150000e-02 7.378018e-01
1.160000e-02 8.143274e-01
1.170000e-02 8.938414e-01
1.180000e-02 9.743265e-01
1.190000e-02 1.053289e+00
1.200000e-02 1.127943e+00
1.210000e-02 1.195353e+00
1.220000e-02 1.252242e+00
1.230000e-02 1.294373e+00
1.240000e-02 1.316369e+00
1.250000e-02 1.313732e+00
1.260000e-02 1.286358e+00
1.270000e-02 1.239330e+00
1.280000e-02 1.179912e+00
1.290000e-02 1.114471e+00
1.300000e-02 1.047445e+00
1.310000e-02 9.816035e-01
1.320000e-02 9.185738e-01
1.330000e-02 8.592478e-01
1.340000e-02 8.040497e-01
1.350000e-02 7.531041e-01
1.360000e-02 7.063458e-01
1.370000e-02 6.635945e-01
1.380000e-02 6.246040e-01
1.390000e-02 5.890967e-01
1.400000e-02 5.567857e-01
1.410000e-02 5.273889e-01
1.420000e-02 5.006377e-01
1.430000e-02 4.762815e-01
1.440000e-02 4.540905e-01
1.450000e-02 4.338555e-01
1.460000e-02 4.153881e-01
1.470000e-02 3.985194e-01
1.480000e-02 3.830984e-01
1.490000e-02 3.689912e-01
1.500000e-02 3.560789e-01
1.510000e-02 3.442566e-01
1.520000e-02 3.334319e-01
1.530000e-02 3.235242e-01
1.540000e-02 3.144635e-01
1.550000e-02 3.061897e-01
1.560000e-02 2.986524e-01
1.570000e-02 2.918104e-01
1.580000e-02 2.856320e-01
1.590000e-02 2.800957e-01
1.600000e-02 2.751907e-01
1.610000e-02 2.709196e-01
1.620000e-02 2.673003e-01
1.630000e-02 2.643712e-01
1.640000e-02 2.621977e-01
1.650000e-02 2.608830e-01
1.660000e-02 2.605845e-01
1.670000e-02 2.615412e-01
1.680000e-02 2.641181e-01
1.690000e-02 2.688824e-01
1.700000e-02 2.767391e-01
1.710000e-02 2.891820e-01
1.720000e-02 3.087818e-01
1.730000e-02 3.401900e-01
1.740000e-02 3.923121e-01
1.750000e-02 4.832059e-01
1.760000e-02 6.507019e-01
1.770000e-02 9.661569e-01
1.780000e-02 1.467192e+00
1.790000e-02 1.766942e+00
1.800000e-02 1.448270e+00
1.810000e-02 1.021250e+00
1.820000e-02 7.478528e-01
1.830000e-02 5.900892e-01
1.840000e-02 4.961874e-01
1.850000e-02 4.373333e-01
1.860000e-02 3.987164e-01
1.870000e-02 3.724899e-01
1.880000e-02 3.542797e-01
1.890000e-02 3.415212e-01
1.900000e-02 3.326421e-01
1.910000e-02 3.266411e-01
1.920000e-02 3.228603e-01
1.930000e-02 3.208568e-01
1.940000e-02 3.203270e-01
1.950000e-02 3.210603e-01
1.960000e-02 3.229107e-01
1.970000e-02 3.257772e-01
1.980000e-02 3.295918e-01
1.990000e-02 3.343108e-01
2.000000e-02 3.399081e-01
2.010000e-02 3.463711e-01
2.020000e-02 3.536965e-01
2.030000e-02 3.618877e-01
2.040000e-02 3.709511e-01
2.050000e-02 3.808936e-01
2.060000e-02 3.917198e-01
2.070000e-02 4.034282e-01
2.080000e-02 4.160084e-01
2.090000e-02 4.294375e-01
2.100000e-02 4.436767e-01
2.110000e-02 4.586687e-01
2.120000e-02 4.743353e-01
2.130000e-02 4.905770e-01
2.140000e-02 5.072729e-01
2.150000e-02 5.242842e-01
2.160000e-02 5.414579e-01
2.170000e-02 5.586340e-01
2.180000e-02 5.756528e-01
2.190000e-02 5.923640e-01
2.200000e-02 6.086344e-01
2.210000e-02 6.243562e-01
2.220000e-02 6.394518e-01
2.230000e-02 6.538777e-01
2.240000e-02 6.676252e-01
2.250000e-02 6.807189e-01
2.260000e-02 6.932132e-01
2.270000e-02 7.051867e-01
2.280000e-02 7.167355e-01
2.290000e-02 7.279654e-01
2.300000e-02 7.389831e-01
2.310000e-02 7.498876e-01
2.320000e-02 7.607601e-01
2.330000e-02 7.716544e-01
2.340000e-02 7.825875e-01
2.350000e-02 7.935303e-01
2.360000e-02 8.043995e-01
2.370000e-02 8.150522e-01
2.380000e-02 8.252830e-01
2.390000e-02 8.348257e-01
2.400000e-02 8.433614e-01
2.410000e-02 8.505327e-01
2.420000e-02 8.559649e-01
2.430000e-02 8.592930e-01
2.440000e-02 8.601933e-01
2.450000e-02 8.584142e-01
2.460000e-02 8.538034e-01
2.470000e-02 8.463271e-01
2.480000e-02 8.360777e-01
2.490000e-02 8.232686e-01
2.500000e-02 8.082175e-01
2.510000e-02 7.913208e-01
2.520000e-02 7.730236e-01
2.530000e-02 7.537896e-01
2.540000e-02 7.340736e-01
2.550000e-02 7.143008e-01
2.560000e-02 6.948519e-01
2.570000e-02 6.760561e-01
2.580000e-02 6.581883e-01
2.590000e-02 6.414717e-01
2.600000e-02 6.260829e-01
2.610000e-02 6.121587e-01
2.620000e-02 5.998038e-01
2.630000e-02 5.890981e-01
2.640000e-02 5.801038e-01
2.650000e-02 5.728720e-01
2.660000e-02 5.674481e-01
2.670000e-02 5.638765e-01
2.680000e-02 5.622052e-01
2.690000e-02 5.624882e-01
2.700000e-02 5.647894e-01
2.710000e-02 5.691836e-01
2.720000e-02 5.757586e-01
2.730000e-02 5.846155e-01
2.740000e-02 5.958680e-01
2.750000e-02 6.096404e-01
2.760000e-02 6.260635e-01
2.770000e-02 6.452670e-01
2.780000e-02 6.673682e-01
2.790000e-02 6.924542e-01
2.800000e-02 7.205568e-01
2.810000e-02 7.516172e-01
2.820000e-02 7.854386e-01
2.830000e-02 8.216272e-01
2.840000e-02 8.595221e-01
2.850000e-02 8.981226e-01
2.860000e-02 9.360275e-01
2.870000e-02 9.714118e-01
2.880000e-02 1.002073e+00
2.890000e-02 1.025580e+00
2.900000e-02 1.039540e+00
2.910000e-02 1.041959e+00
2.920000e-02 1.031620e+00
2.930000e-02 1.008370e+00
2.940000e-02 9.731997e-01
2.950000e-02 9.280949e-01
2.960000e-02 8.756832e-01
2.970000e-02 8.188090e-01
2.980000e-02 7.601493e-01
2.990000e-02 7.019540e-01
3.000000e-02 6.459263e-01
3.010000e-02 5.932221e-01
3.020000e-02 5.445212e-01
3.030000e-02 5.001295e-01
3.040000e-02 4.600843e-01
3.050000e-02 4.242450e-01
3.060000e-02 3.923648e-01
3.070000e-02 3.641431e-01
3.080000e-02 3.392611e-01
3.090000e-02 3.174053e-01
3.100000e-02 2.982814e-01
3.110000e-02 2.816222e-01
3.120000e-02 2.671917e-01
3.130000e-02 2.547860e-01
3.140000e-02 2.442339e-01
3.150000e-02 2.353965e-01
3.160000e-02 2.281668e-01
3.170000e-02 2.224712e-01
3.180000e-02 2.182712e-01
3.190000e-02 2.155682e-01
3.200000e-02 2.144126e-01
3.210000e-02 2.149179e-01
3.220000e-02 2.172857e-01
3.230000e-02 2.218463e-01
3.240000e-02 2.291246e-01
3.250000e-02 2.399453e-01
3.260000e-02 2.555901e-01
3.270000e-02 2.780082e-01
3.280000e-02 3.100219e-01
3.290000e-02 3.553161e-01
3.300000e-02 4.177221e-01
3.310000e-02 4.991468e-01
3.320000e-02 5.962648e-01
3.330000e-02 6.983292e-01
3.340000e-02 7.896331e-01
3.350000e-02 8.561949e-01
3.360000e-02 8.911530e-01
3.370000e-02 8.952703e-01
3.380000e-02 8.742450e-01
3.390000e-02 8.357108e-01
3.400000e-02 7.871324e-01
3.410000e-02 7.346509e-01
3.420000e-02 6.826693e-01
3.430000e-02 6.339322e-01
3.440000e-02 5.898556e-01
3.450000e-02 5.509156e-01
3.460000e-02 5.169861e-01
3.470000e-02 4.875872e-01
3.480000e-02 4.620497e-01
3.490000e-02 4.396149e-01
3.500000e-02 4.194954e-01
3.510000e-02 4.009152e-01
3.520000e-02 3.831452e-01
3.530000e-02 3.655415e-01
3.540000e-02 3.475896e-01
3.550000e-02 3.289476e-01
3.560000e-02 3.094786e-01
3.570000e-02 2.892571e-01
3.580000e-02 2.685444e-01
3.590000e-02 2.477324e-01
3.600000e-02 2.272703e-01
3.610000e-02 2.075919e-01
3.620000e-02 1.890598e-01
3.630000e-02 1.719346e-01
3.640000e-02 1.563681e-01
3.650000e-02 1.424140e-01
3.660000e-02 1.300490e-01
3.670000e-02 1.191958e-01
3.680000e-02 1.097437e-01
3.690000e-02 1.015661e-01
3.700000e-02 9.453244e-02
3.710000e-02 8.851630e-02
3.720000e-02 8.340028e-02
3.730000e-02 7.907852e-02
3.740000e-02 7.545749e-02
3.750000e-02 7.245591e-02
3.760000e-02 7.000400e-02
3.770000e-02 6.804256e-02
3.780000e-02 6.652180e-02
3.790000e-02 6.540033e-02
3.800000e-02 6.464412e-02
3.810000e-02 6.422561e-02
3.820000e-02 6.412293e-02
3.830000e-02 6.431926e-02
3.840000e-02 6.480224e-02
3.850000e-02 6.556355e-02
3.860000e-02 6.659854e-02
3.870000e-02 6.790598e-02
3.880000e-02 6.948786e-02
3.890000e-02 7.134928e-02
3.900000e-02 7.349842e-02
3.910000e-02 7.594658e-02
3.920000e-02 7.870827e-02
3.930000e-02 8.180147e-02
3.940000e-02 8.524785e-02
3.950000e-02 8.907323e-02
3.960000e-02 9.330811e-02
3.970000e-02 9.798834e-02
3.980000e-02 1.031560e-01
3.990000e-02 1.088607e-01
4.000000e-02 1.151607e-01
4.010000e-02 1.221249e-01
4.020000e-02 1.298352e-01
4.030000e-02 1.383891e-01
4.040000e-02 1.479036e-01
4.050000e-02 1.585194e-01
4.060000e-02 1.704069e-01
4.070000e-02 1.837734e-01
4.080000e-02 1.988717e-01
4.090000e-02 2.160119e-01
4.100000e-02 2.355749e-01
4.110000e-02 2.580288e-01
4.120000e-02 2.839482e-01
4.130000e-02 3.140335e-01
4.140000e-02 3.491277e-01
4.150000e-02 3.902191e-01
4.160000e-02 4.384103e-01
4.170000e-02 4.948145e-01
4.180000e-02 5.603052e-01
4.190000e-02 6.350118e-01
4.200000e-02 7.174376e-01
4.210000e-02 8.031962e-01
4.220000e-02 8.838137e-01
4.230000e-02 9.468911e-01
4.240000e-02 9.793874e-01
4.250000e-02 9.739591e-01
4.260000e-02 9.341952e-01
4.270000e-02 8.736625e-01
4.280000e-02 8.094328e-01
4.290000e-02 7.558152e-01
4.300000e-02 7.218599e-01
4.310000e-02 7.116426e-01
4.320000e-02 7.247772e-01
4.330000e-02 7.555666e-01
4.340000e-02 7.912070e-01
4.350000e-02 8.124092e-01
4.360000e-02 8.009354e-01
4.370000e-02 7.512303e-01
4.380000e-02 6.737638e-01
4.390000e-02 5.858997e-01
4.400000e-02 5.014952e-01
4.410000e-02 4.275534e-01
4.420000e-02 3.659099e-01
4.430000e-02 3.157825e-01
4.440000e-02 2.754759e-01
4.450000e-02 2.432114e-01
4.460000e-02 2.174418e-01
4.470000e-02 1.969272e-01
4.480000e-02 1.807191e-01
4.490000e-02 1.681189e-01
4.500000e-02 1.586386e-01
4.510000e-02 1.519722e-01
4.520000e-02 1.479819e-01
4.530000e-02 1.467022e-01
4.540000e-02 1.483669e-01
4.550000e-02 1.534664e-01
4.560000e-02 1.628519e-01
4.570000e-02 1.779120e-01
4.580000e-02 2.008496e-01
4.590000e-02 2.350569e-01
4.600000e-02 2.853547e-01
4.610000e-02 3.568805e-01
4.620000e-02 4.484638e-01
4.630000e-02 5.343579e-01
4.640000e-02 5.551130e-01
4.650000e-02 4.816019e-01
4.660000e-02 3.665044e-01
4.670000e-02 2.656970e-01
4.680000e-02 1.936387e-01
4.690000e-02 1.450540e-01
4.700000e-02 1.122988e-01
4.710000e-02 8.974050e-02
4.720000e-02 7.377140e-02
4.730000e-02 6.214827e-02
4.740000e-02 5.346689e-02
4.750000e-02 4.683061e-02
4.760000e-02 4.165300e-02
4.770000e-02 3.754103e-02
4.780000e-02 3.422508e-02
4.790000e-02 3.151614e-02
4.800000e-02 2.927912e-02
4.810000e-02 2.741576e-02
4.820000e-02 2.585348e-02
4.830000e-02 2.453798e-02
4.840000e-02 2.342820e-02
4.850000e-02 2.249285e-02
4.860000e-02 2.170803e-02
4.870000e-02 2.105545e-02
4.880000e-02 2.052127e-02
4.890000e-02 2.009522e-02
4.900000e-02 1.976994e-02
4.910000e-02 1.954061e-02
4.920000e-02 1.940464e-02
4.930000e-02 1.936150e-02
4.940000e-02 1.941266e-02
4.950000e-02 1.956164e-02
4.960000e-02 1.981409e-02
4.970000e-02 2.017805e-02
4.980000e-02 2.066423e-02
4.990000e-02 2.128652e-02
