0.000000e+00 3.745260e+00
5.000000e-02 3.720553e+00
1.000000e-01 3.701578e+00
1.500000e-01 3.690359e+00
2.000000e-01 3.691343e+00
2.500000e-01 3.707126e+00
3.000000e-01 3.736823e+00
3.500000e-01 3.775447e+00
4.000000e-01 3.722192e+00
4.500000e-01 3.741056e+00
5.000000e-01 3.684310e+00
5.500000e-01 3.546062e+00
6.000000e-01 3.330248e+00
6.500000e-01 3.550251e+00
7.000000e-01 3.591395e+00
7.500000e-01 2.723235e+00
8.000000e-01 2.852491e+00
8.500000e-01 2.739057e+00
9.000000e-01 2.276549e+00
9.500000e-01 2.649526e+00
1.000000e+00 1.994804e+00
1.050000e+00 2.122961e+00
1.100000e+00 2.867611e+00
1.150000e+00 1.825018e+00
1.200000e+00 1.683519e+00
1.250000e+00 1.670033e+00
1.300000e+00 1.973722e+00
1.350000e+00 2.125001e+00
1.400000e+00 9.462152e-01
1.450000e+00 3.638112e-01
1.500000e+00 1.421985e+00
1.550000e+00 1.059201e+00
1.600000e+00 9.903381e-01
1.650000e+00 1.864133e+00
1.700000e+00 3.969372e-01
1.750000e+00 6.497508e-01
1.800000e+00 6.650886e-01
1.850000e+00 6.367393e-01
1.900000e+00 2.076677e+00
1.950000e+00 4.855207e-01
2.000000e+00 1.529882e+00
2.050000e+00 1.493393e-01
2.100000e+00 1.060895e+00
2.150000e+00 1.556096e+00
2.200000e+00 6.729548e-01
2.250000e+00 1.638091e+00
2.300000e+00 1.083133e+00
2.350000e+00 1.652949e+00
2.400000e+00 1.809971e+00
2.450000e+00 1.177501e+00
2.500000e+00 9.868458e-01
2.550000e+00 1.239649e+00
2.600000e+00 1.626496e+00
2.650000e+00 1.689932e+00
2.700000e+00 1.498200e+00
2.750000e+00 1.399535e+00
2.800000e+00 1.497159e+00
2.850000e+00 1.637462e+00
2.900000e+00 1.701675e+00
2.950000e+00 1.683716e+00
3.000000e+00 1.594599e+00
3.050000e+00 1.443563e+00
3.100000e+00 1.420575e+00
3.150000e+00 1.544064e+00
3.200000e+00 1.636225e+00
3.250000e+00 1.849309e+00
3.300000e+00 2.005956e+00
3.350000e+00 7.261838e-01
3.400000e+00 9.504347e-01
3.450000e+00 8.597302e-01
3.500000e+00 1.680358e+00
3.550000e+00 1.096236e+00
3.600000e+00 1.890624e+00
3.650000e+00 1.729196e+00
3.700000e+00 9.388689e-01
3.750000e+00 4.666203e-01
3.800000e+00 4.392098e-01
3.850000e+00 1.696851e+00
3.900000e+00 9.183624e-01
3.950000e+00 1.505868e+00
4.000000e+00 2.221279e-01
4.050000e+00 1.065413e+00
4.100000e+00 8.469613e-01
4.150000e+00 1.976783e+00
4.200000e+00 8.124020e-01
4.250000e+00 2.619630e-01
4.300000e+00 1.263217e+00
4.350000e+00 1.923734e+00
4.400000e+00 2.727511e-01
4.450000e+00 4.611215e-02
4.500000e+00 2.846543e-02
4.550000e+00 5.902551e-02
4.600000e+00 1.537549e+00
4.650000e+00 4.409404e-01
4.700000e+00 3.174801e-01
4.750000e+00 2.125624e-01
4.800000e+00 1.374027e+00
4.850000e+00 9.562444e-01
4.900000e+00 1.376344e-01
4.950000e+00 2.623811e-01
