0.000000e+00 3.745260e+00
5.000000e-02 3.631887e+00
1.000000e-01 3.564431e+00
1.500000e-01 3.276747e+00
2.000000e-01 2.958768e+00
2.500000e-01 3.250961e+00
3.000000e-01 3.427000e+00
3.500000e-01 3.487713e+00
4.000000e-01 3.586841e+00
4.500000e-01 3.807217e+00
5.000000e-01 3.929138e+00
5.500000e-01 3.810993e+00
6.000000e-01 3.533565e+00
6.500000e-01 3.276891e+00
7.000000e-01 3.189344e+00
7.500000e-01 3.444881e+00
8.000000e-01 2.853782e+00
8.500000e-01 2.662029e+00
9.000000e-01 2.265978e+00
9.500000e-01 2.063519e+00
1.000000e+00 1.928565e+00
1.050000e+00 2.922041e+00
1.100000e+00 2.163741e+00
1.150000e+00 1.941757e+00
1.200000e+00 2.138253e+00
1.250000e+00 1.223774e+00
1.300000e+00 1.621381e+00
1.350000e+00 2.301933e+00
1.400000e+00 1.109388e+00
1.450000e+00 2.009828e+00
1.500000e+00 1.768613e+00
1.550000e+00 2.174298e+00
1.600000e+00 1.707331e+00
1.650000e+00 2.023302e+00
1.700000e+00 1.521564e+00
1.750000e+00 2.175492e+00
1.800000e+00 2.213655e+00
1.850000e+00 2.099508e+00
1.900000e+00 1.661404e+00
1.950000e+00 1.275734e+00
2.000000e+00 1.785935e+00
2.050000e+00 2.569802e+00
2.100000e+00 2.350268e+00
2.150000e+00 1.728836e+00
2.200000e+00 2.295226e+00
2.250000e+00 2.149512e+00
2.300000e+00 1.230837e+00
2.350000e+00 7.432323e-01
2.400000e+00 5.641985e-01
2.450000e+00 4.985574e-01
2.500000e+00 5.381897e-01
2.550000e+00 1.016428e+00
2.600000e+00 1.512411e+00
2.650000e+00 1.078191e+00
2.700000e+00 1.049142e+00
2.750000e+00 1.322863e+00
2.800000e+00 1.716768e+00
2.850000e+00 1.959457e+00
2.900000e+00 1.232336e+00
2.950000e+00 6.476182e-01
3.000000e+00 1.432557e+00
3.050000e+00 1.325171e+00
3.100000e+00 8.610025e-01
3.150000e+00 1.178195e+00
3.200000e+00 1.292627e+00
3.250000e+00 1.465917e+00
3.300000e+00 9.223723e-01
3.350000e+00 2.207968e-01
3.400000e+00 3.077884e-01
3.450000e+00 1.200262e+00
3.500000e+00 1.097392e+00
3.550000e+00 8.771076e-01
3.600000e+00 1.763271e+00
3.650000e+00 3.235105e-01
3.700000e+00 1.540123e-01
3.750000e+00 9.294030e-01
3.800000e+00 1.205401e+00
3.850000e+00 1.045634e+00
3.900000e+00 9.846157e-01
3.950000e+00 2.133185e+00
4.000000e+00 5.368628e-01
4.050000e+00 3.122137e-01
4.100000e+00 2.768414e-01
4.150000e+00 1.503720e+00
4.200000e+00 5.108312e-01
4.250000e+00 1.614488e-02
4.300000e+00 5.506117e-03
4.350000e+00 2.975719e-01
4.400000e+00 5.907261e-01
4.450000e+00 1.598052e-01
4.500000e+00 3.979622e-01
4.550000e+00 9.399803e-02
4.600000e+00 1.610547e+00
4.650000e+00 2.707217e-01
4.700000e+00 1.417252e-01
4.750000e+00 6.921998e-02
4.800000e+00 1.021389e-01
4.850000e+00 7.773179e-02
4.900000e+00 4.896756e-03
4.950000e+00 5.155972e-04
