0.000000e+00 3.745260e+00
5.000000e-02 3.741530e+00
1.000000e-01 3.856325e+00
1.500000e-01 3.758272e+00
2.000000e-01 3.696271e+00
2.500000e-01 3.631932e+00
3.000000e-01 3.572162e+00
3.500000e-01 3.510510e+00
4.000000e-01 3.364272e+00
4.500000e-01 2.810724e+00
5.000000e-01 3.173399e+00
5.500000e-01 3.400225e+00
6.000000e-01 3.433768e+00
6.500000e-01 3.465534e+00
7.000000e-01 3.468393e+00
7.500000e-01 2.310688e+00
8.000000e-01 2.681670e+00
8.500000e-01 2.679847e+00
9.000000e-01 2.785910e+00
9.500000e-01 2.306120e+00
1.000000e+00 2.073189e+00
1.050000e+00 2.036724e+00
1.100000e+00 1.967696e+00
1.150000e+00 2.057839e+00
1.200000e+00 2.303127e+00
1.250000e+00 2.787334e+00
1.300000e+00 1.960473e+00
1.350000e+00 2.333795e+00
1.400000e+00 6.637979e-01
1.450000e+00 6.903325e-01
1.500000e+00 1.393763e+00
1.550000e+00 1.547715e+00
1.600000e+00 8.020785e-01
1.650000e+00 1.769474e+00
1.700000e+00 1.387998e+00
1.750000e+00 1.194917e+00
1.800000e+00 1.537554e+00
1.850000e+00 2.076023e+00
1.900000e+00 8.096452e-01
1.950000e+00 6.905668e-01
2.000000e+00 1.031151e+00
2.050000e+00 2.890539e+00
2.100000e+00 2.394213e+00
2.150000e+00 1.985400e+00
2.200000e+00 1.381093e+00
2.250000e+00 5.599803e-01
2.300000e+00 1.606213e+00
2.350000e+00 3.475247e-01
2.400000e+00 5.963727e-01
2.450000e+00 1.283668e+00
2.500000e+00 1.186998e+00
2.550000e+00 2.461320e+00
2.600000e+00 2.291800e+00
2.650000e+00 2.153706e+00
2.700000e+00 2.013716e+00
2.750000e+00 1.870156e+00
2.800000e+00 1.833398e+00
2.850000e+00 1.867159e+00
2.900000e+00 1.884779e+00
2.950000e+00 1.829324e+00
3.000000e+00 1.693759e+00
3.050000e+00 1.650490e+00
3.100000e+00 1.793716e+00
3.150000e+00 1.693054e+00
3.200000e+00 1.700923e+00
3.250000e+00 1.668465e+00
3.300000e+00 1.175410e+00
3.350000e+00 2.345649e-01
3.400000e+00 3.426454e-01
3.450000e+00 1.635967e+00
3.500000e+00 1.168332e+00
3.550000e+00 1.287385e+00
3.600000e+00 3.397259e-01
3.650000e+00 6.541171e-01
3.700000e+00 3.078168e-01
3.750000e+00 9.368391e-01
3.800000e+00 1.104064e+00
3.850000e+00 1.854032e+00
3.900000e+00 1.426042e+00
3.950000e+00 3.965765e-01
4.000000e+00 3.722767e-01
4.050000e+00 1.130014e+00
4.100000e+00 8.290498e-01
4.150000e+00 1.353444e-01
4.200000e+00 1.410463e-01
4.250000e+00 5.220618e-01
4.300000e+00 9.165032e-01
4.350000e+00 9.863820e-01
4.400000e+00 1.027546e+00
4.450000e+00 1.020129e+00
4.500000e+00 1.253868e-01
4.550000e+00 4.594642e-01
4.600000e+00 1.165054e+00
4.650000e+00 3.999627e-01
4.700000e+00 2.176734e-01
4.750000e+00 1.333104e-01
4.800000e+00 1.537377e+00
4.850000e+00 5.176464e-01
4.900000e+00 5.432066e-01
4.950000e+00 1.109220e+00
