0.000000e+00 9.218645e-01
3.000000e-02 8.817000e-01
6.000000e-02 1.052093e+00
9.000000e-02 1.319309e+00
1.200000e-01 1.492765e+00
1.500000e-01 1.552654e+00
1.800000e-01 1.544937e+00
2.100000e-01 1.527307e+00
2.400000e-01 1.485137e+00
2.700000e-01 1.387505e+00
3.000000e-01 1.312704e+00
3.300000e-01 1.350082e+00
3.600000e-01 1.577089e+00
3.900000e-01 1.934209e+00
4.200000e-01 2.253664e+00
4.500000e-01 2.468754e+00
4.800000e-01 2.599187e+00
5.100000e-01 2.661075e+00
5.400000e-01 2.653196e+00
5.700000e-01 2.563895e+00
6.000000e-01 2.375957e+00
6.300000e-01 2.237897e+00
6.600000e-01 2.253751e+00
6.900000e-01 2.314682e+00
7.200000e-01 2.310086e+00
7.500000e-01 2.237114e+00
7.800000e-01 2.173607e+00
8.100000e-01 2.144129e+00
8.400000e-01 2.120615e+00
8.700000e-01 2.080816e+00
9.000000e-01 2.011765e+00
9.300000e-01 1.909933e+00
9.600000e-01 1.794965e+00
9.900000e-01 1.707255e+00
1.020000e+00 1.673920e+00
1.050000e+00 1.688177e+00
1.080000e+00 1.724182e+00
1.110000e+00 1.761145e+00
1.140000e+00 1.799635e+00
1.170000e+00 1.874207e+00
1.200000e+00 2.084284e+00
1.230000e+00 2.542599e+00
1.260000e+00 2.423700e+00
1.290000e+00 1.738237e+00
1.320000e+00 1.315230e+00
1.350000e+00 1.050076e+00
1.380000e+00 8.814793e-01
1.410000e+00 8.206502e-01
1.440000e+00 8.796408e-01
1.470000e+00 1.032086e+00
1.500000e+00 1.226652e+00
1.530000e+00 1.428134e+00
1.560000e+00 1.635726e+00
1.590000e+00 1.867822e+00
1.620000e+00 2.085001e+00
1.650000e+00 2.094429e+00
1.680000e+00 2.067078e+00
1.710000e+00 3.019813e+00
1.740000e+00 1.710578e+00
1.770000e+00 1.542318e+00
1.800000e+00 1.502623e+00
1.830000e+00 1.486922e+00
1.860000e+00 1.458312e+00
1.890000e+00 1.351554e+00
1.920000e+00 1.212082e+00
1.950000e+00 1.105183e+00
1.980000e+00 1.029869e+00
2.010000e+00 9.726725e-01
2.040000e+00 1.075890e+00
2.070000e+00 2.020348e+00
2.100000e+00 2.146879e+00
2.130000e+00 1.091879e+00
2.160000e+00 5.334198e-01
2.190000e+00 5.708783e-01
2.220000e+00 6.925720e-01
2.250000e+00 1.641670e+00
2.280000e+00 1.911550e+00
2.310000e+00 1.647588e+00
2.340000e+00 1.685425e+00
2.370000e+00 9.059353e-01
2.400000e+00 1.071602e+00
2.430000e+00 3.961512e-01
2.460000e+00 2.003520e-01
2.490000e+00 2.872455e-01
2.520000e+00 5.550061e-01
2.550000e+00 9.126428e-01
2.580000e+00 1.625152e+00
2.610000e+00 1.308455e+00
2.640000e+00 8.238525e-01
2.670000e+00 2.027218e+00
2.700000e+00 1.768535e+00
2.730000e+00 1.556366e+00
2.760000e+00 2.037449e+00
2.790000e+00 8.364654e-01
2.820000e+00 5.780863e-01
2.850000e+00 3.893786e-01
2.880000e+00 2.863996e-01
2.910000e+00 1.575928e-01
2.940000e+00 1.818873e-01
2.970000e+00 8.860195e-01
