1.100000e+00 1.011276e+00
1.100200e+00 1.007301e+00
1.100400e+00 1.003195e+00
1.100600e+00 9.989917e-01
1.100800e+00 9.947228e-01
1.101000e+00 9.904169e-01
1.101200e+00 9.860999e-01
1.101400e+00 9.817953e-01
1.101600e+00 9.775237e-01
1.101800e+00 9.733038e-01
1.102000e+00 9.691519e-01
1.102200e+00 9.650823e-01
1.102400e+00 9.611077e-01
1.102600e+00 9.572390e-01
1.102800e+00 9.534857e-01
1.103000e+00 9.498557e-01
1.103200e+00 9.463562e-01
1.103400e+00 9.429928e-01
1.103600e+00 9.397706e-01
1.103800e+00 9.366934e-01
1.104000e+00 9.337647e-01
1.104200e+00 9.309870e-01
1.104400e+00 9.283624e-01
1.104600e+00 9.258924e-01
1.104800e+00 9.235782e-01
1.105000e+00 9.214203e-01
1.105200e+00 9.194191e-01
1.105400e+00 9.175747e-01
1.105600e+00 9.158869e-01
1.105800e+00 9.143552e-01
1.106000e+00 9.129790e-01
1.106200e+00 9.117574e-01
1.106400e+00 9.106896e-01
1.106600e+00 9.097744e-01
1.106800e+00 9.090106e-01
1.107000e+00 9.083970e-01
1.107200e+00 9.079321e-01
1.107400e+00 9.076146e-01
1.107600e+00 9.074429e-01
1.107800e+00 9.074154e-01
1.108000e+00 9.075306e-01
1.108200e+00 9.077868e-01
1.108400e+00 9.081822e-01
1.108600e+00 9.087151e-01
1.108800e+00 9.093838e-01
1.109000e+00 9.101865e-01
1.109200e+00 9.111212e-01
1.109400e+00 9.121862e-01
1.109600e+00 9.133794e-01
1.109800e+00 9.146990e-01
1.110000e+00 9.161429e-01
1.110200e+00 9.177092e-01
1.110400e+00 9.193958e-01
1.110600e+00 9.212005e-01
1.110800e+00 9.231212e-01
1.111000e+00 9.251557e-01
1.111200e+00 9.273019e-01
1.111400e+00 9.295574e-01
1.111600e+00 9.319199e-01
1.111800e+00 9.343871e-01
1.112000e+00 9.369565e-01
1.112200e+00 9.396256e-01
1.112400e+00 9.423921e-01
1.112600e+00 9.452532e-01
1.112800e+00 9.482065e-01
1.113000e+00 9.512493e-01
1.113200e+00 9.543790e-01
1.113400e+00 9.575928e-01
1.113600e+00 9.608880e-01
1.113800e+00 9.642620e-01
1.114000e+00 9.677119e-01
1.114200e+00 9.712350e-01
1.114400e+00 9.748285e-01
1.114600e+00 9.784898e-01
1.114800e+00 9.822162e-01
1.115000e+00 9.860051e-01
1.115200e+00 9.898538e-01
1.115400e+00 9.937599e-01
1.115600e+00 9.977211e-01
1.115800e+00 1.001735e+00
1.116000e+00 1.005800e+00
1.116200e+00 1.009913e+00
1.116400e+00 1.014074e+00
1.116600e+00 1.018280e+00
1.116800e+00 1.022530e+00
1.117000e+00 1.026824e+00
1.117200e+00 1.031161e+00
1.117400e+00 1.035540e+00
1.117600e+00 1.039961e+00
1.117800e+00 1.044426e+00
1.118000e+00 1.048935e+00
1.118200e+00 1.053489e+00
1.118400e+00 1.058090e+00
1.118600e+00 1.062741e+00
1.118800e+00 1.067444e+00
1.119000e+00 1.072203e+00
1.119200e+00 1.077021e+00
1.119400e+00 1.081904e+00
1.119600e+00 1.086856e+00
1.119800e+00 1.091883e+00
1.120000e+00 1.096990e+00
1.120200e+00 1.102184e+00
1.120400e+00 1.107472e+00
1.120600e+00 1.112862e+00
1.120800e+00 1.118359e+00
1.121000e+00 1.123972e+00
1.121200e+00 1.129709e+00
1.121400e+00 1.135577e+00
1.121600e+00 1.141584e+00
1.121800e+00 1.147736e+00
1.122000e+00 1.154041e+00
1.122200e+00 1.160503e+00
1.122400e+00 1.167129e+00
1.122600e+00 1.173922e+00
1.122800e+00 1.180884e+00
1.123000e+00 1.188018e+00
1.123200e+00 1.195322e+00
1.123400e+00 1.202793e+00
1.123600e+00 1.210427e+00
1.123800e+00 1.218217e+00
1.124000e+00 1.226152e+00
1.124200e+00 1.234218e+00
1.124400e+00 1.242400e+00
1.124600e+00 1.250676e+00
1.124800e+00 1.259022e+00
1.125000e+00 1.267411e+00
1.125200e+00 1.275809e+00
1.125400e+00 1.284179e+00
1.125600e+00 1.292479e+00
1.125800e+00 1.300663e+00
1.126000e+00 1.308678e+00
1.126200e+00 1.316469e+00
1.126400e+00 1.323975e+00
1.126600e+00 1.331129e+00
1.126800e+00 1.337861e+00
1.127000e+00 1.344099e+00
1.127200e+00 1.349766e+00
1.127400e+00 1.354782e+00
1.127600e+00 1.359069e+00
1.127800e+00 1.362544e+00
1.128000e+00 1.365132e+00
1.128200e+00 1.366756e+00
1.128400e+00 1.367346e+00
1.128600e+00 1.366840e+00
1.128800e+00 1.365185e+00
1.129000e+00 1.362340e+00
1.129200e+00 1.358277e+00
1.129400e+00 1.352987e+00
1.129600e+00 1.346477e+00
1.129800e+00 1.338775e+00
1.130000e+00 1.329931e+00
1.130200e+00 1.320016e+00
1.130400e+00 1.309122e+00
1.130600e+00 1.297364e+00
1.130800e+00 1.284875e+00
1.131000e+00 1.271806e+00
1.131200e+00 1.258321e+00
1.131400e+00 1.244594e+00
1.131600e+00 1.230805e+00
1.131800e+00 1.217135e+00
1.132000e+00 1.203761e+00
1.132200e+00 1.190854e+00
1.132400e+00 1.178568e+00
1.132600e+00 1.167047e+00
1.132800e+00 1.156411e+00
1.133000e+00 1.146762e+00
1.133200e+00 1.138177e+00
1.133400e+00 1.130713e+00
1.133600e+00 1.124402e+00
1.133800e+00 1.119254e+00
1.134000e+00 1.115262e+00
1.134200e+00 1.112397e+00
1.134400e+00 1.110616e+00
1.134600e+00 1.109865e+00
1.134800e+00 1.110077e+00
1.135000e+00 1.111177e+00
1.135200e+00 1.113088e+00
1.135400e+00 1.115725e+00
1.135600e+00 1.119006e+00
1.135800e+00 1.122847e+00
1.136000e+00 1.127169e+00
1.136200e+00 1.131894e+00
1.136400e+00 1.136948e+00
1.136600e+00 1.142262e+00
1.136800e+00 1.147774e+00
1.137000e+00 1.153425e+00
1.137200e+00 1.159163e+00
1.137400e+00 1.164942e+00
1.137600e+00 1.170720e+00
1.137800e+00 1.176460e+00
1.138000e+00 1.182131e+00
1.138200e+00 1.187706e+00
1.138400e+00 1.193162e+00
1.138600e+00 1.198480e+00
1.138800e+00 1.203645e+00
1.139000e+00 1.208644e+00
1.139200e+00 1.213468e+00
1.139400e+00 1.218110e+00
1.139600e+00 1.222564e+00
1.139800e+00 1.226827e+00
1.140000e+00 1.230899e+00
1.140200e+00 1.234778e+00
1.140400e+00 1.238466e+00
1.140600e+00 1.241965e+00
1.140800e+00 1.245279e+00
1.141000e+00 1.248410e+00
1.141200e+00 1.251363e+00
1.141400e+00 1.254142e+00
1.141600e+00 1.256753e+00
1.141800e+00 1.259200e+00
1.142000e+00 1.261489e+00
1.142200e+00 1.263626e+00
1.142400e+00 1.265615e+00
1.142600e+00 1.267463e+00
1.142800e+00 1.269175e+00
1.143000e+00 1.270755e+00
1.143200e+00 1.272210e+00
1.143400e+00 1.273544e+00
1.143600e+00 1.274762e+00
1.143800e+00 1.275870e+00
1.144000e+00 1.276871e+00
1.144200e+00 1.277770e+00
1.144400e+00 1.278571e+00
1.144600e+00 1.279277e+00
1.144800e+00 1.279894e+00
1.145000e+00 1.280424e+00
1.145200e+00 1.280870e+00
1.145400e+00 1.281236e+00
1.145600e+00 1.281523e+00
1.145800e+00 1.281736e+00
1.146000e+00 1.281875e+00
1.146200e+00 1.281943e+00
1.146400e+00 1.281942e+00
1.146600e+00 1.281873e+00
1.146800e+00 1.281737e+00
1.147000e+00 1.281536e+00
1.147200e+00 1.281269e+00
1.147400e+00 1.280938e+00
1.147600e+00 1.280542e+00
1.147800e+00 1.280081e+00
1.148000e+00 1.279554e+00
1.148200e+00 1.278962e+00
1.148400e+00 1.278301e+00
1.148600e+00 1.277572e+00
1.148800e+00 1.276771e+00
1.149000e+00 1.275897e+00
1.149200e+00 1.274947e+00
1.149400e+00 1.273917e+00
1.149600e+00 1.272805e+00
1.149800e+00 1.271606e+00
1.150000e+00 1.270316e+00
1.150200e+00 1.268929e+00
1.150400e+00 1.267442e+00
1.150600e+00 1.265847e+00
1.150800e+00 1.264138e+00
1.151000e+00 1.262309e+00
1.151200e+00 1.260352e+00
1.151400e+00 1.258258e+00
1.151600e+00 1.256020e+00
1.151800e+00 1.253629e+00
1.152000e+00 1.251074e+00
1.152200e+00 1.248345e+00
1.152400e+00 1.245432e+00
1.152600e+00 1.242323e+00
1.152800e+00 1.239006e+00
1.153000e+00 1.235468e+00
1.153200e+00 1.231697e+00
1.153400e+00 1.227678e+00
1.153600e+00 1.223399e+00
1.153800e+00 1.218845e+00
1.154000e+00 1.214001e+00
1.154200e+00 1.208852e+00
1.154400e+00 1.203384e+00
1.154600e+00 1.197581e+00
1.154800e+00 1.191429e+00
1.155000e+00 1.184913e+00
1.155200e+00 1.178019e+00
1.155400e+00 1.170734e+00
1.155600e+00 1.163045e+00
1.155800e+00 1.154941e+00
1.156000e+00 1.146412e+00
1.156200e+00 1.137449e+00
1.156400e+00 1.128047e+00
1.156600e+00 1.118202e+00
1.156800e+00 1.107912e+00
1.157000e+00 1.097181e+00
1.157200e+00 1.086014e+00
1.157400e+00 1.074422e+00
1.157600e+00 1.062419e+00
1.157800e+00 1.050025e+00
1.158000e+00 1.037266e+00
1.158200e+00 1.024174e+00
1.158400e+00 1.010787e+00
1.158600e+00 9.971495e-01
1.158800e+00 9.833145e-01
1.159000e+00 9.693418e-01
1.159200e+00 9.552988e-01
1.159400e+00 9.412608e-01
1.159600e+00 9.273107e-01
1.159800e+00 9.135387e-01
1.160000e+00 9.000422e-01
1.160200e+00 8.869244e-01
1.160400e+00 8.742941e-01
1.160600e+00 8.622647e-01
1.160800e+00 8.509520e-01
1.161000e+00 8.404735e-01
1.161200e+00 8.309465e-01
1.161400e+00 8.224857e-01
1.161600e+00 8.152014e-01
1.161800e+00 8.091972e-01
1.162000e+00 8.045679e-01
1.162200e+00 8.013970e-01
1.162400e+00 7.997544e-01
1.162600e+00 7.996950e-01
1.162800e+00 8.012561e-01
1.163000e+00 8.044565e-01
1.163200e+00 8.092955e-01
1.163400e+00 8.157518e-01
1.163600e+00 8.237839e-01
1.163800e+00 8.333302e-01
1.164000e+00 8.443099e-01
1.164200e+00 8.566249e-01
1.164400e+00 8.701611e-01
1.164600e+00 8.847910e-01
1.164800e+00 9.003765e-01
1.165000e+00 9.167716e-01
1.165200e+00 9.338253e-01
1.165400e+00 9.513852e-01
1.165600e+00 9.692998e-01
1.165800e+00 9.874221e-01
1.166000e+00 1.005612e+00
1.166200e+00 1.023737e+00
1.166400e+00 1.041678e+00
1.166600e+00 1.059327e+00
1.166800e+00 1.076590e+00
1.167000e+00 1.093388e+00
1.167200e+00 1.109659e+00
1.167400e+00 1.125353e+00
1.167600e+00 1.140439e+00
1.167800e+00 1.154901e+00
1.168000e+00 1.168741e+00
1.168200e+00 1.181981e+00
1.168400e+00 1.194668e+00
1.168600e+00 1.206890e+00
1.168800e+00 1.218822e+00
1.169000e+00 1.230933e+00
1.169200e+00 1.258034e+00
1.169400e+00 1.284010e+00
1.169600e+00 1.300938e+00
1.169800e+00 1.315144e+00
1.170000e+00 1.327792e+00
1.170200e+00 1.339346e+00
1.170400e+00 1.350044e+00
1.170600e+00 1.360026e+00
1.170800e+00 1.369383e+00
1.171000e+00 1.378179e+00
1.171200e+00 1.386459e+00
1.171400e+00 1.394257e+00
1.171600e+00 1.401602e+00
1.171800e+00 1.408513e+00
1.172000e+00 1.415011e+00
1.172200e+00 1.421109e+00
1.172400e+00 1.426821e+00
1.172600e+00 1.432159e+00
1.172800e+00 1.437132e+00
1.173000e+00 1.441751e+00
1.173200e+00 1.446023e+00
1.173400e+00 1.449956e+00
1.173600e+00 1.453557e+00
1.173800e+00 1.456834e+00
1.174000e+00 1.459792e+00
1.174200e+00 1.462439e+00
1.174400e+00 1.464781e+00
1.174600e+00 1.466822e+00
1.174800e+00 1.468571e+00
1.175000e+00 1.470031e+00
1.175200e+00 1.471210e+00
1.175400e+00 1.472113e+00
1.175600e+00 1.472746e+00
1.175800e+00 1.473115e+00
1.176000e+00 1.473226e+00
1.176200e+00 1.473087e+00
1.176400e+00 1.472702e+00
1.176600e+00 1.472078e+00
1.176800e+00 1.471223e+00
1.177000e+00 1.470143e+00
1.177200e+00 1.468845e+00
1.177400e+00 1.467335e+00
1.177600e+00 1.465623e+00
1.177800e+00 1.463714e+00
1.178000e+00 1.461617e+00
1.178200e+00 1.459339e+00
1.178400e+00 1.456889e+00
1.178600e+00 1.454274e+00
1.178800e+00 1.451503e+00
1.179000e+00 1.448585e+00
1.179200e+00 1.445527e+00
1.179400e+00 1.442339e+00
1.179600e+00 1.439029e+00
1.179800e+00 1.435606e+00
1.180000e+00 1.432079e+00
1.180200e+00 1.428457e+00
1.180400e+00 1.424749e+00
1.180600e+00 1.420963e+00
1.180800e+00 1.417110e+00
1.181000e+00 1.413197e+00
1.181200e+00 1.409234e+00
1.181400e+00 1.405230e+00
1.181600e+00 1.401193e+00
1.181800e+00 1.397131e+00
1.182000e+00 1.393054e+00
1.182200e+00 1.388969e+00
1.182400e+00 1.384885e+00
1.182600e+00 1.380809e+00
1.182800e+00 1.376750e+00
1.183000e+00 1.372714e+00
1.183200e+00 1.368709e+00
1.183400e+00 1.364742e+00
1.183600e+00 1.360819e+00
1.183800e+00 1.356948e+00
1.184000e+00 1.353132e+00
1.184200e+00 1.349380e+00
1.184400e+00 1.345696e+00
1.184600e+00 1.342084e+00
1.184800e+00 1.338551e+00
1.185000e+00 1.335100e+00
1.185200e+00 1.331735e+00
1.185400e+00 1.328461e+00
1.185600e+00 1.325281e+00
1.185800e+00 1.322197e+00
1.186000e+00 1.319213e+00
1.186200e+00 1.316332e+00
1.186400e+00 1.313555e+00
1.186600e+00 1.310884e+00
1.186800e+00 1.308321e+00
1.187000e+00 1.305868e+00
1.187200e+00 1.303525e+00
1.187400e+00 1.301293e+00
1.187600e+00 1.299173e+00
1.187800e+00 1.297164e+00
1.188000e+00 1.295267e+00
1.188200e+00 1.293481e+00
1.188400e+00 1.291804e+00
1.188600e+00 1.290236e+00
1.188800e+00 1.288775e+00
1.189000e+00 1.287418e+00
1.189200e+00 1.286163e+00
1.189400e+00 1.285007e+00
1.189600e+00 1.283945e+00
1.189800e+00 1.282972e+00
1.190000e+00 1.282082e+00
1.190200e+00 1.281268e+00
1.190400e+00 1.280523e+00
1.190600e+00 1.279835e+00
1.190800e+00 1.279195e+00
1.191000e+00 1.278587e+00
1.191200e+00 1.277998e+00
1.191400e+00 1.277408e+00
1.191600e+00 1.276798e+00
1.191800e+00 1.276142e+00
1.192000e+00 1.275414e+00
1.192200e+00 1.274582e+00
1.192400e+00 1.273611e+00
1.192600e+00 1.272461e+00
1.192800e+00 1.271087e+00
1.193000e+00 1.269438e+00
1.193200e+00 1.267459e+00
1.193400e+00 1.265091e+00
1.193600e+00 1.262266e+00
1.193800e+00 1.258914e+00
1.194000e+00 1.254959e+00
1.194200e+00 1.250324e+00
1.194400e+00 1.244927e+00
1.194600e+00 1.238686e+00
1.194800e+00 1.231523e+00
1.195000e+00 1.223362e+00
1.195200e+00 1.214133e+00
1.195400e+00 1.203782e+00
1.195600e+00 1.192265e+00
1.195800e+00 1.179559e+00
1.196000e+00 1.165665e+00
1.196200e+00 1.150611e+00
1.196400e+00 1.134458e+00
1.196600e+00 1.117299e+00
1.196800e+00 1.099263e+00
1.197000e+00 1.080519e+00
1.197200e+00 1.061267e+00
1.197400e+00 1.041739e+00
1.197600e+00 1.022195e+00
1.197800e+00 1.002911e+00
1.198000e+00 9.841739e-01
1.198200e+00 9.662698e-01
1.198400e+00 9.494727e-01
1.198600e+00 9.340347e-01
1.198800e+00 9.201759e-01
1.199000e+00 9.080763e-01
1.199200e+00 8.978697e-01
1.199400e+00 8.896398e-01
1.199600e+00 8.834192e-01
1.199800e+00 8.791908e-01
1.200000e+00 8.768916e-01
1.200200e+00 8.764180e-01
1.200400e+00 8.776328e-01
1.200600e+00 8.803726e-01
1.200800e+00 8.844560e-01
1.201000e+00 8.896907e-01
1.201200e+00 8.958810e-01
1.201400e+00 9.028337e-01
1.201600e+00 9.103632e-01
1.201800e+00 9.182953e-01
1.202000e+00 9.264704e-01
1.202200e+00 9.347451e-01
1.202400e+00 9.429934e-01
1.202600e+00 9.511067e-01
1.202800e+00 9.589938e-01
1.203000e+00 9.665795e-01
1.203200e+00 9.738040e-01
1.203400e+00 9.806214e-01
1.203600e+00 9.869981e-01
1.203800e+00 9.929112e-01
1.204000e+00 9.983477e-01
1.204200e+00 1.003302e+00
1.204400e+00 1.007776e+00
1.204600e+00 1.011776e+00
1.204800e+00 1.015314e+00
1.205000e+00 1.018404e+00
1.205200e+00 1.021065e+00
1.205400e+00 1.023315e+00
1.205600e+00 1.025176e+00
1.205800e+00 1.026669e+00
1.206000e+00 1.027816e+00
1.206200e+00 1.028641e+00
1.206400e+00 1.029164e+00
1.206600e+00 1.029408e+00
1.206800e+00 1.029393e+00
1.207000e+00 1.029141e+00
1.207200e+00 1.028670e+00
1.207400e+00 1.028001e+00
1.207600e+00 1.027149e+00
1.207800e+00 1.026133e+00
1.208000e+00 1.024969e+00
1.208200e+00 1.023671e+00
1.208400e+00 1.022254e+00
1.208600e+00 1.020731e+00
1.208800e+00 1.019115e+00
1.209000e+00 1.017418e+00
1.209200e+00 1.015649e+00
1.209400e+00 1.013821e+00
1.209600e+00 1.011941e+00
1.209800e+00 1.010018e+00
1.210000e+00 1.008062e+00
1.210200e+00 1.006079e+00
1.210400e+00 1.004076e+00
1.210600e+00 1.002060e+00
1.210800e+00 1.000037e+00
1.211000e+00 9.980124e-01
1.211200e+00 9.959909e-01
1.211400e+00 9.939774e-01
1.211600e+00 9.919762e-01
1.211800e+00 9.899913e-01
1.212000e+00 9.880262e-01
1.212200e+00 9.860843e-01
1.212400e+00 9.841686e-01
1.212600e+00 9.822820e-01
1.212800e+00 9.804268e-01
1.213000e+00 9.786055e-01
1.213200e+00 9.768202e-01
1.213400e+00 9.750727e-01
1.213600e+00 9.733648e-01
1.213800e+00 9.716980e-01
1.214000e+00 9.700739e-01
1.214200e+00 9.684935e-01
1.214400e+00 9.669581e-01
1.214600e+00 9.654687e-01
1.214800e+00 9.640262e-01
1.215000e+00 9.626314e-01
1.215200e+00 9.612851e-01
1.215400e+00 9.599877e-01
1.215600e+00 9.587400e-01
1.215800e+00 9.575424e-01
1.216000e+00 9.563952e-01
1.216200e+00 9.552989e-01
1.216400e+00 9.542537e-01
1.216600e+00 9.532598e-01
1.216800e+00 9.523175e-01
1.217000e+00 9.514269e-01
1.217200e+00 9.505881e-01
1.217400e+00 9.498012e-01
1.217600e+00 9.490663e-01
1.217800e+00 9.483833e-01
1.218000e+00 9.477523e-01
1.218200e+00 9.471732e-01
1.218400e+00 9.466461e-01
1.218600e+00 9.461707e-01
1.218800e+00 9.457471e-01
1.219000e+00 9.453751e-01
1.219200e+00 9.450547e-01
1.219400e+00 9.447857e-01
1.219600e+00 9.445681e-01
1.219800e+00 9.444016e-01
1.220000e+00 9.442861e-01
1.220200e+00 9.442215e-01
1.220400e+00 9.442077e-01
1.220600e+00 9.442445e-01
1.220800e+00 9.443318e-01
1.221000e+00 9.444693e-01
1.221200e+00 9.446569e-01
1.221400e+00 9.448946e-01
1.221600e+00 9.451820e-01
1.221800e+00 9.455191e-01
1.222000e+00 9.459058e-01
1.222200e+00 9.463417e-01
1.222400e+00 9.468268e-01
1.222600e+00 9.473610e-01
1.222800e+00 9.479440e-01
1.223000e+00 9.485757e-01
1.223200e+00 9.492559e-01
1.223400e+00 9.499845e-01
1.223600e+00 9.507613e-01
1.223800e+00 9.515861e-01
1.224000e+00 9.524588e-01
1.224200e+00 9.533791e-01
1.224400e+00 9.543469e-01
1.224600e+00 9.553619e-01
1.224800e+00 9.564241e-01
1.225000e+00 9.575331e-01
1.225200e+00 9.586888e-01
1.225400e+00 9.598908e-01
1.225600e+00 9.611391e-01
1.225800e+00 9.624333e-01
1.226000e+00 9.637731e-01
1.226200e+00 9.651583e-01
1.226400e+00 9.665885e-01
1.226600e+00 9.680634e-01
1.226800e+00 9.695828e-01
1.227000e+00 9.711461e-01
1.227200e+00 9.727530e-01
1.227400e+00 9.744031e-01
1.227600e+00 9.760959e-01
1.227800e+00 9.778309e-01
1.228000e+00 9.796076e-01
1.228200e+00 9.814255e-01
1.228400e+00 9.832839e-01
1.228600e+00 9.851822e-01
1.228800e+00 9.871198e-01
1.229000e+00 9.890959e-01
1.229200e+00 9.911098e-01
1.229400e+00 9.931605e-01
1.229600e+00 9.952474e-01
1.229800e+00 9.973694e-01
1.230000e+00 9.995257e-01
1.230200e+00 1.001715e+00
1.230400e+00 1.003936e+00
1.230600e+00 1.006189e+00
1.230800e+00 1.008471e+00
1.231000e+00 1.010782e+00
1.231200e+00 1.013119e+00
1.231400e+00 1.015483e+00
1.231600e+00 1.017870e+00
1.231800e+00 1.020281e+00
1.232000e+00 1.022713e+00
1.232200e+00 1.025164e+00
1.232400e+00 1.027633e+00
1.232600e+00 1.030118e+00
1.232800e+00 1.032617e+00
1.233000e+00 1.035128e+00
1.233200e+00 1.037650e+00
1.233400e+00 1.040179e+00
1.233600e+00 1.042715e+00
1.233800e+00 1.045255e+00
1.234000e+00 1.047797e+00
1.234200e+00 1.050338e+00
1.234400e+00 1.052877e+00
1.234600e+00 1.055410e+00
1.234800e+00 1.057936e+00
1.235000e+00 1.060453e+00
1.235200e+00 1.062956e+00
1.235400e+00 1.065446e+00
1.235600e+00 1.067917e+00
1.235800e+00 1.070370e+00
1.236000e+00 1.072800e+00
1.236200e+00 1.075205e+00
1.236400e+00 1.077584e+00
1.236600e+00 1.079933e+00
1.236800e+00 1.082250e+00
1.237000e+00 1.084532e+00
1.237200e+00 1.086778e+00
1.237400e+00 1.088985e+00
1.237600e+00 1.091150e+00
1.237800e+00 1.093272e+00
1.238000e+00 1.095348e+00
1.238200e+00 1.097376e+00
1.238400e+00 1.099354e+00
1.238600e+00 1.101281e+00
1.238800e+00 1.103154e+00
1.239000e+00 1.104971e+00
1.239200e+00 1.106731e+00
1.239400e+00 1.108432e+00
1.239600e+00 1.110073e+00
1.239800e+00 1.111652e+00
1.240000e+00 1.113168e+00
1.240200e+00 1.114619e+00
1.240400e+00 1.116005e+00
1.240600e+00 1.117325e+00
1.240800e+00 1.118577e+00
1.241000e+00 1.119760e+00
1.241200e+00 1.120875e+00
1.241400e+00 1.121919e+00
1.241600e+00 1.122894e+00
1.241800e+00 1.123798e+00
1.242000e+00 1.124630e+00
1.242200e+00 1.125392e+00
1.242400e+00 1.126082e+00
1.242600e+00 1.126700e+00
1.242800e+00 1.127247e+00
1.243000e+00 1.127722e+00
1.243200e+00 1.128126e+00
1.243400e+00 1.128459e+00
1.243600e+00 1.128721e+00
1.243800e+00 1.128913e+00
1.244000e+00 1.129035e+00
1.244200e+00 1.129088e+00
1.244400e+00 1.129072e+00
1.244600e+00 1.128989e+00
1.244800e+00 1.128838e+00
1.245000e+00 1.128620e+00
1.245200e+00 1.128337e+00
1.245400e+00 1.127990e+00
1.245600e+00 1.127579e+00
1.245800e+00 1.127105e+00
1.246000e+00 1.126570e+00
1.246200e+00 1.125974e+00
1.246400e+00 1.125319e+00
1.246600e+00 1.124606e+00
1.246800e+00 1.123837e+00
1.247000e+00 1.123012e+00
1.247200e+00 1.122133e+00
1.247400e+00 1.121202e+00
1.247600e+00 1.120220e+00
1.247800e+00 1.119188e+00
1.248000e+00 1.118108e+00
1.248200e+00 1.116981e+00
1.248400e+00 1.115810e+00
1.248600e+00 1.114596e+00
1.248800e+00 1.113340e+00
1.249000e+00 1.112045e+00
1.249200e+00 1.110712e+00
1.249400e+00 1.109343e+00
1.249600e+00 1.107940e+00
1.249800e+00 1.106505e+00
1.250000e+00 1.105040e+00
1.250200e+00 1.103547e+00
1.250400e+00 1.102028e+00
1.250600e+00 1.100485e+00
1.250800e+00 1.098920e+00
1.251000e+00 1.097337e+00
1.251200e+00 1.095736e+00
1.251400e+00 1.094121e+00
1.251600e+00 1.092493e+00
1.251800e+00 1.090856e+00
1.252000e+00 1.089211e+00
1.252200e+00 1.087562e+00
1.252400e+00 1.085911e+00
1.252600e+00 1.084260e+00
1.252800e+00 1.082613e+00
1.253000e+00 1.080971e+00
1.253200e+00 1.079339e+00
1.253400e+00 1.077719e+00
1.253600e+00 1.076114e+00
1.253800e+00 1.074527e+00
1.254000e+00 1.072961e+00
1.254200e+00 1.071420e+00
1.254400e+00 1.069905e+00
1.254600e+00 1.068422e+00
1.254800e+00 1.066973e+00
1.255000e+00 1.065561e+00
1.255200e+00 1.064191e+00
1.255400e+00 1.062865e+00
1.255600e+00 1.061587e+00
1.255800e+00 1.060360e+00
1.256000e+00 1.059189e+00
1.256200e+00 1.058077e+00
1.256400e+00 1.057028e+00
1.256600e+00 1.056046e+00
1.256800e+00 1.055134e+00
1.257000e+00 1.054296e+00
1.257200e+00 1.053537e+00
1.257400e+00 1.052860e+00
1.257600e+00 1.052269e+00
1.257800e+00 1.051768e+00
1.258000e+00 1.051362e+00
1.258200e+00 1.051054e+00
1.258400e+00 1.050848e+00
1.258600e+00 1.050748e+00
1.258800e+00 1.050759e+00
1.259000e+00 1.050884e+00
1.259200e+00 1.051127e+00
1.259400e+00 1.051493e+00
1.259600e+00 1.051984e+00
1.259800e+00 1.052606e+00
1.260000e+00 1.053361e+00
1.260200e+00 1.054253e+00
1.260400e+00 1.055286e+00
1.260600e+00 1.056464e+00
1.260800e+00 1.057788e+00
1.261000e+00 1.059263e+00
1.261200e+00 1.060891e+00
1.261400e+00 1.062675e+00
1.261600e+00 1.064618e+00
1.261800e+00 1.066721e+00
1.262000e+00 1.068986e+00
1.262200e+00 1.071414e+00
1.262400e+00 1.074007e+00
1.262600e+00 1.076765e+00
1.262800e+00 1.079688e+00
1.263000e+00 1.082776e+00
1.263200e+00 1.086028e+00
1.263400e+00 1.089442e+00
1.263600e+00 1.093016e+00
1.263800e+00 1.096746e+00
1.264000e+00 1.100628e+00
1.264200e+00 1.104659e+00
1.264400e+00 1.108831e+00
1.264600e+00 1.113139e+00
1.264800e+00 1.117574e+00
1.265000e+00 1.122127e+00
1.265200e+00 1.126788e+00
1.265400e+00 1.131545e+00
1.265600e+00 1.136386e+00
1.265800e+00 1.141295e+00
1.266000e+00 1.146257e+00
1.266200e+00 1.151254e+00
1.266400e+00 1.156268e+00
1.266600e+00 1.161276e+00
1.266800e+00 1.166257e+00
1.267000e+00 1.171187e+00
1.267200e+00 1.176040e+00
1.267400e+00 1.180788e+00
1.267600e+00 1.185402e+00
1.267800e+00 1.189852e+00
1.268000e+00 1.194105e+00
1.268200e+00 1.198129e+00
1.268400e+00 1.201889e+00
1.268600e+00 1.205351e+00
1.268800e+00 1.208478e+00
1.269000e+00 1.211234e+00
1.269200e+00 1.213584e+00
1.269400e+00 1.215492e+00
1.269600e+00 1.216923e+00
1.269800e+00 1.217843e+00
1.270000e+00 1.218221e+00
1.270200e+00 1.218027e+00
1.270400e+00 1.217233e+00
1.270600e+00 1.215817e+00
1.270800e+00 1.213757e+00
1.271000e+00 1.211038e+00
1.271200e+00 1.207648e+00
1.271400e+00 1.203580e+00
1.271600e+00 1.198833e+00
1.271800e+00 1.193412e+00
1.272000e+00 1.187325e+00
1.272200e+00 1.180589e+00
1.272400e+00 1.173226e+00
1.272600e+00 1.165262e+00
1.272800e+00 1.156731e+00
1.273000e+00 1.147670e+00
1.273200e+00 1.138123e+00
1.273400e+00 1.128137e+00
1.273600e+00 1.117764e+00
1.273800e+00 1.107056e+00
1.274000e+00 1.096073e+00
1.274200e+00 1.084871e+00
1.274400e+00 1.073511e+00
1.274600e+00 1.062054e+00
1.274800e+00 1.050559e+00
1.275000e+00 1.039084e+00
1.275200e+00 1.027687e+00
1.275400e+00 1.016423e+00
1.275600e+00 1.005344e+00
1.275800e+00 9.944984e-01
1.276000e+00 9.839317e-01
1.276200e+00 9.736851e-01
1.276400e+00 9.637960e-01
1.276600e+00 9.542973e-01
1.276800e+00 9.452176e-01
1.277000e+00 9.365813e-01
1.277200e+00 9.284085e-01
1.277400e+00 9.207150e-01
1.277600e+00 9.135129e-01
1.277800e+00 9.068103e-01
1.278000e+00 9.006118e-01
1.278200e+00 8.949187e-01
1.278400e+00 8.897291e-01
1.278600e+00 8.850386e-01
1.278800e+00 8.808401e-01
1.279000e+00 8.771243e-01
1.279200e+00 8.738800e-01
1.279400e+00 8.710942e-01
1.279600e+00 8.687526e-01
1.279800e+00 8.668396e-01
1.280000e+00 8.653387e-01
1.280200e+00 8.642325e-01
1.280400e+00 8.635032e-01
1.280600e+00 8.631324e-01
1.280800e+00 8.631017e-01
1.281000e+00 8.633924e-01
1.281200e+00 8.639857e-01
1.281400e+00 8.648634e-01
1.281600e+00 8.660070e-01
1.281800e+00 8.673986e-01
1.282000e+00 8.690207e-01
1.282200e+00 8.708561e-01
1.282400e+00 8.728882e-01
1.282600e+00 8.751009e-01
1.282800e+00 8.774786e-01
1.283000e+00 8.800064e-01
1.283200e+00 8.826699e-01
1.283400e+00 8.854555e-01
1.283600e+00 8.883500e-01
1.283800e+00 8.913411e-01
1.284000e+00 8.944167e-01
1.284200e+00 8.975658e-01
1.284400e+00 9.007778e-01
1.284600e+00 9.040425e-01
1.284800e+00 9.073507e-01
1.285000e+00 9.106934e-01
1.285200e+00 9.140624e-01
1.285400e+00 9.174500e-01
1.285600e+00 9.208488e-01
1.285800e+00 9.242523e-01
1.286000e+00 9.276541e-01
1.286200e+00 9.310485e-01
1.286400e+00 9.344302e-01
1.286600e+00 9.377943e-01
1.286800e+00 9.411362e-01
1.287000e+00 9.444520e-01
1.287200e+00 9.477377e-01
1.287400e+00 9.509901e-01
1.287600e+00 9.542060e-01
1.287800e+00 9.573828e-01
1.288000e+00 9.605180e-01
1.288200e+00 9.636094e-01
1.288400e+00 9.666550e-01
1.288600e+00 9.696533e-01
1.288800e+00 9.726029e-01
1.289000e+00 9.755024e-01
1.289200e+00 9.783508e-01
1.289400e+00 9.811475e-01
1.289600e+00 9.838916e-01
1.289800e+00 9.865827e-01
1.290000e+00 9.892206e-01
1.290200e+00 9.918049e-01
1.290400e+00 9.943356e-01
1.290600e+00 9.968128e-01
1.290800e+00 9.992367e-01
1.291000e+00 1.001607e+00
1.291200e+00 1.003925e+00
1.291400e+00 1.006191e+00
1.291600e+00 1.008405e+00
1.291800e+00 1.010568e+00
1.292000e+00 1.012680e+00
1.292200e+00 1.014742e+00
1.292400e+00 1.016755e+00
1.292600e+00 1.018719e+00
1.292800e+00 1.020636e+00
1.293000e+00 1.022506e+00
1.293200e+00 1.024330e+00
1.293400e+00 1.026109e+00
1.293600e+00 1.027843e+00
1.293800e+00 1.029534e+00
1.294000e+00 1.031183e+00
1.294200e+00 1.032790e+00
1.294400e+00 1.034356e+00
1.294600e+00 1.035882e+00
1.294800e+00 1.037369e+00
1.295000e+00 1.038817e+00
1.295200e+00 1.040229e+00
1.295400e+00 1.041603e+00
1.295600e+00 1.042941e+00
1.295800e+00 1.044244e+00
1.296000e+00 1.045513e+00
1.296200e+00 1.046747e+00
1.296400e+00 1.047948e+00
1.296600e+00 1.049116e+00
1.296800e+00 1.050252e+00
1.297000e+00 1.051356e+00
1.297200e+00 1.052429e+00
1.297400e+00 1.053471e+00
1.297600e+00 1.054481e+00
1.297800e+00 1.055462e+00
1.298000e+00 1.056412e+00
1.298200e+00 1.057332e+00
1.298400e+00 1.058222e+00
1.298600e+00 1.059082e+00
1.298800e+00 1.059911e+00
1.299000e+00 1.060711e+00
1.299200e+00 1.061480e+00
1.299400e+00 1.062218e+00
1.299600e+00 1.062926e+00
1.299800e+00 1.063602e+00
