1.100000e+00 7.273041e-01
1.100200e+00 7.267575e-01
1.100400e+00 7.272531e-01
1.100600e+00 7.287534e-01
1.100800e+00 7.312135e-01
1.101000e+00 7.345824e-01
1.101200e+00 7.388045e-01
1.101400e+00 7.438199e-01
1.101600e+00 7.495663e-01
1.101800e+00 7.559793e-01
1.102000e+00 7.629936e-01
1.102200e+00 7.705436e-01
1.102400e+00 7.785643e-01
1.102600e+00 7.869917e-01
1.102800e+00 7.957633e-01
1.103000e+00 8.048186e-01
1.103200e+00 8.140992e-01
1.103400e+00 8.235496e-01
1.103600e+00 8.331165e-01
1.103800e+00 8.427497e-01
1.104000e+00 8.524015e-01
1.104200e+00 8.620274e-01
1.104400e+00 8.715853e-01
1.104600e+00 8.810360e-01
1.104800e+00 8.903428e-01
1.105000e+00 8.994715e-01
1.105200e+00 9.083902e-01
1.105400e+00 9.170690e-01
1.105600e+00 9.254801e-01
1.105800e+00 9.335975e-01
1.106000e+00 9.413967e-01
1.106200e+00 9.488547e-01
1.106400e+00 9.559496e-01
1.106600e+00 9.626610e-01
1.106800e+00 9.689689e-01
1.107000e+00 9.748545e-01
1.107200e+00 9.802997e-01
1.107400e+00 9.852867e-01
1.107600e+00 9.897985e-01
1.107800e+00 9.938185e-01
1.108000e+00 9.973306e-01
1.108200e+00 1.000319e+00
1.108400e+00 1.002769e+00
1.108600e+00 1.004667e+00
1.108800e+00 1.005998e+00
1.109000e+00 1.006750e+00
1.109200e+00 1.006912e+00
1.109400e+00 1.006474e+00
1.109600e+00 1.005429e+00
1.109800e+00 1.003770e+00
1.110000e+00 1.001496e+00
1.110200e+00 9.986069e-01
1.110400e+00 9.951064e-01
1.110600e+00 9.910031e-01
1.110800e+00 9.863100e-01
1.111000e+00 9.810457e-01
1.111200e+00 9.752341e-01
1.111400e+00 9.689056e-01
1.111600e+00 9.620973e-01
1.111800e+00 9.548529e-01
1.112000e+00 9.472233e-01
1.112200e+00 9.392666e-01
1.112400e+00 9.310479e-01
1.112600e+00 9.226387e-01
1.112800e+00 9.141170e-01
1.113000e+00 9.055663e-01
1.113200e+00 8.970744e-01
1.113400e+00 8.887330e-01
1.113600e+00 8.806357e-01
1.113800e+00 8.728771e-01
1.114000e+00 8.655510e-01
1.114200e+00 8.587488e-01
1.114400e+00 8.525579e-01
1.114600e+00 8.470602e-01
1.114800e+00 8.423302e-01
1.115000e+00 8.384337e-01
1.115200e+00 8.354269e-01
1.115400e+00 8.333548e-01
1.115600e+00 8.322508e-01
1.115800e+00 8.321363e-01
1.116000e+00 8.330200e-01
1.116200e+00 8.348985e-01
1.116400e+00 8.377565e-01
1.116600e+00 8.415673e-01
1.116800e+00 8.462940e-01
1.117000e+00 8.518902e-01
1.117200e+00 8.583012e-01
1.117400e+00 8.654658e-01
1.117600e+00 8.733171e-01
1.117800e+00 8.817841e-01
1.118000e+00 8.907933e-01
1.118200e+00 9.002695e-01
1.118400e+00 9.101375e-01
1.118600e+00 9.203229e-01
1.118800e+00 9.307531e-01
1.119000e+00 9.413582e-01
1.119200e+00 9.520719e-01
1.119400e+00 9.628317e-01
1.119600e+00 9.735794e-01
1.119800e+00 9.842616e-01
1.120000e+00 9.948298e-01
1.120200e+00 1.005240e+00
1.120400e+00 1.015454e+00
1.120600e+00 1.025438e+00
1.120800e+00 1.035163e+00
1.121000e+00 1.044603e+00
1.121200e+00 1.053738e+00
1.121400e+00 1.062551e+00
1.121600e+00 1.071031e+00
1.121800e+00 1.079167e+00
1.122000e+00 1.086952e+00
1.122200e+00 1.094383e+00
1.122400e+00 1.101459e+00
1.122600e+00 1.108180e+00
1.122800e+00 1.114550e+00
1.123000e+00 1.120573e+00
1.123200e+00 1.126255e+00
1.123400e+00 1.131602e+00
1.123600e+00 1.136624e+00
1.123800e+00 1.141330e+00
1.124000e+00 1.145728e+00
1.124200e+00 1.149829e+00
1.124400e+00 1.153644e+00
1.124600e+00 1.157184e+00
1.124800e+00 1.160460e+00
1.125000e+00 1.163483e+00
1.125200e+00 1.166263e+00
1.125400e+00 1.168814e+00
1.125600e+00 1.171144e+00
1.125800e+00 1.173267e+00
1.126000e+00 1.175191e+00
1.126200e+00 1.176928e+00
1.126400e+00 1.178487e+00
1.126600e+00 1.179880e+00
1.126800e+00 1.181115e+00
1.127000e+00 1.182203e+00
1.127200e+00 1.183151e+00
1.127400e+00 1.183970e+00
1.127600e+00 1.184667e+00
1.127800e+00 1.185251e+00
1.128000e+00 1.185730e+00
1.128200e+00 1.186111e+00
1.128400e+00 1.186402e+00
1.128600e+00 1.186609e+00
1.128800e+00 1.186740e+00
1.129000e+00 1.186801e+00
1.129200e+00 1.186797e+00
1.129400e+00 1.186735e+00
1.129600e+00 1.186621e+00
1.129800e+00 1.186459e+00
1.130000e+00 1.186255e+00
1.130200e+00 1.186014e+00
1.130400e+00 1.185740e+00
1.130600e+00 1.185438e+00
1.130800e+00 1.185112e+00
1.131000e+00 1.184765e+00
1.131200e+00 1.184402e+00
1.131400e+00 1.184026e+00
1.131600e+00 1.183641e+00
1.131800e+00 1.183248e+00
1.132000e+00 1.182852e+00
1.132200e+00 1.182455e+00
1.132400e+00 1.182060e+00
1.132600e+00 1.181669e+00
1.132800e+00 1.181284e+00
1.133000e+00 1.180907e+00
1.133200e+00 1.180540e+00
1.133400e+00 1.180186e+00
1.133600e+00 1.179844e+00
1.133800e+00 1.179518e+00
1.134000e+00 1.179208e+00
1.134200e+00 1.178916e+00
1.134400e+00 1.178642e+00
1.134600e+00 1.178388e+00
1.134800e+00 1.178154e+00
1.135000e+00 1.177942e+00
1.135200e+00 1.177752e+00
1.135400e+00 1.177585e+00
1.135600e+00 1.177441e+00
1.135800e+00 1.177322e+00
1.136000e+00 1.177227e+00
1.136200e+00 1.177157e+00
1.136400e+00 1.177113e+00
1.136600e+00 1.177096e+00
1.136800e+00 1.177106e+00
1.137000e+00 1.177144e+00
1.137200e+00 1.177210e+00
1.137400e+00 1.177305e+00
1.137600e+00 1.177431e+00
1.137800e+00 1.177588e+00
1.138000e+00 1.177777e+00
1.138200e+00 1.178000e+00
1.138400e+00 1.178258e+00
1.138600e+00 1.178552e+00
1.138800e+00 1.178884e+00
1.139000e+00 1.179256e+00
1.139200e+00 1.179670e+00
1.139400e+00 1.180128e+00
1.139600e+00 1.180631e+00
1.139800e+00 1.181183e+00
1.140000e+00 1.181786e+00
1.140200e+00 1.182443e+00
1.140400e+00 1.183156e+00
1.140600e+00 1.183927e+00
1.140800e+00 1.184761e+00
1.141000e+00 1.185659e+00
1.141200e+00 1.186624e+00
1.141400e+00 1.187660e+00
1.141600e+00 1.188769e+00
1.141800e+00 1.189953e+00
1.142000e+00 1.191216e+00
1.142200e+00 1.192558e+00
1.142400e+00 1.193983e+00
1.142600e+00 1.195492e+00
1.142800e+00 1.197086e+00
1.143000e+00 1.198767e+00
1.143200e+00 1.200535e+00
1.143400e+00 1.202389e+00
1.143600e+00 1.204331e+00
1.143800e+00 1.206358e+00
1.144000e+00 1.208470e+00
1.144200e+00 1.210663e+00
1.144400e+00 1.212935e+00
1.144600e+00 1.215283e+00
1.144800e+00 1.217701e+00
1.145000e+00 1.220185e+00
1.145200e+00 1.222728e+00
1.145400e+00 1.225324e+00
1.145600e+00 1.227964e+00
1.145800e+00 1.230640e+00
1.146000e+00 1.233342e+00
1.146200e+00 1.236059e+00
1.146400e+00 1.238779e+00
1.146600e+00 1.241490e+00
1.146800e+00 1.244178e+00
1.147000e+00 1.246827e+00
1.147200e+00 1.249421e+00
1.147400e+00 1.251944e+00
1.147600e+00 1.254377e+00
1.147800e+00 1.256700e+00
1.148000e+00 1.258893e+00
1.148200e+00 1.260934e+00
1.148400e+00 1.262800e+00
1.148600e+00 1.264467e+00
1.148800e+00 1.265909e+00
1.149000e+00 1.267102e+00
1.149200e+00 1.268018e+00
1.149400e+00 1.268630e+00
1.149600e+00 1.268909e+00
1.149800e+00 1.268827e+00
1.150000e+00 1.268356e+00
1.150200e+00 1.267469e+00
1.150400e+00 1.266139e+00
1.150600e+00 1.264341e+00
1.150800e+00 1.262053e+00
1.151000e+00 1.259255e+00
1.151200e+00 1.255933e+00
1.151400e+00 1.252076e+00
1.151600e+00 1.247681e+00
1.151800e+00 1.242754e+00
1.152000e+00 1.237307e+00
1.152200e+00 1.231363e+00
1.152400e+00 1.224959e+00
1.152600e+00 1.218142e+00
1.152800e+00 1.210973e+00
1.153000e+00 1.203525e+00
1.153200e+00 1.195888e+00
1.153400e+00 1.188161e+00
1.153600e+00 1.180455e+00
1.153800e+00 1.172892e+00
1.154000e+00 1.165598e+00
1.154200e+00 1.158702e+00
1.154400e+00 1.152331e+00
1.154600e+00 1.146606e+00
1.154800e+00 1.141634e+00
1.155000e+00 1.137510e+00
1.155200e+00 1.134305e+00
1.155400e+00 1.132067e+00
1.155600e+00 1.130818e+00
1.155800e+00 1.130552e+00
1.156000e+00 1.131235e+00
1.156200e+00 1.132807e+00
1.156400e+00 1.135185e+00
1.156600e+00 1.138264e+00
1.156800e+00 1.141927e+00
1.157000e+00 1.146043e+00
1.157200e+00 1.150479e+00
1.157400e+00 1.155100e+00
1.157600e+00 1.159775e+00
1.157800e+00 1.164380e+00
1.158000e+00 1.168805e+00
1.158200e+00 1.172948e+00
1.158400e+00 1.176726e+00
1.158600e+00 1.180067e+00
1.158800e+00 1.182917e+00
1.159000e+00 1.185235e+00
1.159200e+00 1.186991e+00
1.159400e+00 1.188171e+00
1.159600e+00 1.188769e+00
1.159800e+00 1.188788e+00
1.160000e+00 1.188240e+00
1.160200e+00 1.187140e+00
1.160400e+00 1.185512e+00
1.160600e+00 1.183381e+00
1.160800e+00 1.180773e+00
1.161000e+00 1.177719e+00
1.161200e+00 1.174248e+00
1.161400e+00 1.170390e+00
1.161600e+00 1.166175e+00
1.161800e+00 1.161632e+00
1.162000e+00 1.156789e+00
1.162200e+00 1.151673e+00
1.162400e+00 1.146310e+00
1.162600e+00 1.140724e+00
1.162800e+00 1.134939e+00
1.163000e+00 1.128978e+00
1.163200e+00 1.122861e+00
1.163400e+00 1.116610e+00
1.163600e+00 1.110245e+00
1.163800e+00 1.103786e+00
1.164000e+00 1.097254e+00
1.164200e+00 1.090670e+00
1.164400e+00 1.084057e+00
1.164600e+00 1.077439e+00
1.164800e+00 1.070842e+00
1.165000e+00 1.064297e+00
1.165200e+00 1.057838e+00
1.165400e+00 1.051503e+00
1.165600e+00 1.045338e+00
1.165800e+00 1.039396e+00
1.166000e+00 1.033737e+00
1.166200e+00 1.028434e+00
1.166400e+00 1.023570e+00
1.166600e+00 1.019242e+00
1.166800e+00 1.015560e+00
1.167000e+00 1.012652e+00
1.167200e+00 1.010661e+00
1.167400e+00 1.009744e+00
1.167600e+00 1.010074e+00
1.167800e+00 1.011838e+00
1.168000e+00 1.015229e+00
1.168200e+00 1.020450e+00
1.168400e+00 1.027715e+00
1.168600e+00 1.037275e+00
1.168800e+00 1.049517e+00
1.169000e+00 1.065476e+00
1.169200e+00 1.093589e+00
1.169400e+00 1.098212e+00
1.169600e+00 1.100636e+00
1.169800e+00 1.102003e+00
1.170000e+00 1.102619e+00
1.170200e+00 1.102637e+00
1.170400e+00 1.102155e+00
1.170600e+00 1.101237e+00
1.170800e+00 1.099933e+00
1.171000e+00 1.098284e+00
1.171200e+00 1.096321e+00
1.171400e+00 1.094073e+00
1.171600e+00 1.091564e+00
1.171800e+00 1.088816e+00
1.172000e+00 1.085848e+00
1.172200e+00 1.082679e+00
1.172400e+00 1.079324e+00
1.172600e+00 1.075801e+00
1.172800e+00 1.072122e+00
1.173000e+00 1.068302e+00
1.173200e+00 1.064355e+00
1.173400e+00 1.060291e+00
1.173600e+00 1.056123e+00
1.173800e+00 1.051861e+00
1.174000e+00 1.047518e+00
1.174200e+00 1.043101e+00
1.174400e+00 1.038622e+00
1.174600e+00 1.034088e+00
1.174800e+00 1.029510e+00
1.175000e+00 1.024895e+00
1.175200e+00 1.020251e+00
1.175400e+00 1.015585e+00
1.175600e+00 1.010906e+00
1.175800e+00 1.006220e+00
1.176000e+00 1.001533e+00
1.176200e+00 9.968524e-01
1.176400e+00 9.921834e-01
1.176600e+00 9.875320e-01
1.176800e+00 9.829038e-01
1.177000e+00 9.783038e-01
1.177200e+00 9.737371e-01
1.177400e+00 9.692084e-01
1.177600e+00 9.647223e-01
1.177800e+00 9.602831e-01
1.178000e+00 9.558950e-01
1.178200e+00 9.515618e-01
1.178400e+00 9.472875e-01
1.178600e+00 9.430755e-01
1.178800e+00 9.389295e-01
1.179000e+00 9.348526e-01
1.179200e+00 9.308480e-01
1.179400e+00 9.269188e-01
1.179600e+00 9.230680e-01
1.179800e+00 9.192983e-01
1.180000e+00 9.156124e-01
1.180200e+00 9.120130e-01
1.180400e+00 9.085024e-01
1.180600e+00 9.050832e-01
1.180800e+00 9.017577e-01
1.181000e+00 8.985281e-01
1.181200e+00 8.953966e-01
1.181400e+00 8.923653e-01
1.181600e+00 8.894361e-01
1.181800e+00 8.866111e-01
1.182000e+00 8.838922e-01
1.182200e+00 8.812811e-01
1.182400e+00 8.787797e-01
1.182600e+00 8.763896e-01
1.182800e+00 8.741124e-01
1.183000e+00 8.719497e-01
1.183200e+00 8.699031e-01
1.183400e+00 8.679738e-01
1.183600e+00 8.661633e-01
1.183800e+00 8.644729e-01
1.184000e+00 8.629037e-01
1.184200e+00 8.614567e-01
1.184400e+00 8.601331e-01
1.184600e+00 8.589337e-01
1.184800e+00 8.578593e-01
1.185000e+00 8.569105e-01
1.185200e+00 8.560880e-01
1.185400e+00 8.553921e-01
1.185600e+00 8.548231e-01
1.185800e+00 8.543812e-01
1.186000e+00 8.540662e-01
1.186200e+00 8.538781e-01
1.186400e+00 8.538163e-01
1.186600e+00 8.538804e-01
1.186800e+00 8.540694e-01
1.187000e+00 8.543826e-01
1.187200e+00 8.548185e-01
1.187400e+00 8.553758e-01
1.187600e+00 8.560527e-01
1.187800e+00 8.568474e-01
1.188000e+00 8.577577e-01
1.188200e+00 8.587810e-01
1.188400e+00 8.599146e-01
1.188600e+00 8.611556e-01
1.188800e+00 8.625007e-01
1.189000e+00 8.639464e-01
1.189200e+00 8.654888e-01
1.189400e+00 8.671238e-01
1.189600e+00 8.688471e-01
1.189800e+00 8.706541e-01
1.190000e+00 8.725399e-01
1.190200e+00 8.744994e-01
1.190400e+00 8.765274e-01
1.190600e+00 8.786182e-01
1.190800e+00 8.807662e-01
1.191000e+00 8.829655e-01
1.191200e+00 8.852101e-01
1.191400e+00 8.874937e-01
1.191600e+00 8.898101e-01
1.191800e+00 8.921531e-01
1.192000e+00 8.945162e-01
1.192200e+00 8.968931e-01
1.192400e+00 8.992774e-01
1.192600e+00 9.016629e-01
1.192800e+00 9.040433e-01
1.193000e+00 9.064125e-01
1.193200e+00 9.087646e-01
1.193400e+00 9.110937e-01
1.193600e+00 9.133945e-01
1.193800e+00 9.156615e-01
1.194000e+00 9.178898e-01
1.194200e+00 9.200745e-01
1.194400e+00 9.222112e-01
1.194600e+00 9.242960e-01
1.194800e+00 9.263249e-01
1.195000e+00 9.282948e-01
1.195200e+00 9.302027e-01
1.195400e+00 9.320460e-01
1.195600e+00 9.338227e-01
1.195800e+00 9.355309e-01
1.196000e+00 9.371696e-01
1.196200e+00 9.387378e-01
1.196400e+00 9.402352e-01
1.196600e+00 9.416618e-01
1.196800e+00 9.430180e-01
1.197000e+00 9.443048e-01
1.197200e+00 9.455234e-01
1.197400e+00 9.466755e-01
1.197600e+00 9.477631e-01
1.197800e+00 9.487887e-01
1.198000e+00 9.497552e-01
1.198200e+00 9.506655e-01
1.198400e+00 9.515233e-01
1.198600e+00 9.523324e-01
1.198800e+00 9.530967e-01
1.199000e+00 9.538206e-01
1.199200e+00 9.545089e-01
1.199400e+00 9.551664e-01
1.199600e+00 9.557982e-01
1.199800e+00 9.564097e-01
1.200000e+00 9.570066e-01
1.200200e+00 9.575945e-01
1.200400e+00 9.581795e-01
1.200600e+00 9.587678e-01
1.200800e+00 9.593657e-01
1.201000e+00 9.599797e-01
1.201200e+00 9.606167e-01
1.201400e+00 9.612835e-01
1.201600e+00 9.619871e-01
1.201800e+00 9.627348e-01
1.202000e+00 9.635340e-01
1.202200e+00 9.643924e-01
1.202400e+00 9.653177e-01
1.202600e+00 9.663179e-01
1.202800e+00 9.674012e-01
1.203000e+00 9.685761e-01
1.203200e+00 9.698511e-01
1.203400e+00 9.712352e-01
1.203600e+00 9.727374e-01
1.203800e+00 9.743673e-01
1.204000e+00 9.761344e-01
1.204200e+00 9.780488e-01
1.204400e+00 9.801208e-01
1.204600e+00 9.823611e-01
1.204800e+00 9.847806e-01
1.205000e+00 9.873907e-01
1.205200e+00 9.902032e-01
1.205400e+00 9.932301e-01
1.205600e+00 9.964840e-01
1.205800e+00 9.999777e-01
1.206000e+00 1.003725e+00
1.206200e+00 1.007738e+00
1.206400e+00 1.012033e+00
1.206600e+00 1.016622e+00
1.206800e+00 1.021521e+00
1.207000e+00 1.026744e+00
1.207200e+00 1.032307e+00
1.207400e+00 1.038223e+00
1.207600e+00 1.044508e+00
1.207800e+00 1.051176e+00
1.208000e+00 1.058240e+00
1.208200e+00 1.065712e+00
1.208400e+00 1.073605e+00
1.208600e+00 1.081928e+00
1.208800e+00 1.090687e+00
1.209000e+00 1.099887e+00
1.209200e+00 1.109530e+00
1.209400e+00 1.119609e+00
1.209600e+00 1.130117e+00
1.209800e+00 1.141035e+00
1.210000e+00 1.152339e+00
1.210200e+00 1.163994e+00
1.210400e+00 1.175951e+00
1.210600e+00 1.188150e+00
1.210800e+00 1.200513e+00
1.211000e+00 1.212943e+00
1.211200e+00 1.225324e+00
1.211400e+00 1.237513e+00
1.211600e+00 1.249343e+00
1.211800e+00 1.260617e+00
1.212000e+00 1.271110e+00
1.212200e+00 1.280566e+00
1.212400e+00 1.288698e+00
1.212600e+00 1.295195e+00
1.212800e+00 1.299720e+00
1.213000e+00 1.301925e+00
1.213200e+00 1.301458e+00
1.213400e+00 1.297979e+00
1.213600e+00 1.291178e+00
1.213800e+00 1.280801e+00
1.214000e+00 1.266668e+00
1.214200e+00 1.248708e+00
1.214400e+00 1.226975e+00
1.214600e+00 1.201678e+00
1.214800e+00 1.173189e+00
1.215000e+00 1.142051e+00
1.215200e+00 1.108967e+00
1.215400e+00 1.074774e+00
1.215600e+00 1.040413e+00
1.215800e+00 1.006871e+00
1.216000e+00 9.751256e-01
1.216200e+00 9.460878e-01
1.216400e+00 9.205425e-01
1.216600e+00 8.991048e-01
1.216800e+00 8.821898e-01
1.217000e+00 8.699993e-01
1.217200e+00 8.625270e-01
1.217400e+00 8.595791e-01
1.217600e+00 8.608059e-01
1.217800e+00 8.657406e-01
1.218000e+00 8.738410e-01
1.218200e+00 8.845277e-01
1.218400e+00 8.972192e-01
1.218600e+00 9.113591e-01
1.218800e+00 9.264362e-01
1.219000e+00 9.419982e-01
1.219200e+00 9.576578e-01
1.219400e+00 9.730949e-01
1.219600e+00 9.880543e-01
1.219800e+00 1.002341e+00
1.220000e+00 1.015812e+00
1.220200e+00 1.028372e+00
1.220400e+00 1.039964e+00
1.220600e+00 1.050563e+00
1.220800e+00 1.060168e+00
1.221000e+00 1.068798e+00
1.221200e+00 1.076488e+00
1.221400e+00 1.083280e+00
1.221600e+00 1.089225e+00
1.221800e+00 1.094378e+00
1.222000e+00 1.098796e+00
1.222200e+00 1.102535e+00
1.222400e+00 1.105653e+00
1.222600e+00 1.108202e+00
1.222800e+00 1.110234e+00
1.223000e+00 1.111800e+00
1.223200e+00 1.112943e+00
1.223400e+00 1.113707e+00
1.223600e+00 1.114131e+00
1.223800e+00 1.114251e+00
1.224000e+00 1.114100e+00
1.224200e+00 1.113709e+00
1.224400e+00 1.113106e+00
1.224600e+00 1.112315e+00
1.224800e+00 1.111359e+00
1.225000e+00 1.110258e+00
1.225200e+00 1.109033e+00
1.225400e+00 1.107699e+00
1.225600e+00 1.106272e+00
1.225800e+00 1.104766e+00
1.226000e+00 1.103194e+00
1.226200e+00 1.101567e+00
1.226400e+00 1.099895e+00
1.226600e+00 1.098189e+00
1.226800e+00 1.096456e+00
1.227000e+00 1.094706e+00
1.227200e+00 1.092945e+00
1.227400e+00 1.091181e+00
1.227600e+00 1.089420e+00
1.227800e+00 1.087667e+00
1.228000e+00 1.085929e+00
1.228200e+00 1.084211e+00
1.228400e+00 1.082518e+00
1.228600e+00 1.080855e+00
1.228800e+00 1.079227e+00
1.229000e+00 1.077637e+00
1.229200e+00 1.076091e+00
1.229400e+00 1.074593e+00
1.229600e+00 1.073146e+00
1.229800e+00 1.071755e+00
1.230000e+00 1.070424e+00
1.230200e+00 1.069156e+00
1.230400e+00 1.067956e+00
1.230600e+00 1.066827e+00
1.230800e+00 1.065773e+00
1.231000e+00 1.064797e+00
1.231200e+00 1.063903e+00
1.231400e+00 1.063094e+00
1.231600e+00 1.062373e+00
1.231800e+00 1.061745e+00
1.232000e+00 1.061211e+00
1.232200e+00 1.060776e+00
1.232400e+00 1.060441e+00
1.232600e+00 1.060210e+00
1.232800e+00 1.060085e+00
1.233000e+00 1.060068e+00
1.233200e+00 1.060163e+00
1.233400e+00 1.060371e+00
1.233600e+00 1.060694e+00
1.233800e+00 1.061134e+00
1.234000e+00 1.061692e+00
1.234200e+00 1.062371e+00
1.234400e+00 1.063170e+00
1.234600e+00 1.064092e+00
1.234800e+00 1.065136e+00
1.235000e+00 1.066304e+00
1.235200e+00 1.067595e+00
1.235400e+00 1.069010e+00
1.235600e+00 1.070549e+00
1.235800e+00 1.072211e+00
1.236000e+00 1.073996e+00
1.236200e+00 1.075902e+00
1.236400e+00 1.077930e+00
1.236600e+00 1.080077e+00
1.236800e+00 1.082342e+00
1.237000e+00 1.084724e+00
1.237200e+00 1.087221e+00
1.237400e+00 1.089830e+00
1.237600e+00 1.092551e+00
1.237800e+00 1.095379e+00
1.238000e+00 1.098313e+00
1.238200e+00 1.101351e+00
1.238400e+00 1.104489e+00
1.238600e+00 1.107725e+00
1.238800e+00 1.111056e+00
1.239000e+00 1.114478e+00
1.239200e+00 1.117988e+00
1.239400e+00 1.121584e+00
1.239600e+00 1.125262e+00
1.239800e+00 1.129018e+00
1.240000e+00 1.132849e+00
1.240200e+00 1.136752e+00
1.240400e+00 1.140724e+00
1.240600e+00 1.144760e+00
1.240800e+00 1.148857e+00
1.241000e+00 1.153012e+00
1.241200e+00 1.157221e+00
1.241400e+00 1.161481e+00
1.241600e+00 1.165787e+00
1.241800e+00 1.170138e+00
1.242000e+00 1.174529e+00
1.242200e+00 1.178957e+00
1.242400e+00 1.183418e+00
1.242600e+00 1.187909e+00
1.242800e+00 1.192427e+00
1.243000e+00 1.196968e+00
1.243200e+00 1.201530e+00
1.243400e+00 1.206108e+00
1.243600e+00 1.210700e+00
1.243800e+00 1.215303e+00
1.244000e+00 1.219913e+00
1.244200e+00 1.224528e+00
1.244400e+00 1.229143e+00
1.244600e+00 1.233757e+00
1.244800e+00 1.238366e+00
1.245000e+00 1.242967e+00
1.245200e+00 1.247557e+00
1.245400e+00 1.252132e+00
1.245600e+00 1.256691e+00
1.245800e+00 1.261230e+00
1.246000e+00 1.265745e+00
1.246200e+00 1.270234e+00
1.246400e+00 1.274694e+00
1.246600e+00 1.279121e+00
1.246800e+00 1.283511e+00
1.247000e+00 1.287863e+00
1.247200e+00 1.292171e+00
1.247400e+00 1.296433e+00
1.247600e+00 1.300645e+00
1.247800e+00 1.304803e+00
1.248000e+00 1.308903e+00
1.248200e+00 1.312942e+00
1.248400e+00 1.316913e+00
1.248600e+00 1.320815e+00
1.248800e+00 1.324640e+00
1.249000e+00 1.328386e+00
1.249200e+00 1.332046e+00
1.249400e+00 1.335615e+00
1.249600e+00 1.339087e+00
1.249800e+00 1.342458e+00
1.250000e+00 1.345719e+00
1.250200e+00 1.348865e+00
1.250400e+00 1.351890e+00
1.250600e+00 1.354785e+00
1.250800e+00 1.357543e+00
1.251000e+00 1.360158e+00
1.251200e+00 1.362619e+00
1.251400e+00 1.364920e+00
1.251600e+00 1.367052e+00
1.251800e+00 1.369005e+00
1.252000e+00 1.370770e+00
1.252200e+00 1.372338e+00
1.252400e+00 1.373700e+00
1.252600e+00 1.374846e+00
1.252800e+00 1.375765e+00
1.253000e+00 1.376447e+00
1.253200e+00 1.376884e+00
1.253400e+00 1.377065e+00
1.253600e+00 1.376980e+00
1.253800e+00 1.376621e+00
1.254000e+00 1.375977e+00
1.254200e+00 1.375040e+00
1.254400e+00 1.373803e+00
1.254600e+00 1.372257e+00
1.254800e+00 1.370396e+00
1.255000e+00 1.368213e+00
1.255200e+00 1.365705e+00
1.255400e+00 1.362867e+00
1.255600e+00 1.359696e+00
1.255800e+00 1.356192e+00
1.256000e+00 1.352354e+00
1.256200e+00 1.348184e+00
1.256400e+00 1.343685e+00
1.256600e+00 1.338863e+00
1.256800e+00 1.333724e+00
1.257000e+00 1.328278e+00
1.257200e+00 1.322534e+00
1.257400e+00 1.316506e+00
1.257600e+00 1.310209e+00
1.257800e+00 1.303660e+00
1.258000e+00 1.296876e+00
1.258200e+00 1.289880e+00
1.258400e+00 1.282694e+00
1.258600e+00 1.275343e+00
1.258800e+00 1.267853e+00
1.259000e+00 1.260253e+00
1.259200e+00 1.252572e+00
1.259400e+00 1.244842e+00
1.259600e+00 1.237095e+00
1.259800e+00 1.229366e+00
1.260000e+00 1.221688e+00
1.260200e+00 1.214098e+00
1.260400e+00 1.206630e+00
1.260600e+00 1.199322e+00
1.260800e+00 1.192209e+00
1.261000e+00 1.185327e+00
1.261200e+00 1.178712e+00
1.261400e+00 1.172399e+00
1.261600e+00 1.166420e+00
1.261800e+00 1.160810e+00
1.262000e+00 1.155598e+00
1.262200e+00 1.150814e+00
1.262400e+00 1.146485e+00
1.262600e+00 1.142636e+00
1.262800e+00 1.139289e+00
1.263000e+00 1.136466e+00
1.263200e+00 1.134182e+00
1.263400e+00 1.132451e+00
1.263600e+00 1.131286e+00
1.263800e+00 1.130693e+00
1.264000e+00 1.130678e+00
1.264200e+00 1.131241e+00
1.264400e+00 1.132380e+00
1.264600e+00 1.134089e+00
1.264800e+00 1.136360e+00
1.265000e+00 1.139180e+00
1.265200e+00 1.142534e+00
1.265400e+00 1.146402e+00
1.265600e+00 1.150764e+00
1.265800e+00 1.155593e+00
1.266000e+00 1.160864e+00
1.266200e+00 1.166546e+00
1.266400e+00 1.172606e+00
1.266600e+00 1.179012e+00
1.266800e+00 1.185726e+00
1.267000e+00 1.192711e+00
1.267200e+00 1.199929e+00
1.267400e+00 1.207338e+00
1.267600e+00 1.214900e+00
1.267800e+00 1.222572e+00
1.268000e+00 1.230314e+00
1.268200e+00 1.238085e+00
1.268400e+00 1.245843e+00
1.268600e+00 1.253549e+00
1.268800e+00 1.261164e+00
1.269000e+00 1.268651e+00
1.269200e+00 1.275973e+00
1.269400e+00 1.283096e+00
1.269600e+00 1.289988e+00
1.269800e+00 1.296619e+00
1.270000e+00 1.302962e+00
1.270200e+00 1.308992e+00
1.270400e+00 1.314688e+00
1.270600e+00 1.320031e+00
1.270800e+00 1.325006e+00
1.271000e+00 1.329601e+00
1.271200e+00 1.333808e+00
1.271400e+00 1.337621e+00
1.271600e+00 1.341041e+00
1.271800e+00 1.344069e+00
1.272000e+00 1.346711e+00
1.272200e+00 1.348978e+00
1.272400e+00 1.350881e+00
1.272600e+00 1.352439e+00
1.272800e+00 1.353670e+00
1.273000e+00 1.354596e+00
1.273200e+00 1.355243e+00
1.273400e+00 1.355638e+00
1.273600e+00 1.355811e+00
1.273800e+00 1.355791e+00
1.274000e+00 1.355612e+00
1.274200e+00 1.355307e+00
1.274400e+00 1.354907e+00
1.274600e+00 1.354448e+00
1.274800e+00 1.353961e+00
1.275000e+00 1.353478e+00
1.275200e+00 1.353029e+00
1.275400e+00 1.352642e+00
1.275600e+00 1.352345e+00
1.275800e+00 1.352161e+00
1.276000e+00 1.352111e+00
1.276200e+00 1.352212e+00
1.276400e+00 1.352481e+00
1.276600e+00 1.352928e+00
1.276800e+00 1.353562e+00
1.277000e+00 1.354387e+00
1.277200e+00 1.355405e+00
1.277400e+00 1.356615e+00
1.277600e+00 1.358011e+00
1.277800e+00 1.359587e+00
1.278000e+00 1.361331e+00
1.278200e+00 1.363232e+00
1.278400e+00 1.365275e+00
1.278600e+00 1.367443e+00
1.278800e+00 1.369719e+00
1.279000e+00 1.372083e+00
1.279200e+00 1.374517e+00
1.279400e+00 1.377000e+00
1.279600e+00 1.379511e+00
1.279800e+00 1.382030e+00
1.280000e+00 1.384538e+00
1.280200e+00 1.387016e+00
1.280400e+00 1.389443e+00
1.280600e+00 1.391804e+00
1.280800e+00 1.394080e+00
1.281000e+00 1.396258e+00
1.281200e+00 1.398322e+00
1.281400e+00 1.400261e+00
1.281600e+00 1.402061e+00
1.281800e+00 1.403715e+00
1.282000e+00 1.405211e+00
1.282200e+00 1.406545e+00
1.282400e+00 1.407708e+00
1.282600e+00 1.408696e+00
1.282800e+00 1.409506e+00
1.283000e+00 1.410135e+00
1.283200e+00 1.410580e+00
1.283400e+00 1.410841e+00
1.283600e+00 1.410918e+00
1.283800e+00 1.410812e+00
1.284000e+00 1.410523e+00
1.284200e+00 1.410052e+00
1.284400e+00 1.409403e+00
1.284600e+00 1.408576e+00
1.284800e+00 1.407574e+00
1.285000e+00 1.406400e+00
1.285200e+00 1.405055e+00
1.285400e+00 1.403541e+00
1.285600e+00 1.401861e+00
1.285800e+00 1.400015e+00
1.286000e+00 1.398005e+00
1.286200e+00 1.395831e+00
1.286400e+00 1.393493e+00
1.286600e+00 1.390990e+00
1.286800e+00 1.388321e+00
1.287000e+00 1.385483e+00
1.287200e+00 1.382473e+00
1.287400e+00 1.379287e+00
1.287600e+00 1.375919e+00
1.287800e+00 1.372364e+00
1.288000e+00 1.368613e+00
1.288200e+00 1.364659e+00
1.288400e+00 1.360490e+00
1.288600e+00 1.356096e+00
1.288800e+00 1.351464e+00
1.289000e+00 1.346581e+00
1.289200e+00 1.341431e+00
1.289400e+00 1.335996e+00
1.289600e+00 1.330260e+00
1.289800e+00 1.324202e+00
1.290000e+00 1.317803e+00
1.290200e+00 1.311039e+00
1.290400e+00 1.303889e+00
1.290600e+00 1.296328e+00
1.290800e+00 1.288332e+00
1.291000e+00 1.279875e+00
1.291200e+00 1.270932e+00
1.291400e+00 1.261479e+00
1.291600e+00 1.251490e+00
1.291800e+00 1.240943e+00
1.292000e+00 1.229815e+00
1.292200e+00 1.218088e+00
1.292400e+00 1.205745e+00
1.292600e+00 1.192775e+00
1.292800e+00 1.179169e+00
1.293000e+00 1.164928e+00
1.293200e+00 1.150057e+00
1.293400e+00 1.134569e+00
1.293600e+00 1.118489e+00
1.293800e+00 1.101851e+00
1.294000e+00 1.084700e+00
1.294200e+00 1.067095e+00
1.294400e+00 1.049107e+00
1.294600e+00 1.030823e+00
1.294800e+00 1.012344e+00
1.295000e+00 9.937849e-01
1.295200e+00 9.752767e-01
1.295400e+00 9.569625e-01
1.295600e+00 9.389981e-01
1.295800e+00 9.215492e-01
1.296000e+00 9.047895e-01
1.296200e+00 8.888970e-01
1.296400e+00 8.740507e-01
1.296600e+00 8.604261e-01
1.296800e+00 8.481914e-01
1.297000e+00 8.375023e-01
1.297200e+00 8.284979e-01
1.297400e+00 8.212959e-01
1.297600e+00 8.159890e-01
1.297800e+00 8.126415e-01
1.298000e+00 8.112866e-01
1.298200e+00 8.119252e-01
1.298400e+00 8.145250e-01
1.298600e+00 8.190215e-01
1.298800e+00 8.253194e-01
1.299000e+00 8.332953e-01
1.299200e+00 8.428014e-01
1.299400e+00 8.536695e-01
1.299600e+00 8.657158e-01
1.299800e+00 8.787459e-01
