1.100000e+00 1.077837e+00
1.100200e+00 1.082284e+00
1.100400e+00 1.086848e+00
1.100600e+00 1.091521e+00
1.100800e+00 1.096290e+00
1.101000e+00 1.101147e+00
1.101200e+00 1.106078e+00
1.101400e+00 1.111074e+00
1.101600e+00 1.116120e+00
1.101800e+00 1.121206e+00
1.102000e+00 1.126318e+00
1.102200e+00 1.131442e+00
1.102400e+00 1.136565e+00
1.102600e+00 1.141674e+00
1.102800e+00 1.146753e+00
1.103000e+00 1.151789e+00
1.103200e+00 1.156767e+00
1.103400e+00 1.161672e+00
1.103600e+00 1.166490e+00
1.103800e+00 1.171205e+00
1.104000e+00 1.175804e+00
1.104200e+00 1.180270e+00
1.104400e+00 1.184590e+00
1.104600e+00 1.188749e+00
1.104800e+00 1.192732e+00
1.105000e+00 1.196526e+00
1.105200e+00 1.200117e+00
1.105400e+00 1.203492e+00
1.105600e+00 1.206637e+00
1.105800e+00 1.209541e+00
1.106000e+00 1.212191e+00
1.106200e+00 1.214576e+00
1.106400e+00 1.216687e+00
1.106600e+00 1.218512e+00
1.106800e+00 1.220044e+00
1.107000e+00 1.221273e+00
1.107200e+00 1.222193e+00
1.107400e+00 1.222796e+00
1.107600e+00 1.223078e+00
1.107800e+00 1.223034e+00
1.108000e+00 1.222661e+00
1.108200e+00 1.221955e+00
1.108400e+00 1.220916e+00
1.108600e+00 1.219543e+00
1.108800e+00 1.217837e+00
1.109000e+00 1.215801e+00
1.109200e+00 1.213436e+00
1.109400e+00 1.210747e+00
1.109600e+00 1.207740e+00
1.109800e+00 1.204420e+00
1.110000e+00 1.200795e+00
1.110200e+00 1.196874e+00
1.110400e+00 1.192665e+00
1.110600e+00 1.188179e+00
1.110800e+00 1.183428e+00
1.111000e+00 1.178423e+00
1.111200e+00 1.173177e+00
1.111400e+00 1.167705e+00
1.111600e+00 1.162020e+00
1.111800e+00 1.156138e+00
1.112000e+00 1.150074e+00
1.112200e+00 1.143845e+00
1.112400e+00 1.137466e+00
1.112600e+00 1.130956e+00
1.112800e+00 1.124331e+00
1.113000e+00 1.117608e+00
1.113200e+00 1.110805e+00
1.113400e+00 1.103940e+00
1.113600e+00 1.097030e+00
1.113800e+00 1.090093e+00
1.114000e+00 1.083146e+00
1.114200e+00 1.076206e+00
1.114400e+00 1.069290e+00
1.114600e+00 1.062415e+00
1.114800e+00 1.055596e+00
1.115000e+00 1.048849e+00
1.115200e+00 1.042190e+00
1.115400e+00 1.035632e+00
1.115600e+00 1.029190e+00
1.115800e+00 1.022877e+00
1.116000e+00 1.016706e+00
1.116200e+00 1.010689e+00
1.116400e+00 1.004836e+00
1.116600e+00 9.991591e-01
1.116800e+00 9.936674e-01
1.117000e+00 9.883699e-01
1.117200e+00 9.832750e-01
1.117400e+00 9.783902e-01
1.117600e+00 9.737223e-01
1.117800e+00 9.692773e-01
1.118000e+00 9.650604e-01
1.118200e+00 9.610763e-01
1.118400e+00 9.573287e-01
1.118600e+00 9.538208e-01
1.118800e+00 9.505551e-01
1.119000e+00 9.475334e-01
1.119200e+00 9.447568e-01
1.119400e+00 9.422260e-01
1.119600e+00 9.399410e-01
1.119800e+00 9.379011e-01
1.120000e+00 9.361053e-01
1.120200e+00 9.345521e-01
1.120400e+00 9.332392e-01
1.120600e+00 9.321643e-01
1.120800e+00 9.313244e-01
1.121000e+00 9.307161e-01
1.121200e+00 9.303359e-01
1.121400e+00 9.301796e-01
1.121600e+00 9.302429e-01
1.121800e+00 9.305212e-01
1.122000e+00 9.310096e-01
1.122200e+00 9.317030e-01
1.122400e+00 9.325959e-01
1.122600e+00 9.336829e-01
1.122800e+00 9.349581e-01
1.123000e+00 9.364157e-01
1.123200e+00 9.380496e-01
1.123400e+00 9.398535e-01
1.123600e+00 9.418213e-01
1.123800e+00 9.439464e-01
1.124000e+00 9.462224e-01
1.124200e+00 9.486427e-01
1.124400e+00 9.512005e-01
1.124600e+00 9.538892e-01
1.124800e+00 9.567019e-01
1.125000e+00 9.596319e-01
1.125200e+00 9.626722e-01
1.125400e+00 9.658160e-01
1.125600e+00 9.690562e-01
1.125800e+00 9.723860e-01
1.126000e+00 9.757982e-01
1.126200e+00 9.792860e-01
1.126400e+00 9.828421e-01
1.126600e+00 9.864596e-01
1.126800e+00 9.901314e-01
1.127000e+00 9.938504e-01
1.127200e+00 9.976095e-01
1.127400e+00 1.001402e+00
1.127600e+00 1.005219e+00
1.127800e+00 1.009056e+00
1.128000e+00 1.012904e+00
1.128200e+00 1.016757e+00
1.128400e+00 1.020607e+00
1.128600e+00 1.024447e+00
1.128800e+00 1.028271e+00
1.129000e+00 1.032070e+00
1.129200e+00 1.035839e+00
1.129400e+00 1.039570e+00
1.129600e+00 1.043256e+00
1.129800e+00 1.046891e+00
1.130000e+00 1.050467e+00
1.130200e+00 1.053978e+00
1.130400e+00 1.057417e+00
1.130600e+00 1.060778e+00
1.130800e+00 1.064055e+00
1.131000e+00 1.067241e+00
1.131200e+00 1.070330e+00
1.131400e+00 1.073317e+00
1.131600e+00 1.076196e+00
1.131800e+00 1.078961e+00
1.132000e+00 1.081608e+00
1.132200e+00 1.084131e+00
1.132400e+00 1.086526e+00
1.132600e+00 1.088789e+00
1.132800e+00 1.090916e+00
1.133000e+00 1.092903e+00
1.133200e+00 1.094747e+00
1.133400e+00 1.096445e+00
1.133600e+00 1.097995e+00
1.133800e+00 1.099394e+00
1.134000e+00 1.100642e+00
1.134200e+00 1.101736e+00
1.134400e+00 1.102676e+00
1.134600e+00 1.103462e+00
1.134800e+00 1.104093e+00
1.135000e+00 1.104571e+00
1.135200e+00 1.104896e+00
1.135400e+00 1.105070e+00
1.135600e+00 1.105094e+00
1.135800e+00 1.104972e+00
1.136000e+00 1.104705e+00
1.136200e+00 1.104298e+00
1.136400e+00 1.103752e+00
1.136600e+00 1.103073e+00
1.136800e+00 1.102265e+00
1.137000e+00 1.101332e+00
1.137200e+00 1.100280e+00
1.137400e+00 1.099114e+00
1.137600e+00 1.097840e+00
1.137800e+00 1.096463e+00
1.138000e+00 1.094989e+00
1.138200e+00 1.093427e+00
1.138400e+00 1.091781e+00
1.138600e+00 1.090060e+00
1.138800e+00 1.088270e+00
1.139000e+00 1.086419e+00
1.139200e+00 1.084514e+00
1.139400e+00 1.082563e+00
1.139600e+00 1.080575e+00
1.139800e+00 1.078556e+00
1.140000e+00 1.076516e+00
1.140200e+00 1.074463e+00
1.140400e+00 1.072404e+00
1.140600e+00 1.070349e+00
1.140800e+00 1.068305e+00
1.141000e+00 1.066283e+00
1.141200e+00 1.064290e+00
1.141400e+00 1.062335e+00
1.141600e+00 1.060427e+00
1.141800e+00 1.058575e+00
1.142000e+00 1.056787e+00
1.142200e+00 1.055073e+00
1.142400e+00 1.053440e+00
1.142600e+00 1.051899e+00
1.142800e+00 1.050457e+00
1.143000e+00 1.049123e+00
1.143200e+00 1.047905e+00
1.143400e+00 1.046810e+00
1.143600e+00 1.045848e+00
1.143800e+00 1.045024e+00
1.144000e+00 1.044346e+00
1.144200e+00 1.043819e+00
1.144400e+00 1.043451e+00
1.144600e+00 1.043244e+00
1.144800e+00 1.043204e+00
1.145000e+00 1.043333e+00
1.145200e+00 1.043634e+00
1.145400e+00 1.044106e+00
1.145600e+00 1.044750e+00
1.145800e+00 1.045563e+00
1.146000e+00 1.046541e+00
1.146200e+00 1.047681e+00
1.146400e+00 1.048973e+00
1.146600e+00 1.050410e+00
1.146800e+00 1.051982e+00
1.147000e+00 1.053675e+00
1.147200e+00 1.055477e+00
1.147400e+00 1.057370e+00
1.147600e+00 1.059339e+00
1.147800e+00 1.061364e+00
1.148000e+00 1.063426e+00
1.148200e+00 1.065505e+00
1.148400e+00 1.067578e+00
1.148600e+00 1.069625e+00
1.148800e+00 1.071623e+00
1.149000e+00 1.073552e+00
1.149200e+00 1.075391e+00
1.149400e+00 1.077120e+00
1.149600e+00 1.078722e+00
1.149800e+00 1.080179e+00
1.150000e+00 1.081477e+00
1.150200e+00 1.082602e+00
1.150400e+00 1.083545e+00
1.150600e+00 1.084297e+00
1.150800e+00 1.084852e+00
1.151000e+00 1.085207e+00
1.151200e+00 1.085359e+00
1.151400e+00 1.085311e+00
1.151600e+00 1.085064e+00
1.151800e+00 1.084624e+00
1.152000e+00 1.083997e+00
1.152200e+00 1.083191e+00
1.152400e+00 1.082214e+00
1.152600e+00 1.081076e+00
1.152800e+00 1.079789e+00
1.153000e+00 1.078363e+00
1.153200e+00 1.076810e+00
1.153400e+00 1.075142e+00
1.153600e+00 1.073370e+00
1.153800e+00 1.071505e+00
1.154000e+00 1.069559e+00
1.154200e+00 1.067542e+00
1.154400e+00 1.065465e+00
1.154600e+00 1.063337e+00
1.154800e+00 1.061168e+00
1.155000e+00 1.058966e+00
1.155200e+00 1.056739e+00
1.155400e+00 1.054494e+00
1.155600e+00 1.052237e+00
1.155800e+00 1.049976e+00
1.156000e+00 1.047716e+00
1.156200e+00 1.045461e+00
1.156400e+00 1.043216e+00
1.156600e+00 1.040985e+00
1.156800e+00 1.038773e+00
1.157000e+00 1.036581e+00
1.157200e+00 1.034413e+00
1.157400e+00 1.032273e+00
1.157600e+00 1.030161e+00
1.157800e+00 1.028080e+00
1.158000e+00 1.026033e+00
1.158200e+00 1.024022e+00
1.158400e+00 1.022047e+00
1.158600e+00 1.020110e+00
1.158800e+00 1.018214e+00
1.159000e+00 1.016359e+00
1.159200e+00 1.014548e+00
1.159400e+00 1.012781e+00
1.159600e+00 1.011060e+00
1.159800e+00 1.009387e+00
1.160000e+00 1.007764e+00
1.160200e+00 1.006191e+00
1.160400e+00 1.004671e+00
1.160600e+00 1.003206e+00
1.160800e+00 1.001796e+00
1.161000e+00 1.000445e+00
1.161200e+00 9.991544e-01
1.161400e+00 9.979258e-01
1.161600e+00 9.967616e-01
1.161800e+00 9.956640e-01
1.162000e+00 9.946353e-01
1.162200e+00 9.936778e-01
1.162400e+00 9.927940e-01
1.162600e+00 9.919862e-01
1.162800e+00 9.912570e-01
1.163000e+00 9.906088e-01
1.163200e+00 9.900442e-01
1.163400e+00 9.895656e-01
1.163600e+00 9.891757e-01
1.163800e+00 9.888768e-01
1.164000e+00 9.886716e-01
1.164200e+00 9.885622e-01
1.164400e+00 9.885513e-01
1.164600e+00 9.886409e-01
1.164800e+00 9.888333e-01
1.165000e+00 9.891305e-01
1.165200e+00 9.895345e-01
1.165400e+00 9.900471e-01
1.165600e+00 9.906700e-01
1.165800e+00 9.914046e-01
1.166000e+00 9.922521e-01
1.166200e+00 9.932138e-01
1.166400e+00 9.942902e-01
1.166600e+00 9.954821e-01
1.166800e+00 9.967898e-01
1.167000e+00 9.982130e-01
1.167200e+00 9.997515e-01
1.167400e+00 1.001404e+00
1.167600e+00 1.003170e+00
1.167800e+00 1.005047e+00
1.168000e+00 1.007032e+00
1.168200e+00 1.009122e+00
1.168400e+00 1.011310e+00
1.168600e+00 1.013587e+00
1.168800e+00 1.015938e+00
1.169000e+00 1.018324e+00
1.169200e+00 1.021980e+00
1.169400e+00 1.027203e+00
1.169600e+00 1.031382e+00
1.169800e+00 1.035325e+00
1.170000e+00 1.039187e+00
1.170200e+00 1.043033e+00
1.170400e+00 1.046894e+00
1.170600e+00 1.050791e+00
1.170800e+00 1.054735e+00
1.171000e+00 1.058734e+00
1.171200e+00 1.062792e+00
1.171400e+00 1.066911e+00
1.171600e+00 1.071093e+00
1.171800e+00 1.075337e+00
1.172000e+00 1.079642e+00
1.172200e+00 1.084005e+00
1.172400e+00 1.088425e+00
1.172600e+00 1.092897e+00
1.172800e+00 1.097417e+00
1.173000e+00 1.101981e+00
1.173200e+00 1.106582e+00
1.173400e+00 1.111214e+00
1.173600e+00 1.115872e+00
1.173800e+00 1.120547e+00
1.174000e+00 1.125232e+00
1.174200e+00 1.129917e+00
1.174400e+00 1.134593e+00
1.174600e+00 1.139250e+00
1.174800e+00 1.143877e+00
1.175000e+00 1.148463e+00
1.175200e+00 1.152993e+00
1.175400e+00 1.157455e+00
1.175600e+00 1.161835e+00
1.175800e+00 1.166116e+00
1.176000e+00 1.170283e+00
1.176200e+00 1.174317e+00
1.176400e+00 1.178201e+00
1.176600e+00 1.181914e+00
1.176800e+00 1.185437e+00
1.177000e+00 1.188747e+00
1.177200e+00 1.191823e+00
1.177400e+00 1.194639e+00
1.177600e+00 1.197173e+00
1.177800e+00 1.199399e+00
1.178000e+00 1.201290e+00
1.178200e+00 1.202821e+00
1.178400e+00 1.203966e+00
1.178600e+00 1.204696e+00
1.178800e+00 1.204988e+00
1.179000e+00 1.204814e+00
1.179200e+00 1.204151e+00
1.179400e+00 1.202975e+00
1.179600e+00 1.201267e+00
1.179800e+00 1.199008e+00
1.180000e+00 1.196185e+00
1.180200e+00 1.192787e+00
1.180400e+00 1.188810e+00
1.180600e+00 1.184256e+00
1.180800e+00 1.179132e+00
1.181000e+00 1.173455e+00
1.181200e+00 1.167250e+00
1.181400e+00 1.160552e+00
1.181600e+00 1.153406e+00
1.181800e+00 1.145869e+00
1.182000e+00 1.138008e+00
1.182200e+00 1.129905e+00
1.182400e+00 1.121649e+00
1.182600e+00 1.113346e+00
1.182800e+00 1.105109e+00
1.183000e+00 1.097062e+00
1.183200e+00 1.089337e+00
1.183400e+00 1.082071e+00
1.183600e+00 1.075406e+00
1.183800e+00 1.069482e+00
1.184000e+00 1.064439e+00
1.184200e+00 1.060408e+00
1.184400e+00 1.057512e+00
1.184600e+00 1.055858e+00
1.184800e+00 1.055538e+00
1.185000e+00 1.056621e+00
1.185200e+00 1.059156e+00
1.185400e+00 1.063163e+00
1.185600e+00 1.068639e+00
1.185800e+00 1.075550e+00
1.186000e+00 1.083840e+00
1.186200e+00 1.093423e+00
1.186400e+00 1.104192e+00
1.186600e+00 1.116020e+00
1.186800e+00 1.128761e+00
1.187000e+00 1.142258e+00
1.187200e+00 1.156344e+00
1.187400e+00 1.170847e+00
1.187600e+00 1.185594e+00
1.187800e+00 1.200418e+00
1.188000e+00 1.215157e+00
1.188200e+00 1.229658e+00
1.188400e+00 1.243783e+00
1.188600e+00 1.257408e+00
1.188800e+00 1.270422e+00
1.189000e+00 1.282735e+00
1.189200e+00 1.294270e+00
1.189400e+00 1.304969e+00
1.189600e+00 1.314788e+00
1.189800e+00 1.323700e+00
1.190000e+00 1.331690e+00
1.190200e+00 1.338757e+00
1.190400e+00 1.344910e+00
1.190600e+00 1.350167e+00
1.190800e+00 1.354556e+00
1.191000e+00 1.358110e+00
1.191200e+00 1.360868e+00
1.191400e+00 1.362873e+00
1.191600e+00 1.364170e+00
1.191800e+00 1.364808e+00
1.192000e+00 1.364834e+00
1.192200e+00 1.364297e+00
1.192400e+00 1.363247e+00
1.192600e+00 1.361729e+00
1.192800e+00 1.359791e+00
1.193000e+00 1.357476e+00
1.193200e+00 1.354827e+00
1.193400e+00 1.351885e+00
1.193600e+00 1.348686e+00
1.193800e+00 1.345266e+00
1.194000e+00 1.341659e+00
1.194200e+00 1.337896e+00
1.194400e+00 1.334004e+00
1.194600e+00 1.330009e+00
1.194800e+00 1.325937e+00
1.195000e+00 1.321807e+00
1.195200e+00 1.317641e+00
1.195400e+00 1.313456e+00
1.195600e+00 1.309268e+00
1.195800e+00 1.305091e+00
1.196000e+00 1.300939e+00
1.196200e+00 1.296822e+00
1.196400e+00 1.292752e+00
1.196600e+00 1.288736e+00
1.196800e+00 1.284782e+00
1.197000e+00 1.280898e+00
1.197200e+00 1.277089e+00
1.197400e+00 1.273359e+00
1.197600e+00 1.269714e+00
1.197800e+00 1.266155e+00
1.198000e+00 1.262687e+00
1.198200e+00 1.259311e+00
1.198400e+00 1.256029e+00
1.198600e+00 1.252842e+00
1.198800e+00 1.249750e+00
1.199000e+00 1.246755e+00
1.199200e+00 1.243857e+00
1.199400e+00 1.241054e+00
1.199600e+00 1.238348e+00
1.199800e+00 1.235736e+00
1.200000e+00 1.233219e+00
1.200200e+00 1.230796e+00
1.200400e+00 1.228464e+00
1.200600e+00 1.226224e+00
1.200800e+00 1.224073e+00
1.201000e+00 1.222011e+00
1.201200e+00 1.220036e+00
1.201400e+00 1.218145e+00
1.201600e+00 1.216339e+00
1.201800e+00 1.214614e+00
1.202000e+00 1.212971e+00
1.202200e+00 1.211406e+00
1.202400e+00 1.209918e+00
1.202600e+00 1.208507e+00
1.202800e+00 1.207169e+00
1.203000e+00 1.205904e+00
1.203200e+00 1.204709e+00
1.203400e+00 1.203584e+00
1.203600e+00 1.202527e+00
1.203800e+00 1.201537e+00
1.204000e+00 1.200610e+00
1.204200e+00 1.199748e+00
1.204400e+00 1.198947e+00
1.204600e+00 1.198206e+00
1.204800e+00 1.197524e+00
1.205000e+00 1.196900e+00
1.205200e+00 1.196331e+00
1.205400e+00 1.195818e+00
1.205600e+00 1.195357e+00
1.205800e+00 1.194948e+00
1.206000e+00 1.194590e+00
1.206200e+00 1.194280e+00
1.206400e+00 1.194018e+00
1.206600e+00 1.193802e+00
1.206800e+00 1.193631e+00
1.207000e+00 1.193503e+00
1.207200e+00 1.193416e+00
1.207400e+00 1.193370e+00
1.207600e+00 1.193362e+00
1.207800e+00 1.193391e+00
1.208000e+00 1.193456e+00
1.208200e+00 1.193553e+00
1.208400e+00 1.193683e+00
1.208600e+00 1.193843e+00
1.208800e+00 1.194031e+00
1.209000e+00 1.194245e+00
1.209200e+00 1.194484e+00
1.209400e+00 1.194744e+00
1.209600e+00 1.195025e+00
1.209800e+00 1.195323e+00
1.210000e+00 1.195637e+00
1.210200e+00 1.195963e+00
1.210400e+00 1.196301e+00
1.210600e+00 1.196646e+00
1.210800e+00 1.196996e+00
1.211000e+00 1.197348e+00
1.211200e+00 1.197700e+00
1.211400e+00 1.198048e+00
1.211600e+00 1.198390e+00
1.211800e+00 1.198721e+00
1.212000e+00 1.199038e+00
1.212200e+00 1.199338e+00
1.212400e+00 1.199618e+00
1.212600e+00 1.199872e+00
1.212800e+00 1.200098e+00
1.213000e+00 1.200291e+00
1.213200e+00 1.200447e+00
1.213400e+00 1.200561e+00
1.213600e+00 1.200628e+00
1.213800e+00 1.200645e+00
1.214000e+00 1.200605e+00
1.214200e+00 1.200505e+00
1.214400e+00 1.200337e+00
1.214600e+00 1.200098e+00
1.214800e+00 1.199781e+00
1.215000e+00 1.199379e+00
1.215200e+00 1.198889e+00
1.215400e+00 1.198301e+00
1.215600e+00 1.197611e+00
1.215800e+00 1.196812e+00
1.216000e+00 1.195895e+00
1.216200e+00 1.194854e+00
1.216400e+00 1.193682e+00
1.216600e+00 1.192370e+00
1.216800e+00 1.190910e+00
1.217000e+00 1.189294e+00
1.217200e+00 1.187513e+00
1.217400e+00 1.185558e+00
1.217600e+00 1.183419e+00
1.217800e+00 1.181087e+00
1.218000e+00 1.178552e+00
1.218200e+00 1.175803e+00
1.218400e+00 1.172830e+00
1.218600e+00 1.169621e+00
1.218800e+00 1.166166e+00
1.219000e+00 1.162451e+00
1.219200e+00 1.158466e+00
1.219400e+00 1.154199e+00
1.219600e+00 1.149635e+00
1.219800e+00 1.144763e+00
1.220000e+00 1.139570e+00
1.220200e+00 1.134043e+00
1.220400e+00 1.128168e+00
1.220600e+00 1.121932e+00
1.220800e+00 1.115323e+00
1.221000e+00 1.108326e+00
1.221200e+00 1.100931e+00
1.221400e+00 1.093125e+00
1.221600e+00 1.084896e+00
1.221800e+00 1.076234e+00
1.222000e+00 1.067129e+00
1.222200e+00 1.057574e+00
1.222400e+00 1.047560e+00
1.222600e+00 1.037084e+00
1.222800e+00 1.026141e+00
1.223000e+00 1.014731e+00
1.223200e+00 1.002856e+00
1.223400e+00 9.905209e-01
1.223600e+00 9.777337e-01
1.223800e+00 9.645064e-01
1.224000e+00 9.508551e-01
1.224200e+00 9.368003e-01
1.224400e+00 9.223676e-01
1.224600e+00 9.075875e-01
1.224800e+00 8.924964e-01
1.225000e+00 8.771364e-01
1.225200e+00 8.615557e-01
1.225400e+00 8.458089e-01
1.225600e+00 8.299571e-01
1.225800e+00 8.140679e-01
1.226000e+00 7.982153e-01
1.226200e+00 7.824795e-01
1.226400e+00 7.669468e-01
1.226600e+00 7.517089e-01
1.226800e+00 7.368627e-01
1.227000e+00 7.225089e-01
1.227200e+00 7.087517e-01
1.227400e+00 6.956975e-01
1.227600e+00 6.834537e-01
1.227800e+00 6.721272e-01
1.228000e+00 6.618233e-01
1.228200e+00 6.526436e-01
1.228400e+00 6.446848e-01
1.228600e+00 6.380367e-01
1.228800e+00 6.327809e-01
1.229000e+00 6.289886e-01
1.229200e+00 6.267198e-01
1.229400e+00 6.260211e-01
1.229600e+00 6.269254e-01
1.229800e+00 6.294499e-01
1.230000e+00 6.335966e-01
1.230200e+00 6.393506e-01
1.230400e+00 6.466813e-01
1.230600e+00 6.555416e-01
1.230800e+00 6.658691e-01
1.231000e+00 6.775868e-01
1.231200e+00 6.906041e-01
1.231400e+00 7.048188e-01
1.231600e+00 7.201180e-01
1.231800e+00 7.363808e-01
1.232000e+00 7.534796e-01
1.232200e+00 7.712823e-01
1.232400e+00 7.896548e-01
1.232600e+00 8.084624e-01
1.232800e+00 8.275719e-01
1.233000e+00 8.468539e-01
1.233200e+00 8.661836e-01
1.233400e+00 8.854428e-01
1.233600e+00 9.045210e-01
1.233800e+00 9.233163e-01
1.234000e+00 9.417359e-01
1.234200e+00 9.596973e-01
1.234400e+00 9.771280e-01
1.234600e+00 9.939656e-01
1.234800e+00 1.010158e+00
1.235000e+00 1.025664e+00
1.235200e+00 1.040449e+00
1.235400e+00 1.054491e+00
1.235600e+00 1.067774e+00
1.235800e+00 1.080291e+00
1.236000e+00 1.092042e+00
1.236200e+00 1.103031e+00
1.236400e+00 1.113272e+00
1.236600e+00 1.122778e+00
1.236800e+00 1.131572e+00
1.237000e+00 1.139676e+00
1.237200e+00 1.147118e+00
1.237400e+00 1.153924e+00
1.237600e+00 1.160127e+00
1.237800e+00 1.165756e+00
1.238000e+00 1.170845e+00
1.238200e+00 1.175425e+00
1.238400e+00 1.179528e+00
1.238600e+00 1.183186e+00
1.238800e+00 1.186431e+00
1.239000e+00 1.189292e+00
1.239200e+00 1.191800e+00
1.239400e+00 1.193982e+00
1.239600e+00 1.195866e+00
1.239800e+00 1.197478e+00
1.240000e+00 1.198842e+00
1.240200e+00 1.199981e+00
1.240400e+00 1.200918e+00
1.240600e+00 1.201672e+00
1.240800e+00 1.202263e+00
1.241000e+00 1.202709e+00
1.241200e+00 1.203027e+00
1.241400e+00 1.203232e+00
1.241600e+00 1.203339e+00
1.241800e+00 1.203361e+00
1.242000e+00 1.203311e+00
1.242200e+00 1.203199e+00
1.242400e+00 1.203038e+00
1.242600e+00 1.202835e+00
1.242800e+00 1.202601e+00
1.243000e+00 1.202344e+00
1.243200e+00 1.202071e+00
1.243400e+00 1.201789e+00
1.243600e+00 1.201506e+00
1.243800e+00 1.201226e+00
1.244000e+00 1.200956e+00
1.244200e+00 1.200701e+00
1.244400e+00 1.200465e+00
1.244600e+00 1.200253e+00
1.244800e+00 1.200069e+00
1.245000e+00 1.199916e+00
1.245200e+00 1.199799e+00
1.245400e+00 1.199720e+00
1.245600e+00 1.199682e+00
1.245800e+00 1.199688e+00
1.246000e+00 1.199740e+00
1.246200e+00 1.199840e+00
1.246400e+00 1.199991e+00
1.246600e+00 1.200193e+00
1.246800e+00 1.200449e+00
1.247000e+00 1.200758e+00
1.247200e+00 1.201123e+00
1.247400e+00 1.201542e+00
1.247600e+00 1.202017e+00
1.247800e+00 1.202546e+00
1.248000e+00 1.203130e+00
1.248200e+00 1.203766e+00
1.248400e+00 1.204453e+00
1.248600e+00 1.205189e+00
1.248800e+00 1.205970e+00
1.249000e+00 1.206793e+00
1.249200e+00 1.207654e+00
1.249400e+00 1.208548e+00
1.249600e+00 1.209468e+00
1.249800e+00 1.210409e+00
1.250000e+00 1.211362e+00
1.250200e+00 1.212319e+00
1.250400e+00 1.213270e+00
1.250600e+00 1.214203e+00
1.250800e+00 1.215108e+00
1.251000e+00 1.215970e+00
1.251200e+00 1.216774e+00
1.251400e+00 1.217505e+00
1.251600e+00 1.218145e+00
1.251800e+00 1.218675e+00
1.252000e+00 1.219075e+00
1.252200e+00 1.219323e+00
1.252400e+00 1.219397e+00
1.252600e+00 1.219273e+00
1.252800e+00 1.218926e+00
1.253000e+00 1.218329e+00
1.253200e+00 1.217457e+00
1.253400e+00 1.216284e+00
1.253600e+00 1.214782e+00
1.253800e+00 1.212926e+00
1.254000e+00 1.210691e+00
1.254200e+00 1.208055e+00
1.254400e+00 1.204997e+00
1.254600e+00 1.201499e+00
1.254800e+00 1.197548e+00
1.255000e+00 1.193134e+00
1.255200e+00 1.188255e+00
1.255400e+00 1.182913e+00
1.255600e+00 1.177118e+00
1.255800e+00 1.170888e+00
1.256000e+00 1.164249e+00
1.256200e+00 1.157236e+00
1.256400e+00 1.149892e+00
1.256600e+00 1.142271e+00
1.256800e+00 1.134434e+00
1.257000e+00 1.126450e+00
1.257200e+00 1.118397e+00
1.257400e+00 1.110356e+00
1.257600e+00 1.102414e+00
1.257800e+00 1.094662e+00
1.258000e+00 1.087189e+00
1.258200e+00 1.080083e+00
1.258400e+00 1.073430e+00
1.258600e+00 1.067308e+00
1.258800e+00 1.061787e+00
1.259000e+00 1.056928e+00
1.259200e+00 1.052781e+00
1.259400e+00 1.049381e+00
1.259600e+00 1.046753e+00
1.259800e+00 1.044906e+00
1.260000e+00 1.043835e+00
1.260200e+00 1.043524e+00
1.260400e+00 1.043944e+00
1.260600e+00 1.045053e+00
1.260800e+00 1.046804e+00
1.261000e+00 1.049139e+00
1.261200e+00 1.051995e+00
1.261400e+00 1.055306e+00
1.261600e+00 1.059001e+00
1.261800e+00 1.063012e+00
1.262000e+00 1.067269e+00
1.262200e+00 1.071704e+00
1.262400e+00 1.076256e+00
1.262600e+00 1.080863e+00
1.262800e+00 1.085471e+00
1.263000e+00 1.090031e+00
1.263200e+00 1.094499e+00
1.263400e+00 1.098837e+00
1.263600e+00 1.103012e+00
1.263800e+00 1.106997e+00
1.264000e+00 1.110770e+00
1.264200e+00 1.114315e+00
1.264400e+00 1.117619e+00
1.264600e+00 1.120676e+00
1.264800e+00 1.123480e+00
1.265000e+00 1.126031e+00
1.265200e+00 1.128332e+00
1.265400e+00 1.130387e+00
1.265600e+00 1.132204e+00
1.265800e+00 1.133792e+00
1.266000e+00 1.135161e+00
1.266200e+00 1.136323e+00
1.266400e+00 1.137291e+00
1.266600e+00 1.138079e+00
1.266800e+00 1.138701e+00
1.267000e+00 1.139172e+00
1.267200e+00 1.139505e+00
1.267400e+00 1.139716e+00
1.267600e+00 1.139820e+00
1.267800e+00 1.139830e+00
1.268000e+00 1.139761e+00
1.268200e+00 1.139628e+00
1.268400e+00 1.139443e+00
1.268600e+00 1.139220e+00
1.268800e+00 1.138971e+00
1.269000e+00 1.138709e+00
1.269200e+00 1.138445e+00
1.269400e+00 1.138191e+00
1.269600e+00 1.137957e+00
1.269800e+00 1.137753e+00
1.270000e+00 1.137588e+00
1.270200e+00 1.137473e+00
1.270400e+00 1.137416e+00
1.270600e+00 1.137424e+00
1.270800e+00 1.137505e+00
1.271000e+00 1.137666e+00
1.271200e+00 1.137914e+00
1.271400e+00 1.138255e+00
1.271600e+00 1.138695e+00
1.271800e+00 1.139237e+00
1.272000e+00 1.139888e+00
1.272200e+00 1.140651e+00
1.272400e+00 1.141529e+00
1.272600e+00 1.142526e+00
1.272800e+00 1.143644e+00
1.273000e+00 1.144885e+00
1.273200e+00 1.146252e+00
1.273400e+00 1.147744e+00
1.273600e+00 1.149363e+00
1.273800e+00 1.151109e+00
1.274000e+00 1.152981e+00
1.274200e+00 1.154979e+00
1.274400e+00 1.157100e+00
1.274600e+00 1.159344e+00
1.274800e+00 1.161706e+00
1.275000e+00 1.164185e+00
1.275200e+00 1.166777e+00
1.275400e+00 1.169478e+00
1.275600e+00 1.172282e+00
1.275800e+00 1.175186e+00
1.276000e+00 1.178184e+00
1.276200e+00 1.181269e+00
1.276400e+00 1.184436e+00
1.276600e+00 1.187677e+00
1.276800e+00 1.190985e+00
1.277000e+00 1.194352e+00
1.277200e+00 1.197772e+00
1.277400e+00 1.201234e+00
1.277600e+00 1.204732e+00
1.277800e+00 1.208256e+00
1.278000e+00 1.211796e+00
1.278200e+00 1.215345e+00
1.278400e+00 1.218892e+00
1.278600e+00 1.222429e+00
1.278800e+00 1.225945e+00
1.279000e+00 1.229432e+00
1.279200e+00 1.232880e+00
1.279400e+00 1.236279e+00
1.279600e+00 1.239621e+00
1.279800e+00 1.242895e+00
1.280000e+00 1.246094e+00
1.280200e+00 1.249208e+00
1.280400e+00 1.252228e+00
1.280600e+00 1.255146e+00
1.280800e+00 1.257954e+00
1.281000e+00 1.260643e+00
1.281200e+00 1.263207e+00
1.281400e+00 1.265639e+00
1.281600e+00 1.267930e+00
1.281800e+00 1.270075e+00
1.282000e+00 1.272069e+00
1.282200e+00 1.273905e+00
1.282400e+00 1.275578e+00
1.282600e+00 1.277085e+00
1.282800e+00 1.278421e+00
1.283000e+00 1.279583e+00
1.283200e+00 1.280569e+00
1.283400e+00 1.281376e+00
1.283600e+00 1.282004e+00
1.283800e+00 1.282452e+00
1.284000e+00 1.282721e+00
1.284200e+00 1.282810e+00
1.284400e+00 1.282722e+00
1.284600e+00 1.282459e+00
1.284800e+00 1.282023e+00
1.285000e+00 1.281418e+00
1.285200e+00 1.280648e+00
1.285400e+00 1.279717e+00
1.285600e+00 1.278630e+00
1.285800e+00 1.277393e+00
1.286000e+00 1.276010e+00
1.286200e+00 1.274489e+00
1.286400e+00 1.272834e+00
1.286600e+00 1.271053e+00
1.286800e+00 1.269152e+00
1.287000e+00 1.267136e+00
1.287200e+00 1.265013e+00
1.287400e+00 1.262789e+00
1.287600e+00 1.260470e+00
1.287800e+00 1.258063e+00
1.288000e+00 1.255572e+00
1.288200e+00 1.253004e+00
1.288400e+00 1.250365e+00
1.288600e+00 1.247658e+00
1.288800e+00 1.244890e+00
1.289000e+00 1.242065e+00
1.289200e+00 1.239186e+00
1.289400e+00 1.236258e+00
1.289600e+00 1.233284e+00
1.289800e+00 1.230267e+00
1.290000e+00 1.227211e+00
1.290200e+00 1.224117e+00
1.290400e+00 1.220988e+00
1.290600e+00 1.217825e+00
1.290800e+00 1.214630e+00
1.291000e+00 1.211403e+00
1.291200e+00 1.208147e+00
1.291400e+00 1.204861e+00
1.291600e+00 1.201545e+00
1.291800e+00 1.198199e+00
1.292000e+00 1.194824e+00
1.292200e+00 1.191418e+00
1.292400e+00 1.187981e+00
1.292600e+00 1.184512e+00
1.292800e+00 1.181010e+00
1.293000e+00 1.177473e+00
1.293200e+00 1.173899e+00
1.293400e+00 1.170288e+00
1.293600e+00 1.166636e+00
1.293800e+00 1.162943e+00
1.294000e+00 1.159206e+00
1.294200e+00 1.155423e+00
1.294400e+00 1.151592e+00
1.294600e+00 1.147709e+00
1.294800e+00 1.143774e+00
1.295000e+00 1.139783e+00
1.295200e+00 1.135734e+00
1.295400e+00 1.131624e+00
1.295600e+00 1.127450e+00
1.295800e+00 1.123212e+00
1.296000e+00 1.118904e+00
1.296200e+00 1.114526e+00
1.296400e+00 1.110075e+00
1.296600e+00 1.105549e+00
1.296800e+00 1.100944e+00
1.297000e+00 1.096260e+00
1.297200e+00 1.091494e+00
1.297400e+00 1.086644e+00
1.297600e+00 1.081708e+00
1.297800e+00 1.076684e+00
1.298000e+00 1.071572e+00
1.298200e+00 1.066370e+00
1.298400e+00 1.061076e+00
1.298600e+00 1.055691e+00
1.298800e+00 1.050213e+00
1.299000e+00 1.044642e+00
1.299200e+00 1.038978e+00
1.299400e+00 1.033221e+00
1.299600e+00 1.027372e+00
1.299800e+00 1.021431e+00
