1.100000e+00 1.312170e+00
1.100200e+00 1.307665e+00
1.100400e+00 1.303128e+00
1.100600e+00 1.298556e+00
1.100800e+00 1.293950e+00
1.101000e+00 1.289309e+00
1.101200e+00 1.284632e+00
1.101400e+00 1.279920e+00
1.101600e+00 1.275171e+00
1.101800e+00 1.270387e+00
1.102000e+00 1.265566e+00
1.102200e+00 1.260708e+00
1.102400e+00 1.255815e+00
1.102600e+00 1.250887e+00
1.102800e+00 1.245923e+00
1.103000e+00 1.240925e+00
1.103200e+00 1.235892e+00
1.103400e+00 1.230827e+00
1.103600e+00 1.225730e+00
1.103800e+00 1.220602e+00
1.104000e+00 1.215445e+00
1.104200e+00 1.210259e+00
1.104400e+00 1.205047e+00
1.104600e+00 1.199810e+00
1.104800e+00 1.194550e+00
1.105000e+00 1.189270e+00
1.105200e+00 1.183970e+00
1.105400e+00 1.178654e+00
1.105600e+00 1.173324e+00
1.105800e+00 1.167982e+00
1.106000e+00 1.162631e+00
1.106200e+00 1.157275e+00
1.106400e+00 1.151915e+00
1.106600e+00 1.146555e+00
1.106800e+00 1.141198e+00
1.107000e+00 1.135848e+00
1.107200e+00 1.130507e+00
1.107400e+00 1.125180e+00
1.107600e+00 1.119869e+00
1.107800e+00 1.114580e+00
1.108000e+00 1.109314e+00
1.108200e+00 1.104077e+00
1.108400e+00 1.098873e+00
1.108600e+00 1.093704e+00
1.108800e+00 1.088576e+00
1.109000e+00 1.083492e+00
1.109200e+00 1.078457e+00
1.109400e+00 1.073475e+00
1.109600e+00 1.068550e+00
1.109800e+00 1.063687e+00
1.110000e+00 1.058889e+00
1.110200e+00 1.054161e+00
1.110400e+00 1.049508e+00
1.110600e+00 1.044933e+00
1.110800e+00 1.040442e+00
1.111000e+00 1.036037e+00
1.111200e+00 1.031725e+00
1.111400e+00 1.027508e+00
1.111600e+00 1.023391e+00
1.111800e+00 1.019378e+00
1.112000e+00 1.015473e+00
1.112200e+00 1.011680e+00
1.112400e+00 1.008004e+00
1.112600e+00 1.004447e+00
1.112800e+00 1.001014e+00
1.113000e+00 9.977090e-01
1.113200e+00 9.945347e-01
1.113400e+00 9.914950e-01
1.113600e+00 9.885934e-01
1.113800e+00 9.858332e-01
1.114000e+00 9.832176e-01
1.114200e+00 9.807498e-01
1.114400e+00 9.784328e-01
1.114600e+00 9.762696e-01
1.114800e+00 9.742630e-01
1.115000e+00 9.724158e-01
1.115200e+00 9.707306e-01
1.115400e+00 9.692101e-01
1.115600e+00 9.678567e-01
1.115800e+00 9.666730e-01
1.116000e+00 9.656612e-01
1.116200e+00 9.648237e-01
1.116400e+00 9.641627e-01
1.116600e+00 9.636805e-01
1.116800e+00 9.633794e-01
1.117000e+00 9.632613e-01
1.117200e+00 9.633287e-01
1.117400e+00 9.635835e-01
1.117600e+00 9.640281e-01
1.117800e+00 9.646646e-01
1.118000e+00 9.654953e-01
1.118200e+00 9.665225e-01
1.118400e+00 9.677485e-01
1.118600e+00 9.691758e-01
1.118800e+00 9.708070e-01
1.119000e+00 9.726445e-01
1.119200e+00 9.746912e-01
1.119400e+00 9.769496e-01
1.119600e+00 9.794228e-01
1.119800e+00 9.821137e-01
1.120000e+00 9.850253e-01
1.120200e+00 9.881607e-01
1.120400e+00 9.915232e-01
1.120600e+00 9.951160e-01
1.120800e+00 9.989423e-01
1.121000e+00 1.003005e+00
1.121200e+00 1.007309e+00
1.121400e+00 1.011855e+00
1.121600e+00 1.016649e+00
1.121800e+00 1.021691e+00
1.122000e+00 1.026987e+00
1.122200e+00 1.032537e+00
1.122400e+00 1.038345e+00
1.122600e+00 1.044413e+00
1.122800e+00 1.050743e+00
1.123000e+00 1.057335e+00
1.123200e+00 1.064191e+00
1.123400e+00 1.071311e+00
1.123600e+00 1.078695e+00
1.123800e+00 1.086343e+00
1.124000e+00 1.094251e+00
1.124200e+00 1.102419e+00
1.124400e+00 1.110843e+00
1.124600e+00 1.119519e+00
1.124800e+00 1.128443e+00
1.125000e+00 1.137608e+00
1.125200e+00 1.147008e+00
1.125400e+00 1.156636e+00
1.125600e+00 1.166484e+00
1.125800e+00 1.176541e+00
1.126000e+00 1.186798e+00
1.126200e+00 1.197243e+00
1.126400e+00 1.207866e+00
1.126600e+00 1.218652e+00
1.126800e+00 1.229590e+00
1.127000e+00 1.240664e+00
1.127200e+00 1.251860e+00
1.127400e+00 1.263163e+00
1.127600e+00 1.274558e+00
1.127800e+00 1.286029e+00
1.128000e+00 1.297559e+00
1.128200e+00 1.309133e+00
1.128400e+00 1.320734e+00
1.128600e+00 1.332346e+00
1.128800e+00 1.343952e+00
1.129000e+00 1.355538e+00
1.129200e+00 1.367087e+00
1.129400e+00 1.378585e+00
1.129600e+00 1.390015e+00
1.129800e+00 1.401365e+00
1.130000e+00 1.412620e+00
1.130200e+00 1.423767e+00
1.130400e+00 1.434793e+00
1.130600e+00 1.445687e+00
1.130800e+00 1.456437e+00
1.131000e+00 1.467032e+00
1.131200e+00 1.477464e+00
1.131400e+00 1.487721e+00
1.131600e+00 1.497796e+00
1.131800e+00 1.507681e+00
1.132000e+00 1.517368e+00
1.132200e+00 1.526851e+00
1.132400e+00 1.536122e+00
1.132600e+00 1.545177e+00
1.132800e+00 1.554011e+00
1.133000e+00 1.562617e+00
1.133200e+00 1.570993e+00
1.133400e+00 1.579134e+00
1.133600e+00 1.587037e+00
1.133800e+00 1.594698e+00
1.134000e+00 1.602115e+00
1.134200e+00 1.609284e+00
1.134400e+00 1.616204e+00
1.134600e+00 1.622873e+00
1.134800e+00 1.629288e+00
1.135000e+00 1.635448e+00
1.135200e+00 1.641351e+00
1.135400e+00 1.646997e+00
1.135600e+00 1.652384e+00
1.135800e+00 1.657512e+00
1.136000e+00 1.662380e+00
1.136200e+00 1.666987e+00
1.136400e+00 1.671334e+00
1.136600e+00 1.675420e+00
1.136800e+00 1.679246e+00
1.137000e+00 1.682812e+00
1.137200e+00 1.686119e+00
1.137400e+00 1.689168e+00
1.137600e+00 1.691960e+00
1.137800e+00 1.694496e+00
1.138000e+00 1.696780e+00
1.138200e+00 1.698812e+00
1.138400e+00 1.700595e+00
1.138600e+00 1.702131e+00
1.138800e+00 1.703424e+00
1.139000e+00 1.704476e+00
1.139200e+00 1.705292e+00
1.139400e+00 1.705874e+00
1.139600e+00 1.706227e+00
1.139800e+00 1.706356e+00
1.140000e+00 1.706264e+00
1.140200e+00 1.705956e+00
1.140400e+00 1.705438e+00
1.140600e+00 1.704715e+00
1.140800e+00 1.703792e+00
1.141000e+00 1.702675e+00
1.141200e+00 1.701370e+00
1.141400e+00 1.699882e+00
1.141600e+00 1.698218e+00
1.141800e+00 1.696385e+00
1.142000e+00 1.694388e+00
1.142200e+00 1.692234e+00
1.142400e+00 1.689930e+00
1.142600e+00 1.687482e+00
1.142800e+00 1.684897e+00
1.143000e+00 1.682182e+00
1.143200e+00 1.679343e+00
1.143400e+00 1.676388e+00
1.143600e+00 1.673322e+00
1.143800e+00 1.670153e+00
1.144000e+00 1.666887e+00
1.144200e+00 1.663531e+00
1.144400e+00 1.660091e+00
1.144600e+00 1.656574e+00
1.144800e+00 1.652986e+00
1.145000e+00 1.649333e+00
1.145200e+00 1.645622e+00
1.145400e+00 1.641857e+00
1.145600e+00 1.638046e+00
1.145800e+00 1.634193e+00
1.146000e+00 1.630305e+00
1.146200e+00 1.626386e+00
1.146400e+00 1.622442e+00
1.146600e+00 1.618478e+00
1.146800e+00 1.614499e+00
1.147000e+00 1.610509e+00
1.147200e+00 1.606514e+00
1.147400e+00 1.602517e+00
1.147600e+00 1.598523e+00
1.147800e+00 1.594536e+00
1.148000e+00 1.590559e+00
1.148200e+00 1.586597e+00
1.148400e+00 1.582654e+00
1.148600e+00 1.578731e+00
1.148800e+00 1.574834e+00
1.149000e+00 1.570964e+00
1.149200e+00 1.567125e+00
1.149400e+00 1.563320e+00
1.149600e+00 1.559551e+00
1.149800e+00 1.555821e+00
1.150000e+00 1.552132e+00
1.150200e+00 1.548486e+00
1.150400e+00 1.544885e+00
1.150600e+00 1.541332e+00
1.150800e+00 1.537828e+00
1.151000e+00 1.534375e+00
1.151200e+00 1.530975e+00
1.151400e+00 1.527628e+00
1.151600e+00 1.524337e+00
1.151800e+00 1.521102e+00
1.152000e+00 1.517925e+00
1.152200e+00 1.514807e+00
1.152400e+00 1.511748e+00
1.152600e+00 1.508751e+00
1.152800e+00 1.505815e+00
1.153000e+00 1.502941e+00
1.153200e+00 1.500130e+00
1.153400e+00 1.497383e+00
1.153600e+00 1.494700e+00
1.153800e+00 1.492082e+00
1.154000e+00 1.489528e+00
1.154200e+00 1.487040e+00
1.154400e+00 1.484617e+00
1.154600e+00 1.482261e+00
1.154800e+00 1.479970e+00
1.155000e+00 1.477746e+00
1.155200e+00 1.475588e+00
1.155400e+00 1.473496e+00
1.155600e+00 1.471472e+00
1.155800e+00 1.469513e+00
1.156000e+00 1.467622e+00
1.156200e+00 1.465797e+00
1.156400e+00 1.464038e+00
1.156600e+00 1.462346e+00
1.156800e+00 1.460721e+00
1.157000e+00 1.459162e+00
1.157200e+00 1.457669e+00
1.157400e+00 1.456243e+00
1.157600e+00 1.454883e+00
1.157800e+00 1.453588e+00
1.158000e+00 1.452360e+00
1.158200e+00 1.451198e+00
1.158400e+00 1.450101e+00
1.158600e+00 1.449070e+00
1.158800e+00 1.448104e+00
1.159000e+00 1.447204e+00
1.159200e+00 1.446369e+00
1.159400e+00 1.445600e+00
1.159600e+00 1.444896e+00
1.159800e+00 1.444258e+00
1.160000e+00 1.443685e+00
1.160200e+00 1.443177e+00
1.160400e+00 1.442735e+00
1.160600e+00 1.442358e+00
1.160800e+00 1.442048e+00
1.161000e+00 1.441803e+00
1.161200e+00 1.441624e+00
1.161400e+00 1.441511e+00
1.161600e+00 1.441465e+00
1.161800e+00 1.441486e+00
1.162000e+00 1.441574e+00
1.162200e+00 1.441729e+00
1.162400e+00 1.441953e+00
1.162600e+00 1.442245e+00
1.162800e+00 1.442606e+00
1.163000e+00 1.443036e+00
1.163200e+00 1.443537e+00
1.163400e+00 1.444108e+00
1.163600e+00 1.444751e+00
1.163800e+00 1.445466e+00
1.164000e+00 1.446254e+00
1.164200e+00 1.447116e+00
1.164400e+00 1.448052e+00
1.164600e+00 1.449064e+00
1.164800e+00 1.450152e+00
1.165000e+00 1.451318e+00
1.165200e+00 1.452562e+00
1.165400e+00 1.453885e+00
1.165600e+00 1.455288e+00
1.165800e+00 1.456772e+00
1.166000e+00 1.458338e+00
1.166200e+00 1.459987e+00
1.166400e+00 1.461718e+00
1.166600e+00 1.463534e+00
1.166800e+00 1.465433e+00
1.167000e+00 1.467417e+00
1.167200e+00 1.469484e+00
1.167400e+00 1.471633e+00
1.167600e+00 1.473865e+00
1.167800e+00 1.476175e+00
1.168000e+00 1.478561e+00
1.168200e+00 1.481016e+00
1.168400e+00 1.483534e+00
1.168600e+00 1.486100e+00
1.168800e+00 1.488687e+00
1.169000e+00 1.491233e+00
1.169200e+00 1.500023e+00
1.169400e+00 1.512703e+00
1.169600e+00 1.520403e+00
1.169800e+00 1.526787e+00
1.170000e+00 1.532518e+00
1.170200e+00 1.537860e+00
1.170400e+00 1.542943e+00
1.170600e+00 1.547846e+00
1.170800e+00 1.552616e+00
1.171000e+00 1.557285e+00
1.171200e+00 1.561877e+00
1.171400e+00 1.566406e+00
1.171600e+00 1.570883e+00
1.171800e+00 1.575318e+00
1.172000e+00 1.579715e+00
1.172200e+00 1.584080e+00
1.172400e+00 1.588413e+00
1.172600e+00 1.592718e+00
1.172800e+00 1.596995e+00
1.173000e+00 1.601244e+00
1.173200e+00 1.605465e+00
1.173400e+00 1.609657e+00
1.173600e+00 1.613819e+00
1.173800e+00 1.617949e+00
1.174000e+00 1.622047e+00
1.174200e+00 1.626110e+00
1.174400e+00 1.630136e+00
1.174600e+00 1.634123e+00
1.174800e+00 1.638070e+00
1.175000e+00 1.641974e+00
1.175200e+00 1.645834e+00
1.175400e+00 1.649647e+00
1.175600e+00 1.653411e+00
1.175800e+00 1.657125e+00
1.176000e+00 1.660788e+00
1.176200e+00 1.664398e+00
1.176400e+00 1.667953e+00
1.176600e+00 1.671454e+00
1.176800e+00 1.674898e+00
1.177000e+00 1.678285e+00
1.177200e+00 1.681616e+00
1.177400e+00 1.684890e+00
1.177600e+00 1.688106e+00
1.177800e+00 1.691267e+00
1.178000e+00 1.694371e+00
1.178200e+00 1.697421e+00
1.178400e+00 1.700416e+00
1.178600e+00 1.703359e+00
1.178800e+00 1.706251e+00
1.179000e+00 1.709093e+00
1.179200e+00 1.711888e+00
1.179400e+00 1.714637e+00
1.179600e+00 1.717342e+00
1.179800e+00 1.720006e+00
1.180000e+00 1.722630e+00
1.180200e+00 1.725217e+00
1.180400e+00 1.727768e+00
1.180600e+00 1.730286e+00
1.180800e+00 1.732772e+00
1.181000e+00 1.735228e+00
1.181200e+00 1.737654e+00
1.181400e+00 1.740054e+00
1.181600e+00 1.742426e+00
1.181800e+00 1.744772e+00
1.182000e+00 1.747091e+00
1.182200e+00 1.749383e+00
1.182400e+00 1.751647e+00
1.182600e+00 1.753882e+00
1.182800e+00 1.756084e+00
1.183000e+00 1.758253e+00
1.183200e+00 1.760383e+00
1.183400e+00 1.762472e+00
1.183600e+00 1.764513e+00
1.183800e+00 1.766503e+00
1.184000e+00 1.768434e+00
1.184200e+00 1.770299e+00
1.184400e+00 1.772091e+00
1.184600e+00 1.773802e+00
1.184800e+00 1.775422e+00
1.185000e+00 1.776941e+00
1.185200e+00 1.778349e+00
1.185400e+00 1.779635e+00
1.185600e+00 1.780787e+00
1.185800e+00 1.781794e+00
1.186000e+00 1.782644e+00
1.186200e+00 1.783323e+00
1.186400e+00 1.783819e+00
1.186600e+00 1.784120e+00
1.186800e+00 1.784212e+00
1.187000e+00 1.784084e+00
1.187200e+00 1.783722e+00
1.187400e+00 1.783117e+00
1.187600e+00 1.782255e+00
1.187800e+00 1.781128e+00
1.188000e+00 1.779725e+00
1.188200e+00 1.778038e+00
1.188400e+00 1.776060e+00
1.188600e+00 1.773784e+00
1.188800e+00 1.771206e+00
1.189000e+00 1.768321e+00
1.189200e+00 1.765127e+00
1.189400e+00 1.761624e+00
1.189600e+00 1.757812e+00
1.189800e+00 1.753693e+00
1.190000e+00 1.749271e+00
1.190200e+00 1.744551e+00
1.190400e+00 1.739540e+00
1.190600e+00 1.734244e+00
1.190800e+00 1.728674e+00
1.191000e+00 1.722839e+00
1.191200e+00 1.716751e+00
1.191400e+00 1.710422e+00
1.191600e+00 1.703865e+00
1.191800e+00 1.697094e+00
1.192000e+00 1.690123e+00
1.192200e+00 1.682967e+00
1.192400e+00 1.675642e+00
1.192600e+00 1.668164e+00
1.192800e+00 1.660546e+00
1.193000e+00 1.652807e+00
1.193200e+00 1.644960e+00
1.193400e+00 1.637022e+00
1.193600e+00 1.629007e+00
1.193800e+00 1.620931e+00
1.194000e+00 1.612807e+00
1.194200e+00 1.604650e+00
1.194400e+00 1.596474e+00
1.194600e+00 1.588290e+00
1.194800e+00 1.580112e+00
1.195000e+00 1.571950e+00
1.195200e+00 1.563817e+00
1.195400e+00 1.555722e+00
1.195600e+00 1.547675e+00
1.195800e+00 1.539686e+00
1.196000e+00 1.531763e+00
1.196200e+00 1.523914e+00
1.196400e+00 1.516146e+00
1.196600e+00 1.508466e+00
1.196800e+00 1.500880e+00
1.197000e+00 1.493395e+00
1.197200e+00 1.486014e+00
1.197400e+00 1.478743e+00
1.197600e+00 1.471586e+00
1.197800e+00 1.464547e+00
1.198000e+00 1.457628e+00
1.198200e+00 1.450834e+00
1.198400e+00 1.444165e+00
1.198600e+00 1.437625e+00
1.198800e+00 1.431216e+00
1.199000e+00 1.424938e+00
1.199200e+00 1.418793e+00
1.199400e+00 1.412782e+00
1.199600e+00 1.406906e+00
1.199800e+00 1.401165e+00
1.200000e+00 1.395560e+00
1.200200e+00 1.390090e+00
1.200400e+00 1.384755e+00
1.200600e+00 1.379556e+00
1.200800e+00 1.374490e+00
1.201000e+00 1.369559e+00
1.201200e+00 1.364761e+00
1.201400e+00 1.360096e+00
1.201600e+00 1.355561e+00
1.201800e+00 1.351157e+00
1.202000e+00 1.346882e+00
1.202200e+00 1.342735e+00
1.202400e+00 1.338714e+00
1.202600e+00 1.334818e+00
1.202800e+00 1.331046e+00
1.203000e+00 1.327395e+00
1.203200e+00 1.323865e+00
1.203400e+00 1.320453e+00
1.203600e+00 1.317159e+00
1.203800e+00 1.313980e+00
1.204000e+00 1.310914e+00
1.204200e+00 1.307960e+00
1.204400e+00 1.305116e+00
1.204600e+00 1.302380e+00
1.204800e+00 1.299751e+00
1.205000e+00 1.297225e+00
1.205200e+00 1.294802e+00
1.205400e+00 1.292480e+00
1.205600e+00 1.290257e+00
1.205800e+00 1.288130e+00
1.206000e+00 1.286099e+00
1.206200e+00 1.284160e+00
1.206400e+00 1.282312e+00
1.206600e+00 1.280554e+00
1.206800e+00 1.278883e+00
1.207000e+00 1.277298e+00
1.207200e+00 1.275796e+00
1.207400e+00 1.274376e+00
1.207600e+00 1.273036e+00
1.207800e+00 1.271774e+00
1.208000e+00 1.270589e+00
1.208200e+00 1.269477e+00
1.208400e+00 1.268439e+00
1.208600e+00 1.267471e+00
1.208800e+00 1.266572e+00
1.209000e+00 1.265741e+00
1.209200e+00 1.264975e+00
1.209400e+00 1.264273e+00
1.209600e+00 1.263634e+00
1.209800e+00 1.263055e+00
1.210000e+00 1.262534e+00
1.210200e+00 1.262071e+00
1.210400e+00 1.261664e+00
1.210600e+00 1.261310e+00
1.210800e+00 1.261009e+00
1.211000e+00 1.260759e+00
1.211200e+00 1.260558e+00
1.211400e+00 1.260405e+00
1.211600e+00 1.260298e+00
1.211800e+00 1.260236e+00
1.212000e+00 1.260217e+00
1.212200e+00 1.260241e+00
1.212400e+00 1.260305e+00
1.212600e+00 1.260408e+00
1.212800e+00 1.260548e+00
1.213000e+00 1.260725e+00
1.213200e+00 1.260938e+00
1.213400e+00 1.261184e+00
1.213600e+00 1.261462e+00
1.213800e+00 1.261772e+00
1.214000e+00 1.262112e+00
1.214200e+00 1.262481e+00
1.214400e+00 1.262877e+00
1.214600e+00 1.263300e+00
1.214800e+00 1.263748e+00
1.215000e+00 1.264220e+00
1.215200e+00 1.264715e+00
1.215400e+00 1.265233e+00
1.215600e+00 1.265771e+00
1.215800e+00 1.266329e+00
1.216000e+00 1.266907e+00
1.216200e+00 1.267502e+00
1.216400e+00 1.268114e+00
1.216600e+00 1.268742e+00
1.216800e+00 1.269385e+00
1.217000e+00 1.270042e+00
1.217200e+00 1.270713e+00
1.217400e+00 1.271396e+00
1.217600e+00 1.272091e+00
1.217800e+00 1.272796e+00
1.218000e+00 1.273512e+00
1.218200e+00 1.274237e+00
1.218400e+00 1.274970e+00
1.218600e+00 1.275711e+00
1.218800e+00 1.276459e+00
1.219000e+00 1.277214e+00
1.219200e+00 1.277974e+00
1.219400e+00 1.278739e+00
1.219600e+00 1.279509e+00
1.219800e+00 1.280283e+00
1.220000e+00 1.281061e+00
1.220200e+00 1.281841e+00
1.220400e+00 1.282623e+00
1.220600e+00 1.283407e+00
1.220800e+00 1.284193e+00
1.221000e+00 1.284980e+00
1.221200e+00 1.285767e+00
1.221400e+00 1.286554e+00
1.221600e+00 1.287341e+00
1.221800e+00 1.288127e+00
1.222000e+00 1.288912e+00
1.222200e+00 1.289696e+00
1.222400e+00 1.290479e+00
1.222600e+00 1.291260e+00
1.222800e+00 1.292038e+00
1.223000e+00 1.292815e+00
1.223200e+00 1.293589e+00
1.223400e+00 1.294361e+00
1.223600e+00 1.295130e+00
1.223800e+00 1.295896e+00
1.224000e+00 1.296660e+00
1.224200e+00 1.297421e+00
1.224400e+00 1.298178e+00
1.224600e+00 1.298933e+00
1.224800e+00 1.299685e+00
1.225000e+00 1.300434e+00
1.225200e+00 1.301180e+00
1.225400e+00 1.301924e+00
1.225600e+00 1.302665e+00
1.225800e+00 1.303403e+00
1.226000e+00 1.304139e+00
1.226200e+00 1.304873e+00
1.226400e+00 1.305606e+00
1.226600e+00 1.306336e+00
1.226800e+00 1.307065e+00
1.227000e+00 1.307793e+00
1.227200e+00 1.308520e+00
1.227400e+00 1.309246e+00
1.227600e+00 1.309972e+00
1.227800e+00 1.310698e+00
1.228000e+00 1.311424e+00
1.228200e+00 1.312151e+00
1.228400e+00 1.312879e+00
1.228600e+00 1.313608e+00
1.228800e+00 1.314339e+00
1.229000e+00 1.315071e+00
1.229200e+00 1.315807e+00
1.229400e+00 1.316544e+00
1.229600e+00 1.317285e+00
1.229800e+00 1.318030e+00
1.230000e+00 1.318778e+00
1.230200e+00 1.319530e+00
1.230400e+00 1.320286e+00
1.230600e+00 1.321047e+00
1.230800e+00 1.321813e+00
1.231000e+00 1.322583e+00
1.231200e+00 1.323359e+00
1.231400e+00 1.324140e+00
1.231600e+00 1.324927e+00
1.231800e+00 1.325718e+00
1.232000e+00 1.326515e+00
1.232200e+00 1.327317e+00
1.232400e+00 1.328125e+00
1.232600e+00 1.328937e+00
1.232800e+00 1.329753e+00
1.233000e+00 1.330574e+00
1.233200e+00 1.331398e+00
1.233400e+00 1.332226e+00
1.233600e+00 1.333056e+00
1.233800e+00 1.333887e+00
1.234000e+00 1.334719e+00
1.234200e+00 1.335551e+00
1.234400e+00 1.336381e+00
1.234600e+00 1.337209e+00
1.234800e+00 1.338032e+00
1.235000e+00 1.338850e+00
1.235200e+00 1.339661e+00
1.235400e+00 1.340463e+00
1.235600e+00 1.341253e+00
1.235800e+00 1.342031e+00
1.236000e+00 1.342793e+00
1.236200e+00 1.343537e+00
1.236400e+00 1.344261e+00
1.236600e+00 1.344962e+00
1.236800e+00 1.345636e+00
1.237000e+00 1.346282e+00
1.237200e+00 1.346895e+00
1.237400e+00 1.347472e+00
1.237600e+00 1.348010e+00
1.237800e+00 1.348506e+00
1.238000e+00 1.348955e+00
1.238200e+00 1.349353e+00
1.238400e+00 1.349697e+00
1.238600e+00 1.349982e+00
1.238800e+00 1.350204e+00
1.239000e+00 1.350359e+00
1.239200e+00 1.350443e+00
1.239400e+00 1.350450e+00
1.239600e+00 1.350377e+00
1.239800e+00 1.350219e+00
1.240000e+00 1.349972e+00
1.240200e+00 1.349631e+00
1.240400e+00 1.349192e+00
1.240600e+00 1.348650e+00
1.240800e+00 1.348002e+00
1.241000e+00 1.347244e+00
1.241200e+00 1.346371e+00
1.241400e+00 1.345379e+00
1.241600e+00 1.344267e+00
1.241800e+00 1.343030e+00
1.242000e+00 1.341665e+00
1.242200e+00 1.340170e+00
1.242400e+00 1.338544e+00
1.242600e+00 1.336783e+00
1.242800e+00 1.334888e+00
1.243000e+00 1.332857e+00
1.243200e+00 1.330690e+00
1.243400e+00 1.328388e+00
1.243600e+00 1.325951e+00
1.243800e+00 1.323381e+00
1.244000e+00 1.320681e+00
1.244200e+00 1.317853e+00
1.244400e+00 1.314902e+00
1.244600e+00 1.311832e+00
1.244800e+00 1.308648e+00
1.245000e+00 1.305358e+00
1.245200e+00 1.301967e+00
1.245400e+00 1.298484e+00
1.245600e+00 1.294919e+00
1.245800e+00 1.291281e+00
1.246000e+00 1.287582e+00
1.246200e+00 1.283833e+00
1.246400e+00 1.280047e+00
1.246600e+00 1.276238e+00
1.246800e+00 1.272422e+00
1.247000e+00 1.268614e+00
1.247200e+00 1.264831e+00
1.247400e+00 1.261091e+00
1.247600e+00 1.257411e+00
1.247800e+00 1.253813e+00
1.248000e+00 1.250315e+00
1.248200e+00 1.246939e+00
1.248400e+00 1.243705e+00
1.248600e+00 1.240636e+00
1.248800e+00 1.237754e+00
1.249000e+00 1.235080e+00
1.249200e+00 1.232638e+00
1.249400e+00 1.230450e+00
1.249600e+00 1.228538e+00
1.249800e+00 1.226924e+00
1.250000e+00 1.225629e+00
1.250200e+00 1.224673e+00
1.250400e+00 1.224075e+00
1.250600e+00 1.223855e+00
1.250800e+00 1.224028e+00
1.251000e+00 1.224611e+00
1.251200e+00 1.225616e+00
1.251400e+00 1.227056e+00
1.251600e+00 1.228940e+00
1.251800e+00 1.231274e+00
1.252000e+00 1.234065e+00
1.252200e+00 1.237314e+00
1.252400e+00 1.241021e+00
1.252600e+00 1.245183e+00
1.252800e+00 1.249795e+00
1.253000e+00 1.254848e+00
1.253200e+00 1.260330e+00
1.253400e+00 1.266230e+00
1.253600e+00 1.272529e+00
1.253800e+00 1.279211e+00
1.254000e+00 1.286254e+00
1.254200e+00 1.293635e+00
1.254400e+00 1.301331e+00
1.254600e+00 1.309314e+00
1.254800e+00 1.317559e+00
1.255000e+00 1.326037e+00
1.255200e+00 1.334719e+00
1.255400e+00 1.343575e+00
1.255600e+00 1.352577e+00
1.255800e+00 1.361694e+00
1.256000e+00 1.370898e+00
1.256200e+00 1.380161e+00
1.256400e+00 1.389455e+00
1.256600e+00 1.398755e+00
1.256800e+00 1.408035e+00
1.257000e+00 1.417273e+00
1.257200e+00 1.426446e+00
1.257400e+00 1.435535e+00
1.257600e+00 1.444521e+00
1.257800e+00 1.453389e+00
1.258000e+00 1.462124e+00
1.258200e+00 1.470713e+00
1.258400e+00 1.479147e+00
1.258600e+00 1.487417e+00
1.258800e+00 1.495515e+00
1.259000e+00 1.503437e+00
1.259200e+00 1.511180e+00
1.259400e+00 1.518740e+00
1.259600e+00 1.526118e+00
1.259800e+00 1.533314e+00
1.260000e+00 1.540331e+00
1.260200e+00 1.547169e+00
1.260400e+00 1.553834e+00
1.260600e+00 1.560330e+00
1.260800e+00 1.566661e+00
1.261000e+00 1.572833e+00
1.261200e+00 1.578852e+00
1.261400e+00 1.584724e+00
1.261600e+00 1.590454e+00
1.261800e+00 1.596049e+00
1.262000e+00 1.601515e+00
1.262200e+00 1.606858e+00
1.262400e+00 1.612083e+00
1.262600e+00 1.617196e+00
1.262800e+00 1.622201e+00
1.263000e+00 1.627103e+00
1.263200e+00 1.631906e+00
1.263400e+00 1.636613e+00
1.263600e+00 1.641227e+00
1.263800e+00 1.645749e+00
1.264000e+00 1.650182e+00
1.264200e+00 1.654525e+00
1.264400e+00 1.658780e+00
1.264600e+00 1.662944e+00
1.264800e+00 1.667016e+00
1.265000e+00 1.670995e+00
1.265200e+00 1.674876e+00
1.265400e+00 1.678656e+00
1.265600e+00 1.682331e+00
1.265800e+00 1.685894e+00
1.266000e+00 1.689339e+00
1.266200e+00 1.692661e+00
1.266400e+00 1.695850e+00
1.266600e+00 1.698899e+00
1.266800e+00 1.701798e+00
1.267000e+00 1.704539e+00
1.267200e+00 1.707109e+00
1.267400e+00 1.709500e+00
1.267600e+00 1.711698e+00
1.267800e+00 1.713693e+00
1.268000e+00 1.715472e+00
1.268200e+00 1.717023e+00
1.268400e+00 1.718332e+00
1.268600e+00 1.719386e+00
1.268800e+00 1.720173e+00
1.269000e+00 1.720678e+00
1.269200e+00 1.720888e+00
1.269400e+00 1.720791e+00
1.269600e+00 1.720373e+00
1.269800e+00 1.719622e+00
1.270000e+00 1.718526e+00
1.270200e+00 1.717072e+00
1.270400e+00 1.715251e+00
1.270600e+00 1.713053e+00
1.270800e+00 1.710468e+00
1.271000e+00 1.707488e+00
1.271200e+00 1.704108e+00
1.271400e+00 1.700322e+00
1.271600e+00 1.696126e+00
1.271800e+00 1.691518e+00
1.272000e+00 1.686498e+00
1.272200e+00 1.681068e+00
1.272400e+00 1.675230e+00
1.272600e+00 1.668992e+00
1.272800e+00 1.662361e+00
1.273000e+00 1.655347e+00
1.273200e+00 1.647962e+00
1.273400e+00 1.640221e+00
1.273600e+00 1.632142e+00
1.273800e+00 1.623743e+00
1.274000e+00 1.615046e+00
1.274200e+00 1.606074e+00
1.274400e+00 1.596854e+00
1.274600e+00 1.587413e+00
1.274800e+00 1.577782e+00
1.275000e+00 1.567990e+00
1.275200e+00 1.558071e+00
1.275400e+00 1.548058e+00
1.275600e+00 1.537988e+00
1.275800e+00 1.527894e+00
1.276000e+00 1.517813e+00
1.276200e+00 1.507782e+00
1.276400e+00 1.497837e+00
1.276600e+00 1.488013e+00
1.276800e+00 1.478345e+00
1.277000e+00 1.468868e+00
1.277200e+00 1.459614e+00
1.277400e+00 1.450614e+00
1.277600e+00 1.441899e+00
1.277800e+00 1.433495e+00
1.278000e+00 1.425428e+00
1.278200e+00 1.417721e+00
1.278400e+00 1.410394e+00
1.278600e+00 1.403466e+00
1.278800e+00 1.396951e+00
1.279000e+00 1.390861e+00
1.279200e+00 1.385208e+00
1.279400e+00 1.379996e+00
1.279600e+00 1.375231e+00
1.279800e+00 1.370913e+00
1.280000e+00 1.367043e+00
1.280200e+00 1.363616e+00
1.280400e+00 1.360627e+00
1.280600e+00 1.358068e+00
1.280800e+00 1.355929e+00
1.281000e+00 1.354198e+00
1.281200e+00 1.352863e+00
1.281400e+00 1.351908e+00
1.281600e+00 1.351319e+00
1.281800e+00 1.351079e+00
1.282000e+00 1.351169e+00
1.282200e+00 1.351574e+00
1.282400e+00 1.352273e+00
1.282600e+00 1.353249e+00
1.282800e+00 1.354483e+00
1.283000e+00 1.355956e+00
1.283200e+00 1.357651e+00
1.283400e+00 1.359550e+00
1.283600e+00 1.361635e+00
1.283800e+00 1.363890e+00
1.284000e+00 1.366299e+00
1.284200e+00 1.368846e+00
1.284400e+00 1.371517e+00
1.284600e+00 1.374298e+00
1.284800e+00 1.377178e+00
1.285000e+00 1.380143e+00
1.285200e+00 1.383184e+00
1.285400e+00 1.386290e+00
1.285600e+00 1.389453e+00
1.285800e+00 1.392664e+00
1.286000e+00 1.395915e+00
1.286200e+00 1.399202e+00
1.286400e+00 1.402517e+00
1.286600e+00 1.405857e+00
1.286800e+00 1.409216e+00
1.287000e+00 1.412593e+00
1.287200e+00 1.415983e+00
1.287400e+00 1.419384e+00
1.287600e+00 1.422796e+00
1.287800e+00 1.426216e+00
1.288000e+00 1.429643e+00
1.288200e+00 1.433078e+00
1.288400e+00 1.436519e+00
1.288600e+00 1.439967e+00
1.288800e+00 1.443422e+00
1.289000e+00 1.446884e+00
1.289200e+00 1.450353e+00
1.289400e+00 1.453831e+00
1.289600e+00 1.457317e+00
1.289800e+00 1.460812e+00
1.290000e+00 1.464316e+00
1.290200e+00 1.467830e+00
1.290400e+00 1.471353e+00
1.290600e+00 1.474886e+00
1.290800e+00 1.478429e+00
1.291000e+00 1.481980e+00
1.291200e+00 1.485540e+00
1.291400e+00 1.489108e+00
1.291600e+00 1.492682e+00
1.291800e+00 1.496261e+00
1.292000e+00 1.499844e+00
1.292200e+00 1.503429e+00
1.292400e+00 1.507014e+00
1.292600e+00 1.510596e+00
1.292800e+00 1.514174e+00
1.293000e+00 1.517744e+00
1.293200e+00 1.521303e+00
1.293400e+00 1.524848e+00
1.293600e+00 1.528377e+00
1.293800e+00 1.531885e+00
1.294000e+00 1.535368e+00
1.294200e+00 1.538824e+00
1.294400e+00 1.542248e+00
1.294600e+00 1.545636e+00
1.294800e+00 1.548984e+00
1.295000e+00 1.552288e+00
1.295200e+00 1.555544e+00
1.295400e+00 1.558748e+00
1.295600e+00 1.561896e+00
1.295800e+00 1.564983e+00
1.296000e+00 1.568006e+00
1.296200e+00 1.570960e+00
1.296400e+00 1.573843e+00
1.296600e+00 1.576650e+00
1.296800e+00 1.579378e+00
1.297000e+00 1.582023e+00
1.297200e+00 1.584582e+00
1.297400e+00 1.587052e+00
1.297600e+00 1.589430e+00
1.297800e+00 1.591714e+00
1.298000e+00 1.593901e+00
1.298200e+00 1.595989e+00
1.298400e+00 1.597976e+00
1.298600e+00 1.599860e+00
1.298800e+00 1.601640e+00
1.299000e+00 1.603314e+00
1.299200e+00 1.604882e+00
1.299400e+00 1.606343e+00
1.299600e+00 1.607696e+00
1.299800e+00 1.608940e+00
