1.100000e+00 1.110109e+00
1.100200e+00 1.111909e+00
1.100400e+00 1.114187e+00
1.100600e+00 1.116936e+00
1.100800e+00 1.120142e+00
1.101000e+00 1.123792e+00
1.101200e+00 1.127869e+00
1.101400e+00 1.132355e+00
1.101600e+00 1.137231e+00
1.101800e+00 1.142476e+00
1.102000e+00 1.148067e+00
1.102200e+00 1.153983e+00
1.102400e+00 1.160200e+00
1.102600e+00 1.166693e+00
1.102800e+00 1.173439e+00
1.103000e+00 1.180415e+00
1.103200e+00 1.187595e+00
1.103400e+00 1.194956e+00
1.103600e+00 1.202475e+00
1.103800e+00 1.210129e+00
1.104000e+00 1.217897e+00
1.104200e+00 1.225756e+00
1.104400e+00 1.233686e+00
1.104600e+00 1.241668e+00
1.104800e+00 1.249682e+00
1.105000e+00 1.257712e+00
1.105200e+00 1.265739e+00
1.105400e+00 1.273749e+00
1.105600e+00 1.281725e+00
1.105800e+00 1.289655e+00
1.106000e+00 1.297526e+00
1.106200e+00 1.305324e+00
1.106400e+00 1.313040e+00
1.106600e+00 1.320663e+00
1.106800e+00 1.328183e+00
1.107000e+00 1.335592e+00
1.107200e+00 1.342883e+00
1.107400e+00 1.350047e+00
1.107600e+00 1.357079e+00
1.107800e+00 1.363974e+00
1.108000e+00 1.370725e+00
1.108200e+00 1.377329e+00
1.108400e+00 1.383781e+00
1.108600e+00 1.390078e+00
1.108800e+00 1.396217e+00
1.109000e+00 1.402195e+00
1.109200e+00 1.408010e+00
1.109400e+00 1.413660e+00
1.109600e+00 1.419144e+00
1.109800e+00 1.424459e+00
1.110000e+00 1.429605e+00
1.110200e+00 1.434582e+00
1.110400e+00 1.439388e+00
1.110600e+00 1.444022e+00
1.110800e+00 1.448486e+00
1.111000e+00 1.452779e+00
1.111200e+00 1.456901e+00
1.111400e+00 1.460851e+00
1.111600e+00 1.464631e+00
1.111800e+00 1.468241e+00
1.112000e+00 1.471682e+00
1.112200e+00 1.474954e+00
1.112400e+00 1.478058e+00
1.112600e+00 1.480996e+00
1.112800e+00 1.483767e+00
1.113000e+00 1.486374e+00
1.113200e+00 1.488817e+00
1.113400e+00 1.491099e+00
1.113600e+00 1.493220e+00
1.113800e+00 1.495182e+00
1.114000e+00 1.496987e+00
1.114200e+00 1.498637e+00
1.114400e+00 1.500134e+00
1.114600e+00 1.501480e+00
1.114800e+00 1.502677e+00
1.115000e+00 1.503728e+00
1.115200e+00 1.504635e+00
1.115400e+00 1.505402e+00
1.115600e+00 1.506030e+00
1.115800e+00 1.506523e+00
1.116000e+00 1.506884e+00
1.116200e+00 1.507116e+00
1.116400e+00 1.507224e+00
1.116600e+00 1.507209e+00
1.116800e+00 1.507077e+00
1.117000e+00 1.506830e+00
1.117200e+00 1.506474e+00
1.117400e+00 1.506012e+00
1.117600e+00 1.505447e+00
1.117800e+00 1.504786e+00
1.118000e+00 1.504031e+00
1.118200e+00 1.503188e+00
1.118400e+00 1.502262e+00
1.118600e+00 1.501256e+00
1.118800e+00 1.500176e+00
1.119000e+00 1.499026e+00
1.119200e+00 1.497812e+00
1.119400e+00 1.496538e+00
1.119600e+00 1.495210e+00
1.119800e+00 1.493831e+00
1.120000e+00 1.492409e+00
1.120200e+00 1.490946e+00
1.120400e+00 1.489448e+00
1.120600e+00 1.487921e+00
1.120800e+00 1.486369e+00
1.121000e+00 1.484796e+00
1.121200e+00 1.483208e+00
1.121400e+00 1.481609e+00
1.121600e+00 1.480004e+00
1.121800e+00 1.478397e+00
1.122000e+00 1.476793e+00
1.122200e+00 1.475196e+00
1.122400e+00 1.473610e+00
1.122600e+00 1.472038e+00
1.122800e+00 1.470486e+00
1.123000e+00 1.468955e+00
1.123200e+00 1.467451e+00
1.123400e+00 1.465975e+00
1.123600e+00 1.464532e+00
1.123800e+00 1.463123e+00
1.124000e+00 1.461752e+00
1.124200e+00 1.460421e+00
1.124400e+00 1.459132e+00
1.124600e+00 1.457886e+00
1.124800e+00 1.456686e+00
1.125000e+00 1.455532e+00
1.125200e+00 1.454425e+00
1.125400e+00 1.453367e+00
1.125600e+00 1.452357e+00
1.125800e+00 1.451395e+00
1.126000e+00 1.450482e+00
1.126200e+00 1.449615e+00
1.126400e+00 1.448795e+00
1.126600e+00 1.448018e+00
1.126800e+00 1.447285e+00
1.127000e+00 1.446591e+00
1.127200e+00 1.445934e+00
1.127400e+00 1.445311e+00
1.127600e+00 1.444719e+00
1.127800e+00 1.444151e+00
1.128000e+00 1.443605e+00
1.128200e+00 1.443075e+00
1.128400e+00 1.442554e+00
1.128600e+00 1.442036e+00
1.128800e+00 1.441515e+00
1.129000e+00 1.440983e+00
1.129200e+00 1.440431e+00
1.129400e+00 1.439852e+00
1.129600e+00 1.439236e+00
1.129800e+00 1.438574e+00
1.130000e+00 1.437855e+00
1.130200e+00 1.437068e+00
1.130400e+00 1.436203e+00
1.130600e+00 1.435247e+00
1.130800e+00 1.434190e+00
1.131000e+00 1.433017e+00
1.131200e+00 1.431718e+00
1.131400e+00 1.430278e+00
1.131600e+00 1.428685e+00
1.131800e+00 1.426925e+00
1.132000e+00 1.424986e+00
1.132200e+00 1.422854e+00
1.132400e+00 1.420518e+00
1.132600e+00 1.417965e+00
1.132800e+00 1.415183e+00
1.133000e+00 1.412162e+00
1.133200e+00 1.408892e+00
1.133400e+00 1.405364e+00
1.133600e+00 1.401570e+00
1.133800e+00 1.397506e+00
1.134000e+00 1.393167e+00
1.134200e+00 1.388551e+00
1.134400e+00 1.383658e+00
1.134600e+00 1.378489e+00
1.134800e+00 1.373050e+00
1.135000e+00 1.367349e+00
1.135200e+00 1.361395e+00
1.135400e+00 1.355201e+00
1.135600e+00 1.348784e+00
1.135800e+00 1.342162e+00
1.136000e+00 1.335357e+00
1.136200e+00 1.328394e+00
1.136400e+00 1.321300e+00
1.136600e+00 1.314106e+00
1.136800e+00 1.306843e+00
1.137000e+00 1.299546e+00
1.137200e+00 1.292251e+00
1.137400e+00 1.284995e+00
1.137600e+00 1.277818e+00
1.137800e+00 1.270757e+00
1.138000e+00 1.263850e+00
1.138200e+00 1.257137e+00
1.138400e+00 1.250654e+00
1.138600e+00 1.244436e+00
1.138800e+00 1.238517e+00
1.139000e+00 1.232926e+00
1.139200e+00 1.227692e+00
1.139400e+00 1.222839e+00
1.139600e+00 1.218386e+00
1.139800e+00 1.214351e+00
1.140000e+00 1.210745e+00
1.140200e+00 1.207576e+00
1.140400e+00 1.204848e+00
1.140600e+00 1.202560e+00
1.140800e+00 1.200706e+00
1.141000e+00 1.199278e+00
1.141200e+00 1.198262e+00
1.141400e+00 1.197642e+00
1.141600e+00 1.197397e+00
1.141800e+00 1.197506e+00
1.142000e+00 1.197941e+00
1.142200e+00 1.198676e+00
1.142400e+00 1.199681e+00
1.142600e+00 1.200925e+00
1.142800e+00 1.202375e+00
1.143000e+00 1.204000e+00
1.143200e+00 1.205766e+00
1.143400e+00 1.207641e+00
1.143600e+00 1.209590e+00
1.143800e+00 1.211583e+00
1.144000e+00 1.213588e+00
1.144200e+00 1.215573e+00
1.144400e+00 1.217511e+00
1.144600e+00 1.219373e+00
1.144800e+00 1.221132e+00
1.145000e+00 1.222763e+00
1.145200e+00 1.224244e+00
1.145400e+00 1.225552e+00
1.145600e+00 1.226669e+00
1.145800e+00 1.227575e+00
1.146000e+00 1.228255e+00
1.146200e+00 1.228695e+00
1.146400e+00 1.228883e+00
1.146600e+00 1.228807e+00
1.146800e+00 1.228460e+00
1.147000e+00 1.227835e+00
1.147200e+00 1.226927e+00
1.147400e+00 1.225734e+00
1.147600e+00 1.224255e+00
1.147800e+00 1.222492e+00
1.148000e+00 1.220447e+00
1.148200e+00 1.218125e+00
1.148400e+00 1.215534e+00
1.148600e+00 1.212683e+00
1.148800e+00 1.209582e+00
1.149000e+00 1.206243e+00
1.149200e+00 1.202681e+00
1.149400e+00 1.198913e+00
1.149600e+00 1.194955e+00
1.149800e+00 1.190827e+00
1.150000e+00 1.186550e+00
1.150200e+00 1.182145e+00
1.150400e+00 1.177635e+00
1.150600e+00 1.173045e+00
1.150800e+00 1.168400e+00
1.151000e+00 1.163724e+00
1.151200e+00 1.159045e+00
1.151400e+00 1.154389e+00
1.151600e+00 1.149781e+00
1.151800e+00 1.145249e+00
1.152000e+00 1.140816e+00
1.152200e+00 1.136509e+00
1.152400e+00 1.132352e+00
1.152600e+00 1.128367e+00
1.152800e+00 1.124576e+00
1.153000e+00 1.120998e+00
1.153200e+00 1.117651e+00
1.153400e+00 1.114553e+00
1.153600e+00 1.111716e+00
1.153800e+00 1.109152e+00
1.154000e+00 1.106871e+00
1.154200e+00 1.104880e+00
1.154400e+00 1.103183e+00
1.154600e+00 1.101783e+00
1.154800e+00 1.100678e+00
1.155000e+00 1.099867e+00
1.155200e+00 1.099344e+00
1.155400e+00 1.099101e+00
1.155600e+00 1.099131e+00
1.155800e+00 1.099421e+00
1.156000e+00 1.099958e+00
1.156200e+00 1.100728e+00
1.156400e+00 1.101715e+00
1.156600e+00 1.102903e+00
1.156800e+00 1.104272e+00
1.157000e+00 1.105804e+00
1.157200e+00 1.107479e+00
1.157400e+00 1.109279e+00
1.157600e+00 1.111182e+00
1.157800e+00 1.113170e+00
1.158000e+00 1.115223e+00
1.158200e+00 1.117320e+00
1.158400e+00 1.119444e+00
1.158600e+00 1.121576e+00
1.158800e+00 1.123699e+00
1.159000e+00 1.125795e+00
1.159200e+00 1.127849e+00
1.159400e+00 1.129847e+00
1.159600e+00 1.131774e+00
1.159800e+00 1.133618e+00
1.160000e+00 1.135367e+00
1.160200e+00 1.137011e+00
1.160400e+00 1.138539e+00
1.160600e+00 1.139943e+00
1.160800e+00 1.141217e+00
1.161000e+00 1.142354e+00
1.161200e+00 1.143347e+00
1.161400e+00 1.144194e+00
1.161600e+00 1.144890e+00
1.161800e+00 1.145433e+00
1.162000e+00 1.145822e+00
1.162200e+00 1.146054e+00
1.162400e+00 1.146131e+00
1.162600e+00 1.146051e+00
1.162800e+00 1.145818e+00
1.163000e+00 1.145431e+00
1.163200e+00 1.144894e+00
1.163400e+00 1.144210e+00
1.163600e+00 1.143381e+00
1.163800e+00 1.142411e+00
1.164000e+00 1.141305e+00
1.164200e+00 1.140066e+00
1.164400e+00 1.138701e+00
1.164600e+00 1.137213e+00
1.164800e+00 1.135609e+00
1.165000e+00 1.133894e+00
1.165200e+00 1.132074e+00
1.165400e+00 1.130156e+00
1.165600e+00 1.128146e+00
1.165800e+00 1.126052e+00
1.166000e+00 1.123879e+00
1.166200e+00 1.121636e+00
1.166400e+00 1.119330e+00
1.166600e+00 1.116970e+00
1.166800e+00 1.114563e+00
1.167000e+00 1.112118e+00
1.167200e+00 1.109644e+00
1.167400e+00 1.107151e+00
1.167600e+00 1.104648e+00
1.167800e+00 1.102147e+00
1.168000e+00 1.099659e+00
1.168200e+00 1.097196e+00
1.168400e+00 1.094774e+00
1.168600e+00 1.092411e+00
1.168800e+00 1.090131e+00
1.169000e+00 1.087982e+00
1.169200e+00 1.087637e+00
1.169400e+00 1.088255e+00
1.169600e+00 1.087977e+00
1.169800e+00 1.087538e+00
1.170000e+00 1.087078e+00
1.170200e+00 1.086652e+00
1.170400e+00 1.086294e+00
1.170600e+00 1.086025e+00
1.170800e+00 1.085860e+00
1.171000e+00 1.085812e+00
1.171200e+00 1.085892e+00
1.171400e+00 1.086110e+00
1.171600e+00 1.086473e+00
1.171800e+00 1.086991e+00
1.172000e+00 1.087670e+00
1.172200e+00 1.088517e+00
1.172400e+00 1.089540e+00
1.172600e+00 1.090743e+00
1.172800e+00 1.092132e+00
1.173000e+00 1.093714e+00
1.173200e+00 1.095492e+00
1.173400e+00 1.097472e+00
1.173600e+00 1.099656e+00
1.173800e+00 1.102049e+00
1.174000e+00 1.104653e+00
1.174200e+00 1.107471e+00
1.174400e+00 1.110505e+00
1.174600e+00 1.113756e+00
1.174800e+00 1.117223e+00
1.175000e+00 1.120909e+00
1.175200e+00 1.124810e+00
1.175400e+00 1.128927e+00
1.175600e+00 1.133257e+00
1.175800e+00 1.137798e+00
1.176000e+00 1.142545e+00
1.176200e+00 1.147496e+00
1.176400e+00 1.152644e+00
1.176600e+00 1.157984e+00
1.176800e+00 1.163511e+00
1.177000e+00 1.169217e+00
1.177200e+00 1.175095e+00
1.177400e+00 1.181137e+00
1.177600e+00 1.187333e+00
1.177800e+00 1.193675e+00
1.178000e+00 1.200153e+00
1.178200e+00 1.206757e+00
1.178400e+00 1.213475e+00
1.178600e+00 1.220297e+00
1.178800e+00 1.227211e+00
1.179000e+00 1.234204e+00
1.179200e+00 1.241265e+00
1.179400e+00 1.248381e+00
1.179600e+00 1.255539e+00
1.179800e+00 1.262725e+00
1.180000e+00 1.269926e+00
1.180200e+00 1.277129e+00
1.180400e+00 1.284320e+00
1.180600e+00 1.291483e+00
1.180800e+00 1.298607e+00
1.181000e+00 1.305676e+00
1.181200e+00 1.312675e+00
1.181400e+00 1.319592e+00
1.181600e+00 1.326411e+00
1.181800e+00 1.333119e+00
1.182000e+00 1.339701e+00
1.182200e+00 1.346144e+00
1.182400e+00 1.352435e+00
1.182600e+00 1.358560e+00
1.182800e+00 1.364507e+00
1.183000e+00 1.370263e+00
1.183200e+00 1.375818e+00
1.183400e+00 1.381159e+00
1.183600e+00 1.386279e+00
1.183800e+00 1.391166e+00
1.184000e+00 1.395813e+00
1.184200e+00 1.400213e+00
1.184400e+00 1.404360e+00
1.184600e+00 1.408248e+00
1.184800e+00 1.411874e+00
1.185000e+00 1.415235e+00
1.185200e+00 1.418330e+00
1.185400e+00 1.421159e+00
1.185600e+00 1.423722e+00
1.185800e+00 1.426022e+00
1.186000e+00 1.428063e+00
1.186200e+00 1.429849e+00
1.186400e+00 1.431386e+00
1.186600e+00 1.432680e+00
1.186800e+00 1.433739e+00
1.187000e+00 1.434572e+00
1.187200e+00 1.435187e+00
1.187400e+00 1.435593e+00
1.187600e+00 1.435802e+00
1.187800e+00 1.435823e+00
1.188000e+00 1.435668e+00
1.188200e+00 1.435347e+00
1.188400e+00 1.434871e+00
1.188600e+00 1.434251e+00
1.188800e+00 1.433498e+00
1.189000e+00 1.432623e+00
1.189200e+00 1.431634e+00
1.189400e+00 1.430542e+00
1.189600e+00 1.429357e+00
1.189800e+00 1.428085e+00
1.190000e+00 1.426736e+00
1.190200e+00 1.425317e+00
1.190400e+00 1.423833e+00
1.190600e+00 1.422290e+00
1.190800e+00 1.420694e+00
1.191000e+00 1.419047e+00
1.191200e+00 1.417354e+00
1.191400e+00 1.415617e+00
1.191600e+00 1.413837e+00
1.191800e+00 1.412014e+00
1.192000e+00 1.410150e+00
1.192200e+00 1.408242e+00
1.192400e+00 1.406290e+00
1.192600e+00 1.404291e+00
1.192800e+00 1.402243e+00
1.193000e+00 1.400142e+00
1.193200e+00 1.397985e+00
1.193400e+00 1.395768e+00
1.193600e+00 1.393485e+00
1.193800e+00 1.391133e+00
1.194000e+00 1.388705e+00
1.194200e+00 1.386198e+00
1.194400e+00 1.383606e+00
1.194600e+00 1.380923e+00
1.194800e+00 1.378146e+00
1.195000e+00 1.375269e+00
1.195200e+00 1.372288e+00
1.195400e+00 1.369198e+00
1.195600e+00 1.365997e+00
1.195800e+00 1.362681e+00
1.196000e+00 1.359249e+00
1.196200e+00 1.355697e+00
1.196400e+00 1.352026e+00
1.196600e+00 1.348235e+00
1.196800e+00 1.344325e+00
1.197000e+00 1.340297e+00
1.197200e+00 1.336154e+00
1.197400e+00 1.331899e+00
1.197600e+00 1.327537e+00
1.197800e+00 1.323072e+00
1.198000e+00 1.318510e+00
1.198200e+00 1.313860e+00
1.198400e+00 1.309127e+00
1.198600e+00 1.304321e+00
1.198800e+00 1.299451e+00
1.199000e+00 1.294527e+00
1.199200e+00 1.289559e+00
1.199400e+00 1.284557e+00
1.199600e+00 1.279534e+00
1.199800e+00 1.274499e+00
1.200000e+00 1.269465e+00
1.200200e+00 1.264442e+00
1.200400e+00 1.259443e+00
1.200600e+00 1.254477e+00
1.200800e+00 1.249555e+00
1.201000e+00 1.244687e+00
1.201200e+00 1.239883e+00
1.201400e+00 1.235150e+00
1.201600e+00 1.230497e+00
1.201800e+00 1.225931e+00
1.202000e+00 1.221456e+00
1.202200e+00 1.217078e+00
1.202400e+00 1.212799e+00
1.202600e+00 1.208623e+00
1.202800e+00 1.204551e+00
1.203000e+00 1.200581e+00
1.203200e+00 1.196713e+00
1.203400e+00 1.192944e+00
1.203600e+00 1.189270e+00
1.203800e+00 1.185687e+00
1.204000e+00 1.182188e+00
1.204200e+00 1.178766e+00
1.204400e+00 1.175413e+00
1.204600e+00 1.172122e+00
1.204800e+00 1.168881e+00
1.205000e+00 1.165681e+00
1.205200e+00 1.162511e+00
1.205400e+00 1.159360e+00
1.205600e+00 1.156217e+00
1.205800e+00 1.153070e+00
1.206000e+00 1.149907e+00
1.206200e+00 1.146717e+00
1.206400e+00 1.143487e+00
1.206600e+00 1.140207e+00
1.206800e+00 1.136866e+00
1.207000e+00 1.133451e+00
1.207200e+00 1.129955e+00
1.207400e+00 1.126366e+00
1.207600e+00 1.122675e+00
1.207800e+00 1.118876e+00
1.208000e+00 1.114959e+00
1.208200e+00 1.110918e+00
1.208400e+00 1.106747e+00
1.208600e+00 1.102442e+00
1.208800e+00 1.097997e+00
1.209000e+00 1.093409e+00
1.209200e+00 1.088677e+00
1.209400e+00 1.083798e+00
1.209600e+00 1.078771e+00
1.209800e+00 1.073599e+00
1.210000e+00 1.068280e+00
1.210200e+00 1.062818e+00
1.210400e+00 1.057215e+00
1.210600e+00 1.051475e+00
1.210800e+00 1.045602e+00
1.211000e+00 1.039602e+00
1.211200e+00 1.033480e+00
1.211400e+00 1.027244e+00
1.211600e+00 1.020900e+00
1.211800e+00 1.014456e+00
1.212000e+00 1.007920e+00
1.212200e+00 1.001302e+00
1.212400e+00 9.946108e-01
1.212600e+00 9.878560e-01
1.212800e+00 9.810479e-01
1.213000e+00 9.741970e-01
1.213200e+00 9.673139e-01
1.213400e+00 9.604099e-01
1.213600e+00 9.534960e-01
1.213800e+00 9.465836e-01
1.214000e+00 9.396844e-01
1.214200e+00 9.328099e-01
1.214400e+00 9.259717e-01
1.214600e+00 9.191816e-01
1.214800e+00 9.124511e-01
1.215000e+00 9.057919e-01
1.215200e+00 8.992156e-01
1.215400e+00 8.927333e-01
1.215600e+00 8.863565e-01
1.215800e+00 8.800962e-01
1.216000e+00 8.739631e-01
1.216200e+00 8.679679e-01
1.216400e+00 8.621209e-01
1.216600e+00 8.564322e-01
1.216800e+00 8.509114e-01
1.217000e+00 8.455680e-01
1.217200e+00 8.404109e-01
1.217400e+00 8.354487e-01
1.217600e+00 8.306896e-01
1.217800e+00 8.261414e-01
1.218000e+00 8.218112e-01
1.218200e+00 8.177060e-01
1.218400e+00 8.138319e-01
1.218600e+00 8.101946e-01
1.218800e+00 8.067993e-01
1.219000e+00 8.036504e-01
1.219200e+00 8.007520e-01
1.219400e+00 7.981072e-01
1.219600e+00 7.957186e-01
1.219800e+00 7.935881e-01
1.220000e+00 7.917166e-01
1.220200e+00 7.901046e-01
1.220400e+00 7.887515e-01
1.220600e+00 7.876560e-01
1.220800e+00 7.868157e-01
1.221000e+00 7.862277e-01
1.221200e+00 7.858876e-01
1.221400e+00 7.857906e-01
1.221600e+00 7.859303e-01
1.221800e+00 7.862998e-01
1.222000e+00 7.868908e-01
1.222200e+00 7.876940e-01
1.222400e+00 7.886990e-01
1.222600e+00 7.898943e-01
1.222800e+00 7.912674e-01
1.223000e+00 7.928046e-01
1.223200e+00 7.944912e-01
1.223400e+00 7.963114e-01
1.223600e+00 7.982486e-01
1.223800e+00 8.002852e-01
1.224000e+00 8.024029e-01
1.224200e+00 8.045826e-01
1.224400e+00 8.068048e-01
1.224600e+00 8.090496e-01
1.224800e+00 8.112972e-01
1.225000e+00 8.135274e-01
1.225200e+00 8.157207e-01
1.225400e+00 8.178581e-01
1.225600e+00 8.199214e-01
1.225800e+00 8.218938e-01
1.226000e+00 8.237599e-01
1.226200e+00 8.255062e-01
1.226400e+00 8.271214e-01
1.226600e+00 8.285968e-01
1.226800e+00 8.299265e-01
1.227000e+00 8.311077e-01
1.227200e+00 8.321411e-01
1.227400e+00 8.330306e-01
1.227600e+00 8.337840e-01
1.227800e+00 8.344127e-01
1.228000e+00 8.349316e-01
1.228200e+00 8.353590e-01
1.228400e+00 8.357165e-01
1.228600e+00 8.360285e-01
1.228800e+00 8.363215e-01
1.229000e+00 8.366242e-01
1.229200e+00 8.369664e-01
1.229400e+00 8.373782e-01
1.229600e+00 8.378899e-01
1.229800e+00 8.385308e-01
1.230000e+00 8.393287e-01
1.230200e+00 8.403092e-01
1.230400e+00 8.414950e-01
1.230600e+00 8.429058e-01
1.230800e+00 8.445573e-01
1.231000e+00 8.464614e-01
1.231200e+00 8.486257e-01
1.231400e+00 8.510538e-01
1.231600e+00 8.537448e-01
1.231800e+00 8.566943e-01
1.232000e+00 8.598940e-01
1.232200e+00 8.633322e-01
1.232400e+00 8.669945e-01
1.232600e+00 8.708641e-01
1.232800e+00 8.749222e-01
1.233000e+00 8.791487e-01
1.233200e+00 8.835226e-01
1.233400e+00 8.880224e-01
1.233600e+00 8.926267e-01
1.233800e+00 8.973142e-01
1.234000e+00 9.020646e-01
1.234200e+00 9.068584e-01
1.234400e+00 9.116773e-01
1.234600e+00 9.165042e-01
1.234800e+00 9.213238e-01
1.235000e+00 9.261218e-01
1.235200e+00 9.308858e-01
1.235400e+00 9.356046e-01
1.235600e+00 9.402687e-01
1.235800e+00 9.448697e-01
1.236000e+00 9.494007e-01
1.236200e+00 9.538560e-01
1.236400e+00 9.582307e-01
1.236600e+00 9.625211e-01
1.236800e+00 9.667244e-01
1.237000e+00 9.708384e-01
1.237200e+00 9.748617e-01
1.237400e+00 9.787932e-01
1.237600e+00 9.826326e-01
1.237800e+00 9.863797e-01
1.238000e+00 9.900349e-01
1.238200e+00 9.935986e-01
1.238400e+00 9.970716e-01
1.238600e+00 1.000455e+00
1.238800e+00 1.003749e+00
1.239000e+00 1.006955e+00
1.239200e+00 1.010074e+00
1.239400e+00 1.013108e+00
1.239600e+00 1.016057e+00
1.239800e+00 1.018922e+00
1.240000e+00 1.021705e+00
1.240200e+00 1.024407e+00
1.240400e+00 1.027030e+00
1.240600e+00 1.029573e+00
1.240800e+00 1.032038e+00
1.241000e+00 1.034426e+00
1.241200e+00 1.036739e+00
1.241400e+00 1.038977e+00
1.241600e+00 1.041141e+00
1.241800e+00 1.043233e+00
1.242000e+00 1.045253e+00
1.242200e+00 1.047203e+00
1.242400e+00 1.049084e+00
1.242600e+00 1.050896e+00
1.242800e+00 1.052642e+00
1.243000e+00 1.054321e+00
1.243200e+00 1.055936e+00
1.243400e+00 1.057487e+00
1.243600e+00 1.058976e+00
1.243800e+00 1.060405e+00
1.244000e+00 1.061774e+00
1.244200e+00 1.063084e+00
1.244400e+00 1.064339e+00
1.244600e+00 1.065538e+00
1.244800e+00 1.066683e+00
1.245000e+00 1.067777e+00
1.245200e+00 1.068819e+00
1.245400e+00 1.069814e+00
1.245600e+00 1.070761e+00
1.245800e+00 1.071662e+00
1.246000e+00 1.072520e+00
1.246200e+00 1.073336e+00
1.246400e+00 1.074112e+00
1.246600e+00 1.074850e+00
1.246800e+00 1.075552e+00
1.247000e+00 1.076219e+00
1.247200e+00 1.076854e+00
1.247400e+00 1.077458e+00
1.247600e+00 1.078034e+00
1.247800e+00 1.078583e+00
1.248000e+00 1.079107e+00
1.248200e+00 1.079609e+00
1.248400e+00 1.080091e+00
1.248600e+00 1.080554e+00
1.248800e+00 1.081000e+00
1.249000e+00 1.081432e+00
1.249200e+00 1.081852e+00
1.249400e+00 1.082261e+00
1.249600e+00 1.082662e+00
1.249800e+00 1.083057e+00
1.250000e+00 1.083448e+00
1.250200e+00 1.083836e+00
1.250400e+00 1.084224e+00
1.250600e+00 1.084615e+00
1.250800e+00 1.085009e+00
1.251000e+00 1.085409e+00
1.251200e+00 1.085817e+00
1.251400e+00 1.086235e+00
1.251600e+00 1.086665e+00
1.251800e+00 1.087108e+00
1.252000e+00 1.087568e+00
1.252200e+00 1.088045e+00
1.252400e+00 1.088542e+00
1.252600e+00 1.089060e+00
1.252800e+00 1.089601e+00
1.253000e+00 1.090168e+00
1.253200e+00 1.090762e+00
1.253400e+00 1.091385e+00
1.253600e+00 1.092039e+00
1.253800e+00 1.092725e+00
1.254000e+00 1.093445e+00
1.254200e+00 1.094202e+00
1.254400e+00 1.094996e+00
1.254600e+00 1.095830e+00
1.254800e+00 1.096704e+00
1.255000e+00 1.097622e+00
1.255200e+00 1.098584e+00
1.255400e+00 1.099592e+00
1.255600e+00 1.100648e+00
1.255800e+00 1.101753e+00
1.256000e+00 1.102909e+00
1.256200e+00 1.104117e+00
1.256400e+00 1.105379e+00
1.256600e+00 1.106696e+00
1.256800e+00 1.108070e+00
1.257000e+00 1.109502e+00
1.257200e+00 1.110993e+00
1.257400e+00 1.112545e+00
1.257600e+00 1.114160e+00
1.257800e+00 1.115838e+00
1.258000e+00 1.117580e+00
1.258200e+00 1.119389e+00
1.258400e+00 1.121264e+00
1.258600e+00 1.123208e+00
1.258800e+00 1.125221e+00
1.259000e+00 1.127304e+00
1.259200e+00 1.129459e+00
1.259400e+00 1.131686e+00
1.259600e+00 1.133986e+00
1.259800e+00 1.136359e+00
1.260000e+00 1.138808e+00
1.260200e+00 1.141331e+00
1.260400e+00 1.143931e+00
1.260600e+00 1.146607e+00
1.260800e+00 1.149360e+00
1.261000e+00 1.152190e+00
1.261200e+00 1.155098e+00
1.261400e+00 1.158083e+00
1.261600e+00 1.161146e+00
1.261800e+00 1.164287e+00
1.262000e+00 1.167504e+00
1.262200e+00 1.170799e+00
1.262400e+00 1.174171e+00
1.262600e+00 1.177618e+00
1.262800e+00 1.181141e+00
1.263000e+00 1.184738e+00
1.263200e+00 1.188407e+00
1.263400e+00 1.192149e+00
1.263600e+00 1.195960e+00
1.263800e+00 1.199840e+00
1.264000e+00 1.203786e+00
1.264200e+00 1.207795e+00
1.264400e+00 1.211866e+00
1.264600e+00 1.215996e+00
1.264800e+00 1.220180e+00
1.265000e+00 1.224417e+00
1.265200e+00 1.228701e+00
1.265400e+00 1.233030e+00
1.265600e+00 1.237397e+00
1.265800e+00 1.241799e+00
1.266000e+00 1.246230e+00
1.266200e+00 1.250683e+00
1.266400e+00 1.255153e+00
1.266600e+00 1.259634e+00
1.266800e+00 1.264117e+00
1.267000e+00 1.268595e+00
1.267200e+00 1.273060e+00
1.267400e+00 1.277503e+00
1.267600e+00 1.281914e+00
1.267800e+00 1.286284e+00
1.268000e+00 1.290602e+00
1.268200e+00 1.294856e+00
1.268400e+00 1.299037e+00
1.268600e+00 1.303129e+00
1.268800e+00 1.307123e+00
1.269000e+00 1.311003e+00
1.269200e+00 1.314755e+00
1.269400e+00 1.318366e+00
1.269600e+00 1.321821e+00
1.269800e+00 1.325104e+00
1.270000e+00 1.328200e+00
1.270200e+00 1.331092e+00
1.270400e+00 1.333765e+00
1.270600e+00 1.336203e+00
1.270800e+00 1.338389e+00
1.271000e+00 1.340307e+00
1.271200e+00 1.341942e+00
1.271400e+00 1.343278e+00
1.271600e+00 1.344301e+00
1.271800e+00 1.344997e+00
1.272000e+00 1.345354e+00
1.272200e+00 1.345360e+00
1.272400e+00 1.345005e+00
1.272600e+00 1.344281e+00
1.272800e+00 1.343183e+00
1.273000e+00 1.341707e+00
1.273200e+00 1.339852e+00
1.273400e+00 1.337620e+00
1.273600e+00 1.335016e+00
1.273800e+00 1.332048e+00
1.274000e+00 1.328730e+00
1.274200e+00 1.325077e+00
1.274400e+00 1.321109e+00
1.274600e+00 1.316849e+00
1.274800e+00 1.312328e+00
1.275000e+00 1.307576e+00
1.275200e+00 1.302630e+00
1.275400e+00 1.297529e+00
1.275600e+00 1.292319e+00
1.275800e+00 1.287044e+00
1.276000e+00 1.281755e+00
1.276200e+00 1.276503e+00
1.276400e+00 1.271340e+00
1.276600e+00 1.266320e+00
1.276800e+00 1.261497e+00
1.277000e+00 1.256922e+00
1.277200e+00 1.252647e+00
1.277400e+00 1.248718e+00
1.277600e+00 1.245182e+00
1.277800e+00 1.242076e+00
1.278000e+00 1.239437e+00
1.278200e+00 1.237292e+00
1.278400e+00 1.235664e+00
1.278600e+00 1.234569e+00
1.278800e+00 1.234015e+00
1.279000e+00 1.234003e+00
1.279200e+00 1.234527e+00
1.279400e+00 1.235573e+00
1.279600e+00 1.237121e+00
1.279800e+00 1.239146e+00
1.280000e+00 1.241615e+00
1.280200e+00 1.244492e+00
1.280400e+00 1.247735e+00
1.280600e+00 1.251301e+00
1.280800e+00 1.255143e+00
1.281000e+00 1.259212e+00
1.281200e+00 1.263461e+00
1.281400e+00 1.267840e+00
1.281600e+00 1.272303e+00
1.281800e+00 1.276802e+00
1.282000e+00 1.281294e+00
1.282200e+00 1.285738e+00
1.282400e+00 1.290096e+00
1.282600e+00 1.294332e+00
1.282800e+00 1.298417e+00
1.283000e+00 1.302322e+00
1.283200e+00 1.306025e+00
1.283400e+00 1.309504e+00
1.283600e+00 1.312744e+00
1.283800e+00 1.315732e+00
1.284000e+00 1.318459e+00
1.284200e+00 1.320918e+00
1.284400e+00 1.323106e+00
1.284600e+00 1.325021e+00
1.284800e+00 1.326666e+00
1.285000e+00 1.328043e+00
1.285200e+00 1.329159e+00
1.285400e+00 1.330019e+00
1.285600e+00 1.330632e+00
1.285800e+00 1.331008e+00
1.286000e+00 1.331156e+00
1.286200e+00 1.331088e+00
1.286400e+00 1.330815e+00
1.286600e+00 1.330348e+00
1.286800e+00 1.329700e+00
1.287000e+00 1.328882e+00
1.287200e+00 1.327909e+00
1.287400e+00 1.326790e+00
1.287600e+00 1.325539e+00
1.287800e+00 1.324166e+00
1.288000e+00 1.322685e+00
1.288200e+00 1.321105e+00
1.288400e+00 1.319439e+00
1.288600e+00 1.317695e+00
1.288800e+00 1.315886e+00
1.289000e+00 1.314019e+00
1.289200e+00 1.312105e+00
1.289400e+00 1.310153e+00
1.289600e+00 1.308171e+00
1.289800e+00 1.306167e+00
1.290000e+00 1.304149e+00
1.290200e+00 1.302125e+00
1.290400e+00 1.300100e+00
1.290600e+00 1.298083e+00
1.290800e+00 1.296078e+00
1.291000e+00 1.294092e+00
1.291200e+00 1.292131e+00
1.291400e+00 1.290199e+00
1.291600e+00 1.288301e+00
1.291800e+00 1.286442e+00
1.292000e+00 1.284626e+00
1.292200e+00 1.282857e+00
1.292400e+00 1.281139e+00
1.292600e+00 1.279475e+00
1.292800e+00 1.277868e+00
1.293000e+00 1.276321e+00
1.293200e+00 1.274838e+00
1.293400e+00 1.273420e+00
1.293600e+00 1.272070e+00
1.293800e+00 1.270790e+00
1.294000e+00 1.269582e+00
1.294200e+00 1.268448e+00
1.294400e+00 1.267389e+00
1.294600e+00 1.266407e+00
1.294800e+00 1.265504e+00
1.295000e+00 1.264679e+00
1.295200e+00 1.263935e+00
1.295400e+00 1.263272e+00
1.295600e+00 1.262692e+00
1.295800e+00 1.262194e+00
1.296000e+00 1.261779e+00
1.296200e+00 1.261447e+00
1.296400e+00 1.261199e+00
1.296600e+00 1.261035e+00
1.296800e+00 1.260955e+00
1.297000e+00 1.260959e+00
1.297200e+00 1.261045e+00
1.297400e+00 1.261215e+00
1.297600e+00 1.261467e+00
1.297800e+00 1.261801e+00
1.298000e+00 1.262215e+00
1.298200e+00 1.262709e+00
1.298400e+00 1.263282e+00
1.298600e+00 1.263931e+00
1.298800e+00 1.264656e+00
1.299000e+00 1.265455e+00
1.299200e+00 1.266326e+00
1.299400e+00 1.267266e+00
1.299600e+00 1.268273e+00
1.299800e+00 1.269344e+00
