0.000000e+00 2.115184e+00
3.000000e-02 2.589017e+00
6.000000e-02 2.382439e+00
9.000000e-02 1.611730e+00
1.200000e-01 2.267499e+00
1.500000e-01 8.655014e-01
1.800000e-01 1.175276e+00
2.100000e-01 2.241854e+00
2.400000e-01 2.788633e+00
2.700000e-01 1.838560e+00
3.000000e-01 1.321647e+00
3.300000e-01 1.009905e+00
3.600000e-01 1.369396e+00
3.900000e-01 2.070491e+00
4.200000e-01 9.487190e-01
4.500000e-01 1.094552e+00
4.800000e-01 1.465797e+00
5.100000e-01 1.545384e+00
5.400000e-01 1.418700e+00
5.700000e-01 2.490930e+00
6.000000e-01 1.732274e+00
6.300000e-01 1.328585e+00
6.600000e-01 8.051875e-01
6.900000e-01 1.403427e+00
7.200000e-01 1.134310e+00
7.500000e-01 5.969718e-01
7.800000e-01 7.812601e-01
8.100000e-01 9.712371e-01
8.400000e-01 1.362835e+00
8.700000e-01 5.316058e-01
9.000000e-01 9.202342e-01
9.300000e-01 7.689874e-01
9.600000e-01 9.685899e-01
9.900000e-01 6.292514e-01
1.020000e+00 1.967500e-01
1.050000e+00 1.757969e+00
1.080000e+00 6.220211e-01
1.110000e+00 1.295829e+00
1.140000e+00 5.732950e-01
1.170000e+00 5.651169e-02
1.200000e+00 1.972404e-01
1.230000e+00 4.001791e-02
1.260000e+00 1.933879e+00
1.290000e+00 1.855897e+00
1.320000e+00 1.208106e+00
1.350000e+00 4.388822e-01
1.380000e+00 1.654572e+00
1.410000e+00 2.064353e-01
1.440000e+00 1.382403e+00
1.470000e+00 9.946518e-02
1.500000e+00 1.265049e+00
1.530000e+00 3.815084e-02
1.560000e+00 3.789508e-03
1.590000e+00 1.456178e+00
1.620000e+00 2.768120e-01
1.650000e+00 2.767435e-02
1.680000e+00 1.098034e-03
1.710000e+00 1.473679e-03
1.740000e+00 4.522118e-02
1.770000e+00 6.529707e-01
1.800000e+00 1.093897e-03
1.830000e+00 2.551722e-01
1.860000e+00 5.502108e-02
1.890000e+00 1.058169e+00
1.920000e+00 4.632474e-01
1.950000e+00 4.321621e-02
1.980000e+00 1.625509e-04
2.010000e+00 9.722224e-03
2.040000e+00 6.439633e-02
2.070000e+00 6.752584e-02
2.100000e+00 7.932394e-03
2.130000e+00 1.469628e-02
2.160000e+00 6.457690e-01
2.190000e+00 6.852640e-01
2.220000e+00 1.890803e-02
2.250000e+00 8.325307e-02
2.280000e+00 7.393643e-01
2.310000e+00 6.715662e-04
2.340000e+00 2.912929e-04
2.370000e+00 5.747816e-01
2.400000e+00 9.705167e-03
2.430000e+00 1.131320e-01
2.460000e+00 5.653142e-04
2.490000e+00 5.018301e-03
2.520000e+00 2.030141e-02
2.550000e+00 8.530749e-03
2.580000e+00 1.544165e-01
2.610000e+00 3.767218e-04
2.640000e+00 1.238629e-03
2.670000e+00 4.586400e-04
2.700000e+00 3.334446e-04
2.730000e+00 1.049201e-03
2.760000e+00 2.022650e-06
2.790000e+00 2.592648e-05
2.820000e+00 3.152462e-03
2.850000e+00 1.404291e-05
2.880000e+00 1.838114e-05
2.910000e+00 6.908985e-05
2.940000e+00 9.523747e-04
2.970000e+00 1.241500e-03
