0.000000e+00 2.115184e+00
3.000000e-02 1.580016e+00
6.000000e-02 7.946673e-01
9.000000e-02 1.302243e+00
1.200000e-01 1.430150e+00
1.500000e-01 2.644579e+00
1.800000e-01 2.473988e+00
2.100000e-01 2.225281e+00
2.400000e-01 1.448164e+00
2.700000e-01 5.329535e-01
3.000000e-01 9.645811e-01
3.300000e-01 2.546622e+00
3.600000e-01 1.327209e+00
3.900000e-01 5.163115e-01
4.200000e-01 1.647304e+00
4.500000e-01 1.376046e+00
4.800000e-01 2.147560e+00
5.100000e-01 5.615772e-01
5.400000e-01 1.993555e+00
5.700000e-01 1.199984e+00
6.000000e-01 2.432002e+00
6.300000e-01 1.092940e+00
6.600000e-01 6.695231e-01
6.900000e-01 8.922029e-01
7.200000e-01 1.838224e+00
7.500000e-01 8.634067e-01
7.800000e-01 2.096321e+00
8.100000e-01 1.196488e+00
8.400000e-01 1.171777e+00
8.700000e-01 9.395794e-01
9.000000e-01 8.975645e-01
9.300000e-01 1.661693e+00
9.600000e-01 9.882252e-01
9.900000e-01 5.690783e-01
1.020000e+00 9.683403e-01
1.050000e+00 3.731028e-01
1.080000e+00 1.617543e+00
1.110000e+00 4.950374e-02
1.140000e+00 3.150199e-01
1.170000e+00 7.241548e-01
1.200000e+00 2.144251e-01
1.230000e+00 1.808550e-01
1.260000e+00 6.941677e-01
1.290000e+00 2.678176e-01
1.320000e+00 1.345353e+00
1.350000e+00 6.315666e-01
1.380000e+00 1.217875e+00
1.410000e+00 5.683204e-01
1.440000e+00 1.378887e+00
1.470000e+00 2.659194e-01
1.500000e+00 1.527925e+00
1.530000e+00 9.689535e-01
1.560000e+00 1.616082e-01
1.590000e+00 3.953957e-01
1.620000e+00 3.066636e-02
1.650000e+00 7.553408e-02
1.680000e+00 1.106603e-02
1.710000e+00 1.879805e-03
1.740000e+00 4.892013e-01
1.770000e+00 4.456478e-02
1.800000e+00 4.641936e-03
1.830000e+00 5.992822e-03
1.860000e+00 2.534637e-02
1.890000e+00 9.415972e-01
1.920000e+00 6.954813e-01
1.950000e+00 7.060481e-01
1.980000e+00 1.306186e+00
2.010000e+00 2.250346e-02
2.040000e+00 2.310543e-02
2.070000e+00 2.371723e-03
2.100000e+00 8.655942e-02
2.130000e+00 1.990897e-01
2.160000e+00 2.179038e+00
2.190000e+00 1.634549e+00
2.220000e+00 4.840215e-03
2.250000e+00 3.958485e-01
2.280000e+00 1.594052e+00
2.310000e+00 5.779867e-02
2.340000e+00 1.041613e-01
2.370000e+00 2.833800e-02
2.400000e+00 4.111729e-02
2.430000e+00 7.196394e-02
2.460000e+00 2.368027e-02
2.490000e+00 2.676161e-03
2.520000e+00 3.054599e-02
2.550000e+00 4.938668e-03
2.580000e+00 5.391424e-01
2.610000e+00 3.126725e-02
2.640000e+00 4.945801e-02
2.670000e+00 4.089383e-01
2.700000e+00 2.618210e-01
2.730000e+00 5.935572e-04
2.760000e+00 1.404899e-02
2.790000e+00 6.906037e-04
2.820000e+00 2.407963e-04
2.850000e+00 7.612452e-04
2.880000e+00 2.219357e-03
2.910000e+00 2.429070e-02
2.940000e+00 1.031657e-01
2.970000e+00 2.099818e-02
