0.000000e+00 2.115184e+00
3.000000e-02 1.337952e+00
6.000000e-02 9.745883e-01
9.000000e-02 1.650676e+00
1.200000e-01 1.903774e+00
1.500000e-01 4.132262e-01
1.800000e-01 2.534132e+00
2.100000e-01 2.051120e+00
2.400000e-01 2.778435e+00
2.700000e-01 1.847009e+00
3.000000e-01 8.045837e-01
3.300000e-01 1.777968e+00
3.600000e-01 1.431169e+00
3.900000e-01 1.904743e+00
4.200000e-01 7.609131e-01
4.500000e-01 1.978051e+00
4.800000e-01 2.244683e+00
5.100000e-01 1.283228e+00
5.400000e-01 1.847463e+00
5.700000e-01 5.142466e-01
6.000000e-01 1.129883e+00
6.300000e-01 1.176689e+00
6.600000e-01 1.871823e+00
6.900000e-01 1.461170e+00
7.200000e-01 3.027137e-01
7.500000e-01 7.389689e-01
7.800000e-01 4.769527e-01
8.100000e-01 1.242134e+00
8.400000e-01 1.597223e+00
8.700000e-01 2.049285e+00
9.000000e-01 1.558120e+00
9.300000e-01 1.264251e+00
9.600000e-01 4.638090e-01
9.900000e-01 4.939269e-01
1.020000e+00 1.055266e+00
1.050000e+00 1.104085e+00
1.080000e+00 3.402028e+00
1.110000e+00 4.517891e-01
1.140000e+00 1.259012e-01
1.170000e+00 8.611718e-01
1.200000e+00 2.055073e-01
1.230000e+00 5.808614e-01
1.260000e+00 4.135319e-01
1.290000e+00 5.752312e-02
1.320000e+00 9.438236e-01
1.350000e+00 4.878549e-01
1.380000e+00 7.094222e-03
1.410000e+00 5.324404e-01
1.440000e+00 5.981999e-01
1.470000e+00 1.119039e+00
1.500000e+00 1.463615e-01
1.530000e+00 1.286587e-01
1.560000e+00 3.074742e-01
1.590000e+00 2.357971e-02
1.620000e+00 5.704123e-01
1.650000e+00 2.501455e-01
1.680000e+00 8.697692e-01
1.710000e+00 3.413025e-02
1.740000e+00 3.213278e-01
1.770000e+00 1.729027e-01
1.800000e+00 2.648845e-01
1.830000e+00 1.897116e+00
1.860000e+00 2.706587e-01
1.890000e+00 2.709972e-01
1.920000e+00 3.698630e-02
1.950000e+00 1.442055e-01
1.980000e+00 2.948751e-01
2.010000e+00 7.301111e-01
2.040000e+00 1.706129e-01
2.070000e+00 1.021400e-02
2.100000e+00 1.869421e-02
2.130000e+00 2.484695e-02
2.160000e+00 1.263373e-03
2.190000e+00 8.986003e-02
2.220000e+00 3.762480e-01
2.250000e+00 4.329752e-02
2.280000e+00 1.914171e-01
2.310000e+00 9.306722e-01
2.340000e+00 6.112302e-02
2.370000e+00 7.292070e-03
2.400000e+00 6.893012e-01
2.430000e+00 2.682981e-03
2.460000e+00 1.837324e-01
2.490000e+00 1.879890e-01
2.520000e+00 8.676445e-03
2.550000e+00 3.477677e-03
2.580000e+00 1.902393e-02
2.610000e+00 7.375580e-04
2.640000e+00 5.600953e-04
2.670000e+00 1.148294e-02
2.700000e+00 9.054865e-01
2.730000e+00 9.510392e-05
2.760000e+00 6.318790e-02
2.790000e+00 1.508235e-03
2.820000e+00 2.309198e-02
2.850000e+00 8.174784e-05
2.880000e+00 1.152042e-04
2.910000e+00 5.220740e-04
2.940000e+00 2.153048e-02
2.970000e+00 8.502012e-04
