0.000000e+00 2.115184e+00
3.000000e-02 1.362855e+00
6.000000e-02 1.489448e+00
9.000000e-02 2.102185e+00
1.200000e-01 2.177498e+00
1.500000e-01 1.961119e+00
1.800000e-01 1.503017e+00
2.100000e-01 2.040443e+00
2.400000e-01 2.554743e+00
2.700000e-01 2.148470e+00
3.000000e-01 1.896638e+00
3.300000e-01 1.705677e+00
3.600000e-01 2.294219e+00
3.900000e-01 2.470664e+00
4.200000e-01 2.640060e+00
4.500000e-01 2.166424e+00
4.800000e-01 1.823125e+00
5.100000e-01 1.782469e+00
5.400000e-01 1.543410e+00
5.700000e-01 1.754531e+00
6.000000e-01 3.331482e+00
6.300000e-01 2.485038e+00
6.600000e-01 1.723531e+00
6.900000e-01 2.139854e+00
7.200000e-01 1.827746e+00
7.500000e-01 6.497267e-01
7.800000e-01 6.786079e-01
8.100000e-01 9.553079e-01
8.400000e-01 4.501434e-01
8.700000e-01 1.206390e+00
9.000000e-01 3.011938e-01
9.300000e-01 5.914208e-01
9.600000e-01 1.915027e+00
9.900000e-01 2.042550e+00
1.020000e+00 1.498965e+00
1.050000e+00 5.260647e-01
1.080000e+00 1.662086e+00
1.110000e+00 1.722700e+00
1.140000e+00 1.253411e+00
1.170000e+00 1.265602e-01
1.200000e+00 1.221994e+00
1.230000e+00 6.403689e-02
1.260000e+00 1.364516e-01
1.290000e+00 5.569400e-02
1.320000e+00 1.424674e-01
1.350000e+00 1.762547e-01
1.380000e+00 7.082066e-01
1.410000e+00 5.319825e-01
1.440000e+00 6.859784e-01
1.470000e+00 1.826856e+00
1.500000e+00 6.040752e-01
1.530000e+00 2.784761e-01
1.560000e+00 6.949704e-02
1.590000e+00 5.933655e-02
1.620000e+00 3.427775e-01
1.650000e+00 1.903703e+00
1.680000e+00 6.902945e-01
1.710000e+00 8.568652e-01
1.740000e+00 4.991838e-01
1.770000e+00 2.150668e-01
1.800000e+00 2.894418e-02
1.830000e+00 2.295275e-02
1.860000e+00 1.456419e+00
1.890000e+00 8.770770e-03
1.920000e+00 1.162945e-02
1.950000e+00 6.950376e-02
1.980000e+00 3.625483e-01
2.010000e+00 3.534377e-02
2.040000e+00 6.872694e-03
2.070000e+00 1.890718e+00
2.100000e+00 8.405643e-02
2.130000e+00 1.722448e-04
2.160000e+00 2.842875e-02
2.190000e+00 3.663378e-02
2.220000e+00 3.128981e-01
2.250000e+00 1.000321e-02
2.280000e+00 6.297705e-03
2.310000e+00 4.785685e-04
2.340000e+00 5.290966e-02
2.370000e+00 3.331334e-02
2.400000e+00 1.694836e-01
2.430000e+00 5.273568e-03
2.460000e+00 3.012673e-04
2.490000e+00 6.040435e-04
2.520000e+00 4.125349e-03
2.550000e+00 4.028995e-02
2.580000e+00 1.492434e-04
2.610000e+00 1.824981e-01
2.640000e+00 1.363072e-03
2.670000e+00 1.564448e+00
2.700000e+00 3.468430e-03
2.730000e+00 6.003607e-03
2.760000e+00 2.596039e-03
2.790000e+00 6.649146e-05
2.820000e+00 1.451602e-02
2.850000e+00 1.063265e-06
2.880000e+00 1.019357e-04
2.910000e+00 5.934481e-02
2.940000e+00 1.139767e-04
2.970000e+00 2.745958e-01
