0.000000e+00 3.751061e+00
5.000000e-02 3.734732e+00
1.000000e-01 3.708769e+00
1.500000e-01 3.681062e+00
2.000000e-01 3.651164e+00
2.500000e-01 3.606469e+00
3.000000e-01 3.516280e+00
3.500000e-01 3.335440e+00
4.000000e-01 3.041235e+00
4.500000e-01 2.692800e+00
5.000000e-01 2.410922e+00
5.500000e-01 2.279930e+00
6.000000e-01 2.337576e+00
6.500000e-01 2.615184e+00
7.000000e-01 2.892007e+00
7.500000e-01 2.509753e+00
8.000000e-01 2.173999e+00
8.500000e-01 3.051592e+00
9.000000e-01 2.384970e+00
9.500000e-01 2.553975e+00
1.000000e+00 2.493044e+00
1.050000e+00 2.447301e+00
1.100000e+00 2.355681e+00
1.150000e+00 1.868161e+00
1.200000e+00 2.122270e+00
1.250000e+00 1.986125e+00
1.300000e+00 1.248875e+00
1.350000e+00 1.834838e+00
1.400000e+00 1.681546e+00
1.450000e+00 1.423291e+00
1.500000e+00 1.749280e+00
1.550000e+00 1.359209e+00
1.600000e+00 1.291028e+00
1.650000e+00 2.085883e+00
1.700000e+00 2.132078e+00
1.750000e+00 2.505882e+00
1.800000e+00 1.898321e+00
1.850000e+00 2.065793e+00
1.900000e+00 2.121261e+00
1.950000e+00 9.780774e-01
2.000000e+00 1.502067e+00
2.050000e+00 2.257114e+00
2.100000e+00 2.032865e+00
2.150000e+00 2.016951e+00
2.200000e+00 1.926803e+00
2.250000e+00 1.781476e+00
2.300000e+00 9.492113e-01
2.350000e+00 9.746485e-01
2.400000e+00 1.416654e+00
2.450000e+00 1.806860e+00
2.500000e+00 1.332972e+00
2.550000e+00 2.391515e+00
2.600000e+00 1.499987e+00
2.650000e+00 1.559215e+00
2.700000e+00 1.738421e+00
2.750000e+00 1.847540e+00
2.800000e+00 1.834121e+00
2.850000e+00 1.843468e+00
2.900000e+00 1.910857e+00
2.950000e+00 1.732189e+00
3.000000e+00 8.821513e-01
3.050000e+00 3.248239e-01
3.100000e+00 3.243218e-01
3.150000e+00 5.327160e-01
3.200000e+00 9.318496e-01
3.250000e+00 1.841197e+00
3.300000e+00 1.533048e+00
3.350000e+00 9.779710e-01
3.400000e+00 8.936796e-01
3.450000e+00 1.045962e+00
3.500000e+00 6.609156e-01
3.550000e+00 7.285944e-01
3.600000e+00 1.926893e+00
3.650000e+00 2.035382e+00
3.700000e+00 1.716869e+00
3.750000e+00 1.097459e+00
3.800000e+00 1.468925e+00
3.850000e+00 5.125020e-01
3.900000e+00 9.058223e-01
3.950000e+00 3.079216e-01
4.000000e+00 1.935164e+00
4.050000e+00 6.694189e-01
4.100000e+00 1.065830e+00
4.150000e+00 1.626509e+00
4.200000e+00 8.499286e-01
4.250000e+00 6.798116e-01
4.300000e+00 5.300453e-01
4.350000e+00 2.525671e-01
4.400000e+00 5.299515e-01
4.450000e+00 1.480588e+00
4.500000e+00 6.370893e-01
4.550000e+00 1.074007e+00
4.600000e+00 1.004012e+00
4.650000e+00 1.337196e+00
4.700000e+00 1.160932e+00
4.750000e+00 2.226908e-01
4.800000e+00 1.417193e-01
4.850000e+00 1.708759e-01
4.900000e+00 2.189933e-01
4.950000e+00 1.786074e-02
