0.000000e+00 8.609713e+00
6.000000e-02 8.615412e+00
1.200000e-01 8.653178e+00
1.800000e-01 8.724291e+00
2.400000e-01 8.827515e+00
3.000000e-01 8.946176e+00
3.600000e-01 9.036938e+00
4.200000e-01 9.061480e+00
4.800000e-01 9.011178e+00
5.400000e-01 8.888232e+00
6.000000e-01 8.657191e+00
6.600000e-01 8.318807e+00
7.200000e-01 8.036504e+00
7.800000e-01 7.855953e+00
8.400000e-01 7.725481e+00
9.000000e-01 7.595782e+00
9.600000e-01 7.406840e+00
1.020000e+00 7.169884e+00
1.080000e+00 6.784575e+00
1.140000e+00 6.413651e+00
1.200000e+00 6.024121e+00
1.260000e+00 5.820475e+00
1.320000e+00 5.827195e+00
1.380000e+00 5.441130e+00
1.440000e+00 5.034355e+00
1.500000e+00 4.947001e+00
1.560000e+00 4.972307e+00
1.620000e+00 4.580332e+00
1.680000e+00 4.327130e+00
1.740000e+00 4.159773e+00
1.800000e+00 4.202936e+00
1.860000e+00 3.858588e+00
1.920000e+00 3.556711e+00
1.980000e+00 3.700729e+00
2.040000e+00 3.458412e+00
2.100000e+00 3.706124e+00
2.160000e+00 3.394507e+00
2.220000e+00 3.846498e+00
2.280000e+00 3.274592e+00
2.340000e+00 2.738235e+00
2.400000e+00 2.420392e+00
2.460000e+00 2.511620e+00
2.520000e+00 2.814108e+00
2.580000e+00 2.583190e+00
2.640000e+00 2.278116e+00
2.700000e+00 2.096583e+00
2.760000e+00 2.236342e+00
2.820000e+00 2.020046e+00
2.880000e+00 2.318753e+00
2.940000e+00 2.161527e+00
3.000000e+00 1.719574e+00
3.060000e+00 2.140773e+00
3.120000e+00 2.024342e+00
3.180000e+00 1.224901e+00
3.240000e+00 1.433726e+00
3.300000e+00 1.593057e+00
3.360000e+00 1.458437e+00
3.420000e+00 1.409932e+00
3.480000e+00 1.229664e+00
3.540000e+00 1.606706e+00
3.600000e+00 1.350981e+00
3.660000e+00 7.906236e-01
3.720000e+00 4.395815e-01
3.780000e+00 8.220359e-01
3.840000e+00 1.442853e+00
3.900000e+00 1.021187e+00
3.960000e+00 1.006718e+00
4.020000e+00 4.427962e-01
4.080000e+00 1.331311e+00
4.140000e+00 1.067465e+00
4.200000e+00 8.536843e-01
4.260000e+00 6.179159e-01
4.320000e+00 5.810315e-01
4.380000e+00 3.895967e-01
4.440000e+00 1.067420e+00
4.500000e+00 2.988039e-01
4.560000e+00 3.650695e-01
4.620000e+00 9.999604e-01
4.680000e+00 1.257182e+00
4.740000e+00 2.775849e-01
4.800000e+00 1.156173e-01
4.860000e+00 1.058258e-01
4.920000e+00 1.096854e-01
4.980000e+00 1.031298e-01
5.040000e+00 1.275437e-01
5.100000e+00 2.344595e-02
5.160000e+00 5.903145e-03
5.220000e+00 4.353878e-01
5.280000e+00 3.644787e-01
5.340000e+00 1.141453e+00
5.400000e+00 4.187380e-01
5.460000e+00 1.315594e-02
5.520000e+00 1.590243e-01
5.580000e+00 2.399354e-02
5.640000e+00 5.144513e-01
5.700000e+00 1.117169e-01
5.760000e+00 4.393122e-01
5.820000e+00 3.251937e-02
5.880000e+00 6.573144e-02
5.940000e+00 5.451497e-02
