0.000000e+00 8.609713e+00
6.000000e-02 8.621563e+00
1.200000e-01 8.625675e+00
1.800000e-01 8.618989e+00
2.400000e-01 8.596596e+00
3.000000e-01 8.553962e+00
3.600000e-01 8.492181e+00
4.200000e-01 8.419201e+00
4.800000e-01 8.346158e+00
5.400000e-01 8.292156e+00
6.000000e-01 8.271686e+00
6.600000e-01 8.244174e+00
7.200000e-01 8.174438e+00
7.800000e-01 8.061386e+00
8.400000e-01 7.888367e+00
9.000000e-01 7.691093e+00
9.600000e-01 7.544885e+00
1.020000e+00 7.434514e+00
1.080000e+00 7.291739e+00
1.140000e+00 7.177698e+00
1.200000e+00 7.037498e+00
1.260000e+00 6.913043e+00
1.320000e+00 6.763963e+00
1.380000e+00 6.559838e+00
1.440000e+00 6.280144e+00
1.500000e+00 5.874923e+00
1.560000e+00 5.605059e+00
1.620000e+00 5.435926e+00
1.680000e+00 5.596432e+00
1.740000e+00 5.057651e+00
1.800000e+00 4.861554e+00
1.860000e+00 4.659388e+00
1.920000e+00 4.543409e+00
1.980000e+00 4.183461e+00
2.040000e+00 3.888213e+00
2.100000e+00 3.639284e+00
2.160000e+00 3.474016e+00
2.220000e+00 3.136293e+00
2.280000e+00 3.132469e+00
2.340000e+00 3.857274e+00
2.400000e+00 3.448740e+00
2.460000e+00 3.106855e+00
2.520000e+00 2.621508e+00
2.580000e+00 2.540871e+00
2.640000e+00 2.732615e+00
2.700000e+00 2.687024e+00
2.760000e+00 2.374646e+00
2.820000e+00 1.833855e+00
2.880000e+00 2.025446e+00
2.940000e+00 2.361258e+00
3.000000e+00 2.052041e+00
3.060000e+00 2.007090e+00
3.120000e+00 1.784532e+00
3.180000e+00 1.716429e+00
3.240000e+00 2.289602e+00
3.300000e+00 2.108584e+00
3.360000e+00 1.806002e+00
3.420000e+00 1.748119e+00
3.480000e+00 1.337523e+00
3.540000e+00 8.948506e-01
3.600000e+00 5.603697e-01
3.660000e+00 1.397767e+00
3.720000e+00 1.462038e+00
3.780000e+00 1.304339e+00
3.840000e+00 1.360690e+00
3.900000e+00 1.267466e+00
3.960000e+00 1.119315e+00
4.020000e+00 1.187784e+00
4.080000e+00 7.955387e-01
4.140000e+00 1.210793e+00
4.200000e+00 8.653155e-01
4.260000e+00 6.060539e-01
4.320000e+00 9.121612e-01
4.380000e+00 1.002183e+00
4.440000e+00 5.346308e-01
4.500000e+00 1.110196e+00
4.560000e+00 8.783692e-01
4.620000e+00 6.648248e-01
4.680000e+00 6.749623e-01
4.740000e+00 4.083199e-01
4.800000e+00 8.422796e-01
4.860000e+00 6.450936e-01
4.920000e+00 7.701477e-01
4.980000e+00 4.826338e-01
5.040000e+00 3.000487e-01
5.100000e+00 2.693597e-01
5.160000e+00 5.823544e-01
5.220000e+00 5.409176e-02
5.280000e+00 2.604617e-01
5.340000e+00 2.215276e-01
5.400000e+00 1.521669e-01
5.460000e+00 1.051667e+00
5.520000e+00 2.084428e-01
5.580000e+00 7.011130e-02
5.640000e+00 5.558440e-01
5.700000e+00 8.001361e-02
5.760000e+00 3.374096e-01
5.820000e+00 9.534294e-01
5.880000e+00 1.690426e-01
5.940000e+00 2.955741e-02
