0.000000e+00 8.609713e+00
6.000000e-02 8.556047e+00
1.200000e-01 8.518634e+00
1.800000e-01 8.495214e+00
2.400000e-01 8.480591e+00
3.000000e-01 8.467395e+00
3.600000e-01 8.445811e+00
4.200000e-01 8.405842e+00
4.800000e-01 8.342763e+00
5.400000e-01 8.257800e+00
6.000000e-01 8.154371e+00
6.600000e-01 8.046243e+00
7.200000e-01 7.969966e+00
7.800000e-01 7.934665e+00
8.400000e-01 7.857682e+00
9.000000e-01 7.710692e+00
9.600000e-01 7.463398e+00
1.020000e+00 7.036636e+00
1.080000e+00 6.621059e+00
1.140000e+00 6.195246e+00
1.200000e+00 6.123538e+00
1.260000e+00 6.328319e+00
1.320000e+00 6.605840e+00
1.380000e+00 6.450851e+00
1.440000e+00 5.773256e+00
1.500000e+00 5.066510e+00
1.560000e+00 4.693503e+00
1.620000e+00 4.685012e+00
1.680000e+00 4.345125e+00
1.740000e+00 4.370313e+00
1.800000e+00 4.158808e+00
1.860000e+00 4.232485e+00
1.920000e+00 4.275696e+00
1.980000e+00 4.083818e+00
2.040000e+00 3.786522e+00
2.100000e+00 3.659788e+00
2.160000e+00 3.271387e+00
2.220000e+00 2.871670e+00
2.280000e+00 2.546336e+00
2.340000e+00 2.623189e+00
2.400000e+00 3.249933e+00
2.460000e+00 2.776396e+00
2.520000e+00 2.772318e+00
2.580000e+00 2.425314e+00
2.640000e+00 2.738959e+00
2.700000e+00 2.545177e+00
2.760000e+00 2.459608e+00
2.820000e+00 2.368578e+00
2.880000e+00 1.952426e+00
2.940000e+00 2.017359e+00
3.000000e+00 2.321217e+00
3.060000e+00 2.230688e+00
3.120000e+00 2.401605e+00
3.180000e+00 1.393320e+00
3.240000e+00 1.926363e+00
3.300000e+00 2.081071e+00
3.360000e+00 2.027120e+00
3.420000e+00 1.660033e+00
3.480000e+00 1.872240e+00
3.540000e+00 1.645430e+00
3.600000e+00 1.465675e+00
3.660000e+00 1.289886e+00
3.720000e+00 1.321864e+00
3.780000e+00 9.246505e-01
3.840000e+00 7.394973e-01
3.900000e+00 1.353397e+00
3.960000e+00 6.076121e-01
4.020000e+00 1.043894e+00
4.080000e+00 1.339423e+00
4.140000e+00 6.156365e-01
4.200000e+00 6.150301e-01
4.260000e+00 1.475126e+00
4.320000e+00 1.029306e+00
4.380000e+00 6.206483e-01
4.440000e+00 2.595070e-01
4.500000e+00 7.572853e-01
4.560000e+00 9.072451e-01
4.620000e+00 2.973527e-01
4.680000e+00 2.078953e-01
4.740000e+00 1.394022e-01
4.800000e+00 9.655050e-01
4.860000e+00 7.125756e-01
4.920000e+00 3.543571e-01
4.980000e+00 9.918472e-02
5.040000e+00 1.499015e-01
5.100000e+00 3.811431e-01
5.160000e+00 4.781933e-01
5.220000e+00 4.870134e-01
5.280000e+00 4.188122e-01
5.340000e+00 7.129449e-03
5.400000e+00 1.437471e-01
5.460000e+00 2.903775e-02
5.520000e+00 3.170320e-01
5.580000e+00 2.783494e-01
5.640000e+00 1.028545e-01
5.700000e+00 1.238778e-01
5.760000e+00 1.476877e-01
5.820000e+00 1.056974e-01
5.880000e+00 6.743117e-01
5.940000e+00 1.766065e-02
