0.000000e+00 8.609713e+00
6.000000e-02 8.612556e+00
1.200000e-01 8.607748e+00
1.800000e-01 8.606608e+00
2.400000e-01 8.616017e+00
3.000000e-01 8.630505e+00
3.600000e-01 8.631934e+00
4.200000e-01 8.599868e+00
4.800000e-01 8.521202e+00
5.400000e-01 8.383845e+00
6.000000e-01 8.163630e+00
6.600000e-01 7.833604e+00
7.200000e-01 7.430222e+00
7.800000e-01 7.090914e+00
8.400000e-01 6.893772e+00
9.000000e-01 6.790071e+00
9.600000e-01 6.745606e+00
1.020000e+00 6.799050e+00
1.080000e+00 6.883663e+00
1.140000e+00 6.890292e+00
1.200000e+00 6.690511e+00
1.260000e+00 6.292697e+00
1.320000e+00 6.028874e+00
1.380000e+00 6.033518e+00
1.440000e+00 5.806383e+00
1.500000e+00 5.436679e+00
1.560000e+00 5.307730e+00
1.620000e+00 5.212417e+00
1.680000e+00 4.829574e+00
1.740000e+00 4.548278e+00
1.800000e+00 4.338467e+00
1.860000e+00 4.030789e+00
1.920000e+00 3.995867e+00
1.980000e+00 3.724084e+00
2.040000e+00 3.493002e+00
2.100000e+00 3.188775e+00
2.160000e+00 3.438183e+00
2.220000e+00 3.284841e+00
2.280000e+00 3.198236e+00
2.340000e+00 3.016810e+00
2.400000e+00 3.191721e+00
2.460000e+00 2.936661e+00
2.520000e+00 2.482509e+00
2.580000e+00 2.624232e+00
2.640000e+00 3.299602e+00
2.700000e+00 3.204222e+00
2.760000e+00 2.295825e+00
2.820000e+00 2.046337e+00
2.880000e+00 2.281754e+00
2.940000e+00 1.932292e+00
3.000000e+00 2.327632e+00
3.060000e+00 2.429538e+00
3.120000e+00 2.025858e+00
3.180000e+00 1.791105e+00
3.240000e+00 2.439691e+00
3.300000e+00 1.794171e+00
3.360000e+00 1.466952e+00
3.420000e+00 2.060496e+00
3.480000e+00 1.862682e+00
3.540000e+00 1.215224e+00
3.600000e+00 1.840874e+00
3.660000e+00 1.919248e+00
3.720000e+00 2.251633e+00
3.780000e+00 1.995928e+00
3.840000e+00 1.930571e+00
3.900000e+00 1.958782e+00
3.960000e+00 1.653392e+00
4.020000e+00 1.230209e+00
4.080000e+00 1.037418e+00
4.140000e+00 7.875437e-01
4.200000e+00 1.448735e+00
4.260000e+00 9.295950e-01
4.320000e+00 7.659847e-01
4.380000e+00 5.390955e-01
4.440000e+00 9.730565e-01
4.500000e+00 1.685254e+00
4.560000e+00 5.260953e-01
4.620000e+00 2.724289e-01
4.680000e+00 5.710416e-01
4.740000e+00 4.694391e-01
4.800000e+00 4.154763e-01
4.860000e+00 2.399208e-01
4.920000e+00 7.492477e-01
4.980000e+00 8.117746e-01
5.040000e+00 1.020522e+00
5.100000e+00 1.620458e-01
5.160000e+00 2.456603e-01
5.220000e+00 8.226117e-02
5.280000e+00 1.271576e-01
5.340000e+00 1.562168e-01
5.400000e+00 9.499726e-02
5.460000e+00 3.926859e-01
5.520000e+00 2.768865e-01
5.580000e+00 6.809801e-01
5.640000e+00 3.229107e-01
5.700000e+00 1.284623e-01
5.760000e+00 2.860477e-01
5.820000e+00 3.555633e-01
5.880000e+00 1.343565e-02
5.940000e+00 1.441505e-03
