0.000000e+00 8.609713e+00
6.000000e-02 8.687136e+00
1.200000e-01 8.742325e+00
1.800000e-01 8.773465e+00
2.400000e-01 8.776729e+00
3.000000e-01 8.743756e+00
3.600000e-01 8.668477e+00
4.200000e-01 8.564272e+00
4.800000e-01 8.465425e+00
5.400000e-01 8.375082e+00
6.000000e-01 8.286621e+00
6.600000e-01 8.246140e+00
7.200000e-01 8.189633e+00
7.800000e-01 8.024343e+00
8.400000e-01 7.758132e+00
9.000000e-01 7.376688e+00
9.600000e-01 7.037742e+00
1.020000e+00 6.835354e+00
1.080000e+00 6.594747e+00
1.140000e+00 6.428117e+00
1.200000e+00 6.481439e+00
1.260000e+00 6.276865e+00
1.320000e+00 5.734408e+00
1.380000e+00 5.320099e+00
1.440000e+00 5.267128e+00
1.500000e+00 5.156097e+00
1.560000e+00 4.992321e+00
1.620000e+00 4.712700e+00
1.680000e+00 4.986788e+00
1.740000e+00 4.899906e+00
1.800000e+00 4.711548e+00
1.860000e+00 4.193001e+00
1.920000e+00 3.498162e+00
1.980000e+00 3.568288e+00
2.040000e+00 4.210791e+00
2.100000e+00 3.980086e+00
2.160000e+00 3.645490e+00
2.220000e+00 3.433226e+00
2.280000e+00 3.329661e+00
2.340000e+00 3.570637e+00
2.400000e+00 3.647669e+00
2.460000e+00 3.248896e+00
2.520000e+00 3.191074e+00
2.580000e+00 2.698188e+00
2.640000e+00 2.992257e+00
2.700000e+00 3.091438e+00
2.760000e+00 2.840448e+00
2.820000e+00 2.641927e+00
2.880000e+00 2.867730e+00
2.940000e+00 2.240482e+00
3.000000e+00 2.160972e+00
3.060000e+00 1.997516e+00
3.120000e+00 2.003915e+00
3.180000e+00 1.954607e+00
3.240000e+00 1.712083e+00
3.300000e+00 1.411575e+00
3.360000e+00 1.777877e+00
3.420000e+00 1.789863e+00
3.480000e+00 2.144706e+00
3.540000e+00 1.471501e+00
3.600000e+00 1.094301e+00
3.660000e+00 1.436248e+00
3.720000e+00 1.229339e+00
3.780000e+00 1.364092e+00
3.840000e+00 1.403588e+00
3.900000e+00 1.113641e+00
3.960000e+00 1.304989e+00
4.020000e+00 1.600044e+00
4.080000e+00 1.232075e+00
4.140000e+00 5.136295e-01
4.200000e+00 8.101690e-01
4.260000e+00 1.044106e+00
4.320000e+00 1.190925e+00
4.380000e+00 1.299151e+00
4.440000e+00 1.147082e+00
4.500000e+00 1.124377e+00
4.560000e+00 4.517086e-01
4.620000e+00 7.301969e-01
4.680000e+00 3.202903e-01
4.740000e+00 6.397679e-01
4.800000e+00 7.253982e-01
4.860000e+00 5.718865e-01
4.920000e+00 7.421947e-01
4.980000e+00 7.816916e-01
5.040000e+00 4.364334e-01
5.100000e+00 1.027737e-01
5.160000e+00 6.454786e-01
5.220000e+00 6.350205e-02
5.280000e+00 4.286532e-01
5.340000e+00 1.069624e-01
5.400000e+00 5.539224e-01
5.460000e+00 5.199135e-01
5.520000e+00 2.406672e-01
5.580000e+00 1.620636e-01
5.640000e+00 3.418359e-01
5.700000e+00 7.266562e-02
5.760000e+00 7.137012e-01
5.820000e+00 5.742138e-02
5.880000e+00 8.357249e-01
5.940000e+00 1.924295e-01
