0.000000e+00 8.609713e+00
6.000000e-02 8.531200e+00
1.200000e-01 8.474120e+00
1.800000e-01 8.441633e+00
2.400000e-01 8.433355e+00
3.000000e-01 8.445407e+00
3.600000e-01 8.469497e+00
4.200000e-01 8.493590e+00
4.800000e-01 8.506453e+00
5.400000e-01 8.502502e+00
6.000000e-01 8.477979e+00
6.600000e-01 8.422878e+00
7.200000e-01 8.321907e+00
7.800000e-01 8.150228e+00
8.400000e-01 7.900855e+00
9.000000e-01 7.630041e+00
9.600000e-01 7.393809e+00
1.020000e+00 7.157190e+00
1.080000e+00 6.902752e+00
1.140000e+00 6.655193e+00
1.200000e+00 6.395156e+00
1.260000e+00 6.133649e+00
1.320000e+00 5.885859e+00
1.380000e+00 5.752529e+00
1.440000e+00 5.779101e+00
1.500000e+00 5.806934e+00
1.560000e+00 5.352414e+00
1.620000e+00 4.953920e+00
1.680000e+00 4.875201e+00
1.740000e+00 5.057716e+00
1.800000e+00 5.156751e+00
1.860000e+00 4.877548e+00
1.920000e+00 4.410915e+00
1.980000e+00 4.296863e+00
2.040000e+00 3.663967e+00
2.100000e+00 3.274048e+00
2.160000e+00 3.207258e+00
2.220000e+00 3.479575e+00
2.280000e+00 3.051870e+00
2.340000e+00 2.897390e+00
2.400000e+00 2.928209e+00
2.460000e+00 2.619706e+00
2.520000e+00 2.993814e+00
2.580000e+00 2.979951e+00
2.640000e+00 2.698786e+00
2.700000e+00 2.952138e+00
2.760000e+00 2.544291e+00
2.820000e+00 2.298595e+00
2.880000e+00 2.209973e+00
2.940000e+00 2.538701e+00
3.000000e+00 2.975986e+00
3.060000e+00 2.767934e+00
3.120000e+00 2.427604e+00
3.180000e+00 1.639765e+00
3.240000e+00 1.832130e+00
3.300000e+00 1.839616e+00
3.360000e+00 1.860292e+00
3.420000e+00 1.509410e+00
3.480000e+00 1.106486e+00
3.540000e+00 1.434123e+00
3.600000e+00 1.513310e+00
3.660000e+00 1.545439e+00
3.720000e+00 1.092690e+00
3.780000e+00 1.606305e+00
3.840000e+00 1.328790e+00
3.900000e+00 1.037033e+00
3.960000e+00 1.351995e+00
4.020000e+00 1.043911e+00
4.080000e+00 1.348216e+00
4.140000e+00 6.380198e-01
4.200000e+00 4.837869e-01
4.260000e+00 1.056357e+00
4.320000e+00 8.926260e-01
4.380000e+00 4.986013e-01
4.440000e+00 6.667200e-01
4.500000e+00 9.196755e-01
4.560000e+00 1.080457e+00
4.620000e+00 8.077341e-01
4.680000e+00 8.856652e-01
4.740000e+00 3.036353e-01
4.800000e+00 8.536443e-01
4.860000e+00 3.998954e-01
4.920000e+00 3.345824e-02
4.980000e+00 6.493929e-02
5.040000e+00 1.011525e+00
5.100000e+00 1.219945e-01
5.160000e+00 1.029605e-01
5.220000e+00 9.206397e-02
5.280000e+00 3.316097e-01
5.340000e+00 9.157972e-01
5.400000e+00 4.121545e-02
5.460000e+00 4.678367e-01
5.520000e+00 2.106948e-02
5.580000e+00 9.043509e-01
5.640000e+00 7.685796e-01
5.700000e+00 7.022351e-01
5.760000e+00 1.916246e-02
5.820000e+00 2.148130e-01
5.880000e+00 4.879177e-03
5.940000e+00 1.154403e-01
