0.000000e+00 8.609713e+00
6.000000e-02 8.536895e+00
1.200000e-01 8.449603e+00
1.800000e-01 8.357851e+00
2.400000e-01 8.276757e+00
3.000000e-01 8.222618e+00
3.600000e-01 8.203173e+00
4.200000e-01 8.212713e+00
4.800000e-01 8.240004e+00
5.400000e-01 8.263279e+00
6.000000e-01 8.240504e+00
6.600000e-01 8.138886e+00
7.200000e-01 7.956599e+00
7.800000e-01 7.729231e+00
8.400000e-01 7.484992e+00
9.000000e-01 7.216600e+00
9.600000e-01 6.903507e+00
1.020000e+00 6.620562e+00
1.080000e+00 6.476052e+00
1.140000e+00 6.301575e+00
1.200000e+00 6.001538e+00
1.260000e+00 5.840208e+00
1.320000e+00 5.750018e+00
1.380000e+00 5.477786e+00
1.440000e+00 5.351311e+00
1.500000e+00 4.991034e+00
1.560000e+00 4.772878e+00
1.620000e+00 4.572041e+00
1.680000e+00 4.677457e+00
1.740000e+00 4.368572e+00
1.800000e+00 4.138487e+00
1.860000e+00 4.071719e+00
1.920000e+00 3.902861e+00
1.980000e+00 3.754234e+00
2.040000e+00 3.766907e+00
2.100000e+00 3.624379e+00
2.160000e+00 3.291186e+00
2.220000e+00 2.944195e+00
2.280000e+00 3.205748e+00
2.340000e+00 3.155567e+00
2.400000e+00 3.252646e+00
2.460000e+00 3.359246e+00
2.520000e+00 3.020461e+00
2.580000e+00 2.375449e+00
2.640000e+00 2.168584e+00
2.700000e+00 2.607826e+00
2.760000e+00 2.367420e+00
2.820000e+00 2.516399e+00
2.880000e+00 1.699855e+00
2.940000e+00 2.751949e+00
3.000000e+00 2.703813e+00
3.060000e+00 2.333395e+00
3.120000e+00 1.938267e+00
3.180000e+00 2.052281e+00
3.240000e+00 1.518846e+00
3.300000e+00 1.595836e+00
3.360000e+00 1.900797e+00
3.420000e+00 1.567047e+00
3.480000e+00 1.981165e+00
3.540000e+00 1.659744e+00
3.600000e+00 1.631385e+00
3.660000e+00 2.233567e+00
3.720000e+00 1.376464e+00
3.780000e+00 1.242076e+00
3.840000e+00 9.492730e-01
3.900000e+00 1.464465e+00
3.960000e+00 2.212337e+00
4.020000e+00 1.028750e+00
4.080000e+00 1.202795e+00
4.140000e+00 7.276419e-01
4.200000e+00 9.412597e-01
4.260000e+00 1.324790e+00
4.320000e+00 8.088438e-01
4.380000e+00 5.397928e-01
4.440000e+00 6.445122e-01
4.500000e+00 4.347082e-01
4.560000e+00 1.194606e+00
4.620000e+00 2.038242e-01
4.680000e+00 3.911411e-01
4.740000e+00 3.281700e-01
4.800000e+00 5.859156e-01
4.860000e+00 9.183776e-02
4.920000e+00 9.540585e-01
4.980000e+00 7.495678e-01
5.040000e+00 3.072091e-02
5.100000e+00 6.441707e-03
5.160000e+00 1.885561e-02
5.220000e+00 2.149488e-01
5.280000e+00 1.580290e-01
5.340000e+00 4.984852e-01
5.400000e+00 5.729360e-02
5.460000e+00 1.330082e-02
5.520000e+00 5.265493e-03
5.580000e+00 7.840448e-03
5.640000e+00 8.182155e-04
5.700000e+00 1.007940e-02
5.760000e+00 1.770281e-01
5.820000e+00 2.763194e-02
5.880000e+00 5.108117e-02
5.940000e+00 1.408022e-03
