0.000000e+00 2.087686e+00
5.000000e-02 2.418121e+00
1.000000e-01 2.294411e+00
1.500000e-01 2.127921e+00
2.000000e-01 2.171755e+00
2.500000e-01 2.139130e+00
3.000000e-01 2.136486e+00
3.500000e-01 2.213528e+00
4.000000e-01 1.695196e+00
4.500000e-01 2.047959e+00
5.000000e-01 2.163670e+00
5.500000e-01 2.403822e+00
6.000000e-01 1.789196e+00
6.500000e-01 1.846281e+00
7.000000e-01 1.640699e+00
7.500000e-01 1.338776e+00
8.000000e-01 1.692252e+00
8.500000e-01 1.371611e+00
9.000000e-01 1.597401e+00
9.500000e-01 1.572224e+00
1.000000e+00 1.318367e+00
1.050000e+00 1.667882e+00
1.100000e+00 1.620519e+00
1.150000e+00 1.243534e+00
1.200000e+00 6.180503e-01
1.250000e+00 1.489786e+00
1.300000e+00 1.140153e+00
1.350000e+00 1.178387e+00
1.400000e+00 1.435190e+00
1.450000e+00 7.272330e-01
1.500000e+00 8.225904e-01
1.550000e+00 7.884856e-01
1.600000e+00 9.259662e-01
1.650000e+00 1.386303e+00
1.700000e+00 1.082880e+00
1.750000e+00 3.030524e-01
1.800000e+00 1.065108e+00
1.850000e+00 1.415018e+00
1.900000e+00 8.089169e-01
1.950000e+00 1.158713e+00
2.000000e+00 1.239028e+00
2.050000e+00 1.095415e+00
2.100000e+00 1.066799e+00
2.150000e+00 8.226710e-01
2.200000e+00 1.187796e+00
2.250000e+00 7.036403e-01
2.300000e+00 6.536854e-01
2.350000e+00 4.799249e-01
2.400000e+00 8.969758e-01
2.450000e+00 1.265947e+00
2.500000e+00 1.005019e+00
2.550000e+00 7.247200e-02
2.600000e+00 2.310282e-01
2.650000e+00 7.938329e-01
2.700000e+00 1.067346e+00
2.750000e+00 6.300850e-01
2.800000e+00 4.918450e-01
2.850000e+00 7.635425e-01
2.900000e+00 1.017735e+00
2.950000e+00 4.151750e-01
3.000000e+00 6.464574e-01
3.050000e+00 1.053469e-01
3.100000e+00 2.151202e-01
3.150000e+00 4.751916e-01
3.200000e+00 4.876884e-01
3.250000e+00 5.725742e-01
3.300000e+00 1.435160e-01
3.350000e+00 7.193078e-01
3.400000e+00 7.749776e-01
3.450000e+00 5.204231e-01
3.500000e+00 1.636586e-01
3.550000e+00 4.226828e-01
3.600000e+00 3.262256e-01
3.650000e+00 6.096722e-02
3.700000e+00 2.105057e-01
3.750000e+00 8.275057e-02
3.800000e+00 1.646054e-01
3.850000e+00 5.207691e-01
3.900000e+00 1.524477e-01
3.950000e+00 6.408289e-01
4.000000e+00 3.331373e-01
4.050000e+00 2.420481e-01
4.100000e+00 1.549928e-01
4.150000e+00 2.855615e-01
4.200000e+00 2.474353e-01
4.250000e+00 5.414454e-03
4.300000e+00 3.745851e-04
4.350000e+00 1.049808e-03
4.400000e+00 1.944919e-03
4.450000e+00 9.433150e-02
4.500000e+00 1.250457e-03
4.550000e+00 4.637054e-02
4.600000e+00 1.606184e-03
4.650000e+00 1.916495e-01
4.700000e+00 2.117091e-02
4.750000e+00 1.512465e-02
4.800000e+00 1.203090e-02
4.850000e+00 5.806009e-03
4.900000e+00 1.117273e-03
4.950000e+00 4.061593e-05
