-5.000000e-02 7.184814e-01
-4.990000e-02 7.429198e-01
-4.980000e-02 7.624148e-01
-4.970000e-02 7.771455e-01
-4.960000e-02 7.874836e-01
-4.950000e-02 7.938994e-01
-4.940000e-02 7.968995e-01
-4.930000e-02 7.969854e-01
-4.920000e-02 7.946302e-01
-4.910000e-02 7.902655e-01
-4.900000e-02 7.842758e-01
-4.890000e-02 7.769986e-01
-4.880000e-02 7.687263e-01
-4.870000e-02 7.597100e-01
-4.860000e-02 7.501643e-01
-4.850000e-02 7.402715e-01
-4.840000e-02 7.301863e-01
-4.830000e-02 7.200398e-01
-4.820000e-02 7.099421e-01
-4.810000e-02 6.999862e-01
-4.800000e-02 6.902497e-01
-4.790000e-02 6.807970e-01
-4.780000e-02 6.716810e-01
-4.770000e-02 6.629444e-01
-4.760000e-02 6.546211e-01
-4.750000e-02 6.467370e-01
-4.740000e-02 6.393110e-01
-4.730000e-02 6.323560e-01
-4.720000e-02 6.258794e-01
-4.710000e-02 6.198838e-01
-4.700000e-02 6.143678e-01
-4.690000e-02 6.093267e-01
-4.680000e-02 6.047523e-01
-4.670000e-02 6.006345e-01
-4.660000e-02 5.969607e-01
-4.650000e-02 5.937167e-01
-4.640000e-02 5.908871e-01
-4.630000e-02 5.884553e-01
-4.620000e-02 5.864040e-01
-4.610000e-02 5.847152e-01
-4.600000e-02 5.833706e-01
-4.590000e-02 5.823515e-01
-4.580000e-02 5.816389e-01
-4.570000e-02 5.812138e-01
-4.560000e-02 5.810570e-01
-4.550000e-02 5.811489e-01
-4.540000e-02 5.814698e-01
-4.530000e-02 5.819995e-01
-4.520000e-02 5.827169e-01
-4.510000e-02 5.836001e-01
-4.500000e-02 5.846257e-01
-4.490000e-02 5.857681e-01
-4.480000e-02 5.869990e-01
-4.470000e-02 5.882861e-01
-4.460000e-02 5.895918e-01
-4.450000e-02 5.908710e-01
-4.440000e-02 5.920686e-01
-4.430000e-02 5.931153e-01
-4.420000e-02 5.939221e-01
-4.410000e-02 5.943727e-01
-4.400000e-02 5.943110e-01
-4.390000e-02 5.935246e-01
-4.380000e-02 5.917181e-01
-4.370000e-02 5.884736e-01
-4.360000e-02 5.831908e-01
-4.350000e-02 5.749980e-01
-4.340000e-02 5.626289e-01
-4.330000e-02 5.442927e-01
-4.320000e-02 5.177039e-01
-4.310000e-02 4.809737e-01
-4.300000e-02 4.368416e-01
-4.290000e-02 4.067412e-01
-4.280000e-02 4.568288e-01
-4.270000e-02 6.642406e-01
-4.260000e-02 9.144196e-01
-4.250000e-02 9.855657e-01
-4.240000e-02 9.202879e-01
-4.230000e-02 8.409950e-01
-4.220000e-02 7.855613e-01
-4.210000e-02 7.509473e-01
-4.200000e-02 7.288964e-01
-4.190000e-02 7.137418e-01
-4.180000e-02 7.023565e-01
-4.170000e-02 6.931778e-01
-4.160000e-02 6.855009e-01
-4.150000e-02 6.790552e-01
-4.140000e-02 6.737573e-01
-4.130000e-02 6.695713e-01
-4.120000e-02 6.664374e-01
-4.110000e-02 6.642469e-01
-4.100000e-02 6.628460e-01
-4.090000e-02 6.620534e-01
-4.080000e-02 6.616818e-01
-4.070000e-02 6.615553e-01
-4.060000e-02 6.615211e-01
-4.050000e-02 6.614548e-01
-4.040000e-02 6.612602e-01
-4.030000e-02 6.608670e-01
-4.020000e-02 6.602261e-01
-4.010000e-02 6.593055e-01
-4.000000e-02 6.580855e-01
-3.990000e-02 6.565556e-01
-3.980000e-02 6.547116e-01
-3.970000e-02 6.525540e-01
-3.960000e-02 6.500862e-01
-3.950000e-02 6.473140e-01
-3.940000e-02 6.442456e-01
-3.930000e-02 6.408910e-01
-3.920000e-02 6.372629e-01
-3.910000e-02 6.333772e-01
-3.900000e-02 6.292536e-01
-3.890000e-02 6.249168e-01
-3.880000e-02 6.203976e-01
-3.870000e-02 6.157346e-01
-3.860000e-02 6.109762e-01
-3.850000e-02 6.061817e-01
-3.840000e-02 6.014246e-01
-3.830000e-02 5.967945e-01
-3.820000e-02 5.924000e-01
-3.810000e-02 5.883715e-01
-3.800000e-02 5.848640e-01
-3.790000e-02 5.820593e-01
-3.780000e-02 5.801684e-01
-3.770000e-02 5.794316e-01
-3.760000e-02 5.801176e-01
-3.750000e-02 5.825200e-01
-3.740000e-02 5.869505e-01
-3.730000e-02 5.937278e-01
-3.720000e-02 6.031621e-01
-3.710000e-02 6.155353e-01
-3.700000e-02 6.310768e-01
-3.690000e-02 6.499376e-01
-3.680000e-02 6.721645e-01
-3.670000e-02 6.976777e-01
-3.660000e-02 7.262551e-01
-3.650000e-02 7.575240e-01
-3.640000e-02 7.909590e-01
-3.630000e-02 8.258814e-01
-3.620000e-02 8.614502e-01
-3.610000e-02 8.966350e-01
-3.600000e-02 9.301603e-01
-3.590000e-02 9.604200e-01
-3.580000e-02 9.853796e-01
-3.570000e-02 1.002521e+00
-3.560000e-02 1.008934e+00
-3.550000e-02 1.001727e+00
-3.540000e-02 9.789053e-01
-3.530000e-02 9.407209e-01
-3.520000e-02 8.910184e-01
-3.510000e-02 8.376005e-01
-3.500000e-02 7.906442e-01
-3.490000e-02 7.593406e-01
-3.480000e-02 7.485413e-01
-3.470000e-02 7.575157e-01
-3.460000e-02 7.813228e-01
-3.450000e-02 8.134582e-01
-3.440000e-02 8.480932e-01
-3.430000e-02 8.811409e-01
-3.420000e-02 9.103240e-01
-3.410000e-02 9.347520e-01
-3.400000e-02 9.544064e-01
-3.390000e-02 9.697255e-01
-3.380000e-02 9.813293e-01
-3.370000e-02 9.898632e-01
-3.360000e-02 9.959207e-01
-3.350000e-02 1.000013e+00
-3.340000e-02 1.002567e+00
-3.330000e-02 1.003926e+00
-3.320000e-02 1.004370e+00
-3.310000e-02 1.004122e+00
-3.300000e-02 1.003358e+00
-3.290000e-02 1.002221e+00
-3.280000e-02 1.000826e+00
-3.270000e-02 9.992676e-01
-3.260000e-02 9.976212e-01
-3.250000e-02 9.959508e-01
-3.240000e-02 9.943099e-01
-3.230000e-02 9.927432e-01
-3.220000e-02 9.912884e-01
-3.210000e-02 9.899762e-01
-3.200000e-02 9.888301e-01
-3.190000e-02 9.878653e-01
-3.180000e-02 9.870863e-01
-3.170000e-02 9.864826e-01
-3.160000e-02 9.860227e-01
-3.150000e-02 9.856443e-01
-3.140000e-02 9.852404e-01
-3.130000e-02 9.846379e-01
-3.120000e-02 9.835678e-01
-3.110000e-02 9.816223e-01
-3.100000e-02 9.781967e-01
-3.090000e-02 9.724167e-01
-3.080000e-02 9.630605e-01
-3.070000e-02 9.485059e-01
-3.060000e-02 9.267752e-01
-3.050000e-02 8.958073e-01
-3.040000e-02 8.541279e-01
-3.030000e-02 8.019961e-01
-3.020000e-02 7.427232e-01
-3.010000e-02 6.832400e-01
-3.000000e-02 6.327744e-01
-2.990000e-02 5.995937e-01
-2.980000e-02 5.876486e-01
-2.970000e-02 5.954000e-01
-2.960000e-02 6.172395e-01
-2.950000e-02 6.459692e-01
-2.940000e-02 6.747497e-01
-2.930000e-02 6.980650e-01
-2.920000e-02 7.120959e-01
-2.910000e-02 7.149969e-01
-2.900000e-02 7.072616e-01
-2.890000e-02 6.919720e-01
-2.880000e-02 6.744914e-01
-2.870000e-02 6.612941e-01
-2.860000e-02 6.581436e-01
-2.850000e-02 6.683845e-01
-2.840000e-02 6.921683e-01
-2.830000e-02 7.268813e-01
-2.820000e-02 7.683502e-01
-2.810000e-02 8.121400e-01
-2.800000e-02 8.544642e-01
-2.790000e-02 8.925912e-01
-2.780000e-02 9.248727e-01
-2.770000e-02 9.505780e-01
-2.760000e-02 9.696741e-01
-2.750000e-02 9.826226e-01
-2.740000e-02 9.902156e-01
-2.730000e-02 9.934471e-01
-2.720000e-02 9.934111e-01
-2.710000e-02 9.912159e-01
-2.700000e-02 9.879125e-01
-2.690000e-02 9.844354e-01
-2.680000e-02 9.815599e-01
-2.670000e-02 9.798757e-01
-2.660000e-02 9.797792e-01
-2.650000e-02 9.814814e-01
-2.640000e-02 9.850292e-01
-2.630000e-02 9.903350e-01
-2.620000e-02 9.972111e-01
-2.610000e-02 1.005403e+00
-2.600000e-02 1.014619e+00
-2.590000e-02 1.024559e+00
-2.580000e-02 1.034929e+00
-2.570000e-02 1.045458e+00
-2.560000e-02 1.055906e+00
-2.550000e-02 1.066068e+00
-2.540000e-02 1.075772e+00
-2.530000e-02 1.084879e+00
-2.520000e-02 1.093281e+00
-2.510000e-02 1.100890e+00
-2.500000e-02 1.107641e+00
-2.490000e-02 1.113481e+00
-2.480000e-02 1.118362e+00
-2.470000e-02 1.122241e+00
-2.460000e-02 1.125067e+00
-2.450000e-02 1.126780e+00
-2.440000e-02 1.127299e+00
-2.430000e-02 1.126513e+00
-2.420000e-02 1.124272e+00
-2.410000e-02 1.120369e+00
-2.400000e-02 1.114526e+00
-2.390000e-02 1.106367e+00
-2.380000e-02 1.095395e+00
-2.370000e-02 1.080968e+00
-2.360000e-02 1.062298e+00
-2.350000e-02 1.038505e+00
-2.340000e-02 1.008822e+00
-2.330000e-02 9.731100e-01
-2.320000e-02 9.328660e-01
-2.310000e-02 8.926376e-01
-2.300000e-02 8.607501e-01
-2.290000e-02 8.470375e-01
-2.280000e-02 8.569902e-01
-2.270000e-02 8.873826e-01
-2.260000e-02 9.288029e-01
-2.250000e-02 9.719164e-01
-2.240000e-02 1.011046e+00
-2.230000e-02 1.044051e+00
-2.220000e-02 1.070862e+00
-2.210000e-02 1.092267e+00
-2.200000e-02 1.109254e+00
-2.190000e-02 1.122729e+00
-2.180000e-02 1.133439e+00
-2.170000e-02 1.141963e+00
-2.160000e-02 1.148740e+00
-2.150000e-02 1.154087e+00
-2.140000e-02 1.158233e+00
-2.130000e-02 1.161328e+00
-2.120000e-02 1.163462e+00
-2.110000e-02 1.164672e+00
-2.100000e-02 1.164953e+00
-2.090000e-02 1.164264e+00
-2.080000e-02 1.162535e+00
-2.070000e-02 1.159669e+00
-2.060000e-02 1.155554e+00
-2.050000e-02 1.150066e+00
-2.040000e-02 1.143078e+00
-2.030000e-02 1.134465e+00
-2.020000e-02 1.124112e+00
-2.010000e-02 1.111920e+00
-2.000000e-02 1.097811e+00
-1.990000e-02 1.081731e+00
-1.980000e-02 1.063649e+00
-1.970000e-02 1.043559e+00
-1.960000e-02 1.021475e+00
-1.950000e-02 9.974251e-01
-1.940000e-02 9.714472e-01
-1.930000e-02 9.435826e-01
-1.920000e-02 9.138747e-01
-1.910000e-02 8.823755e-01
-1.900000e-02 8.491623e-01
-1.890000e-02 8.143687e-01
-1.880000e-02 7.782302e-01
-1.870000e-02 7.411381e-01
-1.860000e-02 7.036902e-01
-1.850000e-02 6.667196e-01
-1.840000e-02 6.312827e-01
-1.830000e-02 5.985938e-01
-1.820000e-02 5.699118e-01
-1.810000e-02 5.464010e-01
-1.800000e-02 5.290040e-01
-1.790000e-02 5.183632e-01
-1.780000e-02 5.148145e-01
-1.770000e-02 5.184506e-01
-1.760000e-02 5.292297e-01
-1.750000e-02 5.470821e-01
-1.740000e-02 5.719454e-01
-1.730000e-02 6.036304e-01
-1.720000e-02 6.413791e-01
-1.710000e-02 6.829594e-01
-1.700000e-02 7.233112e-01
-1.690000e-02 7.534509e-01
-1.680000e-02 7.618312e-01
-1.670000e-02 7.412988e-01
-1.660000e-02 7.004452e-01
-1.650000e-02 6.670668e-01
-1.640000e-02 6.713254e-01
-1.630000e-02 7.221118e-01
-1.620000e-02 8.037221e-01
-1.610000e-02 8.922242e-01
-1.600000e-02 9.701256e-01
-1.590000e-02 1.029909e+00
-1.580000e-02 1.071057e+00
-1.570000e-02 1.096289e+00
-1.560000e-02 1.109148e+00
-1.550000e-02 1.112888e+00
-1.540000e-02 1.110128e+00
-1.530000e-02 1.102836e+00
-1.520000e-02 1.092445e+00
-1.510000e-02 1.079974e+00
-1.500000e-02 1.066142e+00
-1.490000e-02 1.051451e+00
-1.480000e-02 1.036251e+00
-1.470000e-02 1.020783e+00
-1.460000e-02 1.005213e+00
-1.450000e-02 9.896526e-01
-1.440000e-02 9.741767e-01
-1.430000e-02 9.588323e-01
-1.420000e-02 9.436477e-01
-1.410000e-02 9.286376e-01
-1.400000e-02 9.138070e-01
-1.390000e-02 8.991545e-01
-1.380000e-02 8.846742e-01
-1.370000e-02 8.703574e-01
-1.360000e-02 8.561951e-01
-1.350000e-02 8.421790e-01
-1.340000e-02 8.283046e-01
-1.330000e-02 8.145747e-01
-1.320000e-02 8.010046e-01
-1.310000e-02 7.876317e-01
-1.300000e-02 7.745300e-01
-1.290000e-02 7.618352e-01
-1.280000e-02 7.497828e-01
-1.270000e-02 7.387608e-01
-1.260000e-02 7.293408e-01
-1.250000e-02 7.220974e-01
-1.240000e-02 7.164104e-01
-1.230000e-02 7.058171e-01
-1.220000e-02 6.701547e-01
-1.210000e-02 6.111150e-01
-1.200000e-02 6.522702e-01
-1.190000e-02 7.969023e-01
-1.180000e-02 8.848381e-01
-1.170000e-02 9.028837e-01
-1.160000e-02 8.918921e-01
-1.150000e-02 8.743009e-01
-1.140000e-02 8.582017e-01
-1.130000e-02 8.460223e-01
-1.120000e-02 8.383122e-01
-1.110000e-02 8.350701e-01
-1.100000e-02 8.361721e-01
-1.090000e-02 8.414894e-01
-1.080000e-02 8.508998e-01
-1.070000e-02 8.642606e-01
-1.060000e-02 8.813659e-01
-1.050000e-02 9.018947e-01
-1.040000e-02 9.253531e-01
-1.030000e-02 9.510089e-01
-1.020000e-02 9.778241e-01
-1.010000e-02 1.004387e+00
-1.000000e-02 1.028855e+00
-9.900000e-03 1.048929e+00
-9.800000e-03 1.061882e+00
-9.700000e-03 1.064693e+00
-9.600000e-03 1.054328e+00
-9.500000e-03 1.028209e+00
-9.400000e-03 9.848596e-01
-9.300000e-03 9.246483e-01
-9.200000e-03 8.504032e-01
-9.100000e-03 7.676175e-01
-9.000000e-03 6.839713e-01
-8.900000e-03 6.081082e-01
-8.800000e-03 5.479327e-01
-8.700000e-03 5.089705e-01
-8.600000e-03 4.933578e-01
-8.500000e-03 4.997638e-01
-8.400000e-03 5.241521e-01
-8.300000e-03 5.609985e-01
-8.200000e-03 6.045271e-01
-8.100000e-03 6.496523e-01
-8.000000e-03 6.925133e-01
-7.900000e-03 7.306322e-01
-7.800000e-03 7.628023e-01
-7.700000e-03 7.888142e-01
-7.600000e-03 8.090991e-01
-7.500000e-03 8.243305e-01
-7.400000e-03 8.349959e-01
-7.300000e-03 8.409394e-01
-7.200000e-03 8.408977e-01
-7.100000e-03 8.321248e-01
-7.000000e-03 8.103581e-01
-6.900000e-03 7.705956e-01
-6.800000e-03 7.092837e-01
-6.700000e-03 6.280760e-01
-6.600000e-03 5.377427e-01
-6.500000e-03 4.585703e-01
-6.400000e-03 4.137206e-01
-6.300000e-03 4.175709e-01
-6.200000e-03 4.677829e-01
-6.100000e-03 5.479064e-01
-6.000000e-03 6.373315e-01
-5.900000e-03 7.200532e-01
-5.800000e-03 7.877439e-01
-5.700000e-03 8.384065e-01
-5.600000e-03 8.736415e-01
-5.500000e-03 8.963996e-01
-5.400000e-03 9.096876e-01
-5.300000e-03 9.160249e-01
-5.200000e-03 9.173241e-01
-5.100000e-03 9.149590e-01
-5.000000e-03 9.098893e-01
-4.900000e-03 9.027807e-01
-4.800000e-03 8.941008e-01
-4.700000e-03 8.841896e-01
-4.600000e-03 8.733066e-01
-4.500000e-03 8.616614e-01
-4.400000e-03 8.494323e-01
-4.300000e-03 8.367775e-01
-4.200000e-03 8.238413e-01
-4.100000e-03 8.107569e-01
-4.000000e-03 7.976481e-01
-3.900000e-03 7.846298e-01
-3.800000e-03 7.718090e-01
-3.700000e-03 7.592847e-01
-3.600000e-03 7.471493e-01
-3.500000e-03 7.354897e-01
-3.400000e-03 7.243885e-01
-3.300000e-03 7.139258e-01
-3.200000e-03 7.041815e-01
-3.100000e-03 6.952359e-01
-3.000000e-03 6.871715e-01
-2.900000e-03 6.800726e-01
-2.800000e-03 6.740237e-01
-2.700000e-03 6.691062e-01
-2.600000e-03 6.653931e-01
-2.500000e-03 6.629416e-01
-2.400000e-03 6.617854e-01
-2.300000e-03 6.619263e-01
-2.200000e-03 6.633274e-01
-2.100000e-03 6.659094e-01
-2.000000e-03 6.695506e-01
-1.900000e-03 6.740913e-01
-1.800000e-03 6.793415e-01
-1.700000e-03 6.850926e-01
-1.600000e-03 6.911293e-01
-1.500000e-03 6.972418e-01
-1.400000e-03 7.032365e-01
-1.300000e-03 7.089440e-01
-1.200000e-03 7.142236e-01
-1.100000e-03 7.189665e-01
-1.000000e-03 7.230947e-01
-9.000000e-04 7.265600e-01
-8.000000e-04 7.293411e-01
-7.000000e-04 7.314403e-01
-6.000000e-04 7.328811e-01
-5.000000e-04 7.337057e-01
-4.000000e-04 7.339741e-01
-3.000000e-04 7.337641e-01
-2.000000e-04 7.331726e-01
-1.000000e-04 7.323178e-01
1.429412e-15 7.313442e-01
1.000000e-04 7.304263e-01
2.000000e-04 7.297753e-01
3.000000e-04 7.296432e-01
4.000000e-04 7.303252e-01
5.000000e-04 7.321564e-01
6.000000e-04 7.354975e-01
7.000000e-04 7.407039e-01
8.000000e-04 7.480716e-01
9.000000e-04 7.577554e-01
1.000000e-03 7.696653e-01
1.100000e-03 7.833613e-01
1.200000e-03 7.979883e-01
1.300000e-03 8.123099e-01
1.400000e-03 8.248856e-01
1.500000e-03 8.343841e-01
1.600000e-03 8.399423e-01
1.700000e-03 8.414224e-01
1.800000e-03 8.394416e-01
1.900000e-03 8.351635e-01
2.000000e-03 8.299549e-01
2.100000e-03 8.250606e-01
2.200000e-03 8.214006e-01
2.300000e-03 8.195120e-01
2.400000e-03 8.195956e-01
2.500000e-03 8.216103e-01
2.600000e-03 8.253703e-01
2.700000e-03 8.306215e-01
2.800000e-03 8.370927e-01
2.900000e-03 8.445232e-01
3.000000e-03 8.526756e-01
3.100000e-03 8.613380e-01
3.200000e-03 8.703217e-01
3.300000e-03 8.794570e-01
3.400000e-03 8.885885e-01
3.500000e-03 8.975716e-01
3.600000e-03 9.062691e-01
3.700000e-03 9.145500e-01
3.800000e-03 9.222886e-01
3.900000e-03 9.293640e-01
4.000000e-03 9.356605e-01
4.100000e-03 9.410685e-01
4.200000e-03 9.454847e-01
4.300000e-03 9.488127e-01
4.400000e-03 9.509636e-01
4.500000e-03 9.518559e-01
4.600000e-03 9.514154e-01
4.700000e-03 9.495746e-01
4.800000e-03 9.462720e-01
4.900000e-03 9.414511e-01
5.000000e-03 9.350594e-01
5.100000e-03 9.270471e-01
5.200000e-03 9.173664e-01
5.300000e-03 9.059706e-01
5.400000e-03 8.928141e-01
5.500000e-03 8.778532e-01
5.600000e-03 8.610480e-01
5.700000e-03 8.423663e-01
5.800000e-03 8.217899e-01
5.900000e-03 7.993245e-01
6.000000e-03 7.750138e-01
6.100000e-03 7.489606e-01
6.200000e-03 7.213544e-01
6.300000e-03 6.925089e-01
6.400000e-03 6.629088e-01
6.500000e-03 6.332653e-01
6.600000e-03 6.045736e-01
6.700000e-03 5.781611e-01
6.800000e-03 5.557020e-01
6.900000e-03 5.391620e-01
7.000000e-03 5.306289e-01
7.100000e-03 5.319872e-01
7.200000e-03 5.444412e-01
7.300000e-03 5.679741e-01
7.400000e-03 6.009452e-01
7.500000e-03 6.400933e-01
7.600000e-03 6.811184e-01
7.700000e-03 7.197363e-01
7.800000e-03 7.527850e-01
7.900000e-03 7.788771e-01
8.000000e-03 7.983536e-01
8.100000e-03 8.126909e-01
8.200000e-03 8.237454e-01
8.300000e-03 8.331680e-01
8.400000e-03 8.421162e-01
8.500000e-03 8.512204e-01
8.600000e-03 8.606893e-01
8.700000e-03 8.704562e-01
8.800000e-03 8.803088e-01
8.900000e-03 8.899804e-01
9.000000e-03 8.992053e-01
9.100000e-03 9.077462e-01
9.200000e-03 9.154032e-01
9.300000e-03 9.220135e-01
9.400000e-03 9.274470e-01
9.500000e-03 9.315997e-01
9.600000e-03 9.343884e-01
9.700000e-03 9.357464e-01
9.800000e-03 9.356205e-01
9.900000e-03 9.339698e-01
1.000000e-02 9.307647e-01
1.010000e-02 9.259867e-01
1.020000e-02 9.196275e-01
1.030000e-02 9.116880e-01
1.040000e-02 9.021752e-01
1.050000e-02 8.910978e-01
1.060000e-02 8.784603e-01
1.070000e-02 8.642549e-01
1.080000e-02 8.484516e-01
1.090000e-02 8.309880e-01
1.100000e-02 8.117576e-01
1.110000e-02 7.905990e-01
1.120000e-02 7.672864e-01
1.130000e-02 7.415229e-01
1.140000e-02 7.129405e-01
1.150000e-02 6.811099e-01
1.160000e-02 6.455695e-01
1.170000e-02 6.058843e-01
1.180000e-02 5.617553e-01
1.190000e-02 5.132053e-01
1.200000e-02 4.608790e-01
1.210000e-02 4.064890e-01
1.220000e-02 3.534140e-01
1.230000e-02 3.073535e-01
1.240000e-02 2.767154e-01
1.250000e-02 2.720550e-01
1.260000e-02 3.035920e-01
1.270000e-02 3.763325e-01
1.280000e-02 4.844798e-01
1.290000e-02 6.097755e-01
1.300000e-02 7.277466e-01
1.310000e-02 8.186810e-01
1.320000e-02 8.742346e-01
1.330000e-02 8.955841e-01
1.340000e-02 8.881080e-01
1.350000e-02 8.582919e-01
1.360000e-02 8.133529e-01
1.370000e-02 7.613518e-01
1.380000e-02 7.104556e-01
1.390000e-02 6.675577e-01
1.400000e-02 6.370757e-01
1.410000e-02 6.205130e-01
1.420000e-02 6.168512e-01
1.430000e-02 6.234536e-01
1.440000e-02 6.370556e-01
1.450000e-02 6.545399e-01
1.460000e-02 6.733839e-01
1.470000e-02 6.918132e-01
1.480000e-02 7.087595e-01
1.490000e-02 7.237219e-01
1.500000e-02 7.366047e-01
1.510000e-02 7.475710e-01
1.520000e-02 7.569282e-01
1.530000e-02 7.650480e-01
1.540000e-02 7.723142e-01
1.550000e-02 7.790926e-01
1.560000e-02 7.857154e-01
1.570000e-02 7.924749e-01
1.580000e-02 7.996234e-01
1.590000e-02 8.073750e-01
1.600000e-02 8.159095e-01
1.610000e-02 8.253751e-01
1.620000e-02 8.358912e-01
1.630000e-02 8.475498e-01
1.640000e-02 8.604144e-01
1.650000e-02 8.745187e-01
1.660000e-02 8.898613e-01
1.670000e-02 9.063994e-01
1.680000e-02 9.240387e-01
1.690000e-02 9.426204e-01
1.700000e-02 9.619057e-01
1.710000e-02 9.815552e-01
1.720000e-02 1.001108e+00
1.730000e-02 1.019957e+00
1.740000e-02 1.037328e+00
1.750000e-02 1.052272e+00
1.760000e-02 1.063660e+00
1.770000e-02 1.070232e+00
1.780000e-02 1.070672e+00
1.790000e-02 1.063755e+00
1.800000e-02 1.048558e+00
1.810000e-02 1.024709e+00
1.820000e-02 9.926248e-01
1.830000e-02 9.536555e-01
1.840000e-02 9.100493e-01
1.850000e-02 8.647039e-01
1.860000e-02 8.207514e-01
1.870000e-02 7.810908e-01
1.880000e-02 7.480021e-01
1.890000e-02 7.229288e-01
1.900000e-02 7.064420e-01
1.910000e-02 6.983459e-01
1.920000e-02 6.978590e-01
1.930000e-02 7.038173e-01
1.940000e-02 7.148614e-01
1.950000e-02 7.295906e-01
1.960000e-02 7.466776e-01
1.970000e-02 7.649450e-01
1.980000e-02 7.834093e-01
1.990000e-02 8.012973e-01
2.000000e-02 8.180428e-01
2.010000e-02 8.332702e-01
2.020000e-02 8.467698e-01
2.030000e-02 8.584694e-01
2.040000e-02 8.684065e-01
2.050000e-02 8.767011e-01
2.060000e-02 8.835330e-01
2.070000e-02 8.891208e-01
2.080000e-02 8.937060e-01
2.090000e-02 8.975383e-01
2.100000e-02 9.008654e-01
2.110000e-02 9.039232e-01
2.120000e-02 9.069296e-01
2.130000e-02 9.100782e-01
2.140000e-02 9.135343e-01
2.150000e-02 9.174316e-01
2.160000e-02 9.218700e-01
2.170000e-02 9.269142e-01
2.180000e-02 9.325933e-01
2.190000e-02 9.389013e-01
2.200000e-02 9.457976e-01
2.210000e-02 9.532092e-01
2.220000e-02 9.610325e-01
2.230000e-02 9.691355e-01
2.240000e-02 9.773605e-01
2.250000e-02 9.855267e-01
2.260000e-02 9.934323e-01
2.270000e-02 1.000857e+00
2.280000e-02 1.007566e+00
2.290000e-02 1.013308e+00
2.300000e-02 1.017824e+00
2.310000e-02 1.020843e+00
2.320000e-02 1.022095e+00
2.330000e-02 1.021305e+00
2.340000e-02 1.018209e+00
2.350000e-02 1.012560e+00
2.360000e-02 1.004135e+00
2.370000e-02 9.927587e-01
2.380000e-02 9.783137e-01
2.390000e-02 9.607670e-01
2.400000e-02 9.401928e-01
2.410000e-02 9.167993e-01
2.420000e-02 8.909543e-01
2.430000e-02 8.632070e-01
2.440000e-02 8.343015e-01
2.450000e-02 8.051768e-01
2.460000e-02 7.769479e-01
2.470000e-02 7.508630e-01
2.480000e-02 7.282342e-01
2.490000e-02 7.103441e-01
2.500000e-02 6.983330e-01
2.510000e-02 6.930806e-01
2.520000e-02 6.950974e-01
2.530000e-02 7.044439e-01
2.540000e-02 7.206956e-01
2.550000e-02 7.429611e-01
2.560000e-02 7.699562e-01
2.570000e-02 8.001221e-01
2.580000e-02 8.317710e-01
2.590000e-02 8.632356e-01
2.600000e-02 8.930029e-01
2.610000e-02 9.198148e-01
2.620000e-02 9.427282e-01
2.630000e-02 9.611351e-01
2.640000e-02 9.747468e-01
2.650000e-02 9.835540e-01
2.660000e-02 9.877721e-01
2.670000e-02 9.877806e-01
2.680000e-02 9.840663e-01
2.690000e-02 9.771723e-01
2.700000e-02 9.676566e-01
2.710000e-02 9.560618e-01
2.720000e-02 9.428928e-01
2.730000e-02 9.286032e-01
2.740000e-02 9.135883e-01
2.750000e-02 8.981823e-01
2.760000e-02 8.826592e-01
2.770000e-02 8.672358e-01
2.780000e-02 8.520754e-01
2.790000e-02 8.372927e-01
2.800000e-02 8.229578e-01
2.810000e-02 8.091009e-01
2.820000e-02 7.957150e-01
2.830000e-02 7.827598e-01
2.840000e-02 7.701632e-01
2.850000e-02 7.578243e-01
2.860000e-02 7.456143e-01
2.870000e-02 7.333793e-01
2.880000e-02 7.209427e-01
2.890000e-02 7.081095e-01
2.900000e-02 6.946729e-01
2.910000e-02 6.804245e-01
2.920000e-02 6.651699e-01
2.930000e-02 6.487500e-01
2.940000e-02 6.310712e-01
2.950000e-02 6.121432e-01
2.960000e-02 5.921245e-01
2.970000e-02 5.713698e-01
2.980000e-02 5.504722e-01
2.990000e-02 5.302837e-01
3.000000e-02 5.118971e-01
3.010000e-02 4.965674e-01
3.020000e-02 4.855631e-01
3.030000e-02 4.799521e-01
3.040000e-02 4.803603e-01
3.050000e-02 4.867648e-01
3.060000e-02 4.983959e-01
3.070000e-02 5.138029e-01
3.080000e-02 5.310821e-01
3.090000e-02 5.482104e-01
3.100000e-02 5.633866e-01
3.110000e-02 5.752863e-01
3.120000e-02 5.831806e-01
3.130000e-02 5.869169e-01
3.140000e-02 5.868047e-01
3.150000e-02 5.834576e-01
3.160000e-02 5.776392e-01
3.170000e-02 5.701382e-01
3.180000e-02 5.616855e-01
3.190000e-02 5.529077e-01
3.200000e-02 5.443103e-01
3.210000e-02 5.362801e-01
3.220000e-02 5.290991e-01
3.230000e-02 5.229618e-01
3.240000e-02 5.179946e-01
3.250000e-02 5.142729e-01
3.260000e-02 5.118359e-01
3.270000e-02 5.106983e-01
3.280000e-02 5.108597e-01
3.290000e-02 5.123113e-01
3.300000e-02 5.150404e-01
3.310000e-02 5.190337e-01
3.320000e-02 5.242787e-01
3.330000e-02 5.307635e-01
3.340000e-02 5.384762e-01
3.350000e-02 5.474027e-01
3.360000e-02 5.575234e-01
3.370000e-02 5.688096e-01
3.380000e-02 5.812183e-01
3.390000e-02 5.946879e-01
3.400000e-02 6.091332e-01
3.410000e-02 6.244432e-01
3.420000e-02 6.404805e-01
3.430000e-02 6.570855e-01
3.440000e-02 6.740862e-01
3.450000e-02 6.913123e-01
3.460000e-02 7.086141e-01
3.470000e-02 7.258804e-01
3.480000e-02 7.430528e-01
3.490000e-02 7.601299e-01
3.500000e-02 7.771607e-01
3.510000e-02 7.942276e-01
3.520000e-02 8.114259e-01
3.530000e-02 8.288435e-01
3.540000e-02 8.465474e-01
3.550000e-02 8.645760e-01
3.560000e-02 8.829348e-01
3.570000e-02 9.015916e-01
3.580000e-02 9.204699e-01
3.590000e-02 9.394378e-01
3.600000e-02 9.582960e-01
3.610000e-02 9.767658e-01
3.620000e-02 9.944810e-01
3.630000e-02 1.010986e+00
3.640000e-02 1.025741e+00
3.650000e-02 1.038145e+00
3.660000e-02 1.047557e+00
3.670000e-02 1.053347e+00
3.680000e-02 1.054947e+00
3.690000e-02 1.051912e+00
3.700000e-02 1.043984e+00
3.710000e-02 1.031153e+00
3.720000e-02 1.013695e+00
3.730000e-02 9.921906e-01
3.740000e-02 9.675071e-01
3.750000e-02 9.407504e-01
3.760000e-02 9.131835e-01
3.770000e-02 8.861245e-01
3.780000e-02 8.608385e-01
3.790000e-02 8.384368e-01
3.800000e-02 8.197988e-01
3.810000e-02 8.055232e-01
3.820000e-02 7.959132e-01
3.830000e-02 7.909922e-01
3.840000e-02 7.905421e-01
3.850000e-02 7.941573e-01
3.860000e-02 8.013030e-01
3.870000e-02 8.113726e-01
3.880000e-02 8.237363e-01
3.890000e-02 8.377813e-01
3.900000e-02 8.529395e-01
3.910000e-02 8.687058e-01
3.920000e-02 8.846474e-01
3.930000e-02 9.004055e-01
3.940000e-02 9.156932e-01
3.950000e-02 9.302892e-01
3.960000e-02 9.440300e-01
3.970000e-02 9.568018e-01
3.980000e-02 9.685314e-01
3.990000e-02 9.791789e-01
4.000000e-02 9.887304e-01
4.010000e-02 9.971917e-01
4.020000e-02 1.004584e+00
4.030000e-02 1.010939e+00
4.040000e-02 1.016298e+00
4.050000e-02 1.020704e+00
4.060000e-02 1.024208e+00
4.070000e-02 1.026860e+00
4.080000e-02 1.028714e+00
4.090000e-02 1.029825e+00
4.100000e-02 1.030245e+00
4.110000e-02 1.030031e+00
4.120000e-02 1.029236e+00
4.130000e-02 1.027916e+00
4.140000e-02 1.026123e+00
4.150000e-02 1.023912e+00
4.160000e-02 1.021333e+00
4.170000e-02 1.018439e+00
4.180000e-02 1.015280e+00
4.190000e-02 1.011903e+00
4.200000e-02 1.008355e+00
4.210000e-02 1.004681e+00
4.220000e-02 1.000925e+00
4.230000e-02 9.971284e-01
4.240000e-02 9.933297e-01
4.250000e-02 9.895669e-01
4.260000e-02 9.858757e-01
4.270000e-02 9.822903e-01
4.280000e-02 9.788429e-01
4.290000e-02 9.755647e-01
4.300000e-02 9.724854e-01
4.310000e-02 9.696338e-01
4.320000e-02 9.670378e-01
4.330000e-02 9.647247e-01
4.340000e-02 9.627220e-01
4.350000e-02 9.610569e-01
4.360000e-02 9.597572e-01
4.370000e-02 9.588519e-01
4.380000e-02 9.583712e-01
4.390000e-02 9.583472e-01
4.400000e-02 9.588148e-01
4.410000e-02 9.598121e-01
4.420000e-02 9.613815e-01
4.430000e-02 9.635706e-01
4.440000e-02 9.664334e-01
4.450000e-02 9.700316e-01
4.460000e-02 9.744365e-01
4.470000e-02 9.797304e-01
4.480000e-02 9.860091e-01
4.490000e-02 9.933833e-01
4.500000e-02 1.001981e+00
4.510000e-02 1.011948e+00
4.520000e-02 1.023448e+00
4.530000e-02 1.036653e+00
4.540000e-02 1.051736e+00
4.550000e-02 1.068837e+00
4.560000e-02 1.088009e+00
4.570000e-02 1.109116e+00
4.580000e-02 1.131654e+00
4.590000e-02 1.154463e+00
4.600000e-02 1.175296e+00
4.610000e-02 1.190268e+00
4.620000e-02 1.193396e+00
4.630000e-02 1.176735e+00
4.640000e-02 1.131976e+00
4.650000e-02 1.054069e+00
4.660000e-02 9.456751e-01
4.670000e-02 8.188572e-01
4.680000e-02 6.910325e-01
4.690000e-02 5.774009e-01
4.700000e-02 4.857469e-01
4.710000e-02 4.165009e-01
4.720000e-02 3.659231e-01
4.730000e-02 3.292064e-01
4.740000e-02 3.021645e-01
4.750000e-02 2.817259e-01
4.760000e-02 2.658393e-01
4.770000e-02 2.532055e-01
4.780000e-02 2.430234e-01
4.790000e-02 2.348004e-01
4.800000e-02 2.282272e-01
4.810000e-02 2.230989e-01
4.820000e-02 2.192687e-01
4.830000e-02 2.166205e-01
4.840000e-02 2.150534e-01
4.850000e-02 2.144733e-01
4.860000e-02 2.147879e-01
4.870000e-02 2.159032e-01
4.880000e-02 2.177211e-01
4.890000e-02 2.201385e-01
4.900000e-02 2.230446e-01
4.910000e-02 2.263209e-01
4.920000e-02 2.298400e-01
4.930000e-02 2.334664e-01
4.940000e-02 2.370589e-01
4.950000e-02 2.404763e-01
4.960000e-02 2.435889e-01
4.970000e-02 2.463005e-01
4.980000e-02 2.485903e-01
4.990000e-02 2.505873e-01
