1.000000e+00 7.630939e-01
1.000200e+00 7.626505e-01
1.000400e+00 7.623028e-01
1.000600e+00 7.620549e-01
1.000800e+00 7.619106e-01
1.001000e+00 7.618741e-01
1.001200e+00 7.619493e-01
1.001400e+00 7.621402e-01
1.001600e+00 7.624509e-01
1.001800e+00 7.628852e-01
1.002000e+00 7.634470e-01
1.002200e+00 7.641403e-01
1.002400e+00 7.649687e-01
1.002600e+00 7.659360e-01
1.002800e+00 7.670458e-01
1.003000e+00 7.683016e-01
1.003200e+00 7.697070e-01
1.003400e+00 7.712652e-01
1.003600e+00 7.729794e-01
1.003800e+00 7.748529e-01
1.004000e+00 7.768886e-01
1.004200e+00 7.790892e-01
1.004400e+00 7.814576e-01
1.004600e+00 7.839963e-01
1.004800e+00 7.867077e-01
1.005000e+00 7.895941e-01
1.005200e+00 7.926576e-01
1.005400e+00 7.959000e-01
1.005600e+00 7.993232e-01
1.005800e+00 8.029287e-01
1.006000e+00 8.067180e-01
1.006200e+00 8.106922e-01
1.006400e+00 8.148525e-01
1.006600e+00 8.191997e-01
1.006800e+00 8.237344e-01
1.007000e+00 8.284571e-01
1.007200e+00 8.333682e-01
1.007400e+00 8.384677e-01
1.007600e+00 8.437556e-01
1.007800e+00 8.492316e-01
1.008000e+00 8.548951e-01
1.008200e+00 8.607454e-01
1.008400e+00 8.667818e-01
1.008600e+00 8.730031e-01
1.008800e+00 8.794079e-01
1.009000e+00 8.859948e-01
1.009200e+00 8.927621e-01
1.009400e+00 8.997078e-01
1.009600e+00 9.068298e-01
1.009800e+00 9.141256e-01
1.010000e+00 9.215927e-01
1.010200e+00 9.292282e-01
1.010400e+00 9.370290e-01
1.010600e+00 9.449919e-01
1.010800e+00 9.531132e-01
1.011000e+00 9.613891e-01
1.011200e+00 9.698155e-01
1.011400e+00 9.783881e-01
1.011600e+00 9.871023e-01
1.011800e+00 9.959531e-01
1.012000e+00 1.004935e+00
1.012200e+00 1.014043e+00
1.012400e+00 1.023271e+00
1.012600e+00 1.032613e+00
1.012800e+00 1.042063e+00
1.013000e+00 1.051613e+00
1.013200e+00 1.061256e+00
1.013400e+00 1.070986e+00
1.013600e+00 1.080793e+00
1.013800e+00 1.090670e+00
1.014000e+00 1.100607e+00
1.014200e+00 1.110597e+00
1.014400e+00 1.120628e+00
1.014600e+00 1.130691e+00
1.014800e+00 1.140776e+00
1.015000e+00 1.150871e+00
1.015200e+00 1.160966e+00
1.015400e+00 1.171047e+00
1.015600e+00 1.181103e+00
1.015800e+00 1.191119e+00
1.016000e+00 1.201084e+00
1.016200e+00 1.210982e+00
1.016400e+00 1.220798e+00
1.016600e+00 1.230517e+00
1.016800e+00 1.240123e+00
1.017000e+00 1.249599e+00
1.017200e+00 1.258928e+00
1.017400e+00 1.268091e+00
1.017600e+00 1.277070e+00
1.017800e+00 1.285845e+00
1.018000e+00 1.294396e+00
1.018200e+00 1.302702e+00
1.018400e+00 1.310742e+00
1.018600e+00 1.318492e+00
1.018800e+00 1.325932e+00
1.019000e+00 1.333036e+00
1.019200e+00 1.339781e+00
1.019400e+00 1.346142e+00
1.019600e+00 1.352094e+00
1.019800e+00 1.357612e+00
1.020000e+00 1.362669e+00
1.020200e+00 1.367240e+00
1.020400e+00 1.371298e+00
1.020600e+00 1.374818e+00
1.020800e+00 1.377773e+00
1.021000e+00 1.380138e+00
1.021200e+00 1.381888e+00
1.021400e+00 1.382999e+00
1.021600e+00 1.383448e+00
1.021800e+00 1.383212e+00
1.022000e+00 1.382273e+00
1.022200e+00 1.380612e+00
1.022400e+00 1.378214e+00
1.022600e+00 1.375064e+00
1.022800e+00 1.371153e+00
1.023000e+00 1.366473e+00
1.023200e+00 1.361022e+00
1.023400e+00 1.354801e+00
1.023600e+00 1.347813e+00
1.023800e+00 1.340071e+00
1.024000e+00 1.331588e+00
1.024200e+00 1.322384e+00
1.024400e+00 1.312486e+00
1.024600e+00 1.301924e+00
1.024800e+00 1.290736e+00
1.025000e+00 1.278964e+00
1.025200e+00 1.266657e+00
1.025400e+00 1.253869e+00
1.025600e+00 1.240658e+00
1.025800e+00 1.227088e+00
1.026000e+00 1.213229e+00
1.026200e+00 1.199153e+00
1.026400e+00 1.184935e+00
1.026600e+00 1.170654e+00
1.026800e+00 1.156390e+00
1.027000e+00 1.142225e+00
1.027200e+00 1.128240e+00
1.027400e+00 1.114517e+00
1.027600e+00 1.101134e+00
1.027800e+00 1.088170e+00
1.028000e+00 1.075698e+00
1.028200e+00 1.063787e+00
1.028400e+00 1.052504e+00
1.028600e+00 1.041907e+00
1.028800e+00 1.032051e+00
1.029000e+00 1.022983e+00
1.029200e+00 1.014743e+00
1.029400e+00 1.007364e+00
1.029600e+00 1.000874e+00
1.029800e+00 9.952902e-01
1.030000e+00 9.906259e-01
1.030200e+00 9.868860e-01
1.030400e+00 9.840688e-01
1.030600e+00 9.821666e-01
1.030800e+00 9.811660e-01
1.031000e+00 9.810479e-01
1.031200e+00 9.817886e-01
1.031400e+00 9.833601e-01
1.031600e+00 9.857306e-01
1.031800e+00 9.888652e-01
1.032000e+00 9.927264e-01
1.032200e+00 9.972745e-01
1.032400e+00 1.002468e+00
1.032600e+00 1.008266e+00
1.032800e+00 1.014624e+00
1.033000e+00 1.021501e+00
1.033200e+00 1.028852e+00
1.033400e+00 1.036635e+00
1.033600e+00 1.044809e+00
1.033800e+00 1.053333e+00
1.034000e+00 1.062168e+00
1.034200e+00 1.071274e+00
1.034400e+00 1.080616e+00
1.034600e+00 1.090158e+00
1.034800e+00 1.099866e+00
1.035000e+00 1.109708e+00
1.035200e+00 1.119654e+00
1.035400e+00 1.129675e+00
1.035600e+00 1.139743e+00
1.035800e+00 1.149833e+00
1.036000e+00 1.159921e+00
1.036200e+00 1.169983e+00
1.036400e+00 1.179999e+00
1.036600e+00 1.189949e+00
1.036800e+00 1.199815e+00
1.037000e+00 1.209578e+00
1.037200e+00 1.219223e+00
1.037400e+00 1.228735e+00
1.037600e+00 1.238099e+00
1.037800e+00 1.247305e+00
1.038000e+00 1.256338e+00
1.038200e+00 1.265189e+00
1.038400e+00 1.273848e+00
1.038600e+00 1.282305e+00
1.038800e+00 1.290552e+00
1.039000e+00 1.298582e+00
1.039200e+00 1.306389e+00
1.039400e+00 1.313965e+00
1.039600e+00 1.321307e+00
1.039800e+00 1.328409e+00
1.040000e+00 1.335267e+00
1.040200e+00 1.341879e+00
1.040400e+00 1.348241e+00
1.040600e+00 1.354352e+00
1.040800e+00 1.360209e+00
1.041000e+00 1.365813e+00
1.041200e+00 1.371161e+00
1.041400e+00 1.376255e+00
1.041600e+00 1.381094e+00
1.041800e+00 1.385680e+00
1.042000e+00 1.390013e+00
1.042200e+00 1.394095e+00
1.042400e+00 1.397928e+00
1.042600e+00 1.401514e+00
1.042800e+00 1.404855e+00
1.043000e+00 1.407956e+00
1.043200e+00 1.410817e+00
1.043400e+00 1.413444e+00
1.043600e+00 1.415838e+00
1.043800e+00 1.418005e+00
1.044000e+00 1.419947e+00
1.044200e+00 1.421669e+00
1.044400e+00 1.423175e+00
1.044600e+00 1.424469e+00
1.044800e+00 1.425554e+00
1.045000e+00 1.426437e+00
1.045200e+00 1.427120e+00
1.045400e+00 1.427608e+00
1.045600e+00 1.427905e+00
1.045800e+00 1.428017e+00
1.046000e+00 1.427946e+00
1.046200e+00 1.427698e+00
1.046400e+00 1.427277e+00
1.046600e+00 1.426687e+00
1.046800e+00 1.425932e+00
1.047000e+00 1.425016e+00
1.047200e+00 1.423943e+00
1.047400e+00 1.422717e+00
1.047600e+00 1.421342e+00
1.047800e+00 1.419821e+00
1.048000e+00 1.418159e+00
1.048200e+00 1.416357e+00
1.048400e+00 1.414420e+00
1.048600e+00 1.412351e+00
1.048800e+00 1.410152e+00
1.049000e+00 1.407828e+00
1.049200e+00 1.405379e+00
1.049400e+00 1.402810e+00
1.049600e+00 1.400122e+00
1.049800e+00 1.397318e+00
1.050000e+00 1.394399e+00
1.050200e+00 1.391369e+00
1.050400e+00 1.388228e+00
1.050600e+00 1.384979e+00
1.050800e+00 1.381623e+00
1.051000e+00 1.378161e+00
1.051200e+00 1.374596e+00
1.051400e+00 1.370927e+00
1.051600e+00 1.367156e+00
1.051800e+00 1.363285e+00
1.052000e+00 1.359313e+00
1.052200e+00 1.355241e+00
1.052400e+00 1.351070e+00
1.052600e+00 1.346799e+00
1.052800e+00 1.342431e+00
1.053000e+00 1.337963e+00
1.053200e+00 1.333397e+00
1.053400e+00 1.328733e+00
1.053600e+00 1.323969e+00
1.053800e+00 1.319106e+00
1.054000e+00 1.314143e+00
1.054200e+00 1.309079e+00
1.054400e+00 1.303915e+00
1.054600e+00 1.298649e+00
1.054800e+00 1.293280e+00
1.055000e+00 1.287807e+00
1.055200e+00 1.282230e+00
1.055400e+00 1.276547e+00
1.055600e+00 1.270757e+00
1.055800e+00 1.264859e+00
1.056000e+00 1.258852e+00
1.056200e+00 1.252734e+00
1.056400e+00 1.246503e+00
1.056600e+00 1.240160e+00
1.056800e+00 1.233701e+00
1.057000e+00 1.227127e+00
1.057200e+00 1.220434e+00
1.057400e+00 1.213623e+00
1.057600e+00 1.206692e+00
1.057800e+00 1.199640e+00
1.058000e+00 1.192464e+00
1.058200e+00 1.185166e+00
1.058400e+00 1.177742e+00
1.058600e+00 1.170194e+00
1.058800e+00 1.162520e+00
1.059000e+00 1.154719e+00
1.059200e+00 1.146793e+00
1.059400e+00 1.138740e+00
1.059600e+00 1.130561e+00
1.059800e+00 1.122257e+00
1.060000e+00 1.113830e+00
1.060200e+00 1.105281e+00
1.060400e+00 1.096611e+00
1.060600e+00 1.087824e+00
1.060800e+00 1.078923e+00
1.061000e+00 1.069911e+00
1.061200e+00 1.060793e+00
1.061400e+00 1.051573e+00
1.061600e+00 1.042259e+00
1.061800e+00 1.032855e+00
1.062000e+00 1.023370e+00
1.062200e+00 1.013811e+00
1.062400e+00 1.004189e+00
1.062600e+00 9.945119e-01
1.062800e+00 9.847921e-01
1.063000e+00 9.750412e-01
1.063200e+00 9.652720e-01
1.063400e+00 9.554985e-01
1.063600e+00 9.457355e-01
1.063800e+00 9.359989e-01
1.064000e+00 9.263052e-01
1.064200e+00 9.166722e-01
1.064400e+00 9.071183e-01
1.064600e+00 8.976626e-01
1.064800e+00 8.883251e-01
1.065000e+00 8.791261e-01
1.065200e+00 8.700868e-01
1.065400e+00 8.612284e-01
1.065600e+00 8.525726e-01
1.065800e+00 8.441410e-01
1.066000e+00 8.359555e-01
1.066200e+00 8.280374e-01
1.066400e+00 8.204081e-01
1.066600e+00 8.130883e-01
1.066800e+00 8.060980e-01
1.067000e+00 7.994567e-01
1.067200e+00 7.931826e-01
1.067400e+00 7.872930e-01
1.067600e+00 7.818041e-01
1.067800e+00 7.767305e-01
1.068000e+00 7.720856e-01
1.068200e+00 7.678810e-01
1.068400e+00 7.641269e-01
1.068600e+00 7.608317e-01
1.068800e+00 7.580023e-01
1.069000e+00 7.556434e-01
1.069200e+00 7.537584e-01
1.069400e+00 7.523488e-01
1.069600e+00 7.514143e-01
1.069800e+00 7.509531e-01
1.070000e+00 7.509618e-01
1.070200e+00 7.514355e-01
1.070400e+00 7.523677e-01
1.070600e+00 7.537507e-01
1.070800e+00 7.555757e-01
1.071000e+00 7.578326e-01
1.071200e+00 7.605104e-01
1.071400e+00 7.635972e-01
1.071600e+00 7.670804e-01
1.071800e+00 7.709467e-01
1.072000e+00 7.751822e-01
1.072200e+00 7.797726e-01
1.072400e+00 7.847034e-01
1.072600e+00 7.899597e-01
1.072800e+00 7.955265e-01
1.073000e+00 8.013887e-01
1.073200e+00 8.075311e-01
1.073400e+00 8.139388e-01
1.073600e+00 8.205968e-01
1.073800e+00 8.274902e-01
1.074000e+00 8.346045e-01
1.074200e+00 8.419251e-01
1.074400e+00 8.494379e-01
1.074600e+00 8.571289e-01
1.074800e+00 8.649845e-01
1.075000e+00 8.729912e-01
1.075200e+00 8.811358e-01
1.075400e+00 8.894055e-01
1.075600e+00 8.977875e-01
1.075800e+00 9.062697e-01
1.076000e+00 9.148397e-01
1.076200e+00 9.234858e-01
1.076400e+00 9.321963e-01
1.076600e+00 9.409598e-01
1.076800e+00 9.497652e-01
1.077000e+00 9.586014e-01
1.077200e+00 9.674577e-01
1.077400e+00 9.763236e-01
1.077600e+00 9.851887e-01
1.077800e+00 9.940429e-01
1.078000e+00 1.002876e+00
1.078200e+00 1.011679e+00
1.078400e+00 1.020442e+00
1.078600e+00 1.029156e+00
1.078800e+00 1.037812e+00
1.079000e+00 1.046400e+00
1.079200e+00 1.054914e+00
1.079400e+00 1.063343e+00
1.079600e+00 1.071681e+00
1.079800e+00 1.079920e+00
1.080000e+00 1.088053e+00
1.080200e+00 1.096072e+00
1.080400e+00 1.103971e+00
1.080600e+00 1.111745e+00
1.080800e+00 1.119386e+00
1.081000e+00 1.126890e+00
1.081200e+00 1.134252e+00
1.081400e+00 1.141467e+00
1.081600e+00 1.148531e+00
1.081800e+00 1.155440e+00
1.082000e+00 1.162192e+00
1.082200e+00 1.168783e+00
1.082400e+00 1.175210e+00
1.082600e+00 1.181473e+00
1.082800e+00 1.187570e+00
1.083000e+00 1.193499e+00
1.083200e+00 1.199261e+00
1.083400e+00 1.204854e+00
1.083600e+00 1.210279e+00
1.083800e+00 1.215537e+00
1.084000e+00 1.220628e+00
1.084200e+00 1.225555e+00
1.084400e+00 1.230318e+00
1.084600e+00 1.234919e+00
1.084800e+00 1.239361e+00
1.085000e+00 1.243645e+00
1.085200e+00 1.247775e+00
1.085400e+00 1.251753e+00
1.085600e+00 1.255581e+00
1.085800e+00 1.259264e+00
1.086000e+00 1.262803e+00
1.086200e+00 1.266203e+00
1.086400e+00 1.269465e+00
1.086600e+00 1.272593e+00
1.086800e+00 1.275590e+00
1.087000e+00 1.278459e+00
1.087200e+00 1.281203e+00
1.087400e+00 1.283824e+00
1.087600e+00 1.286325e+00
1.087800e+00 1.288708e+00
1.088000e+00 1.290976e+00
1.088200e+00 1.293129e+00
1.088400e+00 1.295170e+00
1.088600e+00 1.297100e+00
1.088800e+00 1.298921e+00
1.089000e+00 1.300632e+00
1.089200e+00 1.302235e+00
1.089400e+00 1.303729e+00
1.089600e+00 1.305114e+00
1.089800e+00 1.306391e+00
1.090000e+00 1.307557e+00
1.090200e+00 1.308613e+00
1.090400e+00 1.309555e+00
1.090600e+00 1.310383e+00
1.090800e+00 1.311094e+00
1.091000e+00 1.311687e+00
1.091200e+00 1.312156e+00
1.091400e+00 1.312501e+00
1.091600e+00 1.312717e+00
1.091800e+00 1.312800e+00
1.092000e+00 1.312747e+00
1.092200e+00 1.312553e+00
1.092400e+00 1.312213e+00
1.092600e+00 1.311723e+00
1.092800e+00 1.311078e+00
1.093000e+00 1.310273e+00
1.093200e+00 1.309301e+00
1.093400e+00 1.308158e+00
1.093600e+00 1.306838e+00
1.093800e+00 1.305335e+00
1.094000e+00 1.303644e+00
1.094200e+00 1.301758e+00
1.094400e+00 1.299672e+00
1.094600e+00 1.297379e+00
1.094800e+00 1.294875e+00
1.095000e+00 1.292153e+00
1.095200e+00 1.289209e+00
1.095400e+00 1.286036e+00
1.095600e+00 1.282630e+00
1.095800e+00 1.278986e+00
1.096000e+00 1.275100e+00
1.096200e+00 1.270967e+00
1.096400e+00 1.266585e+00
1.096600e+00 1.261950e+00
1.096800e+00 1.257059e+00
1.097000e+00 1.251912e+00
1.097200e+00 1.246506e+00
1.097400e+00 1.240841e+00
1.097600e+00 1.234918e+00
1.097800e+00 1.228737e+00
1.098000e+00 1.222301e+00
1.098200e+00 1.215613e+00
1.098400e+00 1.208676e+00
1.098600e+00 1.201496e+00
1.098800e+00 1.194078e+00
1.099000e+00 1.186430e+00
1.099200e+00 1.178560e+00
1.099400e+00 1.170476e+00
1.099600e+00 1.162189e+00
1.099800e+00 1.153710e+00
1.100000e+00 1.145051e+00
1.100200e+00 1.136227e+00
1.100400e+00 1.127251e+00
1.100600e+00 1.118137e+00
1.100800e+00 1.108903e+00
1.101000e+00 1.099565e+00
1.101200e+00 1.090139e+00
1.101400e+00 1.080644e+00
1.101600e+00 1.071097e+00
1.101800e+00 1.061517e+00
1.102000e+00 1.051922e+00
1.102200e+00 1.042331e+00
1.102400e+00 1.032762e+00
1.102600e+00 1.023233e+00
1.102800e+00 1.013761e+00
1.103000e+00 1.004363e+00
1.103200e+00 9.950550e-01
1.103400e+00 9.858529e-01
1.103600e+00 9.767707e-01
1.103800e+00 9.678217e-01
1.104000e+00 9.590179e-01
1.104200e+00 9.503704e-01
1.104400e+00 9.418887e-01
1.104600e+00 9.335811e-01
1.104800e+00 9.254544e-01
1.105000e+00 9.175142e-01
1.105200e+00 9.097645e-01
1.105400e+00 9.022083e-01
1.105600e+00 8.948468e-01
1.105800e+00 8.876803e-01
1.106000e+00 8.807078e-01
1.106200e+00 8.739270e-01
1.106400e+00 8.673346e-01
1.106600e+00 8.609265e-01
1.106800e+00 8.546975e-01
1.107000e+00 8.486417e-01
1.107200e+00 8.427524e-01
1.107400e+00 8.370226e-01
1.107600e+00 8.314445e-01
1.107800e+00 8.260100e-01
1.108000e+00 8.207110e-01
1.108200e+00 8.155387e-01
1.108400e+00 8.104846e-01
1.108600e+00 8.055400e-01
1.108800e+00 8.006963e-01
1.109000e+00 7.959450e-01
1.109200e+00 7.912778e-01
1.109400e+00 7.866866e-01
1.109600e+00 7.821636e-01
1.109800e+00 7.777014e-01
1.110000e+00 7.732927e-01
1.110200e+00 7.689310e-01
1.110400e+00 7.646099e-01
1.110600e+00 7.603233e-01
1.110800e+00 7.560660e-01
1.111000e+00 7.518328e-01
1.111200e+00 7.476191e-01
1.111400e+00 7.434207e-01
1.111600e+00 7.392340e-01
1.111800e+00 7.350556e-01
1.112000e+00 7.308825e-01
1.112200e+00 7.267124e-01
1.112400e+00 7.225431e-01
1.112600e+00 7.183729e-01
1.112800e+00 7.142004e-01
1.113000e+00 7.100245e-01
1.113200e+00 7.058446e-01
1.113400e+00 7.016602e-01
1.113600e+00 6.974713e-01
1.113800e+00 6.932781e-01
1.114000e+00 6.890809e-01
1.114200e+00 6.848804e-01
1.114400e+00 6.806777e-01
1.114600e+00 6.764738e-01
1.114800e+00 6.722700e-01
1.115000e+00 6.680679e-01
1.115200e+00 6.638693e-01
1.115400e+00 6.596760e-01
1.115600e+00 6.554900e-01
1.115800e+00 6.513137e-01
1.116000e+00 6.471492e-01
1.116200e+00 6.429992e-01
1.116400e+00 6.388662e-01
1.116600e+00 6.347530e-01
1.116800e+00 6.306624e-01
1.117000e+00 6.265973e-01
1.117200e+00 6.225608e-01
1.117400e+00 6.185560e-01
1.117600e+00 6.145861e-01
1.117800e+00 6.106545e-01
1.118000e+00 6.067646e-01
1.118200e+00 6.029197e-01
1.118400e+00 5.991235e-01
1.118600e+00 5.953795e-01
1.118800e+00 5.916914e-01
1.119000e+00 5.880629e-01
1.119200e+00 5.844977e-01
1.119400e+00 5.809996e-01
1.119600e+00 5.775726e-01
1.119800e+00 5.742203e-01
1.120000e+00 5.709469e-01
1.120200e+00 5.677561e-01
1.120400e+00 5.646520e-01
1.120600e+00 5.616385e-01
1.120800e+00 5.587195e-01
1.121000e+00 5.558992e-01
1.121200e+00 5.531815e-01
1.121400e+00 5.505703e-01
1.121600e+00 5.480696e-01
1.121800e+00 5.456834e-01
1.122000e+00 5.434156e-01
1.122200e+00 5.412701e-01
1.122400e+00 5.392509e-01
1.122600e+00 5.373616e-01
1.122800e+00 5.356061e-01
1.123000e+00 5.339881e-01
1.123200e+00 5.325114e-01
1.123400e+00 5.311794e-01
1.123600e+00 5.299957e-01
1.123800e+00 5.289638e-01
1.124000e+00 5.280871e-01
1.124200e+00 5.273687e-01
1.124400e+00 5.268120e-01
1.124600e+00 5.264199e-01
1.124800e+00 5.261955e-01
1.125000e+00 5.261415e-01
1.125200e+00 5.262608e-01
1.125400e+00 5.265558e-01
1.125600e+00 5.270291e-01
1.125800e+00 5.276830e-01
1.126000e+00 5.285197e-01
1.126200e+00 5.295411e-01
1.126400e+00 5.307491e-01
1.126600e+00 5.321454e-01
1.126800e+00 5.337316e-01
1.127000e+00 5.355089e-01
1.127200e+00 5.374785e-01
1.127400e+00 5.396414e-01
1.127600e+00 5.419984e-01
1.127800e+00 5.445499e-01
1.128000e+00 5.472964e-01
1.128200e+00 5.502379e-01
1.128400e+00 5.533745e-01
1.128600e+00 5.567057e-01
1.128800e+00 5.602310e-01
1.129000e+00 5.639496e-01
1.129200e+00 5.678603e-01
1.129400e+00 5.719620e-01
1.129600e+00 5.762530e-01
1.129800e+00 5.807314e-01
1.130000e+00 5.853950e-01
1.130200e+00 5.902413e-01
1.130400e+00 5.952677e-01
1.130600e+00 6.004709e-01
1.130800e+00 6.058477e-01
1.131000e+00 6.113941e-01
1.131200e+00 6.171060e-01
1.131400e+00 6.229790e-01
1.131600e+00 6.290081e-01
1.131800e+00 6.351882e-01
1.132000e+00 6.415134e-01
1.132200e+00 6.479777e-01
1.132400e+00 6.545745e-01
1.132600e+00 6.612968e-01
1.132800e+00 6.681371e-01
1.133000e+00 6.750873e-01
1.133200e+00 6.821391e-01
1.133400e+00 6.892833e-01
1.133600e+00 6.965104e-01
1.133800e+00 7.038103e-01
1.134000e+00 7.111723e-01
1.134200e+00 7.185850e-01
1.134400e+00 7.260367e-01
1.134600e+00 7.335147e-01
1.134800e+00 7.410060e-01
1.135000e+00 7.484968e-01
1.135200e+00 7.559727e-01
1.135400e+00 7.634186e-01
1.135600e+00 7.708189e-01
1.135800e+00 7.781572e-01
1.136000e+00 7.854166e-01
1.136200e+00 7.925796e-01
1.136400e+00 7.996281e-01
1.136600e+00 8.065434e-01
1.136800e+00 8.133063e-01
1.137000e+00 8.198973e-01
1.137200e+00 8.262963e-01
1.137400e+00 8.324830e-01
1.137600e+00 8.384368e-01
1.137800e+00 8.441372e-01
1.138000e+00 8.495634e-01
1.138200e+00 8.546949e-01
1.138400e+00 8.595114e-01
1.138600e+00 8.639931e-01
1.138800e+00 8.681209e-01
1.139000e+00 8.718763e-01
1.139200e+00 8.752423e-01
1.139400e+00 8.782028e-01
1.139600e+00 8.807436e-01
1.139800e+00 8.828524e-01
1.140000e+00 8.845191e-01
1.140200e+00 8.857360e-01
1.140400e+00 8.864986e-01
1.140600e+00 8.868054e-01
1.140800e+00 8.866588e-01
1.141000e+00 8.860651e-01
1.141200e+00 8.850349e-01
1.141400e+00 8.835836e-01
1.141600e+00 8.817319e-01
1.141800e+00 8.795056e-01
1.142000e+00 8.769361e-01
1.142200e+00 8.740609e-01
1.142400e+00 8.709233e-01
1.142600e+00 8.675723e-01
1.142800e+00 8.640632e-01
1.143000e+00 8.604566e-01
1.143200e+00 8.568185e-01
1.143400e+00 8.532192e-01
1.143600e+00 8.497332e-01
1.143800e+00 8.464378e-01
1.144000e+00 8.434116e-01
1.144200e+00 8.407338e-01
1.144400e+00 8.384815e-01
1.144600e+00 8.367286e-01
1.144800e+00 8.355430e-01
1.145000e+00 8.349847e-01
1.145200e+00 8.351029e-01
1.145400e+00 8.359338e-01
1.145600e+00 8.374980e-01
1.145800e+00 8.397982e-01
1.146000e+00 8.428172e-01
1.146200e+00 8.465162e-01
1.146400e+00 8.508341e-01
1.146600e+00 8.556869e-01
1.146800e+00 8.609685e-01
1.147000e+00 8.665521e-01
1.147200e+00 8.722929e-01
1.147400e+00 8.780315e-01
1.147600e+00 8.835982e-01
1.147800e+00 8.888183e-01
1.148000e+00 8.935176e-01
1.148200e+00 8.975286e-01
1.148400e+00 9.006961e-01
1.148600e+00 9.028826e-01
1.148800e+00 9.039736e-01
1.149000e+00 9.038809e-01
1.149200e+00 9.025454e-01
1.149400e+00 8.999388e-01
1.149600e+00 8.960632e-01
1.149800e+00 8.909503e-01
1.150000e+00 8.846592e-01
1.150200e+00 8.772728e-01
1.150400e+00 8.688947e-01
1.150600e+00 8.596443e-01
1.150800e+00 8.496531e-01
1.151000e+00 8.390598e-01
1.151200e+00 8.280066e-01
1.151400e+00 8.166354e-01
1.151600e+00 8.050847e-01
1.151800e+00 7.934869e-01
1.152000e+00 7.819660e-01
1.152200e+00 7.706361e-01
1.152400e+00 7.596005e-01
1.152600e+00 7.489509e-01
1.152800e+00 7.387667e-01
1.153000e+00 7.291159e-01
1.153200e+00 7.200548e-01
1.153400e+00 7.116285e-01
1.153600e+00 7.038720e-01
1.153800e+00 6.968104e-01
1.154000e+00 6.904603e-01
1.154200e+00 6.848302e-01
1.154400e+00 6.799217e-01
1.154600e+00 6.757300e-01
1.154800e+00 6.722453e-01
1.155000e+00 6.694529e-01
1.155200e+00 6.673345e-01
1.155400e+00 6.658684e-01
1.155600e+00 6.650306e-01
1.155800e+00 6.647951e-01
1.156000e+00 6.651342e-01
1.156200e+00 6.660194e-01
1.156400e+00 6.674216e-01
1.156600e+00 6.693112e-01
1.156800e+00 6.716590e-01
1.157000e+00 6.744356e-01
1.157200e+00 6.776126e-01
1.157400e+00 6.811618e-01
1.157600e+00 6.850563e-01
1.157800e+00 6.892698e-01
1.158000e+00 6.937771e-01
1.158200e+00 6.985542e-01
1.158400e+00 7.035783e-01
1.158600e+00 7.088277e-01
1.158800e+00 7.142820e-01
1.159000e+00 7.199220e-01
1.159200e+00 7.257298e-01
1.159400e+00 7.316885e-01
1.159600e+00 7.377827e-01
1.159800e+00 7.439980e-01
1.160000e+00 7.503212e-01
1.160200e+00 7.567402e-01
1.160400e+00 7.632439e-01
1.160600e+00 7.698222e-01
1.160800e+00 7.764663e-01
1.161000e+00 7.831678e-01
1.161200e+00 7.899196e-01
1.161400e+00 7.967152e-01
1.161600e+00 8.035490e-01
1.161800e+00 8.104158e-01
1.162000e+00 8.173113e-01
1.162200e+00 8.242316e-01
1.162400e+00 8.311734e-01
1.162600e+00 8.381335e-01
1.162800e+00 8.451091e-01
1.163000e+00 8.520975e-01
1.163200e+00 8.590961e-01
1.163400e+00 8.661022e-01
1.163600e+00 8.731127e-01
1.163800e+00 8.801242e-01
1.164000e+00 8.871327e-01
1.164200e+00 8.941335e-01
1.164400e+00 9.011208e-01
1.164600e+00 9.080880e-01
1.164800e+00 9.150270e-01
1.165000e+00 9.219282e-01
1.165200e+00 9.287808e-01
1.165400e+00 9.355718e-01
1.165600e+00 9.422867e-01
1.165800e+00 9.489094e-01
1.166000e+00 9.554216e-01
1.166200e+00 9.618039e-01
1.166400e+00 9.680351e-01
1.166600e+00 9.740934e-01
1.166800e+00 9.799563e-01
1.167000e+00 9.856016e-01
1.167200e+00 9.910083e-01
1.167400e+00 9.961581e-01
1.167600e+00 1.001036e+00
1.167800e+00 1.005636e+00
1.168000e+00 1.009959e+00
1.168200e+00 1.014026e+00
1.168400e+00 1.017883e+00
1.168600e+00 1.021634e+00
1.168800e+00 1.025506e+00
1.169000e+00 1.030160e+00
1.169200e+00 1.051164e+00
1.169400e+00 1.067438e+00
1.169600e+00 1.074156e+00
1.169800e+00 1.077546e+00
1.170000e+00 1.078865e+00
1.170200e+00 1.078668e+00
1.170400e+00 1.077279e+00
1.170600e+00 1.074916e+00
1.170800e+00 1.071740e+00
1.171000e+00 1.067880e+00
1.171200e+00 1.063443e+00
1.171400e+00 1.058520e+00
1.171600e+00 1.053189e+00
1.171800e+00 1.047520e+00
1.172000e+00 1.041574e+00
1.172200e+00 1.035407e+00
1.172400e+00 1.029068e+00
1.172600e+00 1.022600e+00
1.172800e+00 1.016043e+00
1.173000e+00 1.009432e+00
1.173200e+00 1.002799e+00
1.173400e+00 9.961706e-01
1.173600e+00 9.895726e-01
1.173800e+00 9.830265e-01
1.174000e+00 9.765517e-01
1.174200e+00 9.701651e-01
1.174400e+00 9.638815e-01
1.174600e+00 9.577139e-01
1.174800e+00 9.516733e-01
1.175000e+00 9.457694e-01
1.175200e+00 9.400103e-01
1.175400e+00 9.344028e-01
1.175600e+00 9.289528e-01
1.175800e+00 9.236650e-01
1.176000e+00 9.185433e-01
1.176200e+00 9.135907e-01
1.176400e+00 9.088095e-01
1.176600e+00 9.042014e-01
1.176800e+00 8.997676e-01
1.177000e+00 8.955087e-01
1.177200e+00 8.914250e-01
1.177400e+00 8.875163e-01
1.177600e+00 8.837820e-01
1.177800e+00 8.802214e-01
1.178000e+00 8.768334e-01
1.178200e+00 8.736168e-01
1.178400e+00 8.705700e-01
1.178600e+00 8.676915e-01
1.178800e+00 8.649793e-01
1.179000e+00 8.624317e-01
1.179200e+00 8.600465e-01
1.179400e+00 8.578216e-01
1.179600e+00 8.557548e-01
1.179800e+00 8.538438e-01
1.180000e+00 8.520863e-01
1.180200e+00 8.504797e-01
1.180400e+00 8.490216e-01
1.180600e+00 8.477096e-01
1.180800e+00 8.465411e-01
1.181000e+00 8.455135e-01
1.181200e+00 8.446243e-01
1.181400e+00 8.438707e-01
1.181600e+00 8.432502e-01
1.181800e+00 8.427601e-01
1.182000e+00 8.423978e-01
1.182200e+00 8.421605e-01
1.182400e+00 8.420456e-01
1.182600e+00 8.420504e-01
1.182800e+00 8.421723e-01
1.183000e+00 8.424085e-01
1.183200e+00 8.427563e-01
1.183400e+00 8.432131e-01
1.183600e+00 8.437762e-01
1.183800e+00 8.444429e-01
1.184000e+00 8.452106e-01
1.184200e+00 8.460766e-01
1.184400e+00 8.470384e-01
1.184600e+00 8.480932e-01
1.184800e+00 8.492386e-01
1.185000e+00 8.504718e-01
1.185200e+00 8.517905e-01
1.185400e+00 8.531921e-01
1.185600e+00 8.546740e-01
1.185800e+00 8.562338e-01
1.186000e+00 8.578691e-01
1.186200e+00 8.595774e-01
1.186400e+00 8.613565e-01
1.186600e+00 8.632040e-01
1.186800e+00 8.651176e-01
1.187000e+00 8.670950e-01
1.187200e+00 8.691341e-01
1.187400e+00 8.712327e-01
1.187600e+00 8.733887e-01
1.187800e+00 8.756001e-01
1.188000e+00 8.778648e-01
1.188200e+00 8.801809e-01
1.188400e+00 8.825466e-01
1.188600e+00 8.849600e-01
1.188800e+00 8.874192e-01
1.189000e+00 8.899227e-01
1.189200e+00 8.924688e-01
1.189400e+00 8.950559e-01
1.189600e+00 8.976824e-01
1.189800e+00 9.003470e-01
1.190000e+00 9.030482e-01
1.190200e+00 9.057848e-01
1.190400e+00 9.085555e-01
1.190600e+00 9.113592e-01
1.190800e+00 9.141947e-01
1.191000e+00 9.170611e-01
1.191200e+00 9.199575e-01
1.191400e+00 9.228829e-01
1.191600e+00 9.258366e-01
1.191800e+00 9.288179e-01
1.192000e+00 9.318262e-01
1.192200e+00 9.348610e-01
1.192400e+00 9.379218e-01
1.192600e+00 9.410083e-01
1.192800e+00 9.441201e-01
1.193000e+00 9.472571e-01
1.193200e+00 9.504191e-01
1.193400e+00 9.536062e-01
1.193600e+00 9.568184e-01
1.193800e+00 9.600558e-01
1.194000e+00 9.633187e-01
1.194200e+00 9.666073e-01
1.194400e+00 9.699222e-01
1.194600e+00 9.732638e-01
1.194800e+00 9.766326e-01
1.195000e+00 9.800294e-01
1.195200e+00 9.834548e-01
1.195400e+00 9.869098e-01
1.195600e+00 9.903952e-01
1.195800e+00 9.939121e-01
1.196000e+00 9.974614e-01
1.196200e+00 1.001044e+00
1.196400e+00 1.004662e+00
1.196600e+00 1.008316e+00
1.196800e+00 1.012008e+00
1.197000e+00 1.015739e+00
1.197200e+00 1.019510e+00
1.197400e+00 1.023323e+00
1.197600e+00 1.027180e+00
1.197800e+00 1.031083e+00
1.198000e+00 1.035032e+00
1.198200e+00 1.039030e+00
1.198400e+00 1.043078e+00
1.198600e+00 1.047179e+00
1.198800e+00 1.051333e+00
1.199000e+00 1.055543e+00
1.199200e+00 1.059810e+00
1.199400e+00 1.064135e+00
1.199600e+00 1.068521e+00
1.199800e+00 1.072969e+00
1.200000e+00 1.077479e+00
1.200200e+00 1.082053e+00
1.200400e+00 1.086692e+00
1.200600e+00 1.091397e+00
1.200800e+00 1.096168e+00
1.201000e+00 1.101004e+00
1.201200e+00 1.105907e+00
1.201400e+00 1.110874e+00
1.201600e+00 1.115906e+00
1.201800e+00 1.121000e+00
1.202000e+00 1.126154e+00
1.202200e+00 1.131365e+00
1.202400e+00 1.136631e+00
1.202600e+00 1.141946e+00
1.202800e+00 1.147305e+00
1.203000e+00 1.152703e+00
1.203200e+00 1.158132e+00
1.203400e+00 1.163584e+00
1.203600e+00 1.169050e+00
1.203800e+00 1.174519e+00
1.204000e+00 1.179980e+00
1.204200e+00 1.185420e+00
1.204400e+00 1.190823e+00
1.204600e+00 1.196175e+00
1.204800e+00 1.201459e+00
1.205000e+00 1.206656e+00
1.205200e+00 1.211746e+00
1.205400e+00 1.216709e+00
1.205600e+00 1.221522e+00
1.205800e+00 1.226164e+00
1.206000e+00 1.230612e+00
1.206200e+00 1.234841e+00
1.206400e+00 1.238830e+00
1.206600e+00 1.242555e+00
1.206800e+00 1.245994e+00
1.207000e+00 1.249128e+00
1.207200e+00 1.251939e+00
1.207400e+00 1.254412e+00
1.207600e+00 1.256534e+00
1.207800e+00 1.258298e+00
1.208000e+00 1.259701e+00
1.208200e+00 1.260743e+00
1.208400e+00 1.261433e+00
1.208600e+00 1.261782e+00
1.208800e+00 1.261809e+00
1.209000e+00 1.261538e+00
1.209200e+00 1.261000e+00
1.209400e+00 1.260227e+00
1.209600e+00 1.259260e+00
1.209800e+00 1.258140e+00
1.210000e+00 1.256911e+00
1.210200e+00 1.255620e+00
1.210400e+00 1.254310e+00
1.210600e+00 1.253025e+00
1.210800e+00 1.251806e+00
1.211000e+00 1.250687e+00
1.211200e+00 1.249700e+00
1.211400e+00 1.248867e+00
1.211600e+00 1.248207e+00
1.211800e+00 1.247729e+00
1.212000e+00 1.247435e+00
1.212200e+00 1.247321e+00
1.212400e+00 1.247377e+00
1.212600e+00 1.247585e+00
1.212800e+00 1.247924e+00
1.213000e+00 1.248370e+00
1.213200e+00 1.248893e+00
1.213400e+00 1.249465e+00
1.213600e+00 1.250055e+00
1.213800e+00 1.250633e+00
1.214000e+00 1.251172e+00
1.214200e+00 1.251645e+00
1.214400e+00 1.252027e+00
1.214600e+00 1.252299e+00
1.214800e+00 1.252441e+00
1.215000e+00 1.252439e+00
1.215200e+00 1.252283e+00
1.215400e+00 1.251964e+00
1.215600e+00 1.251478e+00
1.215800e+00 1.250822e+00
1.216000e+00 1.249998e+00
1.216200e+00 1.249009e+00
1.216400e+00 1.247860e+00
1.216600e+00 1.246557e+00
1.216800e+00 1.245109e+00
1.217000e+00 1.243525e+00
1.217200e+00 1.241816e+00
1.217400e+00 1.239993e+00
1.217600e+00 1.238066e+00
1.217800e+00 1.236048e+00
1.218000e+00 1.233949e+00
1.218200e+00 1.231782e+00
1.218400e+00 1.229557e+00
1.218600e+00 1.227286e+00
1.218800e+00 1.224979e+00
1.219000e+00 1.222646e+00
1.219200e+00 1.220296e+00
1.219400e+00 1.217939e+00
1.219600e+00 1.215584e+00
1.219800e+00 1.213237e+00
1.220000e+00 1.210908e+00
1.220200e+00 1.208602e+00
1.220400e+00 1.206326e+00
1.220600e+00 1.204086e+00
1.220800e+00 1.201887e+00
1.221000e+00 1.199735e+00
1.221200e+00 1.197633e+00
1.221400e+00 1.195585e+00
1.221600e+00 1.193596e+00
1.221800e+00 1.191668e+00
1.222000e+00 1.189804e+00
1.222200e+00 1.188008e+00
1.222400e+00 1.186280e+00
1.222600e+00 1.184623e+00
1.222800e+00 1.183039e+00
1.223000e+00 1.181528e+00
1.223200e+00 1.180093e+00
1.223400e+00 1.178734e+00
1.223600e+00 1.177452e+00
1.223800e+00 1.176248e+00
1.224000e+00 1.175121e+00
1.224200e+00 1.174072e+00
1.224400e+00 1.173102e+00
1.224600e+00 1.172210e+00
1.224800e+00 1.171396e+00
1.225000e+00 1.170659e+00
1.225200e+00 1.170000e+00
1.225400e+00 1.169418e+00
1.225600e+00 1.168913e+00
1.225800e+00 1.168482e+00
1.226000e+00 1.168127e+00
1.226200e+00 1.167846e+00
1.226400e+00 1.167638e+00
1.226600e+00 1.167502e+00
1.226800e+00 1.167437e+00
1.227000e+00 1.167442e+00
1.227200e+00 1.167515e+00
1.227400e+00 1.167656e+00
1.227600e+00 1.167863e+00
1.227800e+00 1.168134e+00
1.228000e+00 1.168468e+00
1.228200e+00 1.168863e+00
1.228400e+00 1.169319e+00
1.228600e+00 1.169832e+00
1.228800e+00 1.170401e+00
1.229000e+00 1.171024e+00
1.229200e+00 1.171699e+00
1.229400e+00 1.172424e+00
1.229600e+00 1.173197e+00
1.229800e+00 1.174015e+00
1.230000e+00 1.174876e+00
1.230200e+00 1.175777e+00
1.230400e+00 1.176716e+00
1.230600e+00 1.177689e+00
1.230800e+00 1.178695e+00
1.231000e+00 1.179729e+00
1.231200e+00 1.180788e+00
1.231400e+00 1.181869e+00
1.231600e+00 1.182969e+00
1.231800e+00 1.184083e+00
1.232000e+00 1.185207e+00
1.232200e+00 1.186339e+00
1.232400e+00 1.187472e+00
1.232600e+00 1.188603e+00
1.232800e+00 1.189726e+00
1.233000e+00 1.190837e+00
1.233200e+00 1.191931e+00
1.233400e+00 1.193002e+00
1.233600e+00 1.194043e+00
1.233800e+00 1.195050e+00
1.234000e+00 1.196016e+00
1.234200e+00 1.196933e+00
1.234400e+00 1.197796e+00
1.234600e+00 1.198597e+00
1.234800e+00 1.199328e+00
1.235000e+00 1.199982e+00
1.235200e+00 1.200551e+00
1.235400e+00 1.201025e+00
1.235600e+00 1.201396e+00
1.235800e+00 1.201656e+00
1.236000e+00 1.201794e+00
1.236200e+00 1.201800e+00
1.236400e+00 1.201665e+00
1.236600e+00 1.201379e+00
1.236800e+00 1.200929e+00
1.237000e+00 1.200306e+00
1.237200e+00 1.199498e+00
1.237400e+00 1.198494e+00
1.237600e+00 1.197281e+00
1.237800e+00 1.195849e+00
1.238000e+00 1.194185e+00
1.238200e+00 1.192276e+00
1.238400e+00 1.190111e+00
1.238600e+00 1.187678e+00
1.238800e+00 1.184964e+00
1.239000e+00 1.181958e+00
1.239200e+00 1.178649e+00
1.239400e+00 1.175024e+00
1.239600e+00 1.171073e+00
1.239800e+00 1.166786e+00
1.240000e+00 1.162154e+00
1.240200e+00 1.157167e+00
1.240400e+00 1.151817e+00
1.240600e+00 1.146099e+00
1.240800e+00 1.140006e+00
1.241000e+00 1.133533e+00
1.241200e+00 1.126680e+00
1.241400e+00 1.119444e+00
1.241600e+00 1.111827e+00
1.241800e+00 1.103831e+00
1.242000e+00 1.095462e+00
1.242200e+00 1.086727e+00
1.242400e+00 1.077636e+00
1.242600e+00 1.068203e+00
1.242800e+00 1.058442e+00
1.243000e+00 1.048371e+00
1.243200e+00 1.038013e+00
1.243400e+00 1.027391e+00
1.243600e+00 1.016532e+00
1.243800e+00 1.005468e+00
1.244000e+00 9.942318e-01
1.244200e+00 9.828593e-01
1.244400e+00 9.713899e-01
1.244600e+00 9.598656e-01
1.244800e+00 9.483305e-01
1.245000e+00 9.368312e-01
1.245200e+00 9.254159e-01
1.245400e+00 9.141347e-01
1.245600e+00 9.030384e-01
1.245800e+00 8.921788e-01
1.246000e+00 8.816080e-01
1.246200e+00 8.713778e-01
1.246400e+00 8.615391e-01
1.246600e+00 8.521419e-01
1.246800e+00 8.432340e-01
1.247000e+00 8.348614e-01
1.247200e+00 8.270668e-01
1.247400e+00 8.198900e-01
1.247600e+00 8.133668e-01
1.247800e+00 8.075291e-01
1.248000e+00 8.024041e-01
1.248200e+00 7.980144e-01
1.248400e+00 7.943774e-01
1.248600e+00 7.915054e-01
1.248800e+00 7.894054e-01
1.249000e+00 7.880790e-01
1.249200e+00 7.875227e-01
1.249400e+00 7.877277e-01
1.249600e+00 7.886803e-01
1.249800e+00 7.903620e-01
1.250000e+00 7.927501e-01
1.250200e+00 7.958177e-01
1.250400e+00 7.995340e-01
1.250600e+00 8.038654e-01
1.250800e+00 8.087751e-01
1.251000e+00 8.142242e-01
1.251200e+00 8.201719e-01
1.251400e+00 8.265757e-01
1.251600e+00 8.333927e-01
1.251800e+00 8.405789e-01
1.252000e+00 8.480905e-01
1.252200e+00 8.558841e-01
1.252400e+00 8.639166e-01
1.252600e+00 8.721462e-01
1.252800e+00 8.805322e-01
1.253000e+00 8.890355e-01
1.253200e+00 8.976184e-01
1.253400e+00 9.062456e-01
1.253600e+00 9.148835e-01
1.253800e+00 9.235006e-01
1.254000e+00 9.320677e-01
1.254200e+00 9.405579e-01
1.254400e+00 9.489465e-01
1.254600e+00 9.572109e-01
1.254800e+00 9.653308e-01
1.255000e+00 9.732882e-01
1.255200e+00 9.810669e-01
1.255400e+00 9.886529e-01
1.255600e+00 9.960340e-01
1.255800e+00 1.003200e+00
1.256000e+00 1.010142e+00
1.256200e+00 1.016852e+00
1.256400e+00 1.023326e+00
1.256600e+00 1.029559e+00
1.256800e+00 1.035548e+00
1.257000e+00 1.041291e+00
1.257200e+00 1.046787e+00
1.257400e+00 1.052036e+00
1.257600e+00 1.057039e+00
1.257800e+00 1.061797e+00
1.258000e+00 1.066313e+00
1.258200e+00 1.070590e+00
1.258400e+00 1.074629e+00
1.258600e+00 1.078436e+00
1.258800e+00 1.082013e+00
1.259000e+00 1.085366e+00
1.259200e+00 1.088498e+00
1.259400e+00 1.091414e+00
1.259600e+00 1.094119e+00
1.259800e+00 1.096617e+00
1.260000e+00 1.098912e+00
1.260200e+00 1.101011e+00
1.260400e+00 1.102917e+00
1.260600e+00 1.104635e+00
1.260800e+00 1.106169e+00
1.261000e+00 1.107524e+00
1.261200e+00 1.108705e+00
1.261400e+00 1.109715e+00
1.261600e+00 1.110559e+00
1.261800e+00 1.111240e+00
1.262000e+00 1.111762e+00
1.262200e+00 1.112128e+00
1.262400e+00 1.112343e+00
1.262600e+00 1.112409e+00
1.262800e+00 1.112329e+00
1.263000e+00 1.112106e+00
1.263200e+00 1.111743e+00
1.263400e+00 1.111242e+00
1.263600e+00 1.110605e+00
1.263800e+00 1.109835e+00
1.264000e+00 1.108934e+00
1.264200e+00 1.107903e+00
1.264400e+00 1.106744e+00
1.264600e+00 1.105458e+00
1.264800e+00 1.104048e+00
1.265000e+00 1.102513e+00
1.265200e+00 1.100855e+00
1.265400e+00 1.099075e+00
1.265600e+00 1.097174e+00
1.265800e+00 1.095152e+00
1.266000e+00 1.093011e+00
1.266200e+00 1.090749e+00
1.266400e+00 1.088369e+00
1.266600e+00 1.085871e+00
1.266800e+00 1.083254e+00
1.267000e+00 1.080519e+00
1.267200e+00 1.077666e+00
1.267400e+00 1.074696e+00
1.267600e+00 1.071609e+00
1.267800e+00 1.068405e+00
1.268000e+00 1.065085e+00
1.268200e+00 1.061649e+00
1.268400e+00 1.058098e+00
1.268600e+00 1.054432e+00
1.268800e+00 1.050652e+00
1.269000e+00 1.046760e+00
1.269200e+00 1.042756e+00
1.269400e+00 1.038641e+00
1.269600e+00 1.034418e+00
1.269800e+00 1.030089e+00
1.270000e+00 1.025655e+00
1.270200e+00 1.021119e+00
1.270400e+00 1.016484e+00
1.270600e+00 1.011752e+00
1.270800e+00 1.006929e+00
1.271000e+00 1.002017e+00
1.271200e+00 9.970219e-01
1.271400e+00 9.919475e-01
1.271600e+00 9.867996e-01
1.271800e+00 9.815841e-01
1.272000e+00 9.763074e-01
1.272200e+00 9.709764e-01
1.272400e+00 9.655985e-01
1.272600e+00 9.601818e-01
1.272800e+00 9.547346e-01
1.273000e+00 9.492662e-01
1.273200e+00 9.437859e-01
1.273400e+00 9.383038e-01
1.273600e+00 9.328305e-01
1.273800e+00 9.273769e-01
1.274000e+00 9.219545e-01
1.274200e+00 9.165750e-01
1.274400e+00 9.112506e-01
1.274600e+00 9.059938e-01
1.274800e+00 9.008174e-01
1.275000e+00 8.957342e-01
1.275200e+00 8.907574e-01
1.275400e+00 8.859001e-01
1.275600e+00 8.811756e-01
1.275800e+00 8.765970e-01
1.276000e+00 8.721772e-01
1.276200e+00 8.679292e-01
1.276400e+00 8.638655e-01
1.276600e+00 8.599983e-01
1.276800e+00 8.563394e-01
1.277000e+00 8.529001e-01
1.277200e+00 8.496911e-01
1.277400e+00 8.467225e-01
1.277600e+00 8.440037e-01
1.277800e+00 8.415434e-01
1.278000e+00 8.393494e-01
1.278200e+00 8.374287e-01
1.278400e+00 8.357874e-01
1.278600e+00 8.344306e-01
1.278800e+00 8.333625e-01
1.279000e+00 8.325864e-01
1.279200e+00 8.321043e-01
1.279400e+00 8.319176e-01
1.279600e+00 8.320265e-01
1.279800e+00 8.324301e-01
1.280000e+00 8.331267e-01
1.280200e+00 8.341136e-01
1.280400e+00 8.353872e-01
1.280600e+00 8.369432e-01
1.280800e+00 8.387760e-01
1.281000e+00 8.408798e-01
1.281200e+00 8.432476e-01
1.281400e+00 8.458721e-01
1.281600e+00 8.487451e-01
1.281800e+00 8.518581e-01
1.282000e+00 8.552018e-01
1.282200e+00 8.587669e-01
1.282400e+00 8.625434e-01
1.282600e+00 8.665212e-01
1.282800e+00 8.706900e-01
1.283000e+00 8.750392e-01
1.283200e+00 8.795582e-01
1.283400e+00 8.842363e-01
1.283600e+00 8.890630e-01
1.283800e+00 8.940275e-01
1.284000e+00 8.991196e-01
1.284200e+00 9.043288e-01
1.284400e+00 9.096451e-01
1.284600e+00 9.150587e-01
1.284800e+00 9.205599e-01
1.285000e+00 9.261395e-01
1.285200e+00 9.317885e-01
1.285400e+00 9.374984e-01
1.285600e+00 9.432609e-01
1.285800e+00 9.490681e-01
1.286000e+00 9.549127e-01
1.286200e+00 9.607874e-01
1.286400e+00 9.666858e-01
1.286600e+00 9.726014e-01
1.286800e+00 9.785285e-01
1.287000e+00 9.844616e-01
1.287200e+00 9.903956e-01
1.287400e+00 9.963259e-01
1.287600e+00 1.002248e+00
1.287800e+00 1.008158e+00
1.288000e+00 1.014053e+00
1.288200e+00 1.019929e+00
1.288400e+00 1.025784e+00
1.288600e+00 1.031614e+00
1.288800e+00 1.037417e+00
1.289000e+00 1.043192e+00
1.289200e+00 1.048937e+00
1.289400e+00 1.054650e+00
1.289600e+00 1.060329e+00
1.289800e+00 1.065975e+00
1.290000e+00 1.071586e+00
1.290200e+00 1.077161e+00
1.290400e+00 1.082699e+00
1.290600e+00 1.088202e+00
1.290800e+00 1.093667e+00
1.291000e+00 1.099096e+00
1.291200e+00 1.104487e+00
1.291400e+00 1.109842e+00
1.291600e+00 1.115161e+00
1.291800e+00 1.120443e+00
1.292000e+00 1.125689e+00
1.292200e+00 1.130899e+00
1.292400e+00 1.136073e+00
1.292600e+00 1.141212e+00
1.292800e+00 1.146317e+00
1.293000e+00 1.151387e+00
1.293200e+00 1.156422e+00
1.293400e+00 1.161424e+00
1.293600e+00 1.166392e+00
1.293800e+00 1.171326e+00
1.294000e+00 1.176226e+00
1.294200e+00 1.181093e+00
1.294400e+00 1.185926e+00
1.294600e+00 1.190725e+00
1.294800e+00 1.195489e+00
1.295000e+00 1.200219e+00
1.295200e+00 1.204913e+00
1.295400e+00 1.209571e+00
1.295600e+00 1.214193e+00
1.295800e+00 1.218776e+00
1.296000e+00 1.223320e+00
1.296200e+00 1.227824e+00
1.296400e+00 1.232286e+00
1.296600e+00 1.236703e+00
1.296800e+00 1.241076e+00
1.297000e+00 1.245400e+00
1.297200e+00 1.249674e+00
1.297400e+00 1.253896e+00
1.297600e+00 1.258062e+00
1.297800e+00 1.262169e+00
1.298000e+00 1.266215e+00
1.298200e+00 1.270195e+00
1.298400e+00 1.274106e+00
1.298600e+00 1.277945e+00
1.298800e+00 1.281706e+00
1.299000e+00 1.285385e+00
1.299200e+00 1.288978e+00
1.299400e+00 1.292480e+00
1.299600e+00 1.295885e+00
1.299800e+00 1.299187e+00
1.300000e+00 1.302382e+00
1.300200e+00 1.305462e+00
1.300400e+00 1.308423e+00
1.300600e+00 1.311257e+00
1.300800e+00 1.313958e+00
1.301000e+00 1.316519e+00
1.301200e+00 1.318933e+00
1.301400e+00 1.321192e+00
1.301600e+00 1.323291e+00
1.301800e+00 1.325222e+00
1.302000e+00 1.326976e+00
1.302200e+00 1.328548e+00
1.302400e+00 1.329929e+00
1.302600e+00 1.331113e+00
1.302800e+00 1.332092e+00
1.303000e+00 1.332860e+00
1.303200e+00 1.333410e+00
1.303400e+00 1.333735e+00
1.303600e+00 1.333831e+00
1.303800e+00 1.333691e+00
1.304000e+00 1.333311e+00
1.304200e+00 1.332687e+00
1.304400e+00 1.331815e+00
1.304600e+00 1.330693e+00
1.304800e+00 1.329318e+00
1.305000e+00 1.327691e+00
1.305200e+00 1.325811e+00
1.305400e+00 1.323681e+00
1.305600e+00 1.321303e+00
1.305800e+00 1.318682e+00
1.306000e+00 1.315822e+00
1.306200e+00 1.312732e+00
1.306400e+00 1.309420e+00
1.306600e+00 1.305897e+00
1.306800e+00 1.302174e+00
1.307000e+00 1.298266e+00
1.307200e+00 1.294187e+00
1.307400e+00 1.289955e+00
1.307600e+00 1.285588e+00
1.307800e+00 1.281107e+00
1.308000e+00 1.276533e+00
1.308200e+00 1.271889e+00
1.308400e+00 1.267200e+00
1.308600e+00 1.262491e+00
1.308800e+00 1.257788e+00
1.309000e+00 1.253118e+00
1.309200e+00 1.248507e+00
1.309400e+00 1.243984e+00
1.309600e+00 1.239576e+00
1.309800e+00 1.235309e+00
1.310000e+00 1.231211e+00
1.310200e+00 1.227305e+00
1.310400e+00 1.223617e+00
1.310600e+00 1.220169e+00
1.310800e+00 1.216982e+00
1.311000e+00 1.214075e+00
1.311200e+00 1.211464e+00
1.311400e+00 1.209162e+00
1.311600e+00 1.207183e+00
1.311800e+00 1.205533e+00
1.312000e+00 1.204220e+00
1.312200e+00 1.203246e+00
1.312400e+00 1.202610e+00
1.312600e+00 1.202311e+00
1.312800e+00 1.202341e+00
1.313000e+00 1.202693e+00
1.313200e+00 1.203355e+00
1.313400e+00 1.204313e+00
1.313600e+00 1.205552e+00
1.313800e+00 1.207055e+00
1.314000e+00 1.208800e+00
1.314200e+00 1.210768e+00
1.314400e+00 1.212936e+00
1.314600e+00 1.215281e+00
1.314800e+00 1.217779e+00
1.315000e+00 1.220407e+00
1.315200e+00 1.223139e+00
1.315400e+00 1.225953e+00
1.315600e+00 1.228824e+00
1.315800e+00 1.231730e+00
1.316000e+00 1.234648e+00
1.316200e+00 1.237559e+00
1.316400e+00 1.240441e+00
1.316600e+00 1.243278e+00
1.316800e+00 1.246052e+00
1.317000e+00 1.248747e+00
1.317200e+00 1.251350e+00
1.317400e+00 1.253849e+00
1.317600e+00 1.256233e+00
1.317800e+00 1.258494e+00
1.318000e+00 1.260624e+00
1.318200e+00 1.262618e+00
1.318400e+00 1.264471e+00
1.318600e+00 1.266181e+00
1.318800e+00 1.267746e+00
1.319000e+00 1.269166e+00
1.319200e+00 1.270442e+00
1.319400e+00 1.271575e+00
1.319600e+00 1.272569e+00
1.319800e+00 1.273426e+00
1.320000e+00 1.274151e+00
1.320200e+00 1.274747e+00
1.320400e+00 1.275219e+00
1.320600e+00 1.275573e+00
1.320800e+00 1.275812e+00
1.321000e+00 1.275942e+00
1.321200e+00 1.275967e+00
1.321400e+00 1.275891e+00
1.321600e+00 1.275719e+00
1.321800e+00 1.275453e+00
1.322000e+00 1.275096e+00
1.322200e+00 1.274651e+00
1.322400e+00 1.274120e+00
1.322600e+00 1.273503e+00
1.322800e+00 1.272801e+00
1.323000e+00 1.272014e+00
1.323200e+00 1.271140e+00
1.323400e+00 1.270178e+00
1.323600e+00 1.269127e+00
1.323800e+00 1.267983e+00
1.324000e+00 1.266744e+00
1.324200e+00 1.265406e+00
1.324400e+00 1.263966e+00
1.324600e+00 1.262419e+00
1.324800e+00 1.260761e+00
1.325000e+00 1.258988e+00
1.325200e+00 1.257096e+00
1.325400e+00 1.255080e+00
1.325600e+00 1.252936e+00
1.325800e+00 1.250662e+00
1.326000e+00 1.248252e+00
1.326200e+00 1.245704e+00
1.326400e+00 1.243015e+00
1.326600e+00 1.240183e+00
1.326800e+00 1.237205e+00
1.327000e+00 1.234081e+00
1.327200e+00 1.230810e+00
1.327400e+00 1.227391e+00
1.327600e+00 1.223825e+00
1.327800e+00 1.220114e+00
1.328000e+00 1.216258e+00
1.328200e+00 1.212261e+00
1.328400e+00 1.208125e+00
1.328600e+00 1.203854e+00
1.328800e+00 1.199453e+00
1.329000e+00 1.194927e+00
1.329200e+00 1.190281e+00
1.329400e+00 1.185522e+00
1.329600e+00 1.180657e+00
1.329800e+00 1.175693e+00
1.330000e+00 1.170639e+00
1.330200e+00 1.165503e+00
1.330400e+00 1.160296e+00
1.330600e+00 1.155027e+00
1.330800e+00 1.149707e+00
1.331000e+00 1.144348e+00
1.331200e+00 1.138962e+00
1.331400e+00 1.133562e+00
1.331600e+00 1.128161e+00
1.331800e+00 1.122773e+00
1.332000e+00 1.117414e+00
1.332200e+00 1.112099e+00
1.332400e+00 1.106845e+00
1.332600e+00 1.101670e+00
1.332800e+00 1.096591e+00
1.333000e+00 1.091629e+00
1.333200e+00 1.086803e+00
1.333400e+00 1.082134e+00
1.333600e+00 1.077646e+00
1.333800e+00 1.073360e+00
1.334000e+00 1.069302e+00
1.334200e+00 1.065496e+00
1.334400e+00 1.061970e+00
1.334600e+00 1.058750e+00
1.334800e+00 1.055864e+00
1.335000e+00 1.053342e+00
1.335200e+00 1.051214e+00
1.335400e+00 1.049510e+00
1.335600e+00 1.048261e+00
1.335800e+00 1.047497e+00
1.336000e+00 1.047248e+00
1.336200e+00 1.047546e+00
1.336400e+00 1.048418e+00
1.336600e+00 1.049891e+00
1.336800e+00 1.051991e+00
1.337000e+00 1.054739e+00
1.337200e+00 1.058153e+00
1.337400e+00 1.062247e+00
1.337600e+00 1.067028e+00
1.337800e+00 1.072498e+00
1.338000e+00 1.078651e+00
1.338200e+00 1.085470e+00
1.338400e+00 1.092933e+00
1.338600e+00 1.101003e+00
1.338800e+00 1.109634e+00
1.339000e+00 1.118769e+00
1.339200e+00 1.128336e+00
1.339400e+00 1.138253e+00
1.339600e+00 1.148424e+00
1.339800e+00 1.158745e+00
1.340000e+00 1.169098e+00
1.340200e+00 1.179359e+00
1.340400e+00 1.189395e+00
1.340600e+00 1.199071e+00
1.340800e+00 1.208250e+00
1.341000e+00 1.216793e+00
1.341200e+00 1.224571e+00
1.341400e+00 1.231456e+00
1.341600e+00 1.237335e+00
1.341800e+00 1.242106e+00
1.342000e+00 1.245681e+00
1.342200e+00 1.247990e+00
1.342400e+00 1.248981e+00
1.342600e+00 1.248619e+00
1.342800e+00 1.246890e+00
1.343000e+00 1.243796e+00
1.343200e+00 1.239356e+00
1.343400e+00 1.233605e+00
1.343600e+00 1.226592e+00
1.343800e+00 1.218377e+00
1.344000e+00 1.209032e+00
1.344200e+00 1.198632e+00
1.344400e+00 1.187261e+00
1.344600e+00 1.175006e+00
1.344800e+00 1.161954e+00
1.345000e+00 1.148195e+00
1.345200e+00 1.133815e+00
1.345400e+00 1.118899e+00
1.345600e+00 1.103529e+00
1.345800e+00 1.087782e+00
1.346000e+00 1.071733e+00
1.346200e+00 1.055450e+00
1.346400e+00 1.038997e+00
1.346600e+00 1.022433e+00
1.346800e+00 1.005814e+00
1.347000e+00 9.891891e-01
1.347200e+00 9.726033e-01
1.347400e+00 9.560980e-01
1.347600e+00 9.397103e-01
1.347800e+00 9.234737e-01
1.348000e+00 9.074181e-01
1.348200e+00 8.915703e-01
1.348400e+00 8.759539e-01
1.348600e+00 8.605902e-01
1.348800e+00 8.454977e-01
1.349000e+00 8.306929e-01
1.349200e+00 8.161902e-01
1.349400e+00 8.020021e-01
1.349600e+00 7.881394e-01
1.349800e+00 7.746114e-01
1.350000e+00 7.614261e-01
1.350200e+00 7.485902e-01
1.350400e+00 7.361092e-01
1.350600e+00 7.239875e-01
1.350800e+00 7.122287e-01
1.351000e+00 7.008355e-01
1.351200e+00 6.898095e-01
1.351400e+00 6.791520e-01
1.351600e+00 6.688633e-01
1.351800e+00 6.589431e-01
1.352000e+00 6.493906e-01
1.352200e+00 6.402044e-01
1.352400e+00 6.313826e-01
1.352600e+00 6.229227e-01
1.352800e+00 6.148218e-01
1.353000e+00 6.070768e-01
1.353200e+00 5.996838e-01
1.353400e+00 5.926388e-01
1.353600e+00 5.859374e-01
1.353800e+00 5.795748e-01
1.354000e+00 5.735459e-01
1.354200e+00 5.678453e-01
1.354400e+00 5.624675e-01
1.354600e+00 5.574065e-01
1.354800e+00 5.526562e-01
1.355000e+00 5.482102e-01
1.355200e+00 5.440620e-01
1.355400e+00 5.402048e-01
1.355600e+00 5.366318e-01
1.355800e+00 5.333359e-01
1.356000e+00 5.303098e-01
1.356200e+00 5.275463e-01
1.356400e+00 5.250380e-01
1.356600e+00 5.227774e-01
1.356800e+00 5.207568e-01
1.357000e+00 5.189687e-01
1.357200e+00 5.174054e-01
1.357400e+00 5.160591e-01
1.357600e+00 5.149222e-01
1.357800e+00 5.139869e-01
1.358000e+00 5.132455e-01
1.358200e+00 5.126903e-01
1.358400e+00 5.123136e-01
1.358600e+00 5.121079e-01
1.358800e+00 5.120655e-01
1.359000e+00 5.121789e-01
1.359200e+00 5.124408e-01
1.359400e+00 5.128437e-01
1.359600e+00 5.133805e-01
1.359800e+00 5.140439e-01
1.360000e+00 5.148270e-01
1.360200e+00 5.157228e-01
1.360400e+00 5.167245e-01
1.360600e+00 5.178254e-01
1.360800e+00 5.190190e-01
1.361000e+00 5.202989e-01
1.361200e+00 5.216588e-01
1.361400e+00 5.230927e-01
1.361600e+00 5.245946e-01
1.361800e+00 5.261586e-01
1.362000e+00 5.277793e-01
1.362200e+00 5.294510e-01
1.362400e+00 5.311685e-01
1.362600e+00 5.329266e-01
1.362800e+00 5.347205e-01
1.363000e+00 5.365453e-01
1.363200e+00 5.383964e-01
1.363400e+00 5.402693e-01
1.363600e+00 5.421599e-01
1.363800e+00 5.440641e-01
1.364000e+00 5.459780e-01
1.364200e+00 5.478978e-01
1.364400e+00 5.498201e-01
1.364600e+00 5.517416e-01
1.364800e+00 5.536591e-01
1.365000e+00 5.555696e-01
1.365200e+00 5.574705e-01
1.365400e+00 5.593592e-01
1.365600e+00 5.612334e-01
1.365800e+00 5.630908e-01
1.366000e+00 5.649296e-01
1.366200e+00 5.667479e-01
1.366400e+00 5.685443e-01
1.366600e+00 5.703174e-01
1.366800e+00 5.720662e-01
1.367000e+00 5.737896e-01
1.367200e+00 5.754870e-01
1.367400e+00 5.771580e-01
1.367600e+00 5.788023e-01
1.367800e+00 5.804199e-01
1.368000e+00 5.820110e-01
1.368200e+00 5.835760e-01
1.368400e+00 5.851157e-01
1.368600e+00 5.866309e-01
1.368800e+00 5.881227e-01
1.369000e+00 5.895927e-01
1.369200e+00 5.910423e-01
1.369400e+00 5.924736e-01
1.369600e+00 5.938886e-01
1.369800e+00 5.952896e-01
1.370000e+00 5.966794e-01
1.370200e+00 5.980607e-01
1.370400e+00 5.994367e-01
1.370600e+00 6.008106e-01
1.370800e+00 6.021861e-01
1.371000e+00 6.035669e-01
1.371200e+00 6.049571e-01
1.371400e+00 6.063608e-01
1.371600e+00 6.077825e-01
1.371800e+00 6.092268e-01
1.372000e+00 6.106984e-01
1.372200e+00 6.122023e-01
1.372400e+00 6.137437e-01
1.372600e+00 6.153277e-01
1.372800e+00 6.169597e-01
1.373000e+00 6.186450e-01
1.373200e+00 6.203892e-01
1.373400e+00 6.221977e-01
1.373600e+00 6.240761e-01
1.373800e+00 6.260299e-01
1.374000e+00 6.280645e-01
1.374200e+00 6.301853e-01
1.374400e+00 6.323976e-01
1.374600e+00 6.347064e-01
1.374800e+00 6.371166e-01
1.375000e+00 6.396331e-01
1.375200e+00 6.422601e-01
1.375400e+00 6.450020e-01
1.375600e+00 6.478625e-01
1.375800e+00 6.508451e-01
1.376000e+00 6.539529e-01
1.376200e+00 6.571885e-01
1.376400e+00 6.605543e-01
1.376600e+00 6.640520e-01
1.376800e+00 6.676827e-01
1.377000e+00 6.714473e-01
1.377200e+00 6.753459e-01
1.377400e+00 6.793782e-01
1.377600e+00 6.835432e-01
1.377800e+00 6.878395e-01
1.378000e+00 6.922649e-01
1.378200e+00 6.968169e-01
1.378400e+00 7.014922e-01
1.378600e+00 7.062870e-01
1.378800e+00 7.111970e-01
1.379000e+00 7.162175e-01
1.379200e+00 7.213431e-01
1.379400e+00 7.265681e-01
1.379600e+00 7.318861e-01
1.379800e+00 7.372906e-01
1.380000e+00 7.427745e-01
1.380200e+00 7.483306e-01
1.380400e+00 7.539513e-01
1.380600e+00 7.596286e-01
1.380800e+00 7.653547e-01
1.381000e+00 7.711212e-01
1.381200e+00 7.769199e-01
1.381400e+00 7.827425e-01
1.381600e+00 7.885805e-01
1.381800e+00 7.944258e-01
1.382000e+00 8.002700e-01
1.382200e+00 8.061050e-01
1.382400e+00 8.119228e-01
1.382600e+00 8.177157e-01
1.382800e+00 8.234762e-01
1.383000e+00 8.291969e-01
1.383200e+00 8.348708e-01
1.383400e+00 8.404913e-01
1.383600e+00 8.460520e-01
1.383800e+00 8.515469e-01
1.384000e+00 8.569703e-01
1.384200e+00 8.623170e-01
1.384400e+00 8.675822e-01
1.384600e+00 8.727612e-01
1.384800e+00 8.778500e-01
1.385000e+00 8.828448e-01
1.385200e+00 8.877425e-01
1.385400e+00 8.925399e-01
1.385600e+00 8.972346e-01
1.385800e+00 9.018243e-01
1.386000e+00 9.063072e-01
1.386200e+00 9.106818e-01
1.386400e+00 9.149469e-01
1.386600e+00 9.191018e-01
1.386800e+00 9.231457e-01
1.387000e+00 9.270787e-01
1.387200e+00 9.309005e-01
1.387400e+00 9.346117e-01
1.387600e+00 9.382127e-01
1.387800e+00 9.417043e-01
1.388000e+00 9.450876e-01
1.388200e+00 9.483639e-01
1.388400e+00 9.515346e-01
1.388600e+00 9.546014e-01
1.388800e+00 9.575661e-01
1.389000e+00 9.604309e-01
1.389200e+00 9.631980e-01
1.389400e+00 9.658698e-01
1.389600e+00 9.684489e-01
1.389800e+00 9.709380e-01
1.390000e+00 9.733403e-01
1.390200e+00 9.756587e-01
1.390400e+00 9.778967e-01
1.390600e+00 9.800576e-01
1.390800e+00 9.821452e-01
1.391000e+00 9.841634e-01
1.391200e+00 9.861162e-01
1.391400e+00 9.880079e-01
1.391600e+00 9.898429e-01
1.391800e+00 9.916258e-01
1.392000e+00 9.933616e-01
1.392200e+00 9.950553e-01
1.392400e+00 9.967121e-01
1.392600e+00 9.983376e-01
1.392800e+00 9.999373e-01
1.393000e+00 1.001517e+00
1.393200e+00 1.003083e+00
1.393400e+00 1.004642e+00
1.393600e+00 1.006199e+00
1.393800e+00 1.007762e+00
1.394000e+00 1.009337e+00
1.394200e+00 1.010931e+00
1.394400e+00 1.012551e+00
1.394600e+00 1.014204e+00
1.394800e+00 1.015897e+00
1.395000e+00 1.017637e+00
1.395200e+00 1.019430e+00
1.395400e+00 1.021285e+00
1.395600e+00 1.023207e+00
1.395800e+00 1.025204e+00
1.396000e+00 1.027282e+00
1.396200e+00 1.029447e+00
1.396400e+00 1.031705e+00
1.396600e+00 1.034062e+00
1.396800e+00 1.036522e+00
1.397000e+00 1.039091e+00
1.397200e+00 1.041772e+00
1.397400e+00 1.044570e+00
1.397600e+00 1.047486e+00
1.397800e+00 1.050524e+00
1.398000e+00 1.053684e+00
1.398200e+00 1.056968e+00
1.398400e+00 1.060376e+00
1.398600e+00 1.063905e+00
1.398800e+00 1.067555e+00
1.399000e+00 1.071323e+00
1.399200e+00 1.075204e+00
1.399400e+00 1.079194e+00
1.399600e+00 1.083287e+00
1.399800e+00 1.087476e+00
