1.000000e+00 1.150441e+00
1.000200e+00 1.150107e+00
1.000400e+00 1.149611e+00
1.000600e+00 1.148948e+00
1.000800e+00 1.148111e+00
1.001000e+00 1.147095e+00
1.001200e+00 1.145893e+00
1.001400e+00 1.144500e+00
1.001600e+00 1.142911e+00
1.001800e+00 1.141120e+00
1.002000e+00 1.139122e+00
1.002200e+00 1.136912e+00
1.002400e+00 1.134485e+00
1.002600e+00 1.131838e+00
1.002800e+00 1.128965e+00
1.003000e+00 1.125864e+00
1.003200e+00 1.122530e+00
1.003400e+00 1.118961e+00
1.003600e+00 1.115154e+00
1.003800e+00 1.111106e+00
1.004000e+00 1.106817e+00
1.004200e+00 1.102284e+00
1.004400e+00 1.097506e+00
1.004600e+00 1.092483e+00
1.004800e+00 1.087214e+00
1.005000e+00 1.081701e+00
1.005200e+00 1.075943e+00
1.005400e+00 1.069942e+00
1.005600e+00 1.063700e+00
1.005800e+00 1.057218e+00
1.006000e+00 1.050500e+00
1.006200e+00 1.043547e+00
1.006400e+00 1.036365e+00
1.006600e+00 1.028955e+00
1.006800e+00 1.021324e+00
1.007000e+00 1.013474e+00
1.007200e+00 1.005412e+00
1.007400e+00 9.971431e-01
1.007600e+00 9.886727e-01
1.007800e+00 9.800074e-01
1.008000e+00 9.711539e-01
1.008200e+00 9.621196e-01
1.008400e+00 9.529123e-01
1.008600e+00 9.435401e-01
1.008800e+00 9.340121e-01
1.009000e+00 9.243377e-01
1.009200e+00 9.145273e-01
1.009400e+00 9.045919e-01
1.009600e+00 8.945434e-01
1.009800e+00 8.843947e-01
1.010000e+00 8.741599e-01
1.010200e+00 8.638540e-01
1.010400e+00 8.534936e-01
1.010600e+00 8.430965e-01
1.010800e+00 8.326823e-01
1.011000e+00 8.222719e-01
1.011200e+00 8.118884e-01
1.011400e+00 8.015564e-01
1.011600e+00 7.913027e-01
1.011800e+00 7.811559e-01
1.012000e+00 7.711469e-01
1.012200e+00 7.613083e-01
1.012400e+00 7.516750e-01
1.012600e+00 7.422835e-01
1.012800e+00 7.331722e-01
1.013000e+00 7.243811e-01
1.013200e+00 7.159512e-01
1.013400e+00 7.079246e-01
1.013600e+00 7.003439e-01
1.013800e+00 6.932516e-01
1.014000e+00 6.866898e-01
1.014200e+00 6.806996e-01
1.014400e+00 6.753202e-01
1.014600e+00 6.705886e-01
1.014800e+00 6.665385e-01
1.015000e+00 6.631999e-01
1.015200e+00 6.605984e-01
1.015400e+00 6.587543e-01
1.015600e+00 6.576825e-01
1.015800e+00 6.573913e-01
1.016000e+00 6.578825e-01
1.016200e+00 6.591508e-01
1.016400e+00 6.611839e-01
1.016600e+00 6.639619e-01
1.016800e+00 6.674581e-01
1.017000e+00 6.716387e-01
1.017200e+00 6.764633e-01
1.017400e+00 6.818856e-01
1.017600e+00 6.878539e-01
1.017800e+00 6.943116e-01
1.018000e+00 7.011987e-01
1.018200e+00 7.084521e-01
1.018400e+00 7.160066e-01
1.018600e+00 7.237961e-01
1.018800e+00 7.317546e-01
1.019000e+00 7.398167e-01
1.019200e+00 7.479189e-01
1.019400e+00 7.559999e-01
1.019600e+00 7.640018e-01
1.019800e+00 7.718704e-01
1.020000e+00 7.795557e-01
1.020200e+00 7.870125e-01
1.020400e+00 7.942002e-01
1.020600e+00 8.010836e-01
1.020800e+00 8.076324e-01
1.021000e+00 8.138213e-01
1.021200e+00 8.196302e-01
1.021400e+00 8.250438e-01
1.021600e+00 8.300512e-01
1.021800e+00 8.346460e-01
1.022000e+00 8.388254e-01
1.022200e+00 8.425906e-01
1.022400e+00 8.459458e-01
1.022600e+00 8.488982e-01
1.022800e+00 8.514575e-01
1.023000e+00 8.536355e-01
1.023200e+00 8.554459e-01
1.023400e+00 8.569037e-01
1.023600e+00 8.580254e-01
1.023800e+00 8.588280e-01
1.024000e+00 8.593295e-01
1.024200e+00 8.595482e-01
1.024400e+00 8.595025e-01
1.024600e+00 8.592110e-01
1.024800e+00 8.586919e-01
1.025000e+00 8.579634e-01
1.025200e+00 8.570432e-01
1.025400e+00 8.559485e-01
1.025600e+00 8.546961e-01
1.025800e+00 8.533019e-01
1.026000e+00 8.517814e-01
1.026200e+00 8.501493e-01
1.026400e+00 8.484197e-01
1.026600e+00 8.466057e-01
1.026800e+00 8.447200e-01
1.027000e+00 8.427743e-01
1.027200e+00 8.407799e-01
1.027400e+00 8.387471e-01
1.027600e+00 8.366857e-01
1.027800e+00 8.346047e-01
1.028000e+00 8.325126e-01
1.028200e+00 8.304174e-01
1.028400e+00 8.283261e-01
1.028600e+00 8.262456e-01
1.028800e+00 8.241821e-01
1.029000e+00 8.221412e-01
1.029200e+00 8.201282e-01
1.029400e+00 8.181479e-01
1.029600e+00 8.162046e-01
1.029800e+00 8.143023e-01
1.030000e+00 8.124447e-01
1.030200e+00 8.106349e-01
1.030400e+00 8.088760e-01
1.030600e+00 8.071706e-01
1.030800e+00 8.055211e-01
1.031000e+00 8.039295e-01
1.031200e+00 8.023976e-01
1.031400e+00 8.009271e-01
1.031600e+00 7.995194e-01
1.031800e+00 7.981755e-01
1.032000e+00 7.968966e-01
1.032200e+00 7.956832e-01
1.032400e+00 7.945361e-01
1.032600e+00 7.934556e-01
1.032800e+00 7.924420e-01
1.033000e+00 7.914953e-01
1.033200e+00 7.906155e-01
1.033400e+00 7.898023e-01
1.033600e+00 7.890554e-01
1.033800e+00 7.883740e-01
1.034000e+00 7.877577e-01
1.034200e+00 7.872054e-01
1.034400e+00 7.867161e-01
1.034600e+00 7.862888e-01
1.034800e+00 7.859219e-01
1.035000e+00 7.856140e-01
1.035200e+00 7.853634e-01
1.035400e+00 7.851682e-01
1.035600e+00 7.850264e-01
1.035800e+00 7.849357e-01
1.036000e+00 7.848937e-01
1.036200e+00 7.848977e-01
1.036400e+00 7.849449e-01
1.036600e+00 7.850321e-01
1.036800e+00 7.851560e-01
1.037000e+00 7.853132e-01
1.037200e+00 7.854998e-01
1.037400e+00 7.857117e-01
1.037600e+00 7.859446e-01
1.037800e+00 7.861940e-01
1.038000e+00 7.864550e-01
1.038200e+00 7.867225e-01
1.038400e+00 7.869909e-01
1.038600e+00 7.872547e-01
1.038800e+00 7.875078e-01
1.039000e+00 7.877439e-01
1.039200e+00 7.879565e-01
1.039400e+00 7.881386e-01
1.039600e+00 7.882831e-01
1.039800e+00 7.883826e-01
1.040000e+00 7.884295e-01
1.040200e+00 7.884158e-01
1.040400e+00 7.883335e-01
1.040600e+00 7.881742e-01
1.040800e+00 7.879296e-01
1.041000e+00 7.875909e-01
1.041200e+00 7.871497e-01
1.041400e+00 7.865972e-01
1.041600e+00 7.859247e-01
1.041800e+00 7.851237e-01
1.042000e+00 7.841859e-01
1.042200e+00 7.831029e-01
1.042400e+00 7.818670e-01
1.042600e+00 7.804705e-01
1.042800e+00 7.789065e-01
1.043000e+00 7.771685e-01
1.043200e+00 7.752507e-01
1.043400e+00 7.731479e-01
1.043600e+00 7.708562e-01
1.043800e+00 7.683722e-01
1.044000e+00 7.656937e-01
1.044200e+00 7.628199e-01
1.044400e+00 7.597511e-01
1.044600e+00 7.564888e-01
1.044800e+00 7.530361e-01
1.045000e+00 7.493978e-01
1.045200e+00 7.455799e-01
1.045400e+00 7.415902e-01
1.045600e+00 7.374381e-01
1.045800e+00 7.331348e-01
1.046000e+00 7.286929e-01
1.046200e+00 7.241267e-01
1.046400e+00 7.194522e-01
1.046600e+00 7.146866e-01
1.046800e+00 7.098487e-01
1.047000e+00 7.049584e-01
1.047200e+00 7.000367e-01
1.047400e+00 6.951057e-01
1.047600e+00 6.901882e-01
1.047800e+00 6.853073e-01
1.048000e+00 6.804867e-01
1.048200e+00 6.757502e-01
1.048400e+00 6.711212e-01
1.048600e+00 6.666231e-01
1.048800e+00 6.622785e-01
1.049000e+00 6.581092e-01
1.049200e+00 6.541360e-01
1.049400e+00 6.503785e-01
1.049600e+00 6.468549e-01
1.049800e+00 6.435818e-01
1.050000e+00 6.405740e-01
1.050200e+00 6.378446e-01
1.050400e+00 6.354049e-01
1.050600e+00 6.332641e-01
1.050800e+00 6.314295e-01
1.051000e+00 6.299064e-01
1.051200e+00 6.286981e-01
1.051400e+00 6.278062e-01
1.051600e+00 6.272303e-01
1.051800e+00 6.269683e-01
1.052000e+00 6.270168e-01
1.052200e+00 6.273705e-01
1.052400e+00 6.280231e-01
1.052600e+00 6.289671e-01
1.052800e+00 6.301938e-01
1.053000e+00 6.316940e-01
1.053200e+00 6.334574e-01
1.053400e+00 6.354735e-01
1.053600e+00 6.377312e-01
1.053800e+00 6.402193e-01
1.054000e+00 6.429265e-01
1.054200e+00 6.458414e-01
1.054400e+00 6.489529e-01
1.054600e+00 6.522499e-01
1.054800e+00 6.557220e-01
1.055000e+00 6.593588e-01
1.055200e+00 6.631507e-01
1.055400e+00 6.670883e-01
1.055600e+00 6.711631e-01
1.055800e+00 6.753670e-01
1.056000e+00 6.796925e-01
1.056200e+00 6.841328e-01
1.056400e+00 6.886816e-01
1.056600e+00 6.933333e-01
1.056800e+00 6.980828e-01
1.057000e+00 7.029257e-01
1.057200e+00 7.078579e-01
1.057400e+00 7.128761e-01
1.057600e+00 7.179772e-01
1.057800e+00 7.231586e-01
1.058000e+00 7.284180e-01
1.058200e+00 7.337535e-01
1.058400e+00 7.391634e-01
1.058600e+00 7.446461e-01
1.058800e+00 7.502004e-01
1.059000e+00 7.558249e-01
1.059200e+00 7.615185e-01
1.059400e+00 7.672798e-01
1.059600e+00 7.731075e-01
1.059800e+00 7.790001e-01
1.060000e+00 7.849560e-01
1.060200e+00 7.909732e-01
1.060400e+00 7.970496e-01
1.060600e+00 8.031827e-01
1.060800e+00 8.093697e-01
1.061000e+00 8.156072e-01
1.061200e+00 8.218916e-01
1.061400e+00 8.282187e-01
1.061600e+00 8.345840e-01
1.061800e+00 8.409822e-01
1.062000e+00 8.474079e-01
1.062200e+00 8.538549e-01
1.062400e+00 8.603164e-01
1.062600e+00 8.667855e-01
1.062800e+00 8.732545e-01
1.063000e+00 8.797154e-01
1.063200e+00 8.861595e-01
1.063400e+00 8.925781e-01
1.063600e+00 8.989619e-01
1.063800e+00 9.053013e-01
1.064000e+00 9.115865e-01
1.064200e+00 9.178075e-01
1.064400e+00 9.239541e-01
1.064600e+00 9.300162e-01
1.064800e+00 9.359836e-01
1.065000e+00 9.418462e-01
1.065200e+00 9.475940e-01
1.065400e+00 9.532173e-01
1.065600e+00 9.587069e-01
1.065800e+00 9.640537e-01
1.066000e+00 9.692491e-01
1.066200e+00 9.742854e-01
1.066400e+00 9.791551e-01
1.066600e+00 9.838516e-01
1.066800e+00 9.883691e-01
1.067000e+00 9.927023e-01
1.067200e+00 9.968470e-01
1.067400e+00 1.000800e+00
1.067600e+00 1.004558e+00
1.067800e+00 1.008121e+00
1.068000e+00 1.011487e+00
1.068200e+00 1.014657e+00
1.068400e+00 1.017632e+00
1.068600e+00 1.020414e+00
1.068800e+00 1.023007e+00
1.069000e+00 1.025414e+00
1.069200e+00 1.027640e+00
1.069400e+00 1.029691e+00
1.069600e+00 1.031573e+00
1.069800e+00 1.033294e+00
1.070000e+00 1.034860e+00
1.070200e+00 1.036281e+00
1.070400e+00 1.037565e+00
1.070600e+00 1.038721e+00
1.070800e+00 1.039758e+00
1.071000e+00 1.040688e+00
1.071200e+00 1.041519e+00
1.071400e+00 1.042262e+00
1.071600e+00 1.042928e+00
1.071800e+00 1.043527e+00
1.072000e+00 1.044069e+00
1.072200e+00 1.044564e+00
1.072400e+00 1.045023e+00
1.072600e+00 1.045457e+00
1.072800e+00 1.045873e+00
1.073000e+00 1.046283e+00
1.073200e+00 1.046695e+00
1.073400e+00 1.047118e+00
1.073600e+00 1.047561e+00
1.073800e+00 1.048032e+00
1.074000e+00 1.048538e+00
1.074200e+00 1.049087e+00
1.074400e+00 1.049686e+00
1.074600e+00 1.050341e+00
1.074800e+00 1.051058e+00
1.075000e+00 1.051843e+00
1.075200e+00 1.052701e+00
1.075400e+00 1.053636e+00
1.075600e+00 1.054653e+00
1.075800e+00 1.055755e+00
1.076000e+00 1.056947e+00
1.076200e+00 1.058230e+00
1.076400e+00 1.059608e+00
1.076600e+00 1.061084e+00
1.076800e+00 1.062657e+00
1.077000e+00 1.064331e+00
1.077200e+00 1.066107e+00
1.077400e+00 1.067984e+00
1.077600e+00 1.069965e+00
1.077800e+00 1.072048e+00
1.078000e+00 1.074235e+00
1.078200e+00 1.076524e+00
1.078400e+00 1.078916e+00
1.078600e+00 1.081409e+00
1.078800e+00 1.084002e+00
1.079000e+00 1.086695e+00
1.079200e+00 1.089485e+00
1.079400e+00 1.092370e+00
1.079600e+00 1.095350e+00
1.079800e+00 1.098422e+00
1.080000e+00 1.101583e+00
1.080200e+00 1.104832e+00
1.080400e+00 1.108165e+00
1.080600e+00 1.111579e+00
1.080800e+00 1.115072e+00
1.081000e+00 1.118640e+00
1.081200e+00 1.122280e+00
1.081400e+00 1.125988e+00
1.081600e+00 1.129760e+00
1.081800e+00 1.133592e+00
1.082000e+00 1.137480e+00
1.082200e+00 1.141418e+00
1.082400e+00 1.145403e+00
1.082600e+00 1.149430e+00
1.082800e+00 1.153491e+00
1.083000e+00 1.157583e+00
1.083200e+00 1.161698e+00
1.083400e+00 1.165830e+00
1.083600e+00 1.169973e+00
1.083800e+00 1.174119e+00
1.084000e+00 1.178260e+00
1.084200e+00 1.182388e+00
1.084400e+00 1.186495e+00
1.084600e+00 1.190571e+00
1.084800e+00 1.194606e+00
1.085000e+00 1.198590e+00
1.085200e+00 1.202512e+00
1.085400e+00 1.206360e+00
1.085600e+00 1.210121e+00
1.085800e+00 1.213783e+00
1.086000e+00 1.217331e+00
1.086200e+00 1.220751e+00
1.086400e+00 1.224027e+00
1.086600e+00 1.227142e+00
1.086800e+00 1.230079e+00
1.087000e+00 1.232820e+00
1.087200e+00 1.235347e+00
1.087400e+00 1.237638e+00
1.087600e+00 1.239674e+00
1.087800e+00 1.241434e+00
1.088000e+00 1.242894e+00
1.088200e+00 1.244034e+00
1.088400e+00 1.244829e+00
1.088600e+00 1.245257e+00
1.088800e+00 1.245294e+00
1.089000e+00 1.244917e+00
1.089200e+00 1.244104e+00
1.089400e+00 1.242833e+00
1.089600e+00 1.241083e+00
1.089800e+00 1.238834e+00
1.090000e+00 1.236071e+00
1.090200e+00 1.232777e+00
1.090400e+00 1.228942e+00
1.090600e+00 1.224558e+00
1.090800e+00 1.219621e+00
1.091000e+00 1.214132e+00
1.091200e+00 1.208100e+00
1.091400e+00 1.201538e+00
1.091600e+00 1.194467e+00
1.091800e+00 1.186915e+00
1.092000e+00 1.178918e+00
1.092200e+00 1.170524e+00
1.092400e+00 1.161785e+00
1.092600e+00 1.152765e+00
1.092800e+00 1.143538e+00
1.093000e+00 1.134185e+00
1.093200e+00 1.124796e+00
1.093400e+00 1.115468e+00
1.093600e+00 1.106305e+00
1.093800e+00 1.097417e+00
1.094000e+00 1.088914e+00
1.094200e+00 1.080912e+00
1.094400e+00 1.073522e+00
1.094600e+00 1.066854e+00
1.094800e+00 1.061013e+00
1.095000e+00 1.056092e+00
1.095200e+00 1.052179e+00
1.095400e+00 1.049346e+00
1.095600e+00 1.047649e+00
1.095800e+00 1.047131e+00
1.096000e+00 1.047815e+00
1.096200e+00 1.049705e+00
1.096400e+00 1.052789e+00
1.096600e+00 1.057033e+00
1.096800e+00 1.062388e+00
1.097000e+00 1.068786e+00
1.097200e+00 1.076145e+00
1.097400e+00 1.084372e+00
1.097600e+00 1.093362e+00
1.097800e+00 1.103001e+00
1.098000e+00 1.113171e+00
1.098200e+00 1.123753e+00
1.098400e+00 1.134624e+00
1.098600e+00 1.145666e+00
1.098800e+00 1.156766e+00
1.099000e+00 1.167816e+00
1.099200e+00 1.178716e+00
1.099400e+00 1.189377e+00
1.099600e+00 1.199717e+00
1.099800e+00 1.209668e+00
1.100000e+00 1.219172e+00
1.100200e+00 1.228181e+00
1.100400e+00 1.236661e+00
1.100600e+00 1.244584e+00
1.100800e+00 1.251938e+00
1.101000e+00 1.258714e+00
1.101200e+00 1.264916e+00
1.101400e+00 1.270555e+00
1.101600e+00 1.275647e+00
1.101800e+00 1.280216e+00
1.102000e+00 1.284289e+00
1.102200e+00 1.287899e+00
1.102400e+00 1.291081e+00
1.102600e+00 1.293873e+00
1.102800e+00 1.296314e+00
1.103000e+00 1.298446e+00
1.103200e+00 1.300309e+00
1.103400e+00 1.301945e+00
1.103600e+00 1.303394e+00
1.103800e+00 1.304696e+00
1.104000e+00 1.305890e+00
1.104200e+00 1.307011e+00
1.104400e+00 1.308095e+00
1.104600e+00 1.309174e+00
1.104800e+00 1.310280e+00
1.105000e+00 1.311439e+00
1.105200e+00 1.312678e+00
1.105400e+00 1.314020e+00
1.105600e+00 1.315485e+00
1.105800e+00 1.317091e+00
1.106000e+00 1.318854e+00
1.106200e+00 1.320787e+00
1.106400e+00 1.322901e+00
1.106600e+00 1.325203e+00
1.106800e+00 1.327701e+00
1.107000e+00 1.330397e+00
1.107200e+00 1.333295e+00
1.107400e+00 1.336394e+00
1.107600e+00 1.339693e+00
1.107800e+00 1.343189e+00
1.108000e+00 1.346877e+00
1.108200e+00 1.350750e+00
1.108400e+00 1.354803e+00
1.108600e+00 1.359026e+00
1.108800e+00 1.363411e+00
1.109000e+00 1.367946e+00
1.109200e+00 1.372622e+00
1.109400e+00 1.377428e+00
1.109600e+00 1.382350e+00
1.109800e+00 1.387378e+00
1.110000e+00 1.392498e+00
1.110200e+00 1.397697e+00
1.110400e+00 1.402964e+00
1.110600e+00 1.408285e+00
1.110800e+00 1.413646e+00
1.111000e+00 1.419037e+00
1.111200e+00 1.424443e+00
1.111400e+00 1.429852e+00
1.111600e+00 1.435254e+00
1.111800e+00 1.440634e+00
1.112000e+00 1.445983e+00
1.112200e+00 1.451289e+00
1.112400e+00 1.456541e+00
1.112600e+00 1.461730e+00
1.112800e+00 1.466844e+00
1.113000e+00 1.471875e+00
1.113200e+00 1.476813e+00
1.113400e+00 1.481651e+00
1.113600e+00 1.486379e+00
1.113800e+00 1.490991e+00
1.114000e+00 1.495479e+00
1.114200e+00 1.499835e+00
1.114400e+00 1.504055e+00
1.114600e+00 1.508132e+00
1.114800e+00 1.512060e+00
1.115000e+00 1.515835e+00
1.115200e+00 1.519452e+00
1.115400e+00 1.522906e+00
1.115600e+00 1.526195e+00
1.115800e+00 1.529313e+00
1.116000e+00 1.532258e+00
1.116200e+00 1.535028e+00
1.116400e+00 1.537620e+00
1.116600e+00 1.540031e+00
1.116800e+00 1.542259e+00
1.117000e+00 1.544304e+00
1.117200e+00 1.546163e+00
1.117400e+00 1.547836e+00
1.117600e+00 1.549321e+00
1.117800e+00 1.550619e+00
1.118000e+00 1.551727e+00
1.118200e+00 1.552647e+00
1.118400e+00 1.553379e+00
1.118600e+00 1.553922e+00
1.118800e+00 1.554278e+00
1.119000e+00 1.554447e+00
1.119200e+00 1.554430e+00
1.119400e+00 1.554229e+00
1.119600e+00 1.553847e+00
1.119800e+00 1.553285e+00
1.120000e+00 1.552546e+00
1.120200e+00 1.551633e+00
1.120400e+00 1.550551e+00
1.120600e+00 1.549304e+00
1.120800e+00 1.547898e+00
1.121000e+00 1.546337e+00
1.121200e+00 1.544628e+00
1.121400e+00 1.542779e+00
1.121600e+00 1.540797e+00
1.121800e+00 1.538690e+00
1.122000e+00 1.536468e+00
1.122200e+00 1.534140e+00
1.122400e+00 1.531717e+00
1.122600e+00 1.529210e+00
1.122800e+00 1.526629e+00
1.123000e+00 1.523987e+00
1.123200e+00 1.521295e+00
1.123400e+00 1.518565e+00
1.123600e+00 1.515810e+00
1.123800e+00 1.513043e+00
1.124000e+00 1.510275e+00
1.124200e+00 1.507518e+00
1.124400e+00 1.504785e+00
1.124600e+00 1.502087e+00
1.124800e+00 1.499435e+00
1.125000e+00 1.496839e+00
1.125200e+00 1.494311e+00
1.125400e+00 1.491859e+00
1.125600e+00 1.489493e+00
1.125800e+00 1.487220e+00
1.126000e+00 1.485049e+00
1.126200e+00 1.482986e+00
1.126400e+00 1.481037e+00
1.126600e+00 1.479208e+00
1.126800e+00 1.477504e+00
1.127000e+00 1.475928e+00
1.127200e+00 1.474484e+00
1.127400e+00 1.473175e+00
1.127600e+00 1.472003e+00
1.127800e+00 1.470968e+00
1.128000e+00 1.470073e+00
1.128200e+00 1.469318e+00
1.128400e+00 1.468702e+00
1.128600e+00 1.468224e+00
1.128800e+00 1.467885e+00
1.129000e+00 1.467681e+00
1.129200e+00 1.467613e+00
1.129400e+00 1.467677e+00
1.129600e+00 1.467871e+00
1.129800e+00 1.468192e+00
1.130000e+00 1.468638e+00
1.130200e+00 1.469205e+00
1.130400e+00 1.469890e+00
1.130600e+00 1.470690e+00
1.130800e+00 1.471600e+00
1.131000e+00 1.472618e+00
1.131200e+00 1.473738e+00
1.131400e+00 1.474958e+00
1.131600e+00 1.476273e+00
1.131800e+00 1.477680e+00
1.132000e+00 1.479172e+00
1.132200e+00 1.480748e+00
1.132400e+00 1.482401e+00
1.132600e+00 1.484129e+00
1.132800e+00 1.485925e+00
1.133000e+00 1.487787e+00
1.133200e+00 1.489709e+00
1.133400e+00 1.491687e+00
1.133600e+00 1.493716e+00
1.133800e+00 1.495792e+00
1.134000e+00 1.497910e+00
1.134200e+00 1.500065e+00
1.134400e+00 1.502252e+00
1.134600e+00 1.504468e+00
1.134800e+00 1.506706e+00
1.135000e+00 1.508963e+00
1.135200e+00 1.511233e+00
1.135400e+00 1.513510e+00
1.135600e+00 1.515791e+00
1.135800e+00 1.518070e+00
1.136000e+00 1.520342e+00
1.136200e+00 1.522602e+00
1.136400e+00 1.524844e+00
1.136600e+00 1.527064e+00
1.136800e+00 1.529256e+00
1.137000e+00 1.531414e+00
1.137200e+00 1.533533e+00
1.137400e+00 1.535609e+00
1.137600e+00 1.537635e+00
1.137800e+00 1.539606e+00
1.138000e+00 1.541518e+00
1.138200e+00 1.543363e+00
1.138400e+00 1.545139e+00
1.138600e+00 1.546838e+00
1.138800e+00 1.548456e+00
1.139000e+00 1.549988e+00
1.139200e+00 1.551429e+00
1.139400e+00 1.552775e+00
1.139600e+00 1.554020e+00
1.139800e+00 1.555161e+00
1.140000e+00 1.556193e+00
1.140200e+00 1.557111e+00
1.140400e+00 1.557914e+00
1.140600e+00 1.558596e+00
1.140800e+00 1.559155e+00
1.141000e+00 1.559588e+00
1.141200e+00 1.559892e+00
1.141400e+00 1.560066e+00
1.141600e+00 1.560108e+00
1.141800e+00 1.560016e+00
1.142000e+00 1.559789e+00
1.142200e+00 1.559427e+00
1.142400e+00 1.558929e+00
1.142600e+00 1.558297e+00
1.142800e+00 1.557530e+00
1.143000e+00 1.556630e+00
1.143200e+00 1.555599e+00
1.143400e+00 1.554438e+00
1.143600e+00 1.553151e+00
1.143800e+00 1.551740e+00
1.144000e+00 1.550208e+00
1.144200e+00 1.548559e+00
1.144400e+00 1.546798e+00
1.144600e+00 1.544928e+00
1.144800e+00 1.542954e+00
1.145000e+00 1.540883e+00
1.145200e+00 1.538717e+00
1.145400e+00 1.536465e+00
1.145600e+00 1.534130e+00
1.145800e+00 1.531720e+00
1.146000e+00 1.529239e+00
1.146200e+00 1.526695e+00
1.146400e+00 1.524094e+00
1.146600e+00 1.521442e+00
1.146800e+00 1.518746e+00
1.147000e+00 1.516011e+00
1.147200e+00 1.513244e+00
1.147400e+00 1.510453e+00
1.147600e+00 1.507641e+00
1.147800e+00 1.504817e+00
1.148000e+00 1.501985e+00
1.148200e+00 1.499152e+00
1.148400e+00 1.496323e+00
1.148600e+00 1.493504e+00
1.148800e+00 1.490700e+00
1.149000e+00 1.487915e+00
1.149200e+00 1.485155e+00
1.149400e+00 1.482425e+00
1.149600e+00 1.479727e+00
1.149800e+00 1.477068e+00
1.150000e+00 1.474449e+00
1.150200e+00 1.471876e+00
1.150400e+00 1.469351e+00
1.150600e+00 1.466877e+00
1.150800e+00 1.464457e+00
1.151000e+00 1.462094e+00
1.151200e+00 1.459790e+00
1.151400e+00 1.457546e+00
1.151600e+00 1.455366e+00
1.151800e+00 1.453250e+00
1.152000e+00 1.451200e+00
1.152200e+00 1.449216e+00
1.152400e+00 1.447301e+00
1.152600e+00 1.445455e+00
1.152800e+00 1.443678e+00
1.153000e+00 1.441971e+00
1.153200e+00 1.440334e+00
1.153400e+00 1.438768e+00
1.153600e+00 1.437272e+00
1.153800e+00 1.435845e+00
1.154000e+00 1.434489e+00
1.154200e+00 1.433202e+00
1.154400e+00 1.431983e+00
1.154600e+00 1.430833e+00
1.154800e+00 1.429750e+00
1.155000e+00 1.428734e+00
1.155200e+00 1.427783e+00
1.155400e+00 1.426897e+00
1.155600e+00 1.426074e+00
1.155800e+00 1.425313e+00
1.156000e+00 1.424613e+00
1.156200e+00 1.423972e+00
1.156400e+00 1.423390e+00
1.156600e+00 1.422864e+00
1.156800e+00 1.422394e+00
1.157000e+00 1.421978e+00
1.157200e+00 1.421613e+00
1.157400e+00 1.421300e+00
1.157600e+00 1.421035e+00
1.157800e+00 1.420817e+00
1.158000e+00 1.420645e+00
1.158200e+00 1.420517e+00
1.158400e+00 1.420431e+00
1.158600e+00 1.420386e+00
1.158800e+00 1.420378e+00
1.159000e+00 1.420408e+00
1.159200e+00 1.420473e+00
1.159400e+00 1.420571e+00
1.159600e+00 1.420700e+00
1.159800e+00 1.420859e+00
1.160000e+00 1.421045e+00
1.160200e+00 1.421258e+00
1.160400e+00 1.421494e+00
1.160600e+00 1.421753e+00
1.160800e+00 1.422031e+00
1.161000e+00 1.422329e+00
1.161200e+00 1.422643e+00
1.161400e+00 1.422972e+00
1.161600e+00 1.423313e+00
1.161800e+00 1.423666e+00
1.162000e+00 1.424028e+00
1.162200e+00 1.424398e+00
1.162400e+00 1.424773e+00
1.162600e+00 1.425152e+00
1.162800e+00 1.425533e+00
1.163000e+00 1.425914e+00
1.163200e+00 1.426293e+00
1.163400e+00 1.426669e+00
1.163600e+00 1.427040e+00
1.163800e+00 1.427403e+00
1.164000e+00 1.427758e+00
1.164200e+00 1.428101e+00
1.164400e+00 1.428432e+00
1.164600e+00 1.428748e+00
1.164800e+00 1.429048e+00
1.165000e+00 1.429329e+00
1.165200e+00 1.429590e+00
1.165400e+00 1.429829e+00
1.165600e+00 1.430044e+00
1.165800e+00 1.430231e+00
1.166000e+00 1.430391e+00
1.166200e+00 1.430519e+00
1.166400e+00 1.430614e+00
1.166600e+00 1.430673e+00
1.166800e+00 1.430693e+00
1.167000e+00 1.430670e+00
1.167200e+00 1.430602e+00
1.167400e+00 1.430483e+00
1.167600e+00 1.430309e+00
1.167800e+00 1.430073e+00
1.168000e+00 1.429766e+00
1.168200e+00 1.429375e+00
1.168400e+00 1.428884e+00
1.168600e+00 1.428260e+00
1.168800e+00 1.427444e+00
1.169000e+00 1.426272e+00
1.169200e+00 1.422620e+00
1.169400e+00 1.419207e+00
1.169600e+00 1.416472e+00
1.169800e+00 1.413977e+00
1.170000e+00 1.411625e+00
1.170200e+00 1.409370e+00
1.170400e+00 1.407187e+00
1.170600e+00 1.405059e+00
1.170800e+00 1.402973e+00
1.171000e+00 1.400921e+00
1.171200e+00 1.398896e+00
1.171400e+00 1.396892e+00
1.171600e+00 1.394904e+00
1.171800e+00 1.392930e+00
1.172000e+00 1.390964e+00
1.172200e+00 1.389005e+00
1.172400e+00 1.387050e+00
1.172600e+00 1.385097e+00
1.172800e+00 1.383143e+00
1.173000e+00 1.381188e+00
1.173200e+00 1.379230e+00
1.173400e+00 1.377267e+00
1.173600e+00 1.375299e+00
1.173800e+00 1.373323e+00
1.174000e+00 1.371340e+00
1.174200e+00 1.369349e+00
1.174400e+00 1.367348e+00
1.174600e+00 1.365338e+00
1.174800e+00 1.363317e+00
1.175000e+00 1.361286e+00
1.175200e+00 1.359244e+00
1.175400e+00 1.357191e+00
1.175600e+00 1.355126e+00
1.175800e+00 1.353050e+00
1.176000e+00 1.350963e+00
1.176200e+00 1.348864e+00
1.176400e+00 1.346755e+00
1.176600e+00 1.344634e+00
1.176800e+00 1.342502e+00
1.177000e+00 1.340359e+00
1.177200e+00 1.338206e+00
1.177400e+00 1.336043e+00
1.177600e+00 1.333870e+00
1.177800e+00 1.331688e+00
1.178000e+00 1.329497e+00
1.178200e+00 1.327298e+00
1.178400e+00 1.325091e+00
1.178600e+00 1.322876e+00
1.178800e+00 1.320654e+00
1.179000e+00 1.318426e+00
1.179200e+00 1.316192e+00
1.179400e+00 1.313953e+00
1.179600e+00 1.311709e+00
1.179800e+00 1.309461e+00
1.180000e+00 1.307209e+00
1.180200e+00 1.304954e+00
1.180400e+00 1.302696e+00
1.180600e+00 1.300436e+00
1.180800e+00 1.298174e+00
1.181000e+00 1.295911e+00
1.181200e+00 1.293647e+00
1.181400e+00 1.291383e+00
1.181600e+00 1.289119e+00
1.181800e+00 1.286856e+00
1.182000e+00 1.284593e+00
1.182200e+00 1.282331e+00
1.182400e+00 1.280071e+00
1.182600e+00 1.277812e+00
1.182800e+00 1.275556e+00
1.183000e+00 1.273301e+00
1.183200e+00 1.271048e+00
1.183400e+00 1.268798e+00
1.183600e+00 1.266550e+00
1.183800e+00 1.264305e+00
1.184000e+00 1.262062e+00
1.184200e+00 1.259821e+00
1.184400e+00 1.257583e+00
1.184600e+00 1.255347e+00
1.184800e+00 1.253113e+00
1.185000e+00 1.250880e+00
1.185200e+00 1.248649e+00
1.185400e+00 1.246419e+00
1.185600e+00 1.244190e+00
1.185800e+00 1.241961e+00
1.186000e+00 1.239732e+00
1.186200e+00 1.237502e+00
1.186400e+00 1.235272e+00
1.186600e+00 1.233039e+00
1.186800e+00 1.230805e+00
1.187000e+00 1.228568e+00
1.187200e+00 1.226327e+00
1.187400e+00 1.224082e+00
1.187600e+00 1.221832e+00
1.187800e+00 1.219577e+00
1.188000e+00 1.217315e+00
1.188200e+00 1.215046e+00
1.188400e+00 1.212769e+00
1.188600e+00 1.210483e+00
1.188800e+00 1.208187e+00
1.189000e+00 1.205881e+00
1.189200e+00 1.203563e+00
1.189400e+00 1.201233e+00
1.189600e+00 1.198891e+00
1.189800e+00 1.196534e+00
1.190000e+00 1.194164e+00
1.190200e+00 1.191777e+00
1.190400e+00 1.189375e+00
1.190600e+00 1.186957e+00
1.190800e+00 1.184521e+00
1.191000e+00 1.182068e+00
1.191200e+00 1.179596e+00
1.191400e+00 1.177107e+00
1.191600e+00 1.174598e+00
1.191800e+00 1.172070e+00
1.192000e+00 1.169524e+00
1.192200e+00 1.166958e+00
1.192400e+00 1.164374e+00
1.192600e+00 1.161771e+00
1.192800e+00 1.159151e+00
1.193000e+00 1.156513e+00
1.193200e+00 1.153858e+00
1.193400e+00 1.151188e+00
1.193600e+00 1.148503e+00
1.193800e+00 1.145804e+00
1.194000e+00 1.143094e+00
1.194200e+00 1.140374e+00
1.194400e+00 1.137646e+00
1.194600e+00 1.134911e+00
1.194800e+00 1.132172e+00
1.195000e+00 1.129432e+00
1.195200e+00 1.126692e+00
1.195400e+00 1.123957e+00
1.195600e+00 1.121227e+00
1.195800e+00 1.118508e+00
1.196000e+00 1.115801e+00
1.196200e+00 1.113110e+00
1.196400e+00 1.110439e+00
1.196600e+00 1.107791e+00
1.196800e+00 1.105169e+00
1.197000e+00 1.102577e+00
1.197200e+00 1.100018e+00
1.197400e+00 1.097495e+00
1.197600e+00 1.095013e+00
1.197800e+00 1.092573e+00
1.198000e+00 1.090179e+00
1.198200e+00 1.087835e+00
1.198400e+00 1.085541e+00
1.198600e+00 1.083301e+00
1.198800e+00 1.081115e+00
1.199000e+00 1.078987e+00
1.199200e+00 1.076916e+00
1.199400e+00 1.074904e+00
1.199600e+00 1.072950e+00
1.199800e+00 1.071054e+00
1.200000e+00 1.069216e+00
1.200200e+00 1.067434e+00
1.200400e+00 1.065706e+00
1.200600e+00 1.064029e+00
1.200800e+00 1.062402e+00
1.201000e+00 1.060821e+00
1.201200e+00 1.059281e+00
1.201400e+00 1.057779e+00
1.201600e+00 1.056311e+00
1.201800e+00 1.054872e+00
1.202000e+00 1.053458e+00
1.202200e+00 1.052062e+00
1.202400e+00 1.050682e+00
1.202600e+00 1.049311e+00
1.202800e+00 1.047946e+00
1.203000e+00 1.046583e+00
1.203200e+00 1.045219e+00
1.203400e+00 1.043851e+00
1.203600e+00 1.042477e+00
1.203800e+00 1.041097e+00
1.204000e+00 1.039710e+00
1.204200e+00 1.038319e+00
1.204400e+00 1.036927e+00
1.204600e+00 1.035539e+00
1.204800e+00 1.034161e+00
1.205000e+00 1.032801e+00
1.205200e+00 1.031471e+00
1.205400e+00 1.030183e+00
1.205600e+00 1.028950e+00
1.205800e+00 1.027791e+00
1.206000e+00 1.026724e+00
1.206200e+00 1.025771e+00
1.206400e+00 1.024954e+00
1.206600e+00 1.024300e+00
1.206800e+00 1.023835e+00
1.207000e+00 1.023589e+00
1.207200e+00 1.023593e+00
1.207400e+00 1.023879e+00
1.207600e+00 1.024480e+00
1.207800e+00 1.025430e+00
1.208000e+00 1.026763e+00
1.208200e+00 1.028513e+00
1.208400e+00 1.030713e+00
1.208600e+00 1.033396e+00
1.208800e+00 1.036593e+00
1.209000e+00 1.040331e+00
1.209200e+00 1.044637e+00
1.209400e+00 1.049533e+00
1.209600e+00 1.055039e+00
1.209800e+00 1.061168e+00
1.210000e+00 1.067930e+00
1.210200e+00 1.075331e+00
1.210400e+00 1.083369e+00
1.210600e+00 1.092038e+00
1.210800e+00 1.101326e+00
1.211000e+00 1.111215e+00
1.211200e+00 1.121682e+00
1.211400e+00 1.132695e+00
1.211600e+00 1.144221e+00
1.211800e+00 1.156219e+00
1.212000e+00 1.168644e+00
1.212200e+00 1.181446e+00
1.212400e+00 1.194573e+00
1.212600e+00 1.207970e+00
1.212800e+00 1.221576e+00
1.213000e+00 1.235334e+00
1.213200e+00 1.249181e+00
1.213400e+00 1.263057e+00
1.213600e+00 1.276901e+00
1.213800e+00 1.290652e+00
1.214000e+00 1.304253e+00
1.214200e+00 1.317647e+00
1.214400e+00 1.330780e+00
1.214600e+00 1.343602e+00
1.214800e+00 1.356064e+00
1.215000e+00 1.368120e+00
1.215200e+00 1.379731e+00
1.215400e+00 1.390858e+00
1.215600e+00 1.401465e+00
1.215800e+00 1.411522e+00
1.216000e+00 1.420999e+00
1.216200e+00 1.429873e+00
1.216400e+00 1.438118e+00
1.216600e+00 1.445716e+00
1.216800e+00 1.452647e+00
1.217000e+00 1.458896e+00
1.217200e+00 1.464446e+00
1.217400e+00 1.469285e+00
1.217600e+00 1.473401e+00
1.217800e+00 1.476780e+00
1.218000e+00 1.479413e+00
1.218200e+00 1.481288e+00
1.218400e+00 1.482395e+00
1.218600e+00 1.482725e+00
1.218800e+00 1.482267e+00
1.219000e+00 1.481013e+00
1.219200e+00 1.478953e+00
1.219400e+00 1.476080e+00
1.219600e+00 1.472385e+00
1.219800e+00 1.467862e+00
1.220000e+00 1.462507e+00
1.220200e+00 1.456316e+00
1.220400e+00 1.449288e+00
1.220600e+00 1.441426e+00
1.220800e+00 1.432734e+00
1.221000e+00 1.423223e+00
1.221200e+00 1.412905e+00
1.221400e+00 1.401801e+00
1.221600e+00 1.389934e+00
1.221800e+00 1.377337e+00
1.222000e+00 1.364047e+00
1.222200e+00 1.350111e+00
1.222400e+00 1.335582e+00
1.222600e+00 1.320522e+00
1.222800e+00 1.305002e+00
1.223000e+00 1.289099e+00
1.223200e+00 1.272901e+00
1.223400e+00 1.256501e+00
1.223600e+00 1.240002e+00
1.223800e+00 1.223511e+00
1.224000e+00 1.207140e+00
1.224200e+00 1.191006e+00
1.224400e+00 1.175229e+00
1.224600e+00 1.159927e+00
1.224800e+00 1.145219e+00
1.225000e+00 1.131221e+00
1.225200e+00 1.118042e+00
1.225400e+00 1.105788e+00
1.225600e+00 1.094552e+00
1.225800e+00 1.084419e+00
1.226000e+00 1.075462e+00
1.226200e+00 1.067740e+00
1.226400e+00 1.061298e+00
1.226600e+00 1.056167e+00
1.226800e+00 1.052362e+00
1.227000e+00 1.049884e+00
1.227200e+00 1.048718e+00
1.227400e+00 1.048836e+00
1.227600e+00 1.050196e+00
1.227800e+00 1.052747e+00
1.228000e+00 1.056425e+00
1.228200e+00 1.061158e+00
1.228400e+00 1.066866e+00
1.228600e+00 1.073466e+00
1.228800e+00 1.080870e+00
1.229000e+00 1.088987e+00
1.229200e+00 1.097727e+00
1.229400e+00 1.107000e+00
1.229600e+00 1.116719e+00
1.229800e+00 1.126799e+00
1.230000e+00 1.137161e+00
1.230200e+00 1.147729e+00
1.230400e+00 1.158433e+00
1.230600e+00 1.169209e+00
1.230800e+00 1.179999e+00
1.231000e+00 1.190751e+00
1.231200e+00 1.201420e+00
1.231400e+00 1.211967e+00
1.231600e+00 1.222356e+00
1.231800e+00 1.232560e+00
1.232000e+00 1.242556e+00
1.232200e+00 1.252326e+00
1.232400e+00 1.261856e+00
1.232600e+00 1.271136e+00
1.232800e+00 1.280161e+00
1.233000e+00 1.288928e+00
1.233200e+00 1.297438e+00
1.233400e+00 1.305693e+00
1.233600e+00 1.313698e+00
1.233800e+00 1.321460e+00
1.234000e+00 1.328988e+00
1.234200e+00 1.336292e+00
1.234400e+00 1.343383e+00
1.234600e+00 1.350271e+00
1.234800e+00 1.356970e+00
1.235000e+00 1.363491e+00
1.235200e+00 1.369848e+00
1.235400e+00 1.376054e+00
1.235600e+00 1.382121e+00
1.235800e+00 1.388062e+00
1.236000e+00 1.393890e+00
1.236200e+00 1.399615e+00
1.236400e+00 1.405251e+00
1.236600e+00 1.410809e+00
1.236800e+00 1.416298e+00
1.237000e+00 1.421728e+00
1.237200e+00 1.427110e+00
1.237400e+00 1.432451e+00
1.237600e+00 1.437759e+00
1.237800e+00 1.443042e+00
1.238000e+00 1.448304e+00
1.238200e+00 1.453553e+00
1.238400e+00 1.458791e+00
1.238600e+00 1.464023e+00
1.238800e+00 1.469250e+00
1.239000e+00 1.474475e+00
1.239200e+00 1.479697e+00
1.239400e+00 1.484915e+00
1.239600e+00 1.490128e+00
1.239800e+00 1.495333e+00
1.240000e+00 1.500523e+00
1.240200e+00 1.505695e+00
1.240400e+00 1.510839e+00
1.240600e+00 1.515949e+00
1.240800e+00 1.521012e+00
1.241000e+00 1.526017e+00
1.241200e+00 1.530951e+00
1.241400e+00 1.535798e+00
1.241600e+00 1.540541e+00
1.241800e+00 1.545160e+00
1.242000e+00 1.549635e+00
1.242200e+00 1.553943e+00
1.242400e+00 1.558059e+00
1.242600e+00 1.561955e+00
1.242800e+00 1.565602e+00
1.243000e+00 1.568969e+00
1.243200e+00 1.572023e+00
1.243400e+00 1.574728e+00
1.243600e+00 1.577047e+00
1.243800e+00 1.578941e+00
1.244000e+00 1.580369e+00
1.244200e+00 1.581288e+00
1.244400e+00 1.581655e+00
1.244600e+00 1.581425e+00
1.244800e+00 1.580552e+00
1.245000e+00 1.578991e+00
1.245200e+00 1.576697e+00
1.245400e+00 1.573624e+00
1.245600e+00 1.569728e+00
1.245800e+00 1.564969e+00
1.246000e+00 1.559306e+00
1.246200e+00 1.552704e+00
1.246400e+00 1.545133e+00
1.246600e+00 1.536565e+00
1.246800e+00 1.526980e+00
1.247000e+00 1.516366e+00
1.247200e+00 1.504717e+00
1.247400e+00 1.492037e+00
1.247600e+00 1.478339e+00
1.247800e+00 1.463649e+00
1.248000e+00 1.448000e+00
1.248200e+00 1.431441e+00
1.248400e+00 1.414031e+00
1.248600e+00 1.395843e+00
1.248800e+00 1.376962e+00
1.249000e+00 1.357484e+00
1.249200e+00 1.337520e+00
1.249400e+00 1.317189e+00
1.249600e+00 1.296621e+00
1.249800e+00 1.275955e+00
1.250000e+00 1.255338e+00
1.250200e+00 1.234921e+00
1.250400e+00 1.214857e+00
1.250600e+00 1.195302e+00
1.250800e+00 1.176410e+00
1.251000e+00 1.158331e+00
1.251200e+00 1.141207e+00
1.251400e+00 1.125174e+00
1.251600e+00 1.110357e+00
1.251800e+00 1.096866e+00
1.252000e+00 1.084798e+00
1.252200e+00 1.074235e+00
1.252400e+00 1.065240e+00
1.252600e+00 1.057859e+00
1.252800e+00 1.052122e+00
1.253000e+00 1.048037e+00
1.253200e+00 1.045599e+00
1.253400e+00 1.044783e+00
1.253600e+00 1.045549e+00
1.253800e+00 1.047844e+00
1.254000e+00 1.051599e+00
1.254200e+00 1.056738e+00
1.254400e+00 1.063172e+00
1.254600e+00 1.070805e+00
1.254800e+00 1.079536e+00
1.255000e+00 1.089261e+00
1.255200e+00 1.099870e+00
1.255400e+00 1.111255e+00
1.255600e+00 1.123309e+00
1.255800e+00 1.135925e+00
1.256000e+00 1.149001e+00
1.256200e+00 1.162437e+00
1.256400e+00 1.176139e+00
1.256600e+00 1.190019e+00
1.256800e+00 1.203994e+00
1.257000e+00 1.217988e+00
1.257200e+00 1.231930e+00
1.257400e+00 1.245758e+00
1.257600e+00 1.259413e+00
1.257800e+00 1.272847e+00
1.258000e+00 1.286013e+00
1.258200e+00 1.298874e+00
1.258400e+00 1.311398e+00
1.258600e+00 1.323555e+00
1.258800e+00 1.335325e+00
1.259000e+00 1.346689e+00
1.259200e+00 1.357633e+00
1.259400e+00 1.368148e+00
1.259600e+00 1.378228e+00
1.259800e+00 1.387868e+00
1.260000e+00 1.397070e+00
1.260200e+00 1.405834e+00
1.260400e+00 1.414165e+00
1.260600e+00 1.422070e+00
1.260800e+00 1.429555e+00
1.261000e+00 1.436631e+00
1.261200e+00 1.443306e+00
1.261400e+00 1.449593e+00
1.261600e+00 1.455503e+00
1.261800e+00 1.461049e+00
1.262000e+00 1.466242e+00
1.262200e+00 1.471098e+00
1.262400e+00 1.475628e+00
1.262600e+00 1.479847e+00
1.262800e+00 1.483767e+00
1.263000e+00 1.487402e+00
1.263200e+00 1.490765e+00
1.263400e+00 1.493869e+00
1.263600e+00 1.496727e+00
1.263800e+00 1.499351e+00
1.264000e+00 1.501753e+00
1.264200e+00 1.503944e+00
1.264400e+00 1.505937e+00
1.264600e+00 1.507741e+00
1.264800e+00 1.509368e+00
1.265000e+00 1.510827e+00
1.265200e+00 1.512128e+00
1.265400e+00 1.513280e+00
1.265600e+00 1.514292e+00
1.265800e+00 1.515173e+00
1.266000e+00 1.515930e+00
1.266200e+00 1.516571e+00
1.266400e+00 1.517104e+00
1.266600e+00 1.517534e+00
1.266800e+00 1.517869e+00
1.267000e+00 1.518115e+00
1.267200e+00 1.518277e+00
1.267400e+00 1.518360e+00
1.267600e+00 1.518370e+00
1.267800e+00 1.518312e+00
1.268000e+00 1.518189e+00
1.268200e+00 1.518007e+00
1.268400e+00 1.517768e+00
1.268600e+00 1.517477e+00
1.268800e+00 1.517136e+00
1.269000e+00 1.516749e+00
1.269200e+00 1.516319e+00
1.269400e+00 1.515848e+00
1.269600e+00 1.515338e+00
1.269800e+00 1.514792e+00
1.270000e+00 1.514212e+00
1.270200e+00 1.513599e+00
1.270400e+00 1.512954e+00
1.270600e+00 1.512280e+00
1.270800e+00 1.511578e+00
1.271000e+00 1.510848e+00
1.271200e+00 1.510092e+00
1.271400e+00 1.509309e+00
1.271600e+00 1.508502e+00
1.271800e+00 1.507670e+00
1.272000e+00 1.506814e+00
1.272200e+00 1.505934e+00
1.272400e+00 1.505030e+00
1.272600e+00 1.504103e+00
1.272800e+00 1.503151e+00
1.273000e+00 1.502176e+00
1.273200e+00 1.501177e+00
1.273400e+00 1.500154e+00
1.273600e+00 1.499106e+00
1.273800e+00 1.498033e+00
1.274000e+00 1.496935e+00
1.274200e+00 1.495810e+00
1.274400e+00 1.494660e+00
1.274600e+00 1.493482e+00
1.274800e+00 1.492277e+00
1.275000e+00 1.491043e+00
1.275200e+00 1.489780e+00
1.275400e+00 1.488488e+00
1.275600e+00 1.487166e+00
1.275800e+00 1.485813e+00
1.276000e+00 1.484429e+00
1.276200e+00 1.483012e+00
1.276400e+00 1.481563e+00
1.276600e+00 1.480080e+00
1.276800e+00 1.478563e+00
1.277000e+00 1.477012e+00
1.277200e+00 1.475426e+00
1.277400e+00 1.473804e+00
1.277600e+00 1.472147e+00
1.277800e+00 1.470454e+00
1.278000e+00 1.468724e+00
1.278200e+00 1.466958e+00
1.278400e+00 1.465156e+00
1.278600e+00 1.463316e+00
1.278800e+00 1.461440e+00
1.279000e+00 1.459528e+00
1.279200e+00 1.457579e+00
1.279400e+00 1.455595e+00
1.279600e+00 1.453576e+00
1.279800e+00 1.451521e+00
1.280000e+00 1.449433e+00
1.280200e+00 1.447311e+00
1.280400e+00 1.445158e+00
1.280600e+00 1.442973e+00
1.280800e+00 1.440758e+00
1.281000e+00 1.438515e+00
1.281200e+00 1.436245e+00
1.281400e+00 1.433949e+00
1.281600e+00 1.431630e+00
1.281800e+00 1.429289e+00
1.282000e+00 1.426928e+00
1.282200e+00 1.424550e+00
1.282400e+00 1.422156e+00
1.282600e+00 1.419750e+00
1.282800e+00 1.417334e+00
1.283000e+00 1.414910e+00
1.283200e+00 1.412482e+00
1.283400e+00 1.410053e+00
1.283600e+00 1.407624e+00
1.283800e+00 1.405201e+00
1.284000e+00 1.402786e+00
1.284200e+00 1.400382e+00
1.284400e+00 1.397994e+00
1.284600e+00 1.395624e+00
1.284800e+00 1.393276e+00
1.285000e+00 1.390954e+00
1.285200e+00 1.388662e+00
1.285400e+00 1.386404e+00
1.285600e+00 1.384183e+00
1.285800e+00 1.382004e+00
1.286000e+00 1.379869e+00
1.286200e+00 1.377784e+00
1.286400e+00 1.375752e+00
1.286600e+00 1.373776e+00
1.286800e+00 1.371862e+00
1.287000e+00 1.370011e+00
1.287200e+00 1.368228e+00
1.287400e+00 1.366517e+00
1.287600e+00 1.364881e+00
1.287800e+00 1.363324e+00
1.288000e+00 1.361848e+00
1.288200e+00 1.360457e+00
1.288400e+00 1.359154e+00
1.288600e+00 1.357942e+00
1.288800e+00 1.356823e+00
1.289000e+00 1.355800e+00
1.289200e+00 1.354875e+00
1.289400e+00 1.354051e+00
1.289600e+00 1.353329e+00
1.289800e+00 1.352712e+00
1.290000e+00 1.352200e+00
1.290200e+00 1.351795e+00
1.290400e+00 1.351498e+00
1.290600e+00 1.351310e+00
1.290800e+00 1.351232e+00
1.291000e+00 1.351264e+00
1.291200e+00 1.351407e+00
1.291400e+00 1.351660e+00
1.291600e+00 1.352023e+00
1.291800e+00 1.352496e+00
1.292000e+00 1.353078e+00
1.292200e+00 1.353768e+00
1.292400e+00 1.354566e+00
1.292600e+00 1.355469e+00
1.292800e+00 1.356477e+00
1.293000e+00 1.357588e+00
1.293200e+00 1.358799e+00
1.293400e+00 1.360110e+00
1.293600e+00 1.361517e+00
1.293800e+00 1.363018e+00
1.294000e+00 1.364612e+00
1.294200e+00 1.366294e+00
1.294400e+00 1.368063e+00
1.294600e+00 1.369915e+00
1.294800e+00 1.371848e+00
1.295000e+00 1.373858e+00
1.295200e+00 1.375941e+00
1.295400e+00 1.378096e+00
1.295600e+00 1.380317e+00
1.295800e+00 1.382602e+00
1.296000e+00 1.384947e+00
1.296200e+00 1.387348e+00
1.296400e+00 1.389802e+00
1.296600e+00 1.392305e+00
1.296800e+00 1.394852e+00
1.297000e+00 1.397441e+00
1.297200e+00 1.400067e+00
1.297400e+00 1.402726e+00
1.297600e+00 1.405414e+00
1.297800e+00 1.408127e+00
1.298000e+00 1.410862e+00
1.298200e+00 1.413613e+00
1.298400e+00 1.416378e+00
1.298600e+00 1.419152e+00
1.298800e+00 1.421931e+00
1.299000e+00 1.424710e+00
1.299200e+00 1.427487e+00
1.299400e+00 1.430256e+00
1.299600e+00 1.433013e+00
1.299800e+00 1.435754e+00
1.300000e+00 1.438476e+00
1.300200e+00 1.441173e+00
1.300400e+00 1.443842e+00
1.300600e+00 1.446478e+00
1.300800e+00 1.449077e+00
1.301000e+00 1.451635e+00
1.301200e+00 1.454146e+00
1.301400e+00 1.456607e+00
1.301600e+00 1.459013e+00
1.301800e+00 1.461358e+00
1.302000e+00 1.463639e+00
1.302200e+00 1.465850e+00
1.302400e+00 1.467987e+00
1.302600e+00 1.470044e+00
1.302800e+00 1.472016e+00
1.303000e+00 1.473897e+00
1.303200e+00 1.475682e+00
1.303400e+00 1.477365e+00
1.303600e+00 1.478940e+00
1.303800e+00 1.480401e+00
1.304000e+00 1.481742e+00
1.304200e+00 1.482956e+00
1.304400e+00 1.484036e+00
1.304600e+00 1.484976e+00
1.304800e+00 1.485768e+00
1.305000e+00 1.486404e+00
1.305200e+00 1.486878e+00
1.305400e+00 1.487181e+00
1.305600e+00 1.487306e+00
1.305800e+00 1.487243e+00
1.306000e+00 1.486985e+00
1.306200e+00 1.486524e+00
1.306400e+00 1.485850e+00
1.306600e+00 1.484955e+00
1.306800e+00 1.483829e+00
1.307000e+00 1.482465e+00
1.307200e+00 1.480853e+00
1.307400e+00 1.478984e+00
1.307600e+00 1.476850e+00
1.307800e+00 1.474442e+00
1.308000e+00 1.471752e+00
1.308200e+00 1.468772e+00
1.308400e+00 1.465494e+00
1.308600e+00 1.461911e+00
1.308800e+00 1.458015e+00
1.309000e+00 1.453801e+00
1.309200e+00 1.449263e+00
1.309400e+00 1.444395e+00
1.309600e+00 1.439194e+00
1.309800e+00 1.433656e+00
1.310000e+00 1.427779e+00
1.310200e+00 1.421560e+00
1.310400e+00 1.414999e+00
1.310600e+00 1.408097e+00
1.310800e+00 1.400855e+00
1.311000e+00 1.393275e+00
1.311200e+00 1.385361e+00
1.311400e+00 1.377119e+00
1.311600e+00 1.368553e+00
1.311800e+00 1.359672e+00
1.312000e+00 1.350484e+00
1.312200e+00 1.340998e+00
1.312400e+00 1.331225e+00
1.312600e+00 1.321177e+00
1.312800e+00 1.310867e+00
1.313000e+00 1.300309e+00
1.313200e+00 1.289518e+00
1.313400e+00 1.278509e+00
1.313600e+00 1.267300e+00
1.313800e+00 1.255907e+00
1.314000e+00 1.244349e+00
1.314200e+00 1.232644e+00
1.314400e+00 1.220812e+00
1.314600e+00 1.208872e+00
1.314800e+00 1.196844e+00
1.315000e+00 1.184747e+00
1.315200e+00 1.172603e+00
1.315400e+00 1.160431e+00
1.315600e+00 1.148251e+00
1.315800e+00 1.136084e+00
1.316000e+00 1.123949e+00
1.316200e+00 1.111865e+00
1.316400e+00 1.099853e+00
1.316600e+00 1.087930e+00
1.316800e+00 1.076114e+00
1.317000e+00 1.064424e+00
1.317200e+00 1.052876e+00
1.317400e+00 1.041487e+00
1.317600e+00 1.030272e+00
1.317800e+00 1.019246e+00
1.318000e+00 1.008424e+00
1.318200e+00 9.978183e-01
1.318400e+00 9.874427e-01
1.318600e+00 9.773086e-01
1.318800e+00 9.674272e-01
1.319000e+00 9.578089e-01
1.319200e+00 9.484632e-01
1.319400e+00 9.393988e-01
1.319600e+00 9.306239e-01
1.319800e+00 9.221457e-01
1.320000e+00 9.139709e-01
1.320200e+00 9.061053e-01
1.320400e+00 8.985541e-01
1.320600e+00 8.913219e-01
1.320800e+00 8.844127e-01
1.321000e+00 8.778298e-01
1.321200e+00 8.715761e-01
1.321400e+00 8.656539e-01
1.321600e+00 8.600649e-01
1.321800e+00 8.548106e-01
1.322000e+00 8.498918e-01
1.322200e+00 8.453092e-01
1.322400e+00 8.410629e-01
1.322600e+00 8.371527e-01
1.322800e+00 8.335783e-01
1.323000e+00 8.303390e-01
1.323200e+00 8.274339e-01
1.323400e+00 8.248620e-01
1.323600e+00 8.226219e-01
1.323800e+00 8.207125e-01
1.324000e+00 8.191322e-01
1.324200e+00 8.178796e-01
1.324400e+00 8.169533e-01
1.324600e+00 8.163516e-01
1.324800e+00 8.160732e-01
1.325000e+00 8.161167e-01
1.325200e+00 8.164809e-01
1.325400e+00 8.171645e-01
1.325600e+00 8.181667e-01
1.325800e+00 8.194867e-01
1.326000e+00 8.211239e-01
1.326200e+00 8.230780e-01
1.326400e+00 8.253491e-01
1.326600e+00 8.279374e-01
1.326800e+00 8.308436e-01
1.327000e+00 8.340687e-01
1.327200e+00 8.376141e-01
1.327400e+00 8.414817e-01
1.327600e+00 8.456737e-01
1.327800e+00 8.501930e-01
1.328000e+00 8.550427e-01
1.328200e+00 8.602266e-01
1.328400e+00 8.657489e-01
1.328600e+00 8.716145e-01
1.328800e+00 8.778287e-01
1.329000e+00 8.843972e-01
1.329200e+00 8.913264e-01
1.329400e+00 8.986230e-01
1.329600e+00 9.062943e-01
1.329800e+00 9.143478e-01
1.330000e+00 9.227912e-01
1.330200e+00 9.316325e-01
1.330400e+00 9.408797e-01
1.330600e+00 9.505402e-01
1.330800e+00 9.606214e-01
1.331000e+00 9.711296e-01
1.331200e+00 9.820699e-01
1.331400e+00 9.934458e-01
1.331600e+00 1.005258e+00
1.331800e+00 1.017506e+00
1.332000e+00 1.030183e+00
1.332200e+00 1.043278e+00
1.332400e+00 1.056774e+00
1.332600e+00 1.070647e+00
1.332800e+00 1.084863e+00
1.333000e+00 1.099375e+00
1.333200e+00 1.114125e+00
1.333400e+00 1.129036e+00
1.333600e+00 1.144012e+00
1.333800e+00 1.158935e+00
1.334000e+00 1.173660e+00
1.334200e+00 1.188013e+00
1.334400e+00 1.201786e+00
1.334600e+00 1.214734e+00
1.334800e+00 1.226577e+00
1.335000e+00 1.236992e+00
1.335200e+00 1.245620e+00
1.335400e+00 1.252070e+00
1.335600e+00 1.255925e+00
1.335800e+00 1.256757e+00
1.336000e+00 1.254144e+00
1.336200e+00 1.247701e+00
1.336400e+00 1.237106e+00
1.336600e+00 1.222140e+00
1.336800e+00 1.202729e+00
1.337000e+00 1.178983e+00
1.337200e+00 1.151228e+00
1.337400e+00 1.120030e+00
1.337600e+00 1.086195e+00
1.337800e+00 1.050748e+00
1.338000e+00 1.014886e+00
1.338200e+00 9.799003e-01
1.338400e+00 9.470873e-01
1.338600e+00 9.176454e-01
1.338800e+00 8.925814e-01
1.339000e+00 8.726347e-01
1.339200e+00 8.582315e-01
1.339400e+00 8.494729e-01
1.339600e+00 8.461570e-01
1.339800e+00 8.478287e-01
1.340000e+00 8.538452e-01
1.340200e+00 8.634497e-01
1.340400e+00 8.758408e-01
1.340600e+00 8.902313e-01
1.340800e+00 9.058940e-01
1.341000e+00 9.221904e-01
1.341200e+00 9.385871e-01
1.341400e+00 9.546592e-01
1.341600e+00 9.700861e-01
1.341800e+00 9.846411e-01
1.342000e+00 9.981784e-01
1.342200e+00 1.010619e+00
1.342400e+00 1.021937e+00
1.342600e+00 1.032146e+00
1.342800e+00 1.041289e+00
1.343000e+00 1.049430e+00
1.343200e+00 1.056645e+00
1.343400e+00 1.063017e+00
1.343600e+00 1.068632e+00
1.343800e+00 1.073576e+00
1.344000e+00 1.077930e+00
1.344200e+00 1.081774e+00
1.344400e+00 1.085180e+00
1.344600e+00 1.088216e+00
1.344800e+00 1.090944e+00
1.345000e+00 1.093421e+00
1.345200e+00 1.095696e+00
1.345400e+00 1.097815e+00
1.345600e+00 1.099820e+00
1.345800e+00 1.101745e+00
1.346000e+00 1.103625e+00
1.346200e+00 1.105487e+00
1.346400e+00 1.107356e+00
1.346600e+00 1.109256e+00
1.346800e+00 1.111205e+00
1.347000e+00 1.113222e+00
1.347200e+00 1.115321e+00
1.347400e+00 1.117517e+00
1.347600e+00 1.119820e+00
1.347800e+00 1.122241e+00
1.348000e+00 1.124788e+00
1.348200e+00 1.127469e+00
1.348400e+00 1.130289e+00
1.348600e+00 1.133254e+00
1.348800e+00 1.136366e+00
1.349000e+00 1.139629e+00
1.349200e+00 1.143043e+00
1.349400e+00 1.146607e+00
1.349600e+00 1.150320e+00
1.349800e+00 1.154178e+00
1.350000e+00 1.158177e+00
1.350200e+00 1.162310e+00
1.350400e+00 1.166569e+00
1.350600e+00 1.170941e+00
1.350800e+00 1.175414e+00
1.351000e+00 1.179971e+00
1.351200e+00 1.184593e+00
1.351400e+00 1.189258e+00
1.351600e+00 1.193939e+00
1.351800e+00 1.198606e+00
1.352000e+00 1.203224e+00
1.352200e+00 1.207752e+00
1.352400e+00 1.212145e+00
1.352600e+00 1.216353e+00
1.352800e+00 1.220317e+00
1.353000e+00 1.223974e+00
1.353200e+00 1.227254e+00
1.353400e+00 1.230079e+00
1.353600e+00 1.232366e+00
1.353800e+00 1.234023e+00
1.354000e+00 1.234953e+00
1.354200e+00 1.235056e+00
1.354400e+00 1.234225e+00
1.354600e+00 1.232351e+00
1.354800e+00 1.229326e+00
1.355000e+00 1.225043e+00
1.355200e+00 1.219401e+00
1.355400e+00 1.212310e+00
1.355600e+00 1.203692e+00
1.355800e+00 1.193487e+00
1.356000e+00 1.181661e+00
1.356200e+00 1.168206e+00
1.356400e+00 1.153150e+00
1.356600e+00 1.136555e+00
1.356800e+00 1.118528e+00
1.357000e+00 1.099213e+00
1.357200e+00 1.078802e+00
1.357400e+00 1.057521e+00
1.357600e+00 1.035635e+00
1.357800e+00 1.013434e+00
1.358000e+00 9.912276e-01
1.358200e+00 9.693313e-01
1.358400e+00 9.480562e-01
1.358600e+00 9.276954e-01
1.358800e+00 9.085125e-01
1.359000e+00 8.907307e-01
1.359200e+00 8.745250e-01
1.359400e+00 8.600170e-01
1.359600e+00 8.472722e-01
1.359800e+00 8.363017e-01
1.360000e+00 8.270654e-01
1.360200e+00 8.194787e-01
1.360400e+00 8.134198e-01
1.360600e+00 8.087394e-01
1.360800e+00 8.052691e-01
1.361000e+00 8.028305e-01
1.361200e+00 8.012434e-01
1.361400e+00 8.003320e-01
1.361600e+00 7.999308e-01
1.361800e+00 7.998885e-01
1.362000e+00 8.000705e-01
1.362200e+00 8.003604e-01
1.362400e+00 8.006606e-01
1.362600e+00 8.008919e-01
1.362800e+00 8.009924e-01
1.363000e+00 8.009161e-01
1.363200e+00 8.006314e-01
1.363400e+00 8.001194e-01
1.363600e+00 7.993720e-01
1.363800e+00 7.983900e-01
1.364000e+00 7.971821e-01
1.364200e+00 7.957628e-01
1.364400e+00 7.941515e-01
1.364600e+00 7.923714e-01
1.364800e+00 7.904481e-01
1.365000e+00 7.884093e-01
1.365200e+00 7.862839e-01
1.365400e+00 7.841010e-01
1.365600e+00 7.818904e-01
1.365800e+00 7.796810e-01
1.366000e+00 7.775014e-01
1.366200e+00 7.753792e-01
1.366400e+00 7.733407e-01
1.366600e+00 7.714109e-01
1.366800e+00 7.696133e-01
1.367000e+00 7.679696e-01
1.367200e+00 7.664996e-01
1.367400e+00 7.652214e-01
1.367600e+00 7.641507e-01
1.367800e+00 7.633014e-01
1.368000e+00 7.626849e-01
1.368200e+00 7.623106e-01
1.368400e+00 7.621854e-01
1.368600e+00 7.623142e-01
1.368800e+00 7.626993e-01
1.369000e+00 7.633413e-01
1.369200e+00 7.642382e-01
1.369400e+00 7.653862e-01
1.369600e+00 7.667798e-01
1.369800e+00 7.684116e-01
1.370000e+00 7.702730e-01
1.370200e+00 7.723540e-01
1.370400e+00 7.746440e-01
1.370600e+00 7.771315e-01
1.370800e+00 7.798052e-01
1.371000e+00 7.826536e-01
1.371200e+00 7.856660e-01
1.371400e+00 7.888324e-01
1.371600e+00 7.921444e-01
1.371800e+00 7.955952e-01
1.372000e+00 7.991800e-01
1.372200e+00 8.028966e-01
1.372400e+00 8.067454e-01
1.372600e+00 8.107297e-01
1.372800e+00 8.148559e-01
1.373000e+00 8.191336e-01
1.373200e+00 8.235755e-01
1.373400e+00 8.281973e-01
1.373600e+00 8.330175e-01
1.373800e+00 8.380572e-01
1.374000e+00 8.433394e-01
1.374200e+00 8.488886e-01
1.374400e+00 8.547302e-01
1.374600e+00 8.608899e-01
1.374800e+00 8.673924e-01
1.375000e+00 8.742614e-01
1.375200e+00 8.815179e-01
1.375400e+00 8.891801e-01
1.375600e+00 8.972622e-01
1.375800e+00 9.057738e-01
1.376000e+00 9.147194e-01
1.376200e+00 9.240976e-01
1.376400e+00 9.339011e-01
1.376600e+00 9.441165e-01
1.376800e+00 9.547240e-01
1.377000e+00 9.656977e-01
1.377200e+00 9.770061e-01
1.377400e+00 9.886122e-01
1.377600e+00 1.000475e+00
1.377800e+00 1.012548e+00
1.378000e+00 1.024783e+00
1.378200e+00 1.037129e+00
1.378400e+00 1.049533e+00
1.378600e+00 1.061944e+00
1.378800e+00 1.074308e+00
1.379000e+00 1.086574e+00
1.379200e+00 1.098694e+00
1.379400e+00 1.110620e+00
1.379600e+00 1.122309e+00
1.379800e+00 1.133722e+00
1.380000e+00 1.144823e+00
1.380200e+00 1.155581e+00
1.380400e+00 1.165969e+00
1.380600e+00 1.175965e+00
1.380800e+00 1.185552e+00
1.381000e+00 1.194716e+00
1.381200e+00 1.203448e+00
1.381400e+00 1.211742e+00
1.381600e+00 1.219599e+00
1.381800e+00 1.227020e+00
1.382000e+00 1.234010e+00
1.382200e+00 1.240578e+00
1.382400e+00 1.246734e+00
1.382600e+00 1.252491e+00
1.382800e+00 1.257863e+00
1.383000e+00 1.262868e+00
1.383200e+00 1.267521e+00
1.383400e+00 1.271841e+00
1.383600e+00 1.275848e+00
1.383800e+00 1.279561e+00
1.384000e+00 1.282999e+00
1.384200e+00 1.286182e+00
1.384400e+00 1.289130e+00
1.384600e+00 1.291863e+00
1.384800e+00 1.294398e+00
1.385000e+00 1.296756e+00
1.385200e+00 1.298952e+00
1.385400e+00 1.301006e+00
1.385600e+00 1.302933e+00
1.385800e+00 1.304748e+00
1.386000e+00 1.306466e+00
1.386200e+00 1.308102e+00
1.386400e+00 1.309667e+00
1.386600e+00 1.311174e+00
1.386800e+00 1.312633e+00
1.387000e+00 1.314054e+00
1.387200e+00 1.315445e+00
1.387400e+00 1.316813e+00
1.387600e+00 1.318166e+00
1.387800e+00 1.319507e+00
1.388000e+00 1.320841e+00
1.388200e+00 1.322170e+00
1.388400e+00 1.323496e+00
1.388600e+00 1.324818e+00
1.388800e+00 1.326135e+00
1.389000e+00 1.327444e+00
1.389200e+00 1.328741e+00
1.389400e+00 1.330021e+00
1.389600e+00 1.331274e+00
1.389800e+00 1.332494e+00
1.390000e+00 1.333668e+00
1.390200e+00 1.334785e+00
1.390400e+00 1.335830e+00
1.390600e+00 1.336786e+00
1.390800e+00 1.337636e+00
1.391000e+00 1.338360e+00
1.391200e+00 1.338935e+00
1.391400e+00 1.339336e+00
1.391600e+00 1.339538e+00
1.391800e+00 1.339511e+00
1.392000e+00 1.339225e+00
1.392200e+00 1.338647e+00
1.392400e+00 1.337743e+00
1.392600e+00 1.336475e+00
1.392800e+00 1.334806e+00
1.393000e+00 1.332697e+00
1.393200e+00 1.330106e+00
1.393400e+00 1.326994e+00
1.393600e+00 1.323319e+00
1.393800e+00 1.319042e+00
1.394000e+00 1.314123e+00
1.394200e+00 1.308528e+00
1.394400e+00 1.302222e+00
1.394600e+00 1.295178e+00
1.394800e+00 1.287375e+00
1.395000e+00 1.278797e+00
1.395200e+00 1.269439e+00
1.395400e+00 1.259306e+00
1.395600e+00 1.248413e+00
1.395800e+00 1.236793e+00
1.396000e+00 1.224490e+00
1.396200e+00 1.211566e+00
1.396400e+00 1.198100e+00
1.396600e+00 1.184187e+00
1.396800e+00 1.169943e+00
1.397000e+00 1.155498e+00
1.397200e+00 1.140999e+00
1.397400e+00 1.126607e+00
1.397600e+00 1.112493e+00
1.397800e+00 1.098835e+00
1.398000e+00 1.085816e+00
1.398200e+00 1.073616e+00
1.398400e+00 1.062406e+00
1.398600e+00 1.052349e+00
1.398800e+00 1.043587e+00
1.399000e+00 1.036240e+00
1.399200e+00 1.030403e+00
1.399400e+00 1.026140e+00
1.399600e+00 1.023481e+00
1.399800e+00 1.022427e+00
