1.000000e+00 8.579776e-01
1.000200e+00 8.521084e-01
1.000400e+00 8.455031e-01
1.000600e+00 8.381574e-01
1.000800e+00 8.300775e-01
1.001000e+00 8.212806e-01
1.001200e+00 8.117967e-01
1.001400e+00 8.016695e-01
1.001600e+00 7.909578e-01
1.001800e+00 7.797354e-01
1.002000e+00 7.680919e-01
1.002200e+00 7.561325e-01
1.002400e+00 7.439772e-01
1.002600e+00 7.317597e-01
1.002800e+00 7.196259e-01
1.003000e+00 7.077311e-01
1.003200e+00 6.962376e-01
1.003400e+00 6.853115e-01
1.003600e+00 6.751187e-01
1.003800e+00 6.658213e-01
1.004000e+00 6.575737e-01
1.004200e+00 6.505185e-01
1.004400e+00 6.447833e-01
1.004600e+00 6.404770e-01
1.004800e+00 6.376877e-01
1.005000e+00 6.364802e-01
1.005200e+00 6.368952e-01
1.005400e+00 6.389488e-01
1.005600e+00 6.426326e-01
1.005800e+00 6.479151e-01
1.006000e+00 6.547432e-01
1.006200e+00 6.630447e-01
1.006400e+00 6.727308e-01
1.006600e+00 6.836991e-01
1.006800e+00 6.958367e-01
1.007000e+00 7.090233e-01
1.007200e+00 7.231340e-01
1.007400e+00 7.380424e-01
1.007600e+00 7.536225e-01
1.007800e+00 7.697514e-01
1.008000e+00 7.863106e-01
1.008200e+00 8.031877e-01
1.008400e+00 8.202774e-01
1.008600e+00 8.374819e-01
1.008800e+00 8.547119e-01
1.009000e+00 8.718862e-01
1.009200e+00 8.889318e-01
1.009400e+00 9.057840e-01
1.009600e+00 9.223858e-01
1.009800e+00 9.386872e-01
1.010000e+00 9.546453e-01
1.010200e+00 9.702233e-01
1.010400e+00 9.853905e-01
1.010600e+00 1.000121e+00
1.010800e+00 1.014395e+00
1.011000e+00 1.028195e+00
1.011200e+00 1.041510e+00
1.011400e+00 1.054330e+00
1.011600e+00 1.066653e+00
1.011800e+00 1.078475e+00
1.012000e+00 1.089800e+00
1.012200e+00 1.100630e+00
1.012400e+00 1.110973e+00
1.012600e+00 1.120839e+00
1.012800e+00 1.130240e+00
1.013000e+00 1.139188e+00
1.013200e+00 1.147700e+00
1.013400e+00 1.155790e+00
1.013600e+00 1.163478e+00
1.013800e+00 1.170780e+00
1.014000e+00 1.177713e+00
1.014200e+00 1.184296e+00
1.014400e+00 1.190543e+00
1.014600e+00 1.196469e+00
1.014800e+00 1.202088e+00
1.015000e+00 1.207410e+00
1.015200e+00 1.212444e+00
1.015400e+00 1.217197e+00
1.015600e+00 1.221672e+00
1.015800e+00 1.225871e+00
1.016000e+00 1.229793e+00
1.016200e+00 1.233435e+00
1.016400e+00 1.236795e+00
1.016600e+00 1.239866e+00
1.016800e+00 1.242642e+00
1.017000e+00 1.245117e+00
1.017200e+00 1.247284e+00
1.017400e+00 1.249137e+00
1.017600e+00 1.250671e+00
1.017800e+00 1.251880e+00
1.018000e+00 1.252761e+00
1.018200e+00 1.253314e+00
1.018400e+00 1.253536e+00
1.018600e+00 1.253430e+00
1.018800e+00 1.252999e+00
1.019000e+00 1.252247e+00
1.019200e+00 1.251179e+00
1.019400e+00 1.249803e+00
1.019600e+00 1.248127e+00
1.019800e+00 1.246161e+00
1.020000e+00 1.243916e+00
1.020200e+00 1.241401e+00
1.020400e+00 1.238630e+00
1.020600e+00 1.235614e+00
1.020800e+00 1.232365e+00
1.021000e+00 1.228896e+00
1.021200e+00 1.225220e+00
1.021400e+00 1.221349e+00
1.021600e+00 1.217295e+00
1.021800e+00 1.213072e+00
1.022000e+00 1.208690e+00
1.022200e+00 1.204161e+00
1.022400e+00 1.199497e+00
1.022600e+00 1.194709e+00
1.022800e+00 1.189806e+00
1.023000e+00 1.184801e+00
1.023200e+00 1.179701e+00
1.023400e+00 1.174518e+00
1.023600e+00 1.169260e+00
1.023800e+00 1.163935e+00
1.024000e+00 1.158553e+00
1.024200e+00 1.153122e+00
1.024400e+00 1.147649e+00
1.024600e+00 1.142142e+00
1.024800e+00 1.136610e+00
1.025000e+00 1.131058e+00
1.025200e+00 1.125494e+00
1.025400e+00 1.119925e+00
1.025600e+00 1.114357e+00
1.025800e+00 1.108796e+00
1.026000e+00 1.103249e+00
1.026200e+00 1.097722e+00
1.026400e+00 1.092221e+00
1.026600e+00 1.086751e+00
1.026800e+00 1.081318e+00
1.027000e+00 1.075927e+00
1.027200e+00 1.070583e+00
1.027400e+00 1.065292e+00
1.027600e+00 1.060057e+00
1.027800e+00 1.054885e+00
1.028000e+00 1.049780e+00
1.028200e+00 1.044745e+00
1.028400e+00 1.039786e+00
1.028600e+00 1.034906e+00
1.028800e+00 1.030110e+00
1.029000e+00 1.025401e+00
1.029200e+00 1.020783e+00
1.029400e+00 1.016260e+00
1.029600e+00 1.011834e+00
1.029800e+00 1.007509e+00
1.030000e+00 1.003289e+00
1.030200e+00 9.991752e-01
1.030400e+00 9.951716e-01
1.030600e+00 9.912805e-01
1.030800e+00 9.875045e-01
1.031000e+00 9.838458e-01
1.031200e+00 9.803067e-01
1.031400e+00 9.768893e-01
1.031600e+00 9.735955e-01
1.031800e+00 9.704272e-01
1.032000e+00 9.673860e-01
1.032200e+00 9.644736e-01
1.032400e+00 9.616915e-01
1.032600e+00 9.590408e-01
1.032800e+00 9.565230e-01
1.033000e+00 9.541391e-01
1.033200e+00 9.518902e-01
1.033400e+00 9.497771e-01
1.033600e+00 9.478008e-01
1.033800e+00 9.459620e-01
1.034000e+00 9.442613e-01
1.034200e+00 9.426993e-01
1.034400e+00 9.412765e-01
1.034600e+00 9.399934e-01
1.034800e+00 9.388502e-01
1.035000e+00 9.378473e-01
1.035200e+00 9.369850e-01
1.035400e+00 9.362633e-01
1.035600e+00 9.356825e-01
1.035800e+00 9.352425e-01
1.036000e+00 9.349434e-01
1.036200e+00 9.347853e-01
1.036400e+00 9.347679e-01
1.036600e+00 9.348913e-01
1.036800e+00 9.351553e-01
1.037000e+00 9.355598e-01
1.037200e+00 9.361046e-01
1.037400e+00 9.367895e-01
1.037600e+00 9.376142e-01
1.037800e+00 9.385786e-01
1.038000e+00 9.396825e-01
1.038200e+00 9.409254e-01
1.038400e+00 9.423072e-01
1.038600e+00 9.438276e-01
1.038800e+00 9.454863e-01
1.039000e+00 9.472830e-01
1.039200e+00 9.492174e-01
1.039400e+00 9.512892e-01
1.039600e+00 9.534979e-01
1.039800e+00 9.558433e-01
1.040000e+00 9.583250e-01
1.040200e+00 9.609425e-01
1.040400e+00 9.636954e-01
1.040600e+00 9.665832e-01
1.040800e+00 9.696054e-01
1.041000e+00 9.727613e-01
1.041200e+00 9.760501e-01
1.041400e+00 9.794712e-01
1.041600e+00 9.830234e-01
1.041800e+00 9.867057e-01
1.042000e+00 9.905167e-01
1.042200e+00 9.944548e-01
1.042400e+00 9.985183e-01
1.042600e+00 1.002705e+00
1.042800e+00 1.007012e+00
1.043000e+00 1.011437e+00
1.043200e+00 1.015977e+00
1.043400e+00 1.020626e+00
1.043600e+00 1.025380e+00
1.043800e+00 1.030235e+00
1.044000e+00 1.035182e+00
1.044200e+00 1.040215e+00
1.044400e+00 1.045325e+00
1.044600e+00 1.050501e+00
1.044800e+00 1.055732e+00
1.045000e+00 1.061005e+00
1.045200e+00 1.066303e+00
1.045400e+00 1.071610e+00
1.045600e+00 1.076904e+00
1.045800e+00 1.082163e+00
1.046000e+00 1.087359e+00
1.046200e+00 1.092465e+00
1.046400e+00 1.097445e+00
1.046600e+00 1.102262e+00
1.046800e+00 1.106873e+00
1.047000e+00 1.111231e+00
1.047200e+00 1.115282e+00
1.047400e+00 1.118968e+00
1.047600e+00 1.122224e+00
1.047800e+00 1.124978e+00
1.048000e+00 1.127153e+00
1.048200e+00 1.128665e+00
1.048400e+00 1.129423e+00
1.048600e+00 1.129330e+00
1.048800e+00 1.128283e+00
1.049000e+00 1.126178e+00
1.049200e+00 1.122903e+00
1.049400e+00 1.118350e+00
1.049600e+00 1.112408e+00
1.049800e+00 1.104975e+00
1.050000e+00 1.095953e+00
1.050200e+00 1.085259e+00
1.050400e+00 1.072828e+00
1.050600e+00 1.058617e+00
1.050800e+00 1.042614e+00
1.051000e+00 1.024840e+00
1.051200e+00 1.005359e+00
1.051400e+00 9.842828e-01
1.051600e+00 9.617717e-01
1.051800e+00 9.380412e-01
1.052000e+00 9.133603e-01
1.052200e+00 8.880499e-01
1.052400e+00 8.624766e-01
1.052600e+00 8.370446e-01
1.052800e+00 8.121831e-01
1.053000e+00 7.883316e-01
1.053200e+00 7.659225e-01
1.053400e+00 7.453630e-01
1.053600e+00 7.270173e-01
1.053800e+00 7.111896e-01
1.054000e+00 6.981109e-01
1.054200e+00 6.879294e-01
1.054400e+00 6.807054e-01
1.054600e+00 6.764119e-01
1.054800e+00 6.749395e-01
1.055000e+00 6.761061e-01
1.055200e+00 6.796691e-01
1.055400e+00 6.853408e-01
1.055600e+00 6.928039e-01
1.055800e+00 7.017267e-01
1.056000e+00 7.117775e-01
1.056200e+00 7.226362e-01
1.056400e+00 7.340047e-01
1.056600e+00 7.456133e-01
1.056800e+00 7.572256e-01
1.057000e+00 7.686405e-01
1.057200e+00 7.796928e-01
1.057400e+00 7.902518e-01
1.057600e+00 8.002189e-01
1.057800e+00 8.095245e-01
1.058000e+00 8.181244e-01
1.058200e+00 8.259963e-01
1.058400e+00 8.331360e-01
1.058600e+00 8.395537e-01
1.058800e+00 8.452714e-01
1.059000e+00 8.503196e-01
1.059200e+00 8.547351e-01
1.059400e+00 8.585590e-01
1.059600e+00 8.618349e-01
1.059800e+00 8.646075e-01
1.060000e+00 8.669219e-01
1.060200e+00 8.688220e-01
1.060400e+00 8.703508e-01
1.060600e+00 8.715494e-01
1.060800e+00 8.724566e-01
1.061000e+00 8.731095e-01
1.061200e+00 8.735425e-01
1.061400e+00 8.737878e-01
1.061600e+00 8.738755e-01
1.061800e+00 8.738334e-01
1.062000e+00 8.736875e-01
1.062200e+00 8.734617e-01
1.062400e+00 8.731783e-01
1.062600e+00 8.728579e-01
1.062800e+00 8.725197e-01
1.063000e+00 8.721818e-01
1.063200e+00 8.718608e-01
1.063400e+00 8.715725e-01
1.063600e+00 8.713318e-01
1.063800e+00 8.711525e-01
1.064000e+00 8.710481e-01
1.064200e+00 8.710311e-01
1.064400e+00 8.711136e-01
1.064600e+00 8.713071e-01
1.064800e+00 8.716226e-01
1.065000e+00 8.720707e-01
1.065200e+00 8.726613e-01
1.065400e+00 8.734042e-01
1.065600e+00 8.743086e-01
1.065800e+00 8.753831e-01
1.066000e+00 8.766359e-01
1.066200e+00 8.780747e-01
1.066400e+00 8.797066e-01
1.066600e+00 8.815381e-01
1.066800e+00 8.835749e-01
1.067000e+00 8.858222e-01
1.067200e+00 8.882842e-01
1.067400e+00 8.909645e-01
1.067600e+00 8.938656e-01
1.067800e+00 8.969893e-01
1.068000e+00 9.003364e-01
1.068200e+00 9.039064e-01
1.068400e+00 9.076981e-01
1.068600e+00 9.117090e-01
1.068800e+00 9.159358e-01
1.069000e+00 9.203739e-01
1.069200e+00 9.250175e-01
1.069400e+00 9.298600e-01
1.069600e+00 9.348936e-01
1.069800e+00 9.401095e-01
1.070000e+00 9.454980e-01
1.070200e+00 9.510484e-01
1.070400e+00 9.567492e-01
1.070600e+00 9.625880e-01
1.070800e+00 9.685520e-01
1.071000e+00 9.746275e-01
1.071200e+00 9.808004e-01
1.071400e+00 9.870562e-01
1.071600e+00 9.933801e-01
1.071800e+00 9.997570e-01
1.072000e+00 1.006172e+00
1.072200e+00 1.012609e+00
1.072400e+00 1.019054e+00
1.072600e+00 1.025491e+00
1.072800e+00 1.031905e+00
1.073000e+00 1.038283e+00
1.073200e+00 1.044610e+00
1.073400e+00 1.050872e+00
1.073600e+00 1.057056e+00
1.073800e+00 1.063150e+00
1.074000e+00 1.069141e+00
1.074200e+00 1.075017e+00
1.074400e+00 1.080768e+00
1.074600e+00 1.086383e+00
1.074800e+00 1.091852e+00
1.075000e+00 1.097165e+00
1.075200e+00 1.102314e+00
1.075400e+00 1.107291e+00
1.075600e+00 1.112086e+00
1.075800e+00 1.116694e+00
1.076000e+00 1.121106e+00
1.076200e+00 1.125315e+00
1.076400e+00 1.129315e+00
1.076600e+00 1.133100e+00
1.076800e+00 1.136663e+00
1.077000e+00 1.139998e+00
1.077200e+00 1.143099e+00
1.077400e+00 1.145959e+00
1.077600e+00 1.148572e+00
1.077800e+00 1.150933e+00
1.078000e+00 1.153034e+00
1.078200e+00 1.154868e+00
1.078400e+00 1.156429e+00
1.078600e+00 1.157711e+00
1.078800e+00 1.158704e+00
1.079000e+00 1.159403e+00
1.079200e+00 1.159798e+00
1.079400e+00 1.159883e+00
1.079600e+00 1.159648e+00
1.079800e+00 1.159085e+00
1.080000e+00 1.158185e+00
1.080200e+00 1.156939e+00
1.080400e+00 1.155340e+00
1.080600e+00 1.153376e+00
1.080800e+00 1.151041e+00
1.081000e+00 1.148324e+00
1.081200e+00 1.145218e+00
1.081400e+00 1.141713e+00
1.081600e+00 1.137803e+00
1.081800e+00 1.133479e+00
1.082000e+00 1.128735e+00
1.082200e+00 1.123565e+00
1.082400e+00 1.117964e+00
1.082600e+00 1.111926e+00
1.082800e+00 1.105451e+00
1.083000e+00 1.098534e+00
1.083200e+00 1.091176e+00
1.083400e+00 1.083378e+00
1.083600e+00 1.075141e+00
1.083800e+00 1.066470e+00
1.084000e+00 1.057371e+00
1.084200e+00 1.047851e+00
1.084400e+00 1.037919e+00
1.084600e+00 1.027588e+00
1.084800e+00 1.016869e+00
1.085000e+00 1.005779e+00
1.085200e+00 9.943354e-01
1.085400e+00 9.825563e-01
1.085600e+00 9.704631e-01
1.085800e+00 9.580788e-01
1.086000e+00 9.454279e-01
1.086200e+00 9.325367e-01
1.086400e+00 9.194328e-01
1.086600e+00 9.061454e-01
1.086800e+00 8.927047e-01
1.087000e+00 8.791418e-01
1.087200e+00 8.654888e-01
1.087400e+00 8.517784e-01
1.087600e+00 8.380435e-01
1.087800e+00 8.243174e-01
1.088000e+00 8.106333e-01
1.088200e+00 7.970240e-01
1.088400e+00 7.835220e-01
1.088600e+00 7.701590e-01
1.088800e+00 7.569660e-01
1.089000e+00 7.439728e-01
1.089200e+00 7.312080e-01
1.089400e+00 7.186988e-01
1.089600e+00 7.064711e-01
1.089800e+00 6.945488e-01
1.090000e+00 6.829545e-01
1.090200e+00 6.717086e-01
1.090400e+00 6.608300e-01
1.090600e+00 6.503355e-01
1.090800e+00 6.402400e-01
1.091000e+00 6.305566e-01
1.091200e+00 6.212966e-01
1.091400e+00 6.124693e-01
1.091600e+00 6.040824e-01
1.091800e+00 5.961417e-01
1.092000e+00 5.886517e-01
1.092200e+00 5.816151e-01
1.092400e+00 5.750333e-01
1.092600e+00 5.689065e-01
1.092800e+00 5.632335e-01
1.093000e+00 5.580123e-01
1.093200e+00 5.532398e-01
1.093400e+00 5.489122e-01
1.093600e+00 5.450248e-01
1.093800e+00 5.415726e-01
1.094000e+00 5.385499e-01
1.094200e+00 5.359509e-01
1.094400e+00 5.337694e-01
1.094600e+00 5.319992e-01
1.094800e+00 5.306339e-01
1.095000e+00 5.296672e-01
1.095200e+00 5.290931e-01
1.095400e+00 5.289057e-01
1.095600e+00 5.290992e-01
1.095800e+00 5.296684e-01
1.096000e+00 5.306083e-01
1.096200e+00 5.319143e-01
1.096400e+00 5.335823e-01
1.096600e+00 5.356086e-01
1.096800e+00 5.379900e-01
1.097000e+00 5.407235e-01
1.097200e+00 5.438069e-01
1.097400e+00 5.472381e-01
1.097600e+00 5.510154e-01
1.097800e+00 5.551374e-01
1.098000e+00 5.596029e-01
1.098200e+00 5.644108e-01
1.098400e+00 5.695603e-01
1.098600e+00 5.750501e-01
1.098800e+00 5.808790e-01
1.099000e+00 5.870456e-01
1.099200e+00 5.935477e-01
1.099400e+00 6.003830e-01
1.099600e+00 6.075480e-01
1.099800e+00 6.150387e-01
1.100000e+00 6.228498e-01
1.100200e+00 6.309750e-01
1.100400e+00 6.394065e-01
1.100600e+00 6.481353e-01
1.100800e+00 6.571506e-01
1.101000e+00 6.664400e-01
1.101200e+00 6.759893e-01
1.101400e+00 6.857827e-01
1.101600e+00 6.958021e-01
1.101800e+00 7.060281e-01
1.102000e+00 7.164392e-01
1.102200e+00 7.270122e-01
1.102400e+00 7.377225e-01
1.102600e+00 7.485437e-01
1.102800e+00 7.594486e-01
1.103000e+00 7.704087e-01
1.103200e+00 7.813946e-01
1.103400e+00 7.923767e-01
1.103600e+00 8.033248e-01
1.103800e+00 8.142091e-01
1.104000e+00 8.250000e-01
1.104200e+00 8.356684e-01
1.104400e+00 8.461866e-01
1.104600e+00 8.565276e-01
1.104800e+00 8.666664e-01
1.105000e+00 8.765791e-01
1.105200e+00 8.862444e-01
1.105400e+00 8.956424e-01
1.105600e+00 9.047558e-01
1.105800e+00 9.135694e-01
1.106000e+00 9.220705e-01
1.106200e+00 9.302484e-01
1.106400e+00 9.380949e-01
1.106600e+00 9.456042e-01
1.106800e+00 9.527725e-01
1.107000e+00 9.595981e-01
1.107200e+00 9.660812e-01
1.107400e+00 9.722241e-01
1.107600e+00 9.780304e-01
1.107800e+00 9.835055e-01
1.108000e+00 9.886559e-01
1.108200e+00 9.934896e-01
1.108400e+00 9.980152e-01
1.108600e+00 1.002243e+00
1.108800e+00 1.006182e+00
1.109000e+00 1.009845e+00
1.109200e+00 1.013241e+00
1.109400e+00 1.016384e+00
1.109600e+00 1.019285e+00
1.109800e+00 1.021956e+00
1.110000e+00 1.024409e+00
1.110200e+00 1.026655e+00
1.110400e+00 1.028707e+00
1.110600e+00 1.030575e+00
1.110800e+00 1.032270e+00
1.111000e+00 1.033805e+00
1.111200e+00 1.035188e+00
1.111400e+00 1.036430e+00
1.111600e+00 1.037541e+00
1.111800e+00 1.038529e+00
1.112000e+00 1.039404e+00
1.112200e+00 1.040174e+00
1.112400e+00 1.040846e+00
1.112600e+00 1.041427e+00
1.112800e+00 1.041926e+00
1.113000e+00 1.042348e+00
1.113200e+00 1.042699e+00
1.113400e+00 1.042985e+00
1.113600e+00 1.043212e+00
1.113800e+00 1.043383e+00
1.114000e+00 1.043504e+00
1.114200e+00 1.043578e+00
1.114400e+00 1.043610e+00
1.114600e+00 1.043603e+00
1.114800e+00 1.043559e+00
1.115000e+00 1.043483e+00
1.115200e+00 1.043375e+00
1.115400e+00 1.043239e+00
1.115600e+00 1.043076e+00
1.115800e+00 1.042888e+00
1.116000e+00 1.042677e+00
1.116200e+00 1.042444e+00
1.116400e+00 1.042189e+00
1.116600e+00 1.041914e+00
1.116800e+00 1.041619e+00
1.117000e+00 1.041305e+00
1.117200e+00 1.040972e+00
1.117400e+00 1.040619e+00
1.117600e+00 1.040248e+00
1.117800e+00 1.039857e+00
1.118000e+00 1.039446e+00
1.118200e+00 1.039015e+00
1.118400e+00 1.038563e+00
1.118600e+00 1.038090e+00
1.118800e+00 1.037594e+00
1.119000e+00 1.037074e+00
1.119200e+00 1.036530e+00
1.119400e+00 1.035960e+00
1.119600e+00 1.035363e+00
1.119800e+00 1.034737e+00
1.120000e+00 1.034082e+00
1.120200e+00 1.033396e+00
1.120400e+00 1.032676e+00
1.120600e+00 1.031923e+00
1.120800e+00 1.031133e+00
1.121000e+00 1.030305e+00
1.121200e+00 1.029438e+00
1.121400e+00 1.028530e+00
1.121600e+00 1.027579e+00
1.121800e+00 1.026582e+00
1.122000e+00 1.025539e+00
1.122200e+00 1.024448e+00
1.122400e+00 1.023305e+00
1.122600e+00 1.022110e+00
1.122800e+00 1.020860e+00
1.123000e+00 1.019553e+00
1.123200e+00 1.018188e+00
1.123400e+00 1.016760e+00
1.123600e+00 1.015270e+00
1.123800e+00 1.013713e+00
1.124000e+00 1.012087e+00
1.124200e+00 1.010389e+00
1.124400e+00 1.008618e+00
1.124600e+00 1.006769e+00
1.124800e+00 1.004839e+00
1.125000e+00 1.002825e+00
1.125200e+00 1.000723e+00
1.125400e+00 9.985297e-01
1.125600e+00 9.962398e-01
1.125800e+00 9.938493e-01
1.126000e+00 9.913531e-01
1.126200e+00 9.887459e-01
1.126400e+00 9.860221e-01
1.126600e+00 9.831758e-01
1.126800e+00 9.802003e-01
1.127000e+00 9.770889e-01
1.127200e+00 9.738344e-01
1.127400e+00 9.704291e-01
1.127600e+00 9.668649e-01
1.127800e+00 9.631333e-01
1.128000e+00 9.592257e-01
1.128200e+00 9.551327e-01
1.128400e+00 9.508450e-01
1.128600e+00 9.463530e-01
1.128800e+00 9.416467e-01
1.129000e+00 9.367163e-01
1.129200e+00 9.315519e-01
1.129400e+00 9.261436e-01
1.129600e+00 9.204820e-01
1.129800e+00 9.145578e-01
1.130000e+00 9.083625e-01
1.130200e+00 9.018883e-01
1.130400e+00 8.951281e-01
1.130600e+00 8.880764e-01
1.130800e+00 8.807288e-01
1.131000e+00 8.730828e-01
1.131200e+00 8.651379e-01
1.131400e+00 8.568957e-01
1.131600e+00 8.483608e-01
1.131800e+00 8.395406e-01
1.132000e+00 8.304459e-01
1.132200e+00 8.210912e-01
1.132400e+00 8.114951e-01
1.132600e+00 8.016807e-01
1.132800e+00 7.916759e-01
1.133000e+00 7.815135e-01
1.133200e+00 7.712320e-01
1.133400e+00 7.608751e-01
1.133600e+00 7.504925e-01
1.133800e+00 7.401395e-01
1.134000e+00 7.298774e-01
1.134200e+00 7.197728e-01
1.134400e+00 7.098980e-01
1.134600e+00 7.003298e-01
1.134800e+00 6.911498e-01
1.135000e+00 6.824430e-01
1.135200e+00 6.742972e-01
1.135400e+00 6.668019e-01
1.135600e+00 6.600473e-01
1.135800e+00 6.541225e-01
1.136000e+00 6.491147e-01
1.136200e+00 6.451071e-01
1.136400e+00 6.421774e-01
1.136600e+00 6.403966e-01
1.136800e+00 6.398267e-01
1.137000e+00 6.405198e-01
1.137200e+00 6.425165e-01
1.137400e+00 6.458444e-01
1.137600e+00 6.505176e-01
1.137800e+00 6.565354e-01
1.138000e+00 6.638823e-01
1.138200e+00 6.725276e-01
1.138400e+00 6.824256e-01
1.138600e+00 6.935162e-01
1.138800e+00 7.057258e-01
1.139000e+00 7.189683e-01
1.139200e+00 7.331463e-01
1.139400e+00 7.481533e-01
1.139600e+00 7.638751e-01
1.139800e+00 7.801915e-01
1.140000e+00 7.969790e-01
1.140200e+00 8.141120e-01
1.140400e+00 8.314650e-01
1.140600e+00 8.489147e-01
1.140800e+00 8.663411e-01
1.141000e+00 8.836297e-01
1.141200e+00 9.006720e-01
1.141400e+00 9.173671e-01
1.141600e+00 9.336226e-01
1.141800e+00 9.493547e-01
1.142000e+00 9.644890e-01
1.142200e+00 9.789605e-01
1.142400e+00 9.927137e-01
1.142600e+00 1.005702e+00
1.142800e+00 1.017889e+00
1.143000e+00 1.029245e+00
1.143200e+00 1.039749e+00
1.143400e+00 1.049389e+00
1.143600e+00 1.058156e+00
1.143800e+00 1.066050e+00
1.144000e+00 1.073077e+00
1.144200e+00 1.079245e+00
1.144400e+00 1.084567e+00
1.144600e+00 1.089062e+00
1.144800e+00 1.092748e+00
1.145000e+00 1.095648e+00
1.145200e+00 1.097786e+00
1.145400e+00 1.099188e+00
1.145600e+00 1.099881e+00
1.145800e+00 1.099892e+00
1.146000e+00 1.099251e+00
1.146200e+00 1.097987e+00
1.146400e+00 1.096127e+00
1.146600e+00 1.093702e+00
1.146800e+00 1.090740e+00
1.147000e+00 1.087272e+00
1.147200e+00 1.083325e+00
1.147400e+00 1.078930e+00
1.147600e+00 1.074114e+00
1.147800e+00 1.068908e+00
1.148000e+00 1.063339e+00
1.148200e+00 1.057436e+00
1.148400e+00 1.051227e+00
1.148600e+00 1.044742e+00
1.148800e+00 1.038009e+00
1.149000e+00 1.031055e+00
1.149200e+00 1.023910e+00
1.149400e+00 1.016601e+00
1.149600e+00 1.009157e+00
1.149800e+00 1.001607e+00
1.150000e+00 9.939768e-01
1.150200e+00 9.862953e-01
1.150400e+00 9.785896e-01
1.150600e+00 9.708864e-01
1.150800e+00 9.632121e-01
1.151000e+00 9.555925e-01
1.151200e+00 9.480525e-01
1.151400e+00 9.406163e-01
1.151600e+00 9.333070e-01
1.151800e+00 9.261469e-01
1.152000e+00 9.191569e-01
1.152200e+00 9.123568e-01
1.152400e+00 9.057648e-01
1.152600e+00 8.993979e-01
1.152800e+00 8.932716e-01
1.153000e+00 8.873996e-01
1.153200e+00 8.817941e-01
1.153400e+00 8.764656e-01
1.153600e+00 8.714231e-01
1.153800e+00 8.666737e-01
1.154000e+00 8.622228e-01
1.154200e+00 8.580744e-01
1.154400e+00 8.542306e-01
1.154600e+00 8.506922e-01
1.154800e+00 8.474582e-01
1.155000e+00 8.445265e-01
1.155200e+00 8.418935e-01
1.155400e+00 8.395543e-01
1.155600e+00 8.375029e-01
1.155800e+00 8.357323e-01
1.156000e+00 8.342345e-01
1.156200e+00 8.330006e-01
1.156400e+00 8.320211e-01
1.156600e+00 8.312857e-01
1.156800e+00 8.307838e-01
1.157000e+00 8.305042e-01
1.157200e+00 8.304355e-01
1.157400e+00 8.305659e-01
1.157600e+00 8.308837e-01
1.157800e+00 8.313771e-01
1.158000e+00 8.320340e-01
1.158200e+00 8.328428e-01
1.158400e+00 8.337918e-01
1.158600e+00 8.348697e-01
1.158800e+00 8.360651e-01
1.159000e+00 8.373674e-01
1.159200e+00 8.387659e-01
1.159400e+00 8.402505e-01
1.159600e+00 8.418114e-01
1.159800e+00 8.434391e-01
1.160000e+00 8.451246e-01
1.160200e+00 8.468595e-01
1.160400e+00 8.486356e-01
1.160600e+00 8.504451e-01
1.160800e+00 8.522807e-01
1.161000e+00 8.541356e-01
1.161200e+00 8.560033e-01
1.161400e+00 8.578776e-01
1.161600e+00 8.597528e-01
1.161800e+00 8.616236e-01
1.162000e+00 8.634849e-01
1.162200e+00 8.653319e-01
1.162400e+00 8.671603e-01
1.162600e+00 8.689659e-01
1.162800e+00 8.707448e-01
1.163000e+00 8.724933e-01
1.163200e+00 8.742080e-01
1.163400e+00 8.758856e-01
1.163600e+00 8.775230e-01
1.163800e+00 8.791173e-01
1.164000e+00 8.806656e-01
1.164200e+00 8.821652e-01
1.164400e+00 8.836134e-01
1.164600e+00 8.850076e-01
1.164800e+00 8.863453e-01
1.165000e+00 8.876239e-01
1.165200e+00 8.888408e-01
1.165400e+00 8.899936e-01
1.165600e+00 8.910795e-01
1.165800e+00 8.920959e-01
1.166000e+00 8.930401e-01
1.166200e+00 8.939091e-01
1.166400e+00 8.947000e-01
1.166600e+00 8.954098e-01
1.166800e+00 8.960352e-01
1.167000e+00 8.965726e-01
1.167200e+00 8.970186e-01
1.167400e+00 8.973694e-01
1.167600e+00 8.976209e-01
1.167800e+00 8.977689e-01
1.168000e+00 8.978090e-01
1.168200e+00 8.977368e-01
1.168400e+00 8.975477e-01
1.168600e+00 8.972381e-01
1.168800e+00 8.968066e-01
1.169000e+00 8.962641e-01
1.169200e+00 8.937901e-01
1.169400e+00 8.891369e-01
1.169600e+00 8.857942e-01
1.169800e+00 8.827276e-01
1.170000e+00 8.797391e-01
1.170200e+00 8.767455e-01
1.170400e+00 8.737020e-01
1.170600e+00 8.705804e-01
1.170800e+00 8.673613e-01
1.171000e+00 8.640309e-01
1.171200e+00 8.605787e-01
1.171400e+00 8.569968e-01
1.171600e+00 8.532791e-01
1.171800e+00 8.494214e-01
1.172000e+00 8.454208e-01
1.172200e+00 8.412757e-01
1.172400e+00 8.369861e-01
1.172600e+00 8.325530e-01
1.172800e+00 8.279790e-01
1.173000e+00 8.232681e-01
1.173200e+00 8.184257e-01
1.173400e+00 8.134587e-01
1.173600e+00 8.083759e-01
1.173800e+00 8.031875e-01
1.174000e+00 7.979058e-01
1.174200e+00 7.925447e-01
1.174400e+00 7.871200e-01
1.174600e+00 7.816497e-01
1.174800e+00 7.761535e-01
1.175000e+00 7.706533e-01
1.175200e+00 7.651727e-01
1.175400e+00 7.597374e-01
1.175600e+00 7.543749e-01
1.175800e+00 7.491140e-01
1.176000e+00 7.439852e-01
1.176200e+00 7.390203e-01
1.176400e+00 7.342519e-01
1.176600e+00 7.297130e-01
1.176800e+00 7.254370e-01
1.177000e+00 7.214572e-01
1.177200e+00 7.178057e-01
1.177400e+00 7.145137e-01
1.177600e+00 7.116105e-01
1.177800e+00 7.091228e-01
1.178000e+00 7.070746e-01
1.178200e+00 7.054859e-01
1.178400e+00 7.043729e-01
1.178600e+00 7.037470e-01
1.178800e+00 7.036143e-01
1.179000e+00 7.039757e-01
1.179200e+00 7.048258e-01
1.179400e+00 7.061536e-01
1.179600e+00 7.079418e-01
1.179800e+00 7.101670e-01
1.180000e+00 7.128002e-01
1.180200e+00 7.158065e-01
1.180400e+00 7.191462e-01
1.180600e+00 7.227752e-01
1.180800e+00 7.266453e-01
1.181000e+00 7.307056e-01
1.181200e+00 7.349029e-01
1.181400e+00 7.391826e-01
1.181600e+00 7.434899e-01
1.181800e+00 7.477706e-01
1.182000e+00 7.519717e-01
1.182200e+00 7.560425e-01
1.182400e+00 7.599354e-01
1.182600e+00 7.636064e-01
1.182800e+00 7.670157e-01
1.183000e+00 7.701281e-01
1.183200e+00 7.729136e-01
1.183400e+00 7.753474e-01
1.183600e+00 7.774100e-01
1.183800e+00 7.790876e-01
1.184000e+00 7.803716e-01
1.184200e+00 7.812587e-01
1.184400e+00 7.817509e-01
1.184600e+00 7.818546e-01
1.184800e+00 7.815813e-01
1.185000e+00 7.809462e-01
1.185200e+00 7.799689e-01
1.185400e+00 7.786722e-01
1.185600e+00 7.770823e-01
1.185800e+00 7.752281e-01
1.186000e+00 7.731412e-01
1.186200e+00 7.708553e-01
1.186400e+00 7.684060e-01
1.186600e+00 7.658304e-01
1.186800e+00 7.631671e-01
1.187000e+00 7.604555e-01
1.187200e+00 7.577358e-01
1.187400e+00 7.550488e-01
1.187600e+00 7.524356e-01
1.187800e+00 7.499371e-01
1.188000e+00 7.475942e-01
1.188200e+00 7.454472e-01
1.188400e+00 7.435359e-01
1.188600e+00 7.418992e-01
1.188800e+00 7.405747e-01
1.189000e+00 7.395989e-01
1.189200e+00 7.390066e-01
1.189400e+00 7.388309e-01
1.189600e+00 7.391029e-01
1.189800e+00 7.398515e-01
1.190000e+00 7.411033e-01
1.190200e+00 7.428821e-01
1.190400e+00 7.452092e-01
1.190600e+00 7.481028e-01
1.190800e+00 7.515781e-01
1.191000e+00 7.556471e-01
1.191200e+00 7.603186e-01
1.191400e+00 7.655978e-01
1.191600e+00 7.714868e-01
1.191800e+00 7.779840e-01
1.192000e+00 7.850845e-01
1.192200e+00 7.927801e-01
1.192400e+00 8.010590e-01
1.192600e+00 8.099064e-01
1.192800e+00 8.193044e-01
1.193000e+00 8.292321e-01
1.193200e+00 8.396658e-01
1.193400e+00 8.505795e-01
1.193600e+00 8.619446e-01
1.193800e+00 8.737306e-01
1.194000e+00 8.859050e-01
1.194200e+00 8.984341e-01
1.194400e+00 9.112826e-01
1.194600e+00 9.244144e-01
1.194800e+00 9.377927e-01
1.195000e+00 9.513803e-01
1.195200e+00 9.651399e-01
1.195400e+00 9.790341e-01
1.195600e+00 9.930263e-01
1.195800e+00 1.007080e+00
1.196000e+00 1.021160e+00
1.196200e+00 1.035233e+00
1.196400e+00 1.049264e+00
1.196600e+00 1.063223e+00
1.196800e+00 1.077079e+00
1.197000e+00 1.090804e+00
1.197200e+00 1.104371e+00
1.197400e+00 1.117756e+00
1.197600e+00 1.130935e+00
1.197800e+00 1.143887e+00
1.198000e+00 1.156594e+00
1.198200e+00 1.169038e+00
1.198400e+00 1.181203e+00
1.198600e+00 1.193077e+00
1.198800e+00 1.204648e+00
1.199000e+00 1.215906e+00
1.199200e+00 1.226843e+00
1.199400e+00 1.237452e+00
1.199600e+00 1.247728e+00
1.199800e+00 1.257668e+00
1.200000e+00 1.267269e+00
1.200200e+00 1.276531e+00
1.200400e+00 1.285452e+00
1.200600e+00 1.294036e+00
1.200800e+00 1.302283e+00
1.201000e+00 1.310196e+00
1.201200e+00 1.317778e+00
1.201400e+00 1.325035e+00
1.201600e+00 1.331970e+00
1.201800e+00 1.338588e+00
1.202000e+00 1.344895e+00
1.202200e+00 1.350896e+00
1.202400e+00 1.356598e+00
1.202600e+00 1.362005e+00
1.202800e+00 1.367124e+00
1.203000e+00 1.371961e+00
1.203200e+00 1.376521e+00
1.203400e+00 1.380810e+00
1.203600e+00 1.384832e+00
1.203800e+00 1.388594e+00
1.204000e+00 1.392100e+00
1.204200e+00 1.395354e+00
1.204400e+00 1.398361e+00
1.204600e+00 1.401124e+00
1.204800e+00 1.403646e+00
1.205000e+00 1.405931e+00
1.205200e+00 1.407981e+00
1.205400e+00 1.409799e+00
1.205600e+00 1.411385e+00
1.205800e+00 1.412742e+00
1.206000e+00 1.413870e+00
1.206200e+00 1.414771e+00
1.206400e+00 1.415445e+00
1.206600e+00 1.415892e+00
1.206800e+00 1.416113e+00
1.207000e+00 1.416107e+00
1.207200e+00 1.415875e+00
1.207400e+00 1.415418e+00
1.207600e+00 1.414735e+00
1.207800e+00 1.413827e+00
1.208000e+00 1.412696e+00
1.208200e+00 1.411343e+00
1.208400e+00 1.409771e+00
1.208600e+00 1.407983e+00
1.208800e+00 1.405982e+00
1.209000e+00 1.403775e+00
1.209200e+00 1.401367e+00
1.209400e+00 1.398767e+00
1.209600e+00 1.395985e+00
1.209800e+00 1.393032e+00
1.210000e+00 1.389921e+00
1.210200e+00 1.386668e+00
1.210400e+00 1.383290e+00
1.210600e+00 1.379807e+00
1.210800e+00 1.376243e+00
1.211000e+00 1.372620e+00
1.211200e+00 1.368967e+00
1.211400e+00 1.365314e+00
1.211600e+00 1.361691e+00
1.211800e+00 1.358134e+00
1.212000e+00 1.354679e+00
1.212200e+00 1.351362e+00
1.212400e+00 1.348224e+00
1.212600e+00 1.345305e+00
1.212800e+00 1.342646e+00
1.213000e+00 1.340287e+00
1.213200e+00 1.338269e+00
1.213400e+00 1.336631e+00
1.213600e+00 1.335410e+00
1.213800e+00 1.334641e+00
1.214000e+00 1.334355e+00
1.214200e+00 1.334580e+00
1.214400e+00 1.335338e+00
1.214600e+00 1.336647e+00
1.214800e+00 1.338518e+00
1.215000e+00 1.340958e+00
1.215200e+00 1.343965e+00
1.215400e+00 1.347530e+00
1.215600e+00 1.351639e+00
1.215800e+00 1.356269e+00
1.216000e+00 1.361391e+00
1.216200e+00 1.366970e+00
1.216400e+00 1.372964e+00
1.216600e+00 1.379327e+00
1.216800e+00 1.386007e+00
1.217000e+00 1.392947e+00
1.217200e+00 1.400090e+00
1.217400e+00 1.407374e+00
1.217600e+00 1.414738e+00
1.217800e+00 1.422118e+00
1.218000e+00 1.429454e+00
1.218200e+00 1.436686e+00
1.218400e+00 1.443754e+00
1.218600e+00 1.450604e+00
1.218800e+00 1.457184e+00
1.219000e+00 1.463448e+00
1.219200e+00 1.469352e+00
1.219400e+00 1.474857e+00
1.219600e+00 1.479932e+00
1.219800e+00 1.484547e+00
1.220000e+00 1.488679e+00
1.220200e+00 1.492311e+00
1.220400e+00 1.495429e+00
1.220600e+00 1.498024e+00
1.220800e+00 1.500092e+00
1.221000e+00 1.501633e+00
1.221200e+00 1.502651e+00
1.221400e+00 1.503153e+00
1.221600e+00 1.503149e+00
1.221800e+00 1.502653e+00
1.222000e+00 1.501680e+00
1.222200e+00 1.500249e+00
1.222400e+00 1.498379e+00
1.222600e+00 1.496093e+00
1.222800e+00 1.493413e+00
1.223000e+00 1.490365e+00
1.223200e+00 1.486973e+00
1.223400e+00 1.483263e+00
1.223600e+00 1.479262e+00
1.223800e+00 1.474998e+00
1.224000e+00 1.470498e+00
1.224200e+00 1.465788e+00
1.224400e+00 1.460897e+00
1.224600e+00 1.455852e+00
1.224800e+00 1.450679e+00
1.225000e+00 1.445403e+00
1.225200e+00 1.440052e+00
1.225400e+00 1.434650e+00
1.225600e+00 1.429221e+00
1.225800e+00 1.423788e+00
1.226000e+00 1.418374e+00
1.226200e+00 1.412999e+00
1.226400e+00 1.407684e+00
1.226600e+00 1.402447e+00
1.226800e+00 1.397307e+00
1.227000e+00 1.392279e+00
1.227200e+00 1.387378e+00
1.227400e+00 1.382618e+00
1.227600e+00 1.378011e+00
1.227800e+00 1.373567e+00
1.228000e+00 1.369296e+00
1.228200e+00 1.365206e+00
1.228400e+00 1.361304e+00
1.228600e+00 1.357593e+00
1.228800e+00 1.354078e+00
1.229000e+00 1.350761e+00
1.229200e+00 1.347642e+00
1.229400e+00 1.344722e+00
1.229600e+00 1.341998e+00
1.229800e+00 1.339467e+00
1.230000e+00 1.337124e+00
1.230200e+00 1.334965e+00
1.230400e+00 1.332983e+00
1.230600e+00 1.331170e+00
1.230800e+00 1.329517e+00
1.231000e+00 1.328015e+00
1.231200e+00 1.326653e+00
1.231400e+00 1.325421e+00
1.231600e+00 1.324306e+00
1.231800e+00 1.323295e+00
1.232000e+00 1.322377e+00
1.232200e+00 1.321536e+00
1.232400e+00 1.320761e+00
1.232600e+00 1.320036e+00
1.232800e+00 1.319348e+00
1.233000e+00 1.318683e+00
1.233200e+00 1.318026e+00
1.233400e+00 1.317364e+00
1.233600e+00 1.316683e+00
1.233800e+00 1.315970e+00
1.234000e+00 1.315213e+00
1.234200e+00 1.314400e+00
1.234400e+00 1.313518e+00
1.234600e+00 1.312558e+00
1.234800e+00 1.311509e+00
1.235000e+00 1.310363e+00
1.235200e+00 1.309110e+00
1.235400e+00 1.307744e+00
1.235600e+00 1.306259e+00
1.235800e+00 1.304648e+00
1.236000e+00 1.302908e+00
1.236200e+00 1.301036e+00
1.236400e+00 1.299028e+00
1.236600e+00 1.296883e+00
1.236800e+00 1.294602e+00
1.237000e+00 1.292183e+00
1.237200e+00 1.289629e+00
1.237400e+00 1.286942e+00
1.237600e+00 1.284123e+00
1.237800e+00 1.281178e+00
1.238000e+00 1.278110e+00
1.238200e+00 1.274924e+00
1.238400e+00 1.271626e+00
1.238600e+00 1.268221e+00
1.238800e+00 1.264716e+00
1.239000e+00 1.261118e+00
1.239200e+00 1.257433e+00
1.239400e+00 1.253669e+00
1.239600e+00 1.249834e+00
1.239800e+00 1.245934e+00
1.240000e+00 1.241979e+00
1.240200e+00 1.237975e+00
1.240400e+00 1.233930e+00
1.240600e+00 1.229853e+00
1.240800e+00 1.225750e+00
1.241000e+00 1.221631e+00
1.241200e+00 1.217501e+00
1.241400e+00 1.213368e+00
1.241600e+00 1.209240e+00
1.241800e+00 1.205123e+00
1.242000e+00 1.201024e+00
1.242200e+00 1.196949e+00
1.242400e+00 1.192904e+00
1.242600e+00 1.188896e+00
1.242800e+00 1.184928e+00
1.243000e+00 1.181008e+00
1.243200e+00 1.177139e+00
1.243400e+00 1.173327e+00
1.243600e+00 1.169575e+00
1.243800e+00 1.165887e+00
1.244000e+00 1.162267e+00
1.244200e+00 1.158718e+00
1.244400e+00 1.155242e+00
1.244600e+00 1.151844e+00
1.244800e+00 1.148523e+00
1.245000e+00 1.145283e+00
1.245200e+00 1.142126e+00
1.245400e+00 1.139051e+00
1.245600e+00 1.136059e+00
1.245800e+00 1.133153e+00
1.246000e+00 1.130330e+00
1.246200e+00 1.127592e+00
1.246400e+00 1.124937e+00
1.246600e+00 1.122364e+00
1.246800e+00 1.119873e+00
1.247000e+00 1.117461e+00
1.247200e+00 1.115126e+00
1.247400e+00 1.112865e+00
1.247600e+00 1.110677e+00
1.247800e+00 1.108557e+00
1.248000e+00 1.106502e+00
1.248200e+00 1.104507e+00
1.248400e+00 1.102568e+00
1.248600e+00 1.100681e+00
1.248800e+00 1.098838e+00
1.249000e+00 1.097035e+00
1.249200e+00 1.095265e+00
1.249400e+00 1.093521e+00
1.249600e+00 1.091796e+00
1.249800e+00 1.090080e+00
1.250000e+00 1.088367e+00
1.250200e+00 1.086647e+00
1.250400e+00 1.084909e+00
1.250600e+00 1.083145e+00
1.250800e+00 1.081343e+00
1.251000e+00 1.079491e+00
1.251200e+00 1.077578e+00
1.251400e+00 1.075592e+00
1.251600e+00 1.073518e+00
1.251800e+00 1.071344e+00
1.252000e+00 1.069056e+00
1.252200e+00 1.066638e+00
1.252400e+00 1.064076e+00
1.252600e+00 1.061354e+00
1.252800e+00 1.058457e+00
1.253000e+00 1.055368e+00
1.253200e+00 1.052072e+00
1.253400e+00 1.048551e+00
1.253600e+00 1.044791e+00
1.253800e+00 1.040774e+00
1.254000e+00 1.036485e+00
1.254200e+00 1.031909e+00
1.254400e+00 1.027032e+00
1.254600e+00 1.021840e+00
1.254800e+00 1.016321e+00
1.255000e+00 1.010464e+00
1.255200e+00 1.004260e+00
1.255400e+00 9.977026e-01
1.255600e+00 9.907865e-01
1.255800e+00 9.835097e-01
1.256000e+00 9.758736e-01
1.256200e+00 9.678823e-01
1.256400e+00 9.595440e-01
1.256600e+00 9.508707e-01
1.256800e+00 9.418788e-01
1.257000e+00 9.325892e-01
1.257200e+00 9.230275e-01
1.257400e+00 9.132245e-01
1.257600e+00 9.032158e-01
1.257800e+00 8.930421e-01
1.258000e+00 8.827493e-01
1.258200e+00 8.723879e-01
1.258400e+00 8.620132e-01
1.258600e+00 8.516843e-01
1.258800e+00 8.414644e-01
1.259000e+00 8.314192e-01
1.259200e+00 8.216171e-01
1.259400e+00 8.121274e-01
1.259600e+00 8.030200e-01
1.259800e+00 7.943641e-01
1.260000e+00 7.862269e-01
1.260200e+00 7.786727e-01
1.260400e+00 7.717615e-01
1.260600e+00 7.655481e-01
1.260800e+00 7.600809e-01
1.261000e+00 7.554005e-01
1.261200e+00 7.515397e-01
1.261400e+00 7.485219e-01
1.261600e+00 7.463611e-01
1.261800e+00 7.450616e-01
1.262000e+00 7.446173e-01
1.262200e+00 7.450127e-01
1.262400e+00 7.462224e-01
1.262600e+00 7.482122e-01
1.262800e+00 7.509393e-01
1.263000e+00 7.543539e-01
1.263200e+00 7.583994e-01
1.263400e+00 7.630142e-01
1.263600e+00 7.681325e-01
1.263800e+00 7.736856e-01
1.264000e+00 7.796033e-01
1.264200e+00 7.858147e-01
1.264400e+00 7.922497e-01
1.264600e+00 7.988398e-01
1.264800e+00 8.055190e-01
1.265000e+00 8.122249e-01
1.265200e+00 8.188988e-01
1.265400e+00 8.254868e-01
1.265600e+00 8.319398e-01
1.265800e+00 8.382140e-01
1.266000e+00 8.442708e-01
1.266200e+00 8.500771e-01
1.266400e+00 8.556049e-01
1.266600e+00 8.608316e-01
1.266800e+00 8.657392e-01
1.267000e+00 8.703146e-01
1.267200e+00 8.745489e-01
1.267400e+00 8.784372e-01
1.267600e+00 8.819779e-01
1.267800e+00 8.851729e-01
1.268000e+00 8.880269e-01
1.268200e+00 8.905469e-01
1.268400e+00 8.927419e-01
1.268600e+00 8.946228e-01
1.268800e+00 8.962019e-01
1.269000e+00 8.974925e-01
1.269200e+00 8.985086e-01
1.269400e+00 8.992652e-01
1.269600e+00 8.997772e-01
1.269800e+00 9.000600e-01
1.270000e+00 9.001288e-01
1.270200e+00 8.999986e-01
1.270400e+00 8.996843e-01
1.270600e+00 8.992003e-01
1.270800e+00 8.985605e-01
1.271000e+00 8.977784e-01
1.271200e+00 8.968667e-01
1.271400e+00 8.958376e-01
1.271600e+00 8.947026e-01
1.271800e+00 8.934725e-01
1.272000e+00 8.921573e-01
1.272200e+00 8.907666e-01
1.272400e+00 8.893090e-01
1.272600e+00 8.877925e-01
1.272800e+00 8.862246e-01
1.273000e+00 8.846120e-01
1.273200e+00 8.829608e-01
1.273400e+00 8.812765e-01
1.273600e+00 8.795642e-01
1.273800e+00 8.778283e-01
1.274000e+00 8.760728e-01
1.274200e+00 8.743010e-01
1.274400e+00 8.725161e-01
1.274600e+00 8.707208e-01
1.274800e+00 8.689172e-01
1.275000e+00 8.671073e-01
1.275200e+00 8.652927e-01
1.275400e+00 8.634748e-01
1.275600e+00 8.616547e-01
1.275800e+00 8.598333e-01
1.276000e+00 8.580112e-01
1.276200e+00 8.561890e-01
1.276400e+00 8.543671e-01
1.276600e+00 8.525458e-01
1.276800e+00 8.507253e-01
1.277000e+00 8.489058e-01
1.277200e+00 8.470873e-01
1.277400e+00 8.452699e-01
1.277600e+00 8.434539e-01
1.277800e+00 8.416392e-01
1.278000e+00 8.398262e-01
1.278200e+00 8.380149e-01
1.278400e+00 8.362058e-01
1.278600e+00 8.343992e-01
1.278800e+00 8.325956e-01
1.279000e+00 8.307956e-01
1.279200e+00 8.290000e-01
1.279400e+00 8.272096e-01
1.279600e+00 8.254254e-01
1.279800e+00 8.236485e-01
1.280000e+00 8.218802e-01
1.280200e+00 8.201219e-01
1.280400e+00 8.183751e-01
1.280600e+00 8.166416e-01
1.280800e+00 8.149232e-01
1.281000e+00 8.132218e-01
1.281200e+00 8.115396e-01
1.281400e+00 8.098786e-01
1.281600e+00 8.082412e-01
1.281800e+00 8.066298e-01
1.282000e+00 8.050469e-01
1.282200e+00 8.034950e-01
1.282400e+00 8.019766e-01
1.282600e+00 8.004944e-01
1.282800e+00 7.990511e-01
1.283000e+00 7.976492e-01
1.283200e+00 7.962913e-01
1.283400e+00 7.949800e-01
1.283600e+00 7.937179e-01
1.283800e+00 7.925072e-01
1.284000e+00 7.913504e-01
1.284200e+00 7.902497e-01
1.284400e+00 7.892070e-01
1.284600e+00 7.882244e-01
1.284800e+00 7.873035e-01
1.285000e+00 7.864458e-01
1.285200e+00 7.856526e-01
1.285400e+00 7.849250e-01
1.285600e+00 7.842640e-01
1.285800e+00 7.836699e-01
1.286000e+00 7.831431e-01
1.286200e+00 7.826836e-01
1.286400e+00 7.822911e-01
1.286600e+00 7.819650e-01
1.286800e+00 7.817044e-01
1.287000e+00 7.815080e-01
1.287200e+00 7.813742e-01
1.287400e+00 7.813011e-01
1.287600e+00 7.812863e-01
1.287800e+00 7.813274e-01
1.288000e+00 7.814211e-01
1.288200e+00 7.815643e-01
1.288400e+00 7.817532e-01
1.288600e+00 7.819837e-01
1.288800e+00 7.822514e-01
1.289000e+00 7.825515e-01
1.289200e+00 7.828789e-01
1.289400e+00 7.832280e-01
1.289600e+00 7.835930e-01
1.289800e+00 7.839678e-01
1.290000e+00 7.843457e-01
1.290200e+00 7.847199e-01
1.290400e+00 7.850832e-01
1.290600e+00 7.854282e-01
1.290800e+00 7.857469e-01
1.291000e+00 7.860314e-01
1.291200e+00 7.862733e-01
1.291400e+00 7.864641e-01
1.291600e+00 7.865948e-01
1.291800e+00 7.866565e-01
1.292000e+00 7.866402e-01
1.292200e+00 7.865365e-01
1.292400e+00 7.863361e-01
1.292600e+00 7.860296e-01
1.292800e+00 7.856079e-01
1.293000e+00 7.850615e-01
1.293200e+00 7.843816e-01
1.293400e+00 7.835592e-01
1.293600e+00 7.825860e-01
1.293800e+00 7.814538e-01
1.294000e+00 7.801551e-01
1.294200e+00 7.786830e-01
1.294400e+00 7.770313e-01
1.294600e+00 7.751946e-01
1.294800e+00 7.731685e-01
1.295000e+00 7.709499e-01
1.295200e+00 7.685365e-01
1.295400e+00 7.659276e-01
1.295600e+00 7.631241e-01
1.295800e+00 7.601283e-01
1.296000e+00 7.569441e-01
1.296200e+00 7.535774e-01
1.296400e+00 7.500359e-01
1.296600e+00 7.463294e-01
1.296800e+00 7.424695e-01
1.297000e+00 7.384700e-01
1.297200e+00 7.343467e-01
1.297400e+00 7.301175e-01
1.297600e+00 7.258022e-01
1.297800e+00 7.214226e-01
1.298000e+00 7.170022e-01
1.298200e+00 7.125662e-01
1.298400e+00 7.081412e-01
1.298600e+00 7.037551e-01
1.298800e+00 6.994369e-01
1.299000e+00 6.952160e-01
1.299200e+00 6.911227e-01
1.299400e+00 6.871870e-01
1.299600e+00 6.834391e-01
1.299800e+00 6.799085e-01
1.300000e+00 6.766237e-01
1.300200e+00 6.736124e-01
1.300400e+00 6.709006e-01
1.300600e+00 6.685125e-01
1.300800e+00 6.664704e-01
1.301000e+00 6.647943e-01
1.301200e+00 6.635018e-01
1.301400e+00 6.626077e-01
1.301600e+00 6.621242e-01
1.301800e+00 6.620607e-01
1.302000e+00 6.624238e-01
1.302200e+00 6.632170e-01
1.302400e+00 6.644412e-01
1.302600e+00 6.660946e-01
1.302800e+00 6.681728e-01
1.303000e+00 6.706689e-01
1.303200e+00 6.735738e-01
1.303400e+00 6.768763e-01
1.303600e+00 6.805634e-01
1.303800e+00 6.846205e-01
1.304000e+00 6.890316e-01
1.304200e+00 6.937795e-01
1.304400e+00 6.988462e-01
1.304600e+00 7.042131e-01
1.304800e+00 7.098609e-01
1.305000e+00 7.157701e-01
1.305200e+00 7.219214e-01
1.305400e+00 7.282954e-01
1.305600e+00 7.348729e-01
1.305800e+00 7.416353e-01
1.306000e+00 7.485645e-01
1.306200e+00 7.556430e-01
1.306400e+00 7.628541e-01
1.306600e+00 7.701819e-01
1.306800e+00 7.776113e-01
1.307000e+00 7.851282e-01
1.307200e+00 7.927193e-01
1.307400e+00 8.003723e-01
1.307600e+00 8.080760e-01
1.307800e+00 8.158199e-01
1.308000e+00 8.235945e-01
1.308200e+00 8.313914e-01
1.308400e+00 8.392027e-01
1.308600e+00 8.470217e-01
1.308800e+00 8.548423e-01
1.309000e+00 8.626591e-01
1.309200e+00 8.704677e-01
1.309400e+00 8.782641e-01
1.309600e+00 8.860451e-01
1.309800e+00 8.938080e-01
1.310000e+00 9.015507e-01
1.310200e+00 9.092715e-01
1.310400e+00 9.169693e-01
1.310600e+00 9.246433e-01
1.310800e+00 9.322931e-01
1.311000e+00 9.399186e-01
1.311200e+00 9.475202e-01
1.311400e+00 9.550984e-01
1.311600e+00 9.626538e-01
1.311800e+00 9.701875e-01
1.312000e+00 9.777006e-01
1.312200e+00 9.851944e-01
1.312400e+00 9.926702e-01
1.312600e+00 1.000130e+00
1.312800e+00 1.007574e+00
1.313000e+00 1.015006e+00
1.313200e+00 1.022425e+00
1.313400e+00 1.029835e+00
1.313600e+00 1.037237e+00
1.313800e+00 1.044632e+00
1.314000e+00 1.052023e+00
1.314200e+00 1.059410e+00
1.314400e+00 1.066795e+00
1.314600e+00 1.074180e+00
1.314800e+00 1.081567e+00
1.315000e+00 1.088956e+00
1.315200e+00 1.096349e+00
1.315400e+00 1.103746e+00
1.315600e+00 1.111150e+00
1.315800e+00 1.118560e+00
1.316000e+00 1.125978e+00
1.316200e+00 1.133404e+00
1.316400e+00 1.140838e+00
1.316600e+00 1.148281e+00
1.316800e+00 1.155734e+00
1.317000e+00 1.163195e+00
1.317200e+00 1.170665e+00
1.317400e+00 1.178143e+00
1.317600e+00 1.185629e+00
1.317800e+00 1.193121e+00
1.318000e+00 1.200620e+00
1.318200e+00 1.208122e+00
1.318400e+00 1.215628e+00
1.318600e+00 1.223134e+00
1.318800e+00 1.230640e+00
1.319000e+00 1.238142e+00
1.319200e+00 1.245638e+00
1.319400e+00 1.253125e+00
1.319600e+00 1.260600e+00
1.319800e+00 1.268060e+00
1.320000e+00 1.275499e+00
1.320200e+00 1.282915e+00
1.320400e+00 1.290303e+00
1.320600e+00 1.297657e+00
1.320800e+00 1.304973e+00
1.321000e+00 1.312244e+00
1.321200e+00 1.319465e+00
1.321400e+00 1.326630e+00
1.321600e+00 1.333730e+00
1.321800e+00 1.340760e+00
1.322000e+00 1.347711e+00
1.322200e+00 1.354576e+00
1.322400e+00 1.361345e+00
1.322600e+00 1.368010e+00
1.322800e+00 1.374562e+00
1.323000e+00 1.380991e+00
1.323200e+00 1.387287e+00
1.323400e+00 1.393440e+00
1.323600e+00 1.399438e+00
1.323800e+00 1.405271e+00
1.324000e+00 1.410928e+00
1.324200e+00 1.416397e+00
1.324400e+00 1.421667e+00
1.324600e+00 1.426725e+00
1.324800e+00 1.431560e+00
1.325000e+00 1.436159e+00
1.325200e+00 1.440512e+00
1.325400e+00 1.444606e+00
1.325600e+00 1.448430e+00
1.325800e+00 1.451973e+00
1.326000e+00 1.455223e+00
1.326200e+00 1.458172e+00
1.326400e+00 1.460809e+00
1.326600e+00 1.463126e+00
1.326800e+00 1.465114e+00
1.327000e+00 1.466766e+00
1.327200e+00 1.468077e+00
1.327400e+00 1.469042e+00
1.327600e+00 1.469658e+00
1.327800e+00 1.469922e+00
1.328000e+00 1.469835e+00
1.328200e+00 1.469397e+00
1.328400e+00 1.468610e+00
1.328600e+00 1.467481e+00
1.328800e+00 1.466014e+00
1.329000e+00 1.464218e+00
1.329200e+00 1.462104e+00
1.329400e+00 1.459681e+00
1.329600e+00 1.456964e+00
1.329800e+00 1.453966e+00
1.330000e+00 1.450705e+00
1.330200e+00 1.447198e+00
1.330400e+00 1.443463e+00
1.330600e+00 1.439520e+00
1.330800e+00 1.435389e+00
1.331000e+00 1.431090e+00
1.331200e+00 1.426644e+00
1.331400e+00 1.422072e+00
1.331600e+00 1.417394e+00
1.331800e+00 1.412630e+00
1.332000e+00 1.407799e+00
1.332200e+00 1.402917e+00
1.332400e+00 1.398002e+00
1.332600e+00 1.393067e+00
1.332800e+00 1.388127e+00
1.333000e+00 1.383191e+00
1.333200e+00 1.378269e+00
1.333400e+00 1.373369e+00
1.333600e+00 1.368495e+00
1.333800e+00 1.363651e+00
1.334000e+00 1.358839e+00
1.334200e+00 1.354057e+00
1.334400e+00 1.349306e+00
1.334600e+00 1.344581e+00
1.334800e+00 1.339879e+00
1.335000e+00 1.335196e+00
1.335200e+00 1.330527e+00
1.335400e+00 1.325865e+00
1.335600e+00 1.321207e+00
1.335800e+00 1.316548e+00
1.336000e+00 1.311883e+00
1.336200e+00 1.307209e+00
1.336400e+00 1.302525e+00
1.336600e+00 1.297829e+00
1.336800e+00 1.293122e+00
1.337000e+00 1.288405e+00
1.337200e+00 1.283682e+00
1.337400e+00 1.278958e+00
1.337600e+00 1.274239e+00
1.337800e+00 1.269534e+00
1.338000e+00 1.264851e+00
1.338200e+00 1.260201e+00
1.338400e+00 1.255596e+00
1.338600e+00 1.251047e+00
1.338800e+00 1.246568e+00
1.339000e+00 1.242172e+00
1.339200e+00 1.237875e+00
1.339400e+00 1.233688e+00
1.339600e+00 1.229627e+00
1.339800e+00 1.225706e+00
1.340000e+00 1.221937e+00
1.340200e+00 1.218333e+00
1.340400e+00 1.214906e+00
1.340600e+00 1.211667e+00
1.340800e+00 1.208626e+00
1.341000e+00 1.205791e+00
1.341200e+00 1.203170e+00
1.341400e+00 1.200769e+00
1.341600e+00 1.198593e+00
1.341800e+00 1.196647e+00
1.342000e+00 1.194931e+00
1.342200e+00 1.193447e+00
1.342400e+00 1.192195e+00
1.342600e+00 1.191174e+00
1.342800e+00 1.190381e+00
1.343000e+00 1.189812e+00
1.343200e+00 1.189462e+00
1.343400e+00 1.189327e+00
1.343600e+00 1.189399e+00
1.343800e+00 1.189672e+00
1.344000e+00 1.190138e+00
1.344200e+00 1.190788e+00
1.344400e+00 1.191615e+00
1.344600e+00 1.192607e+00
1.344800e+00 1.193758e+00
1.345000e+00 1.195055e+00
1.345200e+00 1.196491e+00
1.345400e+00 1.198054e+00
1.345600e+00 1.199735e+00
1.345800e+00 1.201524e+00
1.346000e+00 1.203412e+00
1.346200e+00 1.205388e+00
1.346400e+00 1.207443e+00
1.346600e+00 1.209567e+00
1.346800e+00 1.211753e+00
1.347000e+00 1.213990e+00
1.347200e+00 1.216270e+00
1.347400e+00 1.218585e+00
1.347600e+00 1.220927e+00
1.347800e+00 1.223287e+00
1.348000e+00 1.225659e+00
1.348200e+00 1.228035e+00
1.348400e+00 1.230407e+00
1.348600e+00 1.232770e+00
1.348800e+00 1.235116e+00
1.349000e+00 1.237439e+00
1.349200e+00 1.239734e+00
1.349400e+00 1.241993e+00
1.349600e+00 1.244211e+00
1.349800e+00 1.246383e+00
1.350000e+00 1.248503e+00
1.350200e+00 1.250565e+00
1.350400e+00 1.252565e+00
1.350600e+00 1.254498e+00
1.350800e+00 1.256357e+00
1.351000e+00 1.258138e+00
1.351200e+00 1.259836e+00
1.351400e+00 1.261447e+00
1.351600e+00 1.262965e+00
1.351800e+00 1.264386e+00
1.352000e+00 1.265704e+00
1.352200e+00 1.266915e+00
1.352400e+00 1.268014e+00
1.352600e+00 1.268997e+00
1.352800e+00 1.269859e+00
1.353000e+00 1.270595e+00
1.353200e+00 1.271201e+00
1.353400e+00 1.271672e+00
1.353600e+00 1.272004e+00
1.353800e+00 1.272193e+00
1.354000e+00 1.272235e+00
1.354200e+00 1.272125e+00
1.354400e+00 1.271860e+00
1.354600e+00 1.271437e+00
1.354800e+00 1.270852e+00
1.355000e+00 1.270102e+00
1.355200e+00 1.269184e+00
1.355400e+00 1.268097e+00
1.355600e+00 1.266838e+00
1.355800e+00 1.265406e+00
1.356000e+00 1.263800e+00
1.356200e+00 1.262019e+00
1.356400e+00 1.260065e+00
1.356600e+00 1.257936e+00
1.356800e+00 1.255636e+00
1.357000e+00 1.253165e+00
1.357200e+00 1.250527e+00
1.357400e+00 1.247726e+00
1.357600e+00 1.244765e+00
1.357800e+00 1.241649e+00
1.358000e+00 1.238385e+00
1.358200e+00 1.234980e+00
1.358400e+00 1.231439e+00
1.358600e+00 1.227773e+00
1.358800e+00 1.223989e+00
1.359000e+00 1.220098e+00
1.359200e+00 1.216110e+00
1.359400e+00 1.212037e+00
1.359600e+00 1.207889e+00
1.359800e+00 1.203679e+00
1.360000e+00 1.199420e+00
1.360200e+00 1.195126e+00
1.360400e+00 1.190809e+00
1.360600e+00 1.186483e+00
1.360800e+00 1.182162e+00
1.361000e+00 1.177861e+00
1.361200e+00 1.173593e+00
1.361400e+00 1.169371e+00
1.361600e+00 1.165209e+00
1.361800e+00 1.161121e+00
1.362000e+00 1.157118e+00
1.362200e+00 1.153214e+00
1.362400e+00 1.149420e+00
1.362600e+00 1.145746e+00
1.362800e+00 1.142202e+00
1.363000e+00 1.138800e+00
1.363200e+00 1.135545e+00
1.363400e+00 1.132448e+00
1.363600e+00 1.129513e+00
1.363800e+00 1.126748e+00
1.364000e+00 1.124158e+00
1.364200e+00 1.121745e+00
1.364400e+00 1.119515e+00
1.364600e+00 1.117470e+00
1.364800e+00 1.115611e+00
1.365000e+00 1.113940e+00
1.365200e+00 1.112456e+00
1.365400e+00 1.111161e+00
1.365600e+00 1.110053e+00
1.365800e+00 1.109131e+00
1.366000e+00 1.108394e+00
1.366200e+00 1.107840e+00
1.366400e+00 1.107467e+00
1.366600e+00 1.107273e+00
1.366800e+00 1.107256e+00
1.367000e+00 1.107412e+00
1.367200e+00 1.107740e+00
1.367400e+00 1.108238e+00
1.367600e+00 1.108902e+00
1.367800e+00 1.109731e+00
1.368000e+00 1.110723e+00
1.368200e+00 1.111875e+00
1.368400e+00 1.113185e+00
1.368600e+00 1.114652e+00
1.368800e+00 1.116274e+00
1.369000e+00 1.118049e+00
1.369200e+00 1.119976e+00
1.369400e+00 1.122053e+00
1.369600e+00 1.124279e+00
1.369800e+00 1.126652e+00
1.370000e+00 1.129171e+00
1.370200e+00 1.131834e+00
1.370400e+00 1.134639e+00
1.370600e+00 1.137584e+00
1.370800e+00 1.140668e+00
1.371000e+00 1.143887e+00
1.371200e+00 1.147239e+00
1.371400e+00 1.150721e+00
1.371600e+00 1.154330e+00
1.371800e+00 1.158061e+00
1.372000e+00 1.161912e+00
1.372200e+00 1.165876e+00
1.372400e+00 1.169950e+00
1.372600e+00 1.174128e+00
1.372800e+00 1.178405e+00
1.373000e+00 1.182773e+00
1.373200e+00 1.187227e+00
1.373400e+00 1.191759e+00
1.373600e+00 1.196362e+00
1.373800e+00 1.201029e+00
1.374000e+00 1.205752e+00
1.374200e+00 1.210522e+00
1.374400e+00 1.215331e+00
1.374600e+00 1.220171e+00
1.374800e+00 1.225032e+00
1.375000e+00 1.229906e+00
1.375200e+00 1.234783e+00
1.375400e+00 1.239656e+00
1.375600e+00 1.244515e+00
1.375800e+00 1.249350e+00
1.376000e+00 1.254155e+00
1.376200e+00 1.258919e+00
1.376400e+00 1.263635e+00
1.376600e+00 1.268294e+00
1.376800e+00 1.272889e+00
1.377000e+00 1.277413e+00
1.377200e+00 1.281857e+00
1.377400e+00 1.286216e+00
1.377600e+00 1.290482e+00
1.377800e+00 1.294649e+00
1.378000e+00 1.298712e+00
1.378200e+00 1.302666e+00
1.378400e+00 1.306505e+00
1.378600e+00 1.310224e+00
1.378800e+00 1.313819e+00
1.379000e+00 1.317287e+00
1.379200e+00 1.320623e+00
1.379400e+00 1.323825e+00
1.379600e+00 1.326889e+00
1.379800e+00 1.329813e+00
1.380000e+00 1.332593e+00
1.380200e+00 1.335229e+00
1.380400e+00 1.337717e+00
1.380600e+00 1.340055e+00
1.380800e+00 1.342242e+00
1.381000e+00 1.344275e+00
1.381200e+00 1.346154e+00
1.381400e+00 1.347876e+00
1.381600e+00 1.349439e+00
1.381800e+00 1.350841e+00
1.382000e+00 1.352081e+00
1.382200e+00 1.353156e+00
1.382400e+00 1.354065e+00
1.382600e+00 1.354804e+00
1.382800e+00 1.355371e+00
1.383000e+00 1.355763e+00
1.383200e+00 1.355978e+00
1.383400e+00 1.356011e+00
1.383600e+00 1.355860e+00
1.383800e+00 1.355521e+00
1.384000e+00 1.354990e+00
1.384200e+00 1.354263e+00
1.384400e+00 1.353336e+00
1.384600e+00 1.352205e+00
1.384800e+00 1.350866e+00
1.385000e+00 1.349315e+00
1.385200e+00 1.347549e+00
1.385400e+00 1.345564e+00
1.385600e+00 1.343357e+00
1.385800e+00 1.340927e+00
1.386000e+00 1.338271e+00
1.386200e+00 1.335392e+00
1.386400e+00 1.332289e+00
1.386600e+00 1.328965e+00
1.386800e+00 1.325426e+00
1.387000e+00 1.321679e+00
1.387200e+00 1.317734e+00
1.387400e+00 1.313604e+00
1.387600e+00 1.309304e+00
1.387800e+00 1.304855e+00
1.388000e+00 1.300280e+00
1.388200e+00 1.295608e+00
1.388400e+00 1.290873e+00
1.388600e+00 1.286112e+00
1.388800e+00 1.281368e+00
1.389000e+00 1.276691e+00
1.389200e+00 1.272134e+00
1.389400e+00 1.267756e+00
1.389600e+00 1.263622e+00
1.389800e+00 1.259801e+00
1.390000e+00 1.256365e+00
1.390200e+00 1.253391e+00
1.390400e+00 1.250956e+00
1.390600e+00 1.249139e+00
1.390800e+00 1.248018e+00
1.391000e+00 1.247671e+00
1.391200e+00 1.248170e+00
1.391400e+00 1.249582e+00
1.391600e+00 1.251966e+00
1.391800e+00 1.255373e+00
1.392000e+00 1.259841e+00
1.392200e+00 1.265399e+00
1.392400e+00 1.272057e+00
1.392600e+00 1.279813e+00
1.392800e+00 1.288648e+00
1.393000e+00 1.298527e+00
1.393200e+00 1.309400e+00
1.393400e+00 1.321200e+00
1.393600e+00 1.333845e+00
1.393800e+00 1.347242e+00
1.394000e+00 1.361285e+00
1.394200e+00 1.375862e+00
1.394400e+00 1.390851e+00
1.394600e+00 1.406127e+00
1.394800e+00 1.421564e+00
1.395000e+00 1.437037e+00
1.395200e+00 1.452423e+00
1.395400e+00 1.467606e+00
1.395600e+00 1.482476e+00
1.395800e+00 1.496933e+00
1.396000e+00 1.510884e+00
1.396200e+00 1.524251e+00
1.396400e+00 1.536964e+00
1.396600e+00 1.548964e+00
1.396800e+00 1.560205e+00
1.397000e+00 1.570652e+00
1.397200e+00 1.580278e+00
1.397400e+00 1.589065e+00
1.397600e+00 1.597006e+00
1.397800e+00 1.604098e+00
1.398000e+00 1.610346e+00
1.398200e+00 1.615760e+00
1.398400e+00 1.620352e+00
1.398600e+00 1.624138e+00
1.398800e+00 1.627136e+00
1.399000e+00 1.629364e+00
1.399200e+00 1.630841e+00
1.399400e+00 1.631586e+00
1.399600e+00 1.631615e+00
1.399800e+00 1.630944e+00
