0.000000e+00 2.254479e+00
6.000000e-02 2.161183e+00
1.200000e-01 1.997916e+00
1.800000e-01 1.870018e+00
2.400000e-01 1.857746e+00
3.000000e-01 1.935405e+00
3.600000e-01 2.016325e+00
4.200000e-01 2.132570e+00
4.800000e-01 2.194699e+00
5.400000e-01 2.246011e+00
6.000000e-01 2.131272e+00
6.600000e-01 2.085919e+00
7.200000e-01 1.655389e+00
7.800000e-01 1.603650e+00
8.400000e-01 2.027821e+00
9.000000e-01 1.816560e+00
9.600000e-01 1.426898e+00
1.020000e+00 1.334427e+00
1.080000e+00 1.138037e+00
1.140000e+00 9.778430e-01
1.200000e+00 9.807282e-01
1.260000e+00 1.016842e+00
1.320000e+00 1.303793e+00
1.380000e+00 1.645932e+00
1.440000e+00 1.585564e+00
1.500000e+00 9.128110e-01
1.560000e+00 4.469569e-01
1.620000e+00 8.285121e-01
1.680000e+00 4.642490e-01
1.740000e+00 5.024310e-01
1.800000e+00 1.298839e+00
1.860000e+00 9.100488e-01
1.920000e+00 9.864095e-01
1.980000e+00 6.124761e-01
2.040000e+00 6.108874e-01
2.100000e+00 1.383122e+00
2.160000e+00 7.797557e-01
2.220000e+00 9.565883e-01
2.280000e+00 9.091882e-01
2.340000e+00 3.480962e-01
2.400000e+00 8.283416e-01
2.460000e+00 3.169538e-01
2.520000e+00 1.450154e-01
2.580000e+00 4.578426e-01
2.640000e+00 1.014026e+00
2.700000e+00 8.412505e-01
2.760000e+00 3.332031e-02
2.820000e+00 9.003595e-01
2.880000e+00 1.102312e+00
2.940000e+00 4.879609e-01
3.000000e+00 3.283560e-01
3.060000e+00 1.162052e-01
3.120000e+00 8.086025e-02
3.180000e+00 1.825581e-02
3.240000e+00 5.591821e-02
3.300000e+00 3.155796e-01
3.360000e+00 1.302301e-02
3.420000e+00 7.658540e-01
3.480000e+00 1.373935e-01
3.540000e+00 1.615348e-03
3.600000e+00 6.652198e-03
3.660000e+00 1.038697e-01
3.720000e+00 9.762335e-03
3.780000e+00 4.223301e-03
3.840000e+00 4.754848e-02
3.900000e+00 1.250535e-03
3.960000e+00 2.640967e-02
4.020000e+00 2.406568e-02
4.080000e+00 1.399782e-02
4.140000e+00 1.461571e-03
4.200000e+00 6.147347e-04
4.260000e+00 6.271097e-03
4.320000e+00 5.030552e-02
4.380000e+00 5.918392e-03
4.440000e+00 4.709676e-05
4.500000e+00 3.584708e-04
4.560000e+00 5.341739e-01
4.620000e+00 1.830175e-03
4.680000e+00 6.556134e-05
4.740000e+00 2.049250e-05
4.800000e+00 1.355040e-03
4.860000e+00 6.662683e-03
4.920000e+00 2.823016e-03
4.980000e+00 1.137997e-04
5.040000e+00 1.367472e-04
5.100000e+00 7.698607e-03
5.160000e+00 1.600792e-04
5.220000e+00 4.872985e-04
5.280000e+00 6.736540e-04
5.340000e+00 5.873760e-07
5.400000e+00 1.025894e-05
5.460000e+00 1.443612e-04
5.520000e+00 2.736238e-04
5.580000e+00 5.643214e-05
5.640000e+00 1.165418e-01
5.700000e+00 2.759475e-04
5.760000e+00 1.293358e-02
5.820000e+00 1.306707e-05
5.880000e+00 1.172883e-05
5.940000e+00 4.572759e-06
