0.000000e+00 2.254479e+00
6.000000e-02 2.273394e+00
1.200000e-01 2.237430e+00
1.800000e-01 2.183876e+00
2.400000e-01 2.143213e+00
3.000000e-01 2.123300e+00
3.600000e-01 2.115178e+00
4.200000e-01 2.040339e+00
4.800000e-01 1.865182e+00
5.400000e-01 1.650851e+00
6.000000e-01 1.553435e+00
6.600000e-01 1.980651e+00
7.200000e-01 1.872025e+00
7.800000e-01 1.932398e+00
8.400000e-01 1.918544e+00
9.000000e-01 1.909933e+00
9.600000e-01 1.852843e+00
1.020000e+00 1.916672e+00
1.080000e+00 1.801488e+00
1.140000e+00 1.971053e+00
1.200000e+00 1.604879e+00
1.260000e+00 1.387760e+00
1.320000e+00 1.665546e+00
1.380000e+00 1.680294e+00
1.440000e+00 1.584813e+00
1.500000e+00 1.278537e+00
1.560000e+00 1.090443e+00
1.620000e+00 1.514613e+00
1.680000e+00 1.888380e+00
1.740000e+00 1.559480e+00
1.800000e+00 1.331917e+00
1.860000e+00 1.520996e+00
1.920000e+00 8.507072e-01
1.980000e+00 1.111073e+00
2.040000e+00 1.133694e+00
2.100000e+00 5.622275e-01
2.160000e+00 9.099462e-01
2.220000e+00 1.572960e+00
2.280000e+00 1.335365e+00
2.340000e+00 1.153893e+00
2.400000e+00 8.628706e-01
2.460000e+00 5.155946e-01
2.520000e+00 9.228234e-01
2.580000e+00 1.199521e+00
2.640000e+00 6.388245e-01
2.700000e+00 9.890326e-01
2.760000e+00 8.197869e-01
2.820000e+00 2.465385e-01
2.880000e+00 6.087785e-01
2.940000e+00 1.220082e-01
3.000000e+00 7.150701e-02
3.060000e+00 1.089383e-02
3.120000e+00 1.634470e-02
3.180000e+00 8.266117e-02
3.240000e+00 1.057583e-03
3.300000e+00 5.116402e-03
3.360000e+00 1.414315e-03
3.420000e+00 3.247602e-03
3.480000e+00 1.194679e-02
3.540000e+00 5.177351e-02
3.600000e+00 1.204917e-02
3.660000e+00 4.929448e-03
3.720000e+00 2.705990e-02
3.780000e+00 2.645357e-01
3.840000e+00 1.555091e-01
3.900000e+00 1.458446e-02
3.960000e+00 1.008206e-01
4.020000e+00 2.284546e-01
4.080000e+00 4.885122e-02
4.140000e+00 1.830591e-03
4.200000e+00 1.051723e-03
4.260000e+00 1.182339e-02
4.320000e+00 3.172617e-02
4.380000e+00 3.046129e-03
4.440000e+00 1.300031e-02
4.500000e+00 4.464127e-03
4.560000e+00 9.038193e-02
4.620000e+00 1.101568e-03
4.680000e+00 3.953675e-03
4.740000e+00 1.275497e-04
4.800000e+00 2.609168e-03
4.860000e+00 1.148432e-04
4.920000e+00 1.646809e-03
4.980000e+00 4.751621e-02
5.040000e+00 1.450215e-02
5.100000e+00 9.100193e-03
5.160000e+00 2.788601e-03
5.220000e+00 6.664025e-01
5.280000e+00 4.294299e-04
5.340000e+00 1.067885e-03
5.400000e+00 7.450345e-02
5.460000e+00 5.347990e-03
5.520000e+00 2.724949e-01
5.580000e+00 3.639323e-05
5.640000e+00 1.551427e-05
5.700000e+00 1.201112e-02
5.760000e+00 2.088192e-06
5.820000e+00 3.065945e-04
5.880000e+00 3.655983e-07
5.940000e+00 4.102826e-08
