0.000000e+00 2.254479e+00
6.000000e-02 2.038098e+00
1.200000e-01 1.772454e+00
1.800000e-01 1.637988e+00
2.400000e-01 1.728629e+00
3.000000e-01 2.032740e+00
3.600000e-01 1.956481e+00
4.200000e-01 1.983523e+00
4.800000e-01 1.896158e+00
5.400000e-01 1.783458e+00
6.000000e-01 2.015272e+00
6.600000e-01 2.212090e+00
7.200000e-01 2.237150e+00
7.800000e-01 2.018019e+00
8.400000e-01 1.895111e+00
9.000000e-01 1.710055e+00
9.600000e-01 1.754664e+00
1.020000e+00 1.946341e+00
1.080000e+00 1.298758e+00
1.140000e+00 1.551651e+00
1.200000e+00 1.167542e+00
1.260000e+00 1.055621e+00
1.320000e+00 8.282694e-01
1.380000e+00 1.083799e+00
1.440000e+00 1.301944e+00
1.500000e+00 1.512842e+00
1.560000e+00 1.538128e+00
1.620000e+00 1.917330e+00
1.680000e+00 1.124645e+00
1.740000e+00 1.027443e+00
1.800000e+00 7.342006e-01
1.860000e+00 1.132648e+00
1.920000e+00 1.591931e+00
1.980000e+00 1.310028e+00
2.040000e+00 1.445039e+00
2.100000e+00 7.212595e-01
2.160000e+00 3.914116e-01
2.220000e+00 9.208031e-02
2.280000e+00 1.851508e-01
2.340000e+00 6.260698e-01
2.400000e+00 4.262915e-01
2.460000e+00 2.723444e-01
2.520000e+00 1.568577e-01
2.580000e+00 5.389343e-01
2.640000e+00 6.228803e-01
2.700000e+00 3.806521e-01
2.760000e+00 9.565213e-01
2.820000e+00 4.371597e-01
2.880000e+00 2.926218e-01
2.940000e+00 5.450465e-01
3.000000e+00 3.776888e-02
3.060000e+00 1.766230e-01
3.120000e+00 2.944756e-01
3.180000e+00 5.451698e-01
3.240000e+00 2.564076e-01
3.300000e+00 6.649741e-01
3.360000e+00 4.570645e-01
3.420000e+00 7.426631e-02
3.480000e+00 1.599373e-01
3.540000e+00 1.409667e-01
3.600000e+00 2.053831e-03
3.660000e+00 5.510621e-02
3.720000e+00 4.504418e-01
3.780000e+00 6.004473e-01
3.840000e+00 1.203698e-01
3.900000e+00 1.492496e-01
3.960000e+00 1.059421e-02
4.020000e+00 7.241406e-02
4.080000e+00 2.793049e-03
4.140000e+00 8.313571e-04
4.200000e+00 2.990849e-05
4.260000e+00 3.865182e-03
4.320000e+00 1.107437e-03
4.380000e+00 7.478946e-02
4.440000e+00 2.099739e-02
4.500000e+00 7.286754e-04
4.560000e+00 2.144860e-05
4.620000e+00 1.281234e-04
4.680000e+00 2.596480e-04
4.740000e+00 6.877930e-06
4.800000e+00 1.393730e-06
4.860000e+00 3.021545e-04
4.920000e+00 3.809508e-02
4.980000e+00 1.265437e-06
5.040000e+00 1.489907e-06
5.100000e+00 1.834830e-06
5.160000e+00 1.159831e-03
5.220000e+00 1.149948e-05
5.280000e+00 3.026911e-07
5.340000e+00 2.025355e-03
5.400000e+00 7.571273e-06
5.460000e+00 3.638165e-05
5.520000e+00 7.089024e-05
5.580000e+00 5.206729e-06
5.640000e+00 1.498739e-03
5.700000e+00 6.506422e-05
5.760000e+00 2.447492e-06
5.820000e+00 4.410878e-06
5.880000e+00 4.970133e-07
5.940000e+00 2.475025e-08
