0.000000e+00 2.254479e+00
6.000000e-02 2.273474e+00
1.200000e-01 2.170696e+00
1.800000e-01 2.037374e+00
2.400000e-01 2.007523e+00
3.000000e-01 2.191353e+00
3.600000e-01 2.377167e+00
4.200000e-01 2.177149e+00
4.800000e-01 2.119933e+00
5.400000e-01 2.237708e+00
6.000000e-01 2.034831e+00
6.600000e-01 1.920704e+00
7.200000e-01 1.648043e+00
7.800000e-01 1.497185e+00
8.400000e-01 1.902335e+00
9.000000e-01 2.132776e+00
9.600000e-01 1.912356e+00
1.020000e+00 1.784161e+00
1.080000e+00 1.795149e+00
1.140000e+00 2.052515e+00
1.200000e+00 2.208344e+00
1.260000e+00 1.882917e+00
1.320000e+00 1.128845e+00
1.380000e+00 1.245689e+00
1.440000e+00 1.565310e+00
1.500000e+00 1.700133e+00
1.560000e+00 1.001759e+00
1.620000e+00 1.621962e+00
1.680000e+00 1.674838e+00
1.740000e+00 7.497279e-01
1.800000e+00 7.798129e-01
1.860000e+00 4.802135e-01
1.920000e+00 3.892581e-01
1.980000e+00 2.422188e-01
2.040000e+00 5.305168e-01
2.100000e+00 1.287216e+00
2.160000e+00 8.948201e-01
2.220000e+00 7.521089e-01
2.280000e+00 6.157233e-01
2.340000e+00 6.419145e-01
2.400000e+00 4.830470e-01
2.460000e+00 9.086460e-02
2.520000e+00 1.018664e+00
2.580000e+00 9.069611e-02
2.640000e+00 1.655497e-01
2.700000e+00 1.619706e-01
2.760000e+00 1.510885e-01
2.820000e+00 1.552890e-01
2.880000e+00 4.587963e-01
2.940000e+00 6.348368e-02
3.000000e+00 1.467463e-01
3.060000e+00 8.816782e-01
3.120000e+00 6.733315e-02
3.180000e+00 5.630785e-01
3.240000e+00 9.716145e-02
3.300000e+00 8.309513e-01
3.360000e+00 3.225177e-01
3.420000e+00 7.222307e-02
3.480000e+00 2.211630e-02
3.540000e+00 3.185404e-02
3.600000e+00 8.349735e-03
3.660000e+00 7.569311e-03
3.720000e+00 8.733284e-02
3.780000e+00 8.162399e-02
3.840000e+00 8.546825e-03
3.900000e+00 1.101354e-02
3.960000e+00 4.232472e-03
4.020000e+00 4.786927e-03
4.080000e+00 1.783255e-03
4.140000e+00 7.622710e-03
4.200000e+00 1.038138e-02
4.260000e+00 8.122446e-02
4.320000e+00 2.311548e-02
4.380000e+00 3.828676e-02
4.440000e+00 4.847088e-01
4.500000e+00 3.093480e-02
4.560000e+00 5.165640e-01
4.620000e+00 1.160059e-02
4.680000e+00 1.569646e-02
4.740000e+00 1.955373e-01
4.800000e+00 2.653436e-02
4.860000e+00 6.844667e-01
4.920000e+00 8.711909e-02
4.980000e+00 6.751518e-01
5.040000e+00 1.301975e-01
5.100000e+00 2.435934e-01
5.160000e+00 4.320648e-02
5.220000e+00 3.999327e-02
5.280000e+00 1.278963e-02
5.340000e+00 2.425379e-01
5.400000e+00 2.715193e-02
5.460000e+00 2.059626e-03
5.520000e+00 2.333735e-03
5.580000e+00 3.404209e-04
5.640000e+00 1.162952e-02
5.700000e+00 4.389186e-05
5.760000e+00 3.500072e-04
5.820000e+00 7.971072e-05
5.880000e+00 1.464572e-03
5.940000e+00 2.053224e-04
