0.000000e+00 2.254479e+00
6.000000e-02 2.296780e+00
1.200000e-01 2.266588e+00
1.800000e-01 2.240604e+00
2.400000e-01 2.213424e+00
3.000000e-01 2.232329e+00
3.600000e-01 2.353290e+00
4.200000e-01 1.924809e+00
4.800000e-01 1.718578e+00
5.400000e-01 1.602492e+00
6.000000e-01 1.566728e+00
6.600000e-01 1.746945e+00
7.200000e-01 1.875226e+00
7.800000e-01 1.838093e+00
8.400000e-01 1.840513e+00
9.000000e-01 1.801283e+00
9.600000e-01 1.854678e+00
1.020000e+00 2.074839e+00
1.080000e+00 2.122110e+00
1.140000e+00 2.237731e+00
1.200000e+00 2.306548e+00
1.260000e+00 2.216222e+00
1.320000e+00 2.019507e+00
1.380000e+00 1.916378e+00
1.440000e+00 1.827474e+00
1.500000e+00 1.671672e+00
1.560000e+00 1.871301e+00
1.620000e+00 2.055380e+00
1.680000e+00 1.539897e+00
1.740000e+00 1.110821e+00
1.800000e+00 1.398443e+00
1.860000e+00 1.642938e+00
1.920000e+00 1.300785e+00
1.980000e+00 6.945904e-01
2.040000e+00 4.757428e-01
2.100000e+00 8.258067e-01
2.160000e+00 1.200336e+00
2.220000e+00 1.037500e+00
2.280000e+00 4.752328e-01
2.340000e+00 1.001100e+00
2.400000e+00 1.690653e-01
2.460000e+00 1.030111e+00
2.520000e+00 6.611751e-01
2.580000e+00 5.722304e-01
2.640000e+00 7.554280e-01
2.700000e+00 2.628129e-01
2.760000e+00 1.339786e+00
2.820000e+00 5.642555e-01
2.880000e+00 5.679424e-01
2.940000e+00 1.492598e+00
3.000000e+00 8.417221e-01
3.060000e+00 1.220799e+00
3.120000e+00 4.023668e-01
3.180000e+00 5.157785e-01
3.240000e+00 7.279852e-01
3.300000e+00 3.358661e-01
3.360000e+00 7.648709e-01
3.420000e+00 1.988102e-01
3.480000e+00 3.903777e-01
3.540000e+00 5.398496e-01
3.600000e+00 9.333111e-01
3.660000e+00 2.682570e-01
3.720000e+00 2.280110e-01
3.780000e+00 9.589792e-03
3.840000e+00 1.723443e-01
3.900000e+00 6.413407e-01
3.960000e+00 5.249047e-02
4.020000e+00 5.396522e-01
4.080000e+00 3.346413e-02
4.140000e+00 3.501817e-03
4.200000e+00 2.415157e-02
4.260000e+00 1.481018e-03
4.320000e+00 3.837208e-03
4.380000e+00 2.139627e-03
4.440000e+00 1.457312e-03
4.500000e+00 1.311446e-03
4.560000e+00 3.557566e-03
4.620000e+00 1.293522e-04
4.680000e+00 1.719668e-01
4.740000e+00 3.520653e-02
4.800000e+00 1.980123e-02
4.860000e+00 4.232887e-03
4.920000e+00 1.781095e-03
4.980000e+00 4.644509e-04
5.040000e+00 3.428111e-03
5.100000e+00 1.410081e-02
5.160000e+00 3.898942e-04
5.220000e+00 6.924493e-05
5.280000e+00 3.882020e-04
5.340000e+00 5.066796e-05
5.400000e+00 1.829668e-03
5.460000e+00 1.973936e-04
5.520000e+00 8.914987e-03
5.580000e+00 1.016280e-03
5.640000e+00 3.324298e-02
5.700000e+00 2.133095e-03
5.760000e+00 8.843890e-04
5.820000e+00 3.013149e-03
5.880000e+00 4.870355e-06
5.940000e+00 1.583164e-05
