0.000000e+00 2.254479e+00
6.000000e-02 2.241493e+00
1.200000e-01 2.144268e+00
1.800000e-01 2.087300e+00
2.400000e-01 2.119185e+00
3.000000e-01 2.176023e+00
3.600000e-01 2.261315e+00
4.200000e-01 2.342458e+00
4.800000e-01 2.311409e+00
5.400000e-01 2.006296e+00
6.000000e-01 1.862503e+00
6.600000e-01 2.043994e+00
7.200000e-01 2.046367e+00
7.800000e-01 2.038840e+00
8.400000e-01 2.072420e+00
9.000000e-01 2.048629e+00
9.600000e-01 2.033135e+00
1.020000e+00 2.135324e+00
1.080000e+00 2.094325e+00
1.140000e+00 1.997553e+00
1.200000e+00 1.306548e+00
1.260000e+00 1.395718e+00
1.320000e+00 1.430067e+00
1.380000e+00 1.255492e+00
1.440000e+00 1.627714e+00
1.500000e+00 1.495728e+00
1.560000e+00 1.036367e+00
1.620000e+00 7.388566e-01
1.680000e+00 6.027937e-01
1.740000e+00 8.536732e-01
1.800000e+00 4.490838e-01
1.860000e+00 6.589683e-01
1.920000e+00 1.162582e+00
1.980000e+00 3.773905e-01
2.040000e+00 7.854066e-01
2.100000e+00 9.889380e-01
2.160000e+00 9.893005e-01
2.220000e+00 1.493391e+00
2.280000e+00 6.018037e-01
2.340000e+00 8.460610e-01
2.400000e+00 6.581670e-01
2.460000e+00 4.375945e-01
2.520000e+00 7.683982e-01
2.580000e+00 7.199856e-01
2.640000e+00 5.402221e-02
2.700000e+00 1.506372e-02
2.760000e+00 6.754226e-02
2.820000e+00 5.977661e-01
2.880000e+00 1.157952e+00
2.940000e+00 1.181075e+00
3.000000e+00 4.725011e-01
3.060000e+00 2.386683e-01
3.120000e+00 1.237467e-01
3.180000e+00 5.727651e-02
3.240000e+00 2.210402e-01
3.300000e+00 1.512304e-01
3.360000e+00 7.232407e-01
3.420000e+00 2.485521e-01
3.480000e+00 2.554345e-01
3.540000e+00 1.349764e-02
3.600000e+00 6.048730e-02
3.660000e+00 3.479620e-03
3.720000e+00 9.498739e-02
3.780000e+00 2.630603e-02
3.840000e+00 2.113259e-03
3.900000e+00 1.063745e-03
3.960000e+00 5.392243e-02
4.020000e+00 8.977673e-03
4.080000e+00 9.722800e-03
4.140000e+00 1.030211e-02
4.200000e+00 8.795605e-04
4.260000e+00 2.854892e-03
4.320000e+00 1.261720e-02
4.380000e+00 5.877617e-03
4.440000e+00 7.172569e-03
4.500000e+00 4.779177e-03
4.560000e+00 3.113156e-02
4.620000e+00 6.696023e-04
4.680000e+00 9.787234e-05
4.740000e+00 2.138473e-04
4.800000e+00 5.718730e-03
4.860000e+00 5.009443e-03
4.920000e+00 6.069145e-05
4.980000e+00 1.236328e-03
5.040000e+00 5.312593e-03
5.100000e+00 1.966206e-04
5.160000e+00 7.200384e-02
5.220000e+00 3.444768e-05
5.280000e+00 2.466905e-03
5.340000e+00 6.176599e-06
5.400000e+00 2.185098e-07
5.460000e+00 7.137795e-08
5.520000e+00 1.129991e-07
5.580000e+00 5.171219e-07
5.640000e+00 4.559599e-04
5.700000e+00 8.077869e-07
5.760000e+00 2.964791e-05
5.820000e+00 3.786994e-06
5.880000e+00 5.142344e-05
5.940000e+00 8.215242e-08
