0.000000e+00 2.254479e+00
6.000000e-02 2.310138e+00
1.200000e-01 2.315241e+00
1.800000e-01 2.292585e+00
2.400000e-01 2.301422e+00
3.000000e-01 2.419514e+00
3.600000e-01 2.358039e+00
4.200000e-01 2.009438e+00
4.800000e-01 2.008227e+00
5.400000e-01 2.159262e+00
6.000000e-01 2.101740e+00
6.600000e-01 2.148074e+00
7.200000e-01 2.266996e+00
7.800000e-01 2.326857e+00
8.400000e-01 2.134959e+00
9.000000e-01 1.725970e+00
9.600000e-01 1.576341e+00
1.020000e+00 1.680626e+00
1.080000e+00 1.841245e+00
1.140000e+00 1.891165e+00
1.200000e+00 1.687244e+00
1.260000e+00 1.442219e+00
1.320000e+00 1.695652e+00
1.380000e+00 1.798098e+00
1.440000e+00 1.992212e+00
1.500000e+00 1.555208e+00
1.560000e+00 1.240909e+00
1.620000e+00 1.468112e+00
1.680000e+00 1.415944e+00
1.740000e+00 1.481444e+00
1.800000e+00 9.093765e-01
1.860000e+00 4.953089e-01
1.920000e+00 5.206893e-01
1.980000e+00 5.078779e-01
2.040000e+00 5.812490e-01
2.100000e+00 4.024947e-01
2.160000e+00 2.922525e-01
2.220000e+00 1.912878e-01
2.280000e+00 1.342434e-01
2.340000e+00 2.145381e-01
2.400000e+00 5.742232e-01
2.460000e+00 2.720965e-01
2.520000e+00 1.742014e-01
2.580000e+00 1.239682e-01
2.640000e+00 2.866839e-01
2.700000e+00 1.394075e-01
2.760000e+00 2.562624e-01
2.820000e+00 6.344527e-01
2.880000e+00 4.268272e-02
2.940000e+00 1.223444e-01
3.000000e+00 5.212829e-02
3.060000e+00 1.886964e-02
3.120000e+00 1.819051e-02
3.180000e+00 4.349948e-03
3.240000e+00 2.352699e-02
3.300000e+00 1.520212e-02
3.360000e+00 1.830679e-01
3.420000e+00 7.511939e-02
3.480000e+00 4.255213e-03
3.540000e+00 2.668763e-02
3.600000e+00 5.025780e-03
3.660000e+00 1.001674e-01
3.720000e+00 3.417178e-02
3.780000e+00 1.120206e-03
3.840000e+00 3.062776e-04
3.900000e+00 1.176166e-03
3.960000e+00 3.134113e-02
4.020000e+00 8.676557e-05
4.080000e+00 2.874499e-04
4.140000e+00 2.381418e-02
4.200000e+00 2.977465e-04
4.260000e+00 9.124941e-05
4.320000e+00 4.566787e-04
4.380000e+00 9.178875e-05
4.440000e+00 1.249972e-04
4.500000e+00 2.731190e-05
4.560000e+00 4.249032e-02
4.620000e+00 2.341191e-05
4.680000e+00 6.257375e-05
4.740000e+00 1.470566e-03
4.800000e+00 5.545682e-05
4.860000e+00 3.125776e-04
4.920000e+00 8.298539e-04
4.980000e+00 1.452364e-05
5.040000e+00 2.967453e-06
5.100000e+00 2.208422e-06
5.160000e+00 1.483213e-02
5.220000e+00 1.592076e-06
5.280000e+00 6.171474e-04
5.340000e+00 7.251216e-07
5.400000e+00 1.760949e-06
5.460000e+00 3.791059e-05
5.520000e+00 5.350797e-01
5.580000e+00 2.901854e-06
5.640000e+00 1.684682e-07
5.700000e+00 6.824717e-07
5.760000e+00 6.837186e-04
5.820000e+00 4.132419e-05
5.880000e+00 2.039834e-05
5.940000e+00 8.431651e-07
