-5.000000e-02 3.231335e+00
-4.990000e-02 3.249160e+00
-4.980000e-02 3.265865e+00
-4.970000e-02 3.281131e+00
-4.960000e-02 3.294655e+00
-4.950000e-02 3.306169e+00
-4.940000e-02 3.315448e+00
-4.930000e-02 3.322330e+00
-4.920000e-02 3.326718e+00
-4.910000e-02 3.328591e+00
-4.900000e-02 3.328006e+00
-4.890000e-02 3.325087e+00
-4.880000e-02 3.320027e+00
-4.870000e-02 3.313072e+00
-4.860000e-02 3.304508e+00
-4.850000e-02 3.294653e+00
-4.840000e-02 3.283837e+00
-4.830000e-02 3.272392e+00
-4.820000e-02 3.260643e+00
-4.810000e-02 3.248899e+00
-4.800000e-02 3.237443e+00
-4.790000e-02 3.226534e+00
-4.780000e-02 3.216397e+00
-4.770000e-02 3.207229e+00
-4.760000e-02 3.199195e+00
-4.750000e-02 3.192431e+00
-4.740000e-02 3.187047e+00
-4.730000e-02 3.183125e+00
-4.720000e-02 3.180726e+00
-4.710000e-02 3.179891e+00
-4.700000e-02 3.180641e+00
-4.690000e-02 3.182984e+00
-4.680000e-02 3.186912e+00
-4.670000e-02 3.192404e+00
-4.660000e-02 3.199431e+00
-4.650000e-02 3.207951e+00
-4.640000e-02 3.217915e+00
-4.630000e-02 3.229267e+00
-4.620000e-02 3.241942e+00
-4.610000e-02 3.255868e+00
-4.600000e-02 3.270970e+00
-4.590000e-02 3.287162e+00
-4.580000e-02 3.304357e+00
-4.570000e-02 3.322459e+00
-4.560000e-02 3.341369e+00
-4.550000e-02 3.360982e+00
-4.540000e-02 3.381189e+00
-4.530000e-02 3.401875e+00
-4.520000e-02 3.422924e+00
-4.510000e-02 3.444215e+00
-4.500000e-02 3.465625e+00
-4.490000e-02 3.487029e+00
-4.480000e-02 3.508302e+00
-4.470000e-02 3.529320e+00
-4.460000e-02 3.549958e+00
-4.450000e-02 3.570097e+00
-4.440000e-02 3.589620e+00
-4.430000e-02 3.608416e+00
-4.420000e-02 3.626382e+00
-4.410000e-02 3.643424e+00
-4.400000e-02 3.659456e+00
-4.390000e-02 3.674405e+00
-4.380000e-02 3.688210e+00
-4.370000e-02 3.700823e+00
-4.360000e-02 3.712212e+00
-4.350000e-02 3.722359e+00
-4.340000e-02 3.731263e+00
-4.330000e-02 3.738936e+00
-4.320000e-02 3.745409e+00
-4.310000e-02 3.750725e+00
-4.300000e-02 3.754947e+00
-4.290000e-02 3.758147e+00
-4.280000e-02 3.760413e+00
-4.270000e-02 3.761848e+00
-4.260000e-02 3.762564e+00
-4.250000e-02 3.762683e+00
-4.240000e-02 3.762340e+00
-4.230000e-02 3.761678e+00
-4.220000e-02 3.760848e+00
-4.210000e-02 3.760010e+00
-4.200000e-02 3.759329e+00
-4.190000e-02 3.758980e+00
-4.180000e-02 3.759144e+00
-4.170000e-02 3.760010e+00
-4.160000e-02 3.761772e+00
-4.150000e-02 3.764633e+00
-4.140000e-02 3.768805e+00
-4.130000e-02 3.774506e+00
-4.120000e-02 3.781962e+00
-4.110000e-02 3.791407e+00
-4.100000e-02 3.803082e+00
-4.090000e-02 3.817233e+00
-4.080000e-02 3.834108e+00
-4.070000e-02 3.853955e+00
-4.060000e-02 3.877017e+00
-4.050000e-02 3.903519e+00
-4.040000e-02 3.933667e+00
-4.030000e-02 3.967626e+00
-4.020000e-02 4.005508e+00
-4.010000e-02 4.047350e+00
-4.000000e-02 4.093090e+00
-3.990000e-02 4.142537e+00
-3.980000e-02 4.195344e+00
-3.970000e-02 4.250976e+00
-3.960000e-02 4.308686e+00
-3.950000e-02 4.367498e+00
-3.940000e-02 4.426211e+00
-3.930000e-02 4.483415e+00
-3.920000e-02 4.537549e+00
-3.910000e-02 4.586969e+00
-3.900000e-02 4.630062e+00
-3.890000e-02 4.665362e+00
-3.880000e-02 4.691672e+00
-3.870000e-02 4.708172e+00
-3.860000e-02 4.714486e+00
-3.850000e-02 4.710704e+00
-3.840000e-02 4.697362e+00
-3.830000e-02 4.675365e+00
-3.820000e-02 4.645889e+00
-3.810000e-02 4.610271e+00
-3.800000e-02 4.569898e+00
-3.790000e-02 4.526118e+00
-3.780000e-02 4.480170e+00
-3.770000e-02 4.433141e+00
-3.760000e-02 4.385946e+00
-3.750000e-02 4.339325e+00
-3.740000e-02 4.293854e+00
-3.730000e-02 4.249963e+00
-3.720000e-02 4.207961e+00
-3.710000e-02 4.168055e+00
-3.700000e-02 4.130377e+00
-3.690000e-02 4.095005e+00
-3.680000e-02 4.061975e+00
-3.670000e-02 4.031299e+00
-3.660000e-02 4.002978e+00
-3.650000e-02 3.977005e+00
-3.640000e-02 3.953376e+00
-3.630000e-02 3.932094e+00
-3.620000e-02 3.913165e+00
-3.610000e-02 3.896606e+00
-3.600000e-02 3.882442e+00
-3.590000e-02 3.870703e+00
-3.580000e-02 3.861425e+00
-3.570000e-02 3.854645e+00
-3.560000e-02 3.850399e+00
-3.550000e-02 3.848720e+00
-3.540000e-02 3.849634e+00
-3.530000e-02 3.853153e+00
-3.520000e-02 3.859276e+00
-3.510000e-02 3.867981e+00
-3.500000e-02 3.879222e+00
-3.490000e-02 3.892922e+00
-3.480000e-02 3.908970e+00
-3.470000e-02 3.927215e+00
-3.460000e-02 3.947456e+00
-3.450000e-02 3.969444e+00
-3.440000e-02 3.992871e+00
-3.430000e-02 4.017366e+00
-3.420000e-02 4.042498e+00
-3.410000e-02 4.067768e+00
-3.400000e-02 4.092617e+00
-3.390000e-02 4.116431e+00
-3.380000e-02 4.138554e+00
-3.370000e-02 4.158302e+00
-3.360000e-02 4.174986e+00
-3.350000e-02 4.187942e+00
-3.340000e-02 4.196557e+00
-3.330000e-02 4.200305e+00
-3.320000e-02 4.198775e+00
-3.310000e-02 4.191701e+00
-3.300000e-02 4.178978e+00
-3.290000e-02 4.160677e+00
-3.280000e-02 4.137041e+00
-3.270000e-02 4.108475e+00
-3.260000e-02 4.075521e+00
-3.250000e-02 4.038831e+00
-3.240000e-02 3.999129e+00
-3.230000e-02 3.957179e+00
-3.220000e-02 3.913750e+00
-3.210000e-02 3.869586e+00
-3.200000e-02 3.825383e+00
-3.190000e-02 3.781776e+00
-3.180000e-02 3.739324e+00
-3.170000e-02 3.698508e+00
-3.160000e-02 3.659732e+00
-3.150000e-02 3.623328e+00
-3.140000e-02 3.589560e+00
-3.130000e-02 3.558630e+00
-3.120000e-02 3.530694e+00
-3.110000e-02 3.505859e+00
-3.100000e-02 3.484199e+00
-3.090000e-02 3.465761e+00
-3.080000e-02 3.450567e+00
-3.070000e-02 3.438624e+00
-3.060000e-02 3.429924e+00
-3.050000e-02 3.424456e+00
-3.040000e-02 3.422199e+00
-3.030000e-02 3.423132e+00
-3.020000e-02 3.427237e+00
-3.010000e-02 3.434497e+00
-3.000000e-02 3.444899e+00
-2.990000e-02 3.458438e+00
-2.980000e-02 3.475118e+00
-2.970000e-02 3.494952e+00
-2.960000e-02 3.517967e+00
-2.950000e-02 3.544202e+00
-2.940000e-02 3.573713e+00
-2.930000e-02 3.606572e+00
-2.920000e-02 3.642870e+00
-2.910000e-02 3.682716e+00
-2.900000e-02 3.726238e+00
-2.890000e-02 3.773576e+00
-2.880000e-02 3.824877e+00
-2.870000e-02 3.880273e+00
-2.860000e-02 3.939853e+00
-2.850000e-02 4.003614e+00
-2.840000e-02 4.071381e+00
-2.830000e-02 4.142692e+00
-2.820000e-02 4.216647e+00
-2.810000e-02 4.291712e+00
-2.800000e-02 4.365541e+00
-2.790000e-02 4.434856e+00
-2.780000e-02 4.495517e+00
-2.770000e-02 4.542880e+00
-2.760000e-02 4.572483e+00
-2.750000e-02 4.580918e+00
-2.740000e-02 4.566583e+00
-2.730000e-02 4.529999e+00
-2.720000e-02 4.473541e+00
-2.710000e-02 4.400740e+00
-2.700000e-02 4.315491e+00
-2.690000e-02 4.221429e+00
-2.680000e-02 4.121593e+00
-2.670000e-02 4.018351e+00
-2.660000e-02 3.913473e+00
-2.650000e-02 3.808268e+00
-2.640000e-02 3.703715e+00
-2.630000e-02 3.600568e+00
-2.620000e-02 3.499429e+00
-2.610000e-02 3.400791e+00
-2.600000e-02 3.305058e+00
-2.590000e-02 3.212561e+00
-2.580000e-02 3.123559e+00
-2.570000e-02 3.038246e+00
-2.560000e-02 2.956755e+00
-2.550000e-02 2.879159e+00
-2.540000e-02 2.805481e+00
-2.530000e-02 2.735699e+00
-2.520000e-02 2.669753e+00
-2.510000e-02 2.607554e+00
-2.500000e-02 2.548989e+00
-2.490000e-02 2.493929e+00
-2.480000e-02 2.442233e+00
-2.470000e-02 2.393754e+00
-2.460000e-02 2.348344e+00
-2.450000e-02 2.305853e+00
-2.440000e-02 2.266137e+00
-2.430000e-02 2.229054e+00
-2.420000e-02 2.194472e+00
-2.410000e-02 2.162264e+00
-2.400000e-02 2.132311e+00
-2.390000e-02 2.104502e+00
-2.380000e-02 2.078735e+00
-2.370000e-02 2.054913e+00
-2.360000e-02 2.032949e+00
-2.350000e-02 2.012764e+00
-2.340000e-02 1.994283e+00
-2.330000e-02 1.977438e+00
-2.320000e-02 1.962170e+00
-2.310000e-02 1.948422e+00
-2.300000e-02 1.936143e+00
-2.290000e-02 1.925288e+00
-2.280000e-02 1.915813e+00
-2.270000e-02 1.907682e+00
-2.260000e-02 1.900860e+00
-2.250000e-02 1.895316e+00
-2.240000e-02 1.891020e+00
-2.230000e-02 1.887948e+00
-2.220000e-02 1.886076e+00
-2.210000e-02 1.885381e+00
-2.200000e-02 1.885845e+00
-2.190000e-02 1.887448e+00
-2.180000e-02 1.890175e+00
-2.170000e-02 1.894008e+00
-2.160000e-02 1.898932e+00
-2.150000e-02 1.904934e+00
-2.140000e-02 1.911999e+00
-2.130000e-02 1.920113e+00
-2.120000e-02 1.929262e+00
-2.110000e-02 1.939431e+00
-2.100000e-02 1.950606e+00
-2.090000e-02 1.962771e+00
-2.080000e-02 1.975910e+00
-2.070000e-02 1.990005e+00
-2.060000e-02 2.005037e+00
-2.050000e-02 2.020984e+00
-2.040000e-02 2.037825e+00
-2.030000e-02 2.055534e+00
-2.020000e-02 2.074085e+00
-2.010000e-02 2.093449e+00
-2.000000e-02 2.113595e+00
-1.990000e-02 2.134487e+00
-1.980000e-02 2.156091e+00
-1.970000e-02 2.178367e+00
-1.960000e-02 2.201276e+00
-1.950000e-02 2.224776e+00
-1.940000e-02 2.248823e+00
-1.930000e-02 2.273374e+00
-1.920000e-02 2.298386e+00
-1.910000e-02 2.323816e+00
-1.900000e-02 2.349625e+00
-1.890000e-02 2.375776e+00
-1.880000e-02 2.402236e+00
-1.870000e-02 2.428979e+00
-1.860000e-02 2.455986e+00
-1.850000e-02 2.483243e+00
-1.840000e-02 2.510747e+00
-1.830000e-02 2.538505e+00
-1.820000e-02 2.566532e+00
-1.810000e-02 2.594851e+00
-1.800000e-02 2.623496e+00
-1.790000e-02 2.652503e+00
-1.780000e-02 2.681916e+00
-1.770000e-02 2.711775e+00
-1.760000e-02 2.742118e+00
-1.750000e-02 2.772973e+00
-1.740000e-02 2.804352e+00
-1.730000e-02 2.836244e+00
-1.720000e-02 2.868609e+00
-1.710000e-02 2.901372e+00
-1.700000e-02 2.934412e+00
-1.690000e-02 2.967564e+00
-1.680000e-02 3.000611e+00
-1.670000e-02 3.033283e+00
-1.660000e-02 3.065268e+00
-1.650000e-02 3.096212e+00
-1.640000e-02 3.125737e+00
-1.630000e-02 3.153462e+00
-1.620000e-02 3.179022e+00
-1.610000e-02 3.202099e+00
-1.600000e-02 3.222446e+00
-1.590000e-02 3.239912e+00
-1.580000e-02 3.254464e+00
-1.570000e-02 3.266191e+00
-1.560000e-02 3.275309e+00
-1.550000e-02 3.282145e+00
-1.540000e-02 3.287121e+00
-1.530000e-02 3.290721e+00
-1.520000e-02 3.293463e+00
-1.510000e-02 3.295870e+00
-1.500000e-02 3.298439e+00
-1.490000e-02 3.301623e+00
-1.480000e-02 3.305816e+00
-1.470000e-02 3.311343e+00
-1.460000e-02 3.318462e+00
-1.450000e-02 3.327367e+00
-1.440000e-02 3.338189e+00
-1.430000e-02 3.351008e+00
-1.420000e-02 3.365863e+00
-1.410000e-02 3.382757e+00
-1.400000e-02 3.401664e+00
-1.390000e-02 3.422540e+00
-1.380000e-02 3.445325e+00
-1.370000e-02 3.469946e+00
-1.360000e-02 3.496319e+00
-1.350000e-02 3.524350e+00
-1.340000e-02 3.553938e+00
-1.330000e-02 3.584964e+00
-1.320000e-02 3.617296e+00
-1.310000e-02 3.650782e+00
-1.300000e-02 3.685243e+00
-1.290000e-02 3.720475e+00
-1.280000e-02 3.756234e+00
-1.270000e-02 3.792240e+00
-1.260000e-02 3.828170e+00
-1.250000e-02 3.863658e+00
-1.240000e-02 3.898294e+00
-1.230000e-02 3.931630e+00
-1.220000e-02 3.963189e+00
-1.210000e-02 3.992473e+00
-1.200000e-02 4.018981e+00
-1.190000e-02 4.042230e+00
-1.180000e-02 4.061773e+00
-1.170000e-02 4.077222e+00
-1.160000e-02 4.088273e+00
-1.150000e-02 4.094717e+00
-1.140000e-02 4.096460e+00
-1.130000e-02 4.093523e+00
-1.120000e-02 4.086051e+00
-1.110000e-02 4.074295e+00
-1.100000e-02 4.058609e+00
-1.090000e-02 4.039426e+00
-1.080000e-02 4.017241e+00
-1.070000e-02 3.992585e+00
-1.060000e-02 3.966010e+00
-1.050000e-02 3.938069e+00
-1.040000e-02 3.909298e+00
-1.030000e-02 3.880206e+00
-1.020000e-02 3.851265e+00
-1.010000e-02 3.822909e+00
-1.000000e-02 3.795524e+00
-9.900000e-03 3.769458e+00
-9.800000e-03 3.745012e+00
-9.700000e-03 3.722448e+00
-9.600000e-03 3.701995e+00
-9.500000e-03 3.683846e+00
-9.400000e-03 3.668166e+00
-9.300000e-03 3.655094e+00
-9.200000e-03 3.644745e+00
-9.100000e-03 3.637214e+00
-9.000000e-03 3.632576e+00
-8.900000e-03 3.630891e+00
-8.800000e-03 3.632198e+00
-8.700000e-03 3.636521e+00
-8.600000e-03 3.643866e+00
-8.500000e-03 3.654219e+00
-8.400000e-03 3.667546e+00
-8.300000e-03 3.683792e+00
-8.200000e-03 3.702876e+00
-8.100000e-03 3.724691e+00
-8.000000e-03 3.749101e+00
-7.900000e-03 3.775936e+00
-7.800000e-03 3.804995e+00
-7.700000e-03 3.836039e+00
-7.600000e-03 3.868789e+00
-7.500000e-03 3.902929e+00
-7.400000e-03 3.938101e+00
-7.300000e-03 3.973906e+00
-7.200000e-03 4.009905e+00
-7.100000e-03 4.045619e+00
-7.000000e-03 4.080534e+00
-6.900000e-03 4.114106e+00
-6.800000e-03 4.145767e+00
-6.700000e-03 4.174933e+00
-6.600000e-03 4.201020e+00
-6.500000e-03 4.223455e+00
-6.400000e-03 4.241695e+00
-6.300000e-03 4.255248e+00
-6.200000e-03 4.263687e+00
-6.100000e-03 4.266676e+00
-6.000000e-03 4.263984e+00
-5.900000e-03 4.255498e+00
-5.800000e-03 4.241232e+00
-5.700000e-03 4.221331e+00
-5.600000e-03 4.196063e+00
-5.500000e-03 4.165813e+00
-5.400000e-03 4.131063e+00
-5.300000e-03 4.092376e+00
-5.200000e-03 4.050369e+00
-5.100000e-03 4.005695e+00
-5.000000e-03 3.959019e+00
-4.900000e-03 3.910997e+00
-4.800000e-03 3.862262e+00
-4.700000e-03 3.813411e+00
-4.600000e-03 3.764993e+00
-4.500000e-03 3.717508e+00
-4.400000e-03 3.671400e+00
-4.300000e-03 3.627061e+00
-4.200000e-03 3.584831e+00
-4.100000e-03 3.545002e+00
-4.000000e-03 3.507821e+00
-3.900000e-03 3.473499e+00
-3.800000e-03 3.442212e+00
-3.700000e-03 3.414109e+00
-3.600000e-03 3.389313e+00
-3.500000e-03 3.367928e+00
-3.400000e-03 3.350043e+00
-3.300000e-03 3.335729e+00
-3.200000e-03 3.325046e+00
-3.100000e-03 3.318043e+00
-3.000000e-03 3.314754e+00
-2.900000e-03 3.315200e+00
-2.800000e-03 3.319381e+00
-2.700000e-03 3.327278e+00
-2.600000e-03 3.338842e+00
-2.500000e-03 3.353987e+00
-2.400000e-03 3.372583e+00
-2.300000e-03 3.394443e+00
-2.200000e-03 3.419309e+00
-2.100000e-03 3.446846e+00
-2.000000e-03 3.476624e+00
-1.900000e-03 3.508110e+00
-1.800000e-03 3.540662e+00
-1.700000e-03 3.573529e+00
-1.600000e-03 3.605854e+00
-1.500000e-03 3.636696e+00
-1.400000e-03 3.665060e+00
-1.300000e-03 3.689933e+00
-1.200000e-03 3.710342e+00
-1.100000e-03 3.725413e+00
-1.000000e-03 3.734427e+00
-9.000000e-04 3.736879e+00
-8.000000e-04 3.732521e+00
-7.000000e-04 3.721378e+00
-6.000000e-04 3.703756e+00
-5.000000e-04 3.680211e+00
-4.000000e-04 3.651514e+00
-3.000000e-04 3.618589e+00
-2.000000e-04 3.582457e+00
-1.000000e-04 3.544175e+00
1.429412e-15 3.504781e+00
1.000000e-04 3.465258e+00
2.000000e-04 3.426500e+00
3.000000e-04 3.389300e+00
4.000000e-04 3.354340e+00
5.000000e-04 3.322195e+00
6.000000e-04 3.293343e+00
7.000000e-04 3.268170e+00
8.000000e-04 3.246987e+00
9.000000e-04 3.230041e+00
1.000000e-03 3.217527e+00
1.100000e-03 3.209596e+00
1.200000e-03 3.206361e+00
1.300000e-03 3.207904e+00
1.400000e-03 3.214278e+00
1.500000e-03 3.225507e+00
1.600000e-03 3.241579e+00
1.700000e-03 3.262451e+00
1.800000e-03 3.288036e+00
1.900000e-03 3.318198e+00
2.000000e-03 3.352748e+00
2.100000e-03 3.391433e+00
2.200000e-03 3.433934e+00
2.300000e-03 3.479854e+00
2.400000e-03 3.528720e+00
2.500000e-03 3.579973e+00
2.600000e-03 3.632975e+00
2.700000e-03 3.687004e+00
2.800000e-03 3.741269e+00
2.900000e-03 3.794915e+00
3.000000e-03 3.847047e+00
3.100000e-03 3.896756e+00
3.200000e-03 3.943153e+00
3.300000e-03 3.985410e+00
3.400000e-03 4.022800e+00
3.500000e-03 4.054735e+00
3.600000e-03 4.080800e+00
3.700000e-03 4.100769e+00
3.800000e-03 4.114608e+00
3.900000e-03 4.122460e+00
4.000000e-03 4.124620e+00
4.100000e-03 4.121495e+00
4.200000e-03 4.113562e+00
4.300000e-03 4.101326e+00
4.400000e-03 4.085283e+00
4.500000e-03 4.065888e+00
4.600000e-03 4.043540e+00
4.700000e-03 4.018567e+00
4.800000e-03 3.991231e+00
4.900000e-03 3.961729e+00
5.000000e-03 3.930210e+00
5.100000e-03 3.896788e+00
5.200000e-03 3.861562e+00
5.300000e-03 3.824628e+00
5.400000e-03 3.786096e+00
5.500000e-03 3.746100e+00
5.600000e-03 3.704806e+00
5.700000e-03 3.662415e+00
5.800000e-03 3.619161e+00
5.900000e-03 3.575310e+00
6.000000e-03 3.531151e+00
6.100000e-03 3.486990e+00
6.200000e-03 3.443141e+00
6.300000e-03 3.399918e+00
6.400000e-03 3.357627e+00
6.500000e-03 3.316559e+00
6.600000e-03 3.276983e+00
6.700000e-03 3.239146e+00
6.800000e-03 3.203264e+00
6.900000e-03 3.169529e+00
7.000000e-03 3.138098e+00
7.100000e-03 3.109102e+00
7.200000e-03 3.082642e+00
7.300000e-03 3.058791e+00
7.400000e-03 3.037595e+00
7.500000e-03 3.019075e+00
7.600000e-03 3.003227e+00
7.700000e-03 2.990025e+00
7.800000e-03 2.979418e+00
7.900000e-03 2.971334e+00
8.000000e-03 2.965682e+00
8.100000e-03 2.962347e+00
8.200000e-03 2.961196e+00
8.300000e-03 2.962077e+00
8.400000e-03 2.964818e+00
8.500000e-03 2.969231e+00
8.600000e-03 2.975113e+00
8.700000e-03 2.982247e+00
8.800000e-03 2.990407e+00
8.900000e-03 2.999360e+00
9.000000e-03 3.008871e+00
9.100000e-03 3.018704e+00
9.200000e-03 3.028635e+00
9.300000e-03 3.038448e+00
9.400000e-03 3.047947e+00
9.500000e-03 3.056958e+00
9.600000e-03 3.065335e+00
9.700000e-03 3.072962e+00
9.800000e-03 3.079758e+00
9.900000e-03 3.085679e+00
1.000000e-02 3.090715e+00
1.010000e-02 3.094893e+00
1.020000e-02 3.098276e+00
1.030000e-02 3.100954e+00
1.040000e-02 3.103048e+00
1.050000e-02 3.104699e+00
1.060000e-02 3.106065e+00
1.070000e-02 3.107320e+00
1.080000e-02 3.108643e+00
1.090000e-02 3.110215e+00
1.100000e-02 3.112217e+00
1.110000e-02 3.114823e+00
1.120000e-02 3.118198e+00
1.130000e-02 3.122495e+00
1.140000e-02 3.127851e+00
1.150000e-02 3.134388e+00
1.160000e-02 3.142208e+00
1.170000e-02 3.151396e+00
1.180000e-02 3.162014e+00
1.190000e-02 3.174106e+00
1.200000e-02 3.187693e+00
1.210000e-02 3.202777e+00
1.220000e-02 3.219340e+00
1.230000e-02 3.237343e+00
1.240000e-02 3.256731e+00
1.250000e-02 3.277430e+00
1.260000e-02 3.299351e+00
1.270000e-02 3.322394e+00
1.280000e-02 3.346450e+00
1.290000e-02 3.371402e+00
1.300000e-02 3.397134e+00
1.310000e-02 3.423528e+00
1.320000e-02 3.450479e+00
1.330000e-02 3.477888e+00
1.340000e-02 3.505676e+00
1.350000e-02 3.533782e+00
1.360000e-02 3.562167e+00
1.370000e-02 3.590817e+00
1.380000e-02 3.619742e+00
1.390000e-02 3.648974e+00
1.400000e-02 3.678565e+00
1.410000e-02 3.708581e+00
1.420000e-02 3.739098e+00
1.430000e-02 3.770190e+00
1.440000e-02 3.801926e+00
1.450000e-02 3.834360e+00
1.460000e-02 3.867522e+00
1.470000e-02 3.901415e+00
1.480000e-02 3.936010e+00
1.490000e-02 3.971240e+00
1.500000e-02 4.007004e+00
1.510000e-02 4.043167e+00
1.520000e-02 4.079560e+00
1.530000e-02 4.115993e+00
1.540000e-02 4.152252e+00
1.550000e-02 4.188113e+00
1.560000e-02 4.223344e+00
1.570000e-02 4.257709e+00
1.580000e-02 4.290976e+00
1.590000e-02 4.322918e+00
1.600000e-02 4.353313e+00
1.610000e-02 4.381947e+00
1.620000e-02 4.408613e+00
1.630000e-02 4.433107e+00
1.640000e-02 4.455232e+00
1.650000e-02 4.474798e+00
1.660000e-02 4.491621e+00
1.670000e-02 4.505529e+00
1.680000e-02 4.516365e+00
1.690000e-02 4.523990e+00
1.700000e-02 4.528293e+00
1.710000e-02 4.529197e+00
1.720000e-02 4.526660e+00
1.730000e-02 4.520683e+00
1.740000e-02 4.511311e+00
1.750000e-02 4.498633e+00
1.760000e-02 4.482785e+00
1.770000e-02 4.463939e+00
1.780000e-02 4.442303e+00
1.790000e-02 4.418113e+00
1.800000e-02 4.391628e+00
1.810000e-02 4.363118e+00
1.820000e-02 4.332861e+00
1.830000e-02 4.301138e+00
1.840000e-02 4.268225e+00
1.850000e-02 4.234391e+00
1.860000e-02 4.199899e+00
1.870000e-02 4.165002e+00
1.880000e-02 4.129944e+00
1.890000e-02 4.094965e+00
1.900000e-02 4.060301e+00
1.910000e-02 4.026188e+00
1.920000e-02 3.992865e+00
1.930000e-02 3.960574e+00
1.940000e-02 3.929569e+00
1.950000e-02 3.900107e+00
1.960000e-02 3.872456e+00
1.970000e-02 3.846890e+00
1.980000e-02 3.823682e+00
1.990000e-02 3.803104e+00
2.000000e-02 3.785415e+00
2.010000e-02 3.770849e+00
2.020000e-02 3.759613e+00
2.030000e-02 3.751864e+00
2.040000e-02 3.747704e+00
2.050000e-02 3.747166e+00
2.060000e-02 3.750203e+00
2.070000e-02 3.756687e+00
2.080000e-02 3.766400e+00
2.090000e-02 3.779041e+00
2.100000e-02 3.794238e+00
2.110000e-02 3.811559e+00
2.120000e-02 3.830537e+00
2.130000e-02 3.850694e+00
2.140000e-02 3.871576e+00
2.150000e-02 3.892773e+00
2.160000e-02 3.913955e+00
2.170000e-02 3.934886e+00
2.180000e-02 3.955440e+00
2.190000e-02 3.975602e+00
2.200000e-02 3.995461e+00
2.210000e-02 4.015189e+00
2.220000e-02 4.035011e+00
2.230000e-02 4.055170e+00
2.240000e-02 4.075884e+00
2.250000e-02 4.097299e+00
2.260000e-02 4.119451e+00
2.270000e-02 4.142223e+00
2.280000e-02 4.165320e+00
2.290000e-02 4.188250e+00
2.300000e-02 4.210330e+00
2.310000e-02 4.230707e+00
2.320000e-02 4.248396e+00
2.330000e-02 4.262351e+00
2.340000e-02 4.271539e+00
2.350000e-02 4.275031e+00
2.360000e-02 4.272089e+00
2.370000e-02 4.262234e+00
2.380000e-02 4.245299e+00
2.390000e-02 4.221439e+00
2.400000e-02 4.191117e+00
2.410000e-02 4.155048e+00
2.420000e-02 4.114134e+00
2.430000e-02 4.069379e+00
2.440000e-02 4.021806e+00
2.450000e-02 3.972391e+00
2.460000e-02 3.922005e+00
2.470000e-02 3.871377e+00
2.480000e-02 3.821084e+00
2.490000e-02 3.771542e+00
2.500000e-02 3.723024e+00
2.510000e-02 3.675677e+00
2.520000e-02 3.629548e+00
2.530000e-02 3.584613e+00
2.540000e-02 3.540799e+00
2.550000e-02 3.498014e+00
2.560000e-02 3.456163e+00
2.570000e-02 3.415168e+00
2.580000e-02 3.374978e+00
2.590000e-02 3.335579e+00
2.600000e-02 3.296999e+00
2.610000e-02 3.259302e+00
2.620000e-02 3.222595e+00
2.630000e-02 3.187013e+00
2.640000e-02 3.152722e+00
2.650000e-02 3.119904e+00
2.660000e-02 3.088754e+00
2.670000e-02 3.059472e+00
2.680000e-02 3.032253e+00
2.690000e-02 3.007286e+00
2.700000e-02 2.984748e+00
2.710000e-02 2.964799e+00
2.720000e-02 2.947579e+00
2.730000e-02 2.933207e+00
2.740000e-02 2.921780e+00
2.750000e-02 2.913373e+00
2.760000e-02 2.908034e+00
2.770000e-02 2.905791e+00
2.780000e-02 2.906641e+00
2.790000e-02 2.910559e+00
2.800000e-02 2.917487e+00
2.810000e-02 2.927337e+00
2.820000e-02 2.939986e+00
2.830000e-02 2.955271e+00
2.840000e-02 2.972982e+00
2.850000e-02 2.992860e+00
2.860000e-02 3.014591e+00
2.870000e-02 3.037795e+00
2.880000e-02 3.062030e+00
2.890000e-02 3.086785e+00
2.900000e-02 3.111484e+00
2.910000e-02 3.135494e+00
2.920000e-02 3.158139e+00
2.930000e-02 3.178721e+00
2.940000e-02 3.196551e+00
2.950000e-02 3.210981e+00
2.960000e-02 3.221444e+00
2.970000e-02 3.227494e+00
2.980000e-02 3.228838e+00
2.990000e-02 3.225359e+00
3.000000e-02 3.217129e+00
3.010000e-02 3.204399e+00
3.020000e-02 3.187580e+00
3.030000e-02 3.167210e+00
3.040000e-02 3.143909e+00
3.050000e-02 3.118340e+00
3.060000e-02 3.091164e+00
3.070000e-02 3.063008e+00
3.080000e-02 3.034439e+00
3.090000e-02 3.005945e+00
3.100000e-02 2.977932e+00
3.110000e-02 2.950720e+00
3.120000e-02 2.924553e+00
3.130000e-02 2.899603e+00
3.140000e-02 2.875980e+00
3.150000e-02 2.853750e+00
3.160000e-02 2.832935e+00
3.170000e-02 2.813533e+00
3.180000e-02 2.795518e+00
3.190000e-02 2.778853e+00
3.200000e-02 2.763490e+00
3.210000e-02 2.749381e+00
3.220000e-02 2.736475e+00
3.230000e-02 2.724724e+00
3.240000e-02 2.714085e+00
3.250000e-02 2.704522e+00
3.260000e-02 2.696001e+00
3.270000e-02 2.688500e+00
3.280000e-02 2.682002e+00
3.290000e-02 2.676497e+00
3.300000e-02 2.671983e+00
3.310000e-02 2.668468e+00
3.320000e-02 2.665965e+00
3.330000e-02 2.664496e+00
3.340000e-02 2.664093e+00
3.350000e-02 2.664794e+00
3.360000e-02 2.666648e+00
3.370000e-02 2.669714e+00
3.380000e-02 2.674061e+00
3.390000e-02 2.679770e+00
3.400000e-02 2.686934e+00
3.410000e-02 2.695663e+00
3.420000e-02 2.706081e+00
3.430000e-02 2.718331e+00
3.440000e-02 2.732576e+00
3.450000e-02 2.749001e+00
3.460000e-02 2.767816e+00
3.470000e-02 2.789258e+00
3.480000e-02 2.813591e+00
3.490000e-02 2.841103e+00
3.500000e-02 2.872109e+00
3.510000e-02 2.906937e+00
3.520000e-02 2.945920e+00
3.530000e-02 2.989370e+00
3.540000e-02 3.037543e+00
3.550000e-02 3.090593e+00
3.560000e-02 3.148504e+00
3.570000e-02 3.211005e+00
3.580000e-02 3.277484e+00
3.590000e-02 3.346908e+00
3.600000e-02 3.417783e+00
3.610000e-02 3.488196e+00
3.620000e-02 3.555960e+00
3.630000e-02 3.618890e+00
3.640000e-02 3.675149e+00
3.650000e-02 3.723594e+00
3.660000e-02 3.764017e+00
3.670000e-02 3.797197e+00
3.680000e-02 3.824756e+00
3.690000e-02 3.848878e+00
3.700000e-02 3.871990e+00
3.710000e-02 3.896462e+00
3.720000e-02 3.924376e+00
3.730000e-02 3.957342e+00
3.740000e-02 3.996339e+00
3.750000e-02 4.041516e+00
3.760000e-02 4.091938e+00
3.770000e-02 4.145273e+00
3.780000e-02 4.197500e+00
3.790000e-02 4.242795e+00
3.800000e-02 4.273853e+00
3.810000e-02 4.282835e+00
3.820000e-02 4.262948e+00
3.830000e-02 4.210196e+00
3.840000e-02 4.124576e+00
3.850000e-02 4.010112e+00
3.860000e-02 3.873723e+00
3.870000e-02 3.723510e+00
3.880000e-02 3.567213e+00
3.890000e-02 3.411261e+00
3.900000e-02 3.260458e+00
3.910000e-02 3.118101e+00
3.920000e-02 2.986284e+00
3.930000e-02 2.866229e+00
3.940000e-02 2.758563e+00
3.950000e-02 2.663515e+00
3.960000e-02 2.581047e+00
3.970000e-02 2.510936e+00
3.980000e-02 2.452819e+00
3.990000e-02 2.406224e+00
4.000000e-02 2.370585e+00
4.010000e-02 2.345258e+00
4.020000e-02 2.329529e+00
4.030000e-02 2.322628e+00
4.040000e-02 2.323735e+00
4.050000e-02 2.331996e+00
4.060000e-02 2.346530e+00
4.070000e-02 2.366447e+00
4.080000e-02 2.390859e+00
4.090000e-02 2.418893e+00
4.100000e-02 2.449707e+00
4.110000e-02 2.482506e+00
4.120000e-02 2.516552e+00
4.130000e-02 2.551181e+00
4.140000e-02 2.585813e+00
4.150000e-02 2.619958e+00
4.160000e-02 2.653224e+00
4.170000e-02 2.685318e+00
4.180000e-02 2.716044e+00
4.190000e-02 2.745297e+00
4.200000e-02 2.773057e+00
4.210000e-02 2.799376e+00
4.220000e-02 2.824369e+00
4.230000e-02 2.848196e+00
4.240000e-02 2.871051e+00
4.250000e-02 2.893150e+00
4.260000e-02 2.914714e+00
4.270000e-02 2.935961e+00
4.280000e-02 2.957093e+00
4.290000e-02 2.978293e+00
4.300000e-02 2.999711e+00
4.310000e-02 3.021466e+00
4.320000e-02 3.043638e+00
4.330000e-02 3.066270e+00
4.340000e-02 3.089368e+00
4.350000e-02 3.112905e+00
4.360000e-02 3.136820e+00
4.370000e-02 3.161030e+00
4.380000e-02 3.185431e+00
4.390000e-02 3.209909e+00
4.400000e-02 3.234348e+00
4.410000e-02 3.258639e+00
4.420000e-02 3.282686e+00
4.430000e-02 3.306421e+00
4.440000e-02 3.329805e+00
4.450000e-02 3.352841e+00
4.460000e-02 3.375577e+00
4.470000e-02 3.398112e+00
4.480000e-02 3.420599e+00
4.490000e-02 3.443246e+00
4.500000e-02 3.466314e+00
4.510000e-02 3.490115e+00
4.520000e-02 3.515003e+00
4.530000e-02 3.541365e+00
4.540000e-02 3.569600e+00
4.550000e-02 3.600098e+00
4.560000e-02 3.633207e+00
4.570000e-02 3.669187e+00
4.580000e-02 3.708163e+00
4.590000e-02 3.750061e+00
4.600000e-02 3.794552e+00
4.610000e-02 3.841002e+00
4.620000e-02 3.888446e+00
4.630000e-02 3.935616e+00
4.640000e-02 3.981012e+00
4.650000e-02 4.023046e+00
4.660000e-02 4.060223e+00
4.670000e-02 4.091337e+00
4.680000e-02 4.115633e+00
4.690000e-02 4.132894e+00
4.700000e-02 4.143452e+00
4.710000e-02 4.148100e+00
4.720000e-02 4.147972e+00
4.730000e-02 4.144388e+00
4.740000e-02 4.138724e+00
4.750000e-02 4.132309e+00
4.760000e-02 4.126362e+00
4.770000e-02 4.121960e+00
4.780000e-02 4.120030e+00
4.790000e-02 4.121367e+00
4.800000e-02 4.126645e+00
4.810000e-02 4.136441e+00
4.820000e-02 4.151256e+00
4.830000e-02 4.171524e+00
4.840000e-02 4.197623e+00
4.850000e-02 4.229873e+00
4.860000e-02 4.268526e+00
4.870000e-02 4.313752e+00
4.880000e-02 4.365611e+00
4.890000e-02 4.424022e+00
4.900000e-02 4.488727e+00
4.910000e-02 4.559262e+00
4.920000e-02 4.634925e+00
4.930000e-02 4.714771e+00
4.940000e-02 4.797627e+00
4.950000e-02 4.882147e+00
4.960000e-02 4.966889e+00
4.970000e-02 5.050434e+00
4.980000e-02 5.131508e+00
4.990000e-02 5.209101e+00
