0.000000e+00 0.000000e+00
5.000000e-04 0.000000e+00
1.000000e-03 0.000000e+00
1.500000e-03 0.000000e+00
2.000000e-03 0.000000e+00
2.500000e-03 0.000000e+00
3.000000e-03 0.000000e+00
3.500000e-03 0.000000e+00
4.000000e-03 0.000000e+00
4.500000e-03 0.000000e+00
5.000000e-03 0.000000e+00
5.500000e-03 0.000000e+00
6.000000e-03 0.000000e+00
6.500000e-03 0.000000e+00
7.000000e-03 0.000000e+00
7.500000e-03 0.000000e+00
8.000000e-03 0.000000e+00
8.500000e-03 0.000000e+00
9.000000e-03 0.000000e+00
9.500000e-03 0.000000e+00
1.000000e-02 0.000000e+00
1.050000e-02 0.000000e+00
1.100000e-02 0.000000e+00
1.150000e-02 0.000000e+00
1.200000e-02 0.000000e+00
1.250000e-02 0.000000e+00
1.300000e-02 0.000000e+00
1.350000e-02 0.000000e+00
1.400000e-02 0.000000e+00
1.450000e-02 0.000000e+00
1.500000e-02 0.000000e+00
1.550000e-02 0.000000e+00
1.600000e-02 0.000000e+00
1.650000e-02 0.000000e+00
1.700000e-02 0.000000e+00
1.750000e-02 0.000000e+00
1.800000e-02 0.000000e+00
1.850000e-02 0.000000e+00
1.900000e-02 0.000000e+00
1.950000e-02 0.000000e+00
2.000000e-02 0.000000e+00
2.050000e-02 1.297478e-02
2.100000e-02 3.916628e-02
2.150000e-02 5.081894e-02
2.200000e-02 5.659915e-02
2.250000e-02 5.987663e-02
2.300000e-02 6.215730e-02
2.350000e-02 6.419628e-02
2.400000e-02 6.642293e-02
2.450000e-02 6.912554e-02
2.500000e-02 7.254278e-02
2.550000e-02 7.691823e-02
2.600000e-02 8.254290e-02
2.650000e-02 8.980044e-02
2.700000e-02 9.922812e-02
2.750000e-02 1.116115e-01
2.800000e-02 1.281438e-01
2.850000e-02 1.507116e-01
2.900000e-02 1.824368e-01
2.950000e-02 2.287736e-01
3.000000e-02 2.998903e-01
3.050000e-02 4.162655e-01
3.100000e-02 6.227730e-01
3.150000e-02 1.022363e+00
3.200000e-02 1.758205e+00
3.250000e-02 1.152622e+00
3.300000e-02 1.117169e+00
3.350000e-02 1.414790e+00
3.400000e-02 8.027049e-01
3.450000e-02 4.702973e-01
3.500000e-02 2.994905e-01
3.550000e-02 2.044776e-01
3.600000e-02 1.473351e-01
3.650000e-02 1.107082e-01
3.700000e-02 8.600718e-02
3.750000e-02 6.865412e-02
3.800000e-02 5.605010e-02
3.850000e-02 4.663961e-02
3.900000e-02 3.944934e-02
3.950000e-02 3.384690e-02
4.000000e-02 2.940802e-02
4.050000e-02 2.584005e-02
4.100000e-02 2.293619e-02
4.150000e-02 2.054722e-02
4.200000e-02 1.856342e-02
4.250000e-02 1.690280e-02
4.300000e-02 1.550317e-02
4.350000e-02 1.431675e-02
4.400000e-02 1.330643e-02
4.450000e-02 1.244306e-02
4.500000e-02 1.170357e-02
4.550000e-02 1.106956e-02
4.600000e-02 1.052625e-02
4.650000e-02 1.006176e-02
4.700000e-02 9.666474e-03
4.750000e-02 9.332648e-03
4.800000e-02 9.054053e-03
4.850000e-02 8.825732e-03
4.900000e-02 8.643803e-03
4.950000e-02 8.505320e-03
5.000000e-02 8.408164e-03
5.050000e-02 8.350979e-03
5.100000e-02 8.333124e-03
5.150000e-02 8.354657e-03
5.200000e-02 8.416350e-03
5.250000e-02 8.519720e-03
5.300000e-02 8.667097e-03
5.350000e-02 8.861722e-03
5.400000e-02 9.107886e-03
5.450000e-02 9.411121e-03
5.500000e-02 9.778452e-03
5.550000e-02 1.021874e-02
5.600000e-02 1.074312e-02
5.650000e-02 1.136564e-02
5.700000e-02 1.210402e-02
5.750000e-02 1.298081e-02
5.800000e-02 1.402489e-02
5.850000e-02 1.527361e-02
5.900000e-02 1.677577e-02
5.950000e-02 1.859597e-02
6.000000e-02 2.082091e-02
6.050000e-02 2.356880e-02
6.100000e-02 2.700375e-02
6.150000e-02 3.135821e-02
6.200000e-02 3.696899e-02
6.250000e-02 4.433681e-02
6.300000e-02 5.422808e-02
6.350000e-02 6.785515e-02
6.400000e-02 8.720826e-02
6.450000e-02 1.156910e-01
6.500000e-02 1.593762e-01
6.550000e-02 2.295012e-01
6.600000e-02 3.469619e-01
6.650000e-02 5.461295e-01
6.700000e-02 8.487471e-01
6.750000e-02 1.122887e+00
6.800000e-02 1.076941e+00
6.850000e-02 8.019895e-01
6.900000e-02 5.569217e-01
6.950000e-02 3.966613e-01
7.000000e-02 2.969628e-01
7.050000e-02 2.337536e-01
7.100000e-02 1.924297e-01
7.150000e-02 1.647544e-01
7.200000e-02 1.460534e-01
7.250000e-02 1.336227e-01
7.300000e-02 1.258926e-01
7.350000e-02 1.219938e-01
7.400000e-02 1.215398e-01
7.450000e-02 1.245344e-01
7.500000e-02 1.313647e-01
7.550000e-02 1.428632e-01
7.600000e-02 1.604169e-01
7.650000e-02 1.860220e-01
7.700000e-02 2.218310e-01
7.750000e-02 2.676521e-01
7.800000e-02 3.133038e-01
7.850000e-02 3.297684e-01
7.900000e-02 2.911194e-01
7.950000e-02 2.201954e-01
8.000000e-02 1.661254e-01
8.050000e-02 2.847723e-02
8.100000e-02 2.829376e-02
8.150000e-02 4.973791e-02
8.200000e-02 4.824049e-02
8.250000e-02 4.400912e-02
8.300000e-02 3.997897e-02
8.350000e-02 3.659383e-02
8.400000e-02 3.383462e-02
8.450000e-02 3.160039e-02
8.500000e-02 2.979147e-02
8.550000e-02 2.832587e-02
8.600000e-02 2.713949e-02
8.650000e-02 2.618298e-02
8.700000e-02 2.541837e-02
8.750000e-02 2.481638e-02
8.800000e-02 2.435437e-02
8.850000e-02 2.401472e-02
8.900000e-02 2.378374e-02
8.950000e-02 2.365081e-02
9.000000e-02 2.360775e-02
9.050000e-02 2.364830e-02
9.100000e-02 2.376787e-02
9.150000e-02 2.396315e-02
9.200000e-02 2.423200e-02
9.250000e-02 2.457325e-02
9.300000e-02 2.498661e-02
9.350000e-02 2.547255e-02
9.400000e-02 2.603229e-02
9.450000e-02 2.666769e-02
9.500000e-02 2.738129e-02
9.550000e-02 2.817622e-02
9.600000e-02 2.905625e-02
9.650000e-02 3.002576e-02
9.700000e-02 3.108973e-02
9.750000e-02 3.225380e-02
9.800000e-02 3.352421e-02
9.850000e-02 3.490786e-02
9.900000e-02 3.641230e-02
9.950000e-02 3.804574e-02
1.000000e-01 3.981707e-02
1.005000e-01 4.173582e-02
1.010000e-01 4.381218e-02
1.015000e-01 4.605695e-02
1.020000e-01 4.848152e-02
1.025000e-01 5.109780e-02
1.030000e-01 5.391816e-02
1.035000e-01 5.695532e-02
1.040000e-01 6.022222e-02
1.045000e-01 6.373192e-02
1.050000e-01 6.749740e-02
1.055000e-01 7.153143e-02
1.060000e-01 7.584640e-02
1.065000e-01 8.045413e-02
1.070000e-01 8.536583e-02
1.075000e-01 9.059200e-02
1.080000e-01 9.614249e-02
1.085000e-01 1.020267e-01
1.090000e-01 1.082541e-01
1.095000e-01 1.148345e-01
1.100000e-01 1.217794e-01
1.105000e-01 1.291030e-01
1.110000e-01 1.368238e-01
1.115000e-01 1.449671e-01
1.120000e-01 1.535672e-01
1.125000e-01 1.626707e-01
1.130000e-01 1.723405e-01
1.135000e-01 1.826597e-01
1.140000e-01 1.937372e-01
1.145000e-01 2.057125e-01
1.150000e-01 2.187613e-01
1.155000e-01 2.330993e-01
1.160000e-01 2.489812e-01
1.165000e-01 2.666880e-01
1.170000e-01 2.864874e-01
1.175000e-01 3.085357e-01
1.180000e-01 3.326630e-01
1.185000e-01 3.579445e-01
1.190000e-01 3.819682e-01
1.195000e-01 3.999273e-01
1.200000e-01 4.044496e-01
1.205000e-01 3.881820e-01
1.210000e-01 3.497741e-01
1.215000e-01 2.977450e-01
1.220000e-01 2.455662e-01
1.225000e-01 2.029955e-01
1.230000e-01 1.730842e-01
1.235000e-01 1.545739e-01
1.240000e-01 1.448458e-01
1.245000e-01 1.414478e-01
1.250000e-01 1.425299e-01
1.255000e-01 1.468195e-01
1.260000e-01 1.534780e-01
1.265000e-01 1.619628e-01
1.270000e-01 1.719221e-01
1.275000e-01 1.831201e-01
1.280000e-01 1.953836e-01
1.285000e-01 2.085637e-01
1.290000e-01 2.225042e-01
1.295000e-01 2.370163e-01
1.300000e-01 2.518571e-01
1.305000e-01 2.667115e-01
1.310000e-01 2.811819e-01
1.315000e-01 2.947874e-01
1.320000e-01 3.069780e-01
1.325000e-01 3.171660e-01
1.330000e-01 3.247758e-01
1.335000e-01 3.293063e-01
1.340000e-01 3.303962e-01
1.345000e-01 3.278781e-01
1.350000e-01 3.218065e-01
1.355000e-01 3.124523e-01
1.360000e-01 3.002647e-01
1.365000e-01 2.858109e-01
1.370000e-01 2.697071e-01
1.375000e-01 2.525565e-01
1.380000e-01 2.349023e-01
1.385000e-01 2.172007e-01
1.390000e-01 1.998105e-01
1.395000e-01 1.829961e-01
1.400000e-01 1.669393e-01
1.405000e-01 1.517536e-01
1.410000e-01 1.375000e-01
1.415000e-01 1.242006e-01
1.420000e-01 1.118509e-01
1.425000e-01 1.004280e-01
1.430000e-01 8.989783e-02
1.435000e-01 8.021917e-02
1.440000e-01 7.134650e-02
1.445000e-01 6.323134e-02
1.450000e-01 5.582266e-02
1.455000e-01 4.906652e-02
1.460000e-01 4.290512e-02
1.465000e-01 3.727508e-02
1.470000e-01 3.210494e-02
1.475000e-01 2.731121e-02
1.480000e-01 2.279359e-02
1.485000e-01 1.843516e-02
1.490000e-01 1.415665e-02
1.495000e-01 1.047033e-02
1.500000e-01 1.648732e-02
1.505000e-01 3.545992e-01
1.510000e-01 1.025303e-01
1.515000e-01 4.883491e-02
1.520000e-01 3.401448e-02
1.525000e-01 2.710482e-02
1.530000e-01 2.303460e-02
1.535000e-01 2.032056e-02
1.540000e-01 1.837664e-02
1.545000e-01 1.692349e-02
1.550000e-01 1.580942e-02
1.555000e-01 1.494387e-02
1.560000e-01 1.426875e-02
1.565000e-01 1.374471e-02
1.570000e-01 1.334399e-02
1.575000e-01 1.304636e-02
1.580000e-01 1.283681e-02
1.585000e-01 1.270401e-02
1.590000e-01 1.263941e-02
1.595000e-01 1.263652e-02
1.600000e-01 1.269054e-02
1.605000e-01 1.279801e-02
1.610000e-01 1.295661e-02
1.615000e-01 1.316501e-02
1.620000e-01 1.342273e-02
1.625000e-01 1.373014e-02
1.630000e-01 1.408836e-02
1.635000e-01 1.449930e-02
1.640000e-01 1.496562e-02
1.645000e-01 1.549085e-02
1.650000e-01 1.607940e-02
1.655000e-01 1.673667e-02
1.660000e-01 1.746918e-02
1.665000e-01 1.828475e-02
1.670000e-01 1.919267e-02
1.675000e-01 2.020403e-02
1.680000e-01 2.133199e-02
1.685000e-01 2.259227e-02
1.690000e-01 2.400361e-02
1.695000e-01 2.558850e-02
1.700000e-01 2.737402e-02
1.705000e-01 2.939290e-02
1.710000e-01 3.168492e-02
1.715000e-01 3.429860e-02
1.720000e-01 3.729347e-02
1.725000e-01 4.074277e-02
1.730000e-01 4.473681e-02
1.735000e-01 4.938704e-02
1.740000e-01 5.483036e-02
1.745000e-01 6.123323e-02
1.750000e-01 6.879353e-02
1.755000e-01 7.773608e-02
1.760000e-01 8.829303e-02
1.765000e-01 1.006525e-01
1.770000e-01 1.148462e-01
1.775000e-01 1.305382e-01
1.780000e-01 1.466941e-01
1.785000e-01 1.612259e-01
1.790000e-01 1.709648e-01
1.795000e-01 1.725186e-01
1.800000e-01 1.640083e-01
1.805000e-01 1.460288e-01
1.810000e-01 1.226827e-01
1.815000e-01 1.066361e-01
1.820000e-01 9.334647e-02
1.825000e-01 8.274319e-02
1.830000e-01 7.452198e-02
1.835000e-01 6.831447e-02
1.840000e-01 6.377801e-02
1.845000e-01 6.062651e-02
1.850000e-01 5.863366e-02
1.855000e-01 5.762541e-02
1.860000e-01 5.746990e-02
1.865000e-01 5.806736e-02
1.870000e-01 5.934137e-02
1.875000e-01 6.123103e-02
1.880000e-01 6.368415e-02
1.885000e-01 6.665103e-02
1.890000e-01 7.007855e-02
1.895000e-01 7.390492e-02
1.900000e-01 7.805488e-02
1.905000e-01 8.243617e-02
1.910000e-01 8.693772e-02
1.915000e-01 9.143046e-02
1.920000e-01 9.577121e-02
1.925000e-01 9.981014e-02
1.930000e-01 1.034010e-01
1.935000e-01 1.064134e-01
1.940000e-01 1.087442e-01
1.945000e-01 1.103273e-01
1.950000e-01 1.111384e-01
1.955000e-01 1.111947e-01
1.960000e-01 1.105503e-01
1.965000e-01 1.092872e-01
1.970000e-01 1.075052e-01
1.975000e-01 1.053118e-01
1.980000e-01 1.028134e-01
1.985000e-01 1.001090e-01
1.990000e-01 9.728630e-02
1.995000e-01 9.441942e-02
2.000000e-01 9.156883e-02
2.005000e-01 8.878206e-02
2.010000e-01 8.609513e-02
2.015000e-01 8.353429e-02
2.020000e-01 8.111776e-02
2.025000e-01 7.885743e-02
2.030000e-01 7.676023e-02
2.035000e-01 7.482946e-02
2.040000e-01 7.306578e-02
2.045000e-01 7.146802e-02
2.050000e-01 7.003389e-02
2.055000e-01 6.876044e-02
2.060000e-01 6.764448e-02
2.065000e-01 6.668288e-02
2.070000e-01 6.587282e-02
2.075000e-01 6.521196e-02
2.080000e-01 6.469860e-02
2.085000e-01 6.433179e-02
2.090000e-01 6.411141e-02
2.095000e-01 6.403830e-02
2.100000e-01 6.411435e-02
2.105000e-01 6.434254e-02
2.110000e-01 6.472709e-02
2.115000e-01 6.527355e-02
2.120000e-01 6.598891e-02
2.125000e-01 6.688172e-02
2.130000e-01 6.796228e-02
2.135000e-01 6.924277e-02
2.140000e-01 7.073744e-02
2.145000e-01 7.246282e-02
2.150000e-01 7.443790e-02
2.155000e-01 7.668432e-02
2.160000e-01 7.922657e-02
2.165000e-01 8.209206e-02
2.170000e-01 8.531118e-02
2.175000e-01 8.891713e-02
2.180000e-01 9.294546e-02
2.185000e-01 9.743326e-02
2.190000e-01 1.024177e-01
2.195000e-01 1.079337e-01
2.200000e-01 1.140102e-01
2.205000e-01 1.206650e-01
2.210000e-01 1.278977e-01
2.215000e-01 1.356794e-01
2.220000e-01 1.439408e-01
2.225000e-01 1.525577e-01
2.230000e-01 1.613370e-01
2.235000e-01 1.700054e-01
2.240000e-01 1.782066e-01
2.245000e-01 1.855137e-01
2.250000e-01 1.914620e-01
2.255000e-01 1.956032e-01
2.260000e-01 1.975742e-01
2.265000e-01 1.971641e-01
2.270000e-01 1.943595e-01
2.275000e-01 1.893505e-01
2.280000e-01 1.824954e-01
2.285000e-01 1.742560e-01
2.290000e-01 1.651244e-01
2.295000e-01 1.555601e-01
2.300000e-01 1.459490e-01
2.305000e-01 1.365856e-01
2.310000e-01 1.276734e-01
2.315000e-01 1.193369e-01
2.320000e-01 1.116370e-01
2.325000e-01 1.045884e-01
2.330000e-01 9.817347e-02
2.335000e-01 9.235430e-02
2.340000e-01 8.708100e-02
2.345000e-01 8.229796e-02
2.350000e-01 7.794809e-02
2.355000e-01 7.397551e-02
2.360000e-01 7.032739e-02
2.365000e-01 6.695507e-02
2.370000e-01 6.381481e-02
2.375000e-01 6.086820e-02
2.380000e-01 5.808253e-02
2.385000e-01 5.543090e-02
2.390000e-01 5.289223e-02
2.395000e-01 5.045115e-02
2.400000e-01 4.809772e-02
2.405000e-01 4.582687e-02
2.410000e-01 4.363780e-02
2.415000e-01 4.153314e-02
2.420000e-01 3.951806e-02
2.425000e-01 3.759934e-02
2.430000e-01 3.578449e-02
2.435000e-01 3.408096e-02
2.440000e-01 3.249556e-02
2.445000e-01 3.103401e-02
2.450000e-01 2.970067e-02
2.455000e-01 2.849850e-02
2.460000e-01 2.742905e-02
2.465000e-01 2.649266e-02
2.470000e-01 2.568866e-02
2.475000e-01 2.501565e-02
2.480000e-01 2.447172e-02
2.485000e-01 2.405475e-02
2.490000e-01 2.376263e-02
2.495000e-01 2.359348e-02
2.500000e-01 2.354583e-02
2.505000e-01 2.361880e-02
2.510000e-01 2.381221e-02
2.515000e-01 2.412675e-02
2.520000e-01 2.456405e-02
2.525000e-01 2.512683e-02
2.530000e-01 2.581902e-02
2.535000e-01 2.664583e-02
2.540000e-01 2.761396e-02
2.545000e-01 2.873168e-02
2.550000e-01 3.000908e-02
2.555000e-01 3.145824e-02
2.560000e-01 3.309350e-02
2.565000e-01 3.493178e-02
2.570000e-01 3.699289e-02
2.575000e-01 3.930004e-02
2.580000e-01 4.188034e-02
2.585000e-01 4.476538e-02
2.590000e-01 4.799211e-02
2.595000e-01 5.160365e-02
2.600000e-01 5.565048e-02
2.605000e-01 6.019182e-02
2.610000e-01 6.529724e-02
2.615000e-01 7.104876e-02
2.620000e-01 7.754333e-02
2.625000e-01 8.489592e-02
2.630000e-01 9.324332e-02
2.635000e-01 1.027489e-01
2.640000e-01 1.136083e-01
2.645000e-01 1.260571e-01
2.650000e-01 1.403791e-01
2.655000e-01 1.569184e-01
2.660000e-01 1.760926e-01
2.665000e-01 1.984100e-01
2.670000e-01 2.244905e-01
2.675000e-01 2.550901e-01
2.680000e-01 2.911294e-01
2.685000e-01 3.337251e-01
2.690000e-01 3.842204e-01
2.695000e-01 4.442079e-01
2.700000e-01 5.155306e-01
2.705000e-01 6.002355e-01
2.710000e-01 7.004376e-01
2.715000e-01 8.180296e-01
2.720000e-01 9.541549e-01
2.725000e-01 1.108374e+00
2.730000e-01 1.277543e+00
2.735000e-01 1.454650e+00
2.740000e-01 1.628241e+00
2.745000e-01 1.783319e+00
2.750000e-01 1.904319e+00
2.755000e-01 1.979517e+00
2.760000e-01 2.004774e+00
2.765000e-01 1.984478e+00
2.770000e-01 1.929299e+00
2.775000e-01 1.852410e+00
2.780000e-01 1.766200e+00
2.785000e-01 1.680508e+00
2.790000e-01 1.602237e+00
2.795000e-01 1.535760e+00
2.800000e-01 1.483571e+00
2.805000e-01 1.446882e+00
2.810000e-01 1.426048e+00
2.815000e-01 1.420814e+00
2.820000e-01 1.430439e+00
2.825000e-01 1.453741e+00
2.830000e-01 1.489142e+00
2.835000e-01 1.534736e+00
2.840000e-01 1.588442e+00
2.845000e-01 1.648203e+00
2.850000e-01 1.712212e+00
2.855000e-01 1.779111e+00
2.860000e-01 1.848104e+00
2.865000e-01 1.918969e+00
2.870000e-01 1.991971e+00
2.875000e-01 2.067681e+00
2.880000e-01 2.146733e+00
2.885000e-01 2.229493e+00
2.890000e-01 2.315646e+00
2.895000e-01 2.403643e+00
2.900000e-01 2.490077e+00
2.905000e-01 2.569138e+00
2.910000e-01 2.632639e+00
2.915000e-01 2.671358e+00
2.920000e-01 2.678153e+00
2.925000e-01 2.651981e+00
2.930000e-01 2.600098e+00
2.935000e-01 2.536017e+00
2.940000e-01 2.474134e+00
2.945000e-01 2.424678e+00
2.950000e-01 2.391610e+00
2.955000e-01 2.373217e+00
2.960000e-01 2.363862e+00
2.965000e-01 2.355793e+00
2.970000e-01 2.340824e+00
2.975000e-01 2.312060e+00
2.980000e-01 2.265654e+00
2.985000e-01 2.202113e+00
2.990000e-01 2.126369e+00
2.995000e-01 2.046262e+00
3.000000e-01 1.970018e+00
3.005000e-01 1.903949e+00
3.010000e-01 1.851317e+00
3.015000e-01 1.812440e+00
3.020000e-01 1.785544e+00
3.025000e-01 1.767753e+00
3.030000e-01 1.755902e+00
3.035000e-01 1.747060e+00
3.040000e-01 1.738797e+00
3.045000e-01 1.729295e+00
3.050000e-01 1.717344e+00
3.055000e-01 1.702294e+00
3.060000e-01 1.683985e+00
3.065000e-01 1.662689e+00
3.070000e-01 1.639075e+00
3.075000e-01 1.614229e+00
3.080000e-01 1.589782e+00
3.085000e-01 1.568261e+00
3.090000e-01 1.553912e+00
3.095000e-01 1.554741e+00
3.100000e-01 1.587801e+00
3.105000e-01 1.693666e+00
3.110000e-01 1.968954e+00
3.115000e-01 2.493441e+00
3.120000e-01 2.573796e+00
3.125000e-01 2.001026e+00
3.130000e-01 1.602931e+00
3.135000e-01 1.391449e+00
3.140000e-01 1.266660e+00
3.145000e-01 1.182506e+00
3.150000e-01 1.119472e+00
3.155000e-01 1.068620e+00
3.160000e-01 1.025447e+00
3.165000e-01 9.874436e-01
3.170000e-01 9.529414e-01
3.175000e-01 9.185155e-01
3.180000e-01 8.959895e-01
3.185000e-01 8.740331e-01
3.190000e-01 8.534496e-01
3.195000e-01 8.341034e-01
3.200000e-01 8.158378e-01
3.205000e-01 7.985136e-01
3.210000e-01 7.820105e-01
3.215000e-01 7.662251e-01
3.220000e-01 7.510671e-01
3.225000e-01 7.364569e-01
3.230000e-01 7.223231e-01
3.235000e-01 7.086017e-01
3.240000e-01 6.952340e-01
3.245000e-01 6.821663e-01
3.250000e-01 6.693491e-01
3.255000e-01 6.567366e-01
3.260000e-01 6.442862e-01
3.265000e-01 6.319588e-01
3.270000e-01 6.197182e-01
3.275000e-01 6.075312e-01
3.280000e-01 5.953682e-01
3.285000e-01 5.832025e-01
3.290000e-01 5.710110e-01
3.295000e-01 5.587742e-01
3.300000e-01 5.464768e-01
3.305000e-01 5.341072e-01
3.310000e-01 5.216585e-01
3.315000e-01 5.091283e-01
3.320000e-01 4.965189e-01
3.325000e-01 4.838375e-01
3.330000e-01 4.710961e-01
3.335000e-01 4.583116e-01
3.340000e-01 4.455057e-01
3.345000e-01 4.327044e-01
3.350000e-01 4.199379e-01
3.355000e-01 4.072399e-01
3.360000e-01 3.946474e-01
3.365000e-01 3.821997e-01
3.370000e-01 3.699378e-01
3.375000e-01 3.579039e-01
3.380000e-01 3.461402e-01
3.385000e-01 3.346884e-01
3.390000e-01 3.235887e-01
3.395000e-01 3.128797e-01
3.400000e-01 3.025971e-01
3.405000e-01 2.927733e-01
3.410000e-01 2.834375e-01
3.415000e-01 2.746147e-01
3.420000e-01 2.663260e-01
3.425000e-01 2.585881e-01
3.430000e-01 2.514135e-01
3.435000e-01 2.448107e-01
3.440000e-01 2.387841e-01
3.445000e-01 2.333340e-01
3.450000e-01 2.284573e-01
3.455000e-01 2.241477e-01
3.460000e-01 2.203953e-01
3.465000e-01 2.171876e-01
3.470000e-01 2.145094e-01
3.475000e-01 2.123431e-01
3.480000e-01 2.106687e-01
3.485000e-01 2.094642e-01
3.490000e-01 2.087057e-01
3.495000e-01 2.083675e-01
3.500000e-01 2.084225e-01
3.505000e-01 2.088422e-01
3.510000e-01 2.095970e-01
3.515000e-01 2.106566e-01
3.520000e-01 2.119904e-01
3.525000e-01 2.135679e-01
3.530000e-01 2.153599e-01
3.535000e-01 2.173385e-01
3.540000e-01 2.194787e-01
3.545000e-01 2.217593e-01
3.550000e-01 2.241640e-01
3.555000e-01 2.266826e-01
3.560000e-01 2.293129e-01
3.565000e-01 2.320611e-01
3.570000e-01 2.349438e-01
3.575000e-01 2.379888e-01
3.580000e-01 2.412361e-01
3.585000e-01 2.447391e-01
3.590000e-01 2.485644e-01
3.595000e-01 2.527935e-01
3.600000e-01 2.575223e-01
3.605000e-01 2.628618e-01
3.610000e-01 2.689388e-01
3.615000e-01 2.758962e-01
3.620000e-01 2.838934e-01
3.625000e-01 2.931073e-01
3.630000e-01 3.037327e-01
3.635000e-01 3.159827e-01
3.640000e-01 3.300886e-01
3.645000e-01 3.462978e-01
3.650000e-01 3.648707e-01
3.655000e-01 3.860731e-01
3.660000e-01 4.101644e-01
3.665000e-01 4.373783e-01
3.670000e-01 4.678942e-01
3.675000e-01 5.017974e-01
3.680000e-01 5.390269e-01
3.685000e-01 5.793142e-01
3.690000e-01 6.221179e-01
3.695000e-01 6.665717e-01
3.700000e-01 7.114642e-01
3.705000e-01 7.552786e-01
3.710000e-01 7.963115e-01
3.715000e-01 8.328708e-01
3.720000e-01 8.635238e-01
3.725000e-01 8.873337e-01
3.730000e-01 9.040168e-01
3.735000e-01 9.139721e-01
3.740000e-01 9.181803e-01
3.745000e-01 9.180133e-01
3.750000e-01 9.150159e-01
3.755000e-01 9.107135e-01
3.760000e-01 9.064765e-01
3.765000e-01 9.034454e-01
3.770000e-01 9.025063e-01
3.775000e-01 9.042976e-01
3.780000e-01 9.092317e-01
3.785000e-01 9.175215e-01
3.790000e-01 9.292022e-01
3.795000e-01 9.441488e-01
3.800000e-01 9.620887e-01
3.805000e-01 9.826135e-01
3.810000e-01 1.005193e+00
3.815000e-01 1.029199e+00
3.820000e-01 1.053941e+00
3.825000e-01 1.078711e+00
3.830000e-01 1.102852e+00
3.835000e-01 1.125821e+00
3.840000e-01 1.147253e+00
3.845000e-01 1.167014e+00
3.850000e-01 1.185226e+00
3.855000e-01 1.202264e+00
3.860000e-01 1.218713e+00
3.865000e-01 1.235307e+00
3.870000e-01 1.252836e+00
3.875000e-01 1.272022e+00
3.880000e-01 1.293379e+00
3.885000e-01 1.317029e+00
3.890000e-01 1.342473e+00
3.895000e-01 1.368326e+00
3.900000e-01 1.392048e+00
3.905000e-01 1.409782e+00
3.910000e-01 1.416492e+00
3.915000e-01 1.406633e+00
3.920000e-01 1.375448e+00
3.925000e-01 1.320612e+00
3.930000e-01 1.243477e+00
3.935000e-01 1.149097e+00
3.940000e-01 1.044869e+00
3.945000e-01 9.385055e-01
3.950000e-01 8.363357e-01
3.955000e-01 7.425318e-01
3.960000e-01 6.591665e-01
3.965000e-01 5.867216e-01
3.970000e-01 5.246811e-01
3.975000e-01 4.720175e-01
3.980000e-01 4.275210e-01
3.985000e-01 3.899905e-01
3.990000e-01 3.583303e-01
3.995000e-01 3.315859e-01
4.000000e-01 3.089495e-01
4.005000e-01 2.897487e-01
4.010000e-01 2.734290e-01
4.015000e-01 2.595359e-01
4.020000e-01 2.476972e-01
4.025000e-01 2.376088e-01
4.030000e-01 2.290213e-01
4.035000e-01 2.217300e-01
4.040000e-01 2.155668e-01
4.045000e-01 2.103927e-01
4.050000e-01 2.060929e-01
4.055000e-01 2.025723e-01
4.060000e-01 1.997517e-01
4.065000e-01 1.975654e-01
4.070000e-01 1.959585e-01
4.075000e-01 1.948855e-01
4.080000e-01 1.943084e-01
4.085000e-01 1.941959e-01
4.090000e-01 1.945220e-01
4.095000e-01 1.952657e-01
4.100000e-01 1.964099e-01
4.105000e-01 1.979412e-01
4.110000e-01 1.998492e-01
4.115000e-01 2.021265e-01
4.120000e-01 2.047682e-01
4.125000e-01 2.077720e-01
4.130000e-01 2.111375e-01
4.135000e-01 2.148666e-01
4.140000e-01 2.189634e-01
4.145000e-01 2.234337e-01
4.150000e-01 2.282858e-01
4.155000e-01 2.335297e-01
4.160000e-01 2.391777e-01
4.165000e-01 2.452443e-01
4.170000e-01 2.517462e-01
4.175000e-01 2.587025e-01
4.180000e-01 2.661350e-01
4.185000e-01 2.740679e-01
4.190000e-01 2.825283e-01
4.195000e-01 2.915463e-01
4.200000e-01 3.011552e-01
4.205000e-01 3.113913e-01
4.210000e-01 3.222947e-01
4.215000e-01 3.339091e-01
4.220000e-01 3.462820e-01
4.225000e-01 3.594652e-01
4.230000e-01 3.735146e-01
4.235000e-01 3.884909e-01
4.240000e-01 4.044592e-01
4.245000e-01 4.214901e-01
4.250000e-01 4.396589e-01
4.255000e-01 4.590466e-01
4.260000e-01 4.797396e-01
4.265000e-01 5.018303e-01
4.270000e-01 5.254166e-01
4.275000e-01 5.506027e-01
4.280000e-01 5.774982e-01
4.285000e-01 6.062188e-01
4.290000e-01 6.368856e-01
4.295000e-01 6.696247e-01
4.300000e-01 7.045667e-01
4.305000e-01 7.418455e-01
4.310000e-01 7.815971e-01
4.315000e-01 8.239575e-01
4.320000e-01 8.690606e-01
4.325000e-01 9.170337e-01
4.330000e-01 9.679935e-01
4.335000e-01 1.022039e+00
4.340000e-01 1.079243e+00
4.345000e-01 1.139638e+00
4.350000e-01 1.203203e+00
4.355000e-01 1.269841e+00
4.360000e-01 1.339347e+00
4.365000e-01 1.411372e+00
4.370000e-01 1.485374e+00
4.375000e-01 1.560557e+00
4.380000e-01 1.635792e+00
4.385000e-01 1.709537e+00
4.390000e-01 1.779740e+00
4.395000e-01 1.843767e+00
4.400000e-01 1.898360e+00
4.405000e-01 1.939671e+00
4.410000e-01 1.963438e+00
4.415000e-01 1.965333e+00
4.420000e-01 1.941519e+00
4.425000e-01 1.889374e+00
4.430000e-01 1.808237e+00
4.435000e-01 1.699962e+00
4.440000e-01 1.569031e+00
4.445000e-01 1.422099e+00
4.450000e-01 1.267044e+00
4.455000e-01 1.111795e+00
4.460000e-01 9.632813e-01
4.465000e-01 8.267582e-01
4.470000e-01 7.055850e-01
4.475000e-01 6.013719e-01
4.480000e-01 5.143418e-01
4.485000e-01 4.437579e-01
4.490000e-01 3.883149e-01
4.495000e-01 3.464480e-01
4.500000e-01 3.165498e-01
4.505000e-01 2.971072e-01
4.510000e-01 2.867786e-01
4.515000e-01 2.844305e-01
4.520000e-01 2.891480e-01
4.525000e-01 3.002333e-01
4.530000e-01 3.171972e-01
4.535000e-01 3.397512e-01
4.540000e-01 3.678024e-01
4.545000e-01 4.014536e-01
4.550000e-01 4.410099e-01
4.555000e-01 4.869915e-01
4.560000e-01 5.401516e-01
4.565000e-01 6.014928e-01
4.570000e-01 6.722672e-01
4.575000e-01 7.539248e-01
4.580000e-01 8.479330e-01
4.585000e-01 9.553111e-01
4.590000e-01 1.075595e+00
4.595000e-01 1.204832e+00
4.600000e-01 1.332422e+00
4.605000e-01 1.438090e+00
4.610000e-01 1.493691e+00
4.615000e-01 1.476155e+00
4.620000e-01 1.387078e+00
4.625000e-01 1.257224e+00
4.630000e-01 1.126534e+00
4.635000e-01 1.022267e+00
4.640000e-01 9.540718e-01
4.645000e-01 9.203847e-01
4.650000e-01 9.153721e-01
4.655000e-01 9.327523e-01
4.660000e-01 9.671716e-01
4.665000e-01 1.014412e+00
4.670000e-01 1.071197e+00
4.675000e-01 1.134926e+00
4.680000e-01 1.203444e+00
4.685000e-01 1.274884e+00
4.690000e-01 1.347563e+00
4.695000e-01 1.419932e+00
4.700000e-01 1.490560e+00
4.705000e-01 1.558154e+00
4.710000e-01 1.621589e+00
4.715000e-01 1.679945e+00
4.720000e-01 1.732552e+00
4.725000e-01 1.779011e+00
4.730000e-01 1.819208e+00
4.735000e-01 1.853310e+00
4.740000e-01 1.881738e+00
4.745000e-01 1.905122e+00
4.750000e-01 1.924247e+00
4.755000e-01 1.939980e+00
4.760000e-01 1.953182e+00
4.765000e-01 1.964606e+00
4.770000e-01 1.974758e+00
4.775000e-01 1.983720e+00
4.780000e-01 1.990915e+00
4.785000e-01 1.994819e+00
4.790000e-01 1.992672e+00
4.795000e-01 1.980324e+00
4.800000e-01 1.952496e+00
4.805000e-01 1.903793e+00
4.810000e-01 1.830589e+00
4.815000e-01 1.733197e+00
4.820000e-01 1.616969e+00
4.825000e-01 1.491188e+00
4.830000e-01 1.366129e+00
4.835000e-01 1.250098e+00
4.840000e-01 1.147967e+00
4.845000e-01 1.061365e+00
4.850000e-01 9.896917e-01
4.855000e-01 9.312102e-01
4.860000e-01 8.838151e-01
4.865000e-01 8.454629e-01
4.870000e-01 8.143412e-01
4.875000e-01 7.888598e-01
4.880000e-01 7.673921e-01
4.885000e-01 7.431463e-01
4.890000e-01 7.879951e-01
4.895000e-01 8.009510e-01
4.900000e-01 8.094823e-01
4.905000e-01 8.164707e-01
4.910000e-01 8.230512e-01
4.915000e-01 8.298022e-01
4.920000e-01 8.370586e-01
4.925000e-01 8.450282e-01
4.930000e-01 8.538439e-01
4.935000e-01 8.635900e-01
4.940000e-01 8.743160e-01
4.945000e-01 8.860442e-01
4.950000e-01 8.987733e-01
4.955000e-01 9.124802e-01
4.960000e-01 9.271203e-01
4.965000e-01 9.426269e-01
4.970000e-01 9.589099e-01
4.975000e-01 9.758555e-01
4.980000e-01 9.933245e-01
4.985000e-01 1.011153e+00
4.990000e-01 1.029150e+00
4.995000e-01 1.047104e+00
