0.000000e+00 0.000000e+00
5.000000e-04 0.000000e+00
1.000000e-03 0.000000e+00
1.500000e-03 0.000000e+00
2.000000e-03 0.000000e+00
2.500000e-03 0.000000e+00
3.000000e-03 0.000000e+00
3.500000e-03 0.000000e+00
4.000000e-03 0.000000e+00
4.500000e-03 0.000000e+00
5.000000e-03 0.000000e+00
5.500000e-03 0.000000e+00
6.000000e-03 0.000000e+00
6.500000e-03 0.000000e+00
7.000000e-03 0.000000e+00
7.500000e-03 0.000000e+00
8.000000e-03 0.000000e+00
8.500000e-03 0.000000e+00
9.000000e-03 0.000000e+00
9.500000e-03 0.000000e+00
1.000000e-02 0.000000e+00
1.050000e-02 0.000000e+00
1.100000e-02 0.000000e+00
1.150000e-02 0.000000e+00
1.200000e-02 0.000000e+00
1.250000e-02 0.000000e+00
1.300000e-02 0.000000e+00
1.350000e-02 0.000000e+00
1.400000e-02 0.000000e+00
1.450000e-02 0.000000e+00
1.500000e-02 0.000000e+00
1.550000e-02 0.000000e+00
1.600000e-02 0.000000e+00
1.650000e-02 0.000000e+00
1.700000e-02 0.000000e+00
1.750000e-02 0.000000e+00
1.800000e-02 0.000000e+00
1.850000e-02 0.000000e+00
1.900000e-02 0.000000e+00
1.950000e-02 0.000000e+00
2.000000e-02 0.000000e+00
2.050000e-02 2.454739e-02
2.100000e-02 6.722706e-02
2.150000e-02 8.289395e-02
2.200000e-02 8.962505e-02
2.250000e-02 9.302428e-02
2.300000e-02 9.522768e-02
2.350000e-02 9.717289e-02
2.400000e-02 9.932645e-02
2.450000e-02 1.019575e-01
2.500000e-02 1.052544e-01
2.550000e-02 1.093816e-01
2.600000e-02 1.145116e-01
2.650000e-02 1.208483e-01
2.700000e-02 1.286495e-01
2.750000e-02 1.382521e-01
2.800000e-02 1.501074e-01
2.850000e-02 1.648299e-01
2.900000e-02 1.832713e-01
2.950000e-02 2.066303e-01
3.000000e-02 2.366225e-01
3.050000e-02 2.757374e-01
3.100000e-02 3.276213e-01
3.150000e-02 3.975926e-01
3.200000e-02 4.931410e-01
3.250000e-02 6.236294e-01
3.300000e-02 7.965088e-01
3.350000e-02 1.003784e+00
3.400000e-02 1.195863e+00
3.450000e-02 1.279248e+00
3.500000e-02 1.201979e+00
3.550000e-02 1.024407e+00
3.600000e-02 8.389173e-01
3.650000e-02 6.900361e-01
3.700000e-02 5.804841e-01
3.750000e-02 4.960140e-01
3.800000e-02 4.197757e-01
3.850000e-02 3.433520e-01
3.900000e-02 2.721744e-01
3.950000e-02 2.159140e-01
4.000000e-02 1.776658e-01
4.050000e-02 1.547265e-01
4.100000e-02 1.431314e-01
4.150000e-02 1.397902e-01
4.200000e-02 1.427431e-01
4.250000e-02 1.508639e-01
4.300000e-02 1.635341e-01
4.350000e-02 1.803801e-01
4.400000e-02 2.010522e-01
4.450000e-02 2.250117e-01
4.500000e-02 2.513209e-01
4.550000e-02 2.784732e-01
4.600000e-02 3.043518e-01
4.650000e-02 3.264273e-01
4.700000e-02 3.422381e-01
4.750000e-02 3.500252e-01
4.800000e-02 3.492282e-01
4.850000e-02 3.405740e-01
4.900000e-02 3.257300e-01
4.950000e-02 3.067454e-01
5.000000e-02 2.855568e-01
5.050000e-02 2.637041e-01
5.100000e-02 2.422518e-01
5.150000e-02 2.218395e-01
5.200000e-02 2.027819e-01
5.250000e-02 1.851707e-01
5.300000e-02 1.689571e-01
5.350000e-02 1.540108e-01
5.400000e-02 1.401594e-01
5.450000e-02 1.272135e-01
5.500000e-02 1.149828e-01
5.550000e-02 1.032872e-01
5.600000e-02 9.196666e-02
5.650000e-02 8.089243e-02
5.700000e-02 6.998089e-02
5.750000e-02 5.921052e-02
5.800000e-02 4.864006e-02
5.850000e-02 3.842249e-02
5.900000e-02 2.880642e-02
5.950000e-02 2.011517e-02
6.000000e-02 1.269861e-02
6.050000e-02 6.864166e-03
6.100000e-02 2.806995e-03
6.150000e-02 5.652022e-04
6.200000e-02 1.722108e-05
6.250000e-02 9.190662e-04
6.300000e-02 2.962800e-03
6.350000e-02 5.833693e-03
6.400000e-02 9.251183e-03
6.450000e-02 1.298968e-02
6.500000e-02 1.688293e-02
6.550000e-02 2.081834e-02
6.600000e-02 2.472686e-02
6.650000e-02 2.857238e-02
6.700000e-02 3.234223e-02
6.750000e-02 3.603978e-02
6.800000e-02 3.967898e-02
6.850000e-02 4.328047e-02
6.900000e-02 4.686914e-02
6.950000e-02 5.047249e-02
7.000000e-02 5.411980e-02
7.050000e-02 5.784178e-02
7.100000e-02 6.167053e-02
7.150000e-02 6.563987e-02
7.200000e-02 6.978590e-02
7.250000e-02 7.414778e-02
7.300000e-02 7.876887e-02
7.350000e-02 8.369822e-02
7.400000e-02 8.899264e-02
7.450000e-02 9.471944e-02
7.500000e-02 1.009604e-01
7.550000e-02 1.078176e-01
7.600000e-02 1.154211e-01
7.650000e-02 1.239420e-01
7.700000e-02 1.336113e-01
7.750000e-02 1.447499e-01
7.800000e-02 1.578186e-01
7.850000e-02 1.735011e-01
7.900000e-02 1.928493e-01
7.950000e-02 2.175403e-01
8.000000e-02 2.503144e-01
8.050000e-02 2.955002e-01
8.100000e-02 3.548072e-01
8.150000e-02 4.973266e-01
8.200000e-02 5.604668e-01
8.250000e-02 3.385803e-01
8.300000e-02 1.180933e-01
8.350000e-02 3.911880e-02
8.400000e-02 2.104834e-02
8.450000e-02 2.275555e-02
8.500000e-02 3.082466e-02
8.550000e-02 4.084131e-02
8.600000e-02 5.126789e-02
8.650000e-02 6.155390e-02
8.700000e-02 7.151098e-02
8.750000e-02 8.109021e-02
8.800000e-02 9.029834e-02
8.850000e-02 9.916568e-02
8.900000e-02 1.077343e-01
8.950000e-02 1.160542e-01
9.000000e-02 1.241835e-01
9.050000e-02 1.321891e-01
9.100000e-02 1.401492e-01
9.150000e-02 1.481553e-01
9.200000e-02 1.563156e-01
9.250000e-02 1.647592e-01
9.300000e-02 1.736423e-01
9.350000e-02 1.831566e-01
9.400000e-02 1.935429e-01
9.450000e-02 2.051100e-01
9.500000e-02 2.182659e-01
9.550000e-02 2.335658e-01
9.600000e-02 2.517917e-01
9.650000e-02 2.740860e-01
9.700000e-02 3.021876e-01
9.750000e-02 3.388643e-01
9.800000e-02 3.887405e-01
9.850000e-02 4.599424e-01
9.900000e-02 5.673810e-01
9.950000e-02 7.384801e-01
1.000000e-01 1.014694e+00
1.005000e-01 1.384684e+00
1.010000e-01 1.526838e+00
1.015000e-01 1.169917e+00
1.020000e-01 7.752368e-01
1.025000e-01 5.542749e-01
1.030000e-01 4.495445e-01
1.035000e-01 4.047889e-01
1.040000e-01 3.918380e-01
1.045000e-01 3.975423e-01
1.050000e-01 4.156508e-01
1.055000e-01 4.431369e-01
1.060000e-01 4.785538e-01
1.065000e-01 5.212533e-01
1.070000e-01 5.709783e-01
1.075000e-01 6.276185e-01
1.080000e-01 6.910382e-01
1.085000e-01 7.609349e-01
1.090000e-01 8.367180e-01
1.095000e-01 9.174092e-01
1.100000e-01 1.001583e+00
1.105000e-01 1.087371e+00
1.110000e-01 1.172541e+00
1.115000e-01 1.254672e+00
1.120000e-01 1.331386e+00
1.125000e-01 1.400610e+00
1.130000e-01 1.460806e+00
1.135000e-01 1.511113e+00
1.140000e-01 1.551377e+00
1.145000e-01 1.582083e+00
1.150000e-01 1.604206e+00
1.155000e-01 1.619031e+00
1.160000e-01 1.627990e+00
1.165000e-01 1.632517e+00
1.170000e-01 1.633959e+00
1.175000e-01 1.633521e+00
1.180000e-01 1.632241e+00
1.185000e-01 1.630993e+00
1.190000e-01 1.630502e+00
1.195000e-01 1.631359e+00
1.200000e-01 1.634048e+00
1.205000e-01 1.638952e+00
1.210000e-01 1.646363e+00
1.215000e-01 1.656456e+00
1.220000e-01 1.669204e+00
1.225000e-01 1.684124e+00
1.230000e-01 1.699497e+00
1.235000e-01 1.709794e+00
1.240000e-01 1.695868e+00
1.245000e-01 1.581736e+00
1.250000e-01 1.073701e+00
1.255000e-01 2.776612e-01
1.260000e-01 6.396432e-01
1.265000e-01 1.046969e+00
1.270000e-01 1.261985e+00
1.275000e-01 1.381952e+00
1.280000e-01 1.454624e+00
1.285000e-01 1.500102e+00
1.290000e-01 1.527484e+00
1.295000e-01 1.541261e+00
1.300000e-01 1.543869e+00
1.305000e-01 1.536816e+00
1.310000e-01 1.521208e+00
1.315000e-01 1.498016e+00
1.320000e-01 1.468198e+00
1.325000e-01 1.432743e+00
1.330000e-01 1.392673e+00
1.335000e-01 1.349017e+00
1.340000e-01 1.302779e+00
1.345000e-01 1.254904e+00
1.350000e-01 1.206244e+00
1.355000e-01 1.157540e+00
1.360000e-01 1.109410e+00
1.365000e-01 1.062344e+00
1.370000e-01 1.016704e+00
1.375000e-01 9.727335e-01
1.380000e-01 9.305633e-01
1.385000e-01 8.902138e-01
1.390000e-01 8.515980e-01
1.395000e-01 8.145130e-01
1.400000e-01 7.786197e-01
1.405000e-01 7.434040e-01
1.410000e-01 7.081110e-01
1.415000e-01 6.716507e-01
1.420000e-01 6.325100e-01
1.425000e-01 5.888776e-01
1.430000e-01 5.397977e-01
1.435000e-01 4.896145e-01
1.440000e-01 4.566838e-01
1.445000e-01 4.676127e-01
1.450000e-01 5.168698e-01
1.455000e-01 5.687997e-01
1.460000e-01 6.053928e-01
1.465000e-01 6.281994e-01
1.470000e-01 6.428194e-01
1.475000e-01 6.534371e-01
1.480000e-01 6.625739e-01
1.485000e-01 6.716955e-01
1.490000e-01 6.816783e-01
1.495000e-01 6.930785e-01
1.500000e-01 7.062786e-01
1.505000e-01 7.215655e-01
1.510000e-01 7.391722e-01
1.515000e-01 7.592978e-01
1.520000e-01 7.821154e-01
1.525000e-01 8.077692e-01
1.530000e-01 8.363641e-01
1.535000e-01 8.679464e-01
1.540000e-01 9.024751e-01
1.545000e-01 9.397822e-01
1.550000e-01 9.795241e-01
1.555000e-01 1.021123e+00
1.560000e-01 1.063705e+00
1.565000e-01 1.106052e+00
1.570000e-01 1.146578e+00
1.575000e-01 1.183359e+00
1.580000e-01 1.214256e+00
1.585000e-01 1.237126e+00
1.590000e-01 1.250134e+00
1.595000e-01 1.252100e+00
1.600000e-01 1.242805e+00
1.605000e-01 1.223149e+00
1.610000e-01 1.195117e+00
1.615000e-01 1.161542e+00
1.620000e-01 1.125771e+00
1.625000e-01 1.091327e+00
1.630000e-01 1.061665e+00
1.635000e-01 1.040088e+00
1.640000e-01 1.029819e+00
1.645000e-01 1.034200e+00
1.650000e-01 1.057020e+00
1.655000e-01 1.102914e+00
1.660000e-01 1.177793e+00
1.665000e-01 1.289106e+00
1.670000e-01 1.445368e+00
1.675000e-01 1.653408e+00
1.680000e-01 1.909659e+00
1.685000e-01 2.179595e+00
1.690000e-01 2.367827e+00
1.695000e-01 2.332482e+00
1.700000e-01 2.028397e+00
1.705000e-01 1.601008e+00
1.710000e-01 1.211945e+00
1.715000e-01 9.147918e-01
1.720000e-01 7.000712e-01
1.725000e-01 5.458148e-01
1.730000e-01 4.336549e-01
1.735000e-01 3.506472e-01
1.740000e-01 2.880425e-01
1.745000e-01 2.399480e-01
1.750000e-01 2.023557e-01
1.755000e-01 1.724988e-01
1.760000e-01 1.484355e-01
1.765000e-01 1.287797e-01
1.770000e-01 1.125256e-01
1.775000e-01 9.893115e-02
1.780000e-01 8.744014e-02
1.785000e-01 7.762866e-02
1.790000e-01 6.916726e-02
1.795000e-01 6.179229e-02
1.800000e-01 5.527784e-02
1.805000e-01 4.936606e-02
1.810000e-01 5.024761e-02
1.815000e-01 5.350885e-02
1.820000e-01 5.622281e-02
1.825000e-01 5.895527e-02
1.830000e-01 6.193840e-02
1.835000e-01 6.533277e-02
1.840000e-01 6.928382e-02
1.845000e-01 7.394583e-02
1.850000e-01 7.949797e-02
1.855000e-01 8.615945e-02
1.860000e-01 9.420699e-02
1.865000e-01 1.039970e-01
1.870000e-01 1.159945e-01
1.875000e-01 1.308119e-01
1.880000e-01 1.492584e-01
1.885000e-01 1.724000e-01
1.890000e-01 2.016183e-01
1.895000e-01 2.386369e-01
1.900000e-01 2.854192e-01
1.905000e-01 3.437307e-01
1.910000e-01 4.139683e-01
1.915000e-01 4.928084e-01
1.920000e-01 5.700379e-01
1.925000e-01 6.276784e-01
1.930000e-01 6.468177e-01
1.935000e-01 6.207898e-01
1.940000e-01 5.606689e-01
1.945000e-01 4.858523e-01
1.950000e-01 4.120232e-01
1.955000e-01 3.471420e-01
1.960000e-01 2.933928e-01
1.965000e-01 2.500960e-01
1.970000e-01 2.155983e-01
1.975000e-01 1.881601e-01
1.980000e-01 1.662741e-01
1.985000e-01 1.487323e-01
1.990000e-01 1.345989e-01
1.995000e-01 1.231594e-01
2.000000e-01 1.138709e-01
2.005000e-01 1.063205e-01
2.010000e-01 1.001932e-01
2.015000e-01 9.524830e-02
2.020000e-01 9.130104e-02
2.025000e-01 8.821000e-02
2.030000e-01 8.586726e-02
2.035000e-01 8.419142e-02
2.040000e-01 8.312248e-02
2.045000e-01 8.261806e-02
2.050000e-01 8.265082e-02
2.055000e-01 8.320657e-02
2.060000e-01 8.428313e-02
2.065000e-01 8.588966e-02
2.070000e-01 8.804652e-02
2.075000e-01 9.078538e-02
2.080000e-01 9.414979e-02
2.085000e-01 9.819596e-02
2.090000e-01 1.029937e-01
2.095000e-01 1.086275e-01
2.100000e-01 1.151974e-01
2.105000e-01 1.228190e-01
2.110000e-01 1.316228e-01
2.115000e-01 1.417509e-01
2.120000e-01 1.533489e-01
2.125000e-01 1.665525e-01
2.130000e-01 1.814619e-01
2.135000e-01 1.981021e-01
2.140000e-01 2.163627e-01
2.145000e-01 2.359152e-01
2.150000e-01 2.561157e-01
2.155000e-01 2.759166e-01
2.160000e-01 2.938384e-01
2.165000e-01 3.080719e-01
2.170000e-01 3.167685e-01
2.175000e-01 3.184875e-01
2.180000e-01 3.126463e-01
2.185000e-01 2.997451e-01
2.190000e-01 2.812276e-01
2.195000e-01 2.590515e-01
2.200000e-01 2.351935e-01
2.205000e-01 2.112914e-01
2.210000e-01 1.884949e-01
2.215000e-01 1.674832e-01
2.220000e-01 1.485646e-01
2.225000e-01 1.317948e-01
2.230000e-01 1.170779e-01
2.235000e-01 1.042399e-01
2.240000e-01 9.307659e-02
2.245000e-01 8.338176e-02
2.250000e-01 7.496256e-02
2.255000e-01 6.764662e-02
2.260000e-01 6.128446e-02
2.265000e-01 5.574935e-02
2.270000e-01 5.093614e-02
2.275000e-01 4.675969e-02
2.280000e-01 4.315368e-02
2.285000e-01 4.006978e-02
2.290000e-01 3.747779e-02
2.295000e-01 3.536689e-02
2.300000e-01 3.374851e-02
2.305000e-01 3.266144e-02
2.310000e-01 3.218042e-02
2.315000e-01 3.242994e-02
2.320000e-01 3.360647e-02
2.325000e-01 3.601426e-02
2.330000e-01 4.012409e-02
2.335000e-01 4.667078e-02
2.340000e-01 5.681771e-02
2.345000e-01 7.243634e-02
2.350000e-01 9.657553e-02
2.355000e-01 1.342033e-01
2.360000e-01 1.931473e-01
2.365000e-01 2.842689e-01
2.370000e-01 4.168209e-01
2.375000e-01 5.803747e-01
2.380000e-01 7.198867e-01
2.385000e-01 7.651430e-01
2.390000e-01 7.138634e-01
2.395000e-01 6.210474e-01
2.400000e-01 5.296600e-01
2.405000e-01 4.548335e-01
2.410000e-01 3.975536e-01
2.415000e-01 3.547573e-01
2.420000e-01 3.231101e-01
2.425000e-01 2.999536e-01
2.430000e-01 2.833644e-01
2.435000e-01 2.720105e-01
2.440000e-01 2.650038e-01
2.445000e-01 2.617895e-01
2.450000e-01 2.620764e-01
2.455000e-01 2.658005e-01
2.460000e-01 2.731183e-01
2.465000e-01 2.844313e-01
2.470000e-01 3.004467e-01
2.475000e-01 3.222918e-01
2.480000e-01 3.517090e-01
2.485000e-01 3.913847e-01
2.490000e-01 4.454919e-01
2.495000e-01 5.205495e-01
2.500000e-01 6.265913e-01
2.505000e-01 7.778346e-01
2.510000e-01 9.884555e-01
2.515000e-01 1.248628e+00
2.520000e-01 1.465572e+00
2.525000e-01 1.469391e+00
2.530000e-01 1.241751e+00
2.535000e-01 9.586891e-01
2.540000e-01 7.366357e-01
2.545000e-01 5.878530e-01
2.550000e-01 4.922814e-01
2.555000e-01 4.307459e-01
2.560000e-01 3.903000e-01
2.565000e-01 3.628533e-01
2.570000e-01 3.433912e-01
2.575000e-01 3.287733e-01
2.580000e-01 3.170174e-01
2.585000e-01 3.068796e-01
2.590000e-01 2.976007e-01
2.595000e-01 2.887459e-01
2.600000e-01 2.800959e-01
2.605000e-01 2.715712e-01
2.610000e-01 2.631772e-01
2.615000e-01 2.549656e-01
2.620000e-01 2.470074e-01
2.625000e-01 2.393765e-01
2.630000e-01 2.321388e-01
2.635000e-01 2.253478e-01
2.640000e-01 2.190420e-01
2.645000e-01 2.132462e-01
2.650000e-01 2.079718e-01
2.655000e-01 2.032189e-01
2.660000e-01 1.989780e-01
2.665000e-01 1.952311e-01
2.670000e-01 1.919526e-01
2.675000e-01 1.891096e-01
2.680000e-01 1.866617e-01
2.685000e-01 1.845602e-01
2.690000e-01 1.827467e-01
2.695000e-01 1.811511e-01
2.700000e-01 1.796897e-01
2.705000e-01 1.782620e-01
2.710000e-01 1.767484e-01
2.715000e-01 1.750087e-01
2.720000e-01 1.728808e-01
2.725000e-01 1.701834e-01
2.730000e-01 1.667214e-01
2.735000e-01 1.622973e-01
2.740000e-01 1.567289e-01
2.745000e-01 1.498733e-01
2.750000e-01 1.416546e-01
2.755000e-01 1.320912e-01
2.760000e-01 1.213159e-01
2.765000e-01 1.095800e-01
2.770000e-01 9.723817e-02
2.775000e-01 8.471399e-02
2.780000e-01 7.245275e-02
2.785000e-01 6.087278e-02
2.790000e-01 5.032627e-02
2.795000e-01 4.107627e-02
2.800000e-01 3.329123e-02
2.805000e-01 2.705357e-02
2.810000e-01 2.237641e-02
2.815000e-01 1.922295e-02
2.820000e-01 1.752419e-02
2.825000e-01 1.719280e-02
2.830000e-01 1.813229e-02
2.835000e-01 2.024187e-02
2.840000e-01 2.341777e-02
2.845000e-01 2.755207e-02
2.850000e-01 3.253019e-02
2.855000e-01 3.822821e-02
2.860000e-01 4.451097e-02
2.865000e-01 5.123193e-02
2.870000e-01 5.823528e-02
2.875000e-01 6.536061e-02
2.880000e-01 7.244967e-02
2.885000e-01 7.935444e-02
2.890000e-01 8.594521e-02
2.895000e-01 9.211748e-02
2.900000e-01 9.779644e-02
2.905000e-01 1.029386e-01
2.910000e-01 1.075304e-01
2.915000e-01 1.115842e-01
2.920000e-01 1.151329e-01
2.925000e-01 1.182233e-01
2.930000e-01 1.209095e-01
2.935000e-01 1.232467e-01
2.940000e-01 1.252856e-01
2.945000e-01 1.270672e-01
2.950000e-01 1.286185e-01
2.955000e-01 1.299477e-01
2.960000e-01 1.310397e-01
2.965000e-01 1.318515e-01
2.970000e-01 1.323068e-01
2.975000e-01 1.322922e-01
2.980000e-01 1.316560e-01
2.985000e-01 1.302151e-01
2.990000e-01 1.277776e-01
2.995000e-01 1.241974e-01
3.000000e-01 1.194795e-01
3.005000e-01 1.139594e-01
3.010000e-01 1.085599e-01
3.015000e-01 1.050702e-01
3.020000e-01 1.062856e-01
3.025000e-01 1.157504e-01
3.030000e-01 1.369083e-01
3.035000e-01 1.718073e-01
3.040000e-01 2.199179e-01
3.045000e-01 2.776763e-01
3.050000e-01 3.389577e-01
3.055000e-01 3.962871e-01
3.060000e-01 4.424755e-01
3.065000e-01 4.722988e-01
3.070000e-01 4.836675e-01
3.075000e-01 4.777749e-01
3.080000e-01 4.581980e-01
3.085000e-01 4.294973e-01
3.090000e-01 3.959954e-01
3.095000e-01 3.610928e-01
3.100000e-01 3.270992e-01
3.105000e-01 2.953728e-01
3.110000e-01 2.665703e-01
3.115000e-01 2.408880e-01
3.120000e-01 2.182507e-01
3.125000e-01 1.984408e-01
3.130000e-01 1.811803e-01
3.135000e-01 1.661782e-01
3.140000e-01 1.531571e-01
3.145000e-01 1.418657e-01
3.150000e-01 1.320837e-01
3.155000e-01 1.236235e-01
3.160000e-01 1.163303e-01
3.165000e-01 1.100849e-01
3.170000e-01 1.048191e-01
3.175000e-01 1.016626e-01
3.180000e-01 1.042079e-01
3.185000e-01 1.036597e-01
3.190000e-01 1.028277e-01
3.195000e-01 1.020427e-01
3.200000e-01 1.014302e-01
3.205000e-01 1.010546e-01
3.210000e-01 1.009579e-01
3.215000e-01 1.011728e-01
3.220000e-01 1.017303e-01
3.225000e-01 1.026634e-01
3.230000e-01 1.040093e-01
3.235000e-01 1.058128e-01
3.240000e-01 1.081279e-01
3.245000e-01 1.110211e-01
3.250000e-01 1.145747e-01
3.255000e-01 1.188914e-01
3.260000e-01 1.240998e-01
3.265000e-01 1.303622e-01
3.270000e-01 1.378849e-01
3.275000e-01 1.469323e-01
3.280000e-01 1.578462e-01
3.285000e-01 1.710726e-01
3.290000e-01 1.872000e-01
3.295000e-01 2.070122e-01
3.300000e-01 2.315642e-01
3.305000e-01 2.622888e-01
3.310000e-01 3.011441e-01
3.315000e-01 3.508067e-01
3.320000e-01 4.148949e-01
3.325000e-01 4.981305e-01
3.330000e-01 6.061354e-01
3.335000e-01 7.440580e-01
3.340000e-01 9.123215e-01
3.345000e-01 1.097477e+00
3.350000e-01 1.261027e+00
3.355000e-01 1.344068e+00
3.360000e-01 1.306899e+00
3.365000e-01 1.168280e+00
3.370000e-01 9.858319e-01
3.375000e-01 8.084074e-01
3.380000e-01 6.582549e-01
3.385000e-01 5.390522e-01
3.390000e-01 4.467941e-01
3.395000e-01 3.757927e-01
3.400000e-01 3.209233e-01
3.405000e-01 2.781514e-01
3.410000e-01 2.444611e-01
3.415000e-01 2.176395e-01
3.420000e-01 1.960683e-01
3.425000e-01 1.785585e-01
3.430000e-01 1.642299e-01
3.435000e-01 1.524239e-01
3.440000e-01 1.426428e-01
3.445000e-01 1.345066e-01
3.450000e-01 1.277222e-01
3.455000e-01 1.220613e-01
3.460000e-01 1.173448e-01
3.465000e-01 1.134308e-01
3.470000e-01 1.102065e-01
3.475000e-01 1.075816e-01
3.480000e-01 1.054834e-01
3.485000e-01 1.038535e-01
3.490000e-01 1.026447e-01
3.495000e-01 1.018193e-01
3.500000e-01 1.013471e-01
3.505000e-01 1.012041e-01
3.510000e-01 1.013719e-01
3.515000e-01 1.018367e-01
3.520000e-01 1.025886e-01
3.525000e-01 1.036211e-01
3.530000e-01 1.049311e-01
3.535000e-01 1.065185e-01
3.540000e-01 1.083856e-01
3.545000e-01 1.105377e-01
3.550000e-01 1.129823e-01
3.555000e-01 1.157297e-01
3.560000e-01 1.187925e-01
3.565000e-01 1.221860e-01
3.570000e-01 1.259282e-01
3.575000e-01 1.300399e-01
3.580000e-01 1.345449e-01
3.585000e-01 1.394701e-01
3.590000e-01 1.448458e-01
3.595000e-01 1.507059e-01
3.600000e-01 1.570883e-01
3.605000e-01 1.640348e-01
3.610000e-01 1.715921e-01
3.615000e-01 1.798111e-01
3.620000e-01 1.887483e-01
3.625000e-01 1.984649e-01
3.630000e-01 2.090281e-01
3.635000e-01 2.205101e-01
3.640000e-01 2.329888e-01
3.645000e-01 2.465474e-01
3.650000e-01 2.612733e-01
3.655000e-01 2.772582e-01
3.660000e-01 2.945960e-01
3.665000e-01 3.133818e-01
3.670000e-01 3.337098e-01
3.675000e-01 3.556711e-01
3.680000e-01 3.793525e-01
3.685000e-01 4.048358e-01
3.690000e-01 4.322000e-01
3.695000e-01 4.615286e-01
3.700000e-01 4.929246e-01
3.705000e-01 5.265376e-01
3.710000e-01 5.626070e-01
3.715000e-01 6.015258e-01
3.720000e-01 6.439252e-01
3.725000e-01 6.907761e-01
3.730000e-01 7.434920e-01
3.735000e-01 8.040077e-01
3.740000e-01 8.747861e-01
3.745000e-01 9.586928e-01
3.750000e-01 1.058657e+00
3.755000e-01 1.177028e+00
3.760000e-01 1.314572e+00
3.765000e-01 1.469134e+00
3.770000e-01 1.634277e+00
3.775000e-01 1.798532e+00
3.780000e-01 1.946217e+00
3.785000e-01 2.060424e+00
3.790000e-01 2.127571e+00
3.795000e-01 2.141469e+00
3.800000e-01 2.104690e+00
3.805000e-01 2.026707e+00
3.810000e-01 1.920225e+00
3.815000e-01 1.797749e+00
3.820000e-01 1.669501e+00
3.825000e-01 1.542769e+00
3.830000e-01 1.422144e+00
3.835000e-01 1.310133e+00
3.840000e-01 1.207797e+00
3.845000e-01 1.115287e+00
3.850000e-01 1.032223e+00
3.855000e-01 9.579489e-01
3.860000e-01 8.916981e-01
3.865000e-01 8.326855e-01
3.870000e-01 7.801621e-01
3.875000e-01 7.334412e-01
3.880000e-01 6.919107e-01
3.885000e-01 6.550346e-01
3.890000e-01 6.223516e-01
3.895000e-01 5.934702e-01
3.900000e-01 5.680641e-01
3.905000e-01 5.458675e-01
3.910000e-01 5.266708e-01
3.915000e-01 5.103183e-01
3.920000e-01 4.967061e-01
3.925000e-01 4.857826e-01
3.930000e-01 4.775494e-01
3.935000e-01 4.720653e-01
3.940000e-01 4.694517e-01
3.945000e-01 4.699007e-01
3.950000e-01 4.736867e-01
3.955000e-01 4.811810e-01
3.960000e-01 4.928714e-01
3.965000e-01 5.093859e-01
3.970000e-01 5.315227e-01
3.975000e-01 5.602839e-01
3.980000e-01 5.969120e-01
3.985000e-01 6.429226e-01
3.990000e-01 7.001192e-01
3.995000e-01 7.705638e-01
4.000000e-01 8.564531e-01
4.005000e-01 9.598185e-01
4.010000e-01 1.081933e+00
4.015000e-01 1.222296e+00
4.020000e-01 1.377169e+00
4.025000e-01 1.537960e+00
4.030000e-01 1.690382e+00
4.035000e-01 1.815846e+00
4.040000e-01 1.896040e+00
4.045000e-01 1.919372e+00
4.050000e-01 1.885468e+00
4.055000e-01 1.804586e+00
4.060000e-01 1.692685e+00
4.065000e-01 1.565771e+00
4.070000e-01 1.436389e+00
4.075000e-01 1.312674e+00
4.080000e-01 1.198992e+00
4.085000e-01 1.097072e+00
4.090000e-01 1.007044e+00
4.095000e-01 9.281932e-01
4.100000e-01 8.594327e-01
4.105000e-01 7.995766e-01
4.110000e-01 7.474818e-01
4.115000e-01 7.021138e-01
4.120000e-01 6.625684e-01
4.125000e-01 6.280730e-01
4.130000e-01 5.979768e-01
4.135000e-01 5.717376e-01
4.140000e-01 5.489078e-01
4.145000e-01 5.291218e-01
4.150000e-01 5.120845e-01
4.155000e-01 4.975625e-01
4.160000e-01 4.853766e-01
4.165000e-01 4.753957e-01
4.170000e-01 4.675331e-01
4.175000e-01 4.617430e-01
4.180000e-01 4.580191e-01
4.185000e-01 4.563937e-01
4.190000e-01 4.569374e-01
4.195000e-01 4.597594e-01
4.200000e-01 4.650087e-01
4.205000e-01 4.728736e-01
4.210000e-01 4.835818e-01
4.215000e-01 4.973974e-01
4.220000e-01 5.146151e-01
4.225000e-01 5.355496e-01
4.230000e-01 5.605169e-01
4.235000e-01 5.898066e-01
4.240000e-01 6.236413e-01
4.245000e-01 6.621223e-01
4.250000e-01 7.051629e-01
4.255000e-01 7.524147e-01
4.260000e-01 8.031981e-01
4.265000e-01 8.564575e-01
4.270000e-01 9.107633e-01
4.275000e-01 9.643827e-01
4.280000e-01 1.015427e+00
4.285000e-01 1.062061e+00
4.290000e-01 1.102732e+00
4.295000e-01 1.136366e+00
4.300000e-01 1.162483e+00
4.305000e-01 1.181200e+00
4.310000e-01 1.193146e+00
4.315000e-01 1.199310e+00
4.320000e-01 1.200877e+00
4.325000e-01 1.199084e+00
4.330000e-01 1.195107e+00
4.335000e-01 1.189996e+00
4.340000e-01 1.184648e+00
4.345000e-01 1.179800e+00
4.350000e-01 1.176043e+00
4.355000e-01 1.173844e+00
4.360000e-01 1.173569e+00
4.365000e-01 1.175503e+00
4.370000e-01 1.179876e+00
4.375000e-01 1.186869e+00
4.380000e-01 1.196633e+00
4.385000e-01 1.209292e+00
4.390000e-01 1.224945e+00
4.395000e-01 1.243661e+00
4.400000e-01 1.265472e+00
4.405000e-01 1.290350e+00
4.410000e-01 1.318186e+00
4.415000e-01 1.348747e+00
4.420000e-01 1.381632e+00
4.425000e-01 1.416213e+00
4.430000e-01 1.451574e+00
4.435000e-01 1.486463e+00
4.440000e-01 1.519273e+00
4.445000e-01 1.548081e+00
4.450000e-01 1.570786e+00
4.455000e-01 1.585344e+00
4.460000e-01 1.590098e+00
4.465000e-01 1.584121e+00
4.470000e-01 1.567475e+00
4.475000e-01 1.541277e+00
4.480000e-01 1.507534e+00
4.485000e-01 1.468800e+00
4.490000e-01 1.427759e+00
4.495000e-01 1.386861e+00
4.500000e-01 1.348097e+00
4.505000e-01 1.312910e+00
4.510000e-01 1.282218e+00
4.515000e-01 1.256506e+00
4.520000e-01 1.235937e+00
4.525000e-01 1.220455e+00
4.530000e-01 1.209879e+00
4.535000e-01 1.203960e+00
4.540000e-01 1.202435e+00
4.545000e-01 1.205047e+00
4.550000e-01 1.211573e+00
4.555000e-01 1.221822e+00
4.560000e-01 1.235651e+00
4.565000e-01 1.252959e+00
4.570000e-01 1.273690e+00
4.575000e-01 1.297839e+00
4.580000e-01 1.325449e+00
4.585000e-01 1.356623e+00
4.590000e-01 1.391538e+00
4.595000e-01 1.430462e+00
4.600000e-01 1.473796e+00
4.605000e-01 1.522123e+00
4.610000e-01 1.576291e+00
4.615000e-01 1.637528e+00
4.620000e-01 1.707607e+00
4.625000e-01 1.789038e+00
4.630000e-01 1.885249e+00
4.635000e-01 2.000552e+00
4.640000e-01 2.139345e+00
4.645000e-01 2.303363e+00
4.650000e-01 2.485211e+00
4.655000e-01 2.658799e+00
4.660000e-01 2.777266e+00
4.665000e-01 2.796897e+00
4.670000e-01 2.715050e+00
4.675000e-01 2.571679e+00
4.680000e-01 2.412910e+00
4.685000e-01 2.266163e+00
4.690000e-01 2.140649e+00
4.695000e-01 2.036112e+00
4.700000e-01 1.949133e+00
4.705000e-01 1.876008e+00
4.710000e-01 1.813682e+00
4.715000e-01 1.759888e+00
4.720000e-01 1.713032e+00
4.725000e-01 1.672029e+00
4.730000e-01 1.636167e+00
4.735000e-01 1.604993e+00
4.740000e-01 1.578244e+00
4.745000e-01 1.555796e+00
4.750000e-01 1.537633e+00
4.755000e-01 1.523831e+00
4.760000e-01 1.514553e+00
4.765000e-01 1.510055e+00
4.770000e-01 1.510696e+00
4.775000e-01 1.516960e+00
4.780000e-01 1.529486e+00
4.785000e-01 1.549111e+00
4.790000e-01 1.576919e+00
4.795000e-01 1.614316e+00
4.800000e-01 1.663104e+00
4.805000e-01 1.725564e+00
4.810000e-01 1.804492e+00
4.815000e-01 1.903116e+00
4.820000e-01 2.024637e+00
4.825000e-01 2.170946e+00
4.830000e-01 2.339646e+00
4.835000e-01 2.518433e+00
4.840000e-01 2.677666e+00
4.845000e-01 2.768434e+00
4.850000e-01 2.740871e+00
4.855000e-01 2.582632e+00
4.860000e-01 2.337144e+00
4.865000e-01 2.071946e+00
4.870000e-01 1.836128e+00
4.875000e-01 1.648136e+00
4.880000e-01 1.504959e+00
4.885000e-01 1.365487e+00
4.890000e-01 1.631083e+00
4.895000e-01 1.699138e+00
4.900000e-01 1.741469e+00
4.905000e-01 1.774416e+00
4.910000e-01 1.803685e+00
4.915000e-01 1.831777e+00
4.920000e-01 1.859866e+00
4.925000e-01 1.888474e+00
4.930000e-01 1.917761e+00
4.935000e-01 1.947664e+00
4.940000e-01 1.977964e+00
4.945000e-01 2.008330e+00
4.950000e-01 2.038341e+00
4.955000e-01 2.067501e+00
4.960000e-01 2.095255e+00
4.965000e-01 2.120999e+00
4.970000e-01 2.144095e+00
4.975000e-01 2.163889e+00
4.980000e-01 2.179730e+00
4.985000e-01 2.190994e+00
4.990000e-01 2.197109e+00
4.995000e-01 2.197584e+00
