0.000000e+00 0.000000e+00
5.000000e-04 0.000000e+00
1.000000e-03 0.000000e+00
1.500000e-03 0.000000e+00
2.000000e-03 0.000000e+00
2.500000e-03 0.000000e+00
3.000000e-03 0.000000e+00
3.500000e-03 0.000000e+00
4.000000e-03 0.000000e+00
4.500000e-03 0.000000e+00
5.000000e-03 0.000000e+00
5.500000e-03 0.000000e+00
6.000000e-03 0.000000e+00
6.500000e-03 0.000000e+00
7.000000e-03 0.000000e+00
7.500000e-03 0.000000e+00
8.000000e-03 0.000000e+00
8.500000e-03 0.000000e+00
9.000000e-03 0.000000e+00
9.500000e-03 0.000000e+00
1.000000e-02 0.000000e+00
1.050000e-02 0.000000e+00
1.100000e-02 0.000000e+00
1.150000e-02 0.000000e+00
1.200000e-02 0.000000e+00
1.250000e-02 0.000000e+00
1.300000e-02 0.000000e+00
1.350000e-02 0.000000e+00
1.400000e-02 0.000000e+00
1.450000e-02 0.000000e+00
1.500000e-02 0.000000e+00
1.550000e-02 0.000000e+00
1.600000e-02 0.000000e+00
1.650000e-02 0.000000e+00
1.700000e-02 0.000000e+00
1.750000e-02 0.000000e+00
1.800000e-02 0.000000e+00
1.850000e-02 0.000000e+00
1.900000e-02 0.000000e+00
1.950000e-02 0.000000e+00
2.000000e-02 0.000000e+00
2.050000e-02 1.700250e-06
2.100000e-02 7.017521e-06
2.150000e-02 1.153808e-05
2.200000e-02 1.545007e-05
2.250000e-02 1.889129e-05
2.300000e-02 2.196486e-05
2.350000e-02 2.474962e-05
2.400000e-02 2.730722e-05
2.450000e-02 2.968695e-05
2.500000e-02 3.192922e-05
2.550000e-02 3.406793e-05
2.600000e-02 3.613233e-05
2.650000e-02 3.814829e-05
2.700000e-02 4.013933e-05
2.750000e-02 4.212732e-05
2.800000e-02 4.413317e-05
2.850000e-02 4.617721e-05
2.900000e-02 4.827971e-05
2.950000e-02 5.046117e-05
3.000000e-02 5.274267e-05
3.050000e-02 5.514620e-05
3.100000e-02 5.769500e-05
3.150000e-02 6.041386e-05
3.200000e-02 6.332953e-05
3.250000e-02 6.647106e-05
3.300000e-02 6.987034e-05
3.350000e-02 7.356250e-05
3.400000e-02 7.758659e-05
3.450000e-02 8.198617e-05
3.500000e-02 8.681017e-05
3.550000e-02 9.211373e-05
3.600000e-02 9.795932e-05
3.650000e-02 1.044180e-04
3.700000e-02 1.115709e-04
3.750000e-02 1.195111e-04
3.800000e-02 1.283457e-04
3.850000e-02 1.381984e-04
3.900000e-02 1.492129e-04
3.950000e-02 1.615564e-04
4.000000e-02 1.754249e-04
4.050000e-02 1.910488e-04
4.100000e-02 2.087004e-04
4.150000e-02 2.287035e-04
4.200000e-02 2.514454e-04
4.250000e-02 2.773929e-04
4.300000e-02 3.071121e-04
4.350000e-02 3.412964e-04
4.400000e-02 3.808025e-04
4.450000e-02 4.267006e-04
4.500000e-02 4.803435e-04
4.550000e-02 5.434647e-04
4.600000e-02 6.183196e-04
4.650000e-02 7.078936e-04
4.700000e-02 8.162157e-04
4.750000e-02 9.488460e-04
4.800000e-02 1.113654e-03
4.850000e-02 1.322107e-03
4.900000e-02 1.591498e-03
4.950000e-02 1.948977e-03
5.000000e-02 2.439291e-03
5.050000e-02 3.140738e-03
5.100000e-02 4.201105e-03
5.150000e-02 5.928497e-03
5.200000e-02 9.059559e-03
5.250000e-02 1.575076e-02
5.300000e-02 3.483177e-02
5.350000e-02 1.388618e-01
5.400000e-02 1.443451e+00
5.450000e-02 8.595618e-02
5.500000e-02 2.303949e-02
5.550000e-02 9.941270e-03
5.600000e-02 5.280456e-03
5.650000e-02 3.143881e-03
5.700000e-02 2.008445e-03
5.750000e-02 1.344044e-03
5.800000e-02 9.283136e-04
5.850000e-02 6.552125e-04
5.900000e-02 4.691874e-04
5.950000e-02 3.389630e-04
6.000000e-02 2.459004e-04
6.050000e-02 1.783684e-04
6.100000e-02 1.288272e-04
6.150000e-02 9.223227e-05
6.200000e-02 6.511667e-05
6.250000e-02 4.504290e-05
6.300000e-02 3.026363e-05
6.350000e-02 1.950519e-05
6.400000e-02 1.182580e-05
6.450000e-02 6.520449e-06
6.500000e-02 3.055780e-06
6.550000e-02 1.024628e-06
6.600000e-02 1.137753e-07
6.650000e-02 8.071446e-08
6.700000e-02 7.366830e-07
6.750000e-02 1.934126e-06
6.800000e-02 3.557325e-06
6.850000e-02 5.515332e-06
6.900000e-02 7.736584e-06
6.950000e-02 1.016478e-05
7.000000e-02 1.275568e-05
7.050000e-02 1.547463e-05
7.100000e-02 1.829465e-05
7.150000e-02 2.119486e-05
7.200000e-02 2.415934e-05
7.250000e-02 2.717615e-05
7.300000e-02 3.023661e-05
7.350000e-02 3.333470e-05
7.400000e-02 3.646665e-05
7.450000e-02 3.963057e-05
7.500000e-02 4.282629e-05
7.550000e-02 4.605517e-05
7.600000e-02 4.932016e-05
7.650000e-02 5.262597e-05
7.700000e-02 5.597945e-05
7.750000e-02 5.939040e-05
7.800000e-02 6.287306e-05
7.850000e-02 6.644904e-05
7.900000e-02 7.015338e-05
7.950000e-02 7.404880e-05
8.000000e-02 7.826598e-05
8.050000e-02 8.316569e-05
8.100000e-02 9.179177e-05
8.150000e-02 9.843402e-05
8.200000e-02 9.951553e-05
8.250000e-02 9.993681e-05
8.300000e-02 1.000591e-04
8.350000e-02 1.000285e-04
8.400000e-02 9.992454e-05
8.450000e-02 9.979795e-05
8.500000e-02 9.968533e-05
8.550000e-02 9.961568e-05
8.600000e-02 9.961410e-05
8.650000e-02 9.970398e-05
8.700000e-02 9.990859e-05
8.750000e-02 1.002523e-04
8.800000e-02 1.007619e-04
8.850000e-02 1.014673e-04
8.900000e-02 1.024035e-04
8.950000e-02 1.036114e-04
9.000000e-02 1.051401e-04
9.050000e-02 1.070490e-04
9.100000e-02 1.094105e-04
9.150000e-02 1.123147e-04
9.200000e-02 1.158734e-04
9.250000e-02 1.202280e-04
9.300000e-02 1.255587e-04
9.350000e-02 1.320977e-04
9.400000e-02 1.401479e-04
9.450000e-02 1.501099e-04
9.500000e-02 1.625212e-04
9.550000e-02 1.781149e-04
9.600000e-02 1.979092e-04
9.650000e-02 2.233469e-04
9.700000e-02 2.565206e-04
9.750000e-02 3.005456e-04
9.800000e-02 3.602009e-04
9.850000e-02 4.430807e-04
9.900000e-02 5.617635e-04
9.950000e-02 7.381501e-04
1.000000e-01 1.012792e-03
1.005000e-01 1.466849e-03
1.010000e-01 2.280217e-03
1.015000e-01 3.911799e-03
1.020000e-01 7.801399e-03
1.025000e-01 2.028034e-02
1.030000e-01 9.343094e-02
1.035000e-01 2.998140e-01
1.040000e-01 5.503864e-02
1.045000e-01 2.137134e-02
1.050000e-01 1.220824e-02
1.055000e-01 8.497390e-03
1.060000e-01 6.673811e-03
1.065000e-01 5.692912e-03
1.070000e-01 5.160534e-03
1.075000e-01 4.903243e-03
1.080000e-01 4.837838e-03
1.085000e-01 4.923723e-03
1.090000e-01 5.143215e-03
1.095000e-01 5.492738e-03
1.100000e-01 5.978797e-03
1.105000e-01 6.616313e-03
1.110000e-01 7.428255e-03
1.115000e-01 8.446075e-03
1.120000e-01 9.710736e-03
1.125000e-01 1.127418e-02
1.130000e-01 1.320119e-02
1.135000e-01 1.557150e-02
1.140000e-01 1.848208e-02
1.145000e-01 2.204954e-02
1.150000e-01 2.641233e-02
1.155000e-01 3.173300e-02
1.160000e-01 3.820053e-02
1.165000e-01 4.603369e-02
1.170000e-01 5.548705e-02
1.175000e-01 6.686257e-02
1.180000e-01 8.053124e-02
1.185000e-01 9.697118e-02
1.190000e-01 1.168304e-01
1.195000e-01 1.410263e-01
1.200000e-01 1.708995e-01
1.205000e-01 2.084487e-01
1.210000e-01 2.566885e-01
1.215000e-01 3.201746e-01
1.220000e-01 4.056816e-01
1.225000e-01 5.226552e-01
1.230000e-01 6.816260e-01
1.235000e-01 8.845179e-01
1.240000e-01 1.095796e+00
1.245000e-01 1.210957e+00
1.250000e-01 1.128651e+00
1.255000e-01 8.995945e-01
1.260000e-01 6.565996e-01
1.265000e-01 4.668227e-01
1.270000e-01 3.342126e-01
1.275000e-01 2.441058e-01
1.280000e-01 1.825037e-01
1.285000e-01 1.395955e-01
1.290000e-01 1.090401e-01
1.295000e-01 8.680137e-02
1.300000e-01 7.028782e-02
1.305000e-01 5.780588e-02
1.310000e-01 4.822581e-02
1.315000e-01 4.077847e-02
1.320000e-01 3.493004e-02
1.325000e-01 3.030362e-02
1.330000e-01 2.662918e-02
1.335000e-01 2.371096e-02
1.340000e-01 2.140585e-02
1.345000e-01 1.960891e-02
1.350000e-01 1.824338e-02
1.355000e-01 1.725382e-02
1.360000e-01 1.660125e-02
1.365000e-01 1.625974e-02
1.370000e-01 1.621389e-02
1.375000e-01 1.645698e-02
1.380000e-01 1.698936e-02
1.385000e-01 1.781711e-02
1.390000e-01 1.895044e-02
1.395000e-01 2.040183e-02
1.400000e-01 2.218354e-02
1.405000e-01 2.430421e-02
1.410000e-01 2.676427e-02
1.415000e-01 2.955018e-02
1.420000e-01 3.262749e-02
1.425000e-01 3.593344e-02
1.430000e-01 3.937056e-02
1.435000e-01 4.280315e-02
1.440000e-01 4.605936e-02
1.445000e-01 4.894090e-02
1.450000e-01 5.124078e-02
1.455000e-01 5.276679e-02
1.460000e-01 5.336537e-02
1.465000e-01 5.293955e-02
1.470000e-01 5.145592e-02
1.475000e-01 4.893948e-02
1.480000e-01 4.545953e-02
1.485000e-01 4.111291e-02
1.490000e-01 3.601189e-02
1.495000e-01 3.028545e-02
1.500000e-01 2.410724e-02
1.505000e-01 1.777986e-02
1.510000e-01 1.195529e-02
1.515000e-01 8.229745e-03
1.520000e-01 1.090627e-02
1.525000e-01 3.296172e-02
1.530000e-01 1.197881e-01
1.535000e-01 4.522542e-01
1.540000e-01 1.406802e+00
1.545000e-01 1.493381e+00
1.550000e-01 9.008042e-01
1.555000e-01 5.898225e-01
1.560000e-01 4.347948e-01
1.565000e-01 3.477808e-01
1.570000e-01 2.937759e-01
1.575000e-01 2.577003e-01
1.580000e-01 2.322879e-01
1.585000e-01 2.136874e-01
1.590000e-01 1.996948e-01
1.595000e-01 1.889696e-01
1.600000e-01 1.806547e-01
1.605000e-01 1.741796e-01
1.610000e-01 1.691523e-01
1.615000e-01 1.652955e-01
1.620000e-01 1.624094e-01
1.625000e-01 1.603474e-01
1.630000e-01 1.590009e-01
1.635000e-01 1.582887e-01
1.640000e-01 1.581506e-01
1.645000e-01 1.585418e-01
1.650000e-01 1.594304e-01
1.655000e-01 1.607941e-01
1.660000e-01 1.626193e-01
1.665000e-01 1.648990e-01
1.670000e-01 1.676326e-01
1.675000e-01 1.708249e-01
1.680000e-01 1.744857e-01
1.685000e-01 1.786295e-01
1.690000e-01 1.832755e-01
1.695000e-01 1.884471e-01
1.700000e-01 1.941721e-01
1.705000e-01 2.004824e-01
1.710000e-01 2.074142e-01
1.715000e-01 2.150074e-01
1.720000e-01 2.233057e-01
1.725000e-01 2.323554e-01
1.730000e-01 2.422052e-01
1.735000e-01 2.529041e-01
1.740000e-01 2.644999e-01
1.745000e-01 2.770353e-01
1.750000e-01 2.905438e-01
1.755000e-01 3.050429e-01
1.760000e-01 3.205253e-01
1.765000e-01 3.369461e-01
1.770000e-01 3.542061e-01
1.775000e-01 3.721290e-01
1.780000e-01 3.904305e-01
1.785000e-01 4.086754e-01
1.790000e-01 4.262109e-01
1.795000e-01 4.420403e-01
1.800000e-01 4.544659e-01
1.805000e-01 4.591067e-01
1.810000e-01 4.617283e-01
1.815000e-01 4.907138e-01
1.820000e-01 5.221078e-01
1.825000e-01 5.566682e-01
1.830000e-01 5.929115e-01
1.835000e-01 6.183194e-01
1.840000e-01 5.825105e-01
1.845000e-01 4.038020e-01
1.850000e-01 1.779341e-01
1.855000e-01 7.170622e-02
1.860000e-01 4.852082e-02
1.865000e-01 5.029231e-02
1.870000e-01 5.598010e-02
1.875000e-01 6.037924e-02
1.880000e-01 6.281802e-02
1.885000e-01 6.371312e-02
1.890000e-01 6.363188e-02
1.895000e-01 6.306598e-02
1.900000e-01 6.240217e-02
1.905000e-01 6.194355e-02
1.910000e-01 6.193964e-02
1.915000e-01 6.261469e-02
1.920000e-01 6.419235e-02
1.925000e-01 6.691721e-02
1.930000e-01 7.107352e-02
1.935000e-01 7.699976e-02
1.940000e-01 8.509436e-02
1.945000e-01 9.580196e-02
1.950000e-01 1.095599e-01
1.955000e-01 1.266742e-01
1.960000e-01 1.470916e-01
1.965000e-01 1.700699e-01
1.970000e-01 1.938594e-01
1.975000e-01 2.156795e-01
1.980000e-01 2.323133e-01
1.985000e-01 2.412665e-01
1.990000e-01 2.417946e-01
1.995000e-01 2.350284e-01
2.000000e-01 2.232003e-01
2.005000e-01 2.086669e-01
2.010000e-01 1.933010e-01
2.015000e-01 1.783382e-01
2.020000e-01 1.644861e-01
2.025000e-01 1.521151e-01
2.030000e-01 1.414406e-01
2.035000e-01 1.326850e-01
2.040000e-01 1.262489e-01
2.045000e-01 1.229552e-01
2.050000e-01 1.244920e-01
2.055000e-01 1.343052e-01
2.060000e-01 1.594379e-01
2.065000e-01 2.139337e-01
2.070000e-01 3.219063e-01
2.075000e-01 5.019379e-01
2.080000e-01 6.947741e-01
2.085000e-01 7.614656e-01
2.090000e-01 6.979001e-01
2.095000e-01 6.008705e-01
2.100000e-01 5.184307e-01
2.105000e-01 4.573898e-01
2.110000e-01 4.135957e-01
2.115000e-01 3.822326e-01
2.120000e-01 3.597046e-01
2.125000e-01 3.435590e-01
2.130000e-01 3.321489e-01
2.135000e-01 3.243587e-01
2.140000e-01 3.194213e-01
2.145000e-01 3.167999e-01
2.150000e-01 3.161134e-01
2.155000e-01 3.170881e-01
2.160000e-01 3.195254e-01
2.165000e-01 3.232812e-01
2.170000e-01 3.282508e-01
2.175000e-01 3.343591e-01
2.180000e-01 3.415535e-01
2.185000e-01 3.497983e-01
2.190000e-01 3.590711e-01
2.195000e-01 3.693596e-01
2.200000e-01 3.806596e-01
2.205000e-01 3.929729e-01
2.210000e-01 4.063055e-01
2.215000e-01 4.206669e-01
2.220000e-01 4.360682e-01
2.225000e-01 4.525213e-01
2.230000e-01 4.700377e-01
2.235000e-01 4.886275e-01
2.240000e-01 5.082982e-01
2.245000e-01 5.290538e-01
2.250000e-01 5.508937e-01
2.255000e-01 5.738114e-01
2.260000e-01 5.977937e-01
2.265000e-01 6.228195e-01
2.270000e-01 6.488588e-01
2.275000e-01 6.758718e-01
2.280000e-01 7.038082e-01
2.285000e-01 7.326060e-01
2.290000e-01 7.621916e-01
2.295000e-01 7.924788e-01
2.300000e-01 8.233693e-01
2.305000e-01 8.547523e-01
2.310000e-01 8.865049e-01
2.315000e-01 9.184933e-01
2.320000e-01 9.505731e-01
2.325000e-01 9.825908e-01
2.330000e-01 1.014385e+00
2.335000e-01 1.045790e+00
2.340000e-01 1.076634e+00
2.345000e-01 1.106743e+00
2.350000e-01 1.135946e+00
2.355000e-01 1.164071e+00
2.360000e-01 1.190950e+00
2.365000e-01 1.216423e+00
2.370000e-01 1.240335e+00
2.375000e-01 1.262537e+00
2.380000e-01 1.282891e+00
2.385000e-01 1.301265e+00
2.390000e-01 1.317532e+00
2.395000e-01 1.331572e+00
2.400000e-01 1.343265e+00
2.405000e-01 1.352491e+00
2.410000e-01 1.359123e+00
2.415000e-01 1.363024e+00
2.420000e-01 1.364043e+00
2.425000e-01 1.362010e+00
2.430000e-01 1.356732e+00
2.435000e-01 1.347991e+00
2.440000e-01 1.335547e+00
2.445000e-01 1.319143e+00
2.450000e-01 1.298511e+00
2.455000e-01 1.273398e+00
2.460000e-01 1.243579e+00
2.465000e-01 1.208894e+00
2.470000e-01 1.169284e+00
2.475000e-01 1.124820e+00
2.480000e-01 1.075743e+00
2.485000e-01 1.022484e+00
2.490000e-01 9.656693e-01
2.495000e-01 9.061053e-01
2.500000e-01 8.447437e-01
2.505000e-01 7.826231e-01
2.510000e-01 7.208007e-01
2.515000e-01 6.602827e-01
2.520000e-01 6.019613e-01
2.525000e-01 5.465696e-01
2.530000e-01 4.946561e-01
2.535000e-01 4.465799e-01
2.540000e-01 4.025231e-01
2.545000e-01 3.625147e-01
2.550000e-01 3.264612e-01
2.555000e-01 2.941784e-01
2.560000e-01 2.654212e-01
2.565000e-01 2.399086e-01
2.570000e-01 2.173449e-01
2.575000e-01 1.974343e-01
2.580000e-01 1.798919e-01
2.585000e-01 1.644505e-01
2.590000e-01 1.508650e-01
2.595000e-01 1.389134e-01
2.600000e-01 1.283976e-01
2.605000e-01 1.191425e-01
2.610000e-01 1.109943e-01
2.615000e-01 1.038190e-01
2.620000e-01 9.750043e-02
2.625000e-01 9.193852e-02
2.630000e-01 8.704738e-02
2.635000e-01 8.275380e-02
2.640000e-01 7.899581e-02
2.645000e-01 7.572146e-02
2.650000e-01 7.288782e-02
2.655000e-01 7.046013e-02
2.660000e-01 6.841120e-02
2.665000e-01 6.672100e-02
2.670000e-01 6.537649e-02
2.675000e-01 6.437164e-02
2.680000e-01 6.370770e-02
2.685000e-01 6.339387e-02
2.690000e-01 6.344816e-02
2.695000e-01 6.389872e-02
2.700000e-01 6.478566e-02
2.705000e-01 6.616328e-02
2.710000e-01 6.810279e-02
2.715000e-01 7.069538e-02
2.720000e-01 7.405493e-02
2.725000e-01 7.831934e-02
2.730000e-01 8.364762e-02
2.735000e-01 9.020814e-02
2.740000e-01 9.814910e-02
2.745000e-01 1.075391e-01
2.750000e-01 1.182649e-01
2.755000e-01 1.298885e-01
2.760000e-01 1.415096e-01
2.765000e-01 1.517568e-01
2.770000e-01 1.590604e-01
2.775000e-01 1.622162e-01
2.780000e-01 1.609324e-01
2.785000e-01 1.559367e-01
2.790000e-01 1.485698e-01
2.795000e-01 1.402174e-01
2.800000e-01 1.319427e-01
2.805000e-01 1.243944e-01
2.810000e-01 1.178815e-01
2.815000e-01 1.124908e-01
2.820000e-01 1.081864e-01
2.825000e-01 1.048751e-01
2.830000e-01 1.024444e-01
2.835000e-01 1.007812e-01
2.840000e-01 9.977976e-02
2.845000e-01 9.934453e-02
2.850000e-01 9.938915e-02
2.855000e-01 9.983502e-02
2.860000e-01 1.006094e-01
2.865000e-01 1.016437e-01
2.870000e-01 1.028724e-01
2.875000e-01 1.042324e-01
2.880000e-01 1.056630e-01
2.885000e-01 1.071066e-01
2.890000e-01 1.085101e-01
2.895000e-01 1.098261e-01
2.900000e-01 1.110150e-01
2.905000e-01 1.120465e-01
2.910000e-01 1.129014e-01
2.915000e-01 1.135721e-01
2.920000e-01 1.140635e-01
2.925000e-01 1.143926e-01
2.930000e-01 1.145878e-01
2.935000e-01 1.146880e-01
2.940000e-01 1.147415e-01
2.945000e-01 1.148047e-01
2.950000e-01 1.149418e-01
2.955000e-01 1.152250e-01
2.960000e-01 1.157350e-01
2.965000e-01 1.165634e-01
2.970000e-01 1.178163e-01
2.975000e-01 1.196199e-01
2.980000e-01 1.221286e-01
2.985000e-01 1.255373e-01
2.990000e-01 1.300995e-01
2.995000e-01 1.361536e-01
3.000000e-01 1.441641e-01
3.005000e-01 1.547853e-01
3.010000e-01 1.689625e-01
3.015000e-01 1.881003e-01
3.020000e-01 2.143464e-01
3.025000e-01 2.510881e-01
3.030000e-01 3.038413e-01
3.035000e-01 3.818660e-01
3.040000e-01 5.010323e-01
3.045000e-01 6.881986e-01
3.050000e-01 9.834721e-01
3.055000e-01 1.415907e+00
3.060000e-01 1.883953e+00
3.065000e-01 2.044465e+00
3.070000e-01 1.753831e+00
3.075000e-01 1.323804e+00
3.080000e-01 9.787866e-01
3.085000e-01 7.438841e-01
3.090000e-01 5.884526e-01
3.095000e-01 4.841536e-01
3.100000e-01 4.124686e-01
3.105000e-01 3.620985e-01
3.110000e-01 3.261626e-01
3.115000e-01 3.004030e-01
3.120000e-01 2.821434e-01
3.125000e-01 2.696984e-01
3.130000e-01 2.620407e-01
3.135000e-01 2.586240e-01
3.140000e-01 2.593086e-01
3.145000e-01 2.643768e-01
3.150000e-01 2.746583e-01
3.155000e-01 2.918494e-01
3.160000e-01 3.192628e-01
3.165000e-01 3.637891e-01
3.170000e-01 4.426565e-01
3.175000e-01 7.538281e-01
3.180000e-01 1.346124e+00
3.185000e-01 1.640518e+00
3.190000e-01 1.839083e+00
3.195000e-01 1.950689e+00
3.200000e-01 1.983227e+00
3.205000e-01 1.953142e+00
3.210000e-01 1.881789e+00
3.215000e-01 1.789595e+00
3.220000e-01 1.692426e+00
3.225000e-01 1.600791e+00
3.230000e-01 1.520717e+00
3.235000e-01 1.455107e+00
3.240000e-01 1.404935e+00
3.245000e-01 1.370081e+00
3.250000e-01 1.349841e+00
3.255000e-01 1.343163e+00
3.260000e-01 1.348715e+00
3.265000e-01 1.364818e+00
3.270000e-01 1.389289e+00
3.275000e-01 1.419247e+00
3.280000e-01 1.450949e+00
3.285000e-01 1.479747e+00
3.290000e-01 1.500316e+00
3.295000e-01 1.507242e+00
3.300000e-01 1.495950e+00
3.305000e-01 1.463749e+00
3.310000e-01 1.410579e+00
3.315000e-01 1.339104e+00
3.320000e-01 1.254045e+00
3.325000e-01 1.161061e+00
3.330000e-01 1.065619e+00
3.335000e-01 9.722130e-01
3.340000e-01 8.840375e-01
3.345000e-01 8.030236e-01
3.350000e-01 7.300748e-01
3.355000e-01 6.653604e-01
3.360000e-01 6.085821e-01
3.365000e-01 5.591807e-01
3.370000e-01 5.164809e-01
3.375000e-01 4.797831e-01
3.380000e-01 4.484178e-01
3.385000e-01 4.217735e-01
3.390000e-01 3.993091e-01
3.395000e-01 3.805560e-01
3.400000e-01 3.651159e-01
3.405000e-01 3.526549e-01
3.410000e-01 3.428980e-01
3.415000e-01 3.356225e-01
3.420000e-01 3.306526e-01
3.425000e-01 3.278549e-01
3.430000e-01 3.271338e-01
3.435000e-01 3.284291e-01
3.440000e-01 3.317133e-01
3.445000e-01 3.369902e-01
3.450000e-01 3.442940e-01
3.455000e-01 3.536895e-01
3.460000e-01 3.652719e-01
3.465000e-01 3.791685e-01
3.470000e-01 3.955395e-01
3.475000e-01 4.145800e-01
3.480000e-01 4.365217e-01
3.485000e-01 4.616349e-01
3.490000e-01 4.902293e-01
3.495000e-01 5.226544e-01
3.500000e-01 5.592978e-01
3.505000e-01 6.005798e-01
3.510000e-01 6.469445e-01
3.515000e-01 6.988425e-01
3.520000e-01 7.567046e-01
3.525000e-01 8.209032e-01
3.530000e-01 8.916957e-01
3.535000e-01 9.691506e-01
3.540000e-01 1.053053e+00
3.545000e-01 1.142793e+00
3.550000e-01 1.237254e+00
3.555000e-01 1.334712e+00
3.560000e-01 1.432787e+00
3.565000e-01 1.528483e+00
3.570000e-01 1.618350e+00
3.575000e-01 1.698781e+00
3.580000e-01 1.766422e+00
3.585000e-01 1.818618e+00
3.590000e-01 1.853791e+00
3.595000e-01 1.871644e+00
3.600000e-01 1.873153e+00
3.605000e-01 1.860349e+00
3.610000e-01 1.835963e+00
3.615000e-01 1.803049e+00
3.620000e-01 1.764645e+00
3.625000e-01 1.723530e+00
3.630000e-01 1.682091e+00
3.635000e-01 1.642276e+00
3.640000e-01 1.605612e+00
3.645000e-01 1.573259e+00
3.650000e-01 1.546076e+00
3.655000e-01 1.524695e+00
3.660000e-01 1.509580e+00
3.665000e-01 1.501080e+00
3.670000e-01 1.499461e+00
3.675000e-01 1.504934e+00
3.680000e-01 1.517656e+00
3.685000e-01 1.537718e+00
3.690000e-01 1.565116e+00
3.695000e-01 1.599686e+00
3.700000e-01 1.641018e+00
3.705000e-01 1.688328e+00
3.710000e-01 1.740291e+00
3.715000e-01 1.794854e+00
3.720000e-01 1.849052e+00
3.725000e-01 1.898887e+00
3.730000e-01 1.939381e+00
3.735000e-01 1.964912e+00
3.740000e-01 1.969921e+00
3.745000e-01 1.949938e+00
3.750000e-01 1.902691e+00
3.755000e-01 1.828894e+00
3.760000e-01 1.732328e+00
3.765000e-01 1.619124e+00
3.770000e-01 1.496503e+00
3.775000e-01 1.371471e+00
3.780000e-01 1.249854e+00
3.785000e-01 1.135862e+00
3.790000e-01 1.032083e+00
3.795000e-01 9.397577e-01
3.800000e-01 8.591423e-01
3.805000e-01 7.898547e-01
3.810000e-01 7.311515e-01
3.815000e-01 6.821237e-01
3.820000e-01 6.418215e-01
3.825000e-01 6.093250e-01
3.830000e-01 5.837756e-01
3.835000e-01 5.643811e-01
3.840000e-01 5.504025e-01
3.845000e-01 5.411280e-01
3.850000e-01 5.358396e-01
3.855000e-01 5.337751e-01
3.860000e-01 5.340929e-01
3.865000e-01 5.358467e-01
3.870000e-01 5.379817e-01
3.875000e-01 5.393666e-01
3.880000e-01 5.388680e-01
3.885000e-01 5.354672e-01
3.890000e-01 5.283986e-01
3.895000e-01 5.172742e-01
3.900000e-01 5.021513e-01
3.905000e-01 4.835154e-01
3.910000e-01 4.621808e-01
3.915000e-01 4.391397e-01
3.920000e-01 4.154055e-01
3.925000e-01 3.918878e-01
3.930000e-01 3.693183e-01
3.935000e-01 3.482259e-01
3.940000e-01 3.289479e-01
3.945000e-01 3.116606e-01
3.950000e-01 2.964179e-01
3.955000e-01 2.831869e-01
3.960000e-01 2.718789e-01
3.965000e-01 2.623724e-01
3.970000e-01 2.545297e-01
3.975000e-01 2.482090e-01
3.980000e-01 2.432708e-01
3.985000e-01 2.395829e-01
3.990000e-01 2.370223e-01
3.995000e-01 2.354767e-01
4.000000e-01 2.348439e-01
4.005000e-01 2.350324e-01
4.010000e-01 2.359606e-01
4.015000e-01 2.375560e-01
4.020000e-01 2.397548e-01
4.025000e-01 2.425014e-01
4.030000e-01 2.457477e-01
4.035000e-01 2.494530e-01
4.040000e-01 2.535829e-01
4.045000e-01 2.581096e-01
4.050000e-01 2.630116e-01
4.055000e-01 2.682728e-01
4.060000e-01 2.738829e-01
4.065000e-01 2.798366e-01
4.070000e-01 2.861338e-01
4.075000e-01 2.927791e-01
4.080000e-01 2.997817e-01
4.085000e-01 3.071548e-01
4.090000e-01 3.149158e-01
4.095000e-01 3.230853e-01
4.100000e-01 3.316872e-01
4.105000e-01 3.407481e-01
4.110000e-01 3.502963e-01
4.115000e-01 3.603616e-01
4.120000e-01 3.709739e-01
4.125000e-01 3.821619e-01
4.130000e-01 3.939522e-01
4.135000e-01 4.063664e-01
4.140000e-01 4.194197e-01
4.145000e-01 4.331173e-01
4.150000e-01 4.474511e-01
4.155000e-01 4.623957e-01
4.160000e-01 4.779037e-01
4.165000e-01 4.939006e-01
4.170000e-01 5.102793e-01
4.175000e-01 5.268953e-01
4.180000e-01 5.435621e-01
4.185000e-01 5.600492e-01
4.190000e-01 5.760816e-01
4.195000e-01 5.913441e-01
4.200000e-01 6.054900e-01
4.205000e-01 6.181551e-01
4.210000e-01 6.289772e-01
4.215000e-01 6.376194e-01
4.220000e-01 6.437965e-01
4.225000e-01 6.472991e-01
4.230000e-01 6.480142e-01
4.235000e-01 6.459372e-01
4.240000e-01 6.411746e-01
4.245000e-01 6.339354e-01
4.250000e-01 6.245139e-01
4.255000e-01 6.132655e-01
4.260000e-01 6.005800e-01
4.265000e-01 5.868559e-01
4.270000e-01 5.724772e-01
4.275000e-01 5.577973e-01
4.280000e-01 5.431264e-01
4.285000e-01 5.287271e-01
4.290000e-01 5.148123e-01
4.295000e-01 5.015479e-01
4.300000e-01 4.890574e-01
4.305000e-01 4.774276e-01
4.310000e-01 4.667145e-01
4.315000e-01 4.569496e-01
4.320000e-01 4.481454e-01
4.325000e-01 4.403000e-01
4.330000e-01 4.334014e-01
4.335000e-01 4.274304e-01
4.340000e-01 4.223641e-01
4.345000e-01 4.181773e-01
4.350000e-01 4.148445e-01
4.355000e-01 4.123410e-01
4.360000e-01 4.106441e-01
4.365000e-01 4.097334e-01
4.370000e-01 4.095917e-01
4.375000e-01 4.102053e-01
4.380000e-01 4.115639e-01
4.385000e-01 4.136615e-01
4.390000e-01 4.164958e-01
4.395000e-01 4.200689e-01
4.400000e-01 4.243873e-01
4.405000e-01 4.294619e-01
4.410000e-01 4.353082e-01
4.415000e-01 4.419465e-01
4.420000e-01 4.494021e-01
4.425000e-01 4.577055e-01
4.430000e-01 4.668926e-01
4.435000e-01 4.770048e-01
4.440000e-01 4.880898e-01
4.445000e-01 5.002013e-01
4.450000e-01 5.133997e-01
4.455000e-01 5.277524e-01
4.460000e-01 5.433339e-01
4.465000e-01 5.602266e-01
4.470000e-01 5.785202e-01
4.475000e-01 5.983128e-01
4.480000e-01 6.197101e-01
4.485000e-01 6.428258e-01
4.490000e-01 6.677805e-01
4.495000e-01 6.947013e-01
4.500000e-01 7.237199e-01
4.505000e-01 7.549705e-01
4.510000e-01 7.885864e-01
4.515000e-01 8.246958e-01
4.520000e-01 8.634158e-01
4.525000e-01 9.048441e-01
4.530000e-01 9.490496e-01
4.535000e-01 9.960593e-01
4.540000e-01 1.045844e+00
4.545000e-01 1.098300e+00
4.550000e-01 1.153229e+00
4.555000e-01 1.210322e+00
4.560000e-01 1.269134e+00
4.565000e-01 1.329072e+00
4.570000e-01 1.389389e+00
4.575000e-01 1.449187e+00
4.580000e-01 1.507441e+00
4.585000e-01 1.563039e+00
4.590000e-01 1.614855e+00
4.595000e-01 1.661832e+00
4.600000e-01 1.703087e+00
4.605000e-01 1.738015e+00
4.610000e-01 1.766385e+00
4.615000e-01 1.788408e+00
4.620000e-01 1.804779e+00
4.625000e-01 1.816668e+00
4.630000e-01 1.825691e+00
4.635000e-01 1.833848e+00
4.640000e-01 1.843466e+00
4.645000e-01 1.857135e+00
4.650000e-01 1.877667e+00
4.655000e-01 1.908062e+00
4.660000e-01 1.951477e+00
4.665000e-01 2.011164e+00
4.670000e-01 2.090331e+00
4.675000e-01 2.191840e+00
4.680000e-01 2.317661e+00
4.685000e-01 2.467996e+00
4.690000e-01 2.640072e+00
4.695000e-01 2.826912e+00
4.700000e-01 3.016712e+00
4.705000e-01 3.193784e+00
4.710000e-01 3.341620e+00
4.715000e-01 3.447344e+00
4.720000e-01 3.505369e+00
4.725000e-01 3.518175e+00
4.730000e-01 3.493975e+00
4.735000e-01 3.442954e+00
4.740000e-01 3.374114e+00
4.745000e-01 3.293669e+00
4.750000e-01 3.204939e+00
4.755000e-01 3.109137e+00
4.760000e-01 3.006510e+00
4.765000e-01 2.897421e+00
4.770000e-01 2.783103e+00
4.775000e-01 2.665968e+00
4.780000e-01 2.549487e+00
4.785000e-01 2.437770e+00
4.790000e-01 2.335039e+00
4.795000e-01 2.245153e+00
4.800000e-01 2.171265e+00
4.805000e-01 2.115609e+00
4.810000e-01 2.079337e+00
4.815000e-01 2.062342e+00
4.820000e-01 2.063029e+00
4.825000e-01 2.078061e+00
4.830000e-01 2.102240e+00
4.835000e-01 2.128724e+00
4.840000e-01 2.149809e+00
4.845000e-01 2.158237e+00
4.850000e-01 2.148700e+00
4.855000e-01 2.118918e+00
4.860000e-01 2.069819e+00
4.865000e-01 2.004815e+00
4.870000e-01 1.928572e+00
4.875000e-01 1.845782e+00
4.880000e-01 1.760079e+00
4.885000e-01 1.667180e+00
4.890000e-01 1.649923e+00
4.895000e-01 1.609233e+00
4.900000e-01 1.567531e+00
4.905000e-01 1.527649e+00
4.910000e-01 1.490846e+00
4.915000e-01 1.457785e+00
4.920000e-01 1.428814e+00
4.925000e-01 1.404091e+00
4.930000e-01 1.383660e+00
4.935000e-01 1.367489e+00
4.940000e-01 1.355503e+00
4.945000e-01 1.347603e+00
4.950000e-01 1.343681e+00
4.955000e-01 1.343629e+00
4.960000e-01 1.347344e+00
4.965000e-01 1.354735e+00
4.970000e-01 1.365720e+00
4.975000e-01 1.380229e+00
4.980000e-01 1.398206e+00
4.985000e-01 1.419600e+00
4.990000e-01 1.444372e+00
4.995000e-01 1.472483e+00
