0.000000e+00 0.000000e+00
5.000000e-04 0.000000e+00
1.000000e-03 0.000000e+00
1.500000e-03 0.000000e+00
2.000000e-03 0.000000e+00
2.500000e-03 0.000000e+00
3.000000e-03 0.000000e+00
3.500000e-03 0.000000e+00
4.000000e-03 0.000000e+00
4.500000e-03 0.000000e+00
5.000000e-03 0.000000e+00
5.500000e-03 0.000000e+00
6.000000e-03 0.000000e+00
6.500000e-03 0.000000e+00
7.000000e-03 0.000000e+00
7.500000e-03 0.000000e+00
8.000000e-03 0.000000e+00
8.500000e-03 0.000000e+00
9.000000e-03 0.000000e+00
9.500000e-03 0.000000e+00
1.000000e-02 0.000000e+00
1.050000e-02 0.000000e+00
1.100000e-02 0.000000e+00
1.150000e-02 0.000000e+00
1.200000e-02 0.000000e+00
1.250000e-02 0.000000e+00
1.300000e-02 0.000000e+00
1.350000e-02 0.000000e+00
1.400000e-02 0.000000e+00
1.450000e-02 0.000000e+00
1.500000e-02 0.000000e+00
1.550000e-02 0.000000e+00
1.600000e-02 0.000000e+00
1.650000e-02 0.000000e+00
1.700000e-02 0.000000e+00
1.750000e-02 0.000000e+00
1.800000e-02 0.000000e+00
1.850000e-02 0.000000e+00
1.900000e-02 0.000000e+00
1.950000e-02 0.000000e+00
2.000000e-02 0.000000e+00
2.050000e-02 2.579856e-04
2.100000e-02 7.384397e-04
2.150000e-02 9.442988e-04
2.200000e-02 1.058302e-03
2.250000e-02 1.141276e-03
2.300000e-02 1.218437e-03
2.350000e-02 1.302607e-03
2.400000e-02 1.402104e-03
2.450000e-02 1.524002e-03
2.500000e-02 1.675843e-03
2.550000e-02 1.866901e-03
2.600000e-02 2.109513e-03
2.650000e-02 2.420867e-03
2.700000e-02 2.825735e-03
2.750000e-02 3.360948e-03
2.800000e-02 4.083127e-03
2.850000e-02 5.082706e-03
2.900000e-02 6.510861e-03
2.950000e-02 8.634759e-03
3.000000e-02 1.196045e-02
3.050000e-02 1.753550e-02
3.100000e-02 2.779789e-02
3.150000e-02 4.940153e-02
3.200000e-02 1.049136e-01
3.250000e-02 2.882694e-01
3.300000e-02 6.140853e-01
3.350000e-02 2.817304e-01
3.400000e-02 1.142483e-01
3.450000e-02 5.968611e-02
3.500000e-02 3.693290e-02
3.550000e-02 2.547349e-02
3.600000e-02 1.891905e-02
3.650000e-02 1.482204e-02
3.700000e-02 1.209044e-02
3.750000e-02 1.017883e-02
3.800000e-02 8.790416e-03
3.850000e-02 7.752435e-03
3.900000e-02 6.958759e-03
3.950000e-02 6.341252e-03
4.000000e-02 5.854551e-03
4.050000e-02 5.467513e-03
4.100000e-02 5.158208e-03
4.150000e-02 4.910859e-03
4.200000e-02 4.713919e-03
4.250000e-02 4.558813e-03
4.300000e-02 4.439112e-03
4.350000e-02 4.349970e-03
4.400000e-02 4.287726e-03
4.450000e-02 4.249636e-03
4.500000e-02 4.233675e-03
4.550000e-02 4.238401e-03
4.600000e-02 4.262852e-03
4.650000e-02 4.306476e-03
4.700000e-02 4.369087e-03
4.750000e-02 4.450829e-03
4.800000e-02 4.552158e-03
4.850000e-02 4.673836e-03
4.900000e-02 4.816934e-03
4.950000e-02 4.982839e-03
5.000000e-02 5.173270e-03
5.050000e-02 5.390302e-03
5.100000e-02 5.636388e-03
5.150000e-02 5.914388e-03
5.200000e-02 6.227585e-03
5.250000e-02 6.579693e-03
5.300000e-02 6.974837e-03
5.350000e-02 7.417476e-03
5.400000e-02 7.912235e-03
5.450000e-02 8.463567e-03
5.500000e-02 9.075144e-03
5.550000e-02 9.748770e-03
5.600000e-02 1.048253e-02
5.650000e-02 1.126765e-02
5.700000e-02 1.208344e-02
5.750000e-02 1.288914e-02
5.800000e-02 1.361176e-02
5.850000e-02 1.412939e-02
5.900000e-02 1.425287e-02
5.950000e-02 1.371702e-02
6.000000e-02 1.221091e-02
6.050000e-02 9.500368e-03
6.100000e-02 5.704808e-03
6.150000e-02 1.753647e-03
6.200000e-02 4.681159e-05
6.250000e-02 5.722691e-03
6.300000e-02 2.993879e-02
6.350000e-02 9.407579e-02
6.400000e-02 1.963677e-01
6.450000e-02 2.270316e-01
6.500000e-02 1.723322e-01
6.550000e-02 1.177288e-01
6.600000e-02 8.164912e-02
6.650000e-02 5.869791e-02
6.700000e-02 4.360586e-02
6.750000e-02 3.324709e-02
6.800000e-02 2.585087e-02
6.850000e-02 2.038691e-02
6.900000e-02 1.623088e-02
6.950000e-02 1.298893e-02
7.000000e-02 1.040363e-02
7.050000e-02 8.301558e-03
7.100000e-02 6.563131e-03
7.150000e-02 5.104654e-03
7.200000e-02 3.867527e-03
7.250000e-02 2.811897e-03
7.300000e-02 1.913386e-03
7.350000e-02 1.162436e-03
7.400000e-02 5.665077e-04
7.450000e-02 1.564420e-04
7.500000e-02 6.781556e-08
7.550000e-02 2.301266e-04
7.600000e-02 1.103070e-03
7.650000e-02 3.130381e-03
7.700000e-02 7.397529e-03
7.750000e-02 1.642986e-02
7.800000e-02 3.691703e-02
7.850000e-02 9.015933e-02
7.900000e-02 2.632752e-01
7.950000e-02 9.367089e-01
8.000000e-02 1.236304e+00
8.050000e-02 5.352071e-01
8.100000e-02 2.827259e-01
8.150000e-02 3.101136e-01
8.200000e-02 2.764226e-01
8.250000e-02 2.502984e-01
8.300000e-02 2.322316e-01
8.350000e-02 2.201853e-01
8.400000e-02 2.114458e-01
8.450000e-02 2.014497e-01
8.500000e-02 1.819331e-01
8.550000e-02 1.435268e-01
8.600000e-02 9.062196e-02
8.650000e-02 4.556753e-02
8.700000e-02 2.068045e-02
8.750000e-02 1.097614e-02
8.800000e-02 8.802270e-03
8.850000e-02 9.677353e-03
8.900000e-02 1.158550e-02
8.950000e-02 1.371598e-02
9.000000e-02 1.577443e-02
9.050000e-02 1.767727e-02
9.100000e-02 1.942389e-02
9.150000e-02 2.104404e-02
9.200000e-02 2.257671e-02
9.250000e-02 2.406205e-02
9.300000e-02 2.553893e-02
9.350000e-02 2.704475e-02
9.400000e-02 2.861628e-02
9.450000e-02 3.029096e-02
9.500000e-02 3.210848e-02
9.550000e-02 3.411264e-02
9.600000e-02 3.635363e-02
9.650000e-02 3.889077e-02
9.700000e-02 4.179620e-02
9.750000e-02 4.515975e-02
9.800000e-02 4.909566e-02
9.850000e-02 5.375218e-02
9.900000e-02 5.932549e-02
9.950000e-02 6.608034e-02
1.000000e-01 7.438177e-02
1.005000e-01 8.474469e-02
1.010000e-01 9.791421e-02
1.015000e-01 1.149997e-01
1.020000e-01 1.377075e-01
1.025000e-01 1.687603e-01
1.030000e-01 2.126874e-01
1.035000e-01 2.773775e-01
1.040000e-01 3.772297e-01
1.045000e-01 5.394598e-01
1.050000e-01 8.142432e-01
1.055000e-01 1.268655e+00
1.060000e-01 1.826840e+00
1.065000e-01 1.929963e+00
1.070000e-01 1.404454e+00
1.075000e-01 8.776700e-01
1.080000e-01 5.527115e-01
1.085000e-01 3.664015e-01
1.090000e-01 2.560603e-01
1.095000e-01 1.872020e-01
1.100000e-01 1.420202e-01
1.105000e-01 1.110581e-01
1.110000e-01 8.904926e-02
1.115000e-01 7.291595e-02
1.120000e-01 6.077830e-02
1.125000e-01 5.144252e-02
1.130000e-01 4.412426e-02
1.135000e-01 3.829255e-02
1.140000e-01 3.357848e-02
1.145000e-01 2.971974e-02
1.150000e-01 2.652599e-02
1.155000e-01 2.385661e-02
1.160000e-01 2.160597e-02
1.165000e-01 1.969361e-02
1.170000e-01 1.805743e-02
1.175000e-01 1.664889e-02
1.180000e-01 1.542971e-02
1.185000e-01 1.436935e-02
1.190000e-01 1.344328e-02
1.195000e-01 1.263163e-02
1.200000e-01 1.191821e-02
1.205000e-01 1.128979e-02
1.210000e-01 1.073550e-02
1.215000e-01 1.024644e-02
1.220000e-01 9.815369e-03
1.225000e-01 9.436480e-03
1.230000e-01 9.105292e-03
1.235000e-01 8.818604e-03
1.240000e-01 8.574557e-03
1.245000e-01 8.372835e-03
1.250000e-01 8.215042e-03
1.255000e-01 8.105351e-03
1.260000e-01 8.051573e-03
1.265000e-01 8.066880e-03
1.270000e-01 8.172568e-03
1.275000e-01 8.402500e-03
1.280000e-01 8.810195e-03
1.285000e-01 9.480033e-03
1.290000e-01 1.054442e-02
1.295000e-01 1.220827e-02
1.300000e-01 1.477844e-02
1.305000e-01 1.868250e-02
1.310000e-01 2.443023e-02
1.315000e-01 3.242799e-02
1.320000e-01 4.258499e-02
1.325000e-01 5.392483e-02
1.330000e-01 6.478554e-02
1.335000e-01 7.378062e-02
1.340000e-01 8.059247e-02
1.345000e-01 8.583581e-02
1.350000e-01 9.044919e-02
1.355000e-01 9.528418e-02
1.360000e-01 1.010070e-01
1.365000e-01 1.081550e-01
1.370000e-01 1.172282e-01
1.375000e-01 1.287755e-01
1.380000e-01 1.434747e-01
1.385000e-01 1.622199e-01
1.390000e-01 1.862313e-01
1.395000e-01 2.172084e-01
1.400000e-01 2.575501e-01
1.405000e-01 3.106754e-01
1.410000e-01 3.814744e-01
1.415000e-01 4.768811e-01
1.420000e-01 6.063974e-01
1.425000e-01 7.818572e-01
1.430000e-01 1.014316e+00
1.435000e-01 1.303482e+00
1.440000e-01 1.615619e+00
1.445000e-01 1.864738e+00
1.450000e-01 1.947843e+00
1.455000e-01 1.837881e+00
1.460000e-01 1.607875e+00
1.465000e-01 1.350724e+00
1.470000e-01 1.119982e+00
1.475000e-01 9.316953e-01
1.480000e-01 7.838149e-01
1.485000e-01 6.689134e-01
1.490000e-01 5.794135e-01
1.495000e-01 5.090906e-01
1.500000e-01 4.531998e-01
1.505000e-01 4.082161e-01
1.510000e-01 3.715309e-01
1.515000e-01 3.411992e-01
1.520000e-01 3.157478e-01
1.525000e-01 2.940378e-01
1.530000e-01 2.751658e-01
1.535000e-01 2.583968e-01
1.540000e-01 2.431222e-01
1.545000e-01 2.288496e-01
1.550000e-01 2.152392e-01
1.555000e-01 2.022336e-01
1.560000e-01 1.903798e-01
1.565000e-01 1.815253e-01
1.570000e-01 1.801162e-01
1.575000e-01 1.948321e-01
1.580000e-01 2.379754e-01
1.585000e-01 3.165927e-01
1.590000e-01 4.177389e-01
1.595000e-01 5.129280e-01
1.600000e-01 5.839003e-01
1.605000e-01 6.311490e-01
1.610000e-01 6.628315e-01
1.615000e-01 6.861027e-01
1.620000e-01 7.051703e-01
1.625000e-01 7.219219e-01
1.630000e-01 7.367879e-01
1.635000e-01 7.493378e-01
1.640000e-01 7.586547e-01
1.645000e-01 7.636018e-01
1.650000e-01 7.630485e-01
1.655000e-01 7.560800e-01
1.660000e-01 7.421787e-01
1.665000e-01 7.213443e-01
1.670000e-01 6.941233e-01
1.675000e-01 6.615384e-01
1.680000e-01 6.249372e-01
1.685000e-01 5.858036e-01
1.690000e-01 5.455784e-01
1.695000e-01 5.055252e-01
1.700000e-01 4.666537e-01
1.705000e-01 4.296988e-01
1.710000e-01 3.951386e-01
1.715000e-01 3.632347e-01
1.720000e-01 3.340812e-01
1.725000e-01 3.076516e-01
1.730000e-01 2.838396e-01
1.735000e-01 2.624908e-01
1.740000e-01 2.434267e-01
1.745000e-01 2.264623e-01
1.750000e-01 2.114170e-01
1.755000e-01 1.981225e-01
1.760000e-01 1.864276e-01
1.765000e-01 1.762018e-01
1.770000e-01 1.673378e-01
1.775000e-01 1.597547e-01
1.780000e-01 1.534034e-01
1.785000e-01 1.482758e-01
1.790000e-01 1.444245e-01
1.795000e-01 1.420110e-01
1.800000e-01 1.414505e-01
1.805000e-01 1.441970e-01
1.810000e-01 1.942729e-01
1.815000e-01 2.285423e-01
1.820000e-01 2.565489e-01
1.825000e-01 2.836814e-01
1.830000e-01 3.119415e-01
1.835000e-01 3.426690e-01
1.840000e-01 3.770768e-01
1.845000e-01 4.164597e-01
1.850000e-01 4.623233e-01
1.855000e-01 5.164916e-01
1.860000e-01 5.812050e-01
1.865000e-01 6.591895e-01
1.870000e-01 7.536349e-01
1.875000e-01 8.679282e-01
1.880000e-01 1.004825e+00
1.885000e-01 1.164494e+00
1.890000e-01 1.340758e+00
1.895000e-01 1.515661e+00
1.900000e-01 1.655809e+00
1.905000e-01 1.718961e+00
1.910000e-01 1.676261e+00
1.915000e-01 1.534839e+00
1.920000e-01 1.334325e+00
1.925000e-01 1.120346e+00
1.930000e-01 9.237147e-01
1.935000e-01 7.574115e-01
1.940000e-01 6.228290e-01
1.945000e-01 5.161811e-01
1.950000e-01 4.323024e-01
1.955000e-01 3.663227e-01
1.960000e-01 3.142006e-01
1.965000e-01 2.727649e-01
1.970000e-01 2.395896e-01
1.975000e-01 2.128374e-01
1.980000e-01 1.911190e-01
1.985000e-01 1.733809e-01
1.990000e-01 1.588198e-01
1.995000e-01 1.468194e-01
2.000000e-01 1.369032e-01
2.005000e-01 1.287002e-01
2.010000e-01 1.219197e-01
2.015000e-01 1.163326e-01
2.020000e-01 1.117571e-01
2.025000e-01 1.080487e-01
2.030000e-01 1.050920e-01
2.035000e-01 1.027950e-01
2.040000e-01 1.010845e-01
2.045000e-01 9.990262e-02
2.050000e-01 9.920404e-02
2.055000e-01 9.895426e-02
2.060000e-01 9.912795e-02
2.065000e-01 9.970783e-02
2.070000e-01 1.006839e-01
2.075000e-01 1.020531e-01
2.080000e-01 1.038187e-01
2.085000e-01 1.059906e-01
2.090000e-01 1.085853e-01
2.095000e-01 1.116265e-01
2.100000e-01 1.151456e-01
2.105000e-01 1.191830e-01
2.110000e-01 1.237888e-01
2.115000e-01 1.290253e-01
2.120000e-01 1.349686e-01
2.125000e-01 1.417118e-01
2.130000e-01 1.493690e-01
2.135000e-01 1.580795e-01
2.140000e-01 1.680146e-01
2.145000e-01 1.793854e-01
2.150000e-01 1.924529e-01
2.155000e-01 2.075417e-01
2.160000e-01 2.250566e-01
2.165000e-01 2.455039e-01
2.170000e-01 2.695177e-01
2.175000e-01 2.978903e-01
2.180000e-01 3.316056e-01
2.185000e-01 3.718669e-01
2.190000e-01 4.201050e-01
2.195000e-01 4.779321e-01
2.200000e-01 5.469795e-01
2.205000e-01 6.285172e-01
2.210000e-01 7.227197e-01
2.215000e-01 8.274980e-01
2.220000e-01 9.370926e-01
2.225000e-01 1.041249e+00
2.230000e-01 1.126425e+00
2.235000e-01 1.179914e+00
2.240000e-01 1.195238e+00
2.245000e-01 1.174910e+00
2.250000e-01 1.128374e+00
2.255000e-01 1.067217e+00
2.260000e-01 1.001223e+00
2.265000e-01 9.368202e-01
2.270000e-01 8.773323e-01
2.275000e-01 8.238975e-01
2.280000e-01 7.763755e-01
2.285000e-01 7.339996e-01
2.290000e-01 6.957823e-01
2.295000e-01 6.607437e-01
2.300000e-01 6.280283e-01
2.305000e-01 5.969563e-01
2.310000e-01 5.670353e-01
2.315000e-01 5.379492e-01
2.320000e-01 5.095332e-01
2.325000e-01 4.817413e-01
2.330000e-01 4.546118e-01
2.335000e-01 4.282346e-01
2.340000e-01 4.027234e-01
2.345000e-01 3.781933e-01
2.350000e-01 3.547462e-01
2.355000e-01 3.324617e-01
2.360000e-01 3.113927e-01
2.365000e-01 2.915657e-01
2.370000e-01 2.729827e-01
2.375000e-01 2.556251e-01
2.380000e-01 2.394577e-01
2.385000e-01 2.244330e-01
2.390000e-01 2.104949e-01
2.395000e-01 1.975825e-01
2.400000e-01 1.856322e-01
2.405000e-01 1.745803e-01
2.410000e-01 1.643645e-01
2.415000e-01 1.549257e-01
2.420000e-01 1.462080e-01
2.425000e-01 1.381604e-01
2.430000e-01 1.307370e-01
2.435000e-01 1.238975e-01
2.440000e-01 1.176079e-01
2.445000e-01 1.118414e-01
2.450000e-01 1.065792e-01
2.455000e-01 1.018121e-01
2.460000e-01 9.754235e-02
2.465000e-01 9.378680e-02
2.470000e-01 9.058110e-02
2.475000e-01 8.798601e-02
2.480000e-01 8.609669e-02
2.485000e-01 8.505645e-02
2.490000e-01 8.507753e-02
2.495000e-01 8.647265e-02
2.500000e-01 8.970364e-02
2.505000e-01 9.545722e-02
2.510000e-01 1.047642e-01
2.515000e-01 1.191872e-01
2.520000e-01 1.411153e-01
2.525000e-01 1.742092e-01
2.530000e-01 2.240176e-01
2.535000e-01 2.986202e-01
2.540000e-01 4.085883e-01
2.545000e-01 5.641269e-01
2.550000e-01 7.655237e-01
2.555000e-01 9.868896e-01
2.560000e-01 1.172266e+00
2.565000e-01 1.270661e+00
2.570000e-01 1.278576e+00
2.575000e-01 1.231372e+00
2.580000e-01 1.166914e+00
2.585000e-01 1.108390e+00
2.590000e-01 1.066234e+00
2.595000e-01 1.044199e+00
2.600000e-01 1.043562e+00
2.605000e-01 1.065223e+00
2.610000e-01 1.110570e+00
2.615000e-01 1.181628e+00
2.620000e-01 1.280528e+00
2.625000e-01 1.407887e+00
2.630000e-01 1.559256e+00
2.635000e-01 1.719121e+00
2.640000e-01 1.854843e+00
2.645000e-01 1.919786e+00
2.650000e-01 1.876334e+00
2.655000e-01 1.726491e+00
2.660000e-01 1.513488e+00
2.665000e-01 1.289962e+00
2.670000e-01 1.090653e+00
2.675000e-01 9.287577e-01
2.680000e-01 8.043340e-01
2.685000e-01 7.122955e-01
2.690000e-01 6.467477e-01
2.695000e-01 6.026858e-01
2.700000e-01 5.764262e-01
2.705000e-01 5.655730e-01
2.710000e-01 5.688766e-01
2.715000e-01 5.861199e-01
2.720000e-01 6.180731e-01
2.725000e-01 6.665157e-01
2.730000e-01 7.343002e-01
2.735000e-01 8.253717e-01
2.740000e-01 9.445346e-01
2.745000e-01 1.096482e+00
2.750000e-01 1.283135e+00
2.755000e-01 1.497940e+00
2.760000e-01 1.717021e+00
2.765000e-01 1.893120e+00
2.770000e-01 1.967564e+00
2.775000e-01 1.906815e+00
2.780000e-01 1.731109e+00
2.785000e-01 1.497589e+00
2.790000e-01 1.260243e+00
2.795000e-01 1.049458e+00
2.800000e-01 8.749279e-01
2.805000e-01 7.352843e-01
2.810000e-01 6.251657e-01
2.815000e-01 5.386886e-01
2.820000e-01 4.707340e-01
2.825000e-01 4.172324e-01
2.830000e-01 3.750822e-01
2.835000e-01 3.419700e-01
2.840000e-01 3.161941e-01
2.845000e-01 2.965215e-01
2.850000e-01 2.820792e-01
2.855000e-01 2.722765e-01
2.860000e-01 2.667499e-01
2.865000e-01 2.653263e-01
2.870000e-01 2.679973e-01
2.875000e-01 2.749017e-01
2.880000e-01 2.863103e-01
2.885000e-01 3.026061e-01
2.890000e-01 3.242536e-01
2.895000e-01 3.517420e-01
2.900000e-01 3.854908e-01
2.905000e-01 4.256999e-01
2.910000e-01 4.721377e-01
2.915000e-01 5.238832e-01
2.920000e-01 5.790827e-01
2.925000e-01 6.348421e-01
2.930000e-01 6.874064e-01
2.935000e-01 7.327140e-01
2.940000e-01 7.672378e-01
2.945000e-01 7.888051e-01
2.950000e-01 7.970339e-01
2.955000e-01 7.932100e-01
2.960000e-01 7.797318e-01
2.965000e-01 7.594218e-01
2.970000e-01 7.349688e-01
2.975000e-01 7.086084e-01
2.980000e-01 6.820198e-01
2.985000e-01 6.563605e-01
2.990000e-01 6.323637e-01
2.995000e-01 6.104478e-01
3.000000e-01 5.908133e-01
3.005000e-01 5.735196e-01
3.010000e-01 5.585399e-01
3.015000e-01 5.458002e-01
3.020000e-01 5.352040e-01
3.025000e-01 5.266498e-01
3.030000e-01 5.200401e-01
3.035000e-01 5.152887e-01
3.040000e-01 5.123233e-01
3.045000e-01 5.110881e-01
3.050000e-01 5.115440e-01
3.055000e-01 5.136702e-01
3.060000e-01 5.174633e-01
3.065000e-01 5.229384e-01
3.070000e-01 5.301293e-01
3.075000e-01 5.390887e-01
3.080000e-01 5.498893e-01
3.085000e-01 5.626247e-01
3.090000e-01 5.774107e-01
3.095000e-01 5.943870e-01
3.100000e-01 6.137186e-01
3.105000e-01 6.355983e-01
3.110000e-01 6.602487e-01
3.115000e-01 6.879243e-01
3.120000e-01 7.189141e-01
3.125000e-01 7.535431e-01
3.130000e-01 7.921734e-01
3.135000e-01 8.352045e-01
3.140000e-01 8.830717e-01
3.145000e-01 9.362433e-01
3.150000e-01 9.952169e-01
3.155000e-01 1.060520e+00
3.160000e-01 1.132737e+00
3.165000e-01 1.212630e+00
3.170000e-01 1.301811e+00
3.175000e-01 1.417557e+00
3.180000e-01 1.495083e+00
3.185000e-01 1.573026e+00
3.190000e-01 1.649953e+00
3.195000e-01 1.724284e+00
3.200000e-01 1.794168e+00
3.205000e-01 1.857584e+00
3.210000e-01 1.912458e+00
3.215000e-01 1.956827e+00
3.220000e-01 1.989005e+00
3.225000e-01 2.007748e+00
3.230000e-01 2.012389e+00
3.235000e-01 2.002904e+00
3.240000e-01 1.979916e+00
3.245000e-01 1.944622e+00
3.250000e-01 1.898666e+00
3.255000e-01 1.843979e+00
3.260000e-01 1.782612e+00
3.265000e-01 1.716589e+00
3.270000e-01 1.647795e+00
3.275000e-01 1.577895e+00
3.280000e-01 1.508296e+00
3.285000e-01 1.440138e+00
3.290000e-01 1.374308e+00
3.295000e-01 1.311466e+00
3.300000e-01 1.252080e+00
3.305000e-01 1.196459e+00
3.310000e-01 1.144791e+00
3.315000e-01 1.097176e+00
3.320000e-01 1.053647e+00
3.325000e-01 1.014200e+00
3.330000e-01 9.788103e-01
3.335000e-01 9.474496e-01
3.340000e-01 9.200999e-01
3.345000e-01 8.967662e-01
3.350000e-01 8.774880e-01
3.355000e-01 8.623502e-01
3.360000e-01 8.514951e-01
3.365000e-01 8.451355e-01
3.370000e-01 8.435695e-01
3.375000e-01 8.471978e-01
3.380000e-01 8.565441e-01
3.385000e-01 8.722788e-01
3.390000e-01 8.952443e-01
3.395000e-01 9.264818e-01
3.400000e-01 9.672527e-01
3.405000e-01 1.019044e+00
3.410000e-01 1.083543e+00
3.415000e-01 1.162532e+00
3.420000e-01 1.257669e+00
3.425000e-01 1.370050e+00
3.430000e-01 1.499461e+00
3.435000e-01 1.643267e+00
3.440000e-01 1.795056e+00
3.445000e-01 1.943539e+00
3.450000e-01 2.072749e+00
3.455000e-01 2.164678e+00
3.460000e-01 2.204415e+00
3.465000e-01 2.185642e+00
3.470000e-01 2.113032e+00
3.475000e-01 1.999901e+00
3.480000e-01 1.862950e+00
3.485000e-01 1.717388e+00
3.490000e-01 1.574389e+00
3.495000e-01 1.440764e+00
3.500000e-01 1.319830e+00
3.505000e-01 1.212558e+00
3.510000e-01 1.118550e+00
3.515000e-01 1.036723e+00
3.520000e-01 9.657306e-01
3.525000e-01 9.041961e-01
3.530000e-01 8.508337e-01
3.535000e-01 8.044966e-01
3.540000e-01 7.641895e-01
3.545000e-01 7.290619e-01
3.550000e-01 6.983940e-01
3.555000e-01 6.715796e-01
3.560000e-01 6.481090e-01
3.565000e-01 6.275539e-01
3.570000e-01 6.095541e-01
3.575000e-01 5.938060e-01
3.580000e-01 5.800532e-01
3.585000e-01 5.680787e-01
3.590000e-01 5.576981e-01
3.595000e-01 5.487541e-01
3.600000e-01 5.411124e-01
3.605000e-01 5.346576e-01
3.610000e-01 5.292900e-01
3.615000e-01 5.249234e-01
3.620000e-01 5.214821e-01
3.625000e-01 5.188997e-01
3.630000e-01 5.171168e-01
3.635000e-01 5.160797e-01
3.640000e-01 5.157389e-01
3.645000e-01 5.160479e-01
3.650000e-01 5.169616e-01
3.655000e-01 5.184353e-01
3.660000e-01 5.204231e-01
3.665000e-01 5.228770e-01
3.670000e-01 5.257448e-01
3.675000e-01 5.289696e-01
3.680000e-01 5.324875e-01
3.685000e-01 5.362263e-01
3.690000e-01 5.401042e-01
3.695000e-01 5.440284e-01
3.700000e-01 5.478933e-01
3.705000e-01 5.515804e-01
3.710000e-01 5.549569e-01
3.715000e-01 5.578768e-01
3.720000e-01 5.601813e-01
3.725000e-01 5.617015e-01
3.730000e-01 5.622615e-01
3.735000e-01 5.616839e-01
3.740000e-01 5.597963e-01
3.745000e-01 5.564391e-01
3.750000e-01 5.514751e-01
3.755000e-01 5.447987e-01
3.760000e-01 5.363460e-01
3.765000e-01 5.261033e-01
3.770000e-01 5.141138e-01
3.775000e-01 5.004821e-01
3.780000e-01 4.853759e-01
3.785000e-01 4.690255e-01
3.790000e-01 4.517216e-01
3.795000e-01 4.338138e-01
3.800000e-01 4.157120e-01
3.805000e-01 3.978947e-01
3.810000e-01 3.809291e-01
3.815000e-01 3.655089e-01
3.820000e-01 3.525236e-01
3.825000e-01 3.431724e-01
3.830000e-01 3.391537e-01
3.835000e-01 3.429738e-01
3.840000e-01 3.584448e-01
3.845000e-01 3.914720e-01
3.850000e-01 4.512115e-01
3.855000e-01 5.514643e-01
3.860000e-01 7.112187e-01
3.865000e-01 9.504748e-01
3.870000e-01 1.272970e+00
3.875000e-01 1.632579e+00
3.880000e-01 1.921183e+00
3.885000e-01 2.040905e+00
3.890000e-01 1.992605e+00
3.895000e-01 1.849571e+00
3.900000e-01 1.680645e+00
3.905000e-01 1.522161e+00
3.910000e-01 1.386541e+00
3.915000e-01 1.274933e+00
3.920000e-01 1.184514e+00
3.925000e-01 1.111642e+00
3.930000e-01 1.052964e+00
3.935000e-01 1.005706e+00
3.940000e-01 9.676657e-01
3.945000e-01 9.371217e-01
3.950000e-01 9.127322e-01
3.955000e-01 8.934482e-01
3.960000e-01 8.784448e-01
3.965000e-01 8.670680e-01
3.970000e-01 8.587956e-01
3.975000e-01 8.532069e-01
3.980000e-01 8.499604e-01
3.985000e-01 8.487770e-01
3.990000e-01 8.494271e-01
3.995000e-01 8.517205e-01
4.000000e-01 8.554994e-01
4.005000e-01 8.606319e-01
4.010000e-01 8.670079e-01
4.015000e-01 8.745354e-01
4.020000e-01 8.831372e-01
4.025000e-01 8.927495e-01
4.030000e-01 9.033194e-01
4.035000e-01 9.148035e-01
4.040000e-01 9.271670e-01
4.045000e-01 9.403828e-01
4.050000e-01 9.544300e-01
4.055000e-01 9.692943e-01
4.060000e-01 9.849664e-01
4.065000e-01 1.001442e+00
4.070000e-01 1.018722e+00
4.075000e-01 1.036811e+00
4.080000e-01 1.055718e+00
4.085000e-01 1.075453e+00
4.090000e-01 1.096034e+00
4.095000e-01 1.117477e+00
4.100000e-01 1.139805e+00
4.105000e-01 1.163040e+00
4.110000e-01 1.187209e+00
4.115000e-01 1.212339e+00
4.120000e-01 1.238462e+00
4.125000e-01 1.265608e+00
4.130000e-01 1.293814e+00
4.135000e-01 1.323115e+00
4.140000e-01 1.353554e+00
4.145000e-01 1.385174e+00
4.150000e-01 1.418029e+00
4.155000e-01 1.452176e+00
4.160000e-01 1.487688e+00
4.165000e-01 1.524651e+00
4.170000e-01 1.563177e+00
4.175000e-01 1.603403e+00
4.180000e-01 1.645510e+00
4.185000e-01 1.689728e+00
4.190000e-01 1.736358e+00
4.195000e-01 1.785778e+00
4.200000e-01 1.838467e+00
4.205000e-01 1.895009e+00
4.210000e-01 1.956087e+00
4.215000e-01 2.022451e+00
4.220000e-01 2.094832e+00
4.225000e-01 2.173776e+00
4.230000e-01 2.259373e+00
4.235000e-01 2.350872e+00
4.240000e-01 2.446251e+00
4.245000e-01 2.541908e+00
4.250000e-01 2.632728e+00
4.255000e-01 2.712777e+00
4.260000e-01 2.776579e+00
4.265000e-01 2.820500e+00
4.270000e-01 2.843603e+00
4.275000e-01 2.847566e+00
4.280000e-01 2.835847e+00
4.285000e-01 2.812599e+00
4.290000e-01 2.781808e+00
4.295000e-01 2.746813e+00
4.300000e-01 2.710171e+00
4.305000e-01 2.673720e+00
4.310000e-01 2.638724e+00
4.315000e-01 2.606030e+00
4.320000e-01 2.576194e+00
4.325000e-01 2.549583e+00
4.330000e-01 2.526436e+00
4.335000e-01 2.506911e+00
4.340000e-01 2.491113e+00
4.345000e-01 2.479103e+00
4.350000e-01 2.470912e+00
4.355000e-01 2.466537e+00
4.360000e-01 2.465941e+00
4.365000e-01 2.469049e+00
4.370000e-01 2.475739e+00
4.375000e-01 2.485839e+00
4.380000e-01 2.499111e+00
4.385000e-01 2.515249e+00
4.390000e-01 2.533864e+00
4.395000e-01 2.554480e+00
4.400000e-01 2.576530e+00
4.405000e-01 2.599350e+00
4.410000e-01 2.622190e+00
4.415000e-01 2.644221e+00
4.420000e-01 2.664562e+00
4.425000e-01 2.682308e+00
4.430000e-01 2.696569e+00
4.435000e-01 2.706525e+00
4.440000e-01 2.711469e+00
4.445000e-01 2.710868e+00
4.450000e-01 2.704397e+00
4.455000e-01 2.691980e+00
4.460000e-01 2.673797e+00
4.465000e-01 2.650280e+00
4.470000e-01 2.622086e+00
4.475000e-01 2.590057e+00
4.480000e-01 2.555162e+00
4.485000e-01 2.518443e+00
4.490000e-01 2.480951e+00
4.495000e-01 2.443703e+00
4.500000e-01 2.407635e+00
4.505000e-01 2.373573e+00
4.510000e-01 2.342216e+00
4.515000e-01 2.314123e+00
4.520000e-01 2.289716e+00
4.525000e-01 2.269280e+00
4.530000e-01 2.252972e+00
4.535000e-01 2.240831e+00
4.540000e-01 2.232786e+00
4.545000e-01 2.228668e+00
4.550000e-01 2.228221e+00
4.555000e-01 2.231110e+00
4.560000e-01 2.236936e+00
4.565000e-01 2.245245e+00
4.570000e-01 2.255539e+00
4.575000e-01 2.267297e+00
4.580000e-01 2.279985e+00
4.585000e-01 2.293075e+00
4.590000e-01 2.306063e+00
4.595000e-01 2.318487e+00
4.600000e-01 2.329941e+00
4.605000e-01 2.340092e+00
4.610000e-01 2.348689e+00
4.615000e-01 2.355569e+00
4.620000e-01 2.360662e+00
4.625000e-01 2.363984e+00
4.630000e-01 2.365633e+00
4.635000e-01 2.365779e+00
4.640000e-01 2.364650e+00
4.645000e-01 2.362517e+00
4.650000e-01 2.359680e+00
4.655000e-01 2.356452e+00
4.660000e-01 2.353146e+00
4.665000e-01 2.350062e+00
4.670000e-01 2.347477e+00
4.675000e-01 2.345634e+00
4.680000e-01 2.344737e+00
4.685000e-01 2.344945e+00
4.690000e-01 2.346365e+00
4.695000e-01 2.349057e+00
4.700000e-01 2.353024e+00
4.705000e-01 2.358219e+00
4.710000e-01 2.364545e+00
4.715000e-01 2.371857e+00
4.720000e-01 2.379971e+00
4.725000e-01 2.388670e+00
4.730000e-01 2.397709e+00
4.735000e-01 2.406832e+00
4.740000e-01 2.415777e+00
4.745000e-01 2.424291e+00
4.750000e-01 2.432143e+00
4.755000e-01 2.439130e+00
4.760000e-01 2.445091e+00
4.765000e-01 2.449909e+00
4.770000e-01 2.453517e+00
4.775000e-01 2.455899e+00
4.780000e-01 2.457085e+00
4.785000e-01 2.457150e+00
4.790000e-01 2.456201e+00
4.795000e-01 2.454372e+00
4.800000e-01 2.451813e+00
4.805000e-01 2.448679e+00
4.810000e-01 2.445123e+00
4.815000e-01 2.441282e+00
4.820000e-01 2.437273e+00
4.825000e-01 2.433183e+00
4.830000e-01 2.429065e+00
4.835000e-01 2.424933e+00
4.840000e-01 2.420755e+00
4.845000e-01 2.416455e+00
4.850000e-01 2.411902e+00
4.855000e-01 2.406914e+00
4.860000e-01 2.401249e+00
4.865000e-01 2.394591e+00
4.870000e-01 2.386527e+00
4.875000e-01 2.376467e+00
4.880000e-01 2.363307e+00
4.885000e-01 2.338981e+00
4.890000e-01 2.330456e+00
4.895000e-01 2.319841e+00
4.900000e-01 2.306776e+00
4.905000e-01 2.291024e+00
4.910000e-01 2.272379e+00
4.915000e-01 2.250704e+00
4.920000e-01 2.225942e+00
4.925000e-01 2.198127e+00
4.930000e-01 2.167393e+00
4.935000e-01 2.133971e+00
4.940000e-01 2.098186e+00
4.945000e-01 2.060447e+00
4.950000e-01 2.021231e+00
4.955000e-01 1.981074e+00
4.960000e-01 1.940548e+00
4.965000e-01 1.900246e+00
4.970000e-01 1.860767e+00
4.975000e-01 1.822703e+00
4.980000e-01 1.786629e+00
4.985000e-01 1.753099e+00
4.990000e-01 1.722644e+00
4.995000e-01 1.695774e+00
