0.000000e+00 0.000000e+00
5.000000e-04 0.000000e+00
1.000000e-03 0.000000e+00
1.500000e-03 0.000000e+00
2.000000e-03 0.000000e+00
2.500000e-03 0.000000e+00
3.000000e-03 0.000000e+00
3.500000e-03 0.000000e+00
4.000000e-03 0.000000e+00
4.500000e-03 0.000000e+00
5.000000e-03 0.000000e+00
5.500000e-03 0.000000e+00
6.000000e-03 0.000000e+00
6.500000e-03 0.000000e+00
7.000000e-03 0.000000e+00
7.500000e-03 0.000000e+00
8.000000e-03 0.000000e+00
8.500000e-03 0.000000e+00
9.000000e-03 0.000000e+00
9.500000e-03 0.000000e+00
1.000000e-02 0.000000e+00
1.050000e-02 0.000000e+00
1.100000e-02 0.000000e+00
1.150000e-02 0.000000e+00
1.200000e-02 0.000000e+00
1.250000e-02 0.000000e+00
1.300000e-02 0.000000e+00
1.350000e-02 0.000000e+00
1.400000e-02 0.000000e+00
1.450000e-02 0.000000e+00
1.500000e-02 0.000000e+00
1.550000e-02 0.000000e+00
1.600000e-02 0.000000e+00
1.650000e-02 0.000000e+00
1.700000e-02 0.000000e+00
1.750000e-02 0.000000e+00
1.800000e-02 0.000000e+00
1.850000e-02 0.000000e+00
1.900000e-02 0.000000e+00
1.950000e-02 0.000000e+00
2.000000e-02 0.000000e+00
2.050000e-02 9.604098e-07
2.100000e-02 4.214943e-06
2.150000e-02 7.316724e-06
2.200000e-02 1.027478e-05
2.250000e-02 1.308832e-05
2.300000e-02 1.574542e-05
2.350000e-02 1.822090e-05
2.400000e-02 2.047364e-05
2.450000e-02 2.244294e-05
2.500000e-02 2.404423e-05
2.550000e-02 2.516421e-05
2.600000e-02 2.565640e-05
2.650000e-02 2.533896e-05
2.700000e-02 2.399950e-05
2.750000e-02 2.141689e-05
2.800000e-02 1.742207e-05
2.850000e-02 1.204625e-05
2.900000e-02 5.864255e-06
2.950000e-02 7.807388e-07
3.000000e-02 1.849795e-06
3.050000e-02 2.160668e-05
3.100000e-02 9.085158e-05
3.150000e-02 2.872431e-04
3.200000e-02 8.179144e-04
3.250000e-02 2.287818e-03
3.300000e-02 6.725184e-03
3.350000e-02 2.251953e-02
3.400000e-02 9.676371e-02
3.450000e-02 4.727591e-01
3.500000e-02 4.707888e-01
3.550000e-02 2.755744e-01
3.600000e-02 2.256511e-01
3.650000e-02 2.391686e-01
3.700000e-02 3.122226e-01
3.750000e-02 5.023902e-01
3.800000e-02 1.005585e+00
3.850000e-02 1.834099e+00
3.900000e-02 1.193132e+00
3.950000e-02 5.143398e-01
4.000000e-02 2.610106e-01
4.050000e-02 1.565800e-01
4.100000e-02 1.059477e-01
4.150000e-02 7.826842e-02
4.200000e-02 6.186002e-02
4.250000e-02 5.165258e-02
4.300000e-02 4.521909e-02
4.350000e-02 4.133743e-02
4.400000e-02 3.942065e-02
4.450000e-02 3.930316e-02
4.500000e-02 4.123561e-02
4.550000e-02 4.613925e-02
4.600000e-02 5.653965e-02
4.650000e-02 8.025198e-02
4.700000e-02 1.506866e-01
4.750000e-02 4.651665e-01
4.800000e-02 1.954235e-01
4.850000e-02 2.591070e-02
4.900000e-02 4.394490e-03
4.950000e-02 4.404513e-04
5.000000e-02 3.627231e-05
5.050000e-02 6.113394e-04
5.100000e-02 1.546156e-03
5.150000e-02 2.702006e-03
5.200000e-02 4.106513e-03
5.250000e-02 5.889572e-03
5.300000e-02 8.310732e-03
5.350000e-02 1.188036e-02
5.400000e-02 1.770376e-02
5.450000e-02 2.857737e-02
5.500000e-02 5.347120e-02
5.550000e-02 1.356372e-01
5.600000e-02 7.599138e-01
5.650000e-02 7.389056e-01
5.700000e-02 1.123536e-01
5.750000e-02 3.819484e-02
5.800000e-02 1.765540e-02
5.850000e-02 9.461623e-03
5.900000e-02 5.490638e-03
5.950000e-02 3.323282e-03
6.000000e-02 2.045023e-03
6.050000e-02 1.251798e-03
6.100000e-02 7.443714e-04
6.150000e-02 4.162744e-04
6.200000e-02 2.071129e-04
6.250000e-02 8.113423e-05
6.300000e-02 1.661458e-05
6.350000e-02 2.854470e-07
6.400000e-02 2.427231e-05
6.450000e-02 8.436533e-05
6.500000e-02 1.790382e-04
6.550000e-02 3.089147e-04
6.600000e-02 4.765250e-04
6.650000e-02 6.862723e-04
6.700000e-02 9.445718e-04
6.750000e-02 1.260160e-03
6.800000e-02 1.644590e-03
6.850000e-02 2.112960e-03
6.900000e-02 2.684949e-03
6.950000e-02 3.386274e-03
7.000000e-02 4.250743e-03
7.050000e-02 5.323186e-03
7.100000e-02 6.663658e-03
7.150000e-02 8.353580e-03
7.200000e-02 1.050481e-02
7.250000e-02 1.327327e-02
7.300000e-02 1.687973e-02
7.350000e-02 2.164193e-02
7.400000e-02 2.802463e-02
7.450000e-02 3.671784e-02
7.500000e-02 4.875642e-02
7.550000e-02 6.569112e-02
7.600000e-02 8.978435e-02
7.650000e-02 1.240468e-01
7.700000e-02 1.714328e-01
7.750000e-02 2.315070e-01
7.800000e-02 2.932941e-01
7.850000e-02 3.321008e-01
7.900000e-02 3.280836e-01
7.950000e-02 2.892438e-01
8.000000e-02 2.387941e-01
8.050000e-02 1.923106e-01
8.100000e-02 1.530543e-01
8.150000e-02 1.688654e-01
8.200000e-02 1.562921e-01
8.250000e-02 1.386971e-01
8.300000e-02 1.204758e-01
8.350000e-02 1.035721e-01
8.400000e-02 8.873350e-02
8.450000e-02 7.608810e-02
8.500000e-02 6.547694e-02
8.550000e-02 5.663591e-02
8.600000e-02 4.928546e-02
8.650000e-02 4.316949e-02
8.700000e-02 3.806837e-02
8.750000e-02 3.380010e-02
8.800000e-02 3.021660e-02
8.850000e-02 2.719851e-02
8.900000e-02 2.465010e-02
8.950000e-02 2.249477e-02
9.000000e-02 2.067130e-02
9.050000e-02 1.913089e-02
9.100000e-02 1.783478e-02
9.150000e-02 1.675246e-02
9.200000e-02 1.586028e-02
9.250000e-02 1.514044e-02
9.300000e-02 1.458027e-02
9.350000e-02 1.417175e-02
9.400000e-02 1.391128e-02
9.450000e-02 1.379956e-02
9.500000e-02 1.384169e-02
9.550000e-02 1.404737e-02
9.600000e-02 1.443105e-02
9.650000e-02 1.501213e-02
9.700000e-02 1.581484e-02
9.750000e-02 1.686757e-02
9.800000e-02 1.820147e-02
9.850000e-02 1.984778e-02
9.900000e-02 2.183402e-02
9.950000e-02 2.417917e-02
1.000000e-01 2.688933e-02
1.005000e-01 2.995579e-02
1.010000e-01 3.335805e-02
1.015000e-01 3.707308e-02
1.020000e-01 4.108998e-02
1.025000e-01 4.542664e-02
1.030000e-01 5.014456e-02
1.035000e-01 5.535968e-02
1.040000e-01 6.125061e-02
1.045000e-01 6.806803e-02
1.050000e-01 7.615070e-02
1.055000e-01 8.595407e-02
1.060000e-01 9.809947e-02
1.065000e-01 1.134553e-01
1.070000e-01 1.332710e-01
1.075000e-01 1.593996e-01
1.080000e-01 1.946781e-01
1.085000e-01 2.435908e-01
1.090000e-01 3.134455e-01
1.095000e-01 4.164397e-01
1.100000e-01 5.729657e-01
1.105000e-01 8.148233e-01
1.110000e-01 1.176653e+00
1.115000e-01 1.629362e+00
1.120000e-01 1.932067e+00
1.125000e-01 1.790666e+00
1.130000e-01 1.366151e+00
1.135000e-01 9.684043e-01
1.140000e-01 6.878171e-01
1.145000e-01 5.028994e-01
1.150000e-01 3.804330e-01
1.155000e-01 2.970899e-01
1.160000e-01 2.385400e-01
1.165000e-01 1.961367e-01
1.170000e-01 1.645758e-01
1.175000e-01 1.405141e-01
1.180000e-01 1.217820e-01
1.185000e-01 1.069312e-01
1.190000e-01 9.496937e-02
1.195000e-01 8.520002e-02
1.200000e-01 7.712395e-02
1.205000e-01 7.037626e-02
1.210000e-01 6.468559e-02
1.215000e-01 5.984696e-02
1.220000e-01 5.570334e-02
1.225000e-01 5.213293e-02
1.230000e-01 4.904017e-02
1.235000e-01 4.634937e-02
1.240000e-01 4.400003e-02
1.245000e-01 4.194347e-02
1.250000e-01 4.014032e-02
1.255000e-01 3.855857e-02
1.260000e-01 3.717227e-02
1.265000e-01 3.596037e-02
1.270000e-01 3.490604e-02
1.275000e-01 3.399602e-02
1.280000e-01 3.322035e-02
1.285000e-01 3.257216e-02
1.290000e-01 3.204768e-02
1.295000e-01 3.164649e-02
1.300000e-01 3.137208e-02
1.305000e-01 3.123286e-02
1.310000e-01 3.124379e-02
1.315000e-01 3.142926e-02
1.320000e-01 3.182795e-02
1.325000e-01 3.250150e-02
1.330000e-01 3.355063e-02
1.335000e-01 3.514728e-02
1.340000e-01 3.760406e-02
1.345000e-01 4.154067e-02
1.350000e-01 4.834380e-02
1.355000e-01 6.171524e-02
1.360000e-01 9.470355e-02
1.365000e-01 2.224956e-01
1.370000e-01 9.401814e-01
1.375000e-01 1.722571e-01
1.380000e-01 5.159332e-02
1.385000e-01 2.978500e-02
1.390000e-01 2.333828e-02
1.395000e-01 2.098595e-02
1.400000e-01 2.008365e-02
1.405000e-01 1.979273e-02
1.410000e-01 1.979312e-02
1.415000e-01 1.994667e-02
1.420000e-01 2.018853e-02
1.425000e-01 2.048646e-02
1.430000e-01 2.082392e-02
1.435000e-01 2.119241e-02
1.440000e-01 2.158769e-02
1.445000e-01 2.200797e-02
1.450000e-01 2.245285e-02
1.455000e-01 2.292277e-02
1.460000e-01 2.341874e-02
1.465000e-01 2.394212e-02
1.470000e-01 2.449455e-02
1.475000e-01 2.507790e-02
1.480000e-01 2.569423e-02
1.485000e-01 2.634579e-02
1.490000e-01 2.703503e-02
1.495000e-01 2.776459e-02
1.500000e-01 2.853733e-02
1.505000e-01 2.935637e-02
1.510000e-01 3.022509e-02
1.515000e-01 3.114718e-02
1.520000e-01 3.212664e-02
1.525000e-01 3.316790e-02
1.530000e-01 3.427576e-02
1.535000e-01 3.545556e-02
1.540000e-01 3.671315e-02
1.545000e-01 3.805502e-02
1.550000e-01 3.948836e-02
1.555000e-01 4.102117e-02
1.560000e-01 4.266237e-02
1.565000e-01 4.442195e-02
1.570000e-01 4.631110e-02
1.575000e-01 4.834246e-02
1.580000e-01 5.053026e-02
1.585000e-01 5.289067e-02
1.590000e-01 5.544207e-02
1.595000e-01 5.820546e-02
1.600000e-01 6.120489e-02
1.605000e-01 6.446807e-02
1.610000e-01 6.802700e-02
1.615000e-01 7.191878e-02
1.620000e-01 7.618665e-02
1.625000e-01 8.088115e-02
1.630000e-01 8.606160e-02
1.635000e-01 9.179788e-02
1.640000e-01 9.817257e-02
1.645000e-01 1.052836e-01
1.650000e-01 1.132473e-01
1.655000e-01 1.222023e-01
1.660000e-01 1.323137e-01
1.665000e-01 1.437783e-01
1.670000e-01 1.568307e-01
1.675000e-01 1.717490e-01
1.680000e-01 1.888620e-01
1.685000e-01 2.085553e-01
1.690000e-01 2.312765e-01
1.695000e-01 2.575377e-01
1.700000e-01 2.879136e-01
1.705000e-01 3.230326e-01
1.710000e-01 3.635577e-01
1.715000e-01 4.101546e-01
1.720000e-01 4.634458e-01
1.725000e-01 5.239488e-01
1.730000e-01 5.920034e-01
1.735000e-01 6.676946e-01
1.740000e-01 7.507811e-01
1.745000e-01 8.406429e-01
1.750000e-01 9.362568e-01
1.755000e-01 1.036206e+00
1.760000e-01 1.138719e+00
1.765000e-01 1.241732e+00
1.770000e-01 1.342963e+00
1.775000e-01 1.439980e+00
1.780000e-01 1.530268e+00
1.785000e-01 1.611285e+00
1.790000e-01 1.680506e+00
1.795000e-01 1.735467e+00
1.800000e-01 1.773826e+00
1.805000e-01 1.794021e+00
1.810000e-01 1.770421e+00
1.815000e-01 1.703335e+00
1.820000e-01 1.608560e+00
1.825000e-01 1.487983e+00
1.830000e-01 1.351159e+00
1.835000e-01 1.213447e+00
1.840000e-01 1.090461e+00
1.845000e-01 9.920782e-01
1.850000e-01 9.205257e-01
1.855000e-01 8.725869e-01
1.860000e-01 8.429329e-01
1.865000e-01 8.263982e-01
1.870000e-01 8.189065e-01
1.875000e-01 8.175728e-01
1.880000e-01 8.204829e-01
1.885000e-01 8.264196e-01
1.890000e-01 8.346336e-01
1.895000e-01 8.446773e-01
1.900000e-01 8.562926e-01
1.905000e-01 8.693366e-01
1.910000e-01 8.837346e-01
1.915000e-01 8.994486e-01
1.920000e-01 9.164566e-01
1.925000e-01 9.347381e-01
1.930000e-01 9.542632e-01
1.935000e-01 9.749835e-01
1.940000e-01 9.968243e-01
1.945000e-01 1.019676e+00
1.950000e-01 1.043389e+00
1.955000e-01 1.067763e+00
1.960000e-01 1.092541e+00
1.965000e-01 1.117404e+00
1.970000e-01 1.141969e+00
1.975000e-01 1.165780e+00
1.980000e-01 1.188319e+00
1.985000e-01 1.209011e+00
1.990000e-01 1.227235e+00
1.995000e-01 1.242352e+00
2.000000e-01 1.253728e+00
2.005000e-01 1.260771e+00
2.010000e-01 1.262969e+00
2.015000e-01 1.259929e+00
2.020000e-01 1.251405e+00
2.025000e-01 1.237331e+00
2.030000e-01 1.217823e+00
2.035000e-01 1.193182e+00
2.040000e-01 1.163875e+00
2.045000e-01 1.130500e+00
2.050000e-01 1.093753e+00
2.055000e-01 1.054380e+00
2.060000e-01 1.013137e+00
2.065000e-01 9.707514e-01
2.070000e-01 9.278958e-01
2.075000e-01 8.851648e-01
2.080000e-01 8.430653e-01
2.085000e-01 8.020121e-01
2.090000e-01 7.623304e-01
2.095000e-01 7.242625e-01
2.100000e-01 6.879769e-01
2.105000e-01 6.535794e-01
2.110000e-01 6.211235e-01
2.115000e-01 5.906210e-01
2.120000e-01 5.620513e-01
2.125000e-01 5.353696e-01
2.130000e-01 5.105144e-01
2.135000e-01 4.874124e-01
2.140000e-01 4.659845e-01
2.145000e-01 4.461485e-01
2.150000e-01 4.278232e-01
2.155000e-01 4.109307e-01
2.160000e-01 3.953982e-01
2.165000e-01 3.811610e-01
2.170000e-01 3.681635e-01
2.175000e-01 3.563623e-01
2.180000e-01 3.457289e-01
2.185000e-01 3.362533e-01
2.190000e-01 3.279497e-01
2.195000e-01 3.208642e-01
2.200000e-01 3.150861e-01
2.205000e-01 3.107660e-01
2.210000e-01 3.081419e-01
2.215000e-01 3.075818e-01
2.220000e-01 3.096506e-01
2.225000e-01 3.152191e-01
2.230000e-01 3.256443e-01
2.235000e-01 3.430701e-01
2.240000e-01 3.709295e-01
2.245000e-01 4.147543e-01
2.250000e-01 4.833319e-01
2.255000e-01 5.896941e-01
2.260000e-01 7.491168e-01
2.265000e-01 9.654976e-01
2.270000e-01 1.197505e+00
2.275000e-01 1.345005e+00
2.280000e-01 1.339736e+00
2.285000e-01 1.225572e+00
2.290000e-01 1.083163e+00
2.295000e-01 9.566805e-01
2.300000e-01 8.571570e-01
2.305000e-01 7.823604e-01
2.310000e-01 7.271532e-01
2.315000e-01 6.868392e-01
2.320000e-01 6.578238e-01
2.325000e-01 6.375096e-01
2.330000e-01 6.240547e-01
2.335000e-01 6.161583e-01
2.340000e-01 6.129024e-01
2.345000e-01 6.136403e-01
2.350000e-01 6.179205e-01
2.355000e-01 6.254340e-01
2.360000e-01 6.359778e-01
2.365000e-01 6.494295e-01
2.370000e-01 6.657285e-01
2.375000e-01 6.848622e-01
2.380000e-01 7.068558e-01
2.385000e-01 7.317624e-01
2.390000e-01 7.596557e-01
2.395000e-01 7.906214e-01
2.400000e-01 8.247489e-01
2.405000e-01 8.621217e-01
2.410000e-01 9.028066e-01
2.415000e-01 9.468406e-01
2.420000e-01 9.942169e-01
2.425000e-01 1.044869e+00
2.430000e-01 1.098651e+00
2.435000e-01 1.155326e+00
2.440000e-01 1.214543e+00
2.445000e-01 1.275830e+00
2.450000e-01 1.338585e+00
2.455000e-01 1.402080e+00
2.460000e-01 1.465475e+00
2.465000e-01 1.527844e+00
2.470000e-01 1.588216e+00
2.475000e-01 1.645625e+00
2.480000e-01 1.699171e+00
2.485000e-01 1.748072e+00
2.490000e-01 1.791717e+00
2.495000e-01 1.829704e+00
2.500000e-01 1.861858e+00
2.505000e-01 1.888226e+00
2.510000e-01 1.909060e+00
2.515000e-01 1.924778e+00
2.520000e-01 1.935921e+00
2.525000e-01 1.943102e+00
2.530000e-01 1.946963e+00
2.535000e-01 1.948128e+00
2.540000e-01 1.947173e+00
2.545000e-01 1.944601e+00
2.550000e-01 1.940824e+00
2.555000e-01 1.936153e+00
2.560000e-01 1.930794e+00
2.565000e-01 1.924847e+00
2.570000e-01 1.918314e+00
2.575000e-01 1.911100e+00
2.580000e-01 1.903026e+00
2.585000e-01 1.893842e+00
2.590000e-01 1.883235e+00
2.595000e-01 1.870853e+00
2.600000e-01 1.856317e+00
2.605000e-01 1.839249e+00
2.610000e-01 1.819293e+00
2.615000e-01 1.796137e+00
2.620000e-01 1.769540e+00
2.625000e-01 1.739353e+00
2.630000e-01 1.705533e+00
2.635000e-01 1.668157e+00
2.640000e-01 1.627420e+00
2.645000e-01 1.583635e+00
2.650000e-01 1.537216e+00
2.655000e-01 1.488660e+00
2.660000e-01 1.438521e+00
2.665000e-01 1.387383e+00
2.670000e-01 1.335838e+00
2.675000e-01 1.284456e+00
2.680000e-01 1.233769e+00
2.685000e-01 1.184258e+00
2.690000e-01 1.136338e+00
2.695000e-01 1.090359e+00
2.700000e-01 1.046604e+00
2.705000e-01 1.005294e+00
2.710000e-01 9.665910e-01
2.715000e-01 9.306085e-01
2.720000e-01 8.974186e-01
2.725000e-01 8.670605e-01
2.730000e-01 8.395488e-01
2.735000e-01 8.148812e-01
2.740000e-01 7.930456e-01
2.745000e-01 7.740263e-01
2.750000e-01 7.578098e-01
2.755000e-01 7.443895e-01
2.760000e-01 7.337706e-01
2.765000e-01 7.259745e-01
2.770000e-01 7.210423e-01
2.775000e-01 7.190394e-01
2.780000e-01 7.200593e-01
2.785000e-01 7.242280e-01
2.790000e-01 7.317085e-01
2.795000e-01 7.427057e-01
2.800000e-01 7.574719e-01
2.805000e-01 7.763120e-01
2.810000e-01 7.995890e-01
2.815000e-01 8.277286e-01
2.820000e-01 8.612219e-01
2.825000e-01 9.006251e-01
2.830000e-01 9.465520e-01
2.835000e-01 9.996555e-01
2.840000e-01 1.060591e+00
2.845000e-01 1.129953e+00
2.850000e-01 1.208167e+00
2.855000e-01 1.295324e+00
2.860000e-01 1.390942e+00
2.865000e-01 1.493638e+00
2.870000e-01 1.600744e+00
2.875000e-01 1.707912e+00
2.880000e-01 1.808894e+00
2.885000e-01 1.895698e+00
2.890000e-01 1.959390e+00
2.895000e-01 1.991629e+00
2.900000e-01 1.986636e+00
2.905000e-01 1.942884e+00
2.910000e-01 1.863717e+00
2.915000e-01 1.756521e+00
2.920000e-01 1.630849e+00
2.925000e-01 1.496336e+00
2.930000e-01 1.361157e+00
2.935000e-01 1.231311e+00
2.940000e-01 1.110597e+00
2.945000e-01 1.000986e+00
2.950000e-01 9.031237e-01
2.955000e-01 8.167985e-01
2.960000e-01 7.413054e-01
2.965000e-01 6.757014e-01
2.970000e-01 6.189700e-01
2.975000e-01 5.701173e-01
2.980000e-01 5.282240e-01
2.985000e-01 4.924681e-01
2.990000e-01 4.621309e-01
2.995000e-01 4.365938e-01
3.000000e-01 4.153297e-01
3.005000e-01 3.978938e-01
3.010000e-01 3.839124e-01
3.015000e-01 3.730734e-01
3.020000e-01 3.651173e-01
3.025000e-01 3.598290e-01
3.030000e-01 3.570312e-01
3.035000e-01 3.565778e-01
3.040000e-01 3.583494e-01
3.045000e-01 3.622481e-01
3.050000e-01 3.681944e-01
3.055000e-01 3.761236e-01
3.060000e-01 3.859831e-01
3.065000e-01 3.977301e-01
3.070000e-01 4.113299e-01
3.075000e-01 4.267538e-01
3.080000e-01 4.439787e-01
3.085000e-01 4.629855e-01
3.090000e-01 4.837592e-01
3.095000e-01 5.062887e-01
3.100000e-01 5.305676e-01
3.105000e-01 5.565951e-01
3.110000e-01 5.843788e-01
3.115000e-01 6.139373e-01
3.120000e-01 6.453054e-01
3.125000e-01 6.785401e-01
3.130000e-01 7.137287e-01
3.135000e-01 7.510002e-01
3.140000e-01 7.905393e-01
3.145000e-01 8.326047e-01
3.150000e-01 8.775554e-01
3.155000e-01 9.258911e-01
3.160000e-01 9.783267e-01
3.165000e-01 1.035975e+00
3.170000e-01 1.101006e+00
3.175000e-01 1.194014e+00
3.180000e-01 1.317456e+00
3.185000e-01 1.423491e+00
3.190000e-01 1.526350e+00
3.195000e-01 1.621449e+00
3.200000e-01 1.700910e+00
3.205000e-01 1.755400e+00
3.210000e-01 1.776369e+00
3.215000e-01 1.758729e+00
3.220000e-01 1.702887e+00
3.225000e-01 1.614938e+00
3.230000e-01 1.504834e+00
3.235000e-01 1.383555e+00
3.240000e-01 1.260689e+00
3.245000e-01 1.143178e+00
3.250000e-01 1.035195e+00
3.255000e-01 9.386577e-01
3.260000e-01 8.539364e-01
3.265000e-01 7.804793e-01
3.270000e-01 7.172719e-01
3.275000e-01 6.631317e-01
3.280000e-01 6.168798e-01
3.285000e-01 5.774276e-01
3.290000e-01 5.438143e-01
3.295000e-01 5.152149e-01
3.300000e-01 4.909343e-01
3.305000e-01 4.703944e-01
3.310000e-01 4.531198e-01
3.315000e-01 4.387234e-01
3.320000e-01 4.268936e-01
3.325000e-01 4.173838e-01
3.330000e-01 4.100035e-01
3.335000e-01 4.046113e-01
3.340000e-01 4.011095e-01
3.345000e-01 3.994410e-01
3.350000e-01 3.995871e-01
3.355000e-01 4.015667e-01
3.360000e-01 4.054376e-01
3.365000e-01 4.112988e-01
3.370000e-01 4.192947e-01
3.375000e-01 4.296216e-01
3.380000e-01 4.425362e-01
3.385000e-01 4.583674e-01
3.390000e-01 4.775310e-01
3.395000e-01 5.005488e-01
3.400000e-01 5.280729e-01
3.405000e-01 5.609137e-01
3.410000e-01 6.000732e-01
3.415000e-01 6.467775e-01
3.420000e-01 7.025021e-01
3.425000e-01 7.689667e-01
3.430000e-01 8.480604e-01
3.435000e-01 9.416142e-01
3.440000e-01 1.050880e+00
3.445000e-01 1.175506e+00
3.450000e-01 1.311812e+00
3.455000e-01 1.450450e+00
3.460000e-01 1.574552e+00
3.465000e-01 1.660949e+00
3.470000e-01 1.687292e+00
3.475000e-01 1.643425e+00
3.480000e-01 1.538457e+00
3.485000e-01 1.396239e+00
3.490000e-01 1.243341e+00
3.495000e-01 1.099648e+00
3.500000e-01 9.759038e-01
3.505000e-01 8.757899e-01
3.510000e-01 7.989771e-01
3.515000e-01 7.434449e-01
3.520000e-01 7.068138e-01
3.525000e-01 6.869753e-01
3.530000e-01 6.823214e-01
3.535000e-01 6.917765e-01
3.540000e-01 7.147331e-01
3.545000e-01 7.509340e-01
3.550000e-01 8.003033e-01
3.555000e-01 8.627117e-01
3.560000e-01 9.376526e-01
3.565000e-01 1.023818e+00
3.570000e-01 1.118604e+00
3.575000e-01 1.217668e+00
3.580000e-01 1.314752e+00
3.585000e-01 1.402084e+00
3.590000e-01 1.471528e+00
3.595000e-01 1.516338e+00
3.600000e-01 1.532867e+00
3.605000e-01 1.521440e+00
3.610000e-01 1.485974e+00
3.615000e-01 1.432621e+00
3.620000e-01 1.368142e+00
3.625000e-01 1.298648e+00
3.630000e-01 1.228945e+00
3.635000e-01 1.162404e+00
3.640000e-01 1.101144e+00
3.645000e-01 1.046328e+00
3.650000e-01 9.984607e-01
3.655000e-01 9.576278e-01
3.660000e-01 9.236760e-01
3.665000e-01 8.963315e-01
3.670000e-01 8.752762e-01
3.675000e-01 8.601925e-01
3.680000e-01 8.507874e-01
3.685000e-01 8.468019e-01
3.690000e-01 8.480133e-01
3.695000e-01 8.542302e-01
3.700000e-01 8.652855e-01
3.705000e-01 8.810279e-01
3.710000e-01 9.013120e-01
3.715000e-01 9.259895e-01
3.720000e-01 9.549016e-01
3.725000e-01 9.878732e-01
3.730000e-01 1.024710e+00
3.735000e-01 1.065197e+00
3.740000e-01 1.109104e+00
3.745000e-01 1.156185e+00
3.750000e-01 1.206193e+00
3.755000e-01 1.258879e+00
3.760000e-01 1.314006e+00
3.765000e-01 1.371351e+00
3.770000e-01 1.430711e+00
3.775000e-01 1.491896e+00
3.780000e-01 1.554733e+00
3.785000e-01 1.619050e+00
3.790000e-01 1.684665e+00
3.795000e-01 1.751371e+00
3.800000e-01 1.818914e+00
3.805000e-01 1.886975e+00
3.810000e-01 1.955150e+00
3.815000e-01 2.022929e+00
3.820000e-01 2.089687e+00
3.825000e-01 2.154676e+00
3.830000e-01 2.217029e+00
3.835000e-01 2.275780e+00
3.840000e-01 2.329886e+00
3.845000e-01 2.378271e+00
3.850000e-01 2.419863e+00
3.855000e-01 2.453634e+00
3.860000e-01 2.478629e+00
3.865000e-01 2.493988e+00
3.870000e-01 2.498976e+00
3.875000e-01 2.493021e+00
3.880000e-01 2.475777e+00
3.885000e-01 2.447198e+00
3.890000e-01 2.407601e+00
3.895000e-01 2.357696e+00
3.900000e-01 2.298561e+00
3.905000e-01 2.231572e+00
3.910000e-01 2.158298e+00
3.915000e-01 2.080386e+00
3.920000e-01 1.999455e+00
3.925000e-01 1.917008e+00
3.930000e-01 1.834375e+00
3.935000e-01 1.752682e+00
3.940000e-01 1.672840e+00
3.945000e-01 1.595554e+00
3.950000e-01 1.521339e+00
3.955000e-01 1.450548e+00
3.960000e-01 1.383395e+00
3.965000e-01 1.319982e+00
3.970000e-01 1.260325e+00
3.975000e-01 1.204373e+00
3.980000e-01 1.152026e+00
3.985000e-01 1.103150e+00
3.990000e-01 1.057591e+00
3.995000e-01 1.015180e+00
4.000000e-01 9.757425e-01
4.005000e-01 9.391055e-01
4.010000e-01 9.050980e-01
4.015000e-01 8.735556e-01
4.020000e-01 8.443221e-01
4.025000e-01 8.172503e-01
4.030000e-01 7.922032e-01
4.035000e-01 7.690535e-01
4.040000e-01 7.476843e-01
4.045000e-01 7.279887e-01
4.050000e-01 7.098690e-01
4.055000e-01 6.932369e-01
4.060000e-01 6.780129e-01
4.065000e-01 6.641255e-01
4.070000e-01 6.515110e-01
4.075000e-01 6.401127e-01
4.080000e-01 6.298808e-01
4.085000e-01 6.207717e-01
4.090000e-01 6.127474e-01
4.095000e-01 6.057753e-01
4.100000e-01 5.998276e-01
4.105000e-01 5.948810e-01
4.110000e-01 5.909161e-01
4.115000e-01 5.879170e-01
4.120000e-01 5.858709e-01
4.125000e-01 5.847676e-01
4.130000e-01 5.845988e-01
4.135000e-01 5.853582e-01
4.140000e-01 5.870400e-01
4.145000e-01 5.896392e-01
4.150000e-01 5.931503e-01
4.155000e-01 5.975671e-01
4.160000e-01 6.028817e-01
4.165000e-01 6.090840e-01
4.170000e-01 6.161608e-01
4.175000e-01 6.240951e-01
4.180000e-01 6.328659e-01
4.185000e-01 6.424468e-01
4.190000e-01 6.528063e-01
4.195000e-01 6.639068e-01
4.200000e-01 6.757050e-01
4.205000e-01 6.881513e-01
4.210000e-01 7.011906e-01
4.215000e-01 7.147625e-01
4.220000e-01 7.288019e-01
4.225000e-01 7.432403e-01
4.230000e-01 7.580068e-01
4.235000e-01 7.730294e-01
4.240000e-01 7.882366e-01
4.245000e-01 8.035589e-01
4.250000e-01 8.189302e-01
4.255000e-01 8.342897e-01
4.260000e-01 8.495827e-01
4.265000e-01 8.647620e-01
4.270000e-01 8.797888e-01
4.275000e-01 8.946331e-01
4.280000e-01 9.092742e-01
4.285000e-01 9.237008e-01
4.290000e-01 9.379107e-01
4.295000e-01 9.519101e-01
4.300000e-01 9.657136e-01
4.305000e-01 9.793431e-01
4.310000e-01 9.928269e-01
4.315000e-01 1.006199e+00
4.320000e-01 1.019498e+00
4.325000e-01 1.032766e+00
4.330000e-01 1.046049e+00
4.335000e-01 1.059395e+00
4.340000e-01 1.072853e+00
4.345000e-01 1.086472e+00
4.350000e-01 1.100303e+00
4.355000e-01 1.114395e+00
4.360000e-01 1.128798e+00
4.365000e-01 1.143560e+00
4.370000e-01 1.158726e+00
4.375000e-01 1.174340e+00
4.380000e-01 1.190446e+00
4.385000e-01 1.207080e+00
4.390000e-01 1.224280e+00
4.395000e-01 1.242079e+00
4.400000e-01 1.260504e+00
4.405000e-01 1.279581e+00
4.410000e-01 1.299329e+00
4.415000e-01 1.319761e+00
4.420000e-01 1.340887e+00
4.425000e-01 1.362708e+00
4.430000e-01 1.385217e+00
4.435000e-01 1.408400e+00
4.440000e-01 1.432235e+00
4.445000e-01 1.456688e+00
4.450000e-01 1.481715e+00
4.455000e-01 1.507261e+00
4.460000e-01 1.533257e+00
4.465000e-01 1.559624e+00
4.470000e-01 1.586265e+00
4.475000e-01 1.613074e+00
4.480000e-01 1.639928e+00
4.485000e-01 1.666691e+00
4.490000e-01 1.693216e+00
4.495000e-01 1.719343e+00
4.500000e-01 1.744906e+00
4.505000e-01 1.769729e+00
4.510000e-01 1.793636e+00
4.515000e-01 1.816451e+00
4.520000e-01 1.838006e+00
4.525000e-01 1.858144e+00
4.530000e-01 1.876726e+00
4.535000e-01 1.893640e+00
4.540000e-01 1.908802e+00
4.545000e-01 1.922170e+00
4.550000e-01 1.933745e+00
4.555000e-01 1.943579e+00
4.560000e-01 1.951778e+00
4.565000e-01 1.958509e+00
4.570000e-01 1.963999e+00
4.575000e-01 1.968540e+00
4.580000e-01 1.972482e+00
4.585000e-01 1.976234e+00
4.590000e-01 1.980256e+00
4.595000e-01 1.985049e+00
4.600000e-01 1.991138e+00
4.605000e-01 1.999050e+00
4.610000e-01 2.009280e+00
4.615000e-01 2.022243e+00
4.620000e-01 2.038210e+00
4.625000e-01 2.057222e+00
4.630000e-01 2.078981e+00
4.635000e-01 2.102729e+00
4.640000e-01 2.127127e+00
4.645000e-01 2.150174e+00
4.650000e-01 2.169217e+00
4.655000e-01 2.181105e+00
4.660000e-01 2.182541e+00
4.665000e-01 2.170594e+00
4.670000e-01 2.143273e+00
4.675000e-01 2.099992e+00
4.680000e-01 2.041730e+00
4.685000e-01 1.970850e+00
4.690000e-01 1.890613e+00
4.695000e-01 1.804595e+00
4.700000e-01 1.716165e+00
4.705000e-01 1.628147e+00
4.710000e-01 1.542671e+00
4.715000e-01 1.461182e+00
4.720000e-01 1.384538e+00
4.725000e-01 1.313142e+00
4.730000e-01 1.247067e+00
4.735000e-01 1.186174e+00
4.740000e-01 1.130186e+00
4.745000e-01 1.078762e+00
4.750000e-01 1.031528e+00
4.755000e-01 9.881094e-01
4.760000e-01 9.481445e-01
4.765000e-01 9.112955e-01
4.770000e-01 8.772514e-01
4.775000e-01 8.457292e-01
4.780000e-01 8.164739e-01
4.785000e-01 7.892561e-01
4.790000e-01 7.638709e-01
4.795000e-01 7.401349e-01
4.800000e-01 7.178848e-01
4.805000e-01 6.969753e-01
4.810000e-01 6.772778e-01
4.815000e-01 6.586791e-01
4.820000e-01 6.410810e-01
4.825000e-01 6.244002e-01
4.830000e-01 6.085696e-01
4.835000e-01 5.935394e-01
4.840000e-01 5.792812e-01
4.845000e-01 5.657931e-01
4.850000e-01 5.531091e-01
4.855000e-01 5.413129e-01
4.860000e-01 5.305633e-01
4.865000e-01 5.211382e-01
4.870000e-01 5.135240e-01
4.875000e-01 5.086335e-01
4.880000e-01 5.085584e-01
4.885000e-01 5.285212e-01
4.890000e-01 6.523077e-01
4.895000e-01 7.057284e-01
4.900000e-01 7.503937e-01
4.905000e-01 7.916587e-01
4.910000e-01 8.314965e-01
4.915000e-01 8.708556e-01
4.920000e-01 9.102418e-01
4.925000e-01 9.499220e-01
4.930000e-01 9.900098e-01
4.935000e-01 1.030505e+00
4.940000e-01 1.071311e+00
4.945000e-01 1.112245e+00
4.950000e-01 1.153043e+00
4.955000e-01 1.193363e+00
4.960000e-01 1.232788e+00
4.965000e-01 1.270839e+00
4.970000e-01 1.306981e+00
4.975000e-01 1.340641e+00
4.980000e-01 1.371230e+00
4.985000e-01 1.398170e+00
4.990000e-01 1.420919e+00
4.995000e-01 1.439004e+00
