0.000000e+00 0.000000e+00
5.000000e-04 0.000000e+00
1.000000e-03 0.000000e+00
1.500000e-03 0.000000e+00
2.000000e-03 0.000000e+00
2.500000e-03 0.000000e+00
3.000000e-03 0.000000e+00
3.500000e-03 0.000000e+00
4.000000e-03 0.000000e+00
4.500000e-03 0.000000e+00
5.000000e-03 0.000000e+00
5.500000e-03 0.000000e+00
6.000000e-03 0.000000e+00
6.500000e-03 0.000000e+00
7.000000e-03 0.000000e+00
7.500000e-03 0.000000e+00
8.000000e-03 0.000000e+00
8.500000e-03 0.000000e+00
9.000000e-03 0.000000e+00
9.500000e-03 0.000000e+00
1.000000e-02 0.000000e+00
1.050000e-02 0.000000e+00
1.100000e-02 0.000000e+00
1.150000e-02 0.000000e+00
1.200000e-02 0.000000e+00
1.250000e-02 0.000000e+00
1.300000e-02 0.000000e+00
1.350000e-02 0.000000e+00
1.400000e-02 0.000000e+00
1.450000e-02 0.000000e+00
1.500000e-02 0.000000e+00
1.550000e-02 0.000000e+00
1.600000e-02 0.000000e+00
1.650000e-02 0.000000e+00
1.700000e-02 0.000000e+00
1.750000e-02 0.000000e+00
1.800000e-02 0.000000e+00
1.850000e-02 0.000000e+00
1.900000e-02 0.000000e+00
1.950000e-02 0.000000e+00
2.000000e-02 0.000000e+00
2.050000e-02 2.883986e-02
2.100000e-02 4.709946e-02
2.150000e-02 1.721359e-02
2.200000e-02 1.317297e-02
2.250000e-02 1.342146e-02
2.300000e-02 1.715055e-02
2.350000e-02 2.933902e-02
2.400000e-02 8.737383e-02
2.450000e-02 2.364003e-01
2.500000e-02 3.035004e-02
2.550000e-02 7.744382e-03
2.600000e-02 2.906263e-03
2.650000e-02 1.298440e-03
2.700000e-02 6.234072e-04
2.750000e-02 2.945854e-04
2.800000e-02 1.174622e-04
2.850000e-02 2.224164e-05
2.900000e-02 7.221871e-06
2.950000e-02 2.005350e-04
3.000000e-02 1.390042e-03
3.050000e-02 9.817839e-03
3.100000e-02 3.509923e-02
3.150000e-02 1.952628e-02
3.200000e-02 1.347986e-02
3.250000e-02 1.244045e-02
3.300000e-02 1.369502e-02
3.350000e-02 1.700453e-02
3.400000e-02 2.320242e-02
3.450000e-02 3.445120e-02
3.500000e-02 5.576026e-02
3.550000e-02 9.966271e-02
3.600000e-02 2.018984e-01
3.650000e-02 4.782071e-01
3.700000e-02 1.211724e+00
3.750000e-02 1.644833e+00
3.800000e-02 9.970690e-01
3.850000e-02 5.927913e-01
3.900000e-02 4.104787e-01
3.950000e-02 3.217912e-01
4.000000e-02 2.762452e-01
4.050000e-02 2.539844e-01
4.100000e-02 2.466115e-01
4.150000e-02 2.506574e-01
4.200000e-02 2.652453e-01
4.250000e-02 2.913081e-01
4.300000e-02 3.315293e-01
4.350000e-02 3.907539e-01
4.400000e-02 4.767469e-01
4.450000e-02 6.008259e-01
4.500000e-02 7.761384e-01
4.550000e-02 1.005906e+00
4.600000e-02 1.247708e+00
4.650000e-02 1.377103e+00
4.700000e-02 1.282257e+00
4.750000e-02 1.030340e+00
4.800000e-02 7.675952e-01
4.850000e-02 5.623998e-01
4.900000e-02 4.174565e-01
4.950000e-02 3.173078e-01
5.000000e-02 2.474655e-01
5.050000e-02 1.977497e-01
5.100000e-02 1.615235e-01
5.150000e-02 1.345154e-01
5.200000e-02 1.139486e-01
5.250000e-02 9.798483e-02
5.300000e-02 8.538058e-02
5.350000e-02 7.527682e-02
5.400000e-02 6.706767e-02
5.450000e-02 6.031759e-02
5.500000e-02 5.470780e-02
5.550000e-02 5.000120e-02
5.600000e-02 4.601871e-02
5.650000e-02 4.262317e-02
5.700000e-02 3.970813e-02
5.750000e-02 3.718997e-02
5.800000e-02 3.500216e-02
5.850000e-02 3.309111e-02
5.900000e-02 3.141314e-02
5.950000e-02 2.993206e-02
6.000000e-02 2.861743e-02
6.050000e-02 2.744308e-02
6.100000e-02 2.638596e-02
6.150000e-02 2.542512e-02
6.200000e-02 2.454081e-02
6.250000e-02 2.371375e-02
6.300000e-02 2.292440e-02
6.350000e-02 2.215242e-02
6.400000e-02 2.137653e-02
6.450000e-02 2.057481e-02
6.500000e-02 1.972607e-02
6.550000e-02 1.881271e-02
6.600000e-02 1.782560e-02
6.650000e-02 1.677096e-02
6.700000e-02 1.567852e-02
6.750000e-02 1.460899e-02
6.800000e-02 1.365929e-02
6.850000e-02 1.296695e-02
6.900000e-02 1.272334e-02
6.950000e-02 1.321982e-02
7.000000e-02 1.498396e-02
7.050000e-02 1.916926e-02
7.100000e-02 2.880069e-02
7.150000e-02 5.374894e-02
7.200000e-02 1.389709e-01
7.250000e-02 6.141719e-01
7.300000e-02 9.370449e-01
7.350000e-02 2.611561e-01
7.400000e-02 1.205185e-01
7.450000e-02 7.515490e-02
7.500000e-02 5.507999e-02
7.550000e-02 4.445563e-02
7.600000e-02 3.818611e-02
7.650000e-02 3.422372e-02
7.700000e-02 3.161274e-02
7.750000e-02 2.985718e-02
7.800000e-02 2.867916e-02
7.850000e-02 2.791469e-02
7.900000e-02 2.746493e-02
7.950000e-02 2.727323e-02
8.000000e-02 2.731867e-02
8.050000e-02 2.763740e-02
8.100000e-02 2.874742e-02
8.150000e-02 2.908788e-02
8.200000e-02 2.907308e-02
8.250000e-02 2.909583e-02
8.300000e-02 2.915965e-02
8.350000e-02 2.926311e-02
8.400000e-02 2.940439e-02
8.450000e-02 2.958198e-02
8.500000e-02 2.979488e-02
8.550000e-02 3.004246e-02
8.600000e-02 3.032446e-02
8.650000e-02 3.064093e-02
8.700000e-02 3.099217e-02
8.750000e-02 3.137870e-02
8.800000e-02 3.180127e-02
8.850000e-02 3.226081e-02
8.900000e-02 3.275841e-02
8.950000e-02 3.329538e-02
9.000000e-02 3.387319e-02
9.050000e-02 3.449349e-02
9.100000e-02 3.515813e-02
9.150000e-02 3.586918e-02
9.200000e-02 3.662887e-02
9.250000e-02 3.743970e-02
9.300000e-02 3.830440e-02
9.350000e-02 3.922594e-02
9.400000e-02 4.020759e-02
9.450000e-02 4.125292e-02
9.500000e-02 4.236582e-02
9.550000e-02 4.355055e-02
9.600000e-02 4.481175e-02
9.650000e-02 4.615452e-02
9.700000e-02 4.758439e-02
9.750000e-02 4.910745e-02
9.800000e-02 5.073034e-02
9.850000e-02 5.246034e-02
9.900000e-02 5.430542e-02
9.950000e-02 5.627435e-02
1.000000e-01 5.837675e-02
1.005000e-01 6.062320e-02
1.010000e-01 6.302533e-02
1.015000e-01 6.559601e-02
1.020000e-01 6.834939e-02
1.025000e-01 7.130117e-02
1.030000e-01 7.446870e-02
1.035000e-01 7.787124e-02
1.040000e-01 8.153018e-02
1.045000e-01 8.546937e-02
1.050000e-01 8.971538e-02
1.055000e-01 9.429793e-02
1.060000e-01 9.925034e-02
1.065000e-01 1.046100e-01
1.070000e-01 1.104192e-01
1.075000e-01 1.167255e-01
1.080000e-01 1.235831e-01
1.085000e-01 1.310535e-01
1.090000e-01 1.392072e-01
1.095000e-01 1.481252e-01
1.100000e-01 1.579010e-01
1.105000e-01 1.686434e-01
1.110000e-01 1.804800e-01
1.115000e-01 1.935614e-01
1.120000e-01 2.080671e-01
1.125000e-01 2.242136e-01
1.130000e-01 2.422649e-01
1.135000e-01 2.625478e-01
1.140000e-01 2.854727e-01
1.145000e-01 3.115645e-01
1.150000e-01 3.415070e-01
1.155000e-01 3.762107e-01
1.160000e-01 4.169151e-01
1.165000e-01 4.653512e-01
1.170000e-01 5.239991e-01
1.175000e-01 5.965100e-01
1.180000e-01 6.883983e-01
1.185000e-01 8.081497e-01
1.190000e-01 9.687731e-01
1.195000e-01 1.188675e+00
1.200000e-01 1.484263e+00
1.205000e-01 1.819869e+00
1.210000e-01 1.954275e+00
1.215000e-01 1.519153e+00
1.220000e-01 8.134249e-01
1.225000e-01 3.457354e-01
1.230000e-01 1.264486e-01
1.235000e-01 3.689900e-02
1.240000e-01 5.856973e-03
1.245000e-01 5.926577e-04
1.250000e-01 6.503903e-03
1.255000e-01 1.692125e-02
1.260000e-01 2.871620e-02
1.265000e-01 4.040740e-02
1.270000e-01 5.131246e-02
1.275000e-01 6.115021e-02
1.280000e-01 6.984563e-02
1.285000e-01 7.743012e-02
1.290000e-01 8.398862e-02
1.295000e-01 8.963064e-02
1.300000e-01 9.447384e-02
1.305000e-01 9.863442e-02
1.310000e-01 1.022209e-01
1.315000e-01 1.053294e-01
1.320000e-01 1.080388e-01
1.325000e-01 1.104041e-01
1.330000e-01 1.124462e-01
1.335000e-01 1.141361e-01
1.340000e-01 1.153680e-01
1.345000e-01 1.159214e-01
1.350000e-01 1.154084e-01
1.355000e-01 1.132232e-01
1.360000e-01 1.085405e-01
1.365000e-01 1.004714e-01
1.370000e-01 8.850434e-02
1.375000e-01 7.316444e-02
1.380000e-01 5.634882e-02
1.385000e-01 4.068024e-02
1.390000e-01 2.819791e-02
1.395000e-01 1.958458e-02
1.400000e-01 1.440752e-02
1.405000e-01 1.177736e-02
1.410000e-01 1.082703e-02
1.415000e-01 1.089613e-02
1.420000e-01 1.154135e-02
1.425000e-01 1.248744e-02
1.430000e-01 1.357368e-02
1.435000e-01 1.471288e-02
1.440000e-01 1.586372e-02
1.445000e-01 1.701348e-02
1.450000e-01 1.816788e-02
1.455000e-01 1.934563e-02
1.460000e-01 2.057628e-02
1.465000e-01 2.190081e-02
1.470000e-01 2.337507e-02
1.475000e-01 2.507731e-02
1.480000e-01 2.712271e-02
1.485000e-01 2.969215e-02
1.490000e-01 3.309214e-02
1.495000e-01 3.789211e-02
1.500000e-01 4.527910e-02
1.505000e-01 5.814162e-02
1.510000e-01 8.527100e-02
1.515000e-01 1.645116e-01
1.520000e-01 5.087589e-01
1.525000e-01 2.788322e-01
1.530000e-01 6.918829e-02
1.535000e-01 3.516737e-02
1.540000e-01 2.719051e-02
1.545000e-01 2.554649e-02
1.550000e-01 2.605214e-02
1.555000e-01 2.748282e-02
1.560000e-01 2.940332e-02
1.565000e-01 3.163984e-02
1.570000e-01 3.411895e-02
1.575000e-01 3.681014e-02
1.580000e-01 3.970293e-02
1.585000e-01 4.279704e-02
1.590000e-01 4.609793e-02
1.595000e-01 4.961487e-02
1.600000e-01 5.336025e-02
1.605000e-01 5.734958e-02
1.610000e-01 6.160192e-02
1.615000e-01 6.614077e-02
1.620000e-01 7.099532e-02
1.625000e-01 7.620220e-02
1.630000e-01 8.180786e-02
1.635000e-01 8.787173e-02
1.640000e-01 9.447059e-02
1.645000e-01 1.017042e-01
1.650000e-01 1.097026e-01
1.655000e-01 1.186347e-01
1.660000e-01 1.287162e-01
1.665000e-01 1.402088e-01
1.670000e-01 1.533911e-01
1.675000e-01 1.684485e-01
1.680000e-01 1.851699e-01
1.685000e-01 2.023066e-01
1.690000e-01 2.167422e-01
1.695000e-01 2.238113e-01
1.700000e-01 2.207505e-01
1.705000e-01 2.104983e-01
1.710000e-01 1.993555e-01
1.715000e-01 1.916810e-01
1.720000e-01 1.886017e-01
1.725000e-01 1.895629e-01
1.730000e-01 1.936486e-01
1.735000e-01 2.000875e-01
1.740000e-01 2.083412e-01
1.745000e-01 2.180637e-01
1.750000e-01 2.290451e-01
1.755000e-01 2.411666e-01
1.760000e-01 2.543696e-01
1.765000e-01 2.686362e-01
1.770000e-01 2.839753e-01
1.775000e-01 3.004155e-01
1.780000e-01 3.179998e-01
1.785000e-01 3.367853e-01
1.790000e-01 3.568475e-01
1.795000e-01 3.783014e-01
1.800000e-01 4.013785e-01
1.805000e-01 4.269081e-01
1.810000e-01 4.524305e-01
1.815000e-01 4.727111e-01
1.820000e-01 4.939006e-01
1.825000e-01 5.156298e-01
1.830000e-01 5.376270e-01
1.835000e-01 5.596002e-01
1.840000e-01 5.812200e-01
1.845000e-01 6.021198e-01
1.850000e-01 6.219077e-01
1.855000e-01 6.401878e-01
1.860000e-01 6.565954e-01
1.865000e-01 6.708485e-01
1.870000e-01 6.828253e-01
1.875000e-01 6.926802e-01
1.880000e-01 7.010225e-01
1.885000e-01 7.091871e-01
1.890000e-01 7.195956e-01
1.895000e-01 7.360020e-01
1.900000e-01 7.627252e-01
1.905000e-01 8.008731e-01
1.910000e-01 8.415870e-01
1.915000e-01 8.665667e-01
1.920000e-01 8.640891e-01
1.925000e-01 8.386823e-01
1.930000e-01 8.015838e-01
1.935000e-01 7.611558e-01
1.940000e-01 7.215044e-01
1.945000e-01 6.841656e-01
1.950000e-01 6.495210e-01
1.955000e-01 6.175173e-01
1.960000e-01 5.879680e-01
1.965000e-01 5.606655e-01
1.970000e-01 5.354174e-01
1.975000e-01 5.120542e-01
1.980000e-01 4.904276e-01
1.985000e-01 4.704071e-01
1.990000e-01 4.518765e-01
1.995000e-01 4.347311e-01
2.000000e-01 4.188756e-01
2.005000e-01 4.042229e-01
2.010000e-01 3.906930e-01
2.015000e-01 3.782122e-01
2.020000e-01 3.667127e-01
2.025000e-01 3.561323e-01
2.030000e-01 3.464138e-01
2.035000e-01 3.375045e-01
2.040000e-01 3.293566e-01
2.045000e-01 3.219263e-01
2.050000e-01 3.151735e-01
2.055000e-01 3.090619e-01
2.060000e-01 3.035586e-01
2.065000e-01 2.986336e-01
2.070000e-01 2.942596e-01
2.075000e-01 2.904115e-01
2.080000e-01 2.870664e-01
2.085000e-01 2.842026e-01
2.090000e-01 2.817991e-01
2.095000e-01 2.798350e-01
2.100000e-01 2.782881e-01
2.105000e-01 2.771340e-01
2.110000e-01 2.763437e-01
2.115000e-01 2.758813e-01
2.120000e-01 2.757008e-01
2.125000e-01 2.757413e-01
2.130000e-01 2.759207e-01
2.135000e-01 2.761285e-01
2.140000e-01 2.762151e-01
2.145000e-01 2.759799e-01
2.150000e-01 2.751581e-01
2.155000e-01 2.734088e-01
2.160000e-01 2.703087e-01
2.165000e-01 2.653617e-01
2.170000e-01 2.580367e-01
2.175000e-01 2.478480e-01
2.180000e-01 2.344857e-01
2.185000e-01 2.179779e-01
2.190000e-01 1.988304e-01
2.195000e-01 1.780574e-01
2.200000e-01 1.570413e-01
2.205000e-01 1.372409e-01
2.210000e-01 1.198693e-01
2.215000e-01 1.056776e-01
2.220000e-01 9.491509e-02
2.225000e-01 8.742819e-02
2.230000e-01 8.281826e-02
2.235000e-01 8.058709e-02
2.240000e-01 8.023785e-02
2.245000e-01 8.132995e-02
2.250000e-01 8.349982e-02
2.255000e-01 8.646149e-02
2.260000e-01 8.999752e-02
2.265000e-01 9.394682e-02
2.270000e-01 9.819257e-02
2.275000e-01 1.026518e-01
2.280000e-01 1.072669e-01
2.285000e-01 1.119992e-01
2.290000e-01 1.168238e-01
2.295000e-01 1.217258e-01
2.300000e-01 1.266980e-01
2.305000e-01 1.317385e-01
2.310000e-01 1.368493e-01
2.315000e-01 1.420355e-01
2.320000e-01 1.473043e-01
2.325000e-01 1.526646e-01
2.330000e-01 1.581267e-01
2.335000e-01 1.637018e-01
2.340000e-01 1.694023e-01
2.345000e-01 1.752411e-01
2.350000e-01 1.812322e-01
2.355000e-01 1.873902e-01
2.360000e-01 1.937307e-01
2.365000e-01 2.002700e-01
2.370000e-01 2.070254e-01
2.375000e-01 2.140152e-01
2.380000e-01 2.212590e-01
2.385000e-01 2.287774e-01
2.390000e-01 2.365926e-01
2.395000e-01 2.447281e-01
2.400000e-01 2.532093e-01
2.405000e-01 2.620631e-01
2.410000e-01 2.713186e-01
2.415000e-01 2.810070e-01
2.420000e-01 2.911615e-01
2.425000e-01 3.018180e-01
2.430000e-01 3.130148e-01
2.435000e-01 3.247924e-01
2.440000e-01 3.371943e-01
2.445000e-01 3.502660e-01
2.450000e-01 3.640552e-01
2.455000e-01 3.786113e-01
2.460000e-01 3.939846e-01
2.465000e-01 4.102254e-01
2.470000e-01 4.273824e-01
2.475000e-01 4.455014e-01
2.480000e-01 4.646221e-01
2.485000e-01 4.847760e-01
2.490000e-01 5.059821e-01
2.495000e-01 5.282436e-01
2.500000e-01 5.515427e-01
2.505000e-01 5.758363e-01
2.510000e-01 6.010518e-01
2.515000e-01 6.270829e-01
2.520000e-01 6.537880e-01
2.525000e-01 6.809897e-01
2.530000e-01 7.084775e-01
2.535000e-01 7.360132e-01
2.540000e-01 7.633399e-01
2.545000e-01 7.901932e-01
2.550000e-01 8.163145e-01
2.555000e-01 8.414642e-01
2.560000e-01 8.654346e-01
2.565000e-01 8.880593e-01
2.570000e-01 9.092204e-01
2.575000e-01 9.288507e-01
2.580000e-01 9.469328e-01
2.585000e-01 9.634943e-01
2.590000e-01 9.786015e-01
2.595000e-01 9.923515e-01
2.600000e-01 1.004864e+00
2.605000e-01 1.016274e+00
2.610000e-01 1.026727e+00
2.615000e-01 1.036369e+00
2.620000e-01 1.045349e+00
2.625000e-01 1.053811e+00
2.630000e-01 1.061898e+00
2.635000e-01 1.069744e+00
2.640000e-01 1.077481e+00
2.645000e-01 1.085234e+00
2.650000e-01 1.093122e+00
2.655000e-01 1.101263e+00
2.660000e-01 1.109768e+00
2.665000e-01 1.118745e+00
2.670000e-01 1.128301e+00
2.675000e-01 1.138537e+00
2.680000e-01 1.149553e+00
2.685000e-01 1.161448e+00
2.690000e-01 1.174315e+00
2.695000e-01 1.188247e+00
2.700000e-01 1.203331e+00
2.705000e-01 1.219651e+00
2.710000e-01 1.237287e+00
2.715000e-01 1.256310e+00
2.720000e-01 1.276784e+00
2.725000e-01 1.298763e+00
2.730000e-01 1.322286e+00
2.735000e-01 1.347373e+00
2.740000e-01 1.374025e+00
2.745000e-01 1.402212e+00
2.750000e-01 1.431872e+00
2.755000e-01 1.462898e+00
2.760000e-01 1.495132e+00
2.765000e-01 1.528356e+00
2.770000e-01 1.562279e+00
2.775000e-01 1.596528e+00
2.780000e-01 1.630636e+00
2.785000e-01 1.664040e+00
2.790000e-01 1.696072e+00
2.795000e-01 1.725965e+00
2.800000e-01 1.752864e+00
2.805000e-01 1.775846e+00
2.810000e-01 1.793956e+00
2.815000e-01 1.806250e+00
2.820000e-01 1.811855e+00
2.825000e-01 1.810033e+00
2.830000e-01 1.800241e+00
2.835000e-01 1.782195e+00
2.840000e-01 1.755905e+00
2.845000e-01 1.721700e+00
2.850000e-01 1.680209e+00
2.855000e-01 1.632335e+00
2.860000e-01 1.579187e+00
2.865000e-01 1.522006e+00
2.870000e-01 1.462087e+00
2.875000e-01 1.400705e+00
2.880000e-01 1.339048e+00
2.885000e-01 1.278172e+00
2.890000e-01 1.218974e+00
2.895000e-01 1.162180e+00
2.900000e-01 1.108348e+00
2.905000e-01 1.057876e+00
2.910000e-01 1.011026e+00
2.915000e-01 9.679416e-01
2.920000e-01 9.286705e-01
2.925000e-01 8.931845e-01
2.930000e-01 8.613978e-01
2.935000e-01 8.331821e-01
2.940000e-01 8.083785e-01
2.945000e-01 7.868073e-01
2.950000e-01 7.682745e-01
2.955000e-01 7.525768e-01
2.960000e-01 7.395042e-01
2.965000e-01 7.288416e-01
2.970000e-01 7.203691e-01
2.975000e-01 7.138616e-01
2.980000e-01 7.090880e-01
2.985000e-01 7.058104e-01
2.990000e-01 7.037833e-01
2.995000e-01 7.027538e-01
3.000000e-01 7.024627e-01
3.005000e-01 7.026461e-01
3.010000e-01 7.030398e-01
3.015000e-01 7.033834e-01
3.020000e-01 7.034278e-01
3.025000e-01 7.029422e-01
3.030000e-01 7.017227e-01
3.035000e-01 6.996007e-01
3.040000e-01 6.964506e-01
3.045000e-01 6.921955e-01
3.050000e-01 6.868113e-01
3.055000e-01 6.803280e-01
3.060000e-01 6.728273e-01
3.065000e-01 6.644385e-01
3.070000e-01 6.553322e-01
3.075000e-01 6.457118e-01
3.080000e-01 6.358051e-01
3.085000e-01 6.258567e-01
3.090000e-01 6.161201e-01
3.095000e-01 6.068531e-01
3.100000e-01 5.983139e-01
3.105000e-01 5.907605e-01
3.110000e-01 5.844515e-01
3.115000e-01 5.796503e-01
3.120000e-01 5.766306e-01
3.125000e-01 5.756851e-01
3.130000e-01 5.771373e-01
3.135000e-01 5.813563e-01
3.140000e-01 5.887768e-01
3.145000e-01 5.999266e-01
3.150000e-01 6.154653e-01
3.155000e-01 6.362431e-01
3.160000e-01 6.634036e-01
3.165000e-01 6.985987e-01
3.170000e-01 7.446647e-01
3.175000e-01 8.230130e-01
3.180000e-01 9.396766e-01
3.185000e-01 1.044393e+00
3.190000e-01 1.158574e+00
3.195000e-01 1.284310e+00
3.200000e-01 1.420685e+00
3.205000e-01 1.563984e+00
3.210000e-01 1.707205e+00
3.215000e-01 1.839910e+00
3.220000e-01 1.949147e+00
3.225000e-01 2.021852e+00
3.230000e-01 2.048331e+00
3.235000e-01 2.025380e+00
3.240000e-01 1.957318e+00
3.245000e-01 1.854355e+00
3.250000e-01 1.729307e+00
3.255000e-01 1.594420e+00
3.260000e-01 1.459416e+00
3.265000e-01 1.330930e+00
3.270000e-01 1.212836e+00
3.275000e-01 1.106952e+00
3.280000e-01 1.013751e+00
3.285000e-01 9.329339e-01
3.290000e-01 8.638276e-01
3.295000e-01 8.056474e-01
3.300000e-01 7.576507e-01
3.305000e-01 7.192240e-01
3.310000e-01 6.899268e-01
3.315000e-01 6.695062e-01
3.320000e-01 6.578915e-01
3.325000e-01 6.551670e-01
3.330000e-01 6.615210e-01
3.335000e-01 6.771610e-01
3.340000e-01 7.021897e-01
3.345000e-01 7.364383e-01
3.350000e-01 7.792713e-01
3.355000e-01 8.293998e-01
3.360000e-01 8.847714e-01
3.365000e-01 9.426141e-01
3.370000e-01 9.996886e-01
3.375000e-01 1.052730e+00
3.380000e-01 1.098966e+00
3.385000e-01 1.136536e+00
3.390000e-01 1.164689e+00
3.395000e-01 1.183704e+00
3.400000e-01 1.194633e+00
3.405000e-01 1.198953e+00
3.410000e-01 1.198267e+00
3.415000e-01 1.194076e+00
3.420000e-01 1.187661e+00
3.425000e-01 1.180035e+00
3.430000e-01 1.171944e+00
3.435000e-01 1.163905e+00
3.440000e-01 1.156243e+00
3.445000e-01 1.149142e+00
3.450000e-01 1.142686e+00
3.455000e-01 1.136894e+00
3.460000e-01 1.131754e+00
3.465000e-01 1.127246e+00
3.470000e-01 1.123362e+00
3.475000e-01 1.120118e+00
3.480000e-01 1.117552e+00
3.485000e-01 1.115731e+00
3.490000e-01 1.114735e+00
3.495000e-01 1.114646e+00
3.500000e-01 1.115536e+00
3.505000e-01 1.117451e+00
3.510000e-01 1.120399e+00
3.515000e-01 1.124344e+00
3.520000e-01 1.129202e+00
3.525000e-01 1.134843e+00
3.530000e-01 1.141098e+00
3.535000e-01 1.147770e+00
3.540000e-01 1.154645e+00
3.545000e-01 1.161504e+00
3.550000e-01 1.168141e+00
3.555000e-01 1.174369e+00
3.560000e-01 1.180031e+00
3.565000e-01 1.185008e+00
3.570000e-01 1.189224e+00
3.575000e-01 1.192641e+00
3.580000e-01 1.195265e+00
3.585000e-01 1.197136e+00
3.590000e-01 1.198327e+00
3.595000e-01 1.198935e+00
3.600000e-01 1.199077e+00
3.605000e-01 1.198882e+00
3.610000e-01 1.198487e+00
3.615000e-01 1.198028e+00
3.620000e-01 1.197641e+00
3.625000e-01 1.197456e+00
3.630000e-01 1.197593e+00
3.635000e-01 1.198164e+00
3.640000e-01 1.199265e+00
3.645000e-01 1.200985e+00
3.650000e-01 1.203395e+00
3.655000e-01 1.206557e+00
3.660000e-01 1.210518e+00
3.665000e-01 1.215315e+00
3.670000e-01 1.220969e+00
3.675000e-01 1.227492e+00
3.680000e-01 1.234885e+00
3.685000e-01 1.243134e+00
3.690000e-01 1.252217e+00
3.695000e-01 1.262102e+00
3.700000e-01 1.272744e+00
3.705000e-01 1.284090e+00
3.710000e-01 1.296076e+00
3.715000e-01 1.308629e+00
3.720000e-01 1.321668e+00
3.725000e-01 1.335105e+00
3.730000e-01 1.348844e+00
3.735000e-01 1.362785e+00
3.740000e-01 1.376823e+00
3.745000e-01 1.390851e+00
3.750000e-01 1.404762e+00
3.755000e-01 1.418452e+00
3.760000e-01 1.431817e+00
3.765000e-01 1.444764e+00
3.770000e-01 1.457205e+00
3.775000e-01 1.469066e+00
3.780000e-01 1.480282e+00
3.785000e-01 1.490806e+00
3.790000e-01 1.500605e+00
3.795000e-01 1.509665e+00
3.800000e-01 1.517989e+00
3.805000e-01 1.525600e+00
3.810000e-01 1.532538e+00
3.815000e-01 1.538864e+00
3.820000e-01 1.544655e+00
3.825000e-01 1.550005e+00
3.830000e-01 1.555026e+00
3.835000e-01 1.559842e+00
3.840000e-01 1.564592e+00
3.845000e-01 1.569429e+00
3.850000e-01 1.574515e+00
3.855000e-01 1.580024e+00
3.860000e-01 1.586138e+00
3.865000e-01 1.593051e+00
3.870000e-01 1.600963e+00
3.875000e-01 1.610084e+00
3.880000e-01 1.620629e+00
3.885000e-01 1.632823e+00
3.890000e-01 1.646893e+00
3.895000e-01 1.663070e+00
3.900000e-01 1.681585e+00
3.905000e-01 1.702660e+00
3.910000e-01 1.726501e+00
3.915000e-01 1.753284e+00
3.920000e-01 1.783137e+00
3.925000e-01 1.816111e+00
3.930000e-01 1.852151e+00
3.935000e-01 1.891047e+00
3.940000e-01 1.932385e+00
3.945000e-01 1.975492e+00
3.950000e-01 2.019375e+00
3.955000e-01 2.062687e+00
3.960000e-01 2.103711e+00
3.965000e-01 2.140414e+00
3.970000e-01 2.170560e+00
3.975000e-01 2.191917e+00
3.980000e-01 2.202529e+00
3.985000e-01 2.201009e+00
3.990000e-01 2.186789e+00
3.995000e-01 2.160252e+00
4.000000e-01 2.122706e+00
4.005000e-01 2.076192e+00
4.010000e-01 2.023202e+00
4.015000e-01 1.966352e+00
4.020000e-01 1.908114e+00
4.025000e-01 1.850626e+00
4.030000e-01 1.795592e+00
4.035000e-01 1.744276e+00
4.040000e-01 1.697533e+00
4.045000e-01 1.655880e+00
4.050000e-01 1.619574e+00
4.055000e-01 1.588675e+00
4.060000e-01 1.563113e+00
4.065000e-01 1.542731e+00
4.070000e-01 1.527319e+00
4.075000e-01 1.516642e+00
4.080000e-01 1.510454e+00
4.085000e-01 1.508507e+00
4.090000e-01 1.510560e+00
4.095000e-01 1.516377e+00
4.100000e-01 1.525733e+00
4.105000e-01 1.538405e+00
4.110000e-01 1.554180e+00
4.115000e-01 1.572843e+00
4.120000e-01 1.594181e+00
4.125000e-01 1.617978e+00
4.130000e-01 1.644012e+00
4.135000e-01 1.672052e+00
4.140000e-01 1.701859e+00
4.145000e-01 1.733183e+00
4.150000e-01 1.765761e+00
4.155000e-01 1.799317e+00
4.160000e-01 1.833565e+00
4.165000e-01 1.868205e+00
4.170000e-01 1.902931e+00
4.175000e-01 1.937430e+00
4.180000e-01 1.971386e+00
4.185000e-01 2.004483e+00
4.190000e-01 2.036413e+00
4.195000e-01 2.066880e+00
4.200000e-01 2.095601e+00
4.205000e-01 2.122316e+00
4.210000e-01 2.146790e+00
4.215000e-01 2.168817e+00
4.220000e-01 2.188224e+00
4.225000e-01 2.204870e+00
4.230000e-01 2.218650e+00
4.235000e-01 2.229488e+00
4.240000e-01 2.237343e+00
4.245000e-01 2.242195e+00
4.250000e-01 2.244048e+00
4.255000e-01 2.242920e+00
4.260000e-01 2.238836e+00
4.265000e-01 2.231822e+00
4.270000e-01 2.221896e+00
4.275000e-01 2.209061e+00
4.280000e-01 2.193300e+00
4.285000e-01 2.174566e+00
4.290000e-01 2.152782e+00
4.295000e-01 2.127838e+00
4.300000e-01 2.099589e+00
4.305000e-01 2.067863e+00
4.310000e-01 2.032466e+00
4.315000e-01 1.993200e+00
4.320000e-01 1.949880e+00
4.325000e-01 1.902360e+00
4.330000e-01 1.850568e+00
4.335000e-01 1.794539e+00
4.340000e-01 1.734456e+00
4.345000e-01 1.670686e+00
4.350000e-01 1.603810e+00
4.355000e-01 1.534635e+00
4.360000e-01 1.464195e+00
4.365000e-01 1.393720e+00
4.370000e-01 1.324584e+00
4.375000e-01 1.258234e+00
4.380000e-01 1.196096e+00
4.385000e-01 1.139494e+00
4.390000e-01 1.089562e+00
4.395000e-01 1.047182e+00
4.400000e-01 1.012952e+00
4.405000e-01 9.871690e-01
4.410000e-01 9.698503e-01
4.415000e-01 9.607634e-01
4.420000e-01 9.594726e-01
4.425000e-01 9.653891e-01
4.430000e-01 9.778202e-01
4.435000e-01 9.960140e-01
4.440000e-01 1.019197e+00
4.445000e-01 1.046604e+00
4.450000e-01 1.077502e+00
4.455000e-01 1.111206e+00
4.460000e-01 1.147090e+00
4.465000e-01 1.184596e+00
4.470000e-01 1.223236e+00
4.475000e-01 1.262593e+00
4.480000e-01 1.302326e+00
4.485000e-01 1.342159e+00
4.490000e-01 1.381885e+00
4.495000e-01 1.421359e+00
4.500000e-01 1.460491e+00
4.505000e-01 1.499243e+00
4.510000e-01 1.537622e+00
4.515000e-01 1.575668e+00
4.520000e-01 1.613453e+00
4.525000e-01 1.651068e+00
4.530000e-01 1.688613e+00
4.535000e-01 1.726190e+00
4.540000e-01 1.763890e+00
4.545000e-01 1.801782e+00
4.550000e-01 1.839897e+00
4.555000e-01 1.878215e+00
4.560000e-01 1.916644e+00
4.565000e-01 1.955005e+00
4.570000e-01 1.993007e+00
4.575000e-01 2.030227e+00
4.580000e-01 2.066088e+00
4.585000e-01 2.099845e+00
4.590000e-01 2.130575e+00
4.595000e-01 2.157182e+00
4.600000e-01 2.178421e+00
4.605000e-01 2.192953e+00
4.610000e-01 2.199423e+00
4.615000e-01 2.196575e+00
4.620000e-01 2.183386e+00
4.625000e-01 2.159211e+00
4.630000e-01 2.123907e+00
4.635000e-01 2.077919e+00
4.640000e-01 2.022301e+00
4.645000e-01 1.958659e+00
4.650000e-01 1.889029e+00
4.655000e-01 1.815698e+00
4.660000e-01 1.741025e+00
4.665000e-01 1.667262e+00
4.670000e-01 1.596430e+00
4.675000e-01 1.530242e+00
4.680000e-01 1.470077e+00
4.685000e-01 1.416999e+00
4.690000e-01 1.371809e+00
4.695000e-01 1.335113e+00
4.700000e-01 1.307391e+00
4.705000e-01 1.289077e+00
4.710000e-01 1.280629e+00
4.715000e-01 1.282593e+00
4.720000e-01 1.295660e+00
4.725000e-01 1.320714e+00
4.730000e-01 1.358863e+00
4.735000e-01 1.411424e+00
4.740000e-01 1.479839e+00
4.745000e-01 1.565456e+00
4.750000e-01 1.669046e+00
4.755000e-01 1.789929e+00
4.760000e-01 1.924553e+00
4.765000e-01 2.064619e+00
4.770000e-01 2.195451e+00
4.775000e-01 2.296346e+00
4.780000e-01 2.345095e+00
4.785000e-01 2.326682e+00
4.790000e-01 2.241332e+00
4.795000e-01 2.105174e+00
4.800000e-01 1.942547e+00
4.805000e-01 1.776273e+00
4.810000e-01 1.622069e+00
4.815000e-01 1.487983e+00
4.820000e-01 1.376440e+00
4.825000e-01 1.286647e+00
4.830000e-01 1.216363e+00
4.835000e-01 1.162953e+00
4.840000e-01 1.123903e+00
4.845000e-01 1.097041e+00
4.850000e-01 1.080589e+00
4.855000e-01 1.073154e+00
4.860000e-01 1.073701e+00
4.865000e-01 1.081540e+00
4.870000e-01 1.096370e+00
4.875000e-01 1.118499e+00
4.880000e-01 1.149826e+00
4.885000e-01 1.213357e+00
4.890000e-01 1.212046e+00
4.895000e-01 1.220891e+00
4.900000e-01 1.233734e+00
4.905000e-01 1.249658e+00
4.910000e-01 1.268188e+00
4.915000e-01 1.288964e+00
4.920000e-01 1.311654e+00
4.925000e-01 1.335916e+00
4.930000e-01 1.361377e+00
4.935000e-01 1.387623e+00
4.940000e-01 1.414181e+00
4.945000e-01 1.440521e+00
4.950000e-01 1.466055e+00
4.955000e-01 1.490142e+00
4.960000e-01 1.512104e+00
4.965000e-01 1.531244e+00
4.970000e-01 1.546881e+00
4.975000e-01 1.558381e+00
4.980000e-01 1.565198e+00
4.985000e-01 1.566917e+00
4.990000e-01 1.563285e+00
4.995000e-01 1.554241e+00
