0.000000e+00 0.000000e+00
5.000000e-04 0.000000e+00
1.000000e-03 0.000000e+00
1.500000e-03 0.000000e+00
2.000000e-03 0.000000e+00
2.500000e-03 0.000000e+00
3.000000e-03 0.000000e+00
3.500000e-03 0.000000e+00
4.000000e-03 0.000000e+00
4.500000e-03 0.000000e+00
5.000000e-03 0.000000e+00
5.500000e-03 0.000000e+00
6.000000e-03 0.000000e+00
6.500000e-03 0.000000e+00
7.000000e-03 0.000000e+00
7.500000e-03 0.000000e+00
8.000000e-03 0.000000e+00
8.500000e-03 0.000000e+00
9.000000e-03 0.000000e+00
9.500000e-03 0.000000e+00
1.000000e-02 0.000000e+00
1.050000e-02 0.000000e+00
1.100000e-02 0.000000e+00
1.150000e-02 0.000000e+00
1.200000e-02 0.000000e+00
1.250000e-02 0.000000e+00
1.300000e-02 0.000000e+00
1.350000e-02 0.000000e+00
1.400000e-02 0.000000e+00
1.450000e-02 0.000000e+00
1.500000e-02 0.000000e+00
1.550000e-02 0.000000e+00
1.600000e-02 0.000000e+00
1.650000e-02 0.000000e+00
1.700000e-02 0.000000e+00
1.750000e-02 0.000000e+00
1.800000e-02 0.000000e+00
1.850000e-02 0.000000e+00
1.900000e-02 0.000000e+00
1.950000e-02 0.000000e+00
2.000000e-02 0.000000e+00
2.050000e-02 3.116984e-06
2.100000e-02 2.068263e-05
2.150000e-02 5.075289e-05
2.200000e-02 9.631368e-05
2.250000e-02 1.607046e-04
2.300000e-02 2.477921e-04
2.350000e-02 3.621527e-04
2.400000e-02 5.092792e-04
2.450000e-02 6.958223e-04
2.500000e-02 9.298812e-04
2.550000e-02 1.221359e-03
2.600000e-02 1.582399e-03
2.650000e-02 2.027926e-03
2.700000e-02 2.576321e-03
2.750000e-02 3.250246e-03
2.800000e-02 4.077677e-03
2.850000e-02 5.093167e-03
2.900000e-02 6.339394e-03
2.950000e-02 7.869037e-03
3.000000e-02 9.747028e-03
3.050000e-02 1.205322e-02
3.100000e-02 1.488549e-02
3.150000e-02 1.836327e-02
3.200000e-02 2.263158e-02
3.250000e-02 2.786539e-02
3.300000e-02 3.427465e-02
3.350000e-02 4.211003e-02
3.400000e-02 5.167042e-02
3.450000e-02 6.331382e-02
3.500000e-02 7.747490e-02
3.550000e-02 9.469529e-02
3.600000e-02 1.156759e-01
3.650000e-02 1.413664e-01
3.700000e-02 1.731168e-01
3.750000e-02 2.129302e-01
3.800000e-02 2.638875e-01
3.850000e-02 3.308652e-01
3.900000e-02 4.217502e-01
3.950000e-02 5.494062e-01
4.000000e-02 7.342051e-01
4.050000e-02 1.003599e+00
4.100000e-02 1.369849e+00
4.150000e-02 1.735715e+00
4.200000e-02 1.803206e+00
4.250000e-02 1.446405e+00
4.300000e-02 9.816649e-01
4.350000e-02 6.351217e-01
4.400000e-02 4.162457e-01
4.450000e-02 2.815928e-01
4.500000e-02 1.970693e-01
4.550000e-02 1.422608e-01
4.600000e-02 1.055173e-01
4.650000e-02 8.011894e-02
4.700000e-02 6.207832e-02
4.750000e-02 4.895126e-02
4.800000e-02 3.919062e-02
4.850000e-02 3.178670e-02
4.900000e-02 2.606086e-02
4.950000e-02 2.154295e-02
5.000000e-02 1.789564e-02
5.050000e-02 1.486535e-02
5.100000e-02 1.224773e-02
5.150000e-02 9.860553e-03
5.200000e-02 7.521755e-03
5.250000e-02 5.046694e-03
5.300000e-02 2.363392e-03
5.350000e-02 1.764696e-04
5.400000e-02 1.464564e-03
5.450000e-02 7.754337e-03
5.500000e-02 1.321692e-02
5.550000e-02 1.575579e-02
5.600000e-02 1.693893e-02
5.650000e-02 1.781091e-02
5.700000e-02 1.880888e-02
5.750000e-02 2.014544e-02
5.800000e-02 2.198535e-02
5.850000e-02 2.452958e-02
5.900000e-02 2.808850e-02
5.950000e-02 3.320282e-02
6.000000e-02 4.091771e-02
6.050000e-02 5.353455e-02
6.100000e-02 7.715308e-02
6.150000e-02 1.331174e-01
6.200000e-02 3.204721e-01
6.250000e-02 2.507461e-01
6.300000e-02 1.903596e-02
6.350000e-02 2.781701e-05
6.400000e-02 4.073059e-03
6.450000e-02 1.259495e-02
6.500000e-02 2.348400e-02
6.550000e-02 3.709429e-02
6.600000e-02 5.456418e-02
6.650000e-02 7.769243e-02
6.700000e-02 1.092028e-01
6.750000e-02 1.532831e-01
6.800000e-02 2.164939e-01
6.850000e-02 3.092019e-01
6.900000e-02 4.475189e-01
6.950000e-02 6.545487e-01
7.000000e-02 9.551819e-01
7.050000e-02 1.348116e+00
7.100000e-02 1.743431e+00
7.150000e-02 1.953720e+00
7.200000e-02 1.878771e+00
7.250000e-02 1.625137e+00
7.300000e-02 1.341620e+00
7.350000e-02 1.099153e+00
7.400000e-02 9.102320e-01
7.450000e-02 7.668283e-01
7.500000e-02 6.577712e-01
7.550000e-02 5.736825e-01
7.600000e-02 5.075936e-01
7.650000e-02 4.544915e-01
7.700000e-02 4.107582e-01
7.750000e-02 3.737224e-01
7.800000e-02 3.413364e-01
7.850000e-02 3.119487e-01
7.900000e-02 2.841436e-01
7.950000e-02 2.566362e-01
8.000000e-02 2.282478e-01
8.050000e-02 1.981826e-01
8.100000e-02 1.718848e-01
8.150000e-02 1.381057e-01
8.200000e-02 8.021837e-02
8.250000e-02 2.675075e-02
8.300000e-02 1.165496e-02
8.350000e-02 1.056695e-01
8.400000e-02 3.954783e-01
8.450000e-02 8.338674e-01
8.500000e-02 1.182942e+00
8.550000e-02 1.321206e+00
8.600000e-02 1.316655e+00
8.650000e-02 1.253194e+00
8.700000e-02 1.173908e+00
8.750000e-02 1.095429e+00
8.800000e-02 1.023047e+00
8.850000e-02 9.578205e-01
8.900000e-02 8.993872e-01
8.950000e-02 8.469947e-01
9.000000e-02 7.998655e-01
9.050000e-02 7.573095e-01
9.100000e-02 7.187456e-01
9.150000e-02 6.836934e-01
9.200000e-02 6.517566e-01
9.250000e-02 6.226073e-01
9.300000e-02 5.959714e-01
9.350000e-02 5.716182e-01
9.400000e-02 5.493515e-01
9.450000e-02 5.290035e-01
9.500000e-02 5.104295e-01
9.550000e-02 4.935045e-01
9.600000e-02 4.781202e-01
9.650000e-02 4.641830e-01
9.700000e-02 4.516125e-01
9.750000e-02 4.403403e-01
9.800000e-02 4.303091e-01
9.850000e-02 4.214721e-01
9.900000e-02 4.137931e-01
9.950000e-02 4.072460e-01
1.000000e-01 4.018150e-01
1.005000e-01 3.974952e-01
1.010000e-01 3.942930e-01
1.015000e-01 3.922275e-01
1.020000e-01 3.913309e-01
1.025000e-01 3.916508e-01
1.030000e-01 3.932524e-01
1.035000e-01 3.962203e-01
1.040000e-01 4.006627e-01
1.045000e-01 4.067152e-01
1.050000e-01 4.145452e-01
1.055000e-01 4.243588e-01
1.060000e-01 4.364068e-01
1.065000e-01 4.509929e-01
1.070000e-01 4.684810e-01
1.075000e-01 4.893013e-01
1.080000e-01 5.139508e-01
1.085000e-01 5.429814e-01
1.090000e-01 5.769610e-01
1.095000e-01 6.163821e-01
1.100000e-01 6.614701e-01
1.105000e-01 7.118195e-01
1.110000e-01 7.657570e-01
1.115000e-01 8.193680e-01
1.120000e-01 8.653413e-01
1.125000e-01 8.923964e-01
1.130000e-01 8.869436e-01
1.135000e-01 8.384748e-01
1.140000e-01 7.468538e-01
1.145000e-01 6.250896e-01
1.150000e-01 4.934176e-01
1.155000e-01 3.697066e-01
1.160000e-01 2.641369e-01
1.165000e-01 1.797340e-01
1.170000e-01 1.153780e-01
1.175000e-01 6.840585e-02
1.180000e-01 3.597480e-02
1.185000e-01 1.546126e-02
1.190000e-01 4.402611e-03
1.195000e-01 4.021612e-04
1.200000e-01 1.200433e-03
1.205000e-01 4.870103e-03
1.210000e-01 9.973657e-03
1.215000e-01 1.558577e-02
1.220000e-01 2.120120e-02
1.225000e-01 2.660154e-02
1.230000e-01 3.173691e-02
1.235000e-01 3.664319e-02
1.240000e-01 4.139265e-02
1.245000e-01 4.606810e-02
1.250000e-01 5.075120e-02
1.255000e-01 5.551846e-02
1.260000e-01 6.044098e-02
1.265000e-01 6.558584e-02
1.270000e-01 7.101810e-02
1.275000e-01 7.680290e-02
1.280000e-01 8.300754e-02
1.285000e-01 8.970349e-02
1.290000e-01 9.696834e-02
1.295000e-01 1.048879e-01
1.300000e-01 1.135580e-01
1.305000e-01 1.230873e-01
1.310000e-01 1.335990e-01
1.315000e-01 1.452342e-01
1.320000e-01 1.581546e-01
1.325000e-01 1.725462e-01
1.330000e-01 1.886225e-01
1.335000e-01 2.066290e-01
1.340000e-01 2.268472e-01
1.345000e-01 2.495986e-01
1.350000e-01 2.752484e-01
1.355000e-01 3.042078e-01
1.360000e-01 3.369343e-01
1.365000e-01 3.739276e-01
1.370000e-01 4.157205e-01
1.375000e-01 4.628595e-01
1.380000e-01 5.158737e-01
1.385000e-01 5.752260e-01
1.390000e-01 6.412432e-01
1.395000e-01 7.140234e-01
1.400000e-01 7.933225e-01
1.405000e-01 8.784305e-01
1.410000e-01 9.680596e-01
1.415000e-01 1.060279e+00
1.420000e-01 1.152536e+00
1.425000e-01 1.241806e+00
1.430000e-01 1.324874e+00
1.435000e-01 1.398715e+00
1.440000e-01 1.460905e+00
1.445000e-01 1.509931e+00
1.450000e-01 1.545351e+00
1.455000e-01 1.567743e+00
1.460000e-01 1.578485e+00
1.465000e-01 1.579456e+00
1.470000e-01 1.572718e+00
1.475000e-01 1.560257e+00
1.480000e-01 1.543804e+00
1.485000e-01 1.524733e+00
1.490000e-01 1.504026e+00
1.495000e-01 1.482286e+00
1.500000e-01 1.459771e+00
1.505000e-01 1.436444e+00
1.510000e-01 1.412036e+00
1.515000e-01 1.386114e+00
1.520000e-01 1.358149e+00
1.525000e-01 1.327593e+00
1.530000e-01 1.293957e+00
1.535000e-01 1.256881e+00
1.540000e-01 1.216200e+00
1.545000e-01 1.171978e+00
1.550000e-01 1.124525e+00
1.555000e-01 1.074377e+00
1.560000e-01 1.022254e+00
1.565000e-01 9.689903e-01
1.570000e-01 9.154645e-01
1.575000e-01 8.625291e-01
1.580000e-01 8.109543e-01
1.585000e-01 7.613899e-01
1.590000e-01 7.143467e-01
1.595000e-01 6.701955e-01
1.600000e-01 6.291783e-01
1.605000e-01 5.914277e-01
1.610000e-01 5.569909e-01
1.615000e-01 5.258532e-01
1.620000e-01 4.979623e-01
1.625000e-01 4.732498e-01
1.630000e-01 4.516510e-01
1.635000e-01 4.331248e-01
1.640000e-01 4.176735e-01
1.645000e-01 4.053657e-01
1.650000e-01 3.963662e-01
1.655000e-01 3.909755e-01
1.660000e-01 3.896890e-01
1.665000e-01 3.932858e-01
1.670000e-01 4.029670e-01
1.675000e-01 4.205747e-01
1.680000e-01 4.489408e-01
1.685000e-01 4.924411e-01
1.690000e-01 5.578413e-01
1.695000e-01 6.554411e-01
1.700000e-01 8.000381e-01
1.705000e-01 1.009419e+00
1.710000e-01 1.293437e+00
1.715000e-01 1.623176e+00
1.720000e-01 1.897055e+00
1.725000e-01 1.990633e+00
1.730000e-01 1.888632e+00
1.735000e-01 1.686982e+00
1.740000e-01 1.476986e+00
1.745000e-01 1.298552e+00
1.750000e-01 1.158289e+00
1.755000e-01 1.050702e+00
1.760000e-01 9.680247e-01
1.765000e-01 9.033369e-01
1.770000e-01 8.511356e-01
1.775000e-01 8.071871e-01
1.780000e-01 7.682624e-01
1.785000e-01 7.319174e-01
1.790000e-01 6.963201e-01
1.795000e-01 6.600631e-01
1.800000e-01 6.217713e-01
1.805000e-01 5.781962e-01
1.810000e-01 5.290454e-01
1.815000e-01 5.082861e-01
1.820000e-01 4.916802e-01
1.825000e-01 4.782910e-01
1.830000e-01 4.676515e-01
1.835000e-01 4.594632e-01
1.840000e-01 4.535210e-01
1.845000e-01 4.496845e-01
1.850000e-01 4.478627e-01
1.855000e-01 4.480062e-01
1.860000e-01 4.501029e-01
1.865000e-01 4.541753e-01
1.870000e-01 4.602803e-01
1.875000e-01 4.685096e-01
1.880000e-01 4.789920e-01
1.885000e-01 4.918954e-01
1.890000e-01 5.074318e-01
1.895000e-01 5.258613e-01
1.900000e-01 5.474979e-01
1.905000e-01 5.727157e-01
1.910000e-01 6.019551e-01
1.915000e-01 6.357271e-01
1.920000e-01 6.746153e-01
1.925000e-01 7.192717e-01
1.930000e-01 7.704000e-01
1.935000e-01 8.287199e-01
1.940000e-01 8.948988e-01
1.945000e-01 9.694327e-01
1.950000e-01 1.052456e+00
1.955000e-01 1.143456e+00
1.960000e-01 1.240886e+00
1.965000e-01 1.341706e+00
1.970000e-01 1.440967e+00
1.975000e-01 1.531674e+00
1.980000e-01 1.605243e+00
1.985000e-01 1.652826e+00
1.990000e-01 1.667383e+00
1.995000e-01 1.645810e+00
2.000000e-01 1.590085e+00
2.005000e-01 1.506744e+00
2.010000e-01 1.404969e+00
2.015000e-01 1.294259e+00
2.020000e-01 1.182681e+00
2.025000e-01 1.076061e+00
2.030000e-01 9.779866e-01
2.035000e-01 8.902355e-01
2.040000e-01 8.133260e-01
2.045000e-01 7.470030e-01
2.050000e-01 6.906040e-01
2.055000e-01 6.433033e-01
2.060000e-01 6.042642e-01
2.065000e-01 5.727248e-01
2.070000e-01 5.480451e-01
2.075000e-01 5.297300e-01
2.080000e-01 5.174405e-01
2.085000e-01 5.110010e-01
2.090000e-01 5.104055e-01
2.095000e-01 5.158254e-01
2.100000e-01 5.276188e-01
2.105000e-01 5.463355e-01
2.110000e-01 5.727098e-01
2.115000e-01 6.076167e-01
2.120000e-01 6.519511e-01
2.125000e-01 7.063509e-01
2.130000e-01 7.706437e-01
2.135000e-01 8.428763e-01
2.140000e-01 9.179020e-01
2.145000e-01 9.859876e-01
2.150000e-01 1.032870e+00
2.155000e-01 1.043325e+00
2.160000e-01 1.008377e+00
2.165000e-01 9.313914e-01
2.170000e-01 8.269457e-01
2.175000e-01 7.131083e-01
2.180000e-01 6.040876e-01
2.185000e-01 5.076588e-01
2.190000e-01 4.263241e-01
2.195000e-01 3.595198e-01
2.200000e-01 3.053665e-01
2.205000e-01 2.616766e-01
2.210000e-01 2.264176e-01
2.215000e-01 1.978719e-01
2.220000e-01 1.746536e-01
2.225000e-01 1.556707e-01
2.230000e-01 1.400719e-01
2.235000e-01 1.271966e-01
2.240000e-01 1.165326e-01
2.245000e-01 1.076816e-01
2.250000e-01 1.003337e-01
2.255000e-01 9.424709e-02
2.260000e-01 8.923349e-02
2.265000e-01 8.514646e-02
2.270000e-01 8.187334e-02
2.275000e-01 7.932899e-02
2.280000e-01 7.745145e-02
2.285000e-01 7.619888e-02
2.290000e-01 7.554771e-02
2.295000e-01 7.549187e-02
2.300000e-01 7.604300e-02
2.305000e-01 7.723181e-02
2.310000e-01 7.911067e-02
2.315000e-01 8.175796e-02
2.320000e-01 8.528450e-02
2.325000e-01 8.984318e-02
2.330000e-01 9.564305e-02
2.335000e-01 1.029703e-01
2.340000e-01 1.122194e-01
2.345000e-01 1.239410e-01
2.350000e-01 1.389161e-01
2.355000e-01 1.582738e-01
2.360000e-01 1.836831e-01
2.365000e-01 2.176724e-01
2.370000e-01 2.641733e-01
2.375000e-01 3.294562e-01
2.380000e-01 4.237209e-01
2.385000e-01 5.635771e-01
2.390000e-01 7.746544e-01
2.395000e-01 1.087910e+00
2.400000e-01 1.503833e+00
2.405000e-01 1.890087e+00
2.410000e-01 1.973874e+00
2.415000e-01 1.705869e+00
2.420000e-01 1.333906e+00
2.425000e-01 1.028399e+00
2.430000e-01 8.166572e-01
2.435000e-01 6.787302e-01
2.440000e-01 5.928791e-01
2.445000e-01 5.444110e-01
2.450000e-01 5.250204e-01
2.455000e-01 5.311247e-01
2.460000e-01 5.627419e-01
2.465000e-01 6.227402e-01
2.470000e-01 7.155193e-01
2.475000e-01 8.427825e-01
2.480000e-01 9.921438e-01
2.485000e-01 1.119084e+00
2.490000e-01 1.151128e+00
2.495000e-01 1.052972e+00
2.500000e-01 8.745352e-01
2.505000e-01 6.906505e-01
2.510000e-01 5.396525e-01
2.515000e-01 4.268648e-01
2.520000e-01 3.452826e-01
2.525000e-01 2.864970e-01
2.530000e-01 2.438210e-01
2.535000e-01 2.125220e-01
2.540000e-01 1.893747e-01
2.545000e-01 1.721987e-01
2.550000e-01 1.595168e-01
2.555000e-01 1.503250e-01
2.560000e-01 1.439425e-01
2.565000e-01 1.399157e-01
2.570000e-01 1.379574e-01
2.575000e-01 1.379079e-01
2.580000e-01 1.397111e-01
2.585000e-01 1.433991e-01
2.590000e-01 1.490816e-01
2.595000e-01 1.569336e-01
2.600000e-01 1.671755e-01
2.605000e-01 1.800374e-01
2.610000e-01 1.956962e-01
2.615000e-01 2.141801e-01
2.620000e-01 2.352467e-01
2.625000e-01 2.582714e-01
2.630000e-01 2.822129e-01
2.635000e-01 3.057334e-01
2.640000e-01 3.274860e-01
2.645000e-01 3.464718e-01
2.650000e-01 3.622893e-01
2.655000e-01 3.751609e-01
2.660000e-01 3.857615e-01
2.665000e-01 3.949716e-01
2.670000e-01 4.036723e-01
2.675000e-01 4.126283e-01
2.680000e-01 4.224496e-01
2.685000e-01 4.336018e-01
2.690000e-01 4.464363e-01
2.695000e-01 4.612242e-01
2.700000e-01 4.781847e-01
2.705000e-01 4.975077e-01
2.710000e-01 5.193681e-01
2.715000e-01 5.439354e-01
2.720000e-01 5.713766e-01
2.725000e-01 6.018555e-01
2.730000e-01 6.355260e-01
2.735000e-01 6.725197e-01
2.740000e-01 7.129267e-01
2.745000e-01 7.567662e-01
2.750000e-01 8.039462e-01
2.755000e-01 8.542097e-01
2.760000e-01 9.070650e-01
2.765000e-01 9.617027e-01
2.770000e-01 1.016905e+00
2.775000e-01 1.070961e+00
2.780000e-01 1.121615e+00
2.785000e-01 1.166090e+00
2.790000e-01 1.201219e+00
2.795000e-01 1.223741e+00
2.800000e-01 1.230743e+00
2.805000e-01 1.220196e+00
2.810000e-01 1.191442e+00
2.815000e-01 1.145474e+00
2.820000e-01 1.084875e+00
2.825000e-01 1.013423e+00
2.830000e-01 9.354720e-01
2.835000e-01 8.553158e-01
2.840000e-01 7.766887e-01
2.845000e-01 7.024900e-01
2.850000e-01 6.347213e-01
2.855000e-01 5.745728e-01
2.860000e-01 5.225861e-01
2.865000e-01 4.788342e-01
2.870000e-01 4.430829e-01
2.875000e-01 4.149189e-01
2.880000e-01 3.938429e-01
2.885000e-01 3.793311e-01
2.890000e-01 3.708724e-01
2.895000e-01 3.679884e-01
2.900000e-01 3.702403e-01
2.905000e-01 3.772276e-01
2.910000e-01 3.885817e-01
2.915000e-01 4.039561e-01
2.920000e-01 4.230145e-01
2.925000e-01 4.454178e-01
2.930000e-01 4.708121e-01
2.935000e-01 4.988164e-01
2.940000e-01 5.290130e-01
2.945000e-01 5.609402e-01
2.950000e-01 5.940893e-01
2.955000e-01 6.279062e-01
2.960000e-01 6.617981e-01
2.965000e-01 6.951465e-01
2.970000e-01 7.273256e-01
2.975000e-01 7.577244e-01
2.980000e-01 7.857722e-01
2.985000e-01 8.109635e-01
2.990000e-01 8.328810e-01
2.995000e-01 8.512135e-01
3.000000e-01 8.657669e-01
3.005000e-01 8.764675e-01
3.010000e-01 8.833573e-01
3.015000e-01 8.865823e-01
3.020000e-01 8.863761e-01
3.025000e-01 8.830394e-01
3.030000e-01 8.769198e-01
3.035000e-01 8.683909e-01
3.040000e-01 8.578347e-01
3.045000e-01 8.456265e-01
3.050000e-01 8.321232e-01
3.055000e-01 8.176554e-01
3.060000e-01 8.025218e-01
3.065000e-01 7.869866e-01
3.070000e-01 7.712793e-01
3.075000e-01 7.555952e-01
3.080000e-01 7.400973e-01
3.085000e-01 7.249186e-01
3.090000e-01 7.101651e-01
3.095000e-01 6.959181e-01
3.100000e-01 6.822363e-01
3.105000e-01 6.691585e-01
3.110000e-01 6.567041e-01
3.115000e-01 6.448747e-01
3.120000e-01 6.336534e-01
3.125000e-01 6.230052e-01
3.130000e-01 6.128746e-01
3.135000e-01 6.031848e-01
3.140000e-01 5.938357e-01
3.145000e-01 5.847028e-01
3.150000e-01 5.756394e-01
3.155000e-01 5.664821e-01
3.160000e-01 5.570594e-01
3.165000e-01 5.471845e-01
3.170000e-01 5.364906e-01
3.175000e-01 5.199660e-01
3.180000e-01 5.258404e-01
3.185000e-01 5.309349e-01
3.190000e-01 5.374517e-01
3.195000e-01 5.457031e-01
3.200000e-01 5.559070e-01
3.205000e-01 5.682823e-01
3.210000e-01 5.830739e-01
3.215000e-01 6.005657e-01
3.220000e-01 6.210905e-01
3.225000e-01 6.450390e-01
3.230000e-01 6.728693e-01
3.235000e-01 7.051171e-01
3.240000e-01 7.424051e-01
3.245000e-01 7.854504e-01
3.250000e-01 8.350675e-01
3.255000e-01 8.921627e-01
3.260000e-01 9.577112e-01
3.265000e-01 1.032707e+00
3.270000e-01 1.118064e+00
3.275000e-01 1.214453e+00
3.280000e-01 1.322032e+00
3.285000e-01 1.440047e+00
3.290000e-01 1.566302e+00
3.295000e-01 1.696541e+00
3.300000e-01 1.823913e+00
3.305000e-01 1.938865e+00
3.310000e-01 2.029907e+00
3.315000e-01 2.085553e+00
3.320000e-01 2.097192e+00
3.325000e-01 2.061826e+00
3.330000e-01 1.983244e+00
3.335000e-01 1.870907e+00
3.340000e-01 1.737137e+00
3.345000e-01 1.594064e+00
3.350000e-01 1.451535e+00
3.355000e-01 1.316326e+00
3.360000e-01 1.192335e+00
3.365000e-01 1.081249e+00
3.370000e-01 9.832703e-01
3.375000e-01 8.977296e-01
3.380000e-01 8.235216e-01
3.385000e-01 7.593821e-01
3.390000e-01 7.040505e-01
3.395000e-01 6.563542e-01
3.400000e-01 6.152457e-01
3.405000e-01 5.798115e-01
3.410000e-01 5.492679e-01
3.415000e-01 5.229488e-01
3.420000e-01 5.002914e-01
3.425000e-01 4.808222e-01
3.430000e-01 4.641437e-01
3.435000e-01 4.499225e-01
3.440000e-01 4.378796e-01
3.445000e-01 4.277815e-01
3.450000e-01 4.194332e-01
3.455000e-01 4.126724e-01
3.460000e-01 4.073643e-01
3.465000e-01 4.033980e-01
3.470000e-01 4.006829e-01
3.475000e-01 3.991459e-01
3.480000e-01 3.987295e-01
3.485000e-01 3.993897e-01
3.490000e-01 4.010951e-01
3.495000e-01 4.038248e-01
3.500000e-01 4.075684e-01
3.505000e-01 4.123249e-01
3.510000e-01 4.181019e-01
3.515000e-01 4.249157e-01
3.520000e-01 4.327905e-01
3.525000e-01 4.417586e-01
3.530000e-01 4.518598e-01
3.535000e-01 4.631417e-01
3.540000e-01 4.756592e-01
3.545000e-01 4.894747e-01
3.550000e-01 5.046576e-01
3.555000e-01 5.212839e-01
3.560000e-01 5.394364e-01
3.565000e-01 5.592030e-01
3.570000e-01 5.806764e-01
3.575000e-01 6.039521e-01
3.580000e-01 6.291270e-01
3.585000e-01 6.562960e-01
3.590000e-01 6.855489e-01
3.595000e-01 7.169658e-01
3.600000e-01 7.506113e-01
3.605000e-01 7.865276e-01
3.610000e-01 8.247258e-01
3.615000e-01 8.651765e-01
3.620000e-01 9.077985e-01
3.625000e-01 9.524470e-01
3.630000e-01 9.989015e-01
3.635000e-01 1.046855e+00
3.640000e-01 1.095904e+00
3.645000e-01 1.145544e+00
3.650000e-01 1.195172e+00
3.655000e-01 1.244095e+00
3.660000e-01 1.291546e+00
3.665000e-01 1.336719e+00
3.670000e-01 1.378802e+00
3.675000e-01 1.417027e+00
3.680000e-01 1.450720e+00
3.685000e-01 1.479346e+00
3.690000e-01 1.502552e+00
3.695000e-01 1.520191e+00
3.700000e-01 1.532337e+00
3.705000e-01 1.539271e+00
3.710000e-01 1.541469e+00
3.715000e-01 1.539556e+00
3.720000e-01 1.534275e+00
3.725000e-01 1.526436e+00
3.730000e-01 1.516883e+00
3.735000e-01 1.506454e+00
3.740000e-01 1.495963e+00
3.745000e-01 1.486177e+00
3.750000e-01 1.477809e+00
3.755000e-01 1.471517e+00
3.760000e-01 1.467905e+00
3.765000e-01 1.467527e+00
3.770000e-01 1.470897e+00
3.775000e-01 1.478487e+00
3.780000e-01 1.490737e+00
3.785000e-01 1.508051e+00
3.790000e-01 1.530783e+00
3.795000e-01 1.559224e+00
3.800000e-01 1.593564e+00
3.805000e-01 1.633837e+00
3.810000e-01 1.679853e+00
3.815000e-01 1.731090e+00
3.820000e-01 1.786575e+00
3.825000e-01 1.844742e+00
3.830000e-01 1.903311e+00
3.835000e-01 1.959213e+00
3.840000e-01 2.008645e+00
3.845000e-01 2.047314e+00
3.850000e-01 2.070908e+00
3.855000e-01 2.075769e+00
3.860000e-01 2.059624e+00
3.865000e-01 2.022137e+00
3.870000e-01 1.965078e+00
3.875000e-01 1.892023e+00
3.880000e-01 1.807670e+00
3.885000e-01 1.717027e+00
3.890000e-01 1.624713e+00
3.895000e-01 1.534503e+00
3.900000e-01 1.449156e+00
3.905000e-01 1.370450e+00
3.910000e-01 1.299345e+00
3.915000e-01 1.236179e+00
3.920000e-01 1.180864e+00
3.925000e-01 1.133039e+00
3.930000e-01 1.092197e+00
3.935000e-01 1.057766e+00
3.940000e-01 1.029160e+00
3.945000e-01 1.005823e+00
3.950000e-01 9.872359e-01
3.955000e-01 9.729363e-01
3.960000e-01 9.625147e-01
3.965000e-01 9.556161e-01
3.970000e-01 9.519364e-01
3.975000e-01 9.512189e-01
3.980000e-01 9.532491e-01
3.985000e-01 9.578508e-01
3.990000e-01 9.648814e-01
3.995000e-01 9.742282e-01
4.000000e-01 9.858043e-01
4.005000e-01 9.995454e-01
4.010000e-01 1.015406e+00
4.015000e-01 1.033357e+00
4.020000e-01 1.053383e+00
4.025000e-01 1.075477e+00
4.030000e-01 1.099638e+00
4.035000e-01 1.125872e+00
4.040000e-01 1.154181e+00
4.045000e-01 1.184564e+00
4.050000e-01 1.217010e+00
4.055000e-01 1.251495e+00
4.060000e-01 1.287975e+00
4.065000e-01 1.326380e+00
4.070000e-01 1.366604e+00
4.075000e-01 1.408503e+00
4.080000e-01 1.451885e+00
4.085000e-01 1.496499e+00
4.090000e-01 1.542032e+00
4.095000e-01 1.588101e+00
4.100000e-01 1.634253e+00
4.105000e-01 1.679955e+00
4.110000e-01 1.724610e+00
4.115000e-01 1.767555e+00
4.120000e-01 1.808079e+00
4.125000e-01 1.845447e+00
4.130000e-01 1.878920e+00
4.135000e-01 1.907794e+00
4.140000e-01 1.931429e+00
4.145000e-01 1.949286e+00
4.150000e-01 1.960961e+00
4.155000e-01 1.966208e+00
4.160000e-01 1.964958e+00
4.165000e-01 1.957324e+00
4.170000e-01 1.943596e+00
4.175000e-01 1.924221e+00
4.180000e-01 1.899779e+00
4.185000e-01 1.870950e+00
4.190000e-01 1.838476e+00
4.195000e-01 1.803129e+00
4.200000e-01 1.765678e+00
4.205000e-01 1.726862e+00
4.210000e-01 1.687369e+00
4.215000e-01 1.647822e+00
4.220000e-01 1.608770e+00
4.225000e-01 1.570687e+00
4.230000e-01 1.533971e+00
4.235000e-01 1.498949e+00
4.240000e-01 1.465883e+00
4.245000e-01 1.434978e+00
4.250000e-01 1.406387e+00
4.255000e-01 1.380223e+00
4.260000e-01 1.356563e+00
4.265000e-01 1.335455e+00
4.270000e-01 1.316926e+00
4.275000e-01 1.300984e+00
4.280000e-01 1.287623e+00
4.285000e-01 1.276829e+00
4.290000e-01 1.268579e+00
4.295000e-01 1.262843e+00
4.300000e-01 1.259586e+00
4.305000e-01 1.258771e+00
4.310000e-01 1.260354e+00
4.315000e-01 1.264286e+00
4.320000e-01 1.270510e+00
4.325000e-01 1.278964e+00
4.330000e-01 1.289570e+00
4.335000e-01 1.302239e+00
4.340000e-01 1.316865e+00
4.345000e-01 1.333321e+00
4.350000e-01 1.351455e+00
4.355000e-01 1.371089e+00
4.360000e-01 1.392012e+00
4.365000e-01 1.413983e+00
4.370000e-01 1.436725e+00
4.375000e-01 1.459926e+00
4.380000e-01 1.483247e+00
4.385000e-01 1.506323e+00
4.390000e-01 1.528771e+00
4.395000e-01 1.550210e+00
4.400000e-01 1.570270e+00
4.405000e-01 1.588615e+00
4.410000e-01 1.604966e+00
4.415000e-01 1.619122e+00
4.420000e-01 1.630980e+00
4.425000e-01 1.640564e+00
4.430000e-01 1.648029e+00
4.435000e-01 1.653681e+00
4.440000e-01 1.657977e+00
4.445000e-01 1.661521e+00
4.450000e-01 1.665059e+00
4.455000e-01 1.669464e+00
4.460000e-01 1.675716e+00
4.465000e-01 1.684882e+00
4.470000e-01 1.698087e+00
4.475000e-01 1.716482e+00
4.480000e-01 1.741202e+00
4.485000e-01 1.773306e+00
4.490000e-01 1.813700e+00
4.495000e-01 1.863039e+00
4.500000e-01 1.921595e+00
4.505000e-01 1.989106e+00
4.510000e-01 2.064631e+00
4.515000e-01 2.146426e+00
4.520000e-01 2.231914e+00
4.525000e-01 2.317772e+00
4.530000e-01 2.400195e+00
4.535000e-01 2.475296e+00
4.540000e-01 2.539578e+00
4.545000e-01 2.590354e+00
4.550000e-01 2.625998e+00
4.555000e-01 2.645962e+00
4.560000e-01 2.650582e+00
4.565000e-01 2.640755e+00
4.570000e-01 2.617606e+00
4.575000e-01 2.582234e+00
4.580000e-01 2.535596e+00
4.585000e-01 2.478523e+00
4.590000e-01 2.411861e+00
4.595000e-01 2.336652e+00
4.600000e-01 2.254306e+00
4.605000e-01 2.166683e+00
4.610000e-01 2.076064e+00
4.615000e-01 1.985000e+00
4.620000e-01 1.896090e+00
4.625000e-01 1.811759e+00
4.630000e-01 1.734071e+00
4.635000e-01 1.664631e+00
4.640000e-01 1.604572e+00
4.645000e-01 1.554600e+00
4.650000e-01 1.515077e+00
4.655000e-01 1.486120e+00
4.660000e-01 1.467683e+00
4.665000e-01 1.459622e+00
4.670000e-01 1.461739e+00
4.675000e-01 1.473784e+00
4.680000e-01 1.495444e+00
4.685000e-01 1.526279e+00
4.690000e-01 1.565638e+00
4.695000e-01 1.612528e+00
4.700000e-01 1.665457e+00
4.705000e-01 1.722254e+00
4.710000e-01 1.779921e+00
4.715000e-01 1.834572e+00
4.720000e-01 1.881555e+00
4.725000e-01 1.915848e+00
4.730000e-01 1.932755e+00
4.735000e-01 1.928800e+00
4.740000e-01 1.902564e+00
4.745000e-01 1.855159e+00
4.750000e-01 1.790095e+00
4.755000e-01 1.712589e+00
4.760000e-01 1.628576e+00
4.765000e-01 1.543765e+00
4.770000e-01 1.462996e+00
4.775000e-01 1.389958e+00
4.780000e-01 1.327211e+00
4.785000e-01 1.276375e+00
4.790000e-01 1.238380e+00
4.795000e-01 1.213709e+00
4.800000e-01 1.202575e+00
4.805000e-01 1.205050e+00
4.810000e-01 1.221120e+00
4.815000e-01 1.250679e+00
4.820000e-01 1.293466e+00
4.825000e-01 1.348935e+00
4.830000e-01 1.416081e+00
4.835000e-01 1.493215e+00
4.840000e-01 1.577747e+00
4.845000e-01 1.666018e+00
4.850000e-01 1.753298e+00
4.855000e-01 1.834013e+00
4.860000e-01 1.902280e+00
4.865000e-01 1.952678e+00
4.870000e-01 1.981080e+00
4.875000e-01 1.985266e+00
4.880000e-01 1.964988e+00
4.885000e-01 1.918366e+00
4.890000e-01 1.949681e+00
4.895000e-01 1.919598e+00
4.900000e-01 1.872292e+00
4.905000e-01 1.815560e+00
4.910000e-01 1.754298e+00
4.915000e-01 1.691905e+00
4.920000e-01 1.630660e+00
4.925000e-01 1.571963e+00
4.930000e-01 1.516552e+00
4.935000e-01 1.464685e+00
4.940000e-01 1.416315e+00
4.945000e-01 1.371209e+00
4.950000e-01 1.329050e+00
4.955000e-01 1.289506e+00
4.960000e-01 1.252265e+00
4.965000e-01 1.217065e+00
4.970000e-01 1.183700e+00
4.975000e-01 1.152020e+00
4.980000e-01 1.121924e+00
4.985000e-01 1.093352e+00
4.990000e-01 1.066275e+00
4.995000e-01 1.040683e+00
