0.000000e+00 3.507682e+00
5.000000e-02 3.583859e+00
1.000000e-01 3.610234e+00
1.500000e-01 3.503593e+00
2.000000e-01 3.351357e+00
2.500000e-01 3.133722e+00
3.000000e-01 2.850118e+00
3.500000e-01 2.723278e+00
4.000000e-01 2.613619e+00
4.500000e-01 2.476657e+00
5.000000e-01 2.482082e+00
5.500000e-01 2.548964e+00
6.000000e-01 2.527123e+00
6.500000e-01 2.750437e+00
7.000000e-01 2.760079e+00
7.500000e-01 2.670000e+00
8.000000e-01 2.457639e+00
8.500000e-01 2.282908e+00
9.000000e-01 2.294137e+00
9.500000e-01 2.325214e+00
1.000000e+00 2.323487e+00
1.050000e+00 2.417052e+00
1.100000e+00 2.197469e+00
1.150000e+00 2.002063e+00
1.200000e+00 1.996224e+00
1.250000e+00 2.026110e+00
1.300000e+00 1.679515e+00
1.350000e+00 1.724355e+00
1.400000e+00 2.027823e+00
1.450000e+00 2.106550e+00
1.500000e+00 1.965248e+00
1.550000e+00 1.565196e+00
1.600000e+00 1.815580e+00
1.650000e+00 1.611658e+00
1.700000e+00 1.559914e+00
1.750000e+00 1.513326e+00
1.800000e+00 1.385441e+00
1.850000e+00 1.016083e+00
1.900000e+00 7.148757e-01
1.950000e+00 7.316158e-01
2.000000e+00 1.018187e+00
2.050000e+00 1.244757e+00
2.100000e+00 1.893832e+00
2.150000e+00 1.169228e+00
2.200000e+00 1.101176e+00
2.250000e+00 1.368008e+00
2.300000e+00 1.540260e+00
2.350000e+00 1.160561e+00
2.400000e+00 1.389996e+00
2.450000e+00 6.984191e-01
2.500000e+00 5.354125e-01
2.550000e+00 1.028653e+00
2.600000e+00 1.059673e+00
2.650000e+00 5.763113e-01
2.700000e+00 7.999707e-01
2.750000e+00 7.503538e-01
2.800000e+00 6.041725e-01
2.850000e+00 1.047601e+00
2.900000e+00 8.880967e-01
2.950000e+00 8.756686e-01
3.000000e+00 5.316628e-01
3.050000e+00 4.563360e-01
3.100000e+00 3.459073e-01
3.150000e+00 1.273259e-01
3.200000e+00 8.411521e-01
3.250000e+00 4.755854e-01
3.300000e+00 3.219226e-01
3.350000e+00 3.161490e-01
3.400000e+00 3.590279e-01
3.450000e+00 9.484449e-02
3.500000e+00 4.962577e-01
3.550000e+00 3.774419e-01
3.600000e+00 8.445875e-01
3.650000e+00 4.697601e-01
3.700000e+00 1.173092e-01
3.750000e+00 1.289370e-01
3.800000e+00 2.406584e-01
3.850000e+00 3.965858e-01
3.900000e+00 4.026340e-02
3.950000e+00 6.433664e-02
4.000000e+00 5.399582e-01
4.050000e+00 8.695757e-02
4.100000e+00 2.915830e-01
4.150000e+00 1.906722e-01
4.200000e+00 3.831383e-01
4.250000e+00 6.931801e-01
4.300000e+00 1.020101e-01
4.350000e+00 5.660208e-01
4.400000e+00 1.615792e-01
4.450000e+00 1.070831e-01
4.500000e+00 2.747664e-01
4.550000e+00 8.322419e-01
4.600000e+00 8.803339e-03
4.650000e+00 9.803651e-01
4.700000e+00 5.606168e-01
4.750000e+00 2.145312e-01
4.800000e+00 4.821088e-01
4.850000e+00 9.311406e-01
4.900000e+00 3.322776e-02
4.950000e+00 3.091433e-02
