-5.000000e-02 2.090786e-01
-4.990000e-02 2.025265e-01
-4.980000e-02 1.970995e-01
-4.970000e-02 1.926946e-01
-4.960000e-02 1.891564e-01
-4.950000e-02 1.862972e-01
-4.940000e-02 1.839100e-01
-4.930000e-02 1.817752e-01
-4.920000e-02 1.796678e-01
-4.910000e-02 1.773645e-01
-4.900000e-02 1.746540e-01
-4.890000e-02 1.713504e-01
-4.880000e-02 1.673074e-01
-4.870000e-02 1.624340e-01
-4.860000e-02 1.567052e-01
-4.850000e-02 1.501674e-01
-4.840000e-02 1.429340e-01
-4.830000e-02 1.351719e-01
-4.820000e-02 1.270806e-01
-4.810000e-02 1.188695e-01
-4.800000e-02 1.107369e-01
-4.790000e-02 1.028548e-01
-4.780000e-02 9.536047e-02
-4.770000e-02 8.835517e-02
-4.760000e-02 8.190685e-02
-4.750000e-02 7.605632e-02
-4.740000e-02 7.082451e-02
-4.730000e-02 6.622002e-02
-4.720000e-02 6.224620e-02
-4.710000e-02 5.890793e-02
-4.700000e-02 5.621793e-02
-4.690000e-02 5.420342e-02
-4.680000e-02 5.291315e-02
-4.670000e-02 5.242536e-02
-4.660000e-02 5.285595e-02
-4.650000e-02 5.436442e-02
-4.640000e-02 5.714954e-02
-4.630000e-02 6.141544e-02
-4.620000e-02 6.726919e-02
-4.610000e-02 7.449614e-02
-4.600000e-02 8.221529e-02
-4.590000e-02 8.866440e-02
-4.580000e-02 9.168368e-02
-4.570000e-02 9.003644e-02
-4.560000e-02 8.434739e-02
-4.550000e-02 7.649982e-02
-4.540000e-02 6.832367e-02
-4.530000e-02 6.091437e-02
-4.520000e-02 5.469073e-02
-4.510000e-02 4.968612e-02
-4.500000e-02 4.577671e-02
-4.490000e-02 4.280226e-02
-4.480000e-02 4.061637e-02
-4.470000e-02 3.910219e-02
-4.460000e-02 3.817393e-02
-4.450000e-02 3.777373e-02
-4.440000e-02 3.786783e-02
-4.430000e-02 3.844338e-02
-4.420000e-02 3.950632e-02
-4.410000e-02 4.108033e-02
-4.400000e-02 4.320676e-02
-4.390000e-02 4.594546e-02
-4.380000e-02 4.937640e-02
-4.370000e-02 5.360198e-02
-4.360000e-02 5.874998e-02
-4.350000e-02 6.497688e-02
-4.340000e-02 7.247139e-02
-4.330000e-02 8.145755e-02
-4.320000e-02 9.219691e-02
-4.310000e-02 1.049886e-01
-4.300000e-02 1.201660e-01
-4.290000e-02 1.380861e-01
-4.280000e-02 1.591020e-01
-4.270000e-02 1.834899e-01
-4.260000e-02 2.112475e-01
-4.250000e-02 2.415908e-01
-4.240000e-02 2.720095e-01
-4.230000e-02 2.976945e-01
-4.220000e-02 3.142623e-01
-4.210000e-02 3.225895e-01
-4.200000e-02 3.251446e-01
-4.190000e-02 3.217757e-01
-4.180000e-02 3.141921e-01
-4.170000e-02 3.057216e-01
-4.160000e-02 2.986048e-01
-4.150000e-02 2.936847e-01
-4.140000e-02 2.910473e-01
-4.130000e-02 2.904553e-01
-4.120000e-02 2.914816e-01
-4.110000e-02 2.934541e-01
-4.100000e-02 2.952713e-01
-4.090000e-02 2.950961e-01
-4.080000e-02 2.899456e-01
-4.070000e-02 2.753393e-01
-4.060000e-02 2.456150e-01
-4.050000e-02 1.964102e-01
-4.040000e-02 1.312883e-01
-4.030000e-02 7.060338e-02
-4.020000e-02 4.889645e-02
-4.010000e-02 8.666382e-02
-4.000000e-02 1.634954e-01
-3.990000e-02 2.369034e-01
-3.980000e-02 2.807279e-01
-3.970000e-02 2.939418e-01
-3.960000e-02 2.870599e-01
-3.950000e-02 2.706756e-01
-3.940000e-02 2.518507e-01
-3.930000e-02 2.344999e-01
-3.920000e-02 2.206410e-01
-3.910000e-02 2.114502e-01
-3.900000e-02 2.080288e-01
-3.890000e-02 2.120572e-01
-3.880000e-02 2.264893e-01
-3.870000e-02 2.557220e-01
-3.860000e-02 2.989401e-01
-3.850000e-02 2.991291e-01
-3.840000e-02 1.144618e-01
-3.830000e-02 1.999378e-01
-3.820000e-02 3.365347e-01
-3.810000e-02 3.163151e-01
-3.800000e-02 2.786605e-01
-3.790000e-02 2.534209e-01
-3.780000e-02 2.398180e-01
-3.770000e-02 2.344064e-01
-3.760000e-02 2.346590e-01
-3.750000e-02 2.388866e-01
-3.740000e-02 2.458565e-01
-3.730000e-02 2.545128e-01
-3.720000e-02 2.638004e-01
-3.710000e-02 2.725739e-01
-3.700000e-02 2.795908e-01
-3.690000e-02 2.835975e-01
-3.680000e-02 2.835098e-01
-3.670000e-02 2.786555e-01
-3.660000e-02 2.690078e-01
-3.650000e-02 2.553136e-01
-3.640000e-02 2.390502e-01
-3.630000e-02 2.222144e-01
-3.620000e-02 2.070207e-01
-3.610000e-02 1.955960e-01
-3.600000e-02 1.897084e-01
-3.590000e-02 1.905030e-01
-3.580000e-02 1.982165e-01
-3.570000e-02 2.119319e-01
-3.560000e-02 2.295449e-01
-3.550000e-02 2.481183e-01
-3.540000e-02 2.646079e-01
-3.530000e-02 2.766754e-01
-3.520000e-02 2.832054e-01
-3.510000e-02 2.843350e-01
-3.500000e-02 2.810961e-01
-3.490000e-02 2.749312e-01
-3.480000e-02 2.672964e-01
-3.470000e-02 2.594358e-01
-3.460000e-02 2.523080e-01
-3.450000e-02 2.466078e-01
-3.440000e-02 2.428286e-01
-3.430000e-02 2.413311e-01
-3.420000e-02 2.424012e-01
-3.410000e-02 2.462864e-01
-3.400000e-02 2.532061e-01
-3.390000e-02 2.633238e-01
-3.380000e-02 2.766693e-01
-3.370000e-02 2.930032e-01
-3.360000e-02 3.116662e-01
-3.350000e-02 3.315622e-01
-3.340000e-02 3.514527e-01
-3.330000e-02 3.702491e-01
-3.320000e-02 3.861625e-01
-3.310000e-02 3.928597e-01
-3.300000e-02 3.696144e-01
-3.290000e-02 2.840167e-01
-3.280000e-02 1.578400e-01
-3.270000e-02 9.996811e-02
-3.260000e-02 1.501423e-01
-3.250000e-02 2.337832e-01
-3.240000e-02 2.928558e-01
-3.230000e-02 3.199904e-01
-3.220000e-02 3.262026e-01
-3.210000e-02 3.220202e-01
-3.200000e-02 3.139177e-01
-3.190000e-02 3.052896e-01
-3.180000e-02 2.977565e-01
-3.170000e-02 2.920189e-01
-3.160000e-02 2.883277e-01
-3.150000e-02 2.867249e-01
-3.140000e-02 2.871626e-01
-3.130000e-02 2.895580e-01
-3.120000e-02 2.938145e-01
-3.110000e-02 2.998253e-01
-3.100000e-02 3.074662e-01
-3.090000e-02 3.165808e-01
-3.080000e-02 3.269608e-01
-3.070000e-02 3.383228e-01
-3.060000e-02 3.502863e-01
-3.050000e-02 3.623590e-01
-3.040000e-02 3.739419e-01
-3.030000e-02 3.843670e-01
-3.020000e-02 3.929830e-01
-3.010000e-02 3.992844e-01
-3.000000e-02 4.030552e-01
-2.990000e-02 4.044571e-01
-2.980000e-02 4.039816e-01
-2.970000e-02 4.022283e-01
-2.960000e-02 3.995780e-01
-2.950000e-02 3.959470e-01
-2.940000e-02 3.908191e-01
-2.930000e-02 3.835603e-01
-2.920000e-02 3.737757e-01
-2.910000e-02 3.614758e-01
-2.900000e-02 3.470323e-01
-2.890000e-02 3.310351e-01
-2.880000e-02 3.141435e-01
-2.870000e-02 2.969768e-01
-2.860000e-02 2.800516e-01
-2.850000e-02 2.637589e-01
-2.840000e-02 2.483681e-01
-2.830000e-02 2.340444e-01
-2.820000e-02 2.208718e-01
-2.810000e-02 2.088751e-01
-2.800000e-02 1.980389e-01
-2.790000e-02 1.883225e-01
-2.780000e-02 1.796705e-01
-2.770000e-02 1.720216e-01
-2.760000e-02 1.653130e-01
-2.750000e-02 1.594846e-01
-2.740000e-02 1.544811e-01
-2.730000e-02 1.502532e-01
-2.720000e-02 1.467585e-01
-2.710000e-02 1.439615e-01
-2.700000e-02 1.418341e-01
-2.690000e-02 1.403552e-01
-2.680000e-02 1.395103e-01
-2.670000e-02 1.392916e-01
-2.660000e-02 1.396968e-01
-2.650000e-02 1.407290e-01
-2.640000e-02 1.423952e-01
-2.630000e-02 1.447052e-01
-2.620000e-02 1.476688e-01
-2.610000e-02 1.512935e-01
-2.600000e-02 1.555799e-01
-2.590000e-02 1.605162e-01
-2.580000e-02 1.660710e-01
-2.570000e-02 1.721852e-01
-2.560000e-02 1.787624e-01
-2.550000e-02 1.856609e-01
-2.540000e-02 1.926882e-01
-2.530000e-02 1.996028e-01
-2.520000e-02 2.061246e-01
-2.510000e-02 2.119578e-01
-2.500000e-02 2.168206e-01
-2.490000e-02 2.204796e-01
-2.480000e-02 2.227769e-01
-2.470000e-02 2.236486e-01
-2.460000e-02 2.231314e-01
-2.450000e-02 2.213617e-01
-2.440000e-02 2.185662e-01
-2.430000e-02 2.150439e-01
-2.420000e-02 2.111393e-01
-2.410000e-02 2.072135e-01
-2.400000e-02 2.036183e-01
-2.390000e-02 2.006800e-01
-2.380000e-02 1.986966e-01
-2.370000e-02 1.979440e-01
-2.360000e-02 1.986918e-01
-2.350000e-02 2.012241e-01
-2.340000e-02 2.058632e-01
-2.330000e-02 2.129952e-01
-2.320000e-02 2.230921e-01
-2.310000e-02 2.367210e-01
-2.300000e-02 2.545161e-01
-2.290000e-02 2.770549e-01
-2.280000e-02 3.045233e-01
-2.270000e-02 3.359651e-01
-2.260000e-02 3.679096e-01
-2.250000e-02 3.926919e-01
-2.240000e-02 3.986931e-01
-2.230000e-02 3.772707e-01
-2.220000e-02 3.361564e-01
-2.210000e-02 3.011589e-01
-2.200000e-02 2.929760e-01
-2.190000e-02 3.093704e-01
-2.180000e-02 3.356913e-01
-2.170000e-02 3.604330e-01
-2.160000e-02 3.787641e-01
-2.150000e-02 3.895516e-01
-2.140000e-02 3.925171e-01
-2.130000e-02 3.870238e-01
-2.120000e-02 3.721801e-01
-2.110000e-02 3.480110e-01
-2.100000e-02 3.172732e-01
-2.090000e-02 2.862623e-01
-2.080000e-02 2.622418e-01
-2.070000e-02 2.483918e-01
-2.060000e-02 2.417670e-01
-2.050000e-02 2.366900e-01
-2.040000e-02 2.290847e-01
-2.030000e-02 2.179113e-01
-2.020000e-02 2.045174e-01
-2.010000e-02 1.918123e-01
-2.000000e-02 1.837783e-01
-1.990000e-02 1.847962e-01
-1.980000e-02 1.982222e-01
-1.970000e-02 2.244729e-01
-1.960000e-02 2.599500e-01
-1.950000e-02 2.981187e-01
-1.940000e-02 3.323247e-01
-1.930000e-02 3.583244e-01
-1.920000e-02 3.750004e-01
-1.910000e-02 3.834582e-01
-1.900000e-02 3.856042e-01
-1.890000e-02 3.830103e-01
-1.880000e-02 3.762678e-01
-1.870000e-02 3.647325e-01
-1.860000e-02 3.466026e-01
-1.850000e-02 3.194816e-01
-1.840000e-02 2.817671e-01
-1.830000e-02 2.350017e-01
-1.820000e-02 1.862207e-01
-1.810000e-02 1.476412e-01
-1.800000e-02 1.314131e-01
-1.790000e-02 1.420020e-01
-1.780000e-02 1.732278e-01
-1.770000e-02 2.129110e-01
-1.760000e-02 2.500370e-01
-1.750000e-02 2.785539e-01
-1.740000e-02 2.970863e-01
-1.730000e-02 3.069576e-01
-1.720000e-02 3.104318e-01
-1.710000e-02 3.097274e-01
-1.700000e-02 3.066417e-01
-1.690000e-02 3.024999e-01
-1.680000e-02 2.982337e-01
-1.670000e-02 2.944872e-01
-1.660000e-02 2.917134e-01
-1.650000e-02 2.902493e-01
-1.640000e-02 2.903723e-01
-1.630000e-02 2.923400e-01
-1.620000e-02 2.964153e-01
-1.610000e-02 3.028749e-01
-1.600000e-02 3.119885e-01
-1.590000e-02 3.239379e-01
-1.580000e-02 3.386110e-01
-1.570000e-02 3.551422e-01
-1.560000e-02 3.710075e-01
-1.550000e-02 3.805850e-01
-1.540000e-02 3.739968e-01
-1.530000e-02 3.398327e-01
-1.520000e-02 2.776507e-01
-1.510000e-02 2.135954e-01
-1.500000e-02 1.862756e-01
-1.490000e-02 2.044379e-01
-1.480000e-02 2.431412e-01
-1.470000e-02 2.777252e-01
-1.460000e-02 2.992904e-01
-1.450000e-02 3.087516e-01
-1.440000e-02 3.094008e-01
-1.430000e-02 3.037989e-01
-1.420000e-02 2.932327e-01
-1.410000e-02 2.780126e-01
-1.400000e-02 2.580152e-01
-1.390000e-02 2.334949e-01
-1.380000e-02 2.064240e-01
-1.370000e-02 1.824339e-01
-1.360000e-02 1.722514e-01
-1.350000e-02 1.890663e-01
-1.340000e-02 2.382411e-01
-1.330000e-02 3.061289e-01
-1.320000e-02 3.658179e-01
-1.310000e-02 3.984390e-01
-1.300000e-02 4.033616e-01
-1.290000e-02 3.899782e-01
-1.280000e-02 3.676135e-01
-1.270000e-02 3.423381e-01
-1.260000e-02 3.178805e-01
-1.250000e-02 2.968648e-01
-1.240000e-02 2.811495e-01
-1.230000e-02 2.715606e-01
-1.220000e-02 2.676688e-01
-1.210000e-02 2.679971e-01
-1.200000e-02 2.705985e-01
-1.190000e-02 2.736796e-01
-1.180000e-02 2.759983e-01
-1.170000e-02 2.769625e-01
-1.160000e-02 2.765195e-01
-1.150000e-02 2.749645e-01
-1.140000e-02 2.727586e-01
-1.130000e-02 2.703970e-01
-1.120000e-02 2.683288e-01
-1.110000e-02 2.669142e-01
-1.100000e-02 2.664043e-01
-1.090000e-02 2.669301e-01
-1.080000e-02 2.684945e-01
-1.070000e-02 2.709672e-01
-1.060000e-02 2.740888e-01
-1.050000e-02 2.774950e-01
-1.040000e-02 2.807740e-01
-1.030000e-02 2.835515e-01
-1.020000e-02 2.855786e-01
-1.010000e-02 2.867662e-01
-1.000000e-02 2.871282e-01
-9.900000e-03 2.866598e-01
-9.800000e-03 2.852464e-01
-9.700000e-03 2.826840e-01
-9.600000e-03 2.787966e-01
-9.500000e-03 2.735533e-01
-9.400000e-03 2.671105e-01
-9.300000e-03 2.597728e-01
-9.200000e-03 2.519146e-01
-9.100000e-03 2.439070e-01
-9.000000e-03 2.360712e-01
-8.900000e-03 2.286601e-01
-8.800000e-03 2.218583e-01
-8.700000e-03 2.157933e-01
-8.600000e-03 2.105493e-01
-8.500000e-03 2.061820e-01
-8.400000e-03 2.027300e-01
-8.300000e-03 2.002253e-01
-8.200000e-03 1.987015e-01
-8.100000e-03 1.982007e-01
-8.000000e-03 1.987800e-01
-7.900000e-03 2.005179e-01
-7.800000e-03 2.035217e-01
-7.700000e-03 2.079364e-01
-7.600000e-03 2.139559e-01
-7.500000e-03 2.218386e-01
-7.400000e-03 2.319267e-01
-7.300000e-03 2.446713e-01
-7.200000e-03 2.606598e-01
-7.100000e-03 2.806278e-01
-7.000000e-03 3.054021e-01
-6.900000e-03 3.355743e-01
-6.800000e-03 3.702798e-01
-6.700000e-03 4.032708e-01
-6.600000e-03 4.132802e-01
-6.500000e-03 3.607916e-01
-6.400000e-03 2.763952e-01
-6.300000e-03 3.297432e-01
-6.200000e-03 4.441815e-01
-6.100000e-03 4.597332e-01
-6.000000e-03 4.017143e-01
-5.900000e-03 3.277703e-01
-5.800000e-03 2.793127e-01
-5.700000e-03 2.745965e-01
-5.600000e-03 3.021136e-01
-5.500000e-03 3.365229e-01
-5.400000e-03 3.605739e-01
-5.300000e-03 3.704257e-01
-5.200000e-03 3.695605e-01
-5.100000e-03 3.628721e-01
-5.000000e-03 3.541616e-01
-4.900000e-03 3.457567e-01
-4.800000e-03 3.388379e-01
-4.700000e-03 3.338248e-01
-4.600000e-03 3.306461e-01
-4.500000e-03 3.288853e-01
-4.400000e-03 3.278396e-01
-4.300000e-03 3.265328e-01
-4.200000e-03 3.237286e-01
-4.100000e-03 3.180009e-01
-4.000000e-03 3.079398e-01
-3.900000e-03 2.925690e-01
-3.800000e-03 2.719858e-01
-3.700000e-03 2.480455e-01
-3.600000e-03 2.246375e-01
-3.500000e-03 2.069866e-01
-3.400000e-03 1.998511e-01
-3.300000e-03 2.054430e-01
-3.200000e-03 2.224694e-01
-3.100000e-03 2.469958e-01
-3.000000e-03 2.744231e-01
-2.900000e-03 3.012341e-01
-2.800000e-03 3.257380e-01
-2.700000e-03 3.479101e-01
-2.600000e-03 3.688016e-01
-2.500000e-03 3.898733e-01
-2.400000e-03 4.123127e-01
-2.300000e-03 4.361277e-01
-2.200000e-03 4.586426e-01
-2.100000e-03 4.722134e-01
-2.000000e-03 4.626133e-01
-1.900000e-03 4.141030e-01
-1.800000e-03 3.290186e-01
-1.700000e-03 2.461282e-01
-1.600000e-03 2.121871e-01
-1.500000e-03 2.300300e-01
-1.400000e-03 2.669266e-01
-1.300000e-03 2.960798e-01
-1.200000e-03 3.090454e-01
-1.100000e-03 3.072611e-01
-1.000000e-03 2.943618e-01
-9.000000e-04 2.735181e-01
-8.000000e-04 2.474889e-01
-7.000000e-04 2.195143e-01
-6.000000e-04 1.940691e-01
-5.000000e-04 1.767296e-01
-4.000000e-04 1.726442e-01
-3.000000e-04 1.840220e-01
-2.000000e-04 2.083442e-01
-1.000000e-04 2.390486e-01
1.429412e-15 2.684748e-01
1.000000e-04 2.909165e-01
2.000000e-04 3.039345e-01
3.000000e-04 3.078683e-01
4.000000e-04 3.045826e-01
5.000000e-04 2.963553e-01
6.000000e-04 2.852315e-01
7.000000e-04 2.727824e-01
8.000000e-04 2.600964e-01
9.000000e-04 2.478673e-01
1.000000e-03 2.365011e-01
1.100000e-03 2.262089e-01
1.200000e-03 2.170779e-01
1.300000e-03 2.091199e-01
1.400000e-03 2.023055e-01
1.500000e-03 1.965843e-01
1.600000e-03 1.918988e-01
1.700000e-03 1.881924e-01
1.800000e-03 1.854137e-01
1.900000e-03 1.835193e-01
2.000000e-03 1.824756e-01
2.100000e-03 1.822587e-01
2.200000e-03 1.828554e-01
2.300000e-03 1.842628e-01
2.400000e-03 1.864881e-01
2.500000e-03 1.895485e-01
2.600000e-03 1.934702e-01
2.700000e-03 1.982872e-01
2.800000e-03 2.040389e-01
2.900000e-03 2.107659e-01
3.000000e-03 2.185029e-01
3.100000e-03 2.272673e-01
3.200000e-03 2.370402e-01
3.300000e-03 2.477387e-01
3.400000e-03 2.591730e-01
3.500000e-03 2.709887e-01
3.600000e-03 2.825928e-01
3.700000e-03 2.930722e-01
3.800000e-03 3.011326e-01
3.900000e-03 3.051048e-01
4.000000e-03 3.030915e-01
4.100000e-03 2.933179e-01
4.200000e-03 2.746796e-01
4.300000e-03 2.473378e-01
4.400000e-03 2.130734e-01
4.500000e-03 1.751348e-01
4.600000e-03 1.375598e-01
4.700000e-03 1.042710e-01
4.800000e-03 7.834956e-02
4.900000e-03 6.171164e-02
5.000000e-03 5.514086e-02
5.100000e-03 5.848693e-02
5.200000e-03 7.087322e-02
5.300000e-03 9.085833e-02
5.400000e-03 1.165761e-01
5.500000e-03 1.458974e-01
5.600000e-03 1.766339e-01
5.700000e-03 2.067619e-01
5.800000e-03 2.346261e-01
5.900000e-03 2.590777e-01
6.000000e-03 2.795251e-01
6.100000e-03 2.959033e-01
6.200000e-03 3.085847e-01
6.300000e-03 3.182640e-01
6.400000e-03 3.258434e-01
6.500000e-03 3.323364e-01
6.600000e-03 3.387955e-01
6.700000e-03 3.462659e-01
6.800000e-03 3.557557e-01
6.900000e-03 3.682049e-01
7.000000e-03 3.843865e-01
7.100000e-03 4.045259e-01
7.200000e-03 4.270696e-01
7.300000e-03 4.456578e-01
7.400000e-03 4.451976e-01
7.500000e-03 4.077549e-01
7.600000e-03 3.427705e-01
7.700000e-03 2.963142e-01
7.800000e-03 2.904014e-01
7.900000e-03 3.048643e-01
8.000000e-03 3.198207e-01
8.100000e-03 3.295086e-01
8.200000e-03 3.344668e-01
8.300000e-03 3.361527e-01
8.400000e-03 3.356289e-01
8.500000e-03 3.335710e-01
8.600000e-03 3.304356e-01
8.700000e-03 3.265592e-01
8.800000e-03 3.221970e-01
8.900000e-03 3.175344e-01
9.000000e-03 3.126886e-01
9.100000e-03 3.077077e-01
9.200000e-03 3.025680e-01
9.300000e-03 2.971713e-01
9.400000e-03 2.913413e-01
9.500000e-03 2.848219e-01
9.600000e-03 2.772818e-01
9.700000e-03 2.683307e-01
9.800000e-03 2.575596e-01
9.900000e-03 2.446161e-01
1.000000e-02 2.293263e-01
1.010000e-02 2.118607e-01
1.020000e-02 1.929129e-01
1.030000e-02 1.738188e-01
1.040000e-02 1.565054e-01
1.050000e-02 1.431777e-01
1.060000e-02 1.357633e-01
1.070000e-02 1.353049e-01
1.080000e-02 1.415967e-01
1.090000e-02 1.532669e-01
1.100000e-02 1.682565e-01
1.110000e-02 1.844328e-01
1.120000e-02 2.000625e-01
1.130000e-02 2.140186e-01
1.140000e-02 2.257557e-01
1.150000e-02 2.351593e-01
1.160000e-02 2.423706e-01
1.170000e-02 2.476389e-01
1.180000e-02 2.512212e-01
1.190000e-02 2.533225e-01
1.200000e-02 2.540659e-01
1.210000e-02 2.534806e-01
1.220000e-02 2.514999e-01
1.230000e-02 2.479661e-01
1.240000e-02 2.426416e-01
1.250000e-02 2.352307e-01
1.260000e-02 2.254214e-01
1.270000e-02 2.129605e-01
1.280000e-02 1.977814e-01
1.290000e-02 1.802031e-01
1.300000e-02 1.612046e-01
1.310000e-02 1.427296e-01
1.320000e-02 1.278840e-01
1.330000e-02 1.207625e-01
1.340000e-02 1.256046e-01
1.350000e-02 1.452284e-01
1.360000e-02 1.793182e-01
1.370000e-02 2.237054e-01
1.380000e-02 2.714551e-01
1.390000e-02 3.152660e-01
1.400000e-02 3.496641e-01
1.410000e-02 3.718620e-01
1.420000e-02 3.813623e-01
1.430000e-02 3.790958e-01
1.440000e-02 3.667596e-01
1.450000e-02 3.465580e-01
1.460000e-02 3.212305e-01
1.470000e-02 2.941373e-01
1.480000e-02 2.691984e-01
1.490000e-02 2.505630e-01
1.500000e-02 2.419659e-01
1.510000e-02 2.457214e-01
1.520000e-02 2.610618e-01
1.530000e-02 2.815442e-01
1.540000e-02 2.956097e-01
1.550000e-02 3.037337e-01
1.560000e-02 3.264214e-01
1.570000e-02 3.604861e-01
1.580000e-02 3.887428e-01
1.590000e-02 4.088061e-01
1.600000e-02 4.238889e-01
1.610000e-02 4.361556e-01
1.620000e-02 4.466892e-01
1.630000e-02 4.561668e-01
1.640000e-02 4.650784e-01
1.650000e-02 4.736074e-01
1.660000e-02 4.812305e-01
1.670000e-02 4.859437e-01
1.680000e-02 4.830113e-01
1.690000e-02 4.637030e-01
1.700000e-02 4.167180e-01
1.710000e-02 3.386578e-01
1.720000e-02 2.536604e-01
1.730000e-02 2.100098e-01
1.740000e-02 2.282179e-01
1.750000e-02 2.770352e-01
1.760000e-02 3.188425e-01
1.770000e-02 3.407231e-01
1.780000e-02 3.462596e-01
1.790000e-02 3.423927e-01
1.800000e-02 3.343402e-01
1.810000e-02 3.251485e-01
1.820000e-02 3.163913e-01
1.830000e-02 3.088163e-01
1.840000e-02 3.027520e-01
1.850000e-02 2.983316e-01
1.860000e-02 2.956101e-01
1.870000e-02 2.946233e-01
1.880000e-02 2.954164e-01
1.890000e-02 2.980548e-01
1.900000e-02 3.026230e-01
1.910000e-02 3.092096e-01
1.920000e-02 3.178712e-01
1.930000e-02 3.285593e-01
1.940000e-02 3.409832e-01
1.950000e-02 3.543711e-01
1.960000e-02 3.670929e-01
1.970000e-02 3.761865e-01
1.980000e-02 3.771026e-01
1.990000e-02 3.646176e-01
2.000000e-02 3.364702e-01
2.010000e-02 2.995756e-01
2.020000e-02 2.720151e-01
2.030000e-02 2.711088e-01
2.040000e-02 2.962957e-01
2.050000e-02 3.305971e-01
2.060000e-02 3.577290e-01
2.070000e-02 3.716826e-01
2.080000e-02 3.742254e-01
2.090000e-02 3.696209e-01
2.100000e-02 3.616830e-01
2.110000e-02 3.529962e-01
2.120000e-02 3.450392e-01
2.130000e-02 3.384422e-01
2.140000e-02 3.330396e-01
2.150000e-02 3.274640e-01
2.160000e-02 3.178442e-01
2.170000e-02 2.951690e-01
2.180000e-02 2.445491e-01
2.190000e-02 1.687693e-01
2.200000e-02 1.487271e-01
2.210000e-02 2.339323e-01
2.220000e-02 2.989478e-01
2.230000e-02 2.992685e-01
2.240000e-02 2.751423e-01
2.250000e-02 2.505697e-01
2.260000e-02 2.312698e-01
2.270000e-02 2.170770e-01
2.280000e-02 2.067866e-01
2.290000e-02 1.993492e-01
2.300000e-02 1.940344e-01
2.310000e-02 1.903741e-01
2.320000e-02 1.880871e-01
2.330000e-02 1.870221e-01
2.340000e-02 1.871207e-01
2.350000e-02 1.883951e-01
2.360000e-02 1.909143e-01
2.370000e-02 1.947965e-01
2.380000e-02 2.002014e-01
2.390000e-02 2.073193e-01
2.400000e-02 2.163456e-01
2.410000e-02 2.274239e-01
2.420000e-02 2.405270e-01
2.430000e-02 2.552185e-01
2.440000e-02 2.702250e-01
2.450000e-02 2.827866e-01
2.460000e-02 2.880580e-01
2.470000e-02 2.797169e-01
2.480000e-02 2.541472e-01
2.490000e-02 2.185438e-01
2.500000e-02 1.931565e-01
2.510000e-02 1.949381e-01
2.520000e-02 2.194399e-01
2.530000e-02 2.488397e-01
2.540000e-02 2.705975e-01
2.550000e-02 2.822771e-01
2.560000e-02 2.866222e-01
2.570000e-02 2.871177e-01
2.580000e-02 2.863339e-01
2.590000e-02 2.857867e-01
2.600000e-02 2.862254e-01
2.610000e-02 2.879270e-01
2.620000e-02 2.909081e-01
2.630000e-02 2.950705e-01
2.640000e-02 3.003093e-01
2.650000e-02 3.066029e-01
2.660000e-02 3.140805e-01
2.670000e-02 3.230271e-01
2.680000e-02 3.337062e-01
2.690000e-02 3.457452e-01
2.700000e-02 3.569706e-01
2.710000e-02 3.634443e-01
2.720000e-02 3.639450e-01
2.730000e-02 3.597059e-01
2.740000e-02 3.474230e-01
2.750000e-02 3.271268e-01
2.760000e-02 3.034061e-01
2.770000e-02 2.792097e-01
2.780000e-02 2.551103e-01
2.790000e-02 2.307212e-01
2.800000e-02 2.056131e-01
2.810000e-02 1.797076e-01
2.820000e-02 1.534376e-01
2.830000e-02 1.277976e-01
2.840000e-02 1.042919e-01
2.850000e-02 8.475786e-02
2.860000e-02 7.105749e-02
2.870000e-02 6.468328e-02
2.880000e-02 6.638216e-02
2.890000e-02 7.592559e-02
2.900000e-02 9.211791e-02
2.910000e-02 1.130456e-01
2.920000e-02 1.364763e-01
2.930000e-02 1.602707e-01
2.940000e-02 1.826907e-01
2.950000e-02 2.025473e-01
2.960000e-02 2.191962e-01
2.970000e-02 2.324216e-01
2.980000e-02 2.422481e-01
2.990000e-02 2.486978e-01
3.000000e-02 2.514815e-01
3.010000e-02 2.496201e-01
3.020000e-02 2.412104e-01
3.030000e-02 2.244618e-01
3.040000e-02 2.030417e-01
3.050000e-02 1.959270e-01
3.060000e-02 2.287770e-01
3.070000e-02 2.892400e-01
3.080000e-02 3.324096e-01
3.090000e-02 3.429769e-01
3.100000e-02 3.356554e-01
3.110000e-02 3.260653e-01
3.120000e-02 3.222256e-01
3.130000e-02 3.267313e-01
3.140000e-02 3.381342e-01
3.150000e-02 3.490497e-01
3.160000e-02 3.436547e-01
3.170000e-02 3.085230e-01
3.180000e-02 2.659514e-01
3.190000e-02 2.602979e-01
3.200000e-02 2.843599e-01
3.210000e-02 3.033224e-01
3.220000e-02 3.069391e-01
3.230000e-02 3.013916e-01
3.240000e-02 2.935539e-01
3.250000e-02 2.872751e-01
3.260000e-02 2.841779e-01
3.270000e-02 2.846971e-01
3.280000e-02 2.886193e-01
3.290000e-02 2.952308e-01
3.300000e-02 3.032243e-01
3.310000e-02 3.104561e-01
3.320000e-02 3.136671e-01
3.330000e-02 3.083990e-01
3.340000e-02 2.895753e-01
3.350000e-02 2.534054e-01
3.360000e-02 2.008563e-01
3.370000e-02 1.411450e-01
3.380000e-02 9.126638e-02
3.390000e-02 6.853433e-02
3.400000e-02 8.020891e-02
3.410000e-02 1.196433e-01
3.420000e-02 1.721845e-01
3.430000e-02 2.240908e-01
3.440000e-02 2.673665e-01
3.450000e-02 2.997023e-01
3.460000e-02 3.222672e-01
3.470000e-02 3.375529e-01
3.480000e-02 3.479148e-01
3.490000e-02 3.545390e-01
3.500000e-02 3.562999e-01
3.510000e-02 3.481777e-01
3.520000e-02 3.203579e-01
3.530000e-02 2.634525e-01
3.540000e-02 1.872211e-01
3.550000e-02 1.343275e-01
3.560000e-02 1.415602e-01
3.570000e-02 1.923133e-01
3.580000e-02 2.464664e-01
3.590000e-02 2.835586e-01
3.600000e-02 3.030045e-01
3.610000e-02 3.106088e-01
3.620000e-02 3.117062e-01
3.630000e-02 3.097705e-01
3.640000e-02 3.067799e-01
3.650000e-02 3.037797e-01
3.660000e-02 3.012845e-01
3.670000e-02 2.995184e-01
3.680000e-02 2.985485e-01
3.690000e-02 2.983572e-01
3.700000e-02 2.988815e-01
3.710000e-02 3.000332e-01
3.720000e-02 3.017111e-01
3.730000e-02 3.038079e-01
3.740000e-02 3.062156e-01
3.750000e-02 3.088285e-01
3.760000e-02 3.115470e-01
3.770000e-02 3.142778e-01
3.780000e-02 3.169338e-01
3.790000e-02 3.194294e-01
3.800000e-02 3.216725e-01
3.810000e-02 3.235508e-01
3.820000e-02 3.249119e-01
3.830000e-02 3.255357e-01
3.840000e-02 3.250991e-01
3.850000e-02 3.231318e-01
3.860000e-02 3.189701e-01
3.870000e-02 3.117192e-01
3.880000e-02 3.002558e-01
3.890000e-02 2.833286e-01
3.900000e-02 2.598462e-01
3.910000e-02 2.294553e-01
3.920000e-02 1.934197e-01
3.930000e-02 1.555316e-01
3.940000e-02 1.223233e-01
3.950000e-02 1.016517e-01
3.960000e-02 9.954795e-02
3.970000e-02 1.170061e-01
3.980000e-02 1.492384e-01
3.990000e-02 1.881243e-01
4.000000e-02 2.258670e-01
4.010000e-02 2.573836e-01
4.020000e-02 2.806716e-01
4.030000e-02 2.959369e-01
4.040000e-02 3.044918e-01
4.050000e-02 3.079510e-01
4.060000e-02 3.078029e-01
4.070000e-02 3.052520e-01
4.080000e-02 3.012065e-01
4.090000e-02 2.963251e-01
4.100000e-02 2.910790e-01
4.110000e-02 2.858081e-01
4.120000e-02 2.807655e-01
4.130000e-02 2.761514e-01
4.140000e-02 2.721363e-01
4.150000e-02 2.688777e-01
4.160000e-02 2.665311e-01
4.170000e-02 2.652569e-01
4.180000e-02 2.652230e-01
4.190000e-02 2.666028e-01
4.200000e-02 2.695639e-01
4.210000e-02 2.742412e-01
4.220000e-02 2.806788e-01
4.230000e-02 2.887174e-01
4.240000e-02 2.977835e-01
4.250000e-02 3.065318e-01
4.260000e-02 3.123261e-01
4.270000e-02 3.107709e-01
4.280000e-02 2.961682e-01
4.290000e-02 2.648354e-01
4.300000e-02 2.224404e-01
4.310000e-02 1.888054e-01
4.320000e-02 1.857587e-01
4.330000e-02 2.144212e-01
4.340000e-02 2.551835e-01
4.350000e-02 2.894678e-01
4.360000e-02 3.109953e-01
4.370000e-02 3.214745e-01
4.380000e-02 3.239636e-01
4.390000e-02 3.197577e-01
4.400000e-02 3.082547e-01
4.410000e-02 2.889861e-01
4.420000e-02 2.654321e-01
4.430000e-02 2.476862e-01
4.440000e-02 2.476443e-01
4.450000e-02 2.674327e-01
4.460000e-02 2.960193e-01
4.470000e-02 3.200491e-01
4.480000e-02 3.338321e-01
4.490000e-02 3.392146e-01
4.500000e-02 3.408558e-01
4.510000e-02 3.425612e-01
4.520000e-02 3.451407e-01
4.530000e-02 3.445927e-01
4.540000e-02 3.312313e-01
4.550000e-02 2.942409e-01
4.560000e-02 2.348198e-01
4.570000e-02 1.739335e-01
4.580000e-02 1.353892e-01
4.590000e-02 1.244124e-01
4.600000e-02 1.305802e-01
4.610000e-02 1.418826e-01
4.620000e-02 1.511754e-01
4.630000e-02 1.557701e-01
4.640000e-02 1.558065e-01
4.650000e-02 1.536560e-01
4.660000e-02 1.542104e-01
4.670000e-02 1.646842e-01
4.680000e-02 1.918541e-01
4.690000e-02 2.363926e-01
4.700000e-02 2.892470e-01
4.710000e-02 3.362617e-01
4.720000e-02 3.676335e-01
4.730000e-02 3.822713e-01
4.740000e-02 3.848938e-01
4.750000e-02 3.813611e-01
4.760000e-02 3.760944e-01
4.770000e-02 3.715865e-01
4.780000e-02 3.688044e-01
4.790000e-02 3.677157e-01
4.800000e-02 3.676994e-01
4.810000e-02 3.678631e-01
4.820000e-02 3.673493e-01
4.830000e-02 3.656764e-01
4.840000e-02 3.630298e-01
4.850000e-02 3.602801e-01
4.860000e-02 3.585175e-01
4.870000e-02 3.582365e-01
4.880000e-02 3.587461e-01
4.890000e-02 3.583197e-01
4.900000e-02 3.549537e-01
4.910000e-02 3.471450e-01
4.920000e-02 3.343031e-01
4.930000e-02 3.168164e-01
4.940000e-02 2.958796e-01
4.950000e-02 2.731319e-01
4.960000e-02 2.502141e-01
4.970000e-02 2.284284e-01
4.980000e-02 2.086081e-01
4.990000e-02 1.911618e-01
