0.000000e+00 0.000000e+00
5.000000e-04 0.000000e+00
1.000000e-03 0.000000e+00
1.500000e-03 0.000000e+00
2.000000e-03 0.000000e+00
2.500000e-03 0.000000e+00
3.000000e-03 0.000000e+00
3.500000e-03 0.000000e+00
4.000000e-03 0.000000e+00
4.500000e-03 0.000000e+00
5.000000e-03 0.000000e+00
5.500000e-03 0.000000e+00
6.000000e-03 0.000000e+00
6.500000e-03 0.000000e+00
7.000000e-03 0.000000e+00
7.500000e-03 0.000000e+00
8.000000e-03 0.000000e+00
8.500000e-03 0.000000e+00
9.000000e-03 0.000000e+00
9.500000e-03 0.000000e+00
1.000000e-02 0.000000e+00
1.050000e-02 0.000000e+00
1.100000e-02 0.000000e+00
1.150000e-02 0.000000e+00
1.200000e-02 0.000000e+00
1.250000e-02 0.000000e+00
1.300000e-02 0.000000e+00
1.350000e-02 0.000000e+00
1.400000e-02 0.000000e+00
1.450000e-02 0.000000e+00
1.500000e-02 0.000000e+00
1.550000e-02 0.000000e+00
1.600000e-02 0.000000e+00
1.650000e-02 0.000000e+00
1.700000e-02 0.000000e+00
1.750000e-02 0.000000e+00
1.800000e-02 0.000000e+00
1.850000e-02 0.000000e+00
1.900000e-02 0.000000e+00
1.950000e-02 0.000000e+00
2.000000e-02 0.000000e+00
2.050000e-02 7.751665e-02
2.100000e-02 7.745922e-02
2.150000e-02 6.532183e-02
2.200000e-02 5.473741e-02
2.250000e-02 4.605640e-02
2.300000e-02 3.895846e-02
2.350000e-02 3.310850e-02
2.400000e-02 2.823372e-02
2.450000e-02 2.412238e-02
2.500000e-02 2.061128e-02
2.550000e-02 1.757374e-02
2.600000e-02 1.491024e-02
2.650000e-02 1.254137e-02
2.700000e-02 1.040279e-02
2.750000e-02 8.441794e-03
2.800000e-02 6.615608e-03
2.850000e-02 4.892447e-03
2.900000e-02 3.258517e-03
2.950000e-02 1.741422e-03
3.000000e-02 4.862597e-04
3.050000e-02 3.254146e-05
3.100000e-02 2.566433e-03
3.150000e-02 2.017107e-02
3.200000e-02 1.848266e-01
3.250000e-02 4.987819e-01
3.300000e-02 1.415696e-01
3.350000e-02 6.617346e-02
3.400000e-02 4.171570e-02
3.450000e-02 3.019006e-02
3.500000e-02 2.354239e-02
3.550000e-02 1.919278e-02
3.600000e-02 1.608869e-02
3.650000e-02 1.372690e-02
3.700000e-02 1.183810e-02
3.750000e-02 1.026542e-02
3.800000e-02 8.911222e-03
3.850000e-02 7.711531e-03
3.900000e-02 6.622810e-03
3.950000e-02 5.614868e-03
4.000000e-02 4.667085e-03
4.050000e-02 3.766686e-03
4.100000e-02 2.908590e-03
4.150000e-02 2.096798e-03
4.200000e-02 1.347762e-03
4.250000e-02 6.967428e-04
4.300000e-02 2.090972e-04
4.350000e-02 1.621701e-07
4.400000e-02 2.705932e-04
4.450000e-02 1.370263e-03
4.500000e-02 3.915991e-03
4.550000e-02 9.011758e-03
4.600000e-02 1.866112e-02
4.650000e-02 3.651140e-02
4.700000e-02 6.900271e-02
4.750000e-02 1.261338e-01
4.800000e-02 2.172410e-01
4.850000e-02 3.316473e-01
4.900000e-02 4.220360e-01
4.950000e-02 4.576524e-01
5.000000e-02 4.574779e-01
5.050000e-02 4.421573e-01
5.100000e-02 4.236955e-01
5.150000e-02 4.089917e-01
5.200000e-02 4.008930e-01
5.250000e-02 3.999394e-01
5.300000e-02 4.054911e-01
5.350000e-02 4.158917e-01
5.400000e-02 4.279003e-01
5.450000e-02 4.356636e-01
5.500000e-02 4.291905e-01
5.550000e-02 3.920797e-01
5.600000e-02 3.094604e-01
5.650000e-02 1.976283e-01
5.700000e-02 9.815092e-02
5.750000e-02 3.400355e-02
5.800000e-02 4.279673e-03
5.850000e-02 2.208197e-03
5.900000e-02 2.644350e-02
5.950000e-02 8.926826e-02
6.000000e-02 2.376825e-01
6.050000e-02 4.981856e-01
6.100000e-02 4.415612e-01
6.150000e-02 2.230102e-01
6.200000e-02 3.863682e-02
6.250000e-02 5.752115e-04
6.300000e-02 1.152968e-02
6.350000e-02 5.025908e-02
6.400000e-02 1.134649e-01
6.450000e-02 1.984819e-01
6.500000e-02 2.920368e-01
6.550000e-02 3.678545e-01
6.600000e-02 4.059863e-01
6.650000e-02 4.082474e-01
6.700000e-02 3.861971e-01
6.750000e-02 3.514623e-01
6.800000e-02 3.134102e-01
6.850000e-02 2.776228e-01
6.900000e-02 2.463894e-01
6.950000e-02 2.201146e-01
7.000000e-02 1.983934e-01
7.050000e-02 1.805779e-01
7.100000e-02 1.660210e-01
7.150000e-02 1.541615e-01
7.200000e-02 1.445421e-01
7.250000e-02 1.368027e-01
7.300000e-02 1.306665e-01
7.350000e-02 1.259262e-01
7.400000e-02 1.224329e-01
7.450000e-02 1.200887e-01
7.500000e-02 1.188422e-01
7.550000e-02 1.186889e-01
7.600000e-02 1.196754e-01
7.650000e-02 1.219105e-01
7.700000e-02 1.255867e-01
7.750000e-02 1.310185e-01
7.800000e-02 1.387126e-01
7.850000e-02 1.495009e-01
7.900000e-02 1.648098e-01
7.950000e-02 1.872505e-01
8.000000e-02 2.220609e-01
8.050000e-02 2.811704e-01
8.100000e-02 4.032557e-01
8.150000e-02 5.004110e-01
8.200000e-02 2.918990e-01
8.250000e-02 5.065071e-01
8.300000e-02 2.833610e-01
8.350000e-02 1.387513e-01
8.400000e-02 8.741945e-02
8.450000e-02 7.202184e-02
8.500000e-02 7.101420e-02
8.550000e-02 7.665151e-02
8.600000e-02 8.598463e-02
8.650000e-02 9.788475e-02
8.700000e-02 1.119930e-01
8.750000e-02 1.283145e-01
8.800000e-02 1.470453e-01
8.850000e-02 1.684867e-01
8.900000e-02 1.929854e-01
8.950000e-02 2.208667e-01
9.000000e-02 2.523365e-01
9.050000e-02 2.873276e-01
9.100000e-02 3.252762e-01
9.150000e-02 3.648469e-01
9.200000e-02 4.037127e-01
9.250000e-02 4.386388e-01
9.300000e-02 4.662237e-01
9.350000e-02 4.843716e-01
9.400000e-02 4.936538e-01
9.450000e-02 4.969231e-01
9.500000e-02 4.968045e-01
9.550000e-02 4.934937e-01
9.600000e-02 4.852924e-01
9.650000e-02 4.708396e-01
9.700000e-02 4.504465e-01
9.750000e-02 4.258193e-01
9.800000e-02 3.991257e-01
9.850000e-02 3.722807e-01
9.900000e-02 3.466638e-01
9.950000e-02 3.231269e-01
1.000000e-01 3.021210e-01
1.005000e-01 2.838378e-01
1.010000e-01 2.683275e-01
1.015000e-01 2.555867e-01
1.020000e-01 2.456237e-01
1.025000e-01 2.385131e-01
1.030000e-01 2.344506e-01
1.035000e-01 2.338238e-01
1.040000e-01 2.373151e-01
1.045000e-01 2.460561e-01
1.050000e-01 2.618261e-01
1.055000e-01 2.870966e-01
1.060000e-01 3.237807e-01
1.065000e-01 3.662072e-01
1.070000e-01 3.820655e-01
1.075000e-01 3.132802e-01
1.080000e-01 1.878673e-01
1.085000e-01 1.021561e-01
1.090000e-01 6.230888e-02
1.095000e-01 4.575985e-02
1.100000e-01 3.962575e-02
1.105000e-01 3.862722e-02
1.110000e-01 4.139347e-02
1.115000e-01 5.030782e-02
1.120000e-01 7.884666e-02
1.125000e-01 1.019950e-01
1.130000e-01 4.791990e-02
1.135000e-01 3.495211e-02
1.140000e-01 3.214161e-02
1.145000e-01 3.155400e-02
1.150000e-01 3.162715e-02
1.155000e-01 3.194584e-02
1.160000e-01 3.237651e-02
1.165000e-01 3.287276e-02
1.170000e-01 3.341987e-02
1.175000e-01 3.401611e-02
1.180000e-01 3.466565e-02
1.185000e-01 3.537566e-02
1.190000e-01 3.615519e-02
1.195000e-01 3.701473e-02
1.200000e-01 3.796608e-02
1.205000e-01 3.902254e-02
1.210000e-01 4.019912e-02
1.215000e-01 4.151285e-02
1.220000e-01 4.298322e-02
1.225000e-01 4.463267e-02
1.230000e-01 4.648719e-02
1.235000e-01 4.857696e-02
1.240000e-01 5.093725e-02
1.245000e-01 5.360928e-02
1.250000e-01 5.664128e-02
1.255000e-01 6.008964e-02
1.260000e-01 6.402007e-02
1.265000e-01 6.850858e-02
1.270000e-01 7.364218e-02
1.275000e-01 7.951858e-02
1.280000e-01 8.624429e-02
1.285000e-01 9.392969e-02
1.290000e-01 1.026792e-01
1.295000e-01 1.125737e-01
1.300000e-01 1.236418e-01
1.305000e-01 1.358173e-01
1.310000e-01 1.488822e-01
1.315000e-01 1.624032e-01
1.320000e-01 1.756828e-01
1.325000e-01 1.877610e-01
1.330000e-01 1.975116e-01
1.335000e-01 2.038481e-01
1.340000e-01 2.059949e-01
1.345000e-01 2.037161e-01
1.350000e-01 1.973865e-01
1.355000e-01 1.878679e-01
1.360000e-01 1.762595e-01
1.365000e-01 1.636397e-01
1.370000e-01 1.508936e-01
1.375000e-01 1.386456e-01
1.380000e-01 1.272740e-01
1.385000e-01 1.169629e-01
1.390000e-01 1.077632e-01
1.395000e-01 9.964300e-02
1.400000e-01 9.252589e-02
1.405000e-01 8.631554e-02
1.410000e-01 8.091097e-02
1.415000e-01 7.621506e-02
1.420000e-01 7.213879e-02
1.425000e-01 6.860290e-02
1.430000e-01 6.553809e-02
1.435000e-01 6.288453e-02
1.440000e-01 6.059093e-02
1.445000e-01 5.861355e-02
1.450000e-01 5.691523e-02
1.455000e-01 5.546446e-02
1.460000e-01 5.423460e-02
1.465000e-01 5.320316e-02
1.470000e-01 5.235122e-02
1.475000e-01 5.166296e-02
1.480000e-01 5.112520e-02
1.485000e-01 5.072709e-02
1.490000e-01 5.045985e-02
1.495000e-01 5.031652e-02
1.500000e-01 5.029186e-02
1.505000e-01 5.038215e-02
1.510000e-01 5.058518e-02
1.515000e-01 5.090021e-02
1.520000e-01 5.132794e-02
1.525000e-01 5.187064e-02
1.530000e-01 5.253220e-02
1.535000e-01 5.331834e-02
1.540000e-01 5.423685e-02
1.545000e-01 5.529791e-02
1.550000e-01 5.651462e-02
1.555000e-01 5.790357e-02
1.560000e-01 5.948575e-02
1.565000e-01 6.128768e-02
1.570000e-01 6.334307e-02
1.575000e-01 6.569506e-02
1.580000e-01 6.839940e-02
1.585000e-01 7.152910e-02
1.590000e-01 7.518125e-02
1.595000e-01 7.948730e-02
1.600000e-01 8.462912e-02
1.605000e-01 9.086464e-02
1.610000e-01 9.857046e-02
1.615000e-01 1.083155e-01
1.620000e-01 1.209943e-01
1.625000e-01 1.380812e-01
1.630000e-01 1.621416e-01
1.635000e-01 1.979143e-01
1.640000e-01 2.545944e-01
1.645000e-01 3.490612e-01
1.650000e-01 4.825392e-01
1.655000e-01 2.730573e-01
1.660000e-01 3.692916e-01
1.665000e-01 3.742415e-01
1.670000e-01 1.707739e-01
1.675000e-01 8.914238e-02
1.680000e-01 5.710612e-02
1.685000e-01 4.422335e-02
1.690000e-01 3.959196e-02
1.695000e-01 3.892152e-02
1.700000e-01 4.035175e-02
1.705000e-01 4.301285e-02
1.710000e-01 4.647512e-02
1.715000e-01 5.051674e-02
1.720000e-01 5.501628e-02
1.725000e-01 5.989797e-02
1.730000e-01 6.510057e-02
1.735000e-01 7.055773e-02
1.740000e-01 7.618496e-02
1.745000e-01 8.187180e-02
1.750000e-01 8.747984e-02
1.755000e-01 9.284759e-02
1.760000e-01 9.780268e-02
1.765000e-01 1.021800e-01
1.770000e-01 1.058419e-01
1.775000e-01 1.086963e-01
1.780000e-01 1.107054e-01
1.785000e-01 1.118850e-01
1.790000e-01 1.122915e-01
1.795000e-01 1.119987e-01
1.800000e-01 1.110537e-01
1.805000e-01 1.093091e-01
1.810000e-01 1.053030e-01
1.815000e-01 1.038938e-01
1.820000e-01 1.029624e-01
1.825000e-01 1.022633e-01
1.830000e-01 1.017179e-01
1.835000e-01 1.012878e-01
1.840000e-01 1.009502e-01
1.845000e-01 1.006902e-01
1.850000e-01 1.004969e-01
1.855000e-01 1.003624e-01
1.860000e-01 1.002804e-01
1.865000e-01 1.002460e-01
1.870000e-01 1.002553e-01
1.875000e-01 1.003050e-01
1.880000e-01 1.003925e-01
1.885000e-01 1.005156e-01
1.890000e-01 1.006728e-01
1.895000e-01 1.008626e-01
1.900000e-01 1.010840e-01
1.905000e-01 1.013362e-01
1.910000e-01 1.016187e-01
1.915000e-01 1.019313e-01
1.920000e-01 1.022738e-01
1.925000e-01 1.026464e-01
1.930000e-01 1.030493e-01
1.935000e-01 1.034829e-01
1.940000e-01 1.039480e-01
1.945000e-01 1.044452e-01
1.950000e-01 1.049755e-01
1.955000e-01 1.055399e-01
1.960000e-01 1.061399e-01
1.965000e-01 1.067767e-01
1.970000e-01 1.074521e-01
1.975000e-01 1.081677e-01
1.980000e-01 1.089256e-01
1.985000e-01 1.097281e-01
1.990000e-01 1.105774e-01
1.995000e-01 1.114764e-01
2.000000e-01 1.124279e-01
2.005000e-01 1.134352e-01
2.010000e-01 1.145018e-01
2.015000e-01 1.156317e-01
2.020000e-01 1.168292e-01
2.025000e-01 1.180990e-01
2.030000e-01 1.194464e-01
2.035000e-01 1.208771e-01
2.040000e-01 1.223976e-01
2.045000e-01 1.240149e-01
2.050000e-01 1.257368e-01
2.055000e-01 1.275722e-01
2.060000e-01 1.295306e-01
2.065000e-01 1.316231e-01
2.070000e-01 1.338615e-01
2.075000e-01 1.362596e-01
2.080000e-01 1.388325e-01
2.085000e-01 1.415973e-01
2.090000e-01 1.445733e-01
2.095000e-01 1.477822e-01
2.100000e-01 1.512485e-01
2.105000e-01 1.550004e-01
2.110000e-01 1.590693e-01
2.115000e-01 1.634915e-01
2.120000e-01 1.683083e-01
2.125000e-01 1.735668e-01
2.130000e-01 1.793211e-01
2.135000e-01 1.856335e-01
2.140000e-01 1.925753e-01
2.145000e-01 2.002288e-01
2.150000e-01 2.086890e-01
2.155000e-01 2.180650e-01
2.160000e-01 2.284826e-01
2.165000e-01 2.400861e-01
2.170000e-01 2.530401e-01
2.175000e-01 2.675309e-01
2.180000e-01 2.837664e-01
2.185000e-01 3.019732e-01
2.190000e-01 3.223888e-01
2.195000e-01 3.452453e-01
2.200000e-01 3.707370e-01
2.205000e-01 3.989637e-01
2.210000e-01 4.298304e-01
2.215000e-01 4.628819e-01
2.220000e-01 4.970374e-01
2.225000e-01 5.301939e-01
2.230000e-01 5.586967e-01
2.235000e-01 5.767945e-01
2.240000e-01 5.764994e-01
2.245000e-01 5.488342e-01
2.250000e-01 4.879855e-01
2.255000e-01 3.990138e-01
2.260000e-01 3.051503e-01
2.265000e-01 2.439799e-01
2.270000e-01 2.457471e-01
2.275000e-01 3.096124e-01
2.280000e-01 4.046807e-01
2.285000e-01 4.943003e-01
2.290000e-01 5.564532e-01
2.295000e-01 5.865562e-01
2.300000e-01 5.902123e-01
2.305000e-01 5.759466e-01
2.310000e-01 5.513568e-01
2.315000e-01 5.219576e-01
2.320000e-01 4.913021e-01
2.325000e-01 4.614801e-01
2.330000e-01 4.336058e-01
2.335000e-01 4.081887e-01
2.340000e-01 3.853829e-01
2.345000e-01 3.651462e-01
2.350000e-01 3.473365e-01
2.355000e-01 3.317687e-01
2.360000e-01 3.182471e-01
2.365000e-01 3.065831e-01
2.370000e-01 2.966040e-01
2.375000e-01 2.881570e-01
2.380000e-01 2.811106e-01
2.385000e-01 2.753543e-01
2.390000e-01 2.707977e-01
2.395000e-01 2.673699e-01
2.400000e-01 2.650184e-01
2.405000e-01 2.637094e-01
2.410000e-01 2.634270e-01
2.415000e-01 2.641754e-01
2.420000e-01 2.659799e-01
2.425000e-01 2.688912e-01
2.430000e-01 2.729909e-01
2.435000e-01 2.784003e-01
2.440000e-01 2.852950e-01
2.445000e-01 2.939267e-01
2.450000e-01 3.046596e-01
2.455000e-01 3.180289e-01
2.460000e-01 3.348387e-01
2.465000e-01 3.563276e-01
2.470000e-01 3.844456e-01
2.475000e-01 4.222885e-01
2.480000e-01 4.746021e-01
2.485000e-01 5.473552e-01
2.490000e-01 6.407374e-01
2.495000e-01 7.134187e-01
2.500000e-01 6.079415e-01
2.505000e-01 2.967087e-01
2.510000e-01 2.778742e-01
2.515000e-01 4.665224e-01
2.520000e-01 5.810366e-01
2.525000e-01 6.233371e-01
2.530000e-01 6.335325e-01
2.535000e-01 6.293036e-01
2.540000e-01 6.157531e-01
2.545000e-01 5.940956e-01
2.550000e-01 5.661128e-01
2.555000e-01 5.366632e-01
2.560000e-01 5.144715e-01
2.565000e-01 5.102688e-01
2.570000e-01 5.321828e-01
2.575000e-01 5.808603e-01
2.580000e-01 6.482563e-01
2.585000e-01 7.214653e-01
2.590000e-01 7.885886e-01
2.595000e-01 8.425385e-01
2.600000e-01 8.813861e-01
2.605000e-01 9.065596e-01
2.610000e-01 9.206879e-01
2.615000e-01 9.260403e-01
2.620000e-01 9.236974e-01
2.625000e-01 9.132604e-01
2.630000e-01 8.929184e-01
2.635000e-01 8.598345e-01
2.640000e-01 8.109363e-01
2.645000e-01 7.442328e-01
2.650000e-01 6.606149e-01
2.655000e-01 5.656539e-01
2.660000e-01 4.703163e-01
2.665000e-01 3.893207e-01
2.670000e-01 3.368048e-01
2.675000e-01 3.209953e-01
2.680000e-01 3.409714e-01
2.685000e-01 3.875705e-01
2.690000e-01 4.475967e-01
2.695000e-01 5.085459e-01
2.700000e-01 5.615585e-01
2.705000e-01 6.020949e-01
2.710000e-01 6.291160e-01
2.715000e-01 6.437733e-01
2.720000e-01 6.482514e-01
2.725000e-01 6.449830e-01
2.730000e-01 6.362195e-01
2.735000e-01 6.238486e-01
2.740000e-01 6.093587e-01
2.745000e-01 5.938737e-01
2.750000e-01 5.782149e-01
2.755000e-01 5.629667e-01
2.760000e-01 5.485346e-01
2.765000e-01 5.351932e-01
2.770000e-01 5.231236e-01
2.775000e-01 5.124422e-01
2.780000e-01 5.032212e-01
2.785000e-01 4.955038e-01
2.790000e-01 4.893153e-01
2.795000e-01 4.846702e-01
2.800000e-01 4.815764e-01
2.805000e-01 4.800379e-01
2.810000e-01 4.800542e-01
2.815000e-01 4.816185e-01
2.820000e-01 4.847125e-01
2.825000e-01 4.892982e-01
2.830000e-01 4.953057e-01
2.835000e-01 5.026149e-01
2.840000e-01 5.110308e-01
2.845000e-01 5.202492e-01
2.850000e-01 5.298135e-01
2.855000e-01 5.390617e-01
2.860000e-01 5.470697e-01
2.865000e-01 5.526049e-01
2.870000e-01 5.541189e-01
2.875000e-01 5.498319e-01
2.880000e-01 5.379842e-01
2.885000e-01 5.173382e-01
2.890000e-01 4.879552e-01
2.895000e-01 4.520990e-01
2.900000e-01 4.148127e-01
2.905000e-01 3.834778e-01
2.910000e-01 3.658697e-01
2.915000e-01 3.671705e-01
2.920000e-01 3.875292e-01
2.925000e-01 4.218452e-01
2.930000e-01 4.619789e-01
2.935000e-01 4.998984e-01
2.940000e-01 5.299668e-01
2.945000e-01 5.496247e-01
2.950000e-01 5.588475e-01
2.955000e-01 5.591400e-01
2.960000e-01 5.526284e-01
2.965000e-01 5.414605e-01
2.970000e-01 5.275034e-01
2.975000e-01 5.122444e-01
2.980000e-01 4.968051e-01
2.985000e-01 4.820026e-01
2.990000e-01 4.684234e-01
2.995000e-01 4.564931e-01
3.000000e-01 4.465343e-01
3.005000e-01 4.388156e-01
3.010000e-01 4.335898e-01
3.015000e-01 4.311278e-01
3.020000e-01 4.317481e-01
3.025000e-01 4.358446e-01
3.030000e-01 4.439130e-01
3.035000e-01 4.565716e-01
3.040000e-01 4.745627e-01
3.045000e-01 4.987013e-01
3.050000e-01 5.296801e-01
3.055000e-01 5.675203e-01
3.060000e-01 6.101760e-01
3.065000e-01 6.502886e-01
3.070000e-01 6.687282e-01
3.075000e-01 6.268281e-01
3.080000e-01 4.790983e-01
3.085000e-01 2.626754e-01
3.090000e-01 1.861764e-01
3.095000e-01 3.536269e-01
3.100000e-01 5.487676e-01
3.105000e-01 6.174223e-01
3.110000e-01 5.890164e-01
3.115000e-01 5.247593e-01
3.120000e-01 4.577985e-01
3.125000e-01 3.997071e-01
3.130000e-01 3.525803e-01
3.135000e-01 3.153221e-01
3.140000e-01 2.861173e-01
3.145000e-01 2.632527e-01
3.150000e-01 2.453214e-01
3.155000e-01 2.312200e-01
3.160000e-01 2.200848e-01
3.165000e-01 2.112045e-01
3.170000e-01 2.038531e-01
3.175000e-01 1.949127e-01
3.180000e-01 1.942975e-01
3.185000e-01 1.942639e-01
3.190000e-01 1.950702e-01
3.195000e-01 1.966868e-01
3.200000e-01 1.990770e-01
3.205000e-01 2.022122e-01
3.210000e-01 2.060746e-01
3.215000e-01 2.106563e-01
3.220000e-01 2.159590e-01
3.225000e-01 2.219927e-01
3.230000e-01 2.287748e-01
3.235000e-01 2.363301e-01
3.240000e-01 2.446892e-01
3.245000e-01 2.538886e-01
3.250000e-01 2.639694e-01
3.255000e-01 2.749768e-01
3.260000e-01 2.869586e-01
3.265000e-01 2.999633e-01
3.270000e-01 3.140382e-01
3.275000e-01 3.292259e-01
3.280000e-01 3.455600e-01
3.285000e-01 3.630594e-01
3.290000e-01 3.817208e-01
3.295000e-01 4.015087e-01
3.300000e-01 4.223441e-01
3.305000e-01 4.440906e-01
3.310000e-01 4.665395e-01
3.315000e-01 4.893966e-01
3.320000e-01 5.122735e-01
3.325000e-01 5.346911e-01
3.330000e-01 5.561039e-01
3.335000e-01 5.759547e-01
3.340000e-01 5.937700e-01
3.345000e-01 6.092907e-01
3.350000e-01 6.226136e-01
3.355000e-01 6.342877e-01
3.360000e-01 6.452843e-01
3.365000e-01 6.567742e-01
3.370000e-01 6.697276e-01
3.375000e-01 6.844724e-01
3.380000e-01 7.004371e-01
3.385000e-01 7.162450e-01
3.390000e-01 7.301414e-01
3.395000e-01 7.405398e-01
3.400000e-01 7.464333e-01
3.405000e-01 7.475323e-01
3.410000e-01 7.441565e-01
3.415000e-01 7.370001e-01
3.420000e-01 7.268934e-01
3.425000e-01 7.146310e-01
3.430000e-01 7.008820e-01
3.435000e-01 6.861655e-01
3.440000e-01 6.708644e-01
3.445000e-01 6.552544e-01
3.450000e-01 6.395337e-01
3.455000e-01 6.238468e-01
3.460000e-01 6.083015e-01
3.465000e-01 5.929815e-01
3.470000e-01 5.779548e-01
3.475000e-01 5.632792e-01
3.480000e-01 5.490071e-01
3.485000e-01 5.351873e-01
3.490000e-01 5.218660e-01
3.495000e-01 5.090874e-01
3.500000e-01 4.968922e-01
3.505000e-01 4.853175e-01
3.510000e-01 4.743954e-01
3.515000e-01 4.641531e-01
3.520000e-01 4.546124e-01
3.525000e-01 4.457899e-01
3.530000e-01 4.376975e-01
3.535000e-01 4.303427e-01
3.540000e-01 4.237300e-01
3.545000e-01 4.178606e-01
3.550000e-01 4.127340e-01
3.555000e-01 4.083485e-01
3.560000e-01 4.047014e-01
3.565000e-01 4.017898e-01
3.570000e-01 3.996112e-01
3.575000e-01 3.981633e-01
3.580000e-01 3.974447e-01
3.585000e-01 3.974548e-01
3.590000e-01 3.981937e-01
3.595000e-01 3.996624e-01
3.600000e-01 4.018619e-01
3.605000e-01 4.047935e-01
3.610000e-01 4.084576e-01
3.615000e-01 4.128531e-01
3.620000e-01 4.179764e-01
3.625000e-01 4.238195e-01
3.630000e-01 4.303683e-01
3.635000e-01 4.376001e-01
3.640000e-01 4.454806e-01
3.645000e-01 4.539595e-01
3.650000e-01 4.629662e-01
3.655000e-01 4.724030e-01
3.660000e-01 4.821387e-01
3.665000e-01 4.919988e-01
3.670000e-01 5.017559e-01
3.675000e-01 5.111182e-01
3.680000e-01 5.197167e-01
3.685000e-01 5.270939e-01
3.690000e-01 5.326927e-01
3.695000e-01 5.358518e-01
3.700000e-01 5.358090e-01
3.705000e-01 5.317211e-01
3.710000e-01 5.227055e-01
3.715000e-01 5.079151e-01
3.720000e-01 4.866523e-01
3.725000e-01 4.585272e-01
3.730000e-01 4.236511e-01
3.735000e-01 3.828428e-01
3.740000e-01 3.377992e-01
3.745000e-01 2.911636e-01
3.750000e-01 2.464170e-01
3.755000e-01 2.075413e-01
3.760000e-01 1.784664e-01
3.765000e-01 1.623989e-01
3.770000e-01 1.612047e-01
3.775000e-01 1.750356e-01
3.780000e-01 2.023213e-01
3.785000e-01 2.401269e-01
3.790000e-01 2.847497e-01
3.795000e-01 3.323707e-01
3.800000e-01 3.795949e-01
3.805000e-01 4.237863e-01
3.810000e-01 4.631895e-01
3.815000e-01 4.968824e-01
3.820000e-01 5.246293e-01
3.825000e-01 5.466974e-01
3.830000e-01 5.636803e-01
3.835000e-01 5.763516e-01
3.840000e-01 5.855562e-01
3.845000e-01 5.921380e-01
3.850000e-01 5.968963e-01
3.855000e-01 6.005642e-01
3.860000e-01 6.038010e-01
3.865000e-01 6.071924e-01
3.870000e-01 6.112543e-01
3.875000e-01 6.164337e-01
3.880000e-01 6.231044e-01
3.885000e-01 6.315477e-01
3.890000e-01 6.419119e-01
3.895000e-01 6.541333e-01
3.900000e-01 6.677968e-01
3.905000e-01 6.819025e-01
3.910000e-01 6.944974e-01
3.915000e-01 7.021443e-01
3.920000e-01 6.992855e-01
3.925000e-01 6.778348e-01
3.930000e-01 6.279788e-01
3.935000e-01 5.421702e-01
3.940000e-01 4.243712e-01
3.945000e-01 3.018245e-01
3.950000e-01 2.247808e-01
3.955000e-01 2.373358e-01
3.960000e-01 3.372438e-01
3.965000e-01 4.747605e-01
3.970000e-01 5.944945e-01
3.975000e-01 6.686186e-01
3.980000e-01 6.968856e-01
3.985000e-01 6.916918e-01
3.990000e-01 6.666111e-01
3.995000e-01 6.319069e-01
4.000000e-01 5.940948e-01
4.005000e-01 5.568514e-01
4.010000e-01 5.220244e-01
4.015000e-01 4.903866e-01
4.020000e-01 4.621219e-01
4.025000e-01 4.371138e-01
4.030000e-01 4.151092e-01
4.035000e-01 3.958075e-01
4.040000e-01 3.789063e-01
4.045000e-01 3.641235e-01
4.050000e-01 3.512063e-01
4.055000e-01 3.399333e-01
4.060000e-01 3.301132e-01
4.065000e-01 3.215827e-01
4.070000e-01 3.142025e-01
4.075000e-01 3.078551e-01
4.080000e-01 3.024410e-01
4.085000e-01 2.978767e-01
4.090000e-01 2.940920e-01
4.095000e-01 2.910284e-01
4.100000e-01 2.886377e-01
4.105000e-01 2.868798e-01
4.110000e-01 2.857224e-01
4.115000e-01 2.851398e-01
4.120000e-01 2.851118e-01
4.125000e-01 2.856233e-01
4.130000e-01 2.866637e-01
4.135000e-01 2.882263e-01
4.140000e-01 2.903077e-01
4.145000e-01 2.929078e-01
4.150000e-01 2.960290e-01
4.155000e-01 2.996758e-01
4.160000e-01 3.038546e-01
4.165000e-01 3.085732e-01
4.170000e-01 3.138402e-01
4.175000e-01 3.196646e-01
4.180000e-01 3.260548e-01
4.185000e-01 3.330186e-01
4.190000e-01 3.405617e-01
4.195000e-01 3.486878e-01
4.200000e-01 3.573967e-01
4.205000e-01 3.666844e-01
4.210000e-01 3.765420e-01
4.215000e-01 3.869553e-01
4.220000e-01 3.979043e-01
4.225000e-01 4.093636e-01
4.230000e-01 4.213030e-01
4.235000e-01 4.336886e-01
4.240000e-01 4.464852e-01
4.245000e-01 4.596584e-01
4.250000e-01 4.731786e-01
4.255000e-01 4.870239e-01
4.260000e-01 5.011840e-01
4.265000e-01 5.156628e-01
4.270000e-01 5.304809e-01
4.275000e-01 5.456750e-01
4.280000e-01 5.612962e-01
4.285000e-01 5.774042e-01
4.290000e-01 5.940584e-01
4.295000e-01 6.113052e-01
4.300000e-01 6.291604e-01
4.305000e-01 6.475876e-01
4.310000e-01 6.664716e-01
4.315000e-01 6.855899e-01
4.320000e-01 7.045823e-01
4.325000e-01 7.229238e-01
4.330000e-01 7.399072e-01
4.335000e-01 7.546419e-01
4.340000e-01 7.660817e-01
4.345000e-01 7.730888e-01
4.350000e-01 7.745423e-01
4.355000e-01 7.694857e-01
4.360000e-01 7.572963e-01
4.365000e-01 7.378414e-01
4.370000e-01 7.115763e-01
4.375000e-01 6.795413e-01
4.380000e-01 6.432401e-01
4.385000e-01 6.044196e-01
4.390000e-01 5.648083e-01
4.395000e-01 5.258935e-01
4.400000e-01 4.888095e-01
4.405000e-01 4.543763e-01
4.410000e-01 4.232948e-01
4.415000e-01 3.964635e-01
4.420000e-01 3.753475e-01
4.425000e-01 3.622831e-01
4.430000e-01 3.605327e-01
4.435000e-01 3.738580e-01
4.440000e-01 4.054454e-01
4.445000e-01 4.563214e-01
4.450000e-01 5.238950e-01
4.455000e-01 6.015891e-01
4.460000e-01 6.801665e-01
4.465000e-01 7.503182e-01
4.470000e-01 8.052000e-01
4.475000e-01 8.417161e-01
4.480000e-01 8.602811e-01
4.485000e-01 8.636405e-01
4.490000e-01 8.555321e-01
4.495000e-01 8.396815e-01
4.500000e-01 8.192553e-01
4.505000e-01 7.966780e-01
4.510000e-01 7.736644e-01
4.515000e-01 7.513450e-01
4.520000e-01 7.304104e-01
4.525000e-01 7.112410e-01
4.530000e-01 6.940085e-01
4.535000e-01 6.787512e-01
4.540000e-01 6.654262e-01
4.545000e-01 6.539443e-01
4.550000e-01 6.441932e-01
4.555000e-01 6.360517e-01
4.560000e-01 6.293984e-01
4.565000e-01 6.241167e-01
4.570000e-01 6.200970e-01
4.575000e-01 6.172379e-01
4.580000e-01 6.154459e-01
4.585000e-01 6.146351e-01
4.590000e-01 6.147264e-01
4.595000e-01 6.156457e-01
4.600000e-01 6.173239e-01
4.605000e-01 6.196944e-01
4.610000e-01 6.226930e-01
4.615000e-01 6.262560e-01
4.620000e-01 6.303195e-01
4.625000e-01 6.348180e-01
4.630000e-01 6.396834e-01
4.635000e-01 6.448439e-01
4.640000e-01 6.502236e-01
4.645000e-01 6.557407e-01
4.650000e-01 6.613080e-01
4.655000e-01 6.668316e-01
4.660000e-01 6.722114e-01
4.665000e-01 6.773412e-01
4.670000e-01 6.821094e-01
4.675000e-01 6.864009e-01
4.680000e-01 6.900991e-01
4.685000e-01 6.930890e-01
4.690000e-01 6.952622e-01
4.695000e-01 6.965215e-01
4.700000e-01 6.967880e-01
4.705000e-01 6.960088e-01
4.710000e-01 6.941650e-01
4.715000e-01 6.912813e-01
4.720000e-01 6.874340e-01
4.725000e-01 6.827584e-01
4.730000e-01 6.774546e-01
4.735000e-01 6.717883e-01
4.740000e-01 6.660887e-01
4.745000e-01 6.607388e-01
4.750000e-01 6.561617e-01
4.755000e-01 6.527981e-01
4.760000e-01 6.510810e-01
4.765000e-01 6.514054e-01
4.770000e-01 6.540973e-01
4.775000e-01 6.593858e-01
4.780000e-01 6.673796e-01
4.785000e-01 6.780525e-01
4.790000e-01 6.912379e-01
4.795000e-01 7.066351e-01
4.800000e-01 7.238231e-01
4.805000e-01 7.422829e-01
4.810000e-01 7.614217e-01
4.815000e-01 7.805980e-01
4.820000e-01 7.991420e-01
4.825000e-01 8.163719e-01
4.830000e-01 8.316074e-01
4.835000e-01 8.441853e-01
4.840000e-01 8.534826e-01
4.845000e-01 8.589511e-01
4.850000e-01 8.601599e-01
4.855000e-01 8.568373e-01
4.860000e-01 8.488944e-01
4.865000e-01 8.364147e-01
4.870000e-01 8.195864e-01
4.875000e-01 7.985254e-01
4.880000e-01 7.726917e-01
4.885000e-01 7.307367e-01
4.890000e-01 7.210421e-01
4.895000e-01 7.079202e-01
4.900000e-01 6.951267e-01
4.905000e-01 6.828384e-01
4.910000e-01 6.710372e-01
4.915000e-01 6.596625e-01
4.920000e-01 6.486426e-01
4.925000e-01 6.379057e-01
4.930000e-01 6.273852e-01
4.935000e-01 6.170229e-01
4.940000e-01 6.067722e-01
4.945000e-01 5.966001e-01
4.950000e-01 5.864904e-01
4.955000e-01 5.764452e-01
4.960000e-01 5.664869e-01
4.965000e-01 5.566594e-01
4.970000e-01 5.470278e-01
4.975000e-01 5.376777e-01
4.980000e-01 5.287122e-01
4.985000e-01 5.202474e-01
4.990000e-01 5.124066e-01
4.995000e-01 5.053126e-01
