0.000000e+00 0.000000e+00
5.000000e-04 0.000000e+00
1.000000e-03 0.000000e+00
1.500000e-03 0.000000e+00
2.000000e-03 0.000000e+00
2.500000e-03 0.000000e+00
3.000000e-03 0.000000e+00
3.500000e-03 0.000000e+00
4.000000e-03 0.000000e+00
4.500000e-03 0.000000e+00
5.000000e-03 0.000000e+00
5.500000e-03 0.000000e+00
6.000000e-03 0.000000e+00
6.500000e-03 0.000000e+00
7.000000e-03 0.000000e+00
7.500000e-03 0.000000e+00
8.000000e-03 0.000000e+00
8.500000e-03 0.000000e+00
9.000000e-03 0.000000e+00
9.500000e-03 0.000000e+00
1.000000e-02 0.000000e+00
1.050000e-02 0.000000e+00
1.100000e-02 0.000000e+00
1.150000e-02 0.000000e+00
1.200000e-02 0.000000e+00
1.250000e-02 0.000000e+00
1.300000e-02 0.000000e+00
1.350000e-02 0.000000e+00
1.400000e-02 0.000000e+00
1.450000e-02 0.000000e+00
1.500000e-02 0.000000e+00
1.550000e-02 0.000000e+00
1.600000e-02 0.000000e+00
1.650000e-02 0.000000e+00
1.700000e-02 0.000000e+00
1.750000e-02 0.000000e+00
1.800000e-02 0.000000e+00
1.850000e-02 0.000000e+00
1.900000e-02 0.000000e+00
1.950000e-02 0.000000e+00
2.000000e-02 0.000000e+00
2.050000e-02 7.614512e-04
2.100000e-02 1.055820e-03
2.150000e-02 1.018377e-03
2.200000e-02 9.798676e-04
2.250000e-02 9.558146e-04
2.300000e-02 9.439791e-04
2.350000e-02 9.414850e-04
2.400000e-02 9.462966e-04
2.450000e-02 9.571083e-04
2.500000e-02 9.731283e-04
2.550000e-02 9.939224e-04
2.600000e-02 1.019317e-03
2.650000e-02 1.049344e-03
2.700000e-02 1.084209e-03
2.750000e-02 1.124284e-03
2.800000e-02 1.170114e-03
2.850000e-02 1.222435e-03
2.900000e-02 1.282213e-03
2.950000e-02 1.350698e-03
3.000000e-02 1.429511e-03
3.050000e-02 1.520757e-03
3.100000e-02 1.627205e-03
3.150000e-02 1.752546e-03
3.200000e-02 1.901789e-03
3.250000e-02 2.081879e-03
3.300000e-02 2.302682e-03
3.350000e-02 2.578638e-03
3.400000e-02 2.931648e-03
3.450000e-02 3.396354e-03
3.500000e-02 4.030492e-03
3.550000e-02 4.936758e-03
3.600000e-02 6.313844e-03
3.650000e-02 8.591974e-03
3.700000e-02 1.286364e-02
3.750000e-02 2.267183e-02
3.800000e-02 5.568424e-02
3.850000e-02 3.245206e-01
3.900000e-02 2.049319e-01
3.950000e-02 3.074165e-02
4.000000e-02 9.920517e-03
4.050000e-02 4.260052e-03
4.100000e-02 2.086495e-03
4.150000e-02 1.086895e-03
4.200000e-02 5.766748e-04
4.250000e-02 3.003766e-04
4.300000e-02 1.470263e-04
4.350000e-02 6.293422e-05
4.400000e-02 1.995120e-05
4.450000e-02 2.366906e-06
4.500000e-02 9.576589e-07
4.550000e-02 1.006859e-05
4.600000e-02 2.609093e-05
4.650000e-02 4.662375e-05
4.700000e-02 6.998961e-05
4.750000e-02 9.494121e-05
4.800000e-02 1.204746e-04
4.850000e-02 1.457034e-04
4.900000e-02 1.697677e-04
4.950000e-02 1.917654e-04
5.000000e-02 2.106957e-04
5.050000e-02 2.254154e-04
5.100000e-02 2.346107e-04
5.150000e-02 2.367956e-04
5.200000e-02 2.303619e-04
5.250000e-02 2.137272e-04
5.300000e-02 1.856651e-04
5.350000e-02 1.459724e-04
5.400000e-02 9.674506e-05
5.450000e-02 4.474199e-05
5.500000e-02 5.666377e-06
5.550000e-02 1.176117e-05
5.600000e-02 1.249906e-04
5.650000e-02 4.592790e-04
5.700000e-02 1.216598e-03
5.750000e-02 2.742394e-03
5.800000e-02 5.604472e-03
5.850000e-02 1.069470e-02
5.900000e-02 1.934708e-02
5.950000e-02 3.346892e-02
6.000000e-02 5.570343e-02
6.050000e-02 8.963734e-02
6.100000e-02 1.398233e-01
6.150000e-02 2.103384e-01
6.200000e-02 2.983112e-01
6.250000e-02 3.814101e-01
6.300000e-02 4.238770e-01
6.350000e-02 4.128645e-01
6.400000e-02 3.602949e-01
6.450000e-02 2.925404e-01
6.500000e-02 2.316198e-01
6.550000e-02 1.845548e-01
6.600000e-02 1.503393e-01
6.650000e-02 1.261561e-01
6.700000e-02 1.095971e-01
6.750000e-02 9.915316e-02
6.800000e-02 9.435756e-02
6.850000e-02 9.628441e-02
6.900000e-02 1.096720e-01
6.950000e-02 1.531859e-01
7.000000e-02 3.226154e-01
7.050000e-02 2.896868e-01
7.100000e-02 2.221796e-02
7.150000e-02 1.413964e-03
7.200000e-02 3.696401e-05
7.250000e-02 7.447432e-04
7.300000e-02 1.498871e-03
7.350000e-02 2.038145e-03
7.400000e-02 2.377012e-03
7.450000e-02 2.565799e-03
7.500000e-02 2.648333e-03
7.550000e-02 2.656876e-03
7.600000e-02 2.614053e-03
7.650000e-02 2.535472e-03
7.700000e-02 2.431821e-03
7.750000e-02 2.310359e-03
7.800000e-02 2.175935e-03
7.850000e-02 2.031657e-03
7.900000e-02 1.879302e-03
7.950000e-02 1.719463e-03
8.000000e-02 1.551283e-03
8.050000e-02 1.370677e-03
8.100000e-02 1.143520e-03
8.150000e-02 1.317752e-03
8.200000e-02 1.360345e-03
8.250000e-02 1.403683e-03
8.300000e-02 1.463815e-03
8.350000e-02 1.548379e-03
8.400000e-02 1.663036e-03
8.450000e-02 1.813169e-03
8.500000e-02 2.004607e-03
8.550000e-02 2.244066e-03
8.600000e-02 2.539513e-03
8.650000e-02 2.900526e-03
8.700000e-02 3.338701e-03
8.750000e-02 3.868109e-03
8.800000e-02 4.505846e-03
8.850000e-02 5.272668e-03
8.900000e-02 6.193731e-03
8.950000e-02 7.299410e-03
9.000000e-02 8.626169e-03
9.050000e-02 1.021739e-02
9.100000e-02 1.212398e-02
9.150000e-02 1.440451e-02
9.200000e-02 1.712434e-02
9.250000e-02 2.035315e-02
9.300000e-02 2.415986e-02
9.350000e-02 2.860399e-02
9.400000e-02 3.372266e-02
9.450000e-02 3.951340e-02
9.500000e-02 4.591518e-02
9.550000e-02 5.279264e-02
9.600000e-02 5.993192e-02
9.650000e-02 6.705603e-02
9.700000e-02 7.386294e-02
9.750000e-02 8.007953e-02
9.800000e-02 8.551476e-02
9.850000e-02 9.009371e-02
9.900000e-02 9.386247e-02
9.950000e-02 9.696732e-02
1.000000e-01 9.962048e-02
1.005000e-01 1.020662e-01
1.010000e-01 1.045557e-01
1.015000e-01 1.073331e-01
1.020000e-01 1.106303e-01
1.025000e-01 1.146667e-01
1.030000e-01 1.196470e-01
1.035000e-01 1.257500e-01
1.040000e-01 1.330978e-01
1.045000e-01 1.416845e-01
1.050000e-01 1.512433e-01
1.055000e-01 1.610337e-01
1.060000e-01 1.695901e-01
1.065000e-01 1.746293e-01
1.070000e-01 1.735091e-01
1.075000e-01 1.644890e-01
1.080000e-01 1.481345e-01
1.085000e-01 1.274035e-01
1.090000e-01 1.060461e-01
1.095000e-01 8.685550e-02
1.100000e-01 7.109671e-02
1.105000e-01 5.889652e-02
1.110000e-01 4.983271e-02
1.115000e-01 4.333564e-02
1.120000e-01 3.887712e-02
1.125000e-01 3.602957e-02
1.130000e-01 3.446500e-02
1.135000e-01 3.393114e-02
1.140000e-01 3.422047e-02
1.145000e-01 3.513826e-02
1.150000e-01 3.647405e-02
1.155000e-01 3.798345e-02
1.160000e-01 3.939084e-02
1.165000e-01 4.042089e-02
1.170000e-01 4.085399e-02
1.175000e-01 4.058107e-02
1.180000e-01 3.962644e-02
1.185000e-01 3.812447e-02
1.190000e-01 3.626556e-02
1.195000e-01 3.424102e-02
1.200000e-01 3.220749e-02
1.205000e-01 3.027454e-02
1.210000e-01 2.850810e-02
1.215000e-01 2.694066e-02
1.220000e-01 2.558230e-02
1.225000e-01 2.442975e-02
1.230000e-01 2.347285e-02
1.235000e-01 2.269868e-02
1.240000e-01 2.209422e-02
1.245000e-01 2.164769e-02
1.250000e-01 2.134946e-02
1.255000e-01 2.119233e-02
1.260000e-01 2.117185e-02
1.265000e-01 2.128637e-02
1.270000e-01 2.153722e-02
1.275000e-01 2.192892e-02
1.280000e-01 2.246942e-02
1.285000e-01 2.317054e-02
1.290000e-01 2.404858e-02
1.295000e-01 2.512507e-02
1.300000e-01 2.642785e-02
1.305000e-01 2.799243e-02
1.310000e-01 2.986379e-02
1.315000e-01 3.209860e-02
1.320000e-01 3.476802e-02
1.325000e-01 3.796107e-02
1.330000e-01 4.178850e-02
1.335000e-01 4.638679e-02
1.340000e-01 5.192148e-02
1.345000e-01 5.858784e-02
1.350000e-01 6.660556e-02
1.355000e-01 7.620081e-02
1.360000e-01 8.756636e-02
1.365000e-01 1.007874e-01
1.370000e-01 1.157261e-01
1.375000e-01 1.318774e-01
1.380000e-01 1.482579e-01
1.385000e-01 1.634382e-01
1.390000e-01 1.758250e-01
1.395000e-01 1.841492e-01
1.400000e-01 1.879128e-01
1.405000e-01 1.875099e-01
1.410000e-01 1.839739e-01
1.415000e-01 1.785588e-01
1.420000e-01 1.723985e-01
1.425000e-01 1.663451e-01
1.430000e-01 1.609553e-01
1.435000e-01 1.565490e-01
1.440000e-01 1.532843e-01
1.445000e-01 1.512210e-01
1.450000e-01 1.503661e-01
1.455000e-01 1.507017e-01
1.460000e-01 1.522020e-01
1.465000e-01 1.548405e-01
1.470000e-01 1.585929e-01
1.475000e-01 1.634349e-01
1.480000e-01 1.693379e-01
1.485000e-01 1.762613e-01
1.490000e-01 1.841427e-01
1.495000e-01 1.928852e-01
1.500000e-01 2.023429e-01
1.505000e-01 2.123046e-01
1.510000e-01 2.224769e-01
1.515000e-01 2.324687e-01
1.520000e-01 2.417753e-01
1.525000e-01 2.497603e-01
1.530000e-01 2.556192e-01
1.535000e-01 2.582849e-01
1.540000e-01 2.561740e-01
1.545000e-01 2.465180e-01
1.550000e-01 2.241262e-01
1.555000e-01 2.035655e-01
1.560000e-01 4.292725e-01
1.565000e-01 4.710571e-01
1.570000e-01 4.071919e-01
1.575000e-01 3.738620e-01
1.580000e-01 3.530207e-01
1.585000e-01 3.379576e-01
1.590000e-01 3.261915e-01
1.595000e-01 3.167033e-01
1.600000e-01 3.090465e-01
1.605000e-01 3.030190e-01
1.610000e-01 2.985271e-01
1.615000e-01 2.955242e-01
1.620000e-01 2.939817e-01
1.625000e-01 2.938718e-01
1.630000e-01 2.951558e-01
1.635000e-01 2.977732e-01
1.640000e-01 3.016287e-01
1.645000e-01 3.065776e-01
1.650000e-01 3.124093e-01
1.655000e-01 3.188315e-01
1.660000e-01 3.254594e-01
1.665000e-01 3.318157e-01
1.670000e-01 3.373482e-01
1.675000e-01 3.414694e-01
1.680000e-01 3.436177e-01
1.685000e-01 3.433343e-01
1.690000e-01 3.403393e-01
1.695000e-01 3.345926e-01
1.700000e-01 3.263198e-01
1.705000e-01 3.159933e-01
1.710000e-01 3.042694e-01
1.715000e-01 2.918989e-01
1.720000e-01 2.796389e-01
1.725000e-01 2.681904e-01
1.730000e-01 2.581741e-01
1.735000e-01 2.501463e-01
1.740000e-01 2.446496e-01
1.745000e-01 2.422976e-01
1.750000e-01 2.439042e-01
1.755000e-01 2.506872e-01
1.760000e-01 2.646069e-01
1.765000e-01 2.889278e-01
1.770000e-01 3.289333e-01
1.775000e-01 3.909855e-01
1.780000e-01 4.674307e-01
1.785000e-01 4.997431e-01
1.790000e-01 4.496855e-01
1.795000e-01 2.284876e-01
1.800000e-01 9.116360e-02
1.805000e-01 3.829009e-02
1.810000e-01 6.039843e-02
1.815000e-01 7.564680e-02
1.820000e-01 8.422535e-02
1.825000e-01 9.078882e-02
1.830000e-01 9.638539e-02
1.835000e-01 1.014131e-01
1.840000e-01 1.060738e-01
1.845000e-01 1.104906e-01
1.850000e-01 1.147472e-01
1.855000e-01 1.189042e-01
1.860000e-01 1.230070e-01
1.865000e-01 1.270903e-01
1.870000e-01 1.311802e-01
1.875000e-01 1.352968e-01
1.880000e-01 1.394551e-01
1.885000e-01 1.436662e-01
1.890000e-01 1.479382e-01
1.895000e-01 1.522774e-01
1.900000e-01 1.566891e-01
1.905000e-01 1.611786e-01
1.910000e-01 1.657524e-01
1.915000e-01 1.704188e-01
1.920000e-01 1.751898e-01
1.925000e-01 1.800818e-01
1.930000e-01 1.851166e-01
1.935000e-01 1.903230e-01
1.940000e-01 1.957372e-01
1.945000e-01 2.014041e-01
1.950000e-01 2.073777e-01
1.955000e-01 2.137218e-01
1.960000e-01 2.205098e-01
1.965000e-01 2.278252e-01
1.970000e-01 2.357605e-01
1.975000e-01 2.444168e-01
1.980000e-01 2.539015e-01
1.985000e-01 2.643257e-01
1.990000e-01 2.757995e-01
1.995000e-01 2.884254e-01
2.000000e-01 3.022878e-01
2.005000e-01 3.174391e-01
2.010000e-01 3.338794e-01
2.015000e-01 3.515320e-01
2.020000e-01 3.702117e-01
2.025000e-01 3.895941e-01
2.030000e-01 4.091899e-01
2.035000e-01 4.283409e-01
2.040000e-01 4.462571e-01
2.045000e-01 4.621130e-01
2.050000e-01 4.752045e-01
2.055000e-01 4.851326e-01
2.060000e-01 4.919335e-01
2.065000e-01 4.960643e-01
2.070000e-01 4.982144e-01
2.075000e-01 4.990328e-01
2.080000e-01 4.989379e-01
2.085000e-01 4.981270e-01
2.090000e-01 4.967480e-01
2.095000e-01 4.951034e-01
2.100000e-01 4.937608e-01
2.105000e-01 4.935223e-01
2.110000e-01 4.952055e-01
2.115000e-01 4.990014e-01
2.120000e-01 5.024319e-01
2.125000e-01 4.934114e-01
2.130000e-01 4.289796e-01
2.135000e-01 2.216300e-01
2.140000e-01 1.013028e-01
2.145000e-01 4.526399e-01
2.150000e-01 4.568239e-01
2.155000e-01 3.218864e-01
2.160000e-01 2.353738e-01
2.165000e-01 1.895000e-01
2.170000e-01 1.646443e-01
2.175000e-01 1.502128e-01
2.180000e-01 1.411115e-01
2.185000e-01 1.348527e-01
2.190000e-01 1.301662e-01
2.195000e-01 1.263707e-01
2.200000e-01 1.230821e-01
2.205000e-01 1.200744e-01
2.210000e-01 1.172095e-01
2.215000e-01 1.144015e-01
2.220000e-01 1.115971e-01
2.225000e-01 1.087652e-01
2.230000e-01 1.058900e-01
2.235000e-01 1.029676e-01
2.240000e-01 1.000026e-01
2.245000e-01 9.700610e-02
2.250000e-01 9.399369e-02
2.255000e-01 9.098386e-02
2.260000e-01 8.799650e-02
2.265000e-01 8.505164e-02
2.270000e-01 8.216845e-02
2.275000e-01 7.936450e-02
2.280000e-01 7.665523e-02
2.285000e-01 7.405368e-02
2.290000e-01 7.157038e-02
2.295000e-01 6.921339e-02
2.300000e-01 6.698848e-02
2.305000e-01 6.489936e-02
2.310000e-01 6.294796e-02
2.315000e-01 6.113473e-02
2.320000e-01 5.945896e-02
2.325000e-01 5.791898e-02
2.330000e-01 5.651252e-02
2.335000e-01 5.523683e-02
2.340000e-01 5.408895e-02
2.345000e-01 5.306583e-02
2.350000e-01 5.216452e-02
2.355000e-01 5.138220e-02
2.360000e-01 5.071636e-02
2.365000e-01 5.016483e-02
2.370000e-01 4.972586e-02
2.375000e-01 4.939816e-02
2.380000e-01 4.918096e-02
2.385000e-01 4.907405e-02
2.390000e-01 4.907779e-02
2.395000e-01 4.919315e-02
2.400000e-01 4.942177e-02
2.405000e-01 4.976594e-02
2.410000e-01 5.022863e-02
2.415000e-01 5.081354e-02
2.420000e-01 5.152509e-02
2.425000e-01 5.236841e-02
2.430000e-01 5.334935e-02
2.435000e-01 5.447446e-02
2.440000e-01 5.575088e-02
2.445000e-01 5.718631e-02
2.450000e-01 5.878880e-02
2.455000e-01 6.056653e-02
2.460000e-01 6.252747e-02
2.465000e-01 6.467896e-02
2.470000e-01 6.702697e-02
2.475000e-01 6.957536e-02
2.480000e-01 7.232466e-02
2.485000e-01 7.527073e-02
2.490000e-01 7.840299e-02
2.495000e-01 8.170233e-02
2.500000e-01 8.513884e-02
2.505000e-01 8.866932e-02
2.510000e-01 9.223502e-02
2.515000e-01 9.575998e-02
2.520000e-01 9.915056e-02
2.525000e-01 1.022968e-01
2.530000e-01 1.050764e-01
2.535000e-01 1.073618e-01
2.540000e-01 1.090300e-01
2.545000e-01 1.099748e-01
2.550000e-01 1.101192e-01
2.555000e-01 1.094260e-01
2.560000e-01 1.079048e-01
2.565000e-01 1.056129e-01
2.570000e-01 1.026499e-01
2.575000e-01 9.914834e-02
2.580000e-01 9.526120e-02
2.585000e-01 9.114984e-02
2.590000e-01 8.697452e-02
2.595000e-01 8.288933e-02
2.600000e-01 7.904273e-02
2.605000e-01 7.558482e-02
2.610000e-01 7.268361e-02
2.615000e-01 7.055546e-02
2.620000e-01 6.952205e-02
2.625000e-01 7.012284e-02
2.630000e-01 7.335439e-02
2.635000e-01 8.121766e-02
2.640000e-01 9.802875e-02
2.645000e-01 1.332774e-01
2.650000e-01 2.023694e-01
2.655000e-01 2.824340e-01
2.660000e-01 2.589466e-01
2.665000e-01 1.752558e-01
2.670000e-01 1.186472e-01
2.675000e-01 8.760376e-02
2.680000e-01 6.989518e-02
2.685000e-01 5.899786e-02
2.690000e-01 5.181942e-02
2.695000e-01 4.683126e-02
2.700000e-01 4.322633e-02
2.705000e-01 4.055090e-02
2.710000e-01 3.853574e-02
2.715000e-01 3.701384e-02
2.720000e-01 3.587801e-02
2.725000e-01 3.505787e-02
2.730000e-01 3.450676e-02
2.735000e-01 3.419406e-02
2.740000e-01 3.410060e-02
2.745000e-01 3.421577e-02
2.750000e-01 3.453585e-02
2.755000e-01 3.506299e-02
2.760000e-01 3.580473e-02
2.765000e-01 3.677390e-02
2.770000e-01 3.798880e-02
2.775000e-01 3.947369e-02
2.780000e-01 4.125956e-02
2.785000e-01 4.338523e-02
2.790000e-01 4.589878e-02
2.795000e-01 4.885949e-02
2.800000e-01 5.234028e-02
2.805000e-01 5.643082e-02
2.810000e-01 6.124163e-02
2.815000e-01 6.690916e-02
2.820000e-01 7.360235e-02
2.825000e-01 8.153092e-02
2.830000e-01 9.095574e-02
2.835000e-01 1.022016e-01
2.840000e-01 1.156722e-01
2.845000e-01 1.318674e-01
2.850000e-01 1.513990e-01
2.855000e-01 1.750000e-01
2.860000e-01 2.035129e-01
2.865000e-01 2.378260e-01
2.870000e-01 2.786963e-01
2.875000e-01 3.263387e-01
2.880000e-01 3.795745e-01
2.885000e-01 4.342545e-01
2.890000e-01 4.808298e-01
2.895000e-01 5.020222e-01
2.900000e-01 4.747201e-01
2.905000e-01 3.842768e-01
2.910000e-01 2.523565e-01
2.915000e-01 1.467452e-01
2.920000e-01 1.316637e-01
2.925000e-01 2.054278e-01
2.930000e-01 3.139800e-01
2.935000e-01 4.083369e-01
2.940000e-01 4.694970e-01
2.945000e-01 4.994715e-01
2.950000e-01 5.073657e-01
2.955000e-01 5.020116e-01
2.960000e-01 4.898449e-01
2.965000e-01 4.749895e-01
2.970000e-01 4.598848e-01
2.975000e-01 4.458695e-01
2.980000e-01 4.335933e-01
2.985000e-01 4.232792e-01
2.990000e-01 4.148855e-01
2.995000e-01 4.082103e-01
3.000000e-01 4.029668e-01
3.005000e-01 3.988449e-01
3.010000e-01 3.955610e-01
3.015000e-01 3.928930e-01
3.020000e-01 3.906959e-01
3.025000e-01 3.889002e-01
3.030000e-01 3.874960e-01
3.035000e-01 3.865126e-01
3.040000e-01 3.859985e-01
3.045000e-01 3.860068e-01
3.050000e-01 3.865851e-01
3.055000e-01 3.877712e-01
3.060000e-01 3.895915e-01
3.065000e-01 3.920612e-01
3.070000e-01 3.951861e-01
3.075000e-01 3.989636e-01
3.080000e-01 4.033840e-01
3.085000e-01 4.084318e-01
3.090000e-01 4.140860e-01
3.095000e-01 4.203200e-01
3.100000e-01 4.271020e-01
3.105000e-01 4.343937e-01
3.110000e-01 4.421502e-01
3.115000e-01 4.503185e-01
3.120000e-01 4.588364e-01
3.125000e-01 4.676312e-01
3.130000e-01 4.766178e-01
3.135000e-01 4.856970e-01
3.140000e-01 4.947540e-01
3.145000e-01 5.036562e-01
3.150000e-01 5.122507e-01
3.155000e-01 5.203629e-01
3.160000e-01 5.277934e-01
3.165000e-01 5.343163e-01
3.170000e-01 5.396868e-01
3.175000e-01 5.446142e-01
3.180000e-01 5.462753e-01
3.185000e-01 5.454424e-01
3.190000e-01 5.432988e-01
3.195000e-01 5.399449e-01
3.200000e-01 5.353796e-01
3.205000e-01 5.295686e-01
3.210000e-01 5.224647e-01
3.215000e-01 5.140172e-01
3.220000e-01 5.041778e-01
3.225000e-01 4.929055e-01
3.230000e-01 4.801713e-01
3.235000e-01 4.659628e-01
3.240000e-01 4.502897e-01
3.245000e-01 4.331884e-01
3.250000e-01 4.147282e-01
3.255000e-01 3.950171e-01
3.260000e-01 3.742071e-01
3.265000e-01 3.524999e-01
3.270000e-01 3.301512e-01
3.275000e-01 3.074742e-01
3.280000e-01 2.848409e-01
3.285000e-01 2.626805e-01
3.290000e-01 2.414755e-01
3.295000e-01 2.217532e-01
3.300000e-01 2.040730e-01
3.305000e-01 1.890092e-01
3.310000e-01 1.771297e-01
3.315000e-01 1.689711e-01
3.320000e-01 1.650105e-01
3.325000e-01 1.656379e-01
3.330000e-01 1.711289e-01
3.335000e-01 1.816226e-01
3.340000e-01 1.971048e-01
3.345000e-01 2.174004e-01
3.350000e-01 2.421760e-01
3.355000e-01 2.709523e-01
3.360000e-01 3.031268e-01
3.365000e-01 3.380041e-01
3.370000e-01 3.748316e-01
3.375000e-01 4.128373e-01
3.380000e-01 4.512668e-01
3.385000e-01 4.894151e-01
3.390000e-01 5.266532e-01
3.395000e-01 5.624464e-01
3.400000e-01 5.963642e-01
3.405000e-01 6.280827e-01
3.410000e-01 6.573810e-01
3.415000e-01 6.841312e-01
3.420000e-01 7.082864e-01
3.425000e-01 7.298659e-01
3.430000e-01 7.489409e-01
3.435000e-01 7.656203e-01
3.440000e-01 7.800386e-01
3.445000e-01 7.923454e-01
3.450000e-01 8.026973e-01
3.455000e-01 8.112524e-01
3.460000e-01 8.181664e-01
3.465000e-01 8.235906e-01
3.470000e-01 8.276720e-01
3.475000e-01 8.305536e-01
3.480000e-01 8.323769e-01
3.485000e-01 8.332836e-01
3.490000e-01 8.334185e-01
3.495000e-01 8.329316e-01
3.500000e-01 8.319800e-01
3.505000e-01 8.307277e-01
3.510000e-01 8.293444e-01
3.515000e-01 8.280010e-01
3.520000e-01 8.268621e-01
3.525000e-01 8.260740e-01
3.530000e-01 8.257493e-01
3.535000e-01 8.259482e-01
3.540000e-01 8.266578e-01
3.545000e-01 8.277740e-01
3.550000e-01 8.290887e-01
3.555000e-01 8.302885e-01
3.560000e-01 8.309689e-01
3.565000e-01 8.306646e-01
3.570000e-01 8.288963e-01
3.575000e-01 8.252272e-01
3.580000e-01 8.193192e-01
3.585000e-01 8.109795e-01
3.590000e-01 8.001879e-01
3.595000e-01 7.871002e-01
3.600000e-01 7.720281e-01
3.605000e-01 7.554019e-01
3.610000e-01 7.377217e-01
3.615000e-01 7.195094e-01
3.620000e-01 7.012647e-01
3.625000e-01 6.834328e-01
3.630000e-01 6.663823e-01
3.635000e-01 6.503949e-01
3.640000e-01 6.356642e-01
3.645000e-01 6.223006e-01
3.650000e-01 6.103403e-01
3.655000e-01 5.997569e-01
3.660000e-01 5.904732e-01
3.665000e-01 5.823734e-01
3.670000e-01 5.753148e-01
3.675000e-01 5.691383e-01
3.680000e-01 5.636783e-01
3.685000e-01 5.587709e-01
3.690000e-01 5.542612e-01
3.695000e-01 5.500075e-01
3.700000e-01 5.458838e-01
3.705000e-01 5.417794e-01
3.710000e-01 5.375962e-01
3.715000e-01 5.332449e-01
3.720000e-01 5.286423e-01
3.725000e-01 5.237096e-01
3.730000e-01 5.183744e-01
3.735000e-01 5.125764e-01
3.740000e-01 5.062742e-01
3.745000e-01 4.994543e-01
3.750000e-01 4.921377e-01
3.755000e-01 4.843832e-01
3.760000e-01 4.762878e-01
3.765000e-01 4.679826e-01
3.770000e-01 4.596268e-01
3.775000e-01 4.513998e-01
3.780000e-01 4.434938e-01
3.785000e-01 4.361083e-01
3.790000e-01 4.294450e-01
3.795000e-01 4.237064e-01
3.800000e-01 4.190959e-01
3.805000e-01 4.158190e-01
3.810000e-01 4.140865e-01
3.815000e-01 4.141173e-01
3.820000e-01 4.161398e-01
3.825000e-01 4.203905e-01
3.830000e-01 4.271048e-01
3.835000e-01 4.364947e-01
3.840000e-01 4.487025e-01
3.845000e-01 4.637151e-01
3.850000e-01 4.812163e-01
3.855000e-01 5.003551e-01
3.860000e-01 5.194352e-01
3.865000e-01 5.356285e-01
3.870000e-01 5.450530e-01
3.875000e-01 5.439078e-01
3.880000e-01 5.313209e-01
3.885000e-01 5.128623e-01
3.890000e-01 5.002077e-01
3.895000e-01 5.030429e-01
3.900000e-01 5.196590e-01
3.905000e-01 5.383920e-01
3.910000e-01 5.480698e-01
3.915000e-01 5.447184e-01
3.920000e-01 5.304856e-01
3.925000e-01 5.097807e-01
3.930000e-01 4.866484e-01
3.935000e-01 4.638922e-01
3.940000e-01 4.431396e-01
3.945000e-01 4.251845e-01
3.950000e-01 4.103113e-01
3.955000e-01 3.985250e-01
3.960000e-01 3.896935e-01
3.965000e-01 3.836285e-01
3.970000e-01 3.801272e-01
3.975000e-01 3.789904e-01
3.980000e-01 3.800272e-01
3.985000e-01 3.830516e-01
3.990000e-01 3.878741e-01
3.995000e-01 3.942917e-01
4.000000e-01 4.020756e-01
4.005000e-01 4.109609e-01
4.010000e-01 4.206381e-01
4.015000e-01 4.307508e-01
4.020000e-01 4.409015e-01
4.025000e-01 4.506665e-01
4.030000e-01 4.596217e-01
4.035000e-01 4.673728e-01
4.040000e-01 4.735844e-01
4.045000e-01 4.779977e-01
4.050000e-01 4.804317e-01
4.055000e-01 4.807700e-01
4.060000e-01 4.789443e-01
4.065000e-01 4.749265e-01
4.070000e-01 4.687360e-01
4.075000e-01 4.604583e-01
4.080000e-01 4.502603e-01
4.085000e-01 4.383928e-01
4.090000e-01 4.251753e-01
4.095000e-01 4.109675e-01
4.100000e-01 3.961359e-01
4.105000e-01 3.810255e-01
4.110000e-01 3.659386e-01
4.115000e-01 3.511240e-01
4.120000e-01 3.367743e-01
4.125000e-01 3.230292e-01
4.130000e-01 3.099820e-01
4.135000e-01 2.976881e-01
4.140000e-01 2.861726e-01
4.145000e-01 2.754378e-01
4.150000e-01 2.654698e-01
4.155000e-01 2.562434e-01
4.160000e-01 2.477261e-01
4.165000e-01 2.398813e-01
4.170000e-01 2.326704e-01
4.175000e-01 2.260545e-01
4.180000e-01 2.199956e-01
4.185000e-01 2.144571e-01
4.190000e-01 2.094047e-01
4.195000e-01 2.048062e-01
4.200000e-01 2.006321e-01
4.205000e-01 1.968554e-01
4.210000e-01 1.934514e-01
4.215000e-01 1.903979e-01
4.220000e-01 1.876754e-01
4.225000e-01 1.852661e-01
4.230000e-01 1.831548e-01
4.235000e-01 1.813281e-01
4.240000e-01 1.797746e-01
4.245000e-01 1.784850e-01
4.250000e-01 1.774517e-01
4.255000e-01 1.766688e-01
4.260000e-01 1.761322e-01
4.265000e-01 1.758398e-01
4.270000e-01 1.757910e-01
4.275000e-01 1.759871e-01
4.280000e-01 1.764312e-01
4.285000e-01 1.771284e-01
4.290000e-01 1.780858e-01
4.295000e-01 1.793124e-01
4.300000e-01 1.808199e-01
4.305000e-01 1.826220e-01
4.310000e-01 1.847351e-01
4.315000e-01 1.871787e-01
4.320000e-01 1.899751e-01
4.325000e-01 1.931498e-01
4.330000e-01 1.967322e-01
4.335000e-01 2.007554e-01
4.340000e-01 2.052569e-01
4.345000e-01 2.102785e-01
4.350000e-01 2.158671e-01
4.355000e-01 2.220745e-01
4.360000e-01 2.289583e-01
4.365000e-01 2.365814e-01
4.370000e-01 2.450125e-01
4.375000e-01 2.543258e-01
4.380000e-01 2.646006e-01
4.385000e-01 2.759207e-01
4.390000e-01 2.883733e-01
4.395000e-01 3.020465e-01
4.400000e-01 3.170275e-01
4.405000e-01 3.333979e-01
4.410000e-01 3.512288e-01
4.415000e-01 3.705735e-01
4.420000e-01 3.914585e-01
4.425000e-01 4.138710e-01
4.430000e-01 4.377445e-01
4.435000e-01 4.629400e-01
4.440000e-01 4.892245e-01
4.445000e-01 5.162459e-01
4.450000e-01 5.435062e-01
4.455000e-01 5.703342e-01
4.460000e-01 5.958604e-01
4.465000e-01 6.190010e-01
4.470000e-01 6.384545e-01
4.475000e-01 6.527232e-01
4.480000e-01 6.601680e-01
4.485000e-01 6.591093e-01
4.490000e-01 6.479878e-01
4.495000e-01 6.255931e-01
4.500000e-01 5.913661e-01
4.505000e-01 5.457673e-01
4.510000e-01 4.906822e-01
4.515000e-01 4.297978e-01
4.520000e-01 3.688304e-01
4.525000e-01 3.154154e-01
4.530000e-01 2.784180e-01
4.535000e-01 2.664706e-01
4.540000e-01 2.857762e-01
4.545000e-01 3.377015e-01
4.550000e-01 4.172091e-01
4.555000e-01 5.132720e-01
4.560000e-01 6.116307e-01
4.565000e-01 6.988762e-01
4.570000e-01 7.659304e-01
4.575000e-01 8.094337e-01
4.580000e-01 8.309264e-01
4.585000e-01 8.348398e-01
4.590000e-01 8.264776e-01
4.595000e-01 8.106577e-01
4.600000e-01 7.911031e-01
4.605000e-01 7.703649e-01
4.610000e-01 7.500105e-01
4.615000e-01 7.308884e-01
4.620000e-01 7.133728e-01
4.625000e-01 6.975504e-01
4.630000e-01 6.833506e-01
4.635000e-01 6.706291e-01
4.640000e-01 6.592176e-01
4.645000e-01 6.489521e-01
4.650000e-01 6.396873e-01
4.655000e-01 6.313017e-01
4.660000e-01 6.236997e-01
4.665000e-01 6.168094e-01
4.670000e-01 6.105801e-01
4.675000e-01 6.049795e-01
4.680000e-01 5.999901e-01
4.685000e-01 5.956066e-01
4.690000e-01 5.918330e-01
4.695000e-01 5.886804e-01
4.700000e-01 5.861651e-01
4.705000e-01 5.843066e-01
4.710000e-01 5.831266e-01
4.715000e-01 5.826474e-01
4.720000e-01 5.828908e-01
4.725000e-01 5.838775e-01
4.730000e-01 5.856257e-01
4.735000e-01 5.881504e-01
4.740000e-01 5.914622e-01
4.745000e-01 5.955662e-01
4.750000e-01 6.004606e-01
4.755000e-01 6.061352e-01
4.760000e-01 6.125695e-01
4.765000e-01 6.197309e-01
4.770000e-01 6.275717e-01
4.775000e-01 6.360269e-01
4.780000e-01 6.450111e-01
4.785000e-01 6.544149e-01
4.790000e-01 6.641016e-01
4.795000e-01 6.739041e-01
4.800000e-01 6.836212e-01
4.805000e-01 6.930156e-01
4.810000e-01 7.018116e-01
4.815000e-01 7.096954e-01
4.820000e-01 7.163167e-01
4.825000e-01 7.212931e-01
4.830000e-01 7.242172e-01
4.835000e-01 7.246671e-01
4.840000e-01 7.222186e-01
4.845000e-01 7.164591e-01
4.850000e-01 7.069982e-01
4.855000e-01 6.934698e-01
4.860000e-01 6.755125e-01
4.865000e-01 6.526998e-01
4.870000e-01 6.243490e-01
4.875000e-01 5.889678e-01
4.880000e-01 5.420975e-01
4.885000e-01 4.388736e-01
4.890000e-01 5.358198e-01
4.895000e-01 5.587267e-01
4.900000e-01 5.704348e-01
4.905000e-01 5.770672e-01
4.910000e-01 5.810014e-01
4.915000e-01 5.835173e-01
4.920000e-01 5.854386e-01
4.925000e-01 5.873472e-01
4.930000e-01 5.896664e-01
4.935000e-01 5.926968e-01
4.940000e-01 5.966353e-01
4.945000e-01 6.015890e-01
4.950000e-01 6.075892e-01
4.955000e-01 6.146060e-01
4.960000e-01 6.225643e-01
4.965000e-01 6.313580e-01
4.970000e-01 6.408639e-01
4.975000e-01 6.509528e-01
4.980000e-01 6.614975e-01
4.985000e-01 6.723793e-01
4.990000e-01 6.834915e-01
4.995000e-01 6.947413e-01
