0.000000e+00 0.000000e+00
5.000000e-04 0.000000e+00
1.000000e-03 0.000000e+00
1.500000e-03 0.000000e+00
2.000000e-03 0.000000e+00
2.500000e-03 0.000000e+00
3.000000e-03 0.000000e+00
3.500000e-03 0.000000e+00
4.000000e-03 0.000000e+00
4.500000e-03 0.000000e+00
5.000000e-03 0.000000e+00
5.500000e-03 0.000000e+00
6.000000e-03 0.000000e+00
6.500000e-03 0.000000e+00
7.000000e-03 0.000000e+00
7.500000e-03 0.000000e+00
8.000000e-03 0.000000e+00
8.500000e-03 0.000000e+00
9.000000e-03 0.000000e+00
9.500000e-03 0.000000e+00
1.000000e-02 0.000000e+00
1.050000e-02 0.000000e+00
1.100000e-02 0.000000e+00
1.150000e-02 0.000000e+00
1.200000e-02 0.000000e+00
1.250000e-02 0.000000e+00
1.300000e-02 0.000000e+00
1.350000e-02 0.000000e+00
1.400000e-02 0.000000e+00
1.450000e-02 0.000000e+00
1.500000e-02 0.000000e+00
1.550000e-02 0.000000e+00
1.600000e-02 0.000000e+00
1.650000e-02 0.000000e+00
1.700000e-02 0.000000e+00
1.750000e-02 0.000000e+00
1.800000e-02 0.000000e+00
1.850000e-02 0.000000e+00
1.900000e-02 0.000000e+00
1.950000e-02 0.000000e+00
2.000000e-02 0.000000e+00
2.050000e-02 7.824570e-05
2.100000e-02 3.829721e-04
2.150000e-02 7.684401e-04
2.200000e-02 1.294021e-03
2.250000e-02 2.056919e-03
2.300000e-02 3.231117e-03
2.350000e-02 5.155567e-03
2.400000e-02 8.559949e-03
2.450000e-02 1.523700e-02
2.500000e-02 3.050711e-02
2.550000e-02 7.545201e-02
2.600000e-02 2.741323e-01
2.650000e-02 4.764600e-01
2.700000e-02 1.999038e-01
2.750000e-02 7.440504e-02
2.800000e-02 3.800886e-02
2.850000e-02 2.296083e-02
2.900000e-02 1.526811e-02
2.950000e-02 1.077784e-02
3.000000e-02 7.915421e-03
3.050000e-02 5.975492e-03
3.100000e-02 4.601302e-03
3.150000e-02 3.594872e-03
3.200000e-02 2.838062e-03
3.250000e-02 2.256233e-03
3.300000e-02 1.800084e-03
3.350000e-02 1.435921e-03
3.400000e-02 1.140119e-03
3.450000e-02 8.958366e-04
3.500000e-02 6.910027e-04
3.550000e-02 5.170902e-04
3.600000e-02 3.684292e-04
3.650000e-02 2.419412e-04
3.700000e-02 1.372640e-04
3.750000e-02 5.727220e-05
3.800000e-02 8.964601e-06
3.850000e-02 4.469228e-06
3.900000e-02 6.131052e-05
3.950000e-02 1.999721e-04
4.000000e-02 4.359335e-04
4.050000e-02 7.657160e-04
4.100000e-02 1.155076e-03
4.150000e-02 1.544828e-03
4.200000e-02 1.877335e-03
4.250000e-02 2.121939e-03
4.300000e-02 2.278856e-03
4.350000e-02 2.366327e-03
4.400000e-02 2.406745e-03
4.450000e-02 2.419198e-03
4.500000e-02 2.417519e-03
4.550000e-02 2.410896e-03
4.600000e-02 2.405146e-03
4.650000e-02 2.403866e-03
4.700000e-02 2.409275e-03
4.750000e-02 2.422777e-03
4.800000e-02 2.445324e-03
4.850000e-02 2.477648e-03
4.900000e-02 2.520403e-03
4.950000e-02 2.574268e-03
5.000000e-02 2.640009e-03
5.050000e-02 2.718537e-03
5.100000e-02 2.810950e-03
5.150000e-02 2.918582e-03
5.200000e-02 3.043053e-03
5.250000e-02 3.186327e-03
5.300000e-02 3.350790e-03
5.350000e-02 3.539338e-03
5.400000e-02 3.755498e-03
5.450000e-02 4.003576e-03
5.500000e-02 4.288861e-03
5.550000e-02 4.617878e-03
5.600000e-02 4.998742e-03
5.650000e-02 5.441618e-03
5.700000e-02 5.959361e-03
5.750000e-02 6.568386e-03
5.800000e-02 7.289902e-03
5.850000e-02 8.151656e-03
5.900000e-02 9.190466e-03
5.950000e-02 1.045597e-02
6.000000e-02 1.201629e-02
6.050000e-02 1.396680e-02
6.100000e-02 1.644416e-02
6.150000e-02 1.964925e-02
6.200000e-02 2.388642e-02
6.250000e-02 2.963292e-02
6.300000e-02 3.766787e-02
6.350000e-02 4.932397e-02
6.400000e-02 6.700680e-02
6.450000e-02 9.532291e-02
6.500000e-02 1.435806e-01
6.550000e-02 2.305060e-01
6.600000e-02 3.803734e-01
6.650000e-02 4.998159e-01
6.700000e-02 4.685789e-01
6.750000e-02 4.627494e-01
6.800000e-02 3.045794e-01
6.850000e-02 1.925533e-01
6.900000e-02 1.288570e-01
6.950000e-02 9.161610e-02
7.000000e-02 6.849735e-02
7.050000e-02 5.331422e-02
7.100000e-02 4.285918e-02
7.150000e-02 3.537374e-02
7.200000e-02 2.983962e-02
7.250000e-02 2.563777e-02
7.300000e-02 2.237562e-02
7.350000e-02 1.979498e-02
7.400000e-02 1.772055e-02
7.450000e-02 1.602993e-02
7.500000e-02 1.463544e-02
7.550000e-02 1.347272e-02
7.600000e-02 1.249330e-02
7.650000e-02 1.165942e-02
7.700000e-02 1.094028e-02
7.750000e-02 1.030857e-02
7.800000e-02 9.736392e-03
7.850000e-02 9.188246e-03
7.900000e-02 8.604677e-03
7.950000e-02 7.852282e-03
8.000000e-02 6.516824e-03
8.050000e-02 2.600043e-03
8.100000e-02 7.065123e-02
8.150000e-02 9.091961e-02
8.200000e-02 5.115376e-02
8.250000e-02 3.607418e-02
8.300000e-02 2.848218e-02
8.350000e-02 2.401297e-02
8.400000e-02 2.111400e-02
8.450000e-02 1.910704e-02
8.500000e-02 1.765218e-02
8.550000e-02 1.656126e-02
8.600000e-02 1.572200e-02
8.650000e-02 1.506319e-02
8.700000e-02 1.453734e-02
8.750000e-02 1.411142e-02
8.800000e-02 1.376153e-02
8.850000e-02 1.346985e-02
8.900000e-02 1.322269e-02
8.950000e-02 1.300931e-02
9.000000e-02 1.282120e-02
9.050000e-02 1.265159e-02
9.100000e-02 1.249519e-02
9.150000e-02 1.234798e-02
9.200000e-02 1.220722e-02
9.250000e-02 1.207129e-02
9.300000e-02 1.193974e-02
9.350000e-02 1.181323e-02
9.400000e-02 1.169343e-02
9.450000e-02 1.158296e-02
9.500000e-02 1.148526e-02
9.550000e-02 1.140444e-02
9.600000e-02 1.134513e-02
9.650000e-02 1.131228e-02
9.700000e-02 1.131107e-02
9.750000e-02 1.134678e-02
9.800000e-02 1.142470e-02
9.850000e-02 1.155016e-02
9.900000e-02 1.172849e-02
9.950000e-02 1.196515e-02
1.000000e-01 1.226580e-02
1.005000e-01 1.263650e-02
1.010000e-01 1.308388e-02
1.015000e-01 1.361539e-02
1.020000e-01 1.423956e-02
1.025000e-01 1.496636e-02
1.030000e-01 1.580760e-02
1.035000e-01 1.677737e-02
1.040000e-01 1.789268e-02
1.045000e-01 1.917417e-02
1.050000e-01 2.064701e-02
1.055000e-01 2.234213e-02
1.060000e-01 2.429770e-02
1.065000e-01 2.656110e-02
1.070000e-01 2.919154e-02
1.075000e-01 3.226342e-02
1.080000e-01 3.587084e-02
1.085000e-01 4.013353e-02
1.090000e-01 4.520467e-02
1.095000e-01 5.128108e-02
1.100000e-01 5.861614e-02
1.105000e-01 6.753525e-02
1.110000e-01 7.845238e-02
1.115000e-01 9.188215e-02
1.120000e-01 1.084337e-01
1.125000e-01 1.287545e-01
1.130000e-01 1.533625e-01
1.135000e-01 1.822655e-01
1.140000e-01 2.142858e-01
1.145000e-01 2.462342e-01
1.150000e-01 2.726650e-01
1.155000e-01 2.873335e-01
1.160000e-01 2.862640e-01
1.165000e-01 2.701281e-01
1.170000e-01 2.437651e-01
1.175000e-01 2.133492e-01
1.180000e-01 1.837106e-01
1.185000e-01 1.574557e-01
1.190000e-01 1.354483e-01
1.195000e-01 1.175987e-01
1.200000e-01 1.034408e-01
1.205000e-01 9.244577e-02
1.210000e-01 8.416445e-02
1.215000e-01 7.828979e-02
1.220000e-01 7.469672e-02
1.225000e-01 7.350358e-02
1.230000e-01 7.521026e-02
1.235000e-01 8.103342e-02
1.240000e-01 9.378258e-02
1.245000e-01 1.203993e-01
1.250000e-01 1.798268e-01
1.255000e-01 3.132916e-01
1.260000e-01 3.850504e-01
1.265000e-01 1.661042e-01
1.270000e-01 5.866560e-02
1.275000e-01 2.559501e-02
1.280000e-01 1.348212e-02
1.285000e-01 8.219739e-03
1.290000e-01 5.616183e-03
1.295000e-01 4.188067e-03
1.300000e-01 3.333239e-03
1.305000e-01 2.780589e-03
1.310000e-01 2.397954e-03
1.315000e-01 2.116747e-03
1.320000e-01 1.899543e-03
1.325000e-01 1.725066e-03
1.330000e-01 1.580806e-03
1.335000e-01 1.459208e-03
1.340000e-01 1.355617e-03
1.345000e-01 1.267133e-03
1.350000e-01 1.191953e-03
1.355000e-01 1.128980e-03
1.360000e-01 1.077587e-03
1.365000e-01 1.037471e-03
1.370000e-01 1.008561e-03
1.375000e-01 9.909576e-04
1.380000e-01 9.848858e-04
1.385000e-01 9.906696e-04
1.390000e-01 1.008706e-03
1.395000e-01 1.039445e-03
1.400000e-01 1.083374e-03
1.405000e-01 1.141001e-03
1.410000e-01 1.212839e-03
1.415000e-01 1.299395e-03
1.420000e-01 1.401159e-03
1.425000e-01 1.518593e-03
1.430000e-01 1.652129e-03
1.435000e-01 1.802167e-03
1.440000e-01 1.969085e-03
1.445000e-01 2.153253e-03
1.450000e-01 2.355049e-03
1.455000e-01 2.574899e-03
1.460000e-01 2.813311e-03
1.465000e-01 3.070931e-03
1.470000e-01 3.348600e-03
1.475000e-01 3.647431e-03
1.480000e-01 3.968894e-03
1.485000e-01 4.314915e-03
1.490000e-01 4.687994e-03
1.495000e-01 5.091343e-03
1.500000e-01 5.529061e-03
1.505000e-01 6.006337e-03
1.510000e-01 6.529718e-03
1.515000e-01 7.107442e-03
1.520000e-01 7.749878e-03
1.525000e-01 8.470106e-03
1.530000e-01 9.284693e-03
1.535000e-01 1.021475e-02
1.540000e-01 1.128736e-02
1.545000e-01 1.253762e-02
1.550000e-01 1.401144e-02
1.555000e-01 1.576960e-02
1.560000e-01 1.789362e-02
1.565000e-01 2.049435e-02
1.570000e-01 2.372491e-02
1.575000e-01 2.780028e-02
1.580000e-01 3.302775e-02
1.585000e-01 3.985472e-02
1.590000e-01 4.894512e-02
1.595000e-01 6.130218e-02
1.600000e-01 7.846395e-02
1.605000e-01 1.028002e-01
1.610000e-01 1.378939e-01
1.615000e-01 1.887314e-01
1.620000e-01 2.604339e-01
1.625000e-01 3.517576e-01
1.630000e-01 4.404641e-01
1.635000e-01 4.878535e-01
1.640000e-01 4.953240e-01
1.645000e-01 4.822151e-01
1.650000e-01 4.441612e-01
1.655000e-01 3.928611e-01
1.660000e-01 3.439658e-01
1.665000e-01 3.039632e-01
1.670000e-01 2.734195e-01
1.675000e-01 2.509529e-01
1.680000e-01 2.349405e-01
1.685000e-01 2.240142e-01
1.690000e-01 2.171271e-01
1.695000e-01 2.134995e-01
1.700000e-01 2.125467e-01
1.705000e-01 2.138155e-01
1.710000e-01 2.169336e-01
1.715000e-01 2.215703e-01
1.720000e-01 2.274071e-01
1.725000e-01 2.341181e-01
1.730000e-01 2.413594e-01
1.735000e-01 2.487693e-01
1.740000e-01 2.559802e-01
1.745000e-01 2.626404e-01
1.750000e-01 2.684413e-01
1.755000e-01 2.731466e-01
1.760000e-01 2.766148e-01
1.765000e-01 2.788104e-01
1.770000e-01 2.798019e-01
1.775000e-01 2.797475e-01
1.780000e-01 2.788724e-01
1.785000e-01 2.774430e-01
1.790000e-01 2.757434e-01
1.795000e-01 2.740578e-01
1.800000e-01 2.726620e-01
1.805000e-01 2.718358e-01
1.810000e-01 2.768694e-01
1.815000e-01 2.806901e-01
1.820000e-01 2.841507e-01
1.825000e-01 2.881303e-01
1.830000e-01 2.930225e-01
1.835000e-01 2.991057e-01
1.840000e-01 3.066165e-01
1.845000e-01 3.157757e-01
1.850000e-01 3.267974e-01
1.855000e-01 3.398877e-01
1.860000e-01 3.552319e-01
1.865000e-01 3.729630e-01
1.870000e-01 3.931000e-01
1.875000e-01 4.154329e-01
1.880000e-01 4.393189e-01
1.885000e-01 4.633323e-01
1.890000e-01 4.846918e-01
1.895000e-01 4.984081e-01
1.900000e-01 4.962569e-01
1.905000e-01 4.662847e-01
1.910000e-01 3.950349e-01
1.915000e-01 2.767667e-01
1.920000e-01 1.320627e-01
1.925000e-01 2.145522e-02
1.930000e-01 1.657876e-02
1.935000e-01 1.293420e-01
1.940000e-01 2.913167e-01
1.945000e-01 4.221932e-01
1.950000e-01 4.885010e-01
1.955000e-01 4.983297e-01
1.960000e-01 4.732617e-01
1.965000e-01 4.318274e-01
1.970000e-01 3.856721e-01
1.975000e-01 3.408991e-01
1.980000e-01 3.001911e-01
1.985000e-01 2.643880e-01
1.990000e-01 2.334355e-01
1.995000e-01 2.068983e-01
2.000000e-01 1.842187e-01
2.005000e-01 1.648385e-01
2.010000e-01 1.482494e-01
2.015000e-01 1.340102e-01
2.020000e-01 1.217472e-01
2.025000e-01 1.111478e-01
2.030000e-01 1.019525e-01
2.035000e-01 9.394653e-02
2.040000e-01 8.695214e-02
2.045000e-01 8.082221e-02
2.050000e-01 7.543478e-02
2.055000e-01 7.068862e-02
2.060000e-01 6.649963e-02
2.065000e-01 6.279795e-02
2.070000e-01 5.952575e-02
2.075000e-01 5.663543e-02
2.080000e-01 5.408837e-02
2.085000e-01 5.185413e-02
2.090000e-01 4.991012e-02
2.095000e-01 4.824185e-02
2.100000e-01 4.684412e-02
2.105000e-01 4.572349e-02
2.110000e-01 4.490325e-02
2.115000e-01 4.443305e-02
2.120000e-01 4.440835e-02
2.125000e-01 4.501252e-02
2.130000e-01 4.661685e-02
2.135000e-01 5.005253e-02
2.140000e-01 5.750337e-02
2.145000e-01 7.640040e-02
2.150000e-01 1.469285e-01
2.155000e-01 4.728917e-01
2.160000e-01 2.089576e-01
2.165000e-01 6.325726e-02
2.170000e-01 4.029472e-02
2.175000e-01 3.342949e-02
2.180000e-01 3.064870e-02
2.185000e-01 2.932039e-02
2.190000e-01 2.863007e-02
2.195000e-01 2.826743e-02
2.200000e-01 2.809663e-02
2.205000e-01 2.805202e-02
2.210000e-01 2.809955e-02
2.215000e-01 2.822059e-02
2.220000e-01 2.840462e-02
2.225000e-01 2.864559e-02
2.230000e-01 2.894003e-02
2.235000e-01 2.928601e-02
2.240000e-01 2.968255e-02
2.245000e-01 3.012919e-02
2.250000e-01 3.062579e-02
2.255000e-01 3.117228e-02
2.260000e-01 3.176853e-02
2.265000e-01 3.241421e-02
2.270000e-01 3.310861e-02
2.275000e-01 3.385050e-02
2.280000e-01 3.463801e-02
2.285000e-01 3.546837e-02
2.290000e-01 3.633779e-02
2.295000e-01 3.724128e-02
2.300000e-01 3.817242e-02
2.305000e-01 3.912331e-02
2.310000e-01 4.008438e-02
2.315000e-01 4.104443e-02
2.320000e-01 4.199070e-02
2.325000e-01 4.290909e-02
2.330000e-01 4.378451e-02
2.335000e-01 4.460144e-02
2.340000e-01 4.534462e-02
2.345000e-01 4.599990e-02
2.350000e-01 4.655512e-02
2.355000e-01 4.700107e-02
2.360000e-01 4.733228e-02
2.365000e-01 4.754770e-02
2.370000e-01 4.765111e-02
2.375000e-01 4.765118e-02
2.380000e-01 4.756133e-02
2.385000e-01 4.739920e-02
2.390000e-01 4.718602e-02
2.395000e-01 4.694590e-02
2.400000e-01 4.670504e-02
2.405000e-01 4.649117e-02
2.410000e-01 4.633311e-02
2.415000e-01 4.626061e-02
2.420000e-01 4.630448e-02
2.425000e-01 4.649702e-02
2.430000e-01 4.687279e-02
2.435000e-01 4.746980e-02
2.440000e-01 4.833102e-02
2.445000e-01 4.950654e-02
2.450000e-01 5.105630e-02
2.455000e-01 5.305368e-02
2.460000e-01 5.559033e-02
2.465000e-01 5.878251e-02
2.470000e-01 6.277954e-02
2.475000e-01 6.777510e-02
2.480000e-01 7.402182e-02
2.485000e-01 8.184959e-02
2.490000e-01 9.168599e-02
2.495000e-01 1.040730e-01
2.500000e-01 1.196627e-01
2.505000e-01 1.391481e-01
2.510000e-01 1.630362e-01
2.515000e-01 1.911030e-01
2.520000e-01 2.214019e-01
2.525000e-01 2.491507e-01
2.530000e-01 2.669350e-01
2.535000e-01 2.679428e-01
2.540000e-01 2.507729e-01
2.545000e-01 2.208328e-01
2.550000e-01 1.864137e-01
2.555000e-01 1.538919e-01
2.560000e-01 1.262105e-01
2.565000e-01 1.038727e-01
2.570000e-01 8.627414e-02
2.575000e-01 7.251342e-02
2.580000e-01 6.173940e-02
2.585000e-01 5.325482e-02
2.590000e-01 4.652109e-02
2.595000e-01 4.113237e-02
2.600000e-01 3.678544e-02
2.605000e-01 3.325372e-02
2.610000e-01 3.036723e-02
2.615000e-01 2.799755e-02
2.620000e-01 2.604706e-02
2.625000e-01 2.444097e-02
2.630000e-01 2.312169e-02
2.635000e-01 2.204465e-02
2.640000e-01 2.117532e-02
2.645000e-01 2.048698e-02
2.650000e-01 1.995911e-02
2.655000e-01 1.957621e-02
2.660000e-01 1.932690e-02
2.665000e-01 1.920337e-02
2.670000e-01 1.920090e-02
2.675000e-01 1.931760e-02
2.680000e-01 1.955431e-02
2.685000e-01 1.991460e-02
2.690000e-01 2.040485e-02
2.695000e-01 2.103454e-02
2.700000e-01 2.181662e-02
2.705000e-01 2.276811e-02
2.710000e-01 2.391083e-02
2.715000e-01 2.527250e-02
2.720000e-01 2.688812e-02
2.725000e-01 2.880182e-02
2.730000e-01 3.106930e-02
2.735000e-01 3.376114e-02
2.740000e-01 3.696706e-02
2.745000e-01 4.080169e-02
2.750000e-01 4.541207e-02
2.755000e-01 5.098743e-02
2.760000e-01 5.777158e-02
2.765000e-01 6.607775e-02
2.770000e-01 7.630457e-02
2.775000e-01 8.894855e-02
2.780000e-01 1.046019e-01
2.785000e-01 1.239111e-01
2.790000e-01 1.474497e-01
2.795000e-01 1.754378e-01
2.800000e-01 2.072543e-01
2.805000e-01 2.408408e-01
2.810000e-01 2.724538e-01
2.815000e-01 2.974773e-01
2.820000e-01 3.123697e-01
2.825000e-01 3.164198e-01
2.830000e-01 3.118914e-01
2.835000e-01 3.027280e-01
2.840000e-01 2.930249e-01
2.845000e-01 2.861654e-01
2.850000e-01 2.847588e-01
2.855000e-01 2.910578e-01
2.860000e-01 3.075231e-01
2.865000e-01 3.372740e-01
2.870000e-01 3.837549e-01
2.875000e-01 4.464615e-01
2.880000e-01 4.995545e-01
2.885000e-01 4.303338e-01
2.890000e-01 1.832808e-01
2.895000e-01 3.323801e-01
2.900000e-01 5.012984e-01
2.905000e-01 4.066079e-01
2.910000e-01 2.850921e-01
2.915000e-01 1.992748e-01
2.920000e-01 1.437059e-01
2.925000e-01 1.074516e-01
2.930000e-01 8.307902e-02
2.935000e-01 6.613511e-02
2.940000e-01 5.397606e-02
2.945000e-01 4.499866e-02
2.950000e-01 3.820186e-02
2.955000e-01 3.294141e-02
2.960000e-01 2.879065e-02
2.965000e-01 2.545943e-02
2.970000e-01 2.274566e-02
2.975000e-01 2.050548e-02
2.980000e-01 1.863447e-02
2.985000e-01 1.705543e-02
2.990000e-01 1.571043e-02
2.995000e-01 1.455529e-02
3.000000e-01 1.355589e-02
3.005000e-01 1.268557e-02
3.010000e-01 1.192324e-02
3.015000e-01 1.125207e-02
3.020000e-01 1.065847e-02
3.025000e-01 1.013143e-02
3.030000e-01 9.661885e-03
3.035000e-01 9.242393e-03
3.040000e-01 8.866764e-03
3.045000e-01 8.529830e-03
3.050000e-01 8.227263e-03
3.055000e-01 7.955417e-03
3.060000e-01 7.711215e-03
3.065000e-01 7.492054e-03
3.070000e-01 7.295734e-03
3.075000e-01 7.120390e-03
3.080000e-01 6.964454e-03
3.085000e-01 6.826610e-03
3.090000e-01 6.705762e-03
3.095000e-01 6.601017e-03
3.100000e-01 6.511657e-03
3.105000e-01 6.437130e-03
3.110000e-01 6.377040e-03
3.115000e-01 6.331137e-03
3.120000e-01 6.299320e-03
3.125000e-01 6.281637e-03
3.130000e-01 6.278296e-03
3.135000e-01 6.289683e-03
3.140000e-01 6.316391e-03
3.145000e-01 6.359279e-03
3.150000e-01 6.419569e-03
3.155000e-01 6.499044e-03
3.160000e-01 6.600485e-03
3.165000e-01 6.728888e-03
3.170000e-01 6.896269e-03
3.175000e-01 7.293517e-03
3.180000e-01 7.938898e-03
3.185000e-01 8.302340e-03
3.190000e-01 8.626228e-03
3.195000e-01 8.942369e-03
3.200000e-01 9.264841e-03
3.205000e-01 9.602312e-03
3.210000e-01 9.961275e-03
3.215000e-01 1.034727e-02
3.220000e-01 1.076547e-02
3.225000e-01 1.122099e-02
3.230000e-01 1.171911e-02
3.235000e-01 1.226542e-02
3.240000e-01 1.286594e-02
3.245000e-01 1.352723e-02
3.250000e-01 1.425655e-02
3.255000e-01 1.506188e-02
3.260000e-01 1.595210e-02
3.265000e-01 1.693709e-02
3.270000e-01 1.802788e-02
3.275000e-01 1.923673e-02
3.280000e-01 2.057734e-02
3.285000e-01 2.206495e-02
3.290000e-01 2.371653e-02
3.295000e-01 2.555092e-02
3.300000e-01 2.758898e-02
3.305000e-01 2.985375e-02
3.310000e-01 3.237054e-02
3.315000e-01 3.516703e-02
3.320000e-01 3.827332e-02
3.325000e-01 4.172182e-02
3.330000e-01 4.554715e-02
3.335000e-01 4.978580e-02
3.340000e-01 5.447569e-02
3.345000e-01 5.965541e-02
3.350000e-01 6.536328e-02
3.355000e-01 7.163599e-02
3.360000e-01 7.850696e-02
3.365000e-01 8.600425e-02
3.370000e-01 9.414806e-02
3.375000e-01 1.029479e-01
3.380000e-01 1.123996e-01
3.385000e-01 1.224819e-01
3.390000e-01 1.331535e-01
3.395000e-01 1.443502e-01
3.400000e-01 1.559831e-01
3.405000e-01 1.679381e-01
3.410000e-01 1.800764e-01
3.415000e-01 1.922374e-01
3.420000e-01 2.042435e-01
3.425000e-01 2.159065e-01
3.430000e-01 2.270360e-01
3.435000e-01 2.374479e-01
3.440000e-01 2.469743e-01
3.445000e-01 2.554709e-01
3.450000e-01 2.628247e-01
3.455000e-01 2.689580e-01
3.460000e-01 2.738310e-01
3.465000e-01 2.774416e-01
3.470000e-01 2.798229e-01
3.475000e-01 2.810397e-01
3.480000e-01 2.811826e-01
3.485000e-01 2.803625e-01
3.490000e-01 2.787039e-01
3.495000e-01 2.763395e-01
3.500000e-01 2.734037e-01
3.505000e-01 2.700284e-01
3.510000e-01 2.663388e-01
3.515000e-01 2.624502e-01
3.520000e-01 2.584664e-01
3.525000e-01 2.544784e-01
3.530000e-01 2.505641e-01
3.535000e-01 2.467888e-01
3.540000e-01 2.432055e-01
3.545000e-01 2.398567e-01
3.550000e-01 2.367753e-01
3.555000e-01 2.339856e-01
3.560000e-01 2.315051e-01
3.565000e-01 2.293456e-01
3.570000e-01 2.275141e-01
3.575000e-01 2.260139e-01
3.580000e-01 2.248455e-01
3.585000e-01 2.240072e-01
3.590000e-01 2.234960e-01
3.595000e-01 2.233077e-01
3.600000e-01 2.234373e-01
3.605000e-01 2.238798e-01
3.610000e-01 2.246299e-01
3.615000e-01 2.256825e-01
3.620000e-01 2.270327e-01
3.625000e-01 2.286760e-01
3.630000e-01 2.306083e-01
3.635000e-01 2.328261e-01
3.640000e-01 2.353262e-01
3.645000e-01 2.381061e-01
3.650000e-01 2.411638e-01
3.655000e-01 2.444977e-01
3.660000e-01 2.481067e-01
3.665000e-01 2.519902e-01
3.670000e-01 2.561478e-01
3.675000e-01 2.605796e-01
3.680000e-01 2.652858e-01
3.685000e-01 2.702667e-01
3.690000e-01 2.755225e-01
3.695000e-01 2.810533e-01
3.700000e-01 2.868588e-01
3.705000e-01 2.929379e-01
3.710000e-01 2.992889e-01
3.715000e-01 3.059085e-01
3.720000e-01 3.127921e-01
3.725000e-01 3.199330e-01
3.730000e-01 3.273221e-01
3.735000e-01 3.349471e-01
3.740000e-01 3.427924e-01
3.745000e-01 3.508383e-01
3.750000e-01 3.590606e-01
3.755000e-01 3.674299e-01
3.760000e-01 3.759112e-01
3.765000e-01 3.844641e-01
3.770000e-01 3.930422e-01
3.775000e-01 4.015934e-01
3.780000e-01 4.100606e-01
3.785000e-01 4.183826e-01
3.790000e-01 4.264949e-01
3.795000e-01 4.343317e-01
3.800000e-01 4.418276e-01
3.805000e-01 4.489195e-01
3.810000e-01 4.555491e-01
3.815000e-01 4.616647e-01
3.820000e-01 4.672234e-01
3.825000e-01 4.721937e-01
3.830000e-01 4.765573e-01
3.835000e-01 4.803126e-01
3.840000e-01 4.834774e-01
3.845000e-01 4.860938e-01
3.850000e-01 4.882332e-01
3.855000e-01 4.900024e-01
3.860000e-01 4.915498e-01
3.865000e-01 4.930724e-01
3.870000e-01 4.948218e-01
3.875000e-01 4.971090e-01
3.880000e-01 5.003084e-01
3.885000e-01 5.048569e-01
3.890000e-01 5.112474e-01
3.895000e-01 5.200093e-01
3.900000e-01 5.316641e-01
3.905000e-01 5.466391e-01
3.910000e-01 5.651056e-01
3.915000e-01 5.867061e-01
3.920000e-01 6.101318e-01
3.925000e-01 6.325751e-01
3.930000e-01 6.492466e-01
3.935000e-01 6.534873e-01
3.940000e-01 6.383724e-01
3.945000e-01 6.004346e-01
3.950000e-01 5.442310e-01
3.955000e-01 4.836244e-01
3.960000e-01 4.361655e-01
3.965000e-01 4.135654e-01
3.970000e-01 4.164617e-01
3.975000e-01 4.370918e-01
3.980000e-01 4.655453e-01
3.985000e-01 4.941926e-01
3.990000e-01 5.188761e-01
3.995000e-01 5.381941e-01
4.000000e-01 5.523482e-01
4.005000e-01 5.622419e-01
4.010000e-01 5.689528e-01
4.015000e-01 5.734808e-01
4.020000e-01 5.766595e-01
4.025000e-01 5.791457e-01
4.030000e-01 5.814413e-01
4.035000e-01 5.839247e-01
4.040000e-01 5.868800e-01
4.045000e-01 5.905227e-01
4.050000e-01 5.950192e-01
4.055000e-01 6.005022e-01
4.060000e-01 6.070818e-01
4.065000e-01 6.148543e-01
4.070000e-01 6.239081e-01
4.075000e-01 6.343283e-01
4.080000e-01 6.461999e-01
4.085000e-01 6.596093e-01
4.090000e-01 6.746449e-01
4.095000e-01 6.913951e-01
4.100000e-01 7.099429e-01
4.105000e-01 7.303542e-01
4.110000e-01 7.526552e-01
4.115000e-01 7.767925e-01
4.120000e-01 8.025667e-01
4.125000e-01 8.295347e-01
4.130000e-01 8.568889e-01
4.135000e-01 8.833494e-01
4.140000e-01 9.071379e-01
4.145000e-01 9.261149e-01
4.150000e-01 9.381047e-01
4.155000e-01 9.413222e-01
4.160000e-01 9.347231e-01
4.165000e-01 9.181248e-01
4.170000e-01 8.920804e-01
4.175000e-01 8.576211e-01
4.180000e-01 8.160148e-01
4.185000e-01 7.686310e-01
4.190000e-01 7.169182e-01
4.195000e-01 6.624482e-01
4.200000e-01 6.069654e-01
4.205000e-01 5.523931e-01
4.210000e-01 5.007658e-01
4.215000e-01 4.540899e-01
4.220000e-01 4.141531e-01
4.225000e-01 3.823270e-01
4.230000e-01 3.594076e-01
4.235000e-01 3.455361e-01
4.240000e-01 3.402162e-01
4.245000e-01 3.424212e-01
4.250000e-01 3.507626e-01
4.255000e-01 3.636810e-01
4.260000e-01 3.796229e-01
4.265000e-01 3.971778e-01
4.270000e-01 4.151646e-01
4.275000e-01 4.326692e-01
4.280000e-01 4.490414e-01
4.285000e-01 4.638665e-01
4.290000e-01 4.769205e-01
4.295000e-01 4.881199e-01
4.300000e-01 4.974727e-01
4.305000e-01 5.050307e-01
4.310000e-01 5.108466e-01
4.315000e-01 5.149314e-01
4.320000e-01 5.172099e-01
4.325000e-01 5.174711e-01
4.330000e-01 5.153112e-01
4.335000e-01 5.100728e-01
4.340000e-01 5.008033e-01
4.345000e-01 4.863039e-01
4.350000e-01 4.654484e-01
4.355000e-01 4.381491e-01
4.360000e-01 4.075469e-01
4.365000e-01 3.835670e-01
4.370000e-01 3.852170e-01
4.375000e-01 4.334605e-01
4.380000e-01 5.289539e-01
4.385000e-01 6.359454e-01
4.390000e-01 7.064646e-01
4.395000e-01 7.210646e-01
4.400000e-01 6.933742e-01
4.405000e-01 6.469025e-01
4.410000e-01 5.987328e-01
4.415000e-01 5.570838e-01
4.420000e-01 5.244023e-01
4.425000e-01 5.004205e-01
4.430000e-01 4.839315e-01
4.435000e-01 4.735959e-01
4.440000e-01 4.682356e-01
4.445000e-01 4.668981e-01
4.450000e-01 4.688332e-01
4.455000e-01 4.734410e-01
4.460000e-01 4.802138e-01
4.465000e-01 4.886782e-01
4.470000e-01 4.983368e-01
4.475000e-01 5.086070e-01
4.480000e-01 5.187573e-01
4.485000e-01 5.278425e-01
4.490000e-01 5.346524e-01
4.495000e-01 5.377000e-01
4.500000e-01 5.353049e-01
4.505000e-01 5.258526e-01
4.510000e-01 5.083265e-01
4.515000e-01 4.831466e-01
4.520000e-01 4.531354e-01
4.525000e-01 4.240326e-01
4.530000e-01 4.036492e-01
4.535000e-01 3.991005e-01
4.540000e-01 4.130458e-01
4.545000e-01 4.414767e-01
4.550000e-01 4.751391e-01
4.555000e-01 5.037991e-01
4.560000e-01 5.203000e-01
4.565000e-01 5.221272e-01
4.570000e-01 5.105722e-01
4.575000e-01 4.889237e-01
4.580000e-01 4.608930e-01
4.585000e-01 4.297070e-01
4.590000e-01 3.977805e-01
4.595000e-01 3.667292e-01
4.600000e-01 3.375228e-01
4.605000e-01 3.106654e-01
4.610000e-01 2.863501e-01
4.615000e-01 2.645771e-01
4.620000e-01 2.452352e-01
4.625000e-01 2.281568e-01
4.630000e-01 2.131517e-01
4.635000e-01 2.000276e-01
4.640000e-01 1.886022e-01
4.645000e-01 1.787092e-01
4.650000e-01 1.702010e-01
4.655000e-01 1.629495e-01
4.660000e-01 1.568457e-01
4.665000e-01 1.517991e-01
4.670000e-01 1.477361e-01
4.675000e-01 1.445995e-01
4.680000e-01 1.423474e-01
4.685000e-01 1.409526e-01
4.690000e-01 1.404024e-01
4.695000e-01 1.406984e-01
4.700000e-01 1.418569e-01
4.705000e-01 1.439097e-01
4.710000e-01 1.469049e-01
4.715000e-01 1.509092e-01
4.720000e-01 1.560092e-01
4.725000e-01 1.623145e-01
4.730000e-01 1.699609e-01
4.735000e-01 1.791140e-01
4.740000e-01 1.899732e-01
4.745000e-01 2.027759e-01
4.750000e-01 2.178006e-01
4.755000e-01 2.353679e-01
4.760000e-01 2.558353e-01
4.765000e-01 2.795811e-01
4.770000e-01 3.069657e-01
4.775000e-01 3.382509e-01
4.780000e-01 3.734422e-01
4.785000e-01 4.119936e-01
4.790000e-01 4.522820e-01
4.795000e-01 4.907294e-01
4.800000e-01 5.205175e-01
4.805000e-01 5.302509e-01
4.810000e-01 5.042818e-01
4.815000e-01 4.291641e-01
4.820000e-01 3.116190e-01
4.825000e-01 1.992367e-01
4.830000e-01 1.634567e-01
4.835000e-01 2.292758e-01
4.840000e-01 3.451196e-01
4.845000e-01 4.454317e-01
4.850000e-01 5.038626e-01
4.855000e-01 5.256420e-01
4.860000e-01 5.241396e-01
4.865000e-01 5.098937e-01
4.870000e-01 4.892437e-01
4.875000e-01 4.656869e-01
4.880000e-01 4.411301e-01
4.885000e-01 4.161485e-01
4.890000e-01 4.045586e-01
4.895000e-01 3.877391e-01
4.900000e-01 3.713041e-01
4.905000e-01 3.557768e-01
4.910000e-01 3.412978e-01
4.915000e-01 3.278829e-01
4.920000e-01 3.154969e-01
4.925000e-01 3.040833e-01
4.930000e-01 2.935779e-01
4.935000e-01 2.839153e-01
4.940000e-01 2.750328e-01
4.945000e-01 2.668716e-01
4.950000e-01 2.593776e-01
4.955000e-01 2.525017e-01
4.960000e-01 2.461997e-01
4.965000e-01 2.404317e-01
4.970000e-01 2.351625e-01
4.975000e-01 2.303606e-01
4.980000e-01 2.259982e-01
4.985000e-01 2.220509e-01
4.990000e-01 2.184975e-01
4.995000e-01 2.153198e-01
