0.000000e+00 0.000000e+00
5.000000e-04 0.000000e+00
1.000000e-03 0.000000e+00
1.500000e-03 0.000000e+00
2.000000e-03 0.000000e+00
2.500000e-03 0.000000e+00
3.000000e-03 0.000000e+00
3.500000e-03 0.000000e+00
4.000000e-03 0.000000e+00
4.500000e-03 0.000000e+00
5.000000e-03 0.000000e+00
5.500000e-03 0.000000e+00
6.000000e-03 0.000000e+00
6.500000e-03 0.000000e+00
7.000000e-03 0.000000e+00
7.500000e-03 0.000000e+00
8.000000e-03 0.000000e+00
8.500000e-03 0.000000e+00
9.000000e-03 0.000000e+00
9.500000e-03 0.000000e+00
1.000000e-02 0.000000e+00
1.050000e-02 0.000000e+00
1.100000e-02 0.000000e+00
1.150000e-02 0.000000e+00
1.200000e-02 0.000000e+00
1.250000e-02 0.000000e+00
1.300000e-02 0.000000e+00
1.350000e-02 0.000000e+00
1.400000e-02 0.000000e+00
1.450000e-02 0.000000e+00
1.500000e-02 0.000000e+00
1.550000e-02 0.000000e+00
1.600000e-02 0.000000e+00
1.650000e-02 0.000000e+00
1.700000e-02 0.000000e+00
1.750000e-02 0.000000e+00
1.800000e-02 0.000000e+00
1.850000e-02 0.000000e+00
1.900000e-02 0.000000e+00
1.950000e-02 0.000000e+00
2.000000e-02 0.000000e+00
2.050000e-02 2.497295e-05
2.100000e-02 1.060592e-04
2.150000e-02 1.789325e-04
2.200000e-02 2.456061e-04
2.250000e-02 3.080399e-04
2.300000e-02 3.682054e-04
2.350000e-02 4.281754e-04
2.400000e-02 4.902473e-04
2.450000e-02 5.571159e-04
2.500000e-02 6.321254e-04
2.550000e-02 7.196507e-04
2.600000e-02 8.256971e-04
2.650000e-02 9.588817e-04
2.700000e-02 1.132104e-03
2.750000e-02 1.365517e-03
2.800000e-02 1.692073e-03
2.850000e-02 2.168493e-03
2.900000e-02 2.898489e-03
2.950000e-02 4.086213e-03
3.000000e-02 6.172938e-03
3.050000e-02 1.023745e-02
3.100000e-02 1.939996e-02
3.150000e-02 4.502417e-02
3.200000e-02 1.375784e-01
3.250000e-02 2.791786e-01
3.300000e-02 1.328770e-01
3.350000e-02 6.288581e-02
3.400000e-02 3.877757e-02
3.450000e-02 2.859546e-02
3.500000e-02 2.379781e-02
3.550000e-02 2.162441e-02
3.600000e-02 2.103121e-02
3.650000e-02 2.161163e-02
3.700000e-02 2.325207e-02
3.750000e-02 2.600368e-02
3.800000e-02 3.001689e-02
3.850000e-02 3.546246e-02
3.900000e-02 4.236233e-02
3.950000e-02 5.025405e-02
4.000000e-02 5.776778e-02
4.050000e-02 6.266511e-02
4.100000e-02 6.304983e-02
4.150000e-02 5.895012e-02
4.200000e-02 5.220172e-02
4.250000e-02 4.486193e-02
4.300000e-02 3.817751e-02
4.350000e-02 3.259396e-02
4.400000e-02 2.811740e-02
4.450000e-02 2.459100e-02
4.500000e-02 2.182992e-02
4.550000e-02 1.967087e-02
4.600000e-02 1.798364e-02
4.650000e-02 1.666903e-02
4.700000e-02 1.565310e-02
4.750000e-02 1.488147e-02
4.800000e-02 1.431476e-02
4.850000e-02 1.392510e-02
4.900000e-02 1.369374e-02
4.950000e-02 1.360940e-02
5.000000e-02 1.366734e-02
5.050000e-02 1.386897e-02
5.100000e-02 1.422196e-02
5.150000e-02 1.474104e-02
5.200000e-02 1.544932e-02
5.250000e-02 1.638072e-02
5.300000e-02 1.758371e-02
5.350000e-02 1.912714e-02
5.400000e-02 2.110959e-02
5.450000e-02 2.367441e-02
5.500000e-02 2.703482e-02
5.550000e-02 3.151729e-02
5.600000e-02 3.763982e-02
5.650000e-02 4.626031e-02
5.700000e-02 5.887474e-02
5.750000e-02 7.825626e-02
5.800000e-02 1.099206e-01
5.850000e-02 1.656298e-01
5.900000e-02 2.705939e-01
5.950000e-02 4.491619e-01
6.000000e-02 3.463975e-01
6.050000e-02 3.629953e-01
6.100000e-02 4.418164e-01
6.150000e-02 2.626349e-01
6.200000e-02 1.596995e-01
6.250000e-02 1.054982e-01
6.300000e-02 7.528896e-02
6.350000e-02 5.533458e-02
6.400000e-02 4.341313e-02
6.450000e-02 3.506316e-02
6.500000e-02 2.896431e-02
6.550000e-02 2.423417e-02
6.600000e-02 2.028248e-02
6.650000e-02 1.669843e-02
6.700000e-02 1.323346e-02
6.750000e-02 9.848370e-03
6.800000e-02 6.730268e-03
6.850000e-02 4.164356e-03
6.900000e-02 2.318367e-03
6.950000e-02 1.151321e-03
7.000000e-02 4.948426e-04
7.050000e-02 1.677286e-04
7.100000e-02 3.222502e-05
7.150000e-02 7.921130e-11
7.200000e-02 1.953260e-05
7.250000e-02 6.249603e-05
7.300000e-02 1.140256e-04
7.350000e-02 1.667279e-04
7.400000e-02 2.172407e-04
7.450000e-02 2.643249e-04
7.500000e-02 3.078276e-04
7.550000e-02 3.481282e-04
7.600000e-02 3.858487e-04
7.650000e-02 4.217083e-04
7.700000e-02 4.564592e-04
7.750000e-02 4.908671e-04
7.800000e-02 5.257237e-04
7.850000e-02 5.618867e-04
7.900000e-02 6.003643e-04
7.950000e-02 6.424965e-04
8.000000e-02 6.904344e-04
8.050000e-02 7.489691e-04
8.100000e-02 8.519333e-04
8.150000e-02 1.600012e-03
8.200000e-02 1.908375e-03
8.250000e-02 2.135662e-03
8.300000e-02 2.324783e-03
8.350000e-02 2.494348e-03
8.400000e-02 2.654983e-03
8.450000e-02 2.813765e-03
8.500000e-02 2.975998e-03
8.550000e-02 3.146085e-03
8.600000e-02 3.328050e-03
8.650000e-02 3.525894e-03
8.700000e-02 3.743893e-03
8.750000e-02 3.986886e-03
8.800000e-02 4.260587e-03
8.850000e-02 4.571979e-03
8.900000e-02 4.929820e-03
8.950000e-02 5.345344e-03
9.000000e-02 5.833255e-03
9.050000e-02 6.413180e-03
9.100000e-02 7.111859e-03
9.150000e-02 7.966527e-03
9.200000e-02 9.030304e-03
9.250000e-02 1.038109e-02
9.300000e-02 1.213680e-02
9.350000e-02 1.448270e-02
9.400000e-02 1.772296e-02
9.450000e-02 2.238452e-02
9.500000e-02 2.944215e-02
9.550000e-02 4.085413e-02
9.600000e-02 6.098912e-02
9.650000e-02 1.009620e-01
9.700000e-02 1.931397e-01
9.750000e-02 4.112949e-01
9.800000e-02 4.701157e-01
9.850000e-02 3.978575e-01
9.900000e-02 1.877185e-01
9.950000e-02 9.988152e-02
1.000000e-01 6.144063e-02
1.005000e-01 4.196738e-02
1.010000e-01 3.092169e-02
1.015000e-01 2.411954e-02
1.020000e-01 1.967023e-02
1.025000e-01 1.662678e-02
1.030000e-01 1.447490e-02
1.035000e-01 1.291687e-02
1.040000e-01 1.177122e-02
1.045000e-01 1.092275e-02
1.050000e-01 1.029592e-02
1.055000e-01 9.840037e-03
1.060000e-01 9.520640e-03
1.065000e-01 9.314315e-03
1.070000e-01 9.205570e-03
1.075000e-01 9.184928e-03
1.080000e-01 9.247850e-03
1.085000e-01 9.394266e-03
1.090000e-01 9.628602e-03
1.095000e-01 9.960332e-03
1.100000e-01 1.040514e-02
1.105000e-01 1.098692e-02
1.110000e-01 1.174112e-02
1.115000e-01 1.272001e-02
1.120000e-01 1.400151e-02
1.125000e-01 1.570389e-02
1.130000e-01 1.801131e-02
1.135000e-01 2.121960e-02
1.140000e-01 2.582203e-02
1.145000e-01 3.267668e-02
1.150000e-01 4.334746e-02
1.155000e-01 6.081635e-02
1.160000e-01 9.091253e-02
1.165000e-01 1.442925e-01
1.170000e-01 2.320803e-01
1.175000e-01 3.260728e-01
1.180000e-01 3.374288e-01
1.185000e-01 2.676730e-01
1.190000e-01 1.940190e-01
1.195000e-01 1.438779e-01
1.200000e-01 1.125579e-01
1.205000e-01 9.283714e-02
1.210000e-01 8.010386e-02
1.215000e-01 7.172727e-02
1.220000e-01 6.620447e-02
1.225000e-01 6.265310e-02
1.230000e-01 6.054023e-02
1.235000e-01 5.953771e-02
1.240000e-01 5.944320e-02
1.245000e-01 6.013591e-02
1.250000e-01 6.155121e-02
1.255000e-01 6.366622e-02
1.260000e-01 6.649183e-02
1.265000e-01 7.006909e-02
1.270000e-01 7.446858e-02
1.275000e-01 7.979231e-02
1.280000e-01 8.617778e-02
1.285000e-01 9.380447e-02
1.290000e-01 1.029027e-01
1.295000e-01 1.137650e-01
1.300000e-01 1.267605e-01
1.305000e-01 1.423504e-01
1.310000e-01 1.611029e-01
1.315000e-01 1.836991e-01
1.320000e-01 2.109137e-01
1.325000e-01 2.435359e-01
1.330000e-01 2.821597e-01
1.335000e-01 3.267295e-01
1.340000e-01 3.757057e-01
1.345000e-01 4.248956e-01
1.350000e-01 4.667879e-01
1.355000e-01 4.927638e-01
1.360000e-01 5.001671e-01
1.365000e-01 4.979896e-01
1.370000e-01 4.981191e-01
1.375000e-01 5.006477e-01
1.380000e-01 4.974033e-01
1.385000e-01 4.848247e-01
1.390000e-01 4.662174e-01
1.395000e-01 4.468419e-01
1.400000e-01 4.304125e-01
1.405000e-01 4.182975e-01
1.410000e-01 4.099016e-01
1.415000e-01 4.033139e-01
1.420000e-01 3.960343e-01
1.425000e-01 3.857530e-01
1.430000e-01 3.710437e-01
1.435000e-01 3.517407e-01
1.440000e-01 3.288341e-01
1.445000e-01 3.039577e-01
1.450000e-01 2.787789e-01
1.455000e-01 2.545920e-01
1.460000e-01 2.321966e-01
1.465000e-01 2.119633e-01
1.470000e-01 1.939648e-01
1.475000e-01 1.780991e-01
1.480000e-01 1.641782e-01
1.485000e-01 1.519840e-01
1.490000e-01 1.412990e-01
1.495000e-01 1.319220e-01
1.500000e-01 1.236742e-01
1.505000e-01 1.164001e-01
1.510000e-01 1.099669e-01
1.515000e-01 1.042611e-01
1.520000e-01 9.918706e-02
1.525000e-01 9.466362e-02
1.530000e-01 9.062221e-02
1.535000e-01 8.700479e-02
1.540000e-01 8.376212e-02
1.545000e-01 8.085242e-02
1.550000e-01 7.824013e-02
1.555000e-01 7.589499e-02
1.560000e-01 7.379122e-02
1.565000e-01 7.190686e-02
1.570000e-01 7.022324e-02
1.575000e-01 6.872452e-02
1.580000e-01 6.739738e-02
1.585000e-01 6.623066e-02
1.590000e-01 6.521522e-02
1.595000e-01 6.434369e-02
1.600000e-01 6.361040e-02
1.605000e-01 6.301130e-02
1.610000e-01 6.254391e-02
1.615000e-01 6.220738e-02
1.620000e-01 6.200262e-02
1.625000e-01 6.193243e-02
1.630000e-01 6.200188e-02
1.635000e-01 6.221876e-02
1.640000e-01 6.259441e-02
1.645000e-01 6.314482e-02
1.650000e-01 6.389261e-02
1.655000e-01 6.487003e-02
1.660000e-01 6.612418e-02
1.665000e-01 6.772616e-02
1.670000e-01 6.978811e-02
1.675000e-01 7.249702e-02
1.680000e-01 7.618744e-02
1.685000e-01 8.151383e-02
1.690000e-01 8.991212e-02
1.695000e-01 1.050314e-01
1.700000e-01 1.377637e-01
1.705000e-01 2.152347e-01
1.710000e-01 2.296417e-01
1.715000e-01 1.242444e-01
1.720000e-01 9.000723e-02
1.725000e-01 8.159761e-02
1.730000e-01 8.043219e-02
1.735000e-01 8.187312e-02
1.740000e-01 8.452503e-02
1.745000e-01 8.789607e-02
1.750000e-01 9.179856e-02
1.755000e-01 9.616412e-02
1.760000e-01 1.009778e-01
1.765000e-01 1.062518e-01
1.770000e-01 1.120147e-01
1.775000e-01 1.183059e-01
1.780000e-01 1.251732e-01
1.785000e-01 1.326708e-01
1.790000e-01 1.408548e-01
1.795000e-01 1.497724e-01
1.800000e-01 1.594222e-01
1.805000e-01 1.695308e-01
1.810000e-01 1.742546e-01
1.815000e-01 1.840431e-01
1.820000e-01 1.968504e-01
1.825000e-01 2.125512e-01
1.830000e-01 2.316127e-01
1.835000e-01 2.547783e-01
1.840000e-01 2.830223e-01
1.845000e-01 3.174800e-01
1.850000e-01 3.592034e-01
1.855000e-01 4.084852e-01
1.860000e-01 4.634036e-01
1.865000e-01 5.177455e-01
1.870000e-01 5.608644e-01
1.875000e-01 5.842034e-01
1.880000e-01 5.884283e-01
1.885000e-01 5.756711e-01
1.890000e-01 5.455850e-01
1.895000e-01 5.046706e-01
1.900000e-01 4.634763e-01
1.905000e-01 4.289259e-01
1.910000e-01 4.032413e-01
1.915000e-01 3.860288e-01
1.920000e-01 3.759876e-01
1.925000e-01 3.717188e-01
1.930000e-01 3.719990e-01
1.935000e-01 3.758252e-01
1.940000e-01 3.823816e-01
1.945000e-01 3.909911e-01
1.950000e-01 4.010714e-01
1.955000e-01 4.121034e-01
1.960000e-01 4.236112e-01
1.965000e-01 4.351542e-01
1.970000e-01 4.463298e-01
1.975000e-01 4.567838e-01
1.980000e-01 4.662268e-01
1.985000e-01 4.744512e-01
1.990000e-01 4.813440e-01
1.995000e-01 4.868907e-01
2.000000e-01 4.911660e-01
2.005000e-01 4.943128e-01
2.010000e-01 4.965108e-01
2.015000e-01 4.979438e-01
2.020000e-01 4.987710e-01
2.025000e-01 4.991105e-01
2.030000e-01 4.990356e-01
2.035000e-01 4.985829e-01
2.040000e-01 4.977682e-01
2.045000e-01 4.966037e-01
2.050000e-01 4.951121e-01
2.055000e-01 4.933362e-01
2.060000e-01 4.913416e-01
2.065000e-01 4.892153e-01
2.070000e-01 4.870601e-01
2.075000e-01 4.849884e-01
2.080000e-01 4.831145e-01
2.085000e-01 4.815489e-01
2.090000e-01 4.803923e-01
2.095000e-01 4.797309e-01
2.100000e-01 4.796334e-01
2.105000e-01 4.801470e-01
2.110000e-01 4.812947e-01
2.115000e-01 4.830723e-01
2.120000e-01 4.854443e-01
2.125000e-01 4.883397e-01
2.130000e-01 4.916468e-01
2.135000e-01 4.952063e-01
2.140000e-01 4.988038e-01
2.145000e-01 5.021594e-01
2.150000e-01 5.049156e-01
2.155000e-01 5.066215e-01
2.160000e-01 5.067115e-01
2.165000e-01 5.044785e-01
2.170000e-01 4.990374e-01
2.175000e-01 4.892793e-01
2.180000e-01 4.738231e-01
2.185000e-01 4.509892e-01
2.190000e-01 4.188805e-01
2.195000e-01 3.757984e-01
2.200000e-01 3.215366e-01
2.205000e-01 2.605651e-01
2.210000e-01 2.077950e-01
2.215000e-01 1.926134e-01
2.220000e-01 2.441954e-01
2.225000e-01 3.503108e-01
2.230000e-01 4.517597e-01
2.235000e-01 5.090029e-01
2.240000e-01 5.299995e-01
2.245000e-01 5.350898e-01
2.250000e-01 5.354530e-01
2.255000e-01 5.344748e-01
2.260000e-01 5.325543e-01
2.265000e-01 5.294305e-01
2.270000e-01 5.248572e-01
2.275000e-01 5.186993e-01
2.280000e-01 5.108943e-01
2.285000e-01 5.014067e-01
2.290000e-01 4.902007e-01
2.295000e-01 4.772281e-01
2.300000e-01 4.624261e-01
2.305000e-01 4.457226e-01
2.310000e-01 4.270448e-01
2.315000e-01 4.063318e-01
2.320000e-01 3.835501e-01
2.325000e-01 3.587111e-01
2.330000e-01 3.318921e-01
2.335000e-01 3.032577e-01
2.340000e-01 2.730829e-01
2.345000e-01 2.417740e-01
2.350000e-01 2.098859e-01
2.355000e-01 1.781308e-01
2.360000e-01 1.473760e-01
2.365000e-01 1.186242e-01
2.370000e-01 9.297478e-02
2.375000e-01 7.156458e-02
2.380000e-01 5.548856e-02
2.385000e-01 4.570790e-02
2.390000e-01 4.295460e-02
2.395000e-01 4.764607e-02
2.400000e-01 5.982373e-02
2.405000e-01 7.912763e-02
2.410000e-01 1.048137e-01
2.415000e-01 1.358129e-01
2.420000e-01 1.708249e-01
2.425000e-01 2.084311e-01
2.430000e-01 2.472112e-01
2.435000e-01 2.858477e-01
2.440000e-01 3.232062e-01
2.445000e-01 3.583859e-01
2.450000e-01 3.907397e-01
2.455000e-01 4.198684e-01
2.460000e-01 4.455947e-01
2.465000e-01 4.679251e-01
2.470000e-01 4.870068e-01
2.475000e-01 5.030838e-01
2.480000e-01 5.164578e-01
2.485000e-01 5.274539e-01
2.490000e-01 5.363937e-01
2.495000e-01 5.435746e-01
2.500000e-01 5.492557e-01
2.505000e-01 5.536476e-01
2.510000e-01 5.569069e-01
2.515000e-01 5.591339e-01
2.520000e-01 5.603730e-01
2.525000e-01 5.606161e-01
2.530000e-01 5.598102e-01
2.535000e-01 5.578691e-01
2.540000e-01 5.546900e-01
2.545000e-01 5.501733e-01
2.550000e-01 5.442436e-01
2.555000e-01 5.368677e-01
2.560000e-01 5.280680e-01
2.565000e-01 5.179264e-01
2.570000e-01 5.065808e-01
2.575000e-01 4.942148e-01
2.580000e-01 4.810426e-01
2.585000e-01 4.672936e-01
2.590000e-01 4.531975e-01
2.595000e-01 4.389730e-01
2.600000e-01 4.248200e-01
2.605000e-01 4.109151e-01
2.610000e-01 3.974109e-01
2.615000e-01 3.844367e-01
2.620000e-01 3.721013e-01
2.625000e-01 3.604968e-01
2.630000e-01 3.497028e-01
2.635000e-01 3.397907e-01
2.640000e-01 3.308279e-01
2.645000e-01 3.228818e-01
2.650000e-01 3.160242e-01
2.655000e-01 3.103346e-01
2.660000e-01 3.059038e-01
2.665000e-01 3.028374e-01
2.670000e-01 3.012581e-01
2.675000e-01 3.013082e-01
2.680000e-01 3.031509e-01
2.685000e-01 3.069694e-01
2.690000e-01 3.129639e-01
2.695000e-01 3.213444e-01
2.700000e-01 3.323176e-01
2.705000e-01 3.460649e-01
2.710000e-01 3.627099e-01
2.715000e-01 3.822718e-01
2.720000e-01 4.046030e-01
2.725000e-01 4.293146e-01
2.730000e-01 4.556965e-01
2.735000e-01 4.826509e-01
2.740000e-01 5.086705e-01
2.745000e-01 5.319001e-01
2.750000e-01 5.503197e-01
2.755000e-01 5.620600e-01
2.760000e-01 5.658082e-01
2.765000e-01 5.611915e-01
2.770000e-01 5.489897e-01
2.775000e-01 5.310558e-01
2.780000e-01 5.099339e-01
2.785000e-01 4.883026e-01
2.790000e-01 4.684423e-01
2.795000e-01 4.518961e-01
2.800000e-01 4.393836e-01
2.805000e-01 4.309219e-01
2.810000e-01 4.260490e-01
2.815000e-01 4.240579e-01
2.820000e-01 4.241819e-01
2.825000e-01 4.257134e-01
2.830000e-01 4.280624e-01
2.835000e-01 4.307743e-01
2.840000e-01 4.335211e-01
2.845000e-01 4.360830e-01
2.850000e-01 4.383260e-01
2.855000e-01 4.401827e-01
2.860000e-01 4.416360e-01
2.865000e-01 4.427082e-01
2.870000e-01 4.434544e-01
2.875000e-01 4.439588e-01
2.880000e-01 4.443347e-01
2.885000e-01 4.447268e-01
2.890000e-01 4.453147e-01
2.895000e-01 4.463161e-01
2.900000e-01 4.479898e-01
2.905000e-01 4.506337e-01
2.910000e-01 4.545745e-01
2.915000e-01 4.601441e-01
2.920000e-01 4.676317e-01
2.925000e-01 4.772021e-01
2.930000e-01 4.887723e-01
2.935000e-01 5.018481e-01
2.940000e-01 5.153557e-01
2.945000e-01 5.275518e-01
2.950000e-01 5.361421e-01
2.955000e-01 5.387206e-01
2.960000e-01 5.334810e-01
2.965000e-01 5.199038e-01
2.970000e-01 4.990040e-01
2.975000e-01 4.729491e-01
2.980000e-01 4.442834e-01
2.985000e-01 4.152128e-01
2.990000e-01 3.872451e-01
2.995000e-01 3.611873e-01
3.000000e-01 3.373305e-01
3.005000e-01 3.156652e-01
3.010000e-01 2.960459e-01
3.015000e-01 2.782896e-01
3.020000e-01 2.622232e-01
3.025000e-01 2.476999e-01
3.030000e-01 2.345988e-01
3.035000e-01 2.228201e-01
3.040000e-01 2.122782e-01
3.045000e-01 2.028959e-01
3.050000e-01 1.946009e-01
3.055000e-01 1.873230e-01
3.060000e-01 1.809931e-01
3.065000e-01 1.755429e-01
3.070000e-01 1.709048e-01
3.075000e-01 1.670123e-01
3.080000e-01 1.638000e-01
3.085000e-01 1.612040e-01
3.090000e-01 1.591619e-01
3.095000e-01 1.576123e-01
3.100000e-01 1.564947e-01
3.105000e-01 1.557487e-01
3.110000e-01 1.553129e-01
3.115000e-01 1.551241e-01
3.120000e-01 1.551159e-01
3.125000e-01 1.552175e-01
3.130000e-01 1.553522e-01
3.135000e-01 1.554367e-01
3.140000e-01 1.553804e-01
3.145000e-01 1.550853e-01
3.150000e-01 1.544470e-01
3.155000e-01 1.533554e-01
3.160000e-01 1.516919e-01
3.165000e-01 1.493135e-01
3.170000e-01 1.459655e-01
3.175000e-01 1.410243e-01
3.180000e-01 1.498373e-01
3.185000e-01 1.520825e-01
3.190000e-01 1.530560e-01
3.195000e-01 1.534010e-01
3.200000e-01 1.533749e-01
3.205000e-01 1.531157e-01
3.210000e-01 1.527094e-01
3.215000e-01 1.522156e-01
3.220000e-01 1.516778e-01
3.225000e-01 1.511298e-01
3.230000e-01 1.505984e-01
3.235000e-01 1.501054e-01
3.240000e-01 1.496691e-01
3.245000e-01 1.493048e-01
3.250000e-01 1.490256e-01
3.255000e-01 1.488428e-01
3.260000e-01 1.487661e-01
3.265000e-01 1.488042e-01
3.270000e-01 1.489649e-01
3.275000e-01 1.492550e-01
3.280000e-01 1.496810e-01
3.285000e-01 1.502485e-01
3.290000e-01 1.509633e-01
3.295000e-01 1.518307e-01
3.300000e-01 1.528557e-01
3.305000e-01 1.540436e-01
3.310000e-01 1.553996e-01
3.315000e-01 1.569290e-01
3.320000e-01 1.586373e-01
3.325000e-01 1.605300e-01
3.330000e-01 1.626134e-01
3.335000e-01 1.648937e-01
3.340000e-01 1.673776e-01
3.345000e-01 1.700724e-01
3.350000e-01 1.729859e-01
3.355000e-01 1.761263e-01
3.360000e-01 1.795024e-01
3.365000e-01 1.831239e-01
3.370000e-01 1.870010e-01
3.375000e-01 1.911448e-01
3.380000e-01 1.955671e-01
3.385000e-01 2.002807e-01
3.390000e-01 2.052995e-01
3.395000e-01 2.106379e-01
3.400000e-01 2.163120e-01
3.405000e-01 2.223386e-01
3.410000e-01 2.287357e-01
3.415000e-01 2.355226e-01
3.420000e-01 2.427199e-01
3.425000e-01 2.503491e-01
3.430000e-01 2.584331e-01
3.435000e-01 2.669957e-01
3.440000e-01 2.760616e-01
3.445000e-01 2.856560e-01
3.450000e-01 2.958042e-01
3.455000e-01 3.065313e-01
3.460000e-01 3.178607e-01
3.465000e-01 3.298136e-01
3.470000e-01 3.424071e-01
3.475000e-01 3.556519e-01
3.480000e-01 3.695502e-01
3.485000e-01 3.840910e-01
3.490000e-01 3.992462e-01
3.495000e-01 4.149639e-01
3.500000e-01 4.311609e-01
3.505000e-01 4.477124e-01
3.510000e-01 4.644403e-01
3.515000e-01 4.810979e-01
3.520000e-01 4.973533e-01
3.525000e-01 5.127692e-01
3.530000e-01 5.267830e-01
3.535000e-01 5.386873e-01
3.540000e-01 5.476155e-01
3.545000e-01 5.525401e-01
3.550000e-01 5.522906e-01
3.555000e-01 5.456063e-01
3.560000e-01 5.312373e-01
3.565000e-01 5.081072e-01
3.570000e-01 4.755455e-01
3.575000e-01 4.335758e-01
3.580000e-01 3.832223e-01
3.585000e-01 3.267528e-01
3.590000e-01 2.677529e-01
3.595000e-01 2.109175e-01
3.600000e-01 1.615059e-01
3.605000e-01 1.245152e-01
3.610000e-01 1.037592e-01
3.615000e-01 1.011279e-01
3.620000e-01 1.162655e-01
3.625000e-01 1.467646e-01
3.630000e-01 1.887828e-01
3.635000e-01 2.378539e-01
3.640000e-01 2.896501e-01
3.645000e-01 3.405259e-01
3.650000e-01 3.877892e-01
3.655000e-01 4.297356e-01
3.660000e-01 4.655266e-01
3.665000e-01 4.949935e-01
3.670000e-01 5.184311e-01
3.675000e-01 5.364160e-01
3.680000e-01 5.496654e-01
3.685000e-01 5.589381e-01
3.690000e-01 5.649703e-01
3.695000e-01 5.684391e-01
3.700000e-01 5.699456e-01
3.705000e-01 5.700100e-01
3.710000e-01 5.690751e-01
3.715000e-01 5.675133e-01
3.720000e-01 5.656361e-01
3.725000e-01 5.637031e-01
3.730000e-01 5.619323e-01
3.735000e-01 5.605080e-01
3.740000e-01 5.595890e-01
3.745000e-01 5.593151e-01
3.750000e-01 5.598140e-01
3.755000e-01 5.612062e-01
3.760000e-01 5.636100e-01
3.765000e-01 5.671464e-01
3.770000e-01 5.719421e-01
3.775000e-01 5.781327e-01
3.780000e-01 5.858627e-01
3.785000e-01 5.952822e-01
3.790000e-01 6.065337e-01
3.795000e-01 6.197207e-01
3.800000e-01 6.348377e-01
3.805000e-01 6.516202e-01
3.810000e-01 6.692304e-01
3.815000e-01 6.856230e-01
3.820000e-01 6.963590e-01
3.825000e-01 6.928750e-01
3.830000e-01 6.622971e-01
3.835000e-01 5.990286e-01
3.840000e-01 5.460754e-01
3.845000e-01 6.079307e-01
3.850000e-01 7.709349e-01
3.855000e-01 8.614515e-01
3.860000e-01 8.378868e-01
3.865000e-01 7.723892e-01
3.870000e-01 7.131024e-01
3.875000e-01 6.722685e-01
3.880000e-01 6.480781e-01
3.885000e-01 6.359453e-01
3.890000e-01 6.317929e-01
3.895000e-01 6.325557e-01
3.900000e-01 6.360099e-01
3.905000e-01 6.405405e-01
3.910000e-01 6.449848e-01
3.915000e-01 6.485605e-01
3.920000e-01 6.508530e-01
3.925000e-01 6.518298e-01
3.930000e-01 6.518404e-01
3.935000e-01 6.515595e-01
3.940000e-01 6.518448e-01
3.945000e-01 6.535121e-01
3.950000e-01 6.570781e-01
3.955000e-01 6.625588e-01
3.960000e-01 6.694110e-01
3.965000e-01 6.766486e-01
3.970000e-01 6.830952e-01
3.975000e-01 6.876738e-01
3.980000e-01 6.896332e-01
3.985000e-01 6.886554e-01
3.990000e-01 6.848426e-01
3.995000e-01 6.786234e-01
4.000000e-01 6.706266e-01
4.005000e-01 6.615621e-01
4.010000e-01 6.521284e-01
4.015000e-01 6.429541e-01
4.020000e-01 6.345670e-01
4.025000e-01 6.273836e-01
4.030000e-01 6.217115e-01
4.035000e-01 6.177564e-01
4.040000e-01 6.156305e-01
4.045000e-01 6.153587e-01
4.050000e-01 6.168807e-01
4.055000e-01 6.200497e-01
4.060000e-01 6.246273e-01
4.065000e-01 6.302766e-01
4.070000e-01 6.365574e-01
4.075000e-01 6.429281e-01
4.080000e-01 6.487610e-01
4.085000e-01 6.533795e-01
4.090000e-01 6.561245e-01
4.095000e-01 6.564512e-01
4.100000e-01 6.540474e-01
4.105000e-01 6.489478e-01
4.110000e-01 6.416032e-01
4.115000e-01 6.328581e-01
4.120000e-01 6.238111e-01
4.125000e-01 6.155773e-01
4.130000e-01 6.090232e-01
4.135000e-01 6.045700e-01
4.140000e-01 6.021390e-01
4.145000e-01 6.012475e-01
4.150000e-01 6.011996e-01
4.155000e-01 6.012930e-01
4.160000e-01 6.009715e-01
4.165000e-01 5.998996e-01
4.170000e-01 5.979658e-01
4.175000e-01 5.952396e-01
4.180000e-01 5.919118e-01
4.185000e-01 5.882352e-01
4.190000e-01 5.844778e-01
4.195000e-01 5.808884e-01
4.200000e-01 5.776755e-01
4.205000e-01 5.749936e-01
4.210000e-01 5.729349e-01
4.215000e-01 5.715219e-01
4.220000e-01 5.706980e-01
4.225000e-01 5.703154e-01
4.230000e-01 5.701153e-01
4.235000e-01 5.697019e-01
4.240000e-01 5.685067e-01
4.245000e-01 5.657444e-01
4.250000e-01 5.603631e-01
4.255000e-01 5.509972e-01
4.260000e-01 5.359427e-01
4.265000e-01 5.131924e-01
4.270000e-01 4.805945e-01
4.275000e-01 4.362281e-01
4.280000e-01 3.791040e-01
4.285000e-01 3.102444e-01
4.290000e-01 2.339977e-01
4.295000e-01 1.590454e-01
4.300000e-01 9.809140e-02
4.305000e-01 6.520237e-02
4.310000e-01 7.086494e-02
4.315000e-01 1.169031e-01
4.320000e-01 1.946217e-01
4.325000e-01 2.879047e-01
4.330000e-01 3.794177e-01
4.335000e-01 4.560924e-01
4.340000e-01 5.114085e-01
4.345000e-01 5.446416e-01
4.350000e-01 5.587003e-01
4.355000e-01 5.580006e-01
4.360000e-01 5.470276e-01
4.365000e-01 5.296141e-01
4.370000e-01 5.087162e-01
4.375000e-01 4.864559e-01
4.380000e-01 4.642702e-01
4.385000e-01 4.430789e-01
4.390000e-01 4.234328e-01
4.395000e-01 4.056304e-01
4.400000e-01 3.898038e-01
4.405000e-01 3.759797e-01
4.410000e-01 3.641211e-01
4.415000e-01 3.541550e-01
4.420000e-01 3.459903e-01
4.425000e-01 3.395290e-01
4.430000e-01 3.346734e-01
4.435000e-01 3.313294e-01
4.440000e-01 3.294088e-01
4.445000e-01 3.288301e-01
4.450000e-01 3.295191e-01
4.455000e-01 3.314086e-01
4.460000e-01 3.344394e-01
4.465000e-01 3.385612e-01
4.470000e-01 3.437349e-01
4.475000e-01 3.499355e-01
4.480000e-01 3.571577e-01
4.485000e-01 3.654223e-01
4.490000e-01 3.747851e-01
4.495000e-01 3.853484e-01
4.500000e-01 3.972745e-01
4.505000e-01 4.108005e-01
4.510000e-01 4.262543e-01
4.515000e-01 4.440683e-01
4.520000e-01 4.647856e-01
4.525000e-01 4.890465e-01
4.530000e-01 5.175326e-01
4.535000e-01 5.508263e-01
4.540000e-01 5.891098e-01
4.545000e-01 6.316041e-01
4.550000e-01 6.756673e-01
4.555000e-01 7.157339e-01
4.560000e-01 7.430745e-01
4.565000e-01 7.486845e-01
4.570000e-01 7.312471e-01
4.575000e-01 7.051172e-01
4.580000e-01 6.939979e-01
4.585000e-01 7.090852e-01
4.590000e-01 7.389770e-01
4.595000e-01 7.643050e-01
4.600000e-01 7.740248e-01
4.605000e-01 7.676228e-01
4.610000e-01 7.497578e-01
4.615000e-01 7.257085e-01
4.620000e-01 6.995139e-01
4.625000e-01 6.737453e-01
4.630000e-01 6.498413e-01
4.635000e-01 6.285017e-01
4.640000e-01 6.099893e-01
4.645000e-01 5.943275e-01
4.650000e-01 5.814205e-01
4.655000e-01 5.711218e-01
4.660000e-01 5.632718e-01
4.665000e-01 5.577175e-01
4.670000e-01 5.543205e-01
4.675000e-01 5.529597e-01
4.680000e-01 5.535300e-01
4.685000e-01 5.559384e-01
4.690000e-01 5.600985e-01
4.695000e-01 5.659218e-01
4.700000e-01 5.733077e-01
4.705000e-01 5.821282e-01
4.710000e-01 5.922088e-01
4.715000e-01 6.033013e-01
4.720000e-01 6.150477e-01
4.725000e-01 6.269320e-01
4.730000e-01 6.382187e-01
4.735000e-01 6.478771e-01
4.740000e-01 6.545009e-01
4.745000e-01 6.562438e-01
4.750000e-01 6.508237e-01
4.755000e-01 6.356960e-01
4.760000e-01 6.085672e-01
4.765000e-01 5.684636e-01
4.770000e-01 5.174814e-01
4.775000e-01 4.628599e-01
4.780000e-01 4.179966e-01
4.785000e-01 3.999808e-01
4.790000e-01 4.221578e-01
4.795000e-01 4.848445e-01
4.800000e-01 5.721066e-01
4.805000e-01 6.594064e-01
4.810000e-01 7.265067e-01
4.815000e-01 7.653246e-01
4.820000e-01 7.790054e-01
4.825000e-01 7.762181e-01
4.830000e-01 7.657009e-01
4.835000e-01 7.530985e-01
4.840000e-01 7.398529e-01
4.845000e-01 7.235193e-01
4.850000e-01 6.994374e-01
4.855000e-01 6.639778e-01
4.860000e-01 6.185846e-01
4.865000e-01 5.716891e-01
4.870000e-01 5.352473e-01
4.875000e-01 5.171943e-01
4.880000e-01 5.159836e-01
4.885000e-01 5.088599e-01
4.890000e-01 5.215575e-01
4.895000e-01 5.559728e-01
4.900000e-01 5.900792e-01
4.905000e-01 6.193579e-01
4.910000e-01 6.419088e-01
4.915000e-01 6.573486e-01
4.920000e-01 6.662036e-01
4.925000e-01 6.694755e-01
4.930000e-01 6.683404e-01
4.935000e-01 6.639613e-01
4.940000e-01 6.573859e-01
4.945000e-01 6.495033e-01
4.950000e-01 6.410363e-01
4.955000e-01 6.325535e-01
4.960000e-01 6.244901e-01
4.965000e-01 6.171708e-01
4.970000e-01 6.108314e-01
4.975000e-01 6.056380e-01
4.980000e-01 6.017025e-01
4.985000e-01 5.990944e-01
4.990000e-01 5.978501e-01
4.995000e-01 5.979789e-01
