0.000000e+00 0.000000e+00
5.000000e-04 0.000000e+00
1.000000e-03 0.000000e+00
1.500000e-03 0.000000e+00
2.000000e-03 0.000000e+00
2.500000e-03 0.000000e+00
3.000000e-03 0.000000e+00
3.500000e-03 0.000000e+00
4.000000e-03 0.000000e+00
4.500000e-03 0.000000e+00
5.000000e-03 0.000000e+00
5.500000e-03 0.000000e+00
6.000000e-03 0.000000e+00
6.500000e-03 0.000000e+00
7.000000e-03 0.000000e+00
7.500000e-03 0.000000e+00
8.000000e-03 0.000000e+00
8.500000e-03 0.000000e+00
9.000000e-03 0.000000e+00
9.500000e-03 0.000000e+00
1.000000e-02 0.000000e+00
1.050000e-02 0.000000e+00
1.100000e-02 0.000000e+00
1.150000e-02 0.000000e+00
1.200000e-02 0.000000e+00
1.250000e-02 0.000000e+00
1.300000e-02 0.000000e+00
1.350000e-02 0.000000e+00
1.400000e-02 0.000000e+00
1.450000e-02 0.000000e+00
1.500000e-02 0.000000e+00
1.550000e-02 0.000000e+00
1.600000e-02 0.000000e+00
1.650000e-02 0.000000e+00
1.700000e-02 0.000000e+00
1.750000e-02 0.000000e+00
1.800000e-02 0.000000e+00
1.850000e-02 0.000000e+00
1.900000e-02 0.000000e+00
1.950000e-02 0.000000e+00
2.000000e-02 0.000000e+00
2.050000e-02 2.757139e-02
2.100000e-02 1.140378e-01
2.150000e-02 1.839519e-01
2.200000e-02 2.363218e-01
2.250000e-02 2.712696e-01
2.300000e-02 2.902700e-01
2.350000e-02 2.957695e-01
2.400000e-02 2.906444e-01
2.450000e-02 2.778042e-01
2.500000e-02 2.599380e-01
2.550000e-02 2.393338e-01
2.600000e-02 2.177720e-01
2.650000e-02 1.965112e-01
2.700000e-02 1.763510e-01
2.750000e-02 1.577336e-01
2.800000e-02 1.408484e-01
2.850000e-02 1.257206e-01
2.900000e-02 1.122782e-01
2.950000e-02 1.003973e-01
3.000000e-02 8.993238e-02
3.050000e-02 8.073391e-02
3.100000e-02 7.265915e-02
3.150000e-02 6.557747e-02
3.200000e-02 5.937285e-02
3.250000e-02 5.394478e-02
3.300000e-02 4.920850e-02
3.350000e-02 4.509504e-02
3.400000e-02 4.155191e-02
3.450000e-02 3.854508e-02
3.500000e-02 3.606356e-02
3.550000e-02 3.412936e-02
3.600000e-02 3.281932e-02
3.650000e-02 3.231603e-02
3.700000e-02 3.304178e-02
3.750000e-02 3.608070e-02
3.800000e-02 4.495574e-02
3.850000e-02 7.833203e-02
3.900000e-02 4.217416e-01
3.950000e-02 2.039999e-02
4.000000e-02 3.407278e-04
4.050000e-02 2.517213e-04
4.100000e-02 8.780520e-04
4.150000e-02 1.269386e-03
4.200000e-02 1.436905e-03
4.250000e-02 1.454779e-03
4.300000e-02 1.379874e-03
4.350000e-02 1.250374e-03
4.400000e-02 1.091556e-03
4.450000e-02 9.203662e-04
4.500000e-02 7.484152e-04
4.550000e-02 5.838670e-04
4.600000e-02 4.326418e-04
4.650000e-02 2.991904e-04
4.700000e-02 1.870029e-04
4.750000e-02 9.894650e-05
4.800000e-02 3.749483e-05
4.850000e-02 4.881697e-06
4.900000e-02 3.205095e-06
4.950000e-02 3.449495e-05
5.000000e-02 1.007544e-04
5.050000e-02 2.039808e-04
5.100000e-02 3.461703e-04
5.150000e-02 5.293096e-04
5.200000e-02 7.553546e-04
5.250000e-02 1.026200e-03
5.300000e-02 1.343636e-03
5.350000e-02 1.709299e-03
5.400000e-02 2.124606e-03
5.450000e-02 2.590678e-03
5.500000e-02 3.108240e-03
5.550000e-02 3.677494e-03
5.600000e-02 4.297941e-03
5.650000e-02 4.968119e-03
5.700000e-02 5.685199e-03
5.750000e-02 6.444340e-03
5.800000e-02 7.237583e-03
5.850000e-02 8.051925e-03
5.900000e-02 8.865765e-03
5.950000e-02 9.642017e-03
6.000000e-02 1.031379e-02
6.050000e-02 1.075179e-02
6.100000e-02 1.068068e-02
6.150000e-02 9.427019e-03
6.200000e-02 5.059301e-03
6.250000e-02 2.093005e-02
6.300000e-02 1.009130e-01
6.350000e-02 5.568099e-02
6.400000e-02 4.938204e-02
6.450000e-02 4.920358e-02
6.500000e-02 5.146268e-02
6.550000e-02 5.528750e-02
6.600000e-02 6.048742e-02
6.650000e-02 6.714844e-02
6.700000e-02 7.553953e-02
6.750000e-02 8.611309e-02
6.800000e-02 9.955620e-02
6.850000e-02 1.168921e-01
6.900000e-02 1.396486e-01
6.950000e-02 1.701183e-01
7.000000e-02 2.117047e-01
7.050000e-02 2.691276e-01
7.100000e-02 3.471419e-01
7.150000e-02 4.414570e-01
7.200000e-02 4.999197e-01
7.250000e-02 3.632839e-01
7.300000e-02 1.564877e-01
7.350000e-02 3.874630e-01
7.400000e-02 4.977219e-01
7.450000e-02 4.079324e-01
7.500000e-02 2.984234e-01
7.550000e-02 2.160050e-01
7.600000e-02 1.591422e-01
7.650000e-02 1.200781e-01
7.700000e-02 9.274895e-02
7.750000e-02 7.317626e-02
7.800000e-02 5.883119e-02
7.850000e-02 4.809632e-02
7.900000e-02 3.991930e-02
7.950000e-02 3.360438e-02
8.000000e-02 2.869217e-02
8.050000e-02 2.491130e-02
8.100000e-02 2.258824e-02
8.150000e-02 3.866837e-02
8.200000e-02 4.273008e-02
8.250000e-02 4.499104e-02
8.300000e-02 4.650385e-02
8.350000e-02 4.766458e-02
8.400000e-02 4.866802e-02
8.450000e-02 4.962492e-02
8.500000e-02 5.060515e-02
8.550000e-02 5.165711e-02
8.600000e-02 5.281754e-02
8.650000e-02 5.411706e-02
8.700000e-02 5.558353e-02
8.750000e-02 5.724432e-02
8.800000e-02 5.912796e-02
8.850000e-02 6.126546e-02
8.900000e-02 6.369160e-02
8.950000e-02 6.644606e-02
9.000000e-02 6.957474e-02
9.050000e-02 7.313110e-02
9.100000e-02 7.717766e-02
9.150000e-02 8.178766e-02
9.200000e-02 8.704672e-02
9.250000e-02 9.305438e-02
9.300000e-02 9.992520e-02
9.350000e-02 1.077886e-01
9.400000e-02 1.167861e-01
9.450000e-02 1.270642e-01
9.500000e-02 1.387580e-01
9.550000e-02 1.519610e-01
9.600000e-02 1.666715e-01
9.650000e-02 1.827062e-01
9.700000e-02 1.995763e-01
9.750000e-02 2.163371e-01
9.800000e-02 2.314676e-01
9.850000e-02 2.428961e-01
9.900000e-02 2.483241e-01
9.950000e-02 2.459127e-01
1.000000e-01 2.351236e-01
1.005000e-01 2.172207e-01
1.010000e-01 1.949894e-01
1.015000e-01 1.717848e-01
1.020000e-01 1.505447e-01
1.025000e-01 1.333086e-01
1.030000e-01 1.212770e-01
1.035000e-01 1.151447e-01
1.040000e-01 1.154673e-01
1.045000e-01 1.229621e-01
1.050000e-01 1.387312e-01
1.055000e-01 1.644046e-01
1.060000e-01 2.021279e-01
1.065000e-01 2.541217e-01
1.070000e-01 3.211093e-01
1.075000e-01 3.983158e-01
1.080000e-01 4.685263e-01
1.085000e-01 4.999832e-01
1.090000e-01 4.740239e-01
1.095000e-01 4.338669e-01
1.100000e-01 4.411929e-01
1.105000e-01 4.798828e-01
1.110000e-01 5.009660e-01
1.115000e-01 4.904690e-01
1.120000e-01 4.591761e-01
1.125000e-01 4.198122e-01
1.130000e-01 3.801104e-01
1.135000e-01 3.435887e-01
1.140000e-01 3.114024e-01
1.145000e-01 2.836021e-01
1.150000e-01 2.597970e-01
1.155000e-01 2.394672e-01
1.160000e-01 2.220974e-01
1.165000e-01 2.072276e-01
1.170000e-01 1.944654e-01
1.175000e-01 1.834836e-01
1.180000e-01 1.740130e-01
1.185000e-01 1.658322e-01
1.190000e-01 1.587603e-01
1.195000e-01 1.526486e-01
1.200000e-01 1.473755e-01
1.205000e-01 1.428407e-01
1.210000e-01 1.389621e-01
1.215000e-01 1.356721e-01
1.220000e-01 1.329153e-01
1.225000e-01 1.306466e-01
1.230000e-01 1.288295e-01
1.235000e-01 1.274350e-01
1.240000e-01 1.264403e-01
1.245000e-01 1.258285e-01
1.250000e-01 1.255877e-01
1.255000e-01 1.257107e-01
1.260000e-01 1.261943e-01
1.265000e-01 1.270395e-01
1.270000e-01 1.282511e-01
1.275000e-01 1.298372e-01
1.280000e-01 1.318096e-01
1.285000e-01 1.341831e-01
1.290000e-01 1.369755e-01
1.295000e-01 1.402068e-01
1.300000e-01 1.438990e-01
1.305000e-01 1.480741e-01
1.310000e-01 1.527529e-01
1.315000e-01 1.579520e-01
1.320000e-01 1.636794e-01
1.325000e-01 1.699280e-01
1.330000e-01 1.766665e-01
1.335000e-01 1.838262e-01
1.340000e-01 1.912821e-01
1.345000e-01 1.988277e-01
1.350000e-01 2.061430e-01
1.355000e-01 2.127554e-01
1.360000e-01 2.180000e-01
1.365000e-01 2.209909e-01
1.370000e-01 2.206314e-01
1.375000e-01 2.157105e-01
1.380000e-01 2.051637e-01
1.385000e-01 1.885766e-01
1.390000e-01 1.669226e-01
1.395000e-01 1.432344e-01
1.400000e-01 1.224787e-01
1.405000e-01 1.098794e-01
1.410000e-01 1.080902e-01
1.415000e-01 1.153728e-01
1.420000e-01 1.267260e-01
1.425000e-01 1.369889e-01
1.430000e-01 1.431181e-01
1.435000e-01 1.444297e-01
1.440000e-01 1.416826e-01
1.445000e-01 1.361281e-01
1.450000e-01 1.289558e-01
1.455000e-01 1.210845e-01
1.460000e-01 1.131423e-01
1.465000e-01 1.055186e-01
1.470000e-01 9.843061e-02
1.475000e-01 9.198003e-02
1.480000e-01 8.619569e-02
1.485000e-01 8.106286e-02
1.490000e-01 7.654250e-02
1.495000e-01 7.258319e-02
1.500000e-01 6.912833e-02
1.505000e-01 6.612022e-02
1.510000e-01 6.350201e-02
1.515000e-01 6.121844e-02
1.520000e-01 5.921580e-02
1.525000e-01 5.744141e-02
1.530000e-01 5.584274e-02
1.535000e-01 5.436656e-02
1.540000e-01 5.295797e-02
1.545000e-01 5.155974e-02
1.550000e-01 5.011185e-02
1.555000e-01 4.855178e-02
1.560000e-01 4.681556e-02
1.565000e-01 4.484010e-02
1.570000e-01 4.256704e-02
1.575000e-01 3.994820e-02
1.580000e-01 3.695275e-02
1.585000e-01 3.357535e-02
1.590000e-01 2.984431e-02
1.595000e-01 2.582835e-02
1.600000e-01 2.164013e-02
1.605000e-01 1.743572e-02
1.610000e-01 1.340984e-02
1.615000e-01 9.788585e-03
1.620000e-01 6.822692e-03
1.625000e-01 4.785208e-03
1.630000e-01 3.977449e-03
1.635000e-01 4.746455e-03
1.640000e-01 7.516093e-03
1.645000e-01 1.283227e-02
1.650000e-01 2.141818e-02
1.655000e-01 3.422164e-02
1.660000e-01 5.239871e-02
1.665000e-01 7.708988e-02
1.670000e-01 1.087033e-01
1.675000e-01 1.454064e-01
1.680000e-01 1.813260e-01
1.685000e-01 2.069915e-01
1.690000e-01 2.144702e-01
1.695000e-01 2.032338e-01
1.700000e-01 1.797009e-01
1.705000e-01 1.517694e-01
1.710000e-01 1.248324e-01
1.715000e-01 1.013026e-01
1.720000e-01 8.171098e-02
1.725000e-01 6.574449e-02
1.730000e-01 5.283247e-02
1.735000e-01 4.240212e-02
1.740000e-01 3.396602e-02
1.745000e-01 2.713887e-02
1.750000e-01 2.162935e-02
1.755000e-01 1.722677e-02
1.760000e-01 1.378968e-02
1.765000e-01 1.123956e-02
1.770000e-01 9.561254e-03
1.775000e-01 8.812586e-03
1.780000e-01 9.148331e-03
1.785000e-01 1.086927e-02
1.790000e-01 1.452103e-02
1.795000e-01 2.110433e-02
1.800000e-01 3.258418e-02
1.805000e-01 5.363819e-02
1.810000e-01 1.870366e-01
1.815000e-01 3.216356e-01
1.820000e-01 4.529787e-01
1.825000e-01 4.981561e-01
1.830000e-01 2.938274e-01
1.835000e-01 1.179288e-01
1.840000e-01 3.445527e-01
1.845000e-01 5.003735e-01
1.850000e-01 4.776951e-01
1.855000e-01 3.995545e-01
1.860000e-01 3.236945e-01
1.865000e-01 2.628644e-01
1.870000e-01 2.164604e-01
1.875000e-01 1.813659e-01
1.880000e-01 1.546912e-01
1.885000e-01 1.342377e-01
1.890000e-01 1.184220e-01
1.895000e-01 1.061198e-01
1.900000e-01 9.653112e-02
1.905000e-01 8.908292e-02
1.910000e-01 8.336146e-02
1.915000e-01 7.906615e-02
1.920000e-01 7.597809e-02
1.925000e-01 7.393839e-02
1.930000e-01 7.283323e-02
1.935000e-01 7.258336e-02
1.940000e-01 7.313682e-02
1.945000e-01 7.446374e-02
1.950000e-01 7.655278e-02
1.955000e-01 7.940864e-02
1.960000e-01 8.305047e-02
1.965000e-01 8.751089e-02
1.970000e-01 9.283549e-02
1.975000e-01 9.908285e-02
1.980000e-01 1.063249e-01
1.985000e-01 1.146474e-01
1.990000e-01 1.241515e-01
1.995000e-01 1.349546e-01
2.000000e-01 1.471927e-01
2.005000e-01 1.610225e-01
2.010000e-01 1.766242e-01
2.015000e-01 1.942050e-01
2.020000e-01 2.140019e-01
2.025000e-01 2.362845e-01
2.030000e-01 2.613531e-01
2.035000e-01 2.895294e-01
2.040000e-01 3.211266e-01
2.045000e-01 3.563792e-01
2.050000e-01 3.952924e-01
2.055000e-01 4.373488e-01
2.060000e-01 4.809842e-01
2.065000e-01 5.227754e-01
2.070000e-01 5.564726e-01
2.075000e-01 5.725386e-01
2.080000e-01 5.596705e-01
2.085000e-01 5.098111e-01
2.090000e-01 4.253682e-01
2.095000e-01 3.224741e-01
2.100000e-01 2.246180e-01
2.105000e-01 1.507082e-01
2.110000e-01 1.080121e-01
2.115000e-01 9.377552e-02
2.120000e-01 1.007452e-01
2.125000e-01 1.214932e-01
2.130000e-01 1.502295e-01
2.135000e-01 1.829869e-01
2.140000e-01 2.172077e-01
2.145000e-01 2.512786e-01
2.150000e-01 2.841853e-01
2.155000e-01 3.152942e-01
2.160000e-01 3.442244e-01
2.165000e-01 3.707710e-01
2.170000e-01 3.948585e-01
2.175000e-01 4.165073e-01
2.180000e-01 4.358082e-01
2.185000e-01 4.529020e-01
2.190000e-01 4.679615e-01
2.195000e-01 4.811784e-01
2.200000e-01 4.927518e-01
2.205000e-01 5.028801e-01
2.210000e-01 5.117551e-01
2.215000e-01 5.195579e-01
2.220000e-01 5.264566e-01
2.225000e-01 5.326050e-01
2.230000e-01 5.381424e-01
2.235000e-01 5.431939e-01
2.240000e-01 5.478709e-01
2.245000e-01 5.522721e-01
2.250000e-01 5.564844e-01
2.255000e-01 5.605843e-01
2.260000e-01 5.646384e-01
2.265000e-01 5.687047e-01
2.270000e-01 5.728331e-01
2.275000e-01 5.770660e-01
2.280000e-01 5.814389e-01
2.285000e-01 5.859802e-01
2.290000e-01 5.907116e-01
2.295000e-01 5.956471e-01
2.300000e-01 6.007925e-01
2.305000e-01 6.061443e-01
2.310000e-01 6.116873e-01
2.315000e-01 6.173928e-01
2.320000e-01 6.232146e-01
2.325000e-01 6.290860e-01
2.330000e-01 6.349141e-01
2.335000e-01 6.405755e-01
2.340000e-01 6.459109e-01
2.345000e-01 6.507212e-01
2.350000e-01 6.547673e-01
2.355000e-01 6.577760e-01
2.360000e-01 6.594552e-01
2.365000e-01 6.595262e-01
2.370000e-01 6.577733e-01
2.375000e-01 6.541156e-01
2.380000e-01 6.486906e-01
2.385000e-01 6.419322e-01
2.390000e-01 6.346088e-01
2.395000e-01 6.277814e-01
2.400000e-01 6.226550e-01
2.405000e-01 6.203353e-01
2.410000e-01 6.215566e-01
2.415000e-01 6.264824e-01
2.420000e-01 6.346660e-01
2.425000e-01 6.451880e-01
2.430000e-01 6.569090e-01
2.435000e-01 6.687337e-01
2.440000e-01 6.797993e-01
2.445000e-01 6.895519e-01
2.450000e-01 6.977273e-01
2.455000e-01 7.042751e-01
2.460000e-01 7.092679e-01
2.465000e-01 7.128220e-01
2.470000e-01 7.150431e-01
2.475000e-01 7.159976e-01
2.480000e-01 7.157058e-01
2.485000e-01 7.141486e-01
2.490000e-01 7.112826e-01
2.495000e-01 7.070576e-01
2.500000e-01 7.014329e-01
2.505000e-01 6.943900e-01
2.510000e-01 6.859410e-01
2.515000e-01 6.761321e-01
2.520000e-01 6.650437e-01
2.525000e-01 6.527868e-01
2.530000e-01 6.394974e-01
2.535000e-01 6.253300e-01
2.540000e-01 6.104507e-01
2.545000e-01 5.950307e-01
2.550000e-01 5.792404e-01
2.555000e-01 5.632450e-01
2.560000e-01 5.472005e-01
2.565000e-01 5.312516e-01
2.570000e-01 5.155302e-01
2.575000e-01 5.001548e-01
2.580000e-01 4.852305e-01
2.585000e-01 4.708497e-01
2.590000e-01 4.570932e-01
2.595000e-01 4.440314e-01
2.600000e-01 4.317258e-01
2.605000e-01 4.202304e-01
2.610000e-01 4.095933e-01
2.615000e-01 3.998583e-01
2.620000e-01 3.910661e-01
2.625000e-01 3.832555e-01
2.630000e-01 3.764648e-01
2.635000e-01 3.707329e-01
2.640000e-01 3.660997e-01
2.645000e-01 3.626071e-01
2.650000e-01 3.602994e-01
2.655000e-01 3.592229e-01
2.660000e-01 3.594262e-01
2.665000e-01 3.609588e-01
2.670000e-01 3.638699e-01
2.675000e-01 3.682062e-01
2.680000e-01 3.740081e-01
2.685000e-01 3.813060e-01
2.690000e-01 3.901131e-01
2.695000e-01 4.004187e-01
2.700000e-01 4.121773e-01
2.705000e-01 4.252975e-01
2.710000e-01 4.396272e-01
2.715000e-01 4.549382e-01
2.720000e-01 4.709095e-01
2.725000e-01 4.871112e-01
2.730000e-01 5.029923e-01
2.735000e-01 5.178730e-01
2.740000e-01 5.309493e-01
2.745000e-01 5.413109e-01
2.750000e-01 5.479778e-01
2.755000e-01 5.499581e-01
2.760000e-01 5.463253e-01
2.765000e-01 5.363106e-01
2.770000e-01 5.193993e-01
2.775000e-01 4.954179e-01
2.780000e-01 4.645965e-01
2.785000e-01 4.275924e-01
2.790000e-01 3.854679e-01
2.795000e-01 3.396263e-01
2.800000e-01 2.917152e-01
2.805000e-01 2.435145e-01
2.810000e-01 1.968298e-01
2.815000e-01 1.534034e-01
2.820000e-01 1.148514e-01
2.825000e-01 8.262583e-02
2.830000e-01 5.799377e-02
2.835000e-01 4.201968e-02
2.840000e-01 3.553978e-02
2.845000e-01 3.911787e-02
2.850000e-01 5.298011e-02
2.855000e-01 7.693478e-02
2.860000e-01 1.102931e-01
2.865000e-01 1.518150e-01
2.870000e-01 1.997061e-01
2.875000e-01 2.516888e-01
2.880000e-01 3.051530e-01
2.885000e-01 3.573759e-01
2.890000e-01 4.057749e-01
2.895000e-01 4.481513e-01
2.900000e-01 4.828763e-01
2.905000e-01 5.089910e-01
2.910000e-01 5.262103e-01
2.915000e-01 5.348435e-01
2.920000e-01 5.356603e-01
2.925000e-01 5.297334e-01
2.930000e-01 5.182869e-01
2.935000e-01 5.025688e-01
2.940000e-01 4.837579e-01
2.945000e-01 4.629037e-01
2.950000e-01 4.408974e-01
2.955000e-01 4.184640e-01
2.960000e-01 3.961711e-01
2.965000e-01 3.744452e-01
2.970000e-01 3.535933e-01
2.975000e-01 3.338248e-01
2.980000e-01 3.152717e-01
2.985000e-01 2.980078e-01
2.990000e-01 2.820635e-01
2.995000e-01 2.674392e-01
3.000000e-01 2.541157e-01
3.005000e-01 2.420627e-01
3.010000e-01 2.312456e-01
3.015000e-01 2.216313e-01
3.020000e-01 2.131926e-01
3.025000e-01 2.059133e-01
3.030000e-01 1.997923e-01
3.035000e-01 1.948487e-01
3.040000e-01 1.911283e-01
3.045000e-01 1.887112e-01
3.050000e-01 1.877221e-01
3.055000e-01 1.883451e-01
3.060000e-01 1.908426e-01
3.065000e-01 1.955814e-01
3.070000e-01 2.030667e-01
3.075000e-01 2.139818e-01
3.080000e-01 2.292256e-01
3.085000e-01 2.499185e-01
3.090000e-01 2.773013e-01
3.095000e-01 3.123594e-01
3.100000e-01 3.548980e-01
3.105000e-01 4.019252e-01
3.110000e-01 4.463255e-01
3.115000e-01 4.789069e-01
3.120000e-01 4.947323e-01
3.125000e-01 4.954101e-01
3.130000e-01 4.841735e-01
3.135000e-01 4.646221e-01
3.140000e-01 4.420580e-01
3.145000e-01 4.218816e-01
3.150000e-01 4.079611e-01
3.155000e-01 4.027081e-01
3.160000e-01 4.078410e-01
3.165000e-01 4.249011e-01
3.170000e-01 4.549237e-01
3.175000e-01 5.138319e-01
3.180000e-01 4.640708e-01
3.185000e-01 3.603171e-01
3.190000e-01 2.743038e-01
3.195000e-01 2.287061e-01
3.200000e-01 2.266323e-01
3.205000e-01 2.575600e-01
3.210000e-01 3.063390e-01
3.215000e-01 3.599105e-01
3.220000e-01 4.098633e-01
3.225000e-01 4.521210e-01
3.230000e-01 4.855780e-01
3.235000e-01 5.107735e-01
3.240000e-01 5.289620e-01
3.245000e-01 5.415738e-01
3.250000e-01 5.499489e-01
3.255000e-01 5.552327e-01
3.260000e-01 5.583550e-01
3.265000e-01 5.600484e-01
3.270000e-01 5.608791e-01
3.275000e-01 5.612802e-01
3.280000e-01 5.615816e-01
3.285000e-01 5.620343e-01
3.290000e-01 5.628307e-01
3.295000e-01 5.641199e-01
3.300000e-01 5.660197e-01
3.305000e-01 5.686259e-01
3.310000e-01 5.720188e-01
3.315000e-01 5.762685e-01
3.320000e-01 5.814381e-01
3.325000e-01 5.875860e-01
3.330000e-01 5.947665e-01
3.335000e-01 6.030284e-01
3.340000e-01 6.124120e-01
3.345000e-01 6.229421e-01
3.350000e-01 6.346172e-01
3.355000e-01 6.473916e-01
3.360000e-01 6.611476e-01
3.365000e-01 6.756561e-01
3.370000e-01 6.905199e-01
3.375000e-01 7.051013e-01
3.380000e-01 7.184419e-01
3.385000e-01 7.292068e-01
3.390000e-01 7.357261e-01
3.395000e-01 7.362804e-01
3.400000e-01 7.298269e-01
3.405000e-01 7.172732e-01
3.410000e-01 7.029122e-01
3.415000e-01 6.946852e-01
3.420000e-01 7.014989e-01
3.425000e-01 7.278039e-01
3.430000e-01 7.695471e-01
3.435000e-01 8.159780e-01
3.440000e-01 8.560131e-01
3.445000e-01 8.833885e-01
3.450000e-01 8.974373e-01
3.455000e-01 9.009605e-01
3.460000e-01 8.978155e-01
3.465000e-01 8.914655e-01
3.470000e-01 8.844689e-01
3.475000e-01 8.784926e-01
3.480000e-01 8.745124e-01
3.485000e-01 8.730281e-01
3.490000e-01 8.742320e-01
3.495000e-01 8.781204e-01
3.500000e-01 8.845580e-01
3.505000e-01 8.933077e-01
3.510000e-01 9.040360e-01
3.515000e-01 9.163048e-01
3.520000e-01 9.295597e-01
3.525000e-01 9.431290e-01
3.530000e-01 9.562479e-01
3.535000e-01 9.681254e-01
3.540000e-01 9.780580e-01
3.545000e-01 9.855648e-01
3.550000e-01 9.904804e-01
3.555000e-01 9.929177e-01
3.560000e-01 9.930628e-01
3.565000e-01 9.908927e-01
3.570000e-01 9.860182e-01
3.575000e-01 9.778082e-01
3.580000e-01 9.657358e-01
3.585000e-01 9.497136e-01
3.590000e-01 9.302146e-01
3.595000e-01 9.081552e-01
3.600000e-01 8.846546e-01
3.605000e-01 8.608054e-01
3.610000e-01 8.375260e-01
3.615000e-01 8.155022e-01
3.620000e-01 7.951929e-01
3.625000e-01 7.768688e-01
3.630000e-01 7.606616e-01
3.635000e-01 7.466094e-01
3.640000e-01 7.346950e-01
3.645000e-01 7.248741e-01
3.650000e-01 7.170957e-01
3.655000e-01 7.113150e-01
3.660000e-01 7.075017e-01
3.665000e-01 7.056426e-01
3.670000e-01 7.057401e-01
3.675000e-01 7.078049e-01
3.680000e-01 7.118423e-01
3.685000e-01 7.178284e-01
3.690000e-01 7.256742e-01
3.695000e-01 7.351747e-01
3.700000e-01 7.459399e-01
3.705000e-01 7.573143e-01
3.710000e-01 7.682951e-01
3.715000e-01 7.774791e-01
3.720000e-01 7.830807e-01
3.725000e-01 7.830720e-01
3.730000e-01 7.754763e-01
3.735000e-01 7.587884e-01
3.740000e-01 7.324135e-01
3.745000e-01 6.969560e-01
3.750000e-01 6.542199e-01
3.755000e-01 6.069031e-01
3.760000e-01 5.581136e-01
3.765000e-01 5.109020e-01
3.770000e-01 4.679488e-01
3.775000e-01 4.314371e-01
3.780000e-01 4.030480e-01
3.785000e-01 3.839902e-01
3.790000e-01 3.750033e-01
3.795000e-01 3.763195e-01
3.800000e-01 3.876094e-01
3.805000e-01 4.079538e-01
3.810000e-01 4.358822e-01
3.815000e-01 4.694912e-01
3.820000e-01 5.066314e-01
3.825000e-01 5.451262e-01
3.830000e-01 5.829790e-01
3.835000e-01 6.185309e-01
3.840000e-01 6.505500e-01
3.845000e-01 6.782513e-01
3.850000e-01 7.012619e-01
3.855000e-01 7.195499e-01
3.860000e-01 7.333400e-01
3.865000e-01 7.430289e-01
3.870000e-01 7.491119e-01
3.875000e-01 7.521248e-01
3.880000e-01 7.526018e-01
3.885000e-01 7.510479e-01
3.890000e-01 7.479220e-01
3.895000e-01 7.436298e-01
3.900000e-01 7.385214e-01
3.905000e-01 7.328940e-01
3.910000e-01 7.269955e-01
3.915000e-01 7.210303e-01
3.920000e-01 7.151646e-01
3.925000e-01 7.095318e-01
3.930000e-01 7.042376e-01
3.935000e-01 6.993637e-01
3.940000e-01 6.949720e-01
3.945000e-01 6.911067e-01
3.950000e-01 6.877971e-01
3.955000e-01 6.850584e-01
3.960000e-01 6.828926e-01
3.965000e-01 6.812883e-01
3.970000e-01 6.802202e-01
3.975000e-01 6.796472e-01
3.980000e-01 6.795102e-01
3.985000e-01 6.797284e-01
3.990000e-01 6.801947e-01
3.995000e-01 6.807702e-01
4.000000e-01 6.812769e-01
4.005000e-01 6.814898e-01
4.010000e-01 6.811269e-01
4.015000e-01 6.798397e-01
4.020000e-01 6.772041e-01
4.025000e-01 6.727135e-01
4.030000e-01 6.657786e-01
4.035000e-01 6.557388e-01
4.040000e-01 6.418932e-01
4.045000e-01 6.235627e-01
4.050000e-01 6.001953e-01
4.055000e-01 5.715266e-01
4.060000e-01 5.377980e-01
4.065000e-01 5.000171e-01
4.070000e-01 4.602038e-01
4.075000e-01 4.215224e-01
4.080000e-01 3.881547e-01
4.085000e-01 3.647824e-01
4.090000e-01 3.556530e-01
4.095000e-01 3.634124e-01
4.100000e-01 3.881124e-01
4.105000e-01 4.268626e-01
4.110000e-01 4.743761e-01
4.115000e-01 5.242418e-01
4.120000e-01 5.704094e-01
4.125000e-01 6.083343e-01
4.130000e-01 6.354837e-01
4.135000e-01 6.512322e-01
4.140000e-01 6.563850e-01
4.145000e-01 6.525935e-01
4.150000e-01 6.418451e-01
4.155000e-01 6.261055e-01
4.160000e-01 6.071136e-01
4.165000e-01 5.862951e-01
4.170000e-01 5.647530e-01
4.175000e-01 5.432985e-01
4.180000e-01 5.225003e-01
4.185000e-01 5.027355e-01
4.190000e-01 4.842363e-01
4.195000e-01 4.671293e-01
4.200000e-01 4.514664e-01
4.205000e-01 4.372489e-01
4.210000e-01 4.244446e-01
4.215000e-01 4.130014e-01
4.220000e-01 4.028559e-01
4.225000e-01 3.939400e-01
4.230000e-01 3.861855e-01
4.235000e-01 3.795266e-01
4.240000e-01 3.739019e-01
4.245000e-01 3.692558e-01
4.250000e-01 3.655389e-01
4.255000e-01 3.627082e-01
4.260000e-01 3.607276e-01
4.265000e-01 3.595677e-01
4.270000e-01 3.592056e-01
4.275000e-01 3.596250e-01
4.280000e-01 3.608164e-01
4.285000e-01 3.627765e-01
4.290000e-01 3.655085e-01
4.295000e-01 3.690225e-01
4.300000e-01 3.733351e-01
4.305000e-01 3.784702e-01
4.310000e-01 3.844590e-01
4.315000e-01 3.913404e-01
4.320000e-01 3.991620e-01
4.325000e-01 4.079801e-01
4.330000e-01 4.178610e-01
4.335000e-01 4.288814e-01
4.340000e-01 4.411293e-01
4.345000e-01 4.547047e-01
4.350000e-01 4.697202e-01
4.355000e-01 4.863009e-01
4.360000e-01 5.045835e-01
4.365000e-01 5.247137e-01
4.370000e-01 5.468413e-01
4.375000e-01 5.711099e-01
4.380000e-01 5.976404e-01
4.385000e-01 6.265007e-01
4.390000e-01 6.576581e-01
4.395000e-01 6.908998e-01
4.400000e-01 7.257088e-01
4.405000e-01 7.610758e-01
4.410000e-01 7.952282e-01
4.415000e-01 8.252856e-01
4.420000e-01 8.469229e-01
4.425000e-01 8.543177e-01
4.430000e-01 8.410184e-01
4.435000e-01 8.027719e-01
4.440000e-01 7.430133e-01
4.445000e-01 6.789505e-01
4.450000e-01 6.408168e-01
4.455000e-01 6.565304e-01
4.460000e-01 7.294713e-01
4.465000e-01 8.333421e-01
4.470000e-01 9.317897e-01
4.475000e-01 1.000525e+00
4.480000e-01 1.033106e+00
4.485000e-01 1.034331e+00
4.490000e-01 1.012370e+00
4.495000e-01 9.745619e-01
4.500000e-01 9.264543e-01
4.505000e-01 8.723787e-01
4.510000e-01 8.163593e-01
4.515000e-01 7.627005e-01
4.520000e-01 7.159560e-01
4.525000e-01 6.802583e-01
4.530000e-01 6.582943e-01
4.535000e-01 6.504565e-01
4.540000e-01 6.546664e-01
4.545000e-01 6.670182e-01
4.550000e-01 6.829334e-01
4.555000e-01 6.983021e-01
4.560000e-01 7.102040e-01
4.565000e-01 7.171070e-01
4.570000e-01 7.186761e-01
4.575000e-01 7.154109e-01
4.580000e-01 7.082801e-01
4.585000e-01 6.984438e-01
4.590000e-01 6.870838e-01
4.595000e-01 6.753290e-01
4.600000e-01 6.642516e-01
4.605000e-01 6.549145e-01
4.610000e-01 6.484600e-01
4.615000e-01 6.462373e-01
4.620000e-01 6.499703e-01
4.625000e-01 6.619392e-01
4.630000e-01 6.850208e-01
4.635000e-01 7.218882e-01
4.640000e-01 7.706864e-01
4.645000e-01 8.086251e-01
4.650000e-01 7.526687e-01
4.655000e-01 4.995532e-01
4.660000e-01 3.360122e-01
4.665000e-01 5.545894e-01
4.670000e-01 7.276806e-01
4.675000e-01 7.354694e-01
4.680000e-01 6.809607e-01
4.685000e-01 6.199335e-01
4.690000e-01 5.675482e-01
4.695000e-01 5.254312e-01
4.700000e-01 4.919808e-01
4.705000e-01 4.652788e-01
4.710000e-01 4.437483e-01
4.715000e-01 4.262090e-01
4.720000e-01 4.118013e-01
4.725000e-01 3.999016e-01
4.730000e-01 3.900544e-01
4.735000e-01 3.819242e-01
4.740000e-01 3.752611e-01
4.745000e-01 3.698776e-01
4.750000e-01 3.656315e-01
4.755000e-01 3.624149e-01
4.760000e-01 3.601457e-01
4.765000e-01 3.587613e-01
4.770000e-01 3.582150e-01
4.775000e-01 3.584722e-01
4.780000e-01 3.595081e-01
4.785000e-01 3.613057e-01
4.790000e-01 3.638546e-01
4.795000e-01 3.671495e-01
4.800000e-01 3.711890e-01
4.805000e-01 3.759748e-01
4.810000e-01 3.815105e-01
4.815000e-01 3.878006e-01
4.820000e-01 3.948495e-01
4.825000e-01 4.026597e-01
4.830000e-01 4.112307e-01
4.835000e-01 4.205570e-01
4.840000e-01 4.306258e-01
4.845000e-01 4.414148e-01
4.850000e-01 4.528891e-01
4.855000e-01 4.649981e-01
4.860000e-01 4.776727e-01
4.865000e-01 4.908234e-01
4.870000e-01 5.043422e-01
4.875000e-01 5.181192e-01
4.880000e-01 5.321284e-01
4.885000e-01 5.482217e-01
4.890000e-01 5.662355e-01
4.895000e-01 5.760923e-01
4.900000e-01 5.824126e-01
4.905000e-01 5.853032e-01
4.910000e-01 5.845670e-01
4.915000e-01 5.799426e-01
4.920000e-01 5.711965e-01
4.925000e-01 5.581886e-01
4.930000e-01 5.409318e-01
4.935000e-01 5.196475e-01
4.940000e-01 4.948144e-01
4.945000e-01 4.672027e-01
4.950000e-01 4.378851e-01
4.955000e-01 4.082162e-01
4.960000e-01 3.797747e-01
4.965000e-01 3.542668e-01
4.970000e-01 3.333984e-01
4.975000e-01 3.187291e-01
4.980000e-01 3.115269e-01
4.985000e-01 3.126457e-01
4.990000e-01 3.224453e-01
4.995000e-01 3.407631e-01
