0.000000e+00 0.000000e+00
5.000000e-04 0.000000e+00
1.000000e-03 0.000000e+00
1.500000e-03 0.000000e+00
2.000000e-03 0.000000e+00
2.500000e-03 0.000000e+00
3.000000e-03 0.000000e+00
3.500000e-03 0.000000e+00
4.000000e-03 0.000000e+00
4.500000e-03 0.000000e+00
5.000000e-03 0.000000e+00
5.500000e-03 0.000000e+00
6.000000e-03 0.000000e+00
6.500000e-03 0.000000e+00
7.000000e-03 0.000000e+00
7.500000e-03 0.000000e+00
8.000000e-03 0.000000e+00
8.500000e-03 0.000000e+00
9.000000e-03 0.000000e+00
9.500000e-03 0.000000e+00
1.000000e-02 0.000000e+00
1.050000e-02 0.000000e+00
1.100000e-02 0.000000e+00
1.150000e-02 0.000000e+00
1.200000e-02 0.000000e+00
1.250000e-02 0.000000e+00
1.300000e-02 0.000000e+00
1.350000e-02 0.000000e+00
1.400000e-02 0.000000e+00
1.450000e-02 0.000000e+00
1.500000e-02 0.000000e+00
1.550000e-02 0.000000e+00
1.600000e-02 0.000000e+00
1.650000e-02 0.000000e+00
1.700000e-02 0.000000e+00
1.750000e-02 0.000000e+00
1.800000e-02 0.000000e+00
1.850000e-02 0.000000e+00
1.900000e-02 0.000000e+00
1.950000e-02 0.000000e+00
2.000000e-02 0.000000e+00
2.050000e-02 1.801861e-05
2.100000e-02 2.007268e-05
2.150000e-02 1.312561e-05
2.200000e-02 7.310053e-06
2.250000e-02 3.318145e-06
2.300000e-02 9.845448e-07
2.350000e-02 4.606292e-08
2.400000e-02 2.666782e-07
2.450000e-02 1.456096e-06
2.500000e-02 3.466222e-06
2.550000e-02 6.183751e-06
2.600000e-02 9.523185e-06
2.650000e-02 1.342116e-05
2.700000e-02 1.783206e-05
2.750000e-02 2.272471e-05
2.800000e-02 2.807985e-05
2.850000e-02 3.388836e-05
2.900000e-02 4.014985e-05
2.950000e-02 4.687176e-05
3.000000e-02 5.406870e-05
3.050000e-02 6.176203e-05
3.100000e-02 6.997971e-05
3.150000e-02 7.875632e-05
3.200000e-02 8.813319e-05
3.250000e-02 9.815875e-05
3.300000e-02 1.088891e-04
3.350000e-02 1.203884e-04
3.400000e-02 1.327301e-04
3.450000e-02 1.459977e-04
3.500000e-02 1.602860e-04
3.550000e-02 1.757025e-04
3.600000e-02 1.923694e-04
3.650000e-02 2.104255e-04
3.700000e-02 2.300287e-04
3.750000e-02 2.513591e-04
3.800000e-02 2.746224e-04
3.850000e-02 3.000538e-04
3.900000e-02 3.279238e-04
3.950000e-02 3.585431e-04
4.000000e-02 3.922710e-04
4.050000e-02 4.295230e-04
4.100000e-02 4.707824e-04
4.150000e-02 5.166123e-04
4.200000e-02 5.676718e-04
4.250000e-02 6.247353e-04
4.300000e-02 6.887162e-04
4.350000e-02 7.606962e-04
4.400000e-02 8.419630e-04
4.450000e-02 9.340554e-04
4.500000e-02 1.038822e-03
4.550000e-02 1.158496e-03
4.600000e-02 1.295788e-03
4.650000e-02 1.454008e-03
4.700000e-02 1.637220e-03
4.750000e-02 1.850452e-03
4.800000e-02 2.099954e-03
4.850000e-02 2.393564e-03
4.900000e-02 2.741167e-03
4.950000e-02 3.155339e-03
5.000000e-02 3.652202e-03
5.050000e-02 4.252592e-03
5.100000e-02 4.983684e-03
5.150000e-02 5.881224e-03
5.200000e-02 6.992677e-03
5.250000e-02 8.381652e-03
5.300000e-02 1.013418e-02
5.350000e-02 1.236765e-02
5.400000e-02 1.524358e-02
5.450000e-02 1.898568e-02
5.500000e-02 2.390531e-02
5.550000e-02 3.043640e-02
5.600000e-02 3.918122e-02
5.650000e-02 5.096589e-02
5.700000e-02 6.689689e-02
5.750000e-02 8.839558e-02
5.800000e-02 1.171648e-01
5.850000e-02 1.550145e-01
5.900000e-02 2.034483e-01
5.950000e-02 2.628424e-01
6.000000e-02 3.307804e-01
6.050000e-02 3.988493e-01
6.100000e-02 4.501318e-01
6.150000e-02 4.678998e-01
6.200000e-02 4.410260e-01
6.250000e-02 3.565744e-01
6.300000e-02 2.476606e-01
6.350000e-02 1.588838e-01
6.400000e-02 9.994546e-02
6.450000e-02 6.346724e-02
6.500000e-02 4.113257e-02
6.550000e-02 2.728164e-02
6.600000e-02 1.850857e-02
6.650000e-02 1.282172e-02
6.700000e-02 9.051241e-03
6.750000e-02 6.498146e-03
6.800000e-02 4.735798e-03
6.850000e-02 3.497914e-03
6.900000e-02 2.614653e-03
6.950000e-02 1.975445e-03
7.000000e-02 1.506923e-03
7.050000e-02 1.159540e-03
7.100000e-02 8.992912e-04
7.150000e-02 7.024850e-04
7.200000e-02 5.523894e-04
7.250000e-02 4.370366e-04
7.300000e-02 3.477667e-04
7.350000e-02 2.782454e-04
7.400000e-02 2.237934e-04
7.450000e-02 1.809221e-04
7.500000e-02 1.470081e-04
7.550000e-02 1.200630e-04
7.600000e-02 9.856840e-05
7.650000e-02 8.135621e-05
7.700000e-02 6.752154e-05
7.750000e-02 5.635797e-05
7.800000e-02 4.730885e-05
7.850000e-02 3.992958e-05
7.900000e-02 3.385639e-05
7.950000e-02 2.877581e-05
8.000000e-02 2.438136e-05
8.050000e-02 2.025347e-05
8.100000e-02 1.428230e-05
8.150000e-02 3.178960e-04
8.200000e-02 5.102391e-04
8.250000e-02 6.954952e-04
8.300000e-02 8.909236e-04
8.350000e-02 1.108177e-03
8.400000e-02 1.358607e-03
8.450000e-02 1.655264e-03
8.500000e-02 2.014455e-03
8.550000e-02 2.457541e-03
8.600000e-02 3.013417e-03
8.650000e-02 3.722166e-03
8.700000e-02 4.640696e-03
8.750000e-02 5.851693e-03
8.800000e-02 7.478266e-03
8.850000e-02 9.708634e-03
8.900000e-02 1.283907e-02
8.950000e-02 1.735110e-02
9.000000e-02 2.405439e-02
9.050000e-02 3.435717e-02
9.100000e-02 5.077284e-02
9.150000e-02 7.776866e-02
9.200000e-02 1.224663e-01
9.250000e-02 1.909787e-01
9.300000e-02 2.680606e-01
9.350000e-02 3.008273e-01
9.400000e-02 2.674390e-01
9.450000e-02 2.091262e-01
9.500000e-02 1.592367e-01
9.550000e-02 1.238396e-01
9.600000e-02 9.967019e-02
9.650000e-02 8.301588e-02
9.700000e-02 7.128991e-02
9.750000e-02 6.285230e-02
9.800000e-02 5.667346e-02
9.850000e-02 5.209674e-02
9.900000e-02 4.869365e-02
9.950000e-02 4.617805e-02
1.000000e-01 4.435499e-02
1.005000e-01 4.308961e-02
1.010000e-01 4.228779e-02
1.015000e-01 4.188392e-02
1.020000e-01 4.183299e-02
1.025000e-01 4.210540e-02
1.030000e-01 4.268356e-02
1.035000e-01 4.355970e-02
1.040000e-01 4.473452e-02
1.045000e-01 4.621639e-02
1.050000e-01 4.802110e-02
1.055000e-01 5.017192e-02
1.060000e-01 5.270009e-02
1.065000e-01 5.564559e-02
1.070000e-01 5.905827e-02
1.075000e-01 6.299929e-02
1.080000e-01 6.754304e-02
1.085000e-01 7.277931e-02
1.090000e-01 7.881588e-02
1.095000e-01 8.578133e-02
1.100000e-01 9.382779e-02
1.105000e-01 1.031330e-01
1.110000e-01 1.139008e-01
1.115000e-01 1.263576e-01
1.120000e-01 1.407413e-01
1.125000e-01 1.572778e-01
1.130000e-01 1.761351e-01
1.135000e-01 1.973446e-01
1.140000e-01 2.206808e-01
1.145000e-01 2.454995e-01
1.150000e-01 2.705724e-01
1.155000e-01 2.940051e-01
1.160000e-01 3.133713e-01
1.165000e-01 3.261393e-01
1.170000e-01 3.302951e-01
1.175000e-01 3.249101e-01
1.180000e-01 3.104462e-01
1.185000e-01 2.886873e-01
1.190000e-01 2.622555e-01
1.195000e-01 2.338859e-01
1.200000e-01 2.058169e-01
1.205000e-01 1.795282e-01
1.210000e-01 1.557867e-01
1.215000e-01 1.348371e-01
1.220000e-01 1.166029e-01
1.225000e-01 1.008416e-01
1.230000e-01 8.724458e-02
1.235000e-01 7.549324e-02
1.240000e-01 6.528824e-02
1.245000e-01 5.636367e-02
1.250000e-01 4.850187e-02
1.255000e-01 4.158171e-02
1.260000e-01 3.580530e-02
1.265000e-01 3.306444e-02
1.270000e-01 5.096174e-02
1.275000e-01 4.979103e-01
1.280000e-01 1.984508e-01
1.285000e-01 8.137900e-02
1.290000e-01 5.428717e-02
1.295000e-01 4.236570e-02
1.300000e-01 3.541087e-02
1.305000e-01 3.070667e-02
1.310000e-01 2.724435e-02
1.315000e-01 2.456550e-02
1.320000e-01 2.243170e-02
1.325000e-01 2.070693e-02
1.330000e-01 1.930881e-02
1.335000e-01 1.818610e-02
1.340000e-01 1.730760e-02
1.345000e-01 1.665653e-02
1.350000e-01 1.622788e-02
1.355000e-01 1.602779e-02
1.360000e-01 1.607441e-02
1.365000e-01 1.640051e-02
1.370000e-01 1.705822e-02
1.375000e-01 1.812711e-02
1.380000e-01 1.972765e-02
1.385000e-01 2.204408e-02
1.390000e-01 2.536428e-02
1.395000e-01 3.015239e-02
1.400000e-01 3.718723e-02
1.405000e-01 4.784165e-02
1.410000e-01 6.468274e-02
1.415000e-01 9.284762e-02
1.420000e-01 1.433290e-01
1.425000e-01 2.399003e-01
1.430000e-01 4.128145e-01
1.435000e-01 4.660793e-01
1.440000e-01 4.323955e-01
1.445000e-01 4.554187e-01
1.450000e-01 2.970359e-01
1.455000e-01 1.948139e-01
1.460000e-01 1.376947e-01
1.465000e-01 1.043527e-01
1.470000e-01 8.375700e-02
1.475000e-01 7.047032e-02
1.480000e-01 6.168266e-02
1.485000e-01 5.586124e-02
1.490000e-01 5.213546e-02
1.495000e-01 5.000401e-02
1.500000e-01 4.919007e-02
1.505000e-01 4.957005e-02
1.510000e-01 5.114385e-02
1.515000e-01 5.403435e-02
1.520000e-01 5.851613e-02
1.525000e-01 6.508567e-02
1.530000e-01 7.460598e-02
1.535000e-01 8.860244e-02
1.540000e-01 1.098934e-01
1.545000e-01 1.440027e-01
1.550000e-01 2.023581e-01
1.555000e-01 3.076162e-01
1.560000e-01 4.686722e-01
1.565000e-01 3.549416e-01
1.570000e-01 4.172270e-01
1.575000e-01 4.414569e-01
1.580000e-01 2.867526e-01
1.585000e-01 2.011738e-01
1.590000e-01 1.608914e-01
1.595000e-01 1.443613e-01
1.600000e-01 1.419426e-01
1.605000e-01 1.498172e-01
1.610000e-01 1.670938e-01
1.615000e-01 1.947161e-01
1.620000e-01 2.350735e-01
1.625000e-01 2.915142e-01
1.630000e-01 3.660673e-01
1.635000e-01 4.502695e-01
1.640000e-01 5.002734e-01
1.645000e-01 4.351460e-01
1.650000e-01 3.475807e-01
1.655000e-01 4.433813e-01
1.660000e-01 4.989485e-01
1.665000e-01 4.339656e-01
1.670000e-01 3.390592e-01
1.675000e-01 2.580041e-01
1.680000e-01 1.971373e-01
1.685000e-01 1.527574e-01
1.690000e-01 1.203007e-01
1.695000e-01 9.622747e-02
1.700000e-01 7.806235e-02
1.705000e-01 6.411652e-02
1.710000e-01 5.323557e-02
1.715000e-01 4.462073e-02
1.720000e-01 3.771050e-02
1.725000e-01 3.210344e-02
1.730000e-01 2.750771e-02
1.735000e-01 2.370782e-02
1.740000e-01 2.054222e-02
1.745000e-01 1.788824e-02
1.750000e-01 1.565153e-02
1.755000e-01 1.375872e-02
1.760000e-01 1.215227e-02
1.765000e-01 1.078664e-02
1.770000e-01 9.625644e-03
1.775000e-01 8.640414e-03
1.780000e-01 7.808009e-03
1.785000e-01 7.110394e-03
1.790000e-01 6.533828e-03
1.795000e-01 6.068703e-03
1.800000e-01 5.710289e-03
1.805000e-01 5.463200e-03
1.810000e-01 8.185359e-03
1.815000e-01 1.006063e-02
1.820000e-01 1.134449e-02
1.825000e-01 1.241159e-02
1.830000e-01 1.338167e-02
1.835000e-01 1.431550e-02
1.840000e-01 1.525190e-02
1.845000e-01 1.621995e-02
1.850000e-01 1.724436e-02
1.855000e-01 1.834834e-02
1.860000e-01 1.955544e-02
1.865000e-01 2.089100e-02
1.870000e-01 2.238351e-02
1.875000e-01 2.406593e-02
1.880000e-01 2.597740e-02
1.885000e-01 2.816509e-02
1.890000e-01 3.068675e-02
1.895000e-01 3.361384e-02
1.900000e-01 3.703577e-02
1.905000e-01 4.106544e-02
1.910000e-01 4.584668e-02
1.915000e-01 5.156435e-02
1.920000e-01 5.845785e-02
1.925000e-01 6.683953e-02
1.930000e-01 7.711932e-02
1.935000e-01 8.983734e-02
1.940000e-01 1.057054e-01
1.945000e-01 1.256557e-01
1.950000e-01 1.508874e-01
1.955000e-01 1.828805e-01
1.960000e-01 2.232973e-01
1.965000e-01 2.735841e-01
1.970000e-01 3.338865e-01
1.975000e-01 4.006820e-01
1.980000e-01 4.629296e-01
1.985000e-01 4.995755e-01
1.990000e-01 4.884566e-01
1.995000e-01 4.345769e-01
2.000000e-01 3.852736e-01
2.005000e-01 3.835905e-01
2.010000e-01 4.209070e-01
2.015000e-01 4.633047e-01
2.020000e-01 4.908020e-01
2.025000e-01 5.013380e-01
2.030000e-01 5.001686e-01
2.035000e-01 4.929419e-01
2.040000e-01 4.836426e-01
2.045000e-01 4.746274e-01
2.050000e-01 4.671287e-01
2.055000e-01 4.616965e-01
2.060000e-01 4.584911e-01
2.065000e-01 4.574545e-01
2.070000e-01 4.584045e-01
2.075000e-01 4.610823e-01
2.080000e-01 4.651751e-01
2.085000e-01 4.703263e-01
2.090000e-01 4.761409e-01
2.095000e-01 4.821936e-01
2.100000e-01 4.880427e-01
2.105000e-01 4.932539e-01
2.110000e-01 4.974364e-01
2.115000e-01 5.002881e-01
2.120000e-01 5.016457e-01
2.125000e-01 5.015273e-01
2.130000e-01 5.001537e-01
2.135000e-01 4.979341e-01
2.140000e-01 4.954074e-01
2.145000e-01 4.931458e-01
2.150000e-01 4.916404e-01
2.155000e-01 4.911998e-01
2.160000e-01 4.918917e-01
2.165000e-01 4.935414e-01
2.170000e-01 4.957859e-01
2.175000e-01 4.981597e-01
2.180000e-01 5.001877e-01
2.185000e-01 5.014604e-01
2.190000e-01 5.016802e-01
2.195000e-01 5.006771e-01
2.200000e-01 4.984010e-01
2.205000e-01 4.948991e-01
2.210000e-01 4.902878e-01
2.215000e-01 4.847254e-01
2.220000e-01 4.783891e-01
2.225000e-01 4.714576e-01
2.230000e-01 4.640991e-01
2.235000e-01 4.564647e-01
2.240000e-01 4.486847e-01
2.245000e-01 4.408677e-01
2.250000e-01 4.331017e-01
2.255000e-01 4.254559e-01
2.260000e-01 4.179825e-01
2.265000e-01 4.107199e-01
2.270000e-01 4.036941e-01
2.275000e-01 3.969218e-01
2.280000e-01 3.904113e-01
2.285000e-01 3.841653e-01
2.290000e-01 3.781812e-01
2.295000e-01 3.724534e-01
2.300000e-01 3.669733e-01
2.305000e-01 3.617308e-01
2.310000e-01 3.567151e-01
2.315000e-01 3.519148e-01
2.320000e-01 3.473187e-01
2.325000e-01 3.429166e-01
2.330000e-01 3.386990e-01
2.335000e-01 3.346583e-01
2.340000e-01 3.307887e-01
2.345000e-01 3.270872e-01
2.350000e-01 3.235535e-01
2.355000e-01 3.201915e-01
2.360000e-01 3.170099e-01
2.365000e-01 3.140237e-01
2.370000e-01 3.112564e-01
2.375000e-01 3.087432e-01
2.380000e-01 3.065360e-01
2.385000e-01 3.047111e-01
2.390000e-01 3.033825e-01
2.395000e-01 3.027233e-01
2.400000e-01 3.030031e-01
2.405000e-01 3.046544e-01
2.410000e-01 3.083924e-01
2.415000e-01 3.154328e-01
2.420000e-01 3.278744e-01
2.425000e-01 3.492669e-01
2.430000e-01 3.848437e-01
2.435000e-01 4.383213e-01
2.440000e-01 4.978501e-01
2.445000e-01 5.289823e-01
2.450000e-01 5.285173e-01
2.455000e-01 5.176542e-01
2.460000e-01 5.013419e-01
2.465000e-01 4.858197e-01
2.470000e-01 4.754822e-01
2.475000e-01 4.713240e-01
2.480000e-01 4.728086e-01
2.485000e-01 4.788151e-01
2.490000e-01 4.876746e-01
2.495000e-01 4.968348e-01
2.500000e-01 5.028664e-01
2.505000e-01 5.033764e-01
2.510000e-01 5.015455e-01
2.515000e-01 5.032276e-01
2.520000e-01 4.944459e-01
2.525000e-01 4.470537e-01
2.530000e-01 3.665059e-01
2.535000e-01 2.832671e-01
2.540000e-01 2.162828e-01
2.545000e-01 1.684856e-01
2.550000e-01 1.361467e-01
2.555000e-01 1.147070e-01
2.560000e-01 1.005679e-01
2.565000e-01 9.123849e-02
2.570000e-01 8.507508e-02
2.575000e-01 8.100864e-02
2.580000e-01 7.834400e-02
2.585000e-01 7.662616e-02
2.590000e-01 7.555461e-02
2.595000e-01 7.492896e-02
2.600000e-01 7.461439e-02
2.605000e-01 7.451947e-02
2.610000e-01 7.458185e-02
2.615000e-01 7.475881e-02
2.620000e-01 7.502104e-02
2.625000e-01 7.534845e-02
2.630000e-01 7.572728e-02
2.635000e-01 7.614818e-02
2.640000e-01 7.660483e-02
2.645000e-01 7.709298e-02
2.650000e-01 7.760978e-02
2.655000e-01 7.815324e-02
2.660000e-01 7.872190e-02
2.665000e-01 7.931457e-02
2.670000e-01 7.993005e-02
2.675000e-01 8.056701e-02
2.680000e-01 8.122381e-02
2.685000e-01 8.189841e-02
2.690000e-01 8.258821e-02
2.695000e-01 8.328994e-02
2.700000e-01 8.399961e-02
2.705000e-01 8.471234e-02
2.710000e-01 8.542233e-02
2.715000e-01 8.612274e-02
2.720000e-01 8.680565e-02
2.725000e-01 8.746203e-02
2.730000e-01 8.808172e-02
2.735000e-01 8.865345e-02
2.740000e-01 8.916500e-02
2.745000e-01 8.960331e-02
2.750000e-01 8.995478e-02
2.755000e-01 9.020557e-02
2.760000e-01 9.034210e-02
2.765000e-01 9.035154e-02
2.770000e-01 9.022248e-02
2.775000e-01 8.994559e-02
2.780000e-01 8.951436e-02
2.785000e-01 8.892580e-02
2.790000e-01 8.818104e-02
2.795000e-01 8.728586e-02
2.800000e-01 8.625094e-02
2.805000e-01 8.509191e-02
2.810000e-01 8.382919e-02
2.815000e-01 8.248752e-02
2.820000e-01 8.109520e-02
2.825000e-01 7.968333e-02
2.830000e-01 7.828478e-02
2.835000e-01 7.693321e-02
2.840000e-01 7.566223e-02
2.845000e-01 7.450456e-02
2.850000e-01 7.349150e-02
2.855000e-01 7.265258e-02
2.860000e-01 7.201540e-02
2.865000e-01 7.160576e-02
2.870000e-01 7.144797e-02
2.875000e-01 7.156531e-02
2.880000e-01 7.198072e-02
2.885000e-01 7.271758e-02
2.890000e-01 7.380066e-02
2.895000e-01 7.525721e-02
2.900000e-01 7.711830e-02
2.905000e-01 7.942037e-02
2.910000e-01 8.220717e-02
2.915000e-01 8.553223e-02
2.920000e-01 8.946211e-02
2.925000e-01 9.408076e-02
2.930000e-01 9.949551e-02
2.935000e-01 1.058457e-01
2.940000e-01 1.133150e-01
2.945000e-01 1.221498e-01
2.950000e-01 1.326869e-01
2.955000e-01 1.453968e-01
2.960000e-01 1.609503e-01
2.965000e-01 1.803256e-01
2.970000e-01 2.049758e-01
2.975000e-01 2.370763e-01
2.980000e-01 2.798045e-01
2.985000e-01 3.372071e-01
2.990000e-01 4.113062e-01
2.995000e-01 4.870933e-01
3.000000e-01 4.971678e-01
3.005000e-01 4.371534e-01
3.010000e-01 5.033628e-01
3.015000e-01 4.709169e-01
3.020000e-01 3.600182e-01
3.025000e-01 2.743713e-01
3.030000e-01 2.224878e-01
3.035000e-01 1.928345e-01
3.040000e-01 1.763175e-01
3.045000e-01 1.675063e-01
3.050000e-01 1.632798e-01
3.055000e-01 1.618165e-01
3.060000e-01 1.620243e-01
3.065000e-01 1.632321e-01
3.070000e-01 1.650213e-01
3.075000e-01 1.671311e-01
3.080000e-01 1.694037e-01
3.085000e-01 1.717505e-01
3.090000e-01 1.741308e-01
3.095000e-01 1.765383e-01
3.100000e-01 1.789910e-01
3.105000e-01 1.815247e-01
3.110000e-01 1.841884e-01
3.115000e-01 1.870408e-01
3.120000e-01 1.901487e-01
3.125000e-01 1.935852e-01
3.130000e-01 1.974299e-01
3.135000e-01 2.017687e-01
3.140000e-01 2.066949e-01
3.145000e-01 2.123107e-01
3.150000e-01 2.187290e-01
3.155000e-01 2.260773e-01
3.160000e-01 2.345026e-01
3.165000e-01 2.441844e-01
3.170000e-01 2.553804e-01
3.175000e-01 2.724656e-01
3.180000e-01 3.076182e-01
3.185000e-01 3.321071e-01
3.190000e-01 3.560033e-01
3.195000e-01 3.805723e-01
3.200000e-01 4.062440e-01
3.205000e-01 4.330318e-01
3.210000e-01 4.605314e-01
3.215000e-01 4.877703e-01
3.220000e-01 5.129482e-01
3.225000e-01 5.330838e-01
3.230000e-01 5.436449e-01
3.235000e-01 5.383842e-01
3.240000e-01 5.098934e-01
3.245000e-01 4.517236e-01
3.250000e-01 3.628472e-01
3.255000e-01 2.536871e-01
3.260000e-01 1.493324e-01
3.265000e-01 8.306294e-02
3.270000e-01 7.920483e-02
3.275000e-01 1.376906e-01
3.280000e-01 2.352301e-01
3.285000e-01 3.411819e-01
3.290000e-01 4.326728e-01
3.295000e-01 4.995247e-01
3.300000e-01 5.413176e-01
3.305000e-01 5.624726e-01
3.310000e-01 5.686377e-01
3.315000e-01 5.648836e-01
3.320000e-01 5.551227e-01
3.325000e-01 5.421247e-01
3.330000e-01 5.277402e-01
3.335000e-01 5.131497e-01
3.340000e-01 4.990740e-01
3.345000e-01 4.859303e-01
3.350000e-01 4.739429e-01
3.355000e-01 4.632183e-01
3.360000e-01 4.537954e-01
3.365000e-01 4.456785e-01
3.370000e-01 4.388594e-01
3.375000e-01 4.333314e-01
3.380000e-01 4.290990e-01
3.385000e-01 4.261840e-01
3.390000e-01 4.246298e-01
3.395000e-01 4.245037e-01
3.400000e-01 4.258983e-01
3.405000e-01 4.289307e-01
3.410000e-01 4.337393e-01
3.415000e-01 4.404776e-01
3.420000e-01 4.493004e-01
3.425000e-01 4.603415e-01
3.430000e-01 4.736742e-01
3.435000e-01 4.892476e-01
3.440000e-01 5.067868e-01
3.445000e-01 5.256437e-01
3.450000e-01 5.445911e-01
3.455000e-01 5.615727e-01
3.460000e-01 5.734786e-01
3.465000e-01 5.761285e-01
3.470000e-01 5.648084e-01
3.475000e-01 5.358060e-01
3.480000e-01 4.890899e-01
3.485000e-01 4.311593e-01
3.490000e-01 3.755121e-01
3.495000e-01 3.382455e-01
3.500000e-01 3.301003e-01
3.505000e-01 3.508393e-01
3.510000e-01 3.906096e-01
3.515000e-01 4.363433e-01
3.520000e-01 4.776240e-01
3.525000e-01 5.089381e-01
3.530000e-01 5.289804e-01
3.535000e-01 5.389337e-01
3.540000e-01 5.409760e-01
3.545000e-01 5.373772e-01
3.550000e-01 5.300887e-01
3.555000e-01 5.206280e-01
3.560000e-01 5.101040e-01
3.565000e-01 4.992918e-01
3.570000e-01 4.887146e-01
3.575000e-01 4.787130e-01
3.580000e-01 4.695008e-01
3.585000e-01 4.612053e-01
3.590000e-01 4.538964e-01
3.595000e-01 4.476076e-01
3.600000e-01 4.423500e-01
3.605000e-01 4.381220e-01
3.610000e-01 4.349166e-01
3.615000e-01 4.327255e-01
3.620000e-01 4.315427e-01
3.625000e-01 4.313669e-01
3.630000e-01 4.322031e-01
3.635000e-01 4.340641e-01
3.640000e-01 4.369721e-01
3.645000e-01 4.409597e-01
3.650000e-01 4.460715e-01
3.655000e-01 4.523656e-01
3.660000e-01 4.599153e-01
3.665000e-01 4.688111e-01
3.670000e-01 4.791623e-01
3.675000e-01 4.910988e-01
3.680000e-01 5.047709e-01
3.685000e-01 5.203473e-01
3.690000e-01 5.380055e-01
3.695000e-01 5.579102e-01
3.700000e-01 5.801638e-01
3.705000e-01 6.047026e-01
3.710000e-01 6.310821e-01
3.715000e-01 6.580421e-01
3.720000e-01 6.826481e-01
3.725000e-01 6.987050e-01
3.730000e-01 6.943108e-01
3.735000e-01 6.502633e-01
3.740000e-01 5.486297e-01
3.745000e-01 4.139147e-01
3.750000e-01 3.692328e-01
3.755000e-01 5.248175e-01
3.760000e-01 7.474972e-01
3.765000e-01 8.513103e-01
3.770000e-01 8.356925e-01
3.775000e-01 7.738807e-01
3.780000e-01 7.111051e-01
3.785000e-01 6.620780e-01
3.790000e-01 6.279275e-01
3.795000e-01 6.057638e-01
3.800000e-01 5.922041e-01
3.805000e-01 5.843395e-01
3.810000e-01 5.798515e-01
3.815000e-01 5.769055e-01
3.820000e-01 5.740241e-01
3.825000e-01 5.699959e-01
3.830000e-01 5.638273e-01
3.835000e-01 5.547362e-01
3.840000e-01 5.421828e-01
3.845000e-01 5.259275e-01
3.850000e-01 5.061063e-01
3.855000e-01 4.833035e-01
3.860000e-01 4.585981e-01
3.865000e-01 4.335524e-01
3.870000e-01 4.101168e-01
3.875000e-01 3.904357e-01
3.880000e-01 3.765679e-01
3.885000e-01 3.701655e-01
3.890000e-01 3.721824e-01
3.895000e-01 3.826876e-01
3.900000e-01 4.008408e-01
3.905000e-01 4.250354e-01
3.910000e-01 4.531725e-01
3.915000e-01 4.829889e-01
3.920000e-01 5.123629e-01
3.925000e-01 5.395401e-01
3.930000e-01 5.632532e-01
3.935000e-01 5.827450e-01
3.940000e-01 5.977178e-01
3.945000e-01 6.082414e-01
3.950000e-01 6.146489e-01
3.955000e-01 6.174373e-01
3.960000e-01 6.171858e-01
3.965000e-01 6.144947e-01
3.970000e-01 6.099430e-01
3.975000e-01 6.040639e-01
3.980000e-01 5.973321e-01
3.985000e-01 5.901598e-01
3.990000e-01 5.828993e-01
3.995000e-01 5.758487e-01
4.000000e-01 5.692591e-01
4.005000e-01 5.633430e-01
4.010000e-01 5.582825e-01
4.015000e-01 5.542368e-01
4.020000e-01 5.513493e-01
4.025000e-01 5.497540e-01
4.030000e-01 5.495806e-01
4.035000e-01 5.509579e-01
4.040000e-01 5.540163e-01
4.045000e-01 5.588852e-01
4.050000e-01 5.656866e-01
4.055000e-01 5.745184e-01
4.060000e-01 5.854226e-01
4.065000e-01 5.983298e-01
4.070000e-01 6.129678e-01
4.075000e-01 6.287257e-01
4.080000e-01 6.444771e-01
4.085000e-01 6.584165e-01
4.090000e-01 6.680596e-01
4.095000e-01 6.706948e-01
4.100000e-01 6.645737e-01
4.105000e-01 6.506146e-01
4.110000e-01 6.332848e-01
4.115000e-01 6.189344e-01
4.120000e-01 6.120499e-01
4.125000e-01 6.128017e-01
4.130000e-01 6.180917e-01
4.135000e-01 6.243399e-01
4.140000e-01 6.292797e-01
4.145000e-01 6.321353e-01
4.150000e-01 6.330362e-01
4.155000e-01 6.324351e-01
4.160000e-01 6.307783e-01
4.165000e-01 6.283858e-01
4.170000e-01 6.254446e-01
4.175000e-01 6.220463e-01
4.180000e-01 6.182341e-01
4.185000e-01 6.140458e-01
4.190000e-01 6.095472e-01
4.195000e-01 6.048567e-01
4.200000e-01 6.001579e-01
4.205000e-01 5.957005e-01
4.210000e-01 5.917863e-01
4.215000e-01 5.887417e-01
4.220000e-01 5.868759e-01
4.225000e-01 5.864294e-01
4.230000e-01 5.875205e-01
4.235000e-01 5.900997e-01
4.240000e-01 5.939226e-01
4.245000e-01 5.985500e-01
4.250000e-01 6.033803e-01
4.255000e-01 6.077104e-01
4.260000e-01 6.108150e-01
4.265000e-01 6.120318e-01
4.270000e-01 6.108350e-01
4.275000e-01 6.068877e-01
4.280000e-01 6.000648e-01
4.285000e-01 5.904475e-01
4.290000e-01 5.782957e-01
4.295000e-01 5.640047e-01
4.300000e-01 5.480568e-01
4.305000e-01 5.309748e-01
4.310000e-01 5.132819e-01
4.315000e-01 4.954714e-01
4.320000e-01 4.779869e-01
4.325000e-01 4.612111e-01
4.330000e-01 4.454625e-01
4.335000e-01 4.309980e-01
4.340000e-01 4.180188e-01
4.345000e-01 4.066788e-01
4.350000e-01 3.970938e-01
4.355000e-01 3.893515e-01
4.360000e-01 3.835201e-01
4.365000e-01 3.796571e-01
4.370000e-01 3.778166e-01
4.375000e-01 3.780559e-01
4.380000e-01 3.804411e-01
4.385000e-01 3.850510e-01
4.390000e-01 3.919794e-01
4.395000e-01 4.013357e-01
4.400000e-01 4.132414e-01
4.405000e-01 4.278209e-01
4.410000e-01 4.451843e-01
4.415000e-01 4.653959e-01
4.420000e-01 4.884208e-01
4.425000e-01 5.140393e-01
4.430000e-01 5.417155e-01
4.435000e-01 5.704074e-01
4.440000e-01 5.983183e-01
4.445000e-01 6.226355e-01
4.450000e-01 6.393990e-01
4.455000e-01 6.438278e-01
4.460000e-01 6.316287e-01
4.465000e-01 6.017069e-01
4.470000e-01 5.596307e-01
4.475000e-01 5.189859e-01
4.480000e-01 4.967052e-01
4.485000e-01 5.028882e-01
4.490000e-01 5.334444e-01
4.495000e-01 5.732983e-01
4.500000e-01 6.066262e-01
4.505000e-01 6.243926e-01
4.510000e-01 6.251911e-01
4.515000e-01 6.122303e-01
4.520000e-01 5.901558e-01
4.525000e-01 5.631954e-01
4.530000e-01 5.345022e-01
4.535000e-01 5.061485e-01
4.540000e-01 4.793572e-01
4.545000e-01 4.547611e-01
4.550000e-01 4.326153e-01
4.555000e-01 4.129479e-01
4.560000e-01 3.956606e-01
4.565000e-01 3.805919e-01
4.570000e-01 3.675548e-01
4.575000e-01 3.563594e-01
4.580000e-01 3.468243e-01
4.585000e-01 3.387826e-01
4.590000e-01 3.320843e-01
4.595000e-01 3.265969e-01
4.600000e-01 3.222041e-01
4.605000e-01 3.188046e-01
4.610000e-01 3.163111e-01
4.615000e-01 3.146480e-01
4.620000e-01 3.137508e-01
4.625000e-01 3.135639e-01
4.630000e-01 3.140402e-01
4.635000e-01 3.151395e-01
4.640000e-01 3.168281e-01
4.645000e-01 3.190774e-01
4.650000e-01 3.218636e-01
4.655000e-01 3.251673e-01
4.660000e-01 3.289724e-01
4.665000e-01 3.332659e-01
4.670000e-01 3.380377e-01
4.675000e-01 3.432796e-01
4.680000e-01 3.489855e-01
4.685000e-01 3.551506e-01
4.690000e-01 3.617708e-01
4.695000e-01 3.688427e-01
4.700000e-01 3.763629e-01
4.705000e-01 3.843268e-01
4.710000e-01 3.927285e-01
4.715000e-01 4.015595e-01
4.720000e-01 4.108076e-01
4.725000e-01 4.204554e-01
4.730000e-01 4.304786e-01
4.735000e-01 4.408439e-01
4.740000e-01 4.515063e-01
4.745000e-01 4.624055e-01
4.750000e-01 4.734627e-01
4.755000e-01 4.845754e-01
4.760000e-01 4.956119e-01
4.765000e-01 5.064048e-01
4.770000e-01 5.167441e-01
4.775000e-01 5.263688e-01
4.780000e-01 5.349589e-01
4.785000e-01 5.421280e-01
4.790000e-01 5.474173e-01
4.795000e-01 5.502943e-01
4.800000e-01 5.501577e-01
4.805000e-01 5.463536e-01
4.810000e-01 5.382084e-01
4.815000e-01 5.250820e-01
4.820000e-01 5.064488e-01
4.825000e-01 4.820057e-01
4.830000e-01 4.518050e-01
4.835000e-01 4.163946e-01
4.840000e-01 3.769381e-01
4.845000e-01 3.352720e-01
4.850000e-01 2.938511e-01
4.855000e-01 2.555475e-01
4.860000e-01 2.232984e-01
4.865000e-01 1.996528e-01
4.870000e-01 1.863134e-01
4.875000e-01 1.837834e-01
4.880000e-01 1.911333e-01
4.885000e-01 2.034876e-01
4.890000e-01 1.675134e-01
4.895000e-01 1.723519e-01
4.900000e-01 1.833695e-01
4.905000e-01 1.974223e-01
4.910000e-01 2.132038e-01
4.915000e-01 2.299561e-01
4.920000e-01 2.471624e-01
4.925000e-01 2.644408e-01
4.930000e-01 2.814986e-01
4.935000e-01 2.981096e-01
4.940000e-01 3.140999e-01
4.945000e-01 3.293382e-01
4.950000e-01 3.437289e-01
4.955000e-01 3.572057e-01
4.960000e-01 3.697267e-01
4.965000e-01 3.812695e-01
4.970000e-01 3.918276e-01
4.975000e-01 4.014070e-01
4.980000e-01 4.100231e-01
4.985000e-01 4.176985e-01
4.990000e-01 4.244610e-01
4.995000e-01 4.303423e-01
