0.000000e+00 0.000000e+00
5.000000e-04 0.000000e+00
1.000000e-03 0.000000e+00
1.500000e-03 0.000000e+00
2.000000e-03 0.000000e+00
2.500000e-03 0.000000e+00
3.000000e-03 0.000000e+00
3.500000e-03 0.000000e+00
4.000000e-03 0.000000e+00
4.500000e-03 0.000000e+00
5.000000e-03 0.000000e+00
5.500000e-03 0.000000e+00
6.000000e-03 0.000000e+00
6.500000e-03 0.000000e+00
7.000000e-03 0.000000e+00
7.500000e-03 0.000000e+00
8.000000e-03 0.000000e+00
8.500000e-03 0.000000e+00
9.000000e-03 0.000000e+00
9.500000e-03 0.000000e+00
1.000000e-02 0.000000e+00
1.050000e-02 0.000000e+00
1.100000e-02 0.000000e+00
1.150000e-02 0.000000e+00
1.200000e-02 0.000000e+00
1.250000e-02 0.000000e+00
1.300000e-02 0.000000e+00
1.350000e-02 0.000000e+00
1.400000e-02 0.000000e+00
1.450000e-02 0.000000e+00
1.500000e-02 0.000000e+00
1.550000e-02 0.000000e+00
1.600000e-02 0.000000e+00
1.650000e-02 0.000000e+00
1.700000e-02 0.000000e+00
1.750000e-02 0.000000e+00
1.800000e-02 0.000000e+00
1.850000e-02 0.000000e+00
1.900000e-02 0.000000e+00
1.950000e-02 0.000000e+00
2.000000e-02 0.000000e+00
2.050000e-02 1.525528e-04
2.100000e-02 4.587223e-04
2.150000e-02 5.642328e-04
2.200000e-02 5.780402e-04
2.250000e-02 5.516130e-04
2.300000e-02 5.098188e-04
2.350000e-02 4.646821e-04
2.400000e-02 4.218534e-04
2.450000e-02 3.837804e-04
2.500000e-02 3.513085e-04
2.550000e-02 3.245073e-04
2.600000e-02 3.030995e-04
2.650000e-02 2.866854e-04
2.700000e-02 2.748568e-04
2.750000e-02 2.672536e-04
2.800000e-02 2.635891e-04
2.850000e-02 2.636588e-04
2.900000e-02 2.673418e-04
2.950000e-02 2.745978e-04
3.000000e-02 2.854633e-04
3.050000e-02 3.000471e-04
3.100000e-02 3.185273e-04
3.150000e-02 3.411483e-04
3.200000e-02 3.682194e-04
3.250000e-02 4.001143e-04
3.300000e-02 4.372718e-04
3.350000e-02 4.801972e-04
3.400000e-02 5.294651e-04
3.450000e-02 5.857234e-04
3.500000e-02 6.496978e-04
3.550000e-02 7.221979e-04
3.600000e-02 8.041243e-04
3.650000e-02 8.964771e-04
3.700000e-02 1.000365e-03
3.750000e-02 1.117018e-03
3.800000e-02 1.247799e-03
3.850000e-02 1.394220e-03
3.900000e-02 1.557956e-03
3.950000e-02 1.740869e-03
4.000000e-02 1.945028e-03
4.050000e-02 2.172735e-03
4.100000e-02 2.426553e-03
4.150000e-02 2.709341e-03
4.200000e-02 3.024294e-03
4.250000e-02 3.374984e-03
4.300000e-02 3.765415e-03
4.350000e-02 4.200078e-03
4.400000e-02 4.684025e-03
4.450000e-02 5.222942e-03
4.500000e-02 5.823246e-03
4.550000e-02 6.492188e-03
4.600000e-02 7.237981e-03
4.650000e-02 8.069942e-03
4.700000e-02 8.998665e-03
4.750000e-02 1.003622e-02
4.800000e-02 1.119637e-02
4.850000e-02 1.249489e-02
4.900000e-02 1.394984e-02
4.950000e-02 1.558197e-02
5.000000e-02 1.741517e-02
5.050000e-02 1.947701e-02
5.100000e-02 2.179935e-02
5.150000e-02 2.441913e-02
5.200000e-02 2.737921e-02
5.250000e-02 3.072947e-02
5.300000e-02 3.452803e-02
5.350000e-02 3.884271e-02
5.400000e-02 4.375281e-02
5.450000e-02 4.935110e-02
5.500000e-02 5.574618e-02
5.550000e-02 6.306515e-02
5.600000e-02 7.145662e-02
5.650000e-02 8.109389e-02
5.700000e-02 9.217830e-02
5.750000e-02 1.049421e-01
5.800000e-02 1.196507e-01
5.850000e-02 1.366020e-01
5.900000e-02 1.561230e-01
5.950000e-02 1.785578e-01
6.000000e-02 2.042442e-01
6.050000e-02 2.334699e-01
6.100000e-02 2.663977e-01
6.150000e-02 3.029432e-01
6.200000e-02 3.425864e-01
6.250000e-02 3.841010e-01
6.300000e-02 4.251985e-01
6.350000e-02 4.621360e-01
6.400000e-02 4.894314e-01
6.450000e-02 4.999967e-01
6.500000e-02 4.861609e-01
6.550000e-02 4.420195e-01
6.600000e-02 3.669536e-01
6.650000e-02 2.688699e-01
6.700000e-02 1.645227e-01
6.750000e-02 7.501768e-02
6.800000e-02 1.798137e-02
6.850000e-02 1.120779e-03
6.900000e-02 2.108713e-02
6.950000e-02 6.730538e-02
7.000000e-02 1.273276e-01
7.050000e-02 1.906893e-01
7.100000e-02 2.504106e-01
7.150000e-02 3.028113e-01
7.200000e-02 3.466170e-01
7.250000e-02 3.820144e-01
7.300000e-02 4.099253e-01
7.350000e-02 4.315407e-01
7.400000e-02 4.480581e-01
7.450000e-02 4.605560e-01
7.500000e-02 4.699476e-01
7.550000e-02 4.769778e-01
7.600000e-02 4.822392e-01
7.650000e-02 4.861961e-01
7.700000e-02 4.892090e-01
7.750000e-02 4.915572e-01
7.800000e-02 4.934564e-01
7.850000e-02 4.950708e-01
7.900000e-02 4.965162e-01
7.950000e-02 4.978509e-01
8.000000e-02 4.990429e-01
8.050000e-02 4.998856e-01
8.100000e-02 4.993983e-01
8.150000e-02 4.979196e-01
8.200000e-02 4.954843e-01
8.250000e-02 4.909140e-01
8.300000e-02 4.829910e-01
8.350000e-02 4.703928e-01
8.400000e-02 4.520512e-01
8.450000e-02 4.275515e-01
8.500000e-02 3.973766e-01
8.550000e-02 3.628576e-01
8.600000e-02 3.258561e-01
8.650000e-02 2.883382e-01
8.700000e-02 2.520137e-01
8.750000e-02 2.181371e-01
8.800000e-02 1.874668e-01
8.850000e-02 1.603311e-01
8.900000e-02 1.367392e-01
8.950000e-02 1.164929e-01
9.000000e-02 9.928028e-02
9.050000e-02 8.474187e-02
9.100000e-02 7.251434e-02
9.150000e-02 6.225565e-02
9.200000e-02 5.365766e-02
9.250000e-02 4.645073e-02
9.300000e-02 4.040350e-02
9.350000e-02 3.532020e-02
9.400000e-02 3.103670e-02
9.450000e-02 2.741638e-02
9.500000e-02 2.434599e-02
9.550000e-02 2.173195e-02
9.600000e-02 1.949710e-02
9.650000e-02 1.757786e-02
9.700000e-02 1.592188e-02
9.750000e-02 1.448606e-02
9.800000e-02 1.323485e-02
9.850000e-02 1.213895e-02
9.900000e-02 1.117418e-02
9.950000e-02 1.032053e-02
1.000000e-01 9.561422e-03
1.005000e-01 8.883126e-03
1.010000e-01 8.274223e-03
1.015000e-01 7.725213e-03
1.020000e-01 7.228177e-03
1.025000e-01 6.776510e-03
1.030000e-01 6.364695e-03
1.035000e-01 5.988132e-03
1.040000e-01 5.642987e-03
1.045000e-01 5.326085e-03
1.050000e-01 5.034813e-03
1.055000e-01 4.767056e-03
1.060000e-01 4.521145e-03
1.065000e-01 4.295822e-03
1.070000e-01 4.090223e-03
1.075000e-01 3.903876e-03
1.080000e-01 3.736722e-03
1.085000e-01 3.589144e-03
1.090000e-01 3.462035e-03
1.095000e-01 3.356887e-03
1.100000e-01 3.275921e-03
1.105000e-01 3.222279e-03
1.110000e-01 3.200282e-03
1.115000e-01 3.215806e-03
1.120000e-01 3.276801e-03
1.125000e-01 3.394049e-03
1.130000e-01 3.582258e-03
1.135000e-01 3.861677e-03
1.140000e-01 4.260527e-03
1.145000e-01 4.818741e-03
1.150000e-01 5.593834e-03
1.155000e-01 6.670385e-03
1.160000e-01 8.175803e-03
1.165000e-01 1.030740e-02
1.170000e-01 1.338066e-02
1.175000e-01 1.791872e-02
1.180000e-01 2.482565e-02
1.185000e-01 3.573605e-02
1.190000e-01 5.374091e-02
1.195000e-01 8.485799e-02
1.200000e-01 1.403125e-01
1.205000e-01 2.342371e-01
1.210000e-01 3.479259e-01
1.215000e-01 3.886910e-01
1.220000e-01 3.288127e-01
1.225000e-01 2.424291e-01
1.230000e-01 1.774708e-01
1.235000e-01 1.356492e-01
1.240000e-01 1.092617e-01
1.245000e-01 9.260772e-02
1.250000e-01 8.244153e-02
1.255000e-01 7.714413e-02
1.260000e-01 7.619480e-02
1.265000e-01 7.990563e-02
1.270000e-01 8.879570e-02
1.275000e-01 1.001975e-01
1.280000e-01 1.007521e-01
1.285000e-01 8.016014e-02
1.290000e-01 5.584028e-02
1.295000e-01 4.001969e-02
1.300000e-01 3.116518e-02
1.305000e-01 2.615962e-02
1.310000e-01 2.318793e-02
1.315000e-01 2.134117e-02
1.320000e-01 2.016233e-02
1.325000e-01 1.941235e-02
1.330000e-01 1.896093e-02
1.335000e-01 1.873511e-02
1.340000e-01 1.869407e-02
1.345000e-01 1.881644e-02
1.350000e-01 1.909374e-02
1.355000e-01 1.952699e-02
1.360000e-01 2.012531e-02
1.365000e-01 2.090556e-02
1.370000e-01 2.189307e-02
1.375000e-01 2.312306e-02
1.380000e-01 2.464319e-02
1.385000e-01 2.651719e-02
1.390000e-01 2.883026e-02
1.395000e-01 3.169668e-02
1.400000e-01 3.527069e-02
1.405000e-01 3.976172e-02
1.410000e-01 4.545558e-02
1.415000e-01 5.274213e-02
1.420000e-01 6.214792e-02
1.425000e-01 7.436247e-02
1.430000e-01 9.022193e-02
1.435000e-01 1.105533e-01
1.440000e-01 1.356748e-01
1.445000e-01 1.642858e-01
1.450000e-01 1.919397e-01
1.455000e-01 2.109032e-01
1.460000e-01 2.140624e-01
1.465000e-01 2.007143e-01
1.470000e-01 1.770037e-01
1.475000e-01 1.505555e-01
1.480000e-01 1.262588e-01
1.485000e-01 1.059395e-01
1.490000e-01 8.966934e-02
1.495000e-01 7.685910e-02
1.500000e-01 6.680293e-02
1.505000e-01 5.887744e-02
1.510000e-01 5.258669e-02
1.515000e-01 4.755252e-02
1.520000e-01 4.349115e-02
1.525000e-01 4.019032e-02
1.530000e-01 3.749068e-02
1.535000e-01 3.527183e-02
1.540000e-01 3.344204e-02
1.545000e-01 3.193078e-02
1.550000e-01 3.068335e-02
1.555000e-01 2.965697e-02
1.560000e-01 2.881790e-02
1.565000e-01 2.813935e-02
1.570000e-01 2.759990e-02
1.575000e-01 2.718233e-02
1.580000e-01 2.687273e-02
1.585000e-01 2.665985e-02
1.590000e-01 2.653451e-02
1.595000e-01 2.648925e-02
1.600000e-01 2.651799e-02
1.605000e-01 2.661579e-02
1.610000e-01 2.677858e-02
1.615000e-01 2.700308e-02
1.620000e-01 2.728659e-02
1.625000e-01 2.762687e-02
1.630000e-01 2.802208e-02
1.635000e-01 2.847060e-02
1.640000e-01 2.897100e-02
1.645000e-01 2.952188e-02
1.650000e-01 3.012181e-02
1.655000e-01 3.076922e-02
1.660000e-01 3.146222e-02
1.665000e-01 3.219855e-02
1.670000e-01 3.297537e-02
1.675000e-01 3.378911e-02
1.680000e-01 3.463527e-02
1.685000e-01 3.550826e-02
1.690000e-01 3.640111e-02
1.695000e-01 3.730532e-02
1.700000e-01 3.821055e-02
1.705000e-01 3.910447e-02
1.710000e-01 3.997252e-02
1.715000e-01 4.079786e-02
1.720000e-01 4.156129e-02
1.725000e-01 4.224139e-02
1.730000e-01 4.281486e-02
1.735000e-01 4.325706e-02
1.740000e-01 4.354286e-02
1.745000e-01 4.364776e-02
1.750000e-01 4.354944e-02
1.755000e-01 4.322948e-02
1.760000e-01 4.267545e-02
1.765000e-01 4.188309e-02
1.770000e-01 4.085869e-02
1.775000e-01 3.962163e-02
1.780000e-01 3.820739e-02
1.785000e-01 3.667199e-02
1.790000e-01 3.510058e-02
1.795000e-01 3.362845e-02
1.800000e-01 3.250966e-02
1.805000e-01 3.251262e-02
1.810000e-01 4.765983e-02
1.815000e-01 5.481476e-02
1.820000e-01 5.956403e-02
1.825000e-01 6.353002e-02
1.830000e-01 6.722151e-02
1.835000e-01 7.091102e-02
1.840000e-01 7.479277e-02
1.845000e-01 7.903368e-02
1.850000e-01 8.379625e-02
1.855000e-01 8.925256e-02
1.860000e-01 9.559526e-02
1.865000e-01 1.030484e-01
1.870000e-01 1.118792e-01
1.875000e-01 1.224123e-01
1.880000e-01 1.350457e-01
1.885000e-01 1.502697e-01
1.890000e-01 1.686874e-01
1.895000e-01 1.910320e-01
1.900000e-01 2.181745e-01
1.905000e-01 2.511002e-01
1.910000e-01 2.908195e-01
1.915000e-01 3.381395e-01
1.920000e-01 3.931798e-01
1.925000e-01 4.544670e-01
1.930000e-01 5.174868e-01
1.935000e-01 5.729262e-01
1.940000e-01 6.058609e-01
1.945000e-01 5.986920e-01
1.950000e-01 5.404618e-01
1.955000e-01 4.390537e-01
1.960000e-01 3.235527e-01
1.965000e-01 2.287782e-01
1.970000e-01 1.755577e-01
1.975000e-01 1.660645e-01
1.980000e-01 1.931965e-01
1.985000e-01 2.498523e-01
1.990000e-01 3.302489e-01
1.995000e-01 4.253636e-01
2.000000e-01 5.197150e-01
2.005000e-01 5.952653e-01
2.010000e-01 6.399198e-01
2.015000e-01 6.522868e-01
2.020000e-01 6.392945e-01
2.025000e-01 6.106862e-01
2.030000e-01 5.749775e-01
2.035000e-01 5.380162e-01
2.040000e-01 5.031753e-01
2.045000e-01 4.720785e-01
2.050000e-01 4.452902e-01
2.055000e-01 4.228054e-01
2.060000e-01 4.043513e-01
2.065000e-01 3.895565e-01
2.070000e-01 3.780382e-01
2.075000e-01 3.694425e-01
2.080000e-01 3.634604e-01
2.085000e-01 3.598300e-01
2.090000e-01 3.583330e-01
2.095000e-01 3.587882e-01
2.100000e-01 3.610446e-01
2.105000e-01 3.649729e-01
2.110000e-01 3.704583e-01
2.115000e-01 3.773921e-01
2.120000e-01 3.856635e-01
2.125000e-01 3.951508e-01
2.130000e-01 4.057118e-01
2.135000e-01 4.171738e-01
2.140000e-01 4.293228e-01
2.145000e-01 4.418927e-01
2.150000e-01 4.545551e-01
2.155000e-01 4.669104e-01
2.160000e-01 4.784841e-01
2.165000e-01 4.887270e-01
2.170000e-01 4.970270e-01
2.175000e-01 5.027310e-01
2.180000e-01 5.051837e-01
2.185000e-01 5.037819e-01
2.190000e-01 4.980441e-01
2.195000e-01 4.876910e-01
2.200000e-01 4.727241e-01
2.205000e-01 4.534921e-01
2.210000e-01 4.307245e-01
2.215000e-01 4.055198e-01
2.220000e-01 3.792788e-01
2.225000e-01 3.535853e-01
2.230000e-01 3.300489e-01
2.235000e-01 3.101361e-01
2.240000e-01 2.950172e-01
2.245000e-01 2.854568e-01
2.250000e-01 2.817630e-01
2.255000e-01 2.837981e-01
2.260000e-01 2.910412e-01
2.265000e-01 3.026859e-01
2.270000e-01 3.177525e-01
2.275000e-01 3.351973e-01
2.280000e-01 3.540056e-01
2.285000e-01 3.732617e-01
2.290000e-01 3.921934e-01
2.295000e-01 4.101922e-01
2.300000e-01 4.268137e-01
2.305000e-01 4.417601e-01
2.310000e-01 4.548515e-01
2.315000e-01 4.659868e-01
2.320000e-01 4.750969e-01
2.325000e-01 4.820928e-01
2.330000e-01 4.868102e-01
2.335000e-01 4.889584e-01
2.340000e-01 4.880871e-01
2.345000e-01 4.835991e-01
2.350000e-01 4.748516e-01
2.355000e-01 4.613925e-01
2.360000e-01 4.433500e-01
2.365000e-01 4.218966e-01
2.370000e-01 3.995567e-01
2.375000e-01 3.800213e-01
2.380000e-01 3.672719e-01
2.385000e-01 3.642569e-01
2.390000e-01 3.718049e-01
2.395000e-01 3.884205e-01
2.400000e-01 4.110206e-01
2.405000e-01 4.360884e-01
2.410000e-01 4.606258e-01
2.415000e-01 4.826106e-01
2.420000e-01 5.010114e-01
2.425000e-01 5.155649e-01
2.430000e-01 5.264982e-01
2.435000e-01 5.342943e-01
2.440000e-01 5.395310e-01
2.445000e-01 5.427879e-01
2.450000e-01 5.446012e-01
2.455000e-01 5.454510e-01
2.460000e-01 5.457675e-01
2.465000e-01 5.459489e-01
2.470000e-01 5.463866e-01
2.475000e-01 5.474991e-01
2.480000e-01 5.497761e-01
2.485000e-01 5.538366e-01
2.490000e-01 5.605081e-01
2.495000e-01 5.709286e-01
2.500000e-01 5.866626e-01
2.505000e-01 6.097742e-01
2.510000e-01 6.426667e-01
2.515000e-01 6.871873e-01
2.520000e-01 7.419868e-01
2.525000e-01 7.972001e-01
2.530000e-01 8.293430e-01
2.535000e-01 8.092466e-01
2.540000e-01 7.322564e-01
2.545000e-01 6.351115e-01
2.550000e-01 5.607733e-01
2.555000e-01 5.220959e-01
2.560000e-01 5.090451e-01
2.565000e-01 5.085464e-01
2.570000e-01 5.123663e-01
2.575000e-01 5.166997e-01
2.580000e-01 5.201803e-01
2.585000e-01 5.225113e-01
2.590000e-01 5.237868e-01
2.595000e-01 5.242036e-01
2.600000e-01 5.239553e-01
2.605000e-01 5.232009e-01
2.610000e-01 5.220612e-01
2.615000e-01 5.206247e-01
2.620000e-01 5.189546e-01
2.625000e-01 5.170953e-01
2.630000e-01 5.150778e-01
2.635000e-01 5.129233e-01
2.640000e-01 5.106463e-01
2.645000e-01 5.082569e-01
2.650000e-01 5.057620e-01
2.655000e-01 5.031667e-01
2.660000e-01 5.004753e-01
2.665000e-01 4.976921e-01
2.670000e-01 4.948217e-01
2.675000e-01 4.918698e-01
2.680000e-01 4.888441e-01
2.685000e-01 4.857543e-01
2.690000e-01 4.826129e-01
2.695000e-01 4.794364e-01
2.700000e-01 4.762452e-01
2.705000e-01 4.730649e-01
2.710000e-01 4.699269e-01
2.715000e-01 4.668694e-01
2.720000e-01 4.639381e-01
2.725000e-01 4.611870e-01
2.730000e-01 4.586791e-01
2.735000e-01 4.564865e-01
2.740000e-01 4.546906e-01
2.745000e-01 4.533815e-01
2.750000e-01 4.526568e-01
2.755000e-01 4.526194e-01
2.760000e-01 4.533746e-01
2.765000e-01 4.550256e-01
2.770000e-01 4.576678e-01
2.775000e-01 4.613823e-01
2.780000e-01 4.662280e-01
2.785000e-01 4.722327e-01
2.790000e-01 4.793850e-01
2.795000e-01 4.876259e-01
2.800000e-01 4.968424e-01
2.805000e-01 5.068641e-01
2.810000e-01 5.174630e-01
2.815000e-01 5.283579e-01
2.820000e-01 5.392239e-01
2.825000e-01 5.497063e-01
2.830000e-01 5.594391e-01
2.835000e-01 5.680659e-01
2.840000e-01 5.752618e-01
2.845000e-01 5.807544e-01
2.850000e-01 5.843423e-01
2.855000e-01 5.859076e-01
2.860000e-01 5.854248e-01
2.865000e-01 5.829617e-01
2.870000e-01 5.786758e-01
2.875000e-01 5.728054e-01
2.880000e-01 5.656571e-01
2.885000e-01 5.575911e-01
2.890000e-01 5.490054e-01
2.895000e-01 5.403209e-01
2.900000e-01 5.319663e-01
2.905000e-01 5.243651e-01
2.910000e-01 5.179237e-01
2.915000e-01 5.130202e-01
2.920000e-01 5.099935e-01
2.925000e-01 5.091325e-01
2.930000e-01 5.106629e-01
2.935000e-01 5.147333e-01
2.940000e-01 5.213984e-01
2.945000e-01 5.305999e-01
2.950000e-01 5.421474e-01
2.955000e-01 5.557004e-01
2.960000e-01 5.707565e-01
2.965000e-01 5.866521e-01
2.970000e-01 6.025816e-01
2.975000e-01 6.176433e-01
2.980000e-01 6.309163e-01
2.985000e-01 6.415656e-01
2.990000e-01 6.489644e-01
2.995000e-01 6.528107e-01
3.000000e-01 6.532066e-01
3.005000e-01 6.506712e-01
3.010000e-01 6.460688e-01
3.015000e-01 6.404591e-01
3.020000e-01 6.349035e-01
3.025000e-01 6.302743e-01
3.030000e-01 6.271170e-01
3.035000e-01 6.255919e-01
3.040000e-01 6.254980e-01
3.045000e-01 6.263557e-01
3.050000e-01 6.275188e-01
3.055000e-01 6.282824e-01
3.060000e-01 6.279694e-01
3.065000e-01 6.259858e-01
3.070000e-01 6.218491e-01
3.075000e-01 6.151936e-01
3.080000e-01 6.057653e-01
3.085000e-01 5.934111e-01
3.090000e-01 5.780702e-01
3.095000e-01 5.597700e-01
3.100000e-01 5.386283e-01
3.105000e-01 5.148595e-01
3.110000e-01 4.887837e-01
3.115000e-01 4.608326e-01
3.120000e-01 4.315493e-01
3.125000e-01 4.015759e-01
3.130000e-01 3.716281e-01
3.135000e-01 3.424568e-01
3.140000e-01 3.147999e-01
3.145000e-01 2.893333e-01
3.150000e-01 2.666275e-01
3.155000e-01 2.471201e-01
3.160000e-01 2.311098e-01
3.165000e-01 2.187803e-01
3.170000e-01 2.102853e-01
3.175000e-01 2.265070e-01
3.180000e-01 3.515047e-01
3.185000e-01 3.945409e-01
3.190000e-01 4.219674e-01
3.195000e-01 4.417827e-01
3.200000e-01 4.570720e-01
3.205000e-01 4.693986e-01
3.210000e-01 4.796759e-01
3.215000e-01 4.884866e-01
3.220000e-01 4.962247e-01
3.225000e-01 5.031674e-01
3.230000e-01 5.095146e-01
3.235000e-01 5.154131e-01
3.240000e-01 5.209714e-01
3.245000e-01 5.262699e-01
3.250000e-01 5.313679e-01
3.255000e-01 5.363086e-01
3.260000e-01 5.411234e-01
3.265000e-01 5.458343e-01
3.270000e-01 5.504570e-01
3.275000e-01 5.550019e-01
3.280000e-01 5.594763e-01
3.285000e-01 5.638851e-01
3.290000e-01 5.682317e-01
3.295000e-01 5.725187e-01
3.300000e-01 5.767482e-01
3.305000e-01 5.809223e-01
3.310000e-01 5.850427e-01
3.315000e-01 5.891112e-01
3.320000e-01 5.931295e-01
3.325000e-01 5.970988e-01
3.330000e-01 6.010200e-01
3.335000e-01 6.048930e-01
3.340000e-01 6.087170e-01
3.345000e-01 6.124897e-01
3.350000e-01 6.162073e-01
3.355000e-01 6.198642e-01
3.360000e-01 6.234526e-01
3.365000e-01 6.269621e-01
3.370000e-01 6.303798e-01
3.375000e-01 6.336893e-01
3.380000e-01 6.368710e-01
3.385000e-01 6.399013e-01
3.390000e-01 6.427525e-01
3.395000e-01 6.453923e-01
3.400000e-01 6.477835e-01
3.405000e-01 6.498836e-01
3.410000e-01 6.516444e-01
3.415000e-01 6.530120e-01
3.420000e-01 6.539264e-01
3.425000e-01 6.543214e-01
3.430000e-01 6.541249e-01
3.435000e-01 6.532590e-01
3.440000e-01 6.516408e-01
3.445000e-01 6.491834e-01
3.450000e-01 6.457974e-01
3.455000e-01 6.413928e-01
3.460000e-01 6.358822e-01
3.465000e-01 6.291843e-01
3.470000e-01 6.212282e-01
3.475000e-01 6.119590e-01
3.480000e-01 6.013442e-01
3.485000e-01 5.893805e-01
3.490000e-01 5.761014e-01
3.495000e-01 5.615848e-01
3.500000e-01 5.459589e-01
3.505000e-01 5.294079e-01
3.510000e-01 5.121740e-01
3.515000e-01 4.945558e-01
3.520000e-01 4.769023e-01
3.525000e-01 4.596017e-01
3.530000e-01 4.430643e-01
3.535000e-01 4.277014e-01
3.540000e-01 4.139009e-01
3.545000e-01 4.020020e-01
3.550000e-01 3.922727e-01
3.555000e-01 3.848910e-01
3.560000e-01 3.799341e-01
3.565000e-01 3.773760e-01
3.570000e-01 3.770934e-01
3.575000e-01 3.788791e-01
3.580000e-01 3.824611e-01
3.585000e-01 3.875242e-01
3.590000e-01 3.937313e-01
3.595000e-01 4.007437e-01
3.600000e-01 4.082370e-01
3.605000e-01 4.159127e-01
3.610000e-01 4.235068e-01
3.615000e-01 4.307926e-01
3.620000e-01 4.375825e-01
3.625000e-01 4.437263e-01
3.630000e-01 4.491083e-01
3.635000e-01 4.536443e-01
3.640000e-01 4.572774e-01
3.645000e-01 4.599747e-01
3.650000e-01 4.617241e-01
3.655000e-01 4.625309e-01
3.660000e-01 4.624155e-01
3.665000e-01 4.614115e-01
3.670000e-01 4.595636e-01
3.675000e-01 4.569262e-01
3.680000e-01 4.535624e-01
3.685000e-01 4.495427e-01
3.690000e-01 4.449443e-01
3.695000e-01 4.398501e-01
3.700000e-01 4.343481e-01
3.705000e-01 4.285307e-01
3.710000e-01 4.224936e-01
3.715000e-01 4.163354e-01
3.720000e-01 4.101562e-01
3.725000e-01 4.040566e-01
3.730000e-01 3.981368e-01
3.735000e-01 3.924947e-01
3.740000e-01 3.872248e-01
3.745000e-01 3.824165e-01
3.750000e-01 3.781520e-01
3.755000e-01 3.745052e-01
3.760000e-01 3.715392e-01
3.765000e-01 3.693050e-01
3.770000e-01 3.678401e-01
3.775000e-01 3.671668e-01
3.780000e-01 3.672920e-01
3.785000e-01 3.682062e-01
3.790000e-01 3.698845e-01
3.795000e-01 3.722873e-01
3.800000e-01 3.753626e-01
3.805000e-01 3.790495e-01
3.810000e-01 3.832829e-01
3.815000e-01 3.880001e-01
3.820000e-01 3.931497e-01
3.825000e-01 3.987026e-01
3.830000e-01 4.046673e-01
3.835000e-01 4.111081e-01
3.840000e-01 4.181686e-01
3.845000e-01 4.260993e-01
3.850000e-01 4.352902e-01
3.855000e-01 4.463042e-01
3.860000e-01 4.599063e-01
3.865000e-01 4.770767e-01
3.870000e-01 4.989866e-01
3.875000e-01 5.269079e-01
3.880000e-01 5.620175e-01
3.885000e-01 6.050686e-01
3.890000e-01 6.559297e-01
3.895000e-01 7.130770e-01
3.900000e-01 7.732361e-01
3.905000e-01 8.314564e-01
3.910000e-01 8.818474e-01
3.915000e-01 9.189331e-01
3.920000e-01 9.391674e-01
3.925000e-01 9.419234e-01
3.930000e-01 9.294687e-01
3.935000e-01 9.059892e-01
3.940000e-01 8.762015e-01
3.945000e-01 8.441651e-01
3.950000e-01 8.126370e-01
3.955000e-01 7.829659e-01
3.960000e-01 7.553377e-01
3.965000e-01 7.291574e-01
3.970000e-01 7.034253e-01
3.975000e-01 6.770419e-01
3.980000e-01 6.490289e-01
3.985000e-01 6.186783e-01
3.990000e-01 5.856472e-01
3.995000e-01 5.500080e-01
4.000000e-01 5.122625e-01
4.005000e-01 4.733188e-01
4.010000e-01 4.344314e-01
4.015000e-01 3.971051e-01
4.020000e-01 3.629682e-01
4.025000e-01 3.336273e-01
4.030000e-01 3.105185e-01
4.035000e-01 2.947757e-01
4.040000e-01 2.871323e-01
4.045000e-01 2.878707e-01
4.050000e-01 2.968228e-01
4.055000e-01 3.134180e-01
4.060000e-01 3.367684e-01
4.065000e-01 3.657741e-01
4.070000e-01 3.992335e-01
4.075000e-01 4.359446e-01
4.080000e-01 4.747872e-01
4.085000e-01 5.147822e-01
4.090000e-01 5.551258e-01
4.095000e-01 5.952038e-01
4.100000e-01 6.345865e-01
4.105000e-01 6.730125e-01
4.110000e-01 7.103629e-01
4.115000e-01 7.466297e-01
4.120000e-01 7.818808e-01
4.125000e-01 8.162206e-01
4.130000e-01 8.497457e-01
4.135000e-01 8.824935e-01
4.140000e-01 9.143789e-01
4.145000e-01 9.451158e-01
4.150000e-01 9.741182e-01
4.155000e-01 1.000382e+00
4.160000e-01 1.022356e+00
4.165000e-01 1.037824e+00
4.170000e-01 1.043870e+00
4.175000e-01 1.037029e+00
4.180000e-01 1.013799e+00
4.185000e-01 9.716903e-01
4.190000e-01 9.108507e-01
4.195000e-01 8.358873e-01
4.200000e-01 7.568636e-01
4.205000e-01 6.880649e-01
4.210000e-01 6.438829e-01
4.215000e-01 6.332652e-01
4.220000e-01 6.559983e-01
4.225000e-01 7.033151e-01
4.230000e-01 7.621962e-01
4.235000e-01 8.203581e-01
4.240000e-01 8.693434e-01
4.245000e-01 9.051397e-01
4.250000e-01 9.272210e-01
4.255000e-01 9.371311e-01
4.260000e-01 9.372880e-01
4.265000e-01 9.302157e-01
4.270000e-01 9.181526e-01
4.275000e-01 9.029104e-01
4.280000e-01 8.858699e-01
4.285000e-01 8.680367e-01
4.290000e-01 8.501164e-01
4.295000e-01 8.325851e-01
4.300000e-01 8.157502e-01
4.305000e-01 7.997979e-01
4.310000e-01 7.848290e-01
4.315000e-01 7.708857e-01
4.320000e-01 7.579706e-01
4.325000e-01 7.460607e-01
4.330000e-01 7.351162e-01
4.335000e-01 7.250879e-01
4.340000e-01 7.159211e-01
4.345000e-01 7.075591e-01
4.350000e-01 6.999450e-01
4.355000e-01 6.930227e-01
4.360000e-01 6.867382e-01
4.365000e-01 6.810398e-01
4.370000e-01 6.758780e-01
4.375000e-01 6.712060e-01
4.380000e-01 6.669795e-01
4.385000e-01 6.631566e-01
4.390000e-01 6.596974e-01
4.395000e-01 6.565644e-01
4.400000e-01 6.537222e-01
4.405000e-01 6.511371e-01
4.410000e-01 6.487773e-01
4.415000e-01 6.466130e-01
4.420000e-01 6.446161e-01
4.425000e-01 6.427601e-01
4.430000e-01 6.410208e-01
4.435000e-01 6.393758e-01
4.440000e-01 6.378049e-01
4.445000e-01 6.362904e-01
4.450000e-01 6.348173e-01
4.455000e-01 6.333733e-01
4.460000e-01 6.319497e-01
4.465000e-01 6.305415e-01
4.470000e-01 6.291478e-01
4.475000e-01 6.277724e-01
4.480000e-01 6.264242e-01
4.485000e-01 6.251179e-01
4.490000e-01 6.238742e-01
4.495000e-01 6.227205e-01
4.500000e-01 6.216912e-01
4.505000e-01 6.208280e-01
4.510000e-01 6.201797e-01
4.515000e-01 6.198028e-01
4.520000e-01 6.197603e-01
4.525000e-01 6.201212e-01
4.530000e-01 6.209593e-01
4.535000e-01 6.223512e-01
4.540000e-01 6.243732e-01
4.545000e-01 6.270985e-01
4.550000e-01 6.305919e-01
4.555000e-01 6.349043e-01
4.560000e-01 6.400660e-01
4.565000e-01 6.460781e-01
4.570000e-01 6.529035e-01
4.575000e-01 6.604571e-01
4.580000e-01 6.685959e-01
4.585000e-01 6.771106e-01
4.590000e-01 6.857212e-01
4.595000e-01 6.940778e-01
4.600000e-01 7.017730e-01
4.605000e-01 7.083671e-01
4.610000e-01 7.134330e-01
4.615000e-01 7.166187e-01
4.620000e-01 7.177250e-01
4.625000e-01 7.167800e-01
4.630000e-01 7.140818e-01
4.635000e-01 7.101669e-01
4.640000e-01 7.056642e-01
4.645000e-01 7.010240e-01
4.650000e-01 6.961787e-01
4.655000e-01 6.902665e-01
4.660000e-01 6.815903e-01
4.665000e-01 6.679240e-01
4.670000e-01 6.471194e-01
4.675000e-01 6.177907e-01
4.680000e-01 5.797980e-01
4.685000e-01 5.343446e-01
4.690000e-01 4.836958e-01
4.695000e-01 4.306771e-01
4.700000e-01 3.781531e-01
4.705000e-01 3.286283e-01
4.710000e-01 2.840272e-01
4.715000e-01 2.456350e-01
4.720000e-01 2.141506e-01
4.725000e-01 1.897966e-01
4.730000e-01 1.724469e-01
4.735000e-01 1.617456e-01
4.740000e-01 1.572066e-01
4.745000e-01 1.582902e-01
4.750000e-01 1.644587e-01
4.755000e-01 1.752153e-01
4.760000e-01 1.901302e-01
4.765000e-01 2.088577e-01
4.770000e-01 2.311474e-01
4.775000e-01 2.568524e-01
4.780000e-01 2.859341e-01
4.785000e-01 3.184646e-01
4.790000e-01 3.546230e-01
4.795000e-01 3.946803e-01
4.800000e-01 4.389572e-01
4.805000e-01 4.877270e-01
4.810000e-01 5.410049e-01
4.815000e-01 5.981196e-01
4.820000e-01 6.568809e-01
4.825000e-01 7.120909e-01
4.830000e-01 7.532795e-01
4.835000e-01 7.625985e-01
4.840000e-01 7.173281e-01
4.845000e-01 6.072200e-01
4.850000e-01 4.700339e-01
4.855000e-01 3.994696e-01
4.860000e-01 4.584658e-01
4.865000e-01 5.957176e-01
4.870000e-01 7.146890e-01
4.875000e-01 7.714007e-01
4.880000e-01 7.747004e-01
4.885000e-01 7.501260e-01
4.890000e-01 6.846586e-01
4.895000e-01 6.311704e-01
4.900000e-01 5.838865e-01
4.905000e-01 5.439207e-01
4.910000e-01 5.112468e-01
4.915000e-01 4.852375e-01
4.920000e-01 4.650601e-01
4.925000e-01 4.498738e-01
4.930000e-01 4.389119e-01
4.935000e-01 4.315059e-01
4.940000e-01 4.270851e-01
4.945000e-01 4.251656e-01
4.950000e-01 4.253376e-01
4.955000e-01 4.272526e-01
4.960000e-01 4.306127e-01
4.965000e-01 4.351619e-01
4.970000e-01 4.406788e-01
4.975000e-01 4.469716e-01
4.980000e-01 4.538734e-01
4.985000e-01 4.612387e-01
4.990000e-01 4.689411e-01
4.995000e-01 4.768707e-01
