0.000000e+00 0.000000e+00
5.000000e-04 0.000000e+00
1.000000e-03 0.000000e+00
1.500000e-03 0.000000e+00
2.000000e-03 0.000000e+00
2.500000e-03 0.000000e+00
3.000000e-03 0.000000e+00
3.500000e-03 0.000000e+00
4.000000e-03 0.000000e+00
4.500000e-03 0.000000e+00
5.000000e-03 0.000000e+00
5.500000e-03 0.000000e+00
6.000000e-03 0.000000e+00
6.500000e-03 0.000000e+00
7.000000e-03 0.000000e+00
7.500000e-03 0.000000e+00
8.000000e-03 0.000000e+00
8.500000e-03 0.000000e+00
9.000000e-03 0.000000e+00
9.500000e-03 0.000000e+00
1.000000e-02 0.000000e+00
1.050000e-02 0.000000e+00
1.100000e-02 0.000000e+00
1.150000e-02 0.000000e+00
1.200000e-02 0.000000e+00
1.250000e-02 0.000000e+00
1.300000e-02 0.000000e+00
1.350000e-02 0.000000e+00
1.400000e-02 0.000000e+00
1.450000e-02 0.000000e+00
1.500000e-02 0.000000e+00
1.550000e-02 0.000000e+00
1.600000e-02 0.000000e+00
1.650000e-02 0.000000e+00
1.700000e-02 0.000000e+00
1.750000e-02 0.000000e+00
1.800000e-02 0.000000e+00
1.850000e-02 0.000000e+00
1.900000e-02 0.000000e+00
1.950000e-02 0.000000e+00
2.000000e-02 0.000000e+00
2.050000e-02 5.037275e-04
2.100000e-02 2.422421e-03
2.150000e-02 4.680354e-03
2.200000e-02 7.444405e-03
2.250000e-02 1.095506e-02
2.300000e-02 1.557143e-02
2.350000e-02 2.184620e-02
2.400000e-02 3.065123e-02
2.450000e-02 4.338229e-02
2.500000e-02 6.225622e-02
2.550000e-02 9.056477e-02
2.600000e-02 1.320777e-01
2.650000e-02 1.869710e-01
2.700000e-02 2.419310e-01
2.750000e-02 2.690573e-01
2.800000e-02 2.552533e-01
2.850000e-02 2.177499e-01
2.900000e-02 1.782729e-01
2.950000e-02 1.462746e-01
3.000000e-02 1.227824e-01
3.050000e-02 1.062695e-01
3.100000e-02 9.508929e-02
3.150000e-02 8.806935e-02
3.200000e-02 8.456651e-02
3.250000e-02 8.446104e-02
3.300000e-02 8.826277e-02
3.350000e-02 9.747975e-02
3.400000e-02 1.155244e-01
3.450000e-02 1.490975e-01
3.500000e-02 2.004251e-01
3.550000e-02 1.922097e-01
3.600000e-02 7.648294e-02
3.650000e-02 1.899512e-02
3.700000e-02 3.499543e-03
3.750000e-02 1.649015e-04
3.800000e-02 2.932085e-04
3.850000e-02 1.463683e-03
3.900000e-02 2.949897e-03
3.950000e-02 4.532276e-03
4.000000e-02 6.159095e-03
4.050000e-02 7.839263e-03
4.100000e-02 9.606218e-03
4.150000e-02 1.150605e-02
4.200000e-02 1.359488e-02
4.250000e-02 1.594035e-02
4.300000e-02 1.862591e-02
4.350000e-02 2.175769e-02
4.400000e-02 2.547527e-02
4.450000e-02 2.996842e-02
4.500000e-02 3.550447e-02
4.550000e-02 4.247493e-02
4.600000e-02 5.147924e-02
4.650000e-02 6.348526e-02
4.700000e-02 8.016037e-02
4.750000e-02 1.046179e-01
4.800000e-02 1.432824e-01
4.850000e-02 2.110219e-01
4.900000e-02 3.434692e-01
4.950000e-02 4.945768e-01
5.000000e-02 4.041137e-01
5.050000e-02 2.047863e-01
5.100000e-02 3.212275e-02
5.150000e-02 1.138842e-03
5.200000e-02 3.551203e-03
5.250000e-02 1.681082e-02
5.300000e-02 3.543489e-02
5.350000e-02 5.797324e-02
5.400000e-02 8.402120e-02
5.450000e-02 1.132955e-01
5.500000e-02 1.452144e-01
5.550000e-02 1.786190e-01
5.600000e-02 2.115391e-01
5.650000e-02 2.409495e-01
5.700000e-02 2.624195e-01
5.750000e-02 2.696127e-01
5.800000e-02 2.543155e-01
5.850000e-02 2.100824e-01
5.900000e-02 1.427632e-01
5.950000e-02 7.526079e-02
6.000000e-02 2.878157e-02
6.050000e-02 6.401325e-03
6.100000e-02 1.083217e-04
6.150000e-02 1.675786e-03
6.200000e-02 6.059487e-03
6.250000e-02 1.080881e-02
6.300000e-02 1.493282e-02
6.350000e-02 1.814179e-02
6.400000e-02 2.044721e-02
6.450000e-02 2.197143e-02
6.500000e-02 2.286309e-02
6.550000e-02 2.326258e-02
6.600000e-02 2.329015e-02
6.650000e-02 2.304392e-02
6.700000e-02 2.260170e-02
6.750000e-02 2.202410e-02
6.800000e-02 2.135772e-02
6.850000e-02 2.063800e-02
6.900000e-02 1.989163e-02
6.950000e-02 1.913851e-02
7.000000e-02 1.839328e-02
7.050000e-02 1.766657e-02
7.100000e-02 1.696592e-02
7.150000e-02 1.629657e-02
7.200000e-02 1.566202e-02
7.250000e-02 1.506446e-02
7.300000e-02 1.450515e-02
7.350000e-02 1.398468e-02
7.400000e-02 1.350317e-02
7.450000e-02 1.306045e-02
7.500000e-02 1.265620e-02
7.550000e-02 1.228999e-02
7.600000e-02 1.196143e-02
7.650000e-02 1.167013e-02
7.700000e-02 1.141577e-02
7.750000e-02 1.119796e-02
7.800000e-02 1.101613e-02
7.850000e-02 1.086898e-02
7.900000e-02 1.075341e-02
7.950000e-02 1.066167e-02
8.000000e-02 1.057308e-02
8.050000e-02 1.042107e-02
8.100000e-02 9.644536e-03
8.150000e-02 1.728438e-02
8.200000e-02 2.368363e-02
8.250000e-02 3.220443e-02
8.300000e-02 4.487702e-02
8.350000e-02 6.544697e-02
8.400000e-02 1.022098e-01
8.450000e-02 1.758966e-01
8.500000e-02 3.371362e-01
8.550000e-02 4.750115e-01
8.600000e-02 2.212872e-01
8.650000e-02 4.324621e-01
8.700000e-02 2.268751e-01
8.750000e-02 1.272825e-01
8.800000e-02 7.961563e-02
8.850000e-02 5.405691e-02
8.900000e-02 3.898345e-02
8.950000e-02 2.944790e-02
9.000000e-02 2.312663e-02
9.050000e-02 1.885603e-02
9.100000e-02 1.606471e-02
9.150000e-02 1.456856e-02
9.200000e-02 1.458730e-02
9.250000e-02 1.707855e-02
9.300000e-02 2.501857e-02
9.350000e-02 4.880892e-02
9.400000e-02 1.355123e-01
9.450000e-02 4.332108e-01
9.500000e-02 3.640481e-01
9.550000e-02 1.549250e-01
9.600000e-02 8.447593e-02
9.650000e-02 5.611728e-02
9.700000e-02 4.194286e-02
9.750000e-02 3.377479e-02
9.800000e-02 2.860393e-02
9.850000e-02 2.511585e-02
9.900000e-02 2.266038e-02
9.950000e-02 2.088482e-02
1.000000e-01 1.958409e-02
1.005000e-01 1.863266e-02
1.010000e-01 1.795077e-02
1.015000e-01 1.748676e-02
1.020000e-01 1.720714e-02
1.025000e-01 1.709094e-02
1.030000e-01 1.712643e-02
1.035000e-01 1.730921e-02
1.040000e-01 1.764139e-02
1.045000e-01 1.813131e-02
1.050000e-01 1.879401e-02
1.055000e-01 1.965229e-02
1.060000e-01 2.073856e-02
1.065000e-01 2.209776e-02
1.070000e-01 2.379184e-02
1.075000e-01 2.590663e-02
1.080000e-01 2.856247e-02
1.085000e-01 3.193120e-02
1.090000e-01 3.626380e-02
1.095000e-01 4.193729e-02
1.100000e-01 4.953715e-02
1.105000e-01 6.000883e-02
1.110000e-01 7.495055e-02
1.115000e-01 9.720891e-02
1.120000e-01 1.321451e-01
1.125000e-01 1.903084e-01
1.130000e-01 2.914562e-01
1.135000e-01 4.475963e-01
1.140000e-01 4.296110e-01
1.145000e-01 3.197427e-01
1.150000e-01 4.824527e-01
1.155000e-01 3.101275e-01
1.160000e-01 1.867278e-01
1.165000e-01 1.192222e-01
1.170000e-01 8.103387e-02
1.175000e-01 5.798788e-02
1.180000e-01 4.323157e-02
1.185000e-01 3.330539e-02
1.190000e-01 2.635248e-02
1.195000e-01 2.131693e-02
1.200000e-01 1.756717e-02
1.205000e-01 1.470872e-02
1.210000e-01 1.248587e-02
1.215000e-01 1.072747e-02
1.220000e-01 9.315763e-03
1.225000e-01 8.167752e-03
1.230000e-01 7.223686e-03
1.235000e-01 6.439743e-03
1.240000e-01 5.783250e-03
1.245000e-01 5.229487e-03
1.250000e-01 4.759507e-03
1.255000e-01 4.358617e-03
1.260000e-01 4.015303e-03
1.265000e-01 3.720456e-03
1.270000e-01 3.466808e-03
1.275000e-01 3.248512e-03
1.280000e-01 3.060826e-03
1.285000e-01 2.899873e-03
1.290000e-01 2.762455e-03
1.295000e-01 2.645909e-03
1.300000e-01 2.547991e-03
1.305000e-01 2.466785e-03
1.310000e-01 2.400628e-03
1.315000e-01 2.348051e-03
1.320000e-01 2.307736e-03
1.325000e-01 2.278470e-03
1.330000e-01 2.259126e-03
1.335000e-01 2.248641e-03
1.340000e-01 2.246003e-03
1.345000e-01 2.250249e-03
1.350000e-01 2.260475e-03
1.355000e-01 2.275844e-03
1.360000e-01 2.295623e-03
1.365000e-01 2.319216e-03
1.370000e-01 2.346236e-03
1.375000e-01 2.376603e-03
1.380000e-01 2.410692e-03
1.385000e-01 2.449577e-03
1.390000e-01 2.495408e-03
1.395000e-01 2.552049e-03
1.400000e-01 2.626144e-03
1.405000e-01 2.729001e-03
1.410000e-01 2.879985e-03
1.415000e-01 3.112928e-03
1.420000e-01 3.488818e-03
1.425000e-01 4.122365e-03
1.430000e-01 5.241597e-03
1.435000e-01 7.332927e-03
1.440000e-01 1.153000e-02
1.445000e-01 2.076826e-02
1.450000e-01 4.338773e-02
1.455000e-01 1.000254e-01
1.460000e-01 1.759530e-01
1.465000e-01 1.494385e-01
1.470000e-01 9.555339e-02
1.475000e-01 6.528682e-02
1.480000e-01 4.944591e-02
1.485000e-01 4.061581e-02
1.490000e-01 3.543458e-02
1.495000e-01 3.236138e-02
1.500000e-01 3.064262e-02
1.505000e-01 2.988905e-02
1.510000e-01 2.989105e-02
1.515000e-01 3.052791e-02
1.520000e-01 3.171577e-02
1.525000e-01 3.337344e-02
1.530000e-01 3.540168e-02
1.535000e-01 3.767825e-02
1.540000e-01 4.007092e-02
1.545000e-01 4.246295e-02
1.550000e-01 4.477779e-02
1.555000e-01 4.699040e-02
1.560000e-01 4.912235e-02
1.565000e-01 5.122670e-02
1.570000e-01 5.337179e-02
1.575000e-01 5.562931e-02
1.580000e-01 5.806801e-02
1.585000e-01 6.075186e-02
1.590000e-01 6.374085e-02
1.595000e-01 6.709298e-02
1.600000e-01 7.086668e-02
1.605000e-01 7.512313e-02
1.610000e-01 7.992846e-02
1.615000e-01 8.535570e-02
1.620000e-01 9.148643e-02
1.625000e-01 9.841220e-02
1.630000e-01 1.062354e-01
1.635000e-01 1.150692e-01
1.640000e-01 1.250367e-01
1.645000e-01 1.362667e-01
1.650000e-01 1.488874e-01
1.655000e-01 1.630140e-01
1.660000e-01 1.787293e-01
1.665000e-01 1.960543e-01
1.670000e-01 2.149092e-01
1.675000e-01 2.350633e-01
1.680000e-01 2.560833e-01
1.685000e-01 2.772927e-01
1.690000e-01 2.977675e-01
1.695000e-01 3.163922e-01
1.700000e-01 3.319894e-01
1.705000e-01 3.435039e-01
1.710000e-01 3.501940e-01
1.715000e-01 3.517702e-01
1.720000e-01 3.484479e-01
1.725000e-01 3.409081e-01
1.730000e-01 3.301807e-01
1.735000e-01 3.174846e-01
1.740000e-01 3.040675e-01
1.745000e-01 2.910885e-01
1.750000e-01 2.795664e-01
1.755000e-01 2.703913e-01
1.760000e-01 2.643841e-01
1.765000e-01 2.623868e-01
1.770000e-01 2.653740e-01
1.775000e-01 2.745770e-01
1.780000e-01 2.916062e-01
1.785000e-01 3.185155e-01
1.790000e-01 3.576143e-01
1.795000e-01 4.104410e-01
1.800000e-01 4.742298e-01
1.805000e-01 5.312597e-01
1.810000e-01 5.229698e-01
1.815000e-01 4.274125e-01
1.820000e-01 2.654628e-01
1.825000e-01 1.076377e-01
1.830000e-01 4.487719e-02
1.835000e-01 1.052698e-01
1.840000e-01 2.355177e-01
1.845000e-01 3.655646e-01
1.850000e-01 4.582240e-01
1.855000e-01 5.086874e-01
1.860000e-01 5.265332e-01
1.865000e-01 5.234011e-01
1.870000e-01 5.084504e-01
1.875000e-01 4.877838e-01
1.880000e-01 4.651173e-01
1.885000e-01 4.425717e-01
1.890000e-01 4.212805e-01
1.895000e-01 4.017926e-01
1.900000e-01 3.843235e-01
1.905000e-01 3.689046e-01
1.910000e-01 3.554721e-01
1.915000e-01 3.439167e-01
1.920000e-01 3.341124e-01
1.925000e-01 3.259312e-01
1.930000e-01 3.192506e-01
1.935000e-01 3.139560e-01
1.940000e-01 3.099408e-01
1.945000e-01 3.071040e-01
1.950000e-01 3.053474e-01
1.955000e-01 3.045708e-01
1.960000e-01 3.046670e-01
1.965000e-01 3.055161e-01
1.970000e-01 3.069796e-01
1.975000e-01 3.088938e-01
1.980000e-01 3.110651e-01
1.985000e-01 3.132666e-01
1.990000e-01 3.152389e-01
1.995000e-01 3.166947e-01
2.000000e-01 3.173310e-01
2.005000e-01 3.168472e-01
2.010000e-01 3.149701e-01
2.015000e-01 3.114820e-01
2.020000e-01 3.062483e-01
2.025000e-01 2.992392e-01
2.030000e-01 2.905395e-01
2.035000e-01 2.803434e-01
2.040000e-01 2.689332e-01
2.045000e-01 2.566477e-01
2.050000e-01 2.438445e-01
2.055000e-01 2.308662e-01
2.060000e-01 2.180141e-01
2.065000e-01 2.055330e-01
2.070000e-01 1.936065e-01
2.075000e-01 1.823596e-01
2.080000e-01 1.718663e-01
2.085000e-01 1.621599e-01
2.090000e-01 1.532429e-01
2.095000e-01 1.450962e-01
2.100000e-01 1.376867e-01
2.105000e-01 1.309728e-01
2.110000e-01 1.249096e-01
2.115000e-01 1.194512e-01
2.120000e-01 1.145532e-01
2.125000e-01 1.101741e-01
2.130000e-01 1.062758e-01
2.135000e-01 1.028242e-01
2.140000e-01 9.978935e-02
2.145000e-01 9.714554e-02
2.150000e-01 9.487103e-02
2.155000e-01 9.294809e-02
2.160000e-01 9.136286e-02
2.165000e-01 9.010522e-02
2.170000e-01 8.916881e-02
2.175000e-01 8.855096e-02
2.180000e-01 8.825276e-02
2.185000e-01 8.827916e-02
2.190000e-01 8.863918e-02
2.195000e-01 8.934608e-02
2.200000e-01 9.041770e-02
2.205000e-01 9.187677e-02
2.210000e-01 9.375132e-02
2.215000e-01 9.607500e-02
2.220000e-01 9.888739e-02
2.225000e-01 1.022341e-01
2.230000e-01 1.061668e-01
2.235000e-01 1.107419e-01
2.240000e-01 1.160196e-01
2.245000e-01 1.220602e-01
2.250000e-01 1.289195e-01
2.255000e-01 1.366399e-01
2.260000e-01 1.452393e-01
2.265000e-01 1.546942e-01
2.270000e-01 1.649187e-01
2.275000e-01 1.757413e-01
2.280000e-01 1.868821e-01
2.285000e-01 1.979413e-01
2.290000e-01 2.084066e-01
2.295000e-01 2.176924e-01
2.300000e-01 2.252122e-01
2.305000e-01 2.304744e-01
2.310000e-01 2.331766e-01
2.315000e-01 2.332670e-01
2.320000e-01 2.309507e-01
2.325000e-01 2.266409e-01
2.330000e-01 2.208743e-01
2.335000e-01 2.142193e-01
2.340000e-01 2.072022e-01
2.345000e-01 2.002624e-01
2.350000e-01 1.937366e-01
2.355000e-01 1.878632e-01
2.360000e-01 1.827990e-01
2.365000e-01 1.786384e-01
2.370000e-01 1.754329e-01
2.375000e-01 1.732070e-01
2.380000e-01 1.719710e-01
2.385000e-01 1.717296e-01
2.390000e-01 1.724894e-01
2.395000e-01 1.742630e-01
2.400000e-01 1.770727e-01
2.405000e-01 1.809528e-01
2.410000e-01 1.859516e-01
2.415000e-01 1.921326e-01
2.420000e-01 1.995756e-01
2.425000e-01 2.083772e-01
2.430000e-01 2.186505e-01
2.435000e-01 2.305231e-01
2.440000e-01 2.441330e-01
2.445000e-01 2.596208e-01
2.450000e-01 2.771148e-01
2.455000e-01 2.967082e-01
2.460000e-01 3.184233e-01
2.465000e-01 3.421600e-01
2.470000e-01 3.676303e-01
2.475000e-01 3.942875e-01
2.480000e-01 4.212743e-01
2.485000e-01 4.474318e-01
2.490000e-01 4.714073e-01
2.495000e-01 4.918549e-01
2.500000e-01 5.076601e-01
2.505000e-01 5.181380e-01
2.510000e-01 5.232832e-01
2.515000e-01 5.241134e-01
2.520000e-01 5.228162e-01
2.525000e-01 5.223293e-01
2.530000e-01 5.254493e-01
2.535000e-01 5.339437e-01
2.540000e-01 5.479707e-01
2.545000e-01 5.657717e-01
2.550000e-01 5.835000e-01
2.555000e-01 5.952085e-01
2.560000e-01 5.932919e-01
2.565000e-01 5.698898e-01
2.570000e-01 5.196306e-01
2.575000e-01 4.432621e-01
2.580000e-01 3.502524e-01
2.585000e-01 2.576352e-01
2.590000e-01 1.841499e-01
2.595000e-01 1.426470e-01
2.600000e-01 1.357466e-01
2.605000e-01 1.570579e-01
2.610000e-01 1.958830e-01
2.615000e-01 2.417989e-01
2.620000e-01 2.871282e-01
2.625000e-01 3.273711e-01
2.630000e-01 3.605434e-01
2.635000e-01 3.862408e-01
2.640000e-01 4.048390e-01
2.645000e-01 4.169366e-01
2.650000e-01 4.230022e-01
2.655000e-01 4.231554e-01
2.660000e-01 4.170192e-01
2.665000e-01 4.036147e-01
2.670000e-01 3.813130e-01
2.675000e-01 3.479424e-01
2.680000e-01 3.012926e-01
2.685000e-01 2.404813e-01
2.690000e-01 1.687919e-01
2.695000e-01 9.802666e-02
2.700000e-01 5.180461e-02
2.705000e-01 6.056059e-02
2.710000e-01 1.417779e-01
2.715000e-01 2.772865e-01
2.720000e-01 4.177680e-01
2.725000e-01 5.177398e-01
2.730000e-01 5.620842e-01
2.735000e-01 5.618168e-01
2.740000e-01 5.364288e-01
2.745000e-01 5.021760e-01
2.750000e-01 4.690884e-01
2.755000e-01 4.421993e-01
2.760000e-01 4.235311e-01
2.765000e-01 4.135925e-01
2.770000e-01 4.122495e-01
2.775000e-01 4.191283e-01
2.780000e-01 4.336894e-01
2.785000e-01 4.550043e-01
2.790000e-01 4.811382e-01
2.795000e-01 5.078895e-01
2.800000e-01 5.265590e-01
2.805000e-01 5.209238e-01
2.810000e-01 4.664813e-01
2.815000e-01 3.431613e-01
2.820000e-01 1.773514e-01
2.825000e-01 7.866769e-02
2.830000e-01 1.473066e-01
2.835000e-01 3.214161e-01
2.840000e-01 4.605153e-01
2.845000e-01 5.093755e-01
2.850000e-01 4.910668e-01
2.855000e-01 4.417937e-01
2.860000e-01 3.848822e-01
2.865000e-01 3.311822e-01
2.870000e-01 2.844739e-01
2.875000e-01 2.453117e-01
2.880000e-01 2.130116e-01
2.885000e-01 1.865429e-01
2.890000e-01 1.648867e-01
2.895000e-01 1.471574e-01
2.900000e-01 1.326274e-01
2.905000e-01 1.207151e-01
2.910000e-01 1.109626e-01
2.915000e-01 1.030126e-01
2.920000e-01 9.658949e-02
2.925000e-01 9.148344e-02
2.930000e-01 8.753876e-02
2.935000e-01 8.464556e-02
2.940000e-01 8.273443e-02
2.945000e-01 8.177383e-02
2.950000e-01 8.177036e-02
2.955000e-01 8.277205e-02
2.960000e-01 8.487557e-02
2.965000e-01 8.823866e-02
2.970000e-01 9.310019e-02
2.975000e-01 9.981174e-02
2.980000e-01 1.088873e-01
2.985000e-01 1.210818e-01
2.990000e-01 1.375163e-01
2.995000e-01 1.598765e-01
3.000000e-01 1.907126e-01
3.005000e-01 2.338258e-01
3.010000e-01 2.944011e-01
3.015000e-01 3.769194e-01
3.020000e-01 4.715852e-01
3.025000e-01 4.984831e-01
3.030000e-01 2.532766e-01
3.035000e-01 3.743659e-02
3.040000e-01 3.722491e-01
3.045000e-01 5.079541e-01
3.050000e-01 4.330803e-01
3.055000e-01 3.334675e-01
3.060000e-01 2.558081e-01
3.065000e-01 2.007312e-01
3.070000e-01 1.620463e-01
3.075000e-01 1.345206e-01
3.080000e-01 1.145832e-01
3.085000e-01 9.990060e-02
3.090000e-01 8.894829e-02
3.095000e-01 8.071644e-02
3.100000e-01 7.452516e-02
3.105000e-01 6.991012e-02
3.110000e-01 6.655132e-02
3.115000e-01 6.422848e-02
3.120000e-01 6.279283e-02
3.125000e-01 6.214937e-02
3.130000e-01 6.224631e-02
3.135000e-01 6.306956e-02
3.140000e-01 6.464158e-02
3.145000e-01 6.702454e-02
3.150000e-01 7.032902e-02
3.155000e-01 7.473128e-02
3.160000e-01 8.050779e-02
3.165000e-01 8.811382e-02
3.170000e-01 9.843820e-02
3.175000e-01 1.184177e-01
3.180000e-01 1.424291e-01
3.185000e-01 1.622251e-01
3.190000e-01 1.823176e-01
3.195000e-01 2.021049e-01
3.200000e-01 2.195192e-01
3.205000e-01 2.312626e-01
3.210000e-01 2.338261e-01
3.215000e-01 2.255788e-01
3.220000e-01 2.085350e-01
3.225000e-01 1.877116e-01
3.230000e-01 1.683832e-01
3.235000e-01 1.539293e-01
3.240000e-01 1.456144e-01
3.245000e-01 1.434194e-01
3.250000e-01 1.468574e-01
3.255000e-01 1.554340e-01
3.260000e-01 1.688298e-01
3.265000e-01 1.869360e-01
3.270000e-01 2.098250e-01
3.275000e-01 2.376854e-01
3.280000e-01 2.707184e-01
3.285000e-01 3.089694e-01
3.290000e-01 3.520508e-01
3.295000e-01 3.986972e-01
3.300000e-01 4.461116e-01
3.305000e-01 4.891675e-01
3.310000e-01 5.198526e-01
3.315000e-01 5.279802e-01
3.320000e-01 5.048505e-01
3.325000e-01 4.506824e-01
3.330000e-01 3.819424e-01
3.335000e-01 3.286321e-01
3.340000e-01 3.165614e-01
3.345000e-01 3.489252e-01
3.350000e-01 4.069482e-01
3.355000e-01 4.664448e-01
3.360000e-01 5.115182e-01
3.365000e-01 5.371345e-01
3.370000e-01 5.452507e-01
3.375000e-01 5.404724e-01
3.380000e-01 5.274748e-01
3.385000e-01 5.100007e-01
3.390000e-01 4.907140e-01
3.395000e-01 4.713806e-01
3.400000e-01 4.531173e-01
3.405000e-01 4.366114e-01
3.410000e-01 4.222880e-01
3.415000e-01 4.104315e-01
3.420000e-01 4.012742e-01
3.425000e-01 3.950650e-01
3.430000e-01 3.921283e-01
3.435000e-01 3.929174e-01
3.440000e-01 3.980597e-01
3.445000e-01 4.083712e-01
3.450000e-01 4.247764e-01
3.455000e-01 4.480057e-01
3.460000e-01 4.778905e-01
3.465000e-01 5.122681e-01
3.470000e-01 5.462649e-01
3.475000e-01 5.735564e-01
3.480000e-01 5.897675e-01
3.485000e-01 5.947547e-01
3.490000e-01 5.914632e-01
3.495000e-01 5.834945e-01
3.500000e-01 5.736888e-01
3.505000e-01 5.638061e-01
3.510000e-01 5.547163e-01
3.515000e-01 5.467117e-01
3.520000e-01 5.397710e-01
3.525000e-01 5.337340e-01
3.530000e-01 5.284004e-01
3.535000e-01 5.235797e-01
3.540000e-01 5.191110e-01
3.545000e-01 5.148688e-01
3.550000e-01 5.107609e-01
3.555000e-01 5.067226e-01
3.560000e-01 5.027117e-01
3.565000e-01 4.987020e-01
3.570000e-01 4.946789e-01
3.575000e-01 4.906355e-01
3.580000e-01 4.865692e-01
3.585000e-01 4.824799e-01
3.590000e-01 4.783682e-01
3.595000e-01 4.742346e-01
3.600000e-01 4.700785e-01
3.605000e-01 4.658983e-01
3.610000e-01 4.616912e-01
3.615000e-01 4.574532e-01
3.620000e-01 4.531797e-01
3.625000e-01 4.488652e-01
3.630000e-01 4.445042e-01
3.635000e-01 4.400910e-01
3.640000e-01 4.356207e-01
3.645000e-01 4.310885e-01
3.650000e-01 4.264909e-01
3.655000e-01 4.218253e-01
3.660000e-01 4.170906e-01
3.665000e-01 4.122869e-01
3.670000e-01 4.074158e-01
3.675000e-01 4.024805e-01
3.680000e-01 3.974856e-01
3.685000e-01 3.924372e-01
3.690000e-01 3.873427e-01
3.695000e-01 3.822110e-01
3.700000e-01 3.770517e-01
3.705000e-01 3.718759e-01
3.710000e-01 3.666951e-01
3.715000e-01 3.615218e-01
3.720000e-01 3.563688e-01
3.725000e-01 3.512493e-01
3.730000e-01 3.461769e-01
3.735000e-01 3.411649e-01
3.740000e-01 3.362271e-01
3.745000e-01 3.313766e-01
3.750000e-01 3.266267e-01
3.755000e-01 3.219903e-01
3.760000e-01 3.174798e-01
3.765000e-01 3.131075e-01
3.770000e-01 3.088851e-01
3.775000e-01 3.048241e-01
3.780000e-01 3.009356e-01
3.785000e-01 2.972304e-01
3.790000e-01 2.937192e-01
3.795000e-01 2.904124e-01
3.800000e-01 2.873204e-01
3.805000e-01 2.844538e-01
3.810000e-01 2.818234e-01
3.815000e-01 2.794402e-01
3.820000e-01 2.773161e-01
3.825000e-01 2.754639e-01
3.830000e-01 2.738972e-01
3.835000e-01 2.726315e-01
3.840000e-01 2.716841e-01
3.845000e-01 2.710746e-01
3.850000e-01 2.708258e-01
3.855000e-01 2.709642e-01
3.860000e-01 2.715212e-01
3.865000e-01 2.725340e-01
3.870000e-01 2.740472e-01
3.875000e-01 2.761147e-01
3.880000e-01 2.788023e-01
3.885000e-01 2.821906e-01
3.890000e-01 2.863791e-01
3.895000e-01 2.914919e-01
3.900000e-01 2.976851e-01
3.905000e-01 3.051560e-01
3.910000e-01 3.141568e-01
3.915000e-01 3.250118e-01
3.920000e-01 3.381415e-01
3.925000e-01 3.540941e-01
3.930000e-01 3.735856e-01
3.935000e-01 3.975472e-01
3.940000e-01 4.271696e-01
3.945000e-01 4.639045e-01
3.950000e-01 5.093158e-01
3.955000e-01 5.644688e-01
3.960000e-01 6.280616e-01
3.965000e-01 6.914690e-01
3.970000e-01 7.279885e-01
3.975000e-01 6.806480e-01
3.980000e-01 4.954033e-01
3.985000e-01 2.798499e-01
3.990000e-01 3.074235e-01
3.995000e-01 5.421488e-01
4.000000e-01 7.175341e-01
4.005000e-01 7.639342e-01
4.010000e-01 7.375653e-01
4.015000e-01 6.879411e-01
4.020000e-01 6.378691e-01
4.025000e-01 5.949727e-01
4.030000e-01 5.606341e-01
4.035000e-01 5.341145e-01
4.040000e-01 5.141551e-01
4.045000e-01 4.995292e-01
4.050000e-01 4.891970e-01
4.055000e-01 4.823188e-01
4.060000e-01 4.782273e-01
4.065000e-01 4.763904e-01
4.070000e-01 4.763786e-01
4.075000e-01 4.778378e-01
4.080000e-01 4.804682e-01
4.085000e-01 4.840091e-01
4.090000e-01 4.882268e-01
4.095000e-01 4.929068e-01
4.100000e-01 4.978486e-01
4.105000e-01 5.028636e-01
4.110000e-01 5.077753e-01
4.115000e-01 5.124214e-01
4.120000e-01 5.166581e-01
4.125000e-01 5.203660e-01
4.130000e-01 5.234558e-01
4.135000e-01 5.258738e-01
4.140000e-01 5.276046e-01
4.145000e-01 5.286708e-01
4.150000e-01 5.291273e-01
4.155000e-01 5.290516e-01
4.160000e-01 5.285290e-01
4.165000e-01 5.276368e-01
4.170000e-01 5.264297e-01
4.175000e-01 5.249294e-01
4.180000e-01 5.231224e-01
4.185000e-01 5.209645e-01
4.190000e-01 5.183926e-01
4.195000e-01 5.153401e-01
4.200000e-01 5.117516e-01
4.205000e-01 5.075957e-01
4.210000e-01 5.028704e-01
4.215000e-01 4.976046e-01
4.220000e-01 4.918523e-01
4.225000e-01 4.856858e-01
4.230000e-01 4.791850e-01
4.235000e-01 4.724295e-01
4.240000e-01 4.654906e-01
4.245000e-01 4.584264e-01
4.250000e-01 4.512799e-01
4.255000e-01 4.440781e-01
4.260000e-01 4.368346e-01
4.265000e-01 4.295519e-01
4.270000e-01 4.222257e-01
4.275000e-01 4.148481e-01
4.280000e-01 4.074117e-01
4.285000e-01 3.999121e-01
4.290000e-01 3.923502e-01
4.295000e-01 3.847335e-01
4.300000e-01 3.770767e-01
4.305000e-01 3.694016e-01
4.310000e-01 3.617363e-01
4.315000e-01 3.541141e-01
4.320000e-01 3.465730e-01
4.325000e-01 3.391537e-01
4.330000e-01 3.318995e-01
4.335000e-01 3.248547e-01
4.340000e-01 3.180648e-01
4.345000e-01 3.115761e-01
4.350000e-01 3.054359e-01
4.355000e-01 2.996928e-01
4.360000e-01 2.943977e-01
4.365000e-01 2.896045e-01
4.370000e-01 2.853713e-01
4.375000e-01 2.817609e-01
4.380000e-01 2.788418e-01
4.385000e-01 2.766873e-01
4.390000e-01 2.753740e-01
4.395000e-01 2.749772e-01
4.400000e-01 2.755634e-01
4.405000e-01 2.771773e-01
4.410000e-01 2.798247e-01
4.415000e-01 2.834506e-01
4.420000e-01 2.879172e-01
4.425000e-01 2.929907e-01
4.430000e-01 2.983452e-01
4.435000e-01 3.035945e-01
4.440000e-01 3.083496e-01
4.445000e-01 3.122901e-01
4.450000e-01 3.152238e-01
4.455000e-01 3.171139e-01
4.460000e-01 3.180676e-01
4.465000e-01 3.182951e-01
4.470000e-01 3.180588e-01
4.475000e-01 3.176285e-01
4.480000e-01 3.172521e-01
4.485000e-01 3.171404e-01
4.490000e-01 3.174637e-01
4.495000e-01 3.183558e-01
4.500000e-01 3.199200e-01
4.505000e-01 3.222359e-01
4.510000e-01 3.253654e-01
4.515000e-01 3.293564e-01
4.520000e-01 3.342455e-01
4.525000e-01 3.400579e-01
4.530000e-01 3.468058e-01
4.535000e-01 3.544847e-01
4.540000e-01 3.630667e-01
4.545000e-01 3.724928e-01
4.550000e-01 3.826618e-01
4.555000e-01 3.934189e-01
4.560000e-01 4.045429e-01
4.565000e-01 4.157365e-01
4.570000e-01 4.266217e-01
4.575000e-01 4.367426e-01
4.580000e-01 4.455818e-01
4.585000e-01 4.525864e-01
4.590000e-01 4.572045e-01
4.595000e-01 4.589269e-01
4.600000e-01 4.573337e-01
4.605000e-01 4.521488e-01
4.610000e-01 4.433000e-01
4.615000e-01 4.309721e-01
4.620000e-01 4.156251e-01
4.625000e-01 3.979559e-01
4.630000e-01 3.788061e-01
4.635000e-01 3.590448e-01
4.640000e-01 3.394627e-01
4.645000e-01 3.207028e-01
4.650000e-01 3.032339e-01
4.655000e-01 2.873573e-01
4.660000e-01 2.732335e-01
4.665000e-01 2.609160e-01
4.670000e-01 2.503844e-01
4.675000e-01 2.415711e-01
4.680000e-01 2.343832e-01
4.685000e-01 2.287168e-01
4.690000e-01 2.244669e-01
4.695000e-01 2.215336e-01
4.700000e-01 2.198253e-01
4.705000e-01 2.192601e-01
4.710000e-01 2.197656e-01
4.715000e-01 2.212786e-01
4.720000e-01 2.237433e-01
4.725000e-01 2.271099e-01
4.730000e-01 2.313324e-01
4.735000e-01 2.363665e-01
4.740000e-01 2.421671e-01
4.745000e-01 2.486857e-01
4.750000e-01 2.558683e-01
4.755000e-01 2.636518e-01
4.760000e-01 2.719624e-01
4.765000e-01 2.807126e-01
4.770000e-01 2.897993e-01
4.775000e-01 2.991025e-01
4.780000e-01 3.084847e-01
4.785000e-01 3.177917e-01
4.790000e-01 3.268540e-01
4.795000e-01 3.354906e-01
4.800000e-01 3.435136e-01
4.805000e-01 3.507340e-01
4.810000e-01 3.569684e-01
4.815000e-01 3.620462e-01
4.820000e-01 3.658162e-01
4.825000e-01 3.681533e-01
4.830000e-01 3.689633e-01
4.835000e-01 3.681883e-01
4.840000e-01 3.658109e-01
4.845000e-01 3.618567e-01
4.850000e-01 3.563964e-01
4.855000e-01 3.495441e-01
4.860000e-01 3.414517e-01
4.865000e-01 3.322981e-01
4.870000e-01 3.222697e-01
4.875000e-01 3.115247e-01
4.880000e-01 3.000856e-01
4.885000e-01 2.859311e-01
4.890000e-01 2.804977e-01
4.895000e-01 2.736977e-01
4.900000e-01 2.668873e-01
4.905000e-01 2.602422e-01
4.910000e-01 2.538571e-01
4.915000e-01 2.477997e-01
4.920000e-01 2.421228e-01
4.925000e-01 2.368695e-01
4.930000e-01 2.320760e-01
4.935000e-01 2.277738e-01
4.940000e-01 2.239920e-01
4.945000e-01 2.207594e-01
4.950000e-01 2.181067e-01
4.955000e-01 2.160688e-01
4.960000e-01 2.146875e-01
4.965000e-01 2.140136e-01
4.970000e-01 2.141106e-01
4.975000e-01 2.150578e-01
4.980000e-01 2.169540e-01
4.985000e-01 2.199224e-01
4.990000e-01 2.241154e-01
4.995000e-01 2.297207e-01
