0.000000e+00 1.392375e+01
6.000000e-02 1.399215e+01
1.200000e-01 1.396081e+01
1.800000e-01 1.385912e+01
2.400000e-01 1.364494e+01
3.000000e-01 1.336504e+01
3.600000e-01 1.309951e+01
4.200000e-01 1.281129e+01
4.800000e-01 1.249195e+01
5.400000e-01 1.218504e+01
6.000000e-01 1.190715e+01
6.600000e-01 1.168209e+01
7.200000e-01 1.153231e+01
7.800000e-01 1.141471e+01
8.400000e-01 1.125076e+01
9.000000e-01 1.099783e+01
9.600000e-01 1.057398e+01
1.020000e+00 1.008857e+01
1.080000e+00 9.775426e+00
1.140000e+00 9.511842e+00
1.200000e+00 9.078992e+00
1.260000e+00 8.647317e+00
1.320000e+00 8.355295e+00
1.380000e+00 8.282848e+00
1.440000e+00 8.325701e+00
1.500000e+00 8.314575e+00
1.560000e+00 7.928287e+00
1.620000e+00 7.311000e+00
1.680000e+00 7.144171e+00
1.740000e+00 6.961014e+00
1.800000e+00 6.739286e+00
1.860000e+00 6.624174e+00
1.920000e+00 6.429672e+00
1.980000e+00 6.198158e+00
2.040000e+00 5.610041e+00
2.100000e+00 5.721530e+00
2.160000e+00 5.640132e+00
2.220000e+00 5.444663e+00
2.280000e+00 5.171019e+00
2.340000e+00 5.223331e+00
2.400000e+00 5.098377e+00
2.460000e+00 4.822072e+00
2.520000e+00 4.699862e+00
2.580000e+00 4.839923e+00
2.640000e+00 4.016001e+00
2.700000e+00 4.438297e+00
2.760000e+00 4.100764e+00
2.820000e+00 3.752423e+00
2.880000e+00 3.582943e+00
2.940000e+00 3.493733e+00
3.000000e+00 3.569880e+00
3.060000e+00 3.071321e+00
3.120000e+00 3.264349e+00
3.180000e+00 2.891977e+00
3.240000e+00 2.855774e+00
3.300000e+00 2.482177e+00
3.360000e+00 2.996545e+00
3.420000e+00 2.383738e+00
3.480000e+00 2.685780e+00
3.540000e+00 2.598978e+00
3.600000e+00 2.714179e+00
3.660000e+00 2.900664e+00
3.720000e+00 2.624963e+00
3.780000e+00 2.060051e+00
3.840000e+00 2.777593e+00
3.900000e+00 2.337761e+00
3.960000e+00 2.325778e+00
4.020000e+00 1.799458e+00
4.080000e+00 1.776747e+00
4.140000e+00 2.204114e+00
4.200000e+00 2.070604e+00
4.260000e+00 1.783646e+00
4.320000e+00 1.744498e+00
4.380000e+00 1.711512e+00
4.440000e+00 1.251516e+00
4.500000e+00 1.487720e+00
4.560000e+00 1.003497e+00
4.620000e+00 1.627234e+00
4.680000e+00 1.502534e+00
4.740000e+00 1.328200e+00
4.800000e+00 1.378211e+00
4.860000e+00 4.383498e-01
4.920000e+00 1.207046e+00
4.980000e+00 1.393982e+00
5.040000e+00 1.133900e+00
5.100000e+00 9.657468e-01
5.160000e+00 6.701917e-01
5.220000e+00 8.297772e-01
5.280000e+00 6.273884e-01
5.340000e+00 8.442671e-01
5.400000e+00 7.223830e-01
5.460000e+00 8.785600e-01
5.520000e+00 1.053322e+00
5.580000e+00 7.680293e-01
5.640000e+00 4.644225e-01
5.700000e+00 4.676208e-01
5.760000e+00 2.527655e-01
5.820000e+00 8.996020e-01
5.880000e+00 8.339294e-01
5.940000e+00 4.667586e-01
