0.000000e+00 1.392375e+01
6.000000e-02 1.390189e+01
1.200000e-01 1.381867e+01
1.800000e-01 1.372239e+01
2.400000e-01 1.347059e+01
3.000000e-01 1.316374e+01
3.600000e-01 1.297227e+01
4.200000e-01 1.288404e+01
4.800000e-01 1.278295e+01
5.400000e-01 1.256280e+01
6.000000e-01 1.227406e+01
6.600000e-01 1.202257e+01
7.200000e-01 1.176540e+01
7.800000e-01 1.147642e+01
8.400000e-01 1.124674e+01
9.000000e-01 1.087613e+01
9.600000e-01 1.035129e+01
1.020000e+00 1.008526e+01
1.080000e+00 9.966009e+00
1.140000e+00 9.677724e+00
1.200000e+00 9.400290e+00
1.260000e+00 9.048954e+00
1.320000e+00 8.822037e+00
1.380000e+00 8.639041e+00
1.440000e+00 8.177748e+00
1.500000e+00 7.855471e+00
1.560000e+00 7.565823e+00
1.620000e+00 7.527690e+00
1.680000e+00 7.132801e+00
1.740000e+00 6.860275e+00
1.800000e+00 6.791830e+00
1.860000e+00 6.348436e+00
1.920000e+00 6.281570e+00
1.980000e+00 6.314609e+00
2.040000e+00 6.097147e+00
2.100000e+00 5.765077e+00
2.160000e+00 5.367772e+00
2.220000e+00 5.399982e+00
2.280000e+00 5.068519e+00
2.340000e+00 4.677920e+00
2.400000e+00 4.706447e+00
2.460000e+00 4.743734e+00
2.520000e+00 4.954696e+00
2.580000e+00 4.601719e+00
2.640000e+00 4.464151e+00
2.700000e+00 4.010669e+00
2.760000e+00 3.609747e+00
2.820000e+00 3.489676e+00
2.880000e+00 3.828686e+00
2.940000e+00 3.379361e+00
3.000000e+00 3.565805e+00
3.060000e+00 3.063846e+00
3.120000e+00 3.072257e+00
3.180000e+00 2.933223e+00
3.240000e+00 2.717951e+00
3.300000e+00 2.424149e+00
3.360000e+00 2.772161e+00
3.420000e+00 2.110891e+00
3.480000e+00 2.548972e+00
3.540000e+00 2.410073e+00
3.600000e+00 1.961777e+00
3.660000e+00 2.041592e+00
3.720000e+00 1.685612e+00
3.780000e+00 1.887969e+00
3.840000e+00 2.015684e+00
3.900000e+00 1.448631e+00
3.960000e+00 8.888089e-01
4.020000e+00 1.549215e+00
4.080000e+00 1.166739e+00
4.140000e+00 1.575801e+00
4.200000e+00 1.336198e+00
4.260000e+00 1.434000e+00
4.320000e+00 1.010000e+00
4.380000e+00 8.989173e-01
4.440000e+00 1.051994e+00
4.500000e+00 1.361154e+00
4.560000e+00 3.878170e-01
4.620000e+00 8.080775e-01
4.680000e+00 1.255062e+00
4.740000e+00 6.297481e-01
4.800000e+00 1.112435e+00
4.860000e+00 1.173830e+00
4.920000e+00 1.304805e+00
4.980000e+00 1.536465e+00
5.040000e+00 5.562292e-01
5.100000e+00 4.442871e-01
5.160000e+00 7.926808e-01
5.220000e+00 1.028412e+00
5.280000e+00 6.077163e-01
5.340000e+00 5.831324e-01
5.400000e+00 3.129935e-01
5.460000e+00 6.824825e-01
5.520000e+00 2.973051e-01
5.580000e+00 7.010297e-01
5.640000e+00 3.882233e-01
5.700000e+00 2.874424e-01
5.760000e+00 6.088799e-01
5.820000e+00 6.011275e-01
5.880000e+00 7.014556e-02
5.940000e+00 1.581381e-01
