0.000000e+00 1.392375e+01
6.000000e-02 1.389253e+01
1.200000e-01 1.389597e+01
1.800000e-01 1.366948e+01
2.400000e-01 1.343012e+01
3.000000e-01 1.311137e+01
3.600000e-01 1.283940e+01
4.200000e-01 1.252770e+01
4.800000e-01 1.221972e+01
5.400000e-01 1.193660e+01
6.000000e-01 1.170944e+01
6.600000e-01 1.153196e+01
7.200000e-01 1.136858e+01
7.800000e-01 1.124270e+01
8.400000e-01 1.103187e+01
9.000000e-01 1.087958e+01
9.600000e-01 1.074161e+01
1.020000e+00 1.037644e+01
1.080000e+00 9.958267e+00
1.140000e+00 9.616563e+00
1.200000e+00 9.337062e+00
1.260000e+00 9.133698e+00
1.320000e+00 8.804787e+00
1.380000e+00 8.359745e+00
1.440000e+00 7.978452e+00
1.500000e+00 7.764294e+00
1.560000e+00 8.011835e+00
1.620000e+00 7.945450e+00
1.680000e+00 7.472103e+00
1.740000e+00 7.247447e+00
1.800000e+00 6.932123e+00
1.860000e+00 6.778190e+00
1.920000e+00 6.467706e+00
1.980000e+00 5.985302e+00
2.040000e+00 5.788211e+00
2.100000e+00 5.494293e+00
2.160000e+00 5.338279e+00
2.220000e+00 5.026641e+00
2.280000e+00 4.907260e+00
2.340000e+00 4.667266e+00
2.400000e+00 4.928267e+00
2.460000e+00 5.223034e+00
2.520000e+00 4.623533e+00
2.580000e+00 4.760690e+00
2.640000e+00 4.663286e+00
2.700000e+00 4.069444e+00
2.760000e+00 3.902825e+00
2.820000e+00 3.630508e+00
2.880000e+00 4.040621e+00
2.940000e+00 3.843853e+00
3.000000e+00 3.534965e+00
3.060000e+00 3.375475e+00
3.120000e+00 3.679808e+00
3.180000e+00 3.462894e+00
3.240000e+00 3.429056e+00
3.300000e+00 3.017717e+00
3.360000e+00 3.359800e+00
3.420000e+00 3.078638e+00
3.480000e+00 3.297539e+00
3.540000e+00 3.298065e+00
3.600000e+00 3.087688e+00
3.660000e+00 2.817854e+00
3.720000e+00 2.802014e+00
3.780000e+00 2.434939e+00
3.840000e+00 2.620032e+00
3.900000e+00 2.350599e+00
3.960000e+00 2.589111e+00
4.020000e+00 2.429953e+00
4.080000e+00 2.281295e+00
4.140000e+00 2.523042e+00
4.200000e+00 2.474750e+00
4.260000e+00 2.335129e+00
4.320000e+00 2.377120e+00
4.380000e+00 2.423533e+00
4.440000e+00 2.126223e+00
4.500000e+00 1.684029e+00
4.560000e+00 2.035280e+00
4.620000e+00 1.583402e+00
4.680000e+00 1.728839e+00
4.740000e+00 1.338142e+00
4.800000e+00 1.138284e+00
4.860000e+00 1.329209e+00
4.920000e+00 1.616607e+00
4.980000e+00 1.406583e+00
5.040000e+00 1.125266e+00
5.100000e+00 1.302448e+00
5.160000e+00 1.386419e+00
5.220000e+00 1.356442e+00
5.280000e+00 1.133126e+00
5.340000e+00 1.189661e+00
5.400000e+00 1.331802e+00
5.460000e+00 1.359067e+00
5.520000e+00 7.910624e-01
5.580000e+00 1.257851e+00
5.640000e+00 1.280117e+00
5.700000e+00 1.504052e+00
5.760000e+00 1.185486e+00
5.820000e+00 1.123222e+00
5.880000e+00 1.192278e+00
5.940000e+00 1.212405e+00
