0.000000e+00 1.392375e+01
6.000000e-02 1.356435e+01
1.200000e-01 1.320947e+01
1.800000e-01 1.291944e+01
2.400000e-01 1.283006e+01
3.000000e-01 1.278444e+01
3.600000e-01 1.275077e+01
4.200000e-01 1.250635e+01
4.800000e-01 1.226911e+01
5.400000e-01 1.227367e+01
6.000000e-01 1.235201e+01
6.600000e-01 1.222187e+01
7.200000e-01 1.191900e+01
7.800000e-01 1.173355e+01
8.400000e-01 1.136394e+01
9.000000e-01 1.094378e+01
9.600000e-01 1.059526e+01
1.020000e+00 1.022827e+01
1.080000e+00 9.849665e+00
1.140000e+00 9.323401e+00
1.200000e+00 8.874575e+00
1.260000e+00 8.799108e+00
1.320000e+00 8.688796e+00
1.380000e+00 8.326761e+00
1.440000e+00 7.976486e+00
1.500000e+00 7.846934e+00
1.560000e+00 7.679723e+00
1.620000e+00 7.408044e+00
1.680000e+00 7.356783e+00
1.740000e+00 7.470557e+00
1.800000e+00 7.185717e+00
1.860000e+00 6.654056e+00
1.920000e+00 6.301282e+00
1.980000e+00 5.916951e+00
2.040000e+00 5.882170e+00
2.100000e+00 5.676776e+00
2.160000e+00 5.521121e+00
2.220000e+00 4.998151e+00
2.280000e+00 4.970418e+00
2.340000e+00 5.144573e+00
2.400000e+00 4.982313e+00
2.460000e+00 4.671148e+00
2.520000e+00 4.458782e+00
2.580000e+00 4.145815e+00
2.640000e+00 3.998638e+00
2.700000e+00 3.560497e+00
2.760000e+00 3.675855e+00
2.820000e+00 3.566511e+00
2.880000e+00 3.472660e+00
2.940000e+00 3.790441e+00
3.000000e+00 3.535397e+00
3.060000e+00 3.270357e+00
3.120000e+00 3.445500e+00
3.180000e+00 2.833535e+00
3.240000e+00 3.030392e+00
3.300000e+00 2.870881e+00
3.360000e+00 2.889623e+00
3.420000e+00 2.612689e+00
3.480000e+00 1.994330e+00
3.540000e+00 2.680834e+00
3.600000e+00 2.412050e+00
3.660000e+00 2.534686e+00
3.720000e+00 2.492980e+00
3.780000e+00 1.884288e+00
3.840000e+00 2.173150e+00
3.900000e+00 2.389956e+00
3.960000e+00 1.827325e+00
4.020000e+00 1.630466e+00
4.080000e+00 1.525224e+00
4.140000e+00 2.198995e+00
4.200000e+00 1.826853e+00
4.260000e+00 1.398439e+00
4.320000e+00 1.671912e+00
4.380000e+00 1.373295e+00
4.440000e+00 1.432897e+00
4.500000e+00 1.103128e+00
4.560000e+00 1.294763e+00
4.620000e+00 8.666424e-01
4.680000e+00 9.294800e-01
4.740000e+00 1.087932e+00
4.800000e+00 1.340309e+00
4.860000e+00 1.167886e+00
4.920000e+00 9.306648e-01
4.980000e+00 9.584699e-01
5.040000e+00 6.479700e-01
5.100000e+00 1.268593e+00
5.160000e+00 9.069257e-01
5.220000e+00 9.357978e-01
5.280000e+00 5.903771e-01
5.340000e+00 4.997983e-01
5.400000e+00 7.988827e-01
5.460000e+00 1.170817e+00
5.520000e+00 1.058415e+00
5.580000e+00 1.992515e-01
5.640000e+00 4.991823e-01
5.700000e+00 8.671409e-01
5.760000e+00 6.181799e-01
5.820000e+00 8.339312e-01
5.880000e+00 7.538853e-01
5.940000e+00 5.284011e-01
