0.000000e+00 1.392375e+01
6.000000e-02 1.390371e+01
1.200000e-01 1.382040e+01
1.800000e-01 1.356392e+01
2.400000e-01 1.331526e+01
3.000000e-01 1.322033e+01
3.600000e-01 1.301750e+01
4.200000e-01 1.271954e+01
4.800000e-01 1.244332e+01
5.400000e-01 1.220442e+01
6.000000e-01 1.206760e+01
6.600000e-01 1.190472e+01
7.200000e-01 1.165782e+01
7.800000e-01 1.143881e+01
8.400000e-01 1.116450e+01
9.000000e-01 1.086665e+01
9.600000e-01 1.051173e+01
1.020000e+00 1.007198e+01
1.080000e+00 9.657051e+00
1.140000e+00 9.463908e+00
1.200000e+00 9.381198e+00
1.260000e+00 9.336999e+00
1.320000e+00 9.120368e+00
1.380000e+00 8.790869e+00
1.440000e+00 8.659469e+00
1.500000e+00 8.156684e+00
1.560000e+00 7.956046e+00
1.620000e+00 7.843301e+00
1.680000e+00 7.765000e+00
1.740000e+00 7.406943e+00
1.800000e+00 7.282189e+00
1.860000e+00 6.904626e+00
1.920000e+00 6.434998e+00
1.980000e+00 6.189241e+00
2.040000e+00 6.193546e+00
2.100000e+00 5.404629e+00
2.160000e+00 5.161699e+00
2.220000e+00 4.890075e+00
2.280000e+00 5.468804e+00
2.340000e+00 5.116185e+00
2.400000e+00 5.004614e+00
2.460000e+00 4.133361e+00
2.520000e+00 3.990712e+00
2.580000e+00 3.776824e+00
2.640000e+00 4.222434e+00
2.700000e+00 3.666438e+00
2.760000e+00 3.651890e+00
2.820000e+00 3.257626e+00
2.880000e+00 3.316318e+00
2.940000e+00 3.019162e+00
3.000000e+00 2.682454e+00
3.060000e+00 2.312347e+00
3.120000e+00 2.532881e+00
3.180000e+00 2.781350e+00
3.240000e+00 2.633823e+00
3.300000e+00 2.676321e+00
3.360000e+00 2.559540e+00
3.420000e+00 2.443975e+00
3.480000e+00 3.149367e+00
3.540000e+00 2.517284e+00
3.600000e+00 2.529290e+00
3.660000e+00 2.135206e+00
3.720000e+00 2.201139e+00
3.780000e+00 2.318932e+00
3.840000e+00 1.848201e+00
3.900000e+00 1.548085e+00
3.960000e+00 1.693919e+00
4.020000e+00 1.702191e+00
4.080000e+00 1.452225e+00
4.140000e+00 1.572188e+00
4.200000e+00 2.193240e+00
4.260000e+00 1.241142e+00
4.320000e+00 1.187911e+00
4.380000e+00 1.651082e+00
4.440000e+00 1.449259e+00
4.500000e+00 1.577009e+00
4.560000e+00 1.356130e+00
4.620000e+00 1.597955e+00
4.680000e+00 1.503679e+00
4.740000e+00 1.126889e+00
4.800000e+00 1.481456e+00
4.860000e+00 1.170348e+00
4.920000e+00 1.109301e+00
4.980000e+00 4.043676e-01
5.040000e+00 1.181262e+00
5.100000e+00 9.903891e-01
5.160000e+00 1.163620e+00
5.220000e+00 1.209053e+00
5.280000e+00 9.920252e-01
5.340000e+00 9.609763e-01
5.400000e+00 1.149436e+00
5.460000e+00 8.541887e-01
5.520000e+00 2.799197e-01
5.580000e+00 2.566781e-01
5.640000e+00 5.699580e-01
5.700000e+00 9.769100e-02
5.760000e+00 3.819235e-01
5.820000e+00 5.759840e-01
5.880000e+00 5.469118e-01
5.940000e+00 2.103923e-01
