0.000000e+00 1.392375e+01
6.000000e-02 1.366748e+01
1.200000e-01 1.337653e+01
1.800000e-01 1.307265e+01
2.400000e-01 1.294866e+01
3.000000e-01 1.305280e+01
3.600000e-01 1.318065e+01
4.200000e-01 1.311419e+01
4.800000e-01 1.286794e+01
5.400000e-01 1.252978e+01
6.000000e-01 1.213957e+01
6.600000e-01 1.178288e+01
7.200000e-01 1.139345e+01
7.800000e-01 1.089007e+01
8.400000e-01 1.052307e+01
9.000000e-01 1.041374e+01
9.600000e-01 1.027602e+01
1.020000e+00 1.020281e+01
1.080000e+00 1.008481e+01
1.140000e+00 9.570027e+00
1.200000e+00 9.194361e+00
1.260000e+00 8.857860e+00
1.320000e+00 8.510573e+00
1.380000e+00 8.195112e+00
1.440000e+00 8.009572e+00
1.500000e+00 7.885313e+00
1.560000e+00 7.803979e+00
1.620000e+00 7.361977e+00
1.680000e+00 6.965460e+00
1.740000e+00 6.548064e+00
1.800000e+00 6.370407e+00
1.860000e+00 6.377748e+00
1.920000e+00 6.150444e+00
1.980000e+00 6.124190e+00
2.040000e+00 5.691737e+00
2.100000e+00 5.369306e+00
2.160000e+00 5.246301e+00
2.220000e+00 5.002308e+00
2.280000e+00 5.054119e+00
2.340000e+00 4.993637e+00
2.400000e+00 4.920819e+00
2.460000e+00 4.945573e+00
2.520000e+00 4.578338e+00
2.580000e+00 3.785043e+00
2.640000e+00 4.072293e+00
2.700000e+00 3.804107e+00
2.760000e+00 3.610839e+00
2.820000e+00 3.422607e+00
2.880000e+00 3.481038e+00
2.940000e+00 3.290156e+00
3.000000e+00 3.695981e+00
3.060000e+00 3.175595e+00
3.120000e+00 2.768315e+00
3.180000e+00 3.324140e+00
3.240000e+00 3.153367e+00
3.300000e+00 3.407020e+00
3.360000e+00 2.737762e+00
3.420000e+00 2.911461e+00
3.480000e+00 2.654915e+00
3.540000e+00 2.286943e+00
3.600000e+00 2.629511e+00
3.660000e+00 2.846402e+00
3.720000e+00 2.750426e+00
3.780000e+00 2.278116e+00
3.840000e+00 2.245132e+00
3.900000e+00 2.392406e+00
3.960000e+00 1.909741e+00
4.020000e+00 2.343102e+00
4.080000e+00 2.505180e+00
4.140000e+00 1.653795e+00
4.200000e+00 1.823706e+00
4.260000e+00 1.535402e+00
4.320000e+00 1.168718e+00
4.380000e+00 1.252460e+00
4.440000e+00 1.264312e+00
4.500000e+00 1.343955e+00
4.560000e+00 1.230446e+00
4.620000e+00 1.278246e+00
4.680000e+00 9.490253e-01
4.740000e+00 1.093030e+00
4.800000e+00 1.386084e+00
4.860000e+00 9.771843e-01
4.920000e+00 9.313059e-01
4.980000e+00 1.235480e+00
5.040000e+00 1.079716e+00
5.100000e+00 1.064816e+00
5.160000e+00 5.053941e-01
5.220000e+00 7.032600e-01
5.280000e+00 1.204895e+00
5.340000e+00 1.077950e+00
5.400000e+00 6.728237e-01
5.460000e+00 8.700848e-01
5.520000e+00 7.553095e-01
5.580000e+00 7.689389e-01
5.640000e+00 1.116014e+00
5.700000e+00 9.994623e-01
5.760000e+00 9.312789e-01
5.820000e+00 7.019108e-01
5.880000e+00 3.657974e-01
5.940000e+00 3.773025e-01
