-5.000000e-02 5.427522e-01
-4.990000e-02 5.529264e-01
-4.980000e-02 5.623309e-01
-4.970000e-02 5.710231e-01
-4.960000e-02 5.790770e-01
-4.950000e-02 5.865777e-01
-4.940000e-02 5.936169e-01
-4.930000e-02 6.002897e-01
-4.920000e-02 6.066920e-01
-4.910000e-02 6.129183e-01
-4.900000e-02 6.190608e-01
-4.890000e-02 6.252083e-01
-4.880000e-02 6.314454e-01
-4.870000e-02 6.378520e-01
-4.860000e-02 6.445032e-01
-4.850000e-02 6.514684e-01
-4.840000e-02 6.588113e-01
-4.830000e-02 6.665888e-01
-4.820000e-02 6.748505e-01
-4.810000e-02 6.836378e-01
-4.800000e-02 6.929822e-01
-4.790000e-02 7.029043e-01
-4.780000e-02 7.134119e-01
-4.770000e-02 7.244982e-01
-4.760000e-02 7.361400e-01
-4.750000e-02 7.482963e-01
-4.740000e-02 7.609075e-01
-4.730000e-02 7.738957e-01
-4.720000e-02 7.871674e-01
-4.710000e-02 8.006186e-01
-4.700000e-02 8.141448e-01
-4.690000e-02 8.276555e-01
-4.680000e-02 8.410943e-01
-4.670000e-02 8.544642e-01
-4.660000e-02 8.678547e-01
-4.650000e-02 8.814640e-01
-4.640000e-02 8.956080e-01
-4.630000e-02 9.107010e-01
-4.620000e-02 9.271996e-01
-4.610000e-02 9.455040e-01
-4.600000e-02 9.658323e-01
-4.590000e-02 9.880985e-01
-4.580000e-02 1.011842e+00
-4.570000e-02 1.036247e+00
-4.560000e-02 1.060264e+00
-4.550000e-02 1.082800e+00
-4.540000e-02 1.102916e+00
-4.530000e-02 1.119968e+00
-4.520000e-02 1.133658e+00
-4.510000e-02 1.143996e+00
-4.500000e-02 1.151205e+00
-4.490000e-02 1.155613e+00
-4.480000e-02 1.157550e+00
-4.470000e-02 1.157287e+00
-4.460000e-02 1.154998e+00
-4.450000e-02 1.150754e+00
-4.440000e-02 1.144534e+00
-4.430000e-02 1.136251e+00
-4.420000e-02 1.125774e+00
-4.410000e-02 1.112959e+00
-4.400000e-02 1.097676e+00
-4.390000e-02 1.079830e+00
-4.380000e-02 1.059384e+00
-4.370000e-02 1.036377e+00
-4.360000e-02 1.010937e+00
-4.350000e-02 9.832951e-01
-4.340000e-02 9.537886e-01
-4.330000e-02 9.228660e-01
-4.320000e-02 8.910825e-01
-4.310000e-02 8.590900e-01
-4.300000e-02 8.276206e-01
-4.290000e-02 7.974622e-01
-4.280000e-02 7.694284e-01
-4.270000e-02 7.443209e-01
-4.260000e-02 7.228904e-01
-4.250000e-02 7.057936e-01
-4.240000e-02 6.935544e-01
-4.230000e-02 6.865295e-01
-4.220000e-02 6.848832e-01
-4.210000e-02 6.885738e-01
-4.200000e-02 6.973545e-01
-4.190000e-02 7.107876e-01
-4.180000e-02 7.282720e-01
-4.170000e-02 7.490816e-01
-4.160000e-02 7.724105e-01
-4.150000e-02 7.974203e-01
-4.140000e-02 8.232873e-01
-4.130000e-02 8.492422e-01
-4.120000e-02 8.746038e-01
-4.110000e-02 8.988006e-01
-4.100000e-02 9.213844e-01
-4.090000e-02 9.420322e-01
-4.080000e-02 9.605418e-01
-4.070000e-02 9.768207e-01
-4.060000e-02 9.908710e-01
-4.050000e-02 1.002774e+00
-4.040000e-02 1.012672e+00
-4.030000e-02 1.020753e+00
-4.020000e-02 1.027240e+00
-4.010000e-02 1.032369e+00
-4.000000e-02 1.036383e+00
-3.990000e-02 1.039519e+00
-3.980000e-02 1.041988e+00
-3.970000e-02 1.043970e+00
-3.960000e-02 1.045602e+00
-3.950000e-02 1.046965e+00
-3.940000e-02 1.048090e+00
-3.930000e-02 1.048953e+00
-3.920000e-02 1.049490e+00
-3.910000e-02 1.049600e+00
-3.900000e-02 1.049171e+00
-3.890000e-02 1.048084e+00
-3.880000e-02 1.046229e+00
-3.870000e-02 1.043520e+00
-3.860000e-02 1.039901e+00
-3.850000e-02 1.035366e+00
-3.840000e-02 1.029986e+00
-3.830000e-02 1.023945e+00
-3.820000e-02 1.017598e+00
-3.810000e-02 1.011483e+00
-3.800000e-02 1.006165e+00
-3.790000e-02 1.001500e+00
-3.780000e-02 9.945364e-01
-3.770000e-02 9.758180e-01
-3.760000e-02 9.297709e-01
-3.750000e-02 8.563889e-01
-3.740000e-02 7.973891e-01
-3.730000e-02 7.814862e-01
-3.720000e-02 7.773352e-01
-3.710000e-02 7.616333e-01
-3.700000e-02 7.432979e-01
-3.690000e-02 7.348199e-01
-3.680000e-02 7.392286e-01
-3.670000e-02 7.524423e-01
-3.660000e-02 7.681780e-01
-3.650000e-02 7.811465e-01
-3.640000e-02 7.882621e-01
-3.630000e-02 7.885572e-01
-3.620000e-02 7.825399e-01
-3.610000e-02 7.714903e-01
-3.600000e-02 7.569248e-01
-3.590000e-02 7.402750e-01
-3.580000e-02 7.227374e-01
-3.570000e-02 7.052355e-01
-3.560000e-02 6.884396e-01
-3.550000e-02 6.728118e-01
-3.540000e-02 6.586549e-01
-3.530000e-02 6.461585e-01
-3.520000e-02 6.354352e-01
-3.510000e-02 6.265513e-01
-3.500000e-02 6.195483e-01
-3.490000e-02 6.144602e-01
-3.480000e-02 6.113259e-01
-3.470000e-02 6.101984e-01
-3.460000e-02 6.111510e-01
-3.450000e-02 6.142797e-01
-3.440000e-02 6.197022e-01
-3.430000e-02 6.275488e-01
-3.420000e-02 6.379405e-01
-3.410000e-02 6.509458e-01
-3.400000e-02 6.664990e-01
-3.390000e-02 6.842574e-01
-3.380000e-02 7.033634e-01
-3.370000e-02 7.220815e-01
-3.360000e-02 7.373181e-01
-3.350000e-02 7.441774e-01
-3.340000e-02 7.360428e-01
-3.330000e-02 7.061936e-01
-3.320000e-02 6.520729e-01
-3.310000e-02 5.814377e-01
-3.300000e-02 5.149780e-01
-3.290000e-02 4.781107e-01
-3.280000e-02 4.846509e-01
-3.270000e-02 5.281078e-01
-3.260000e-02 5.892347e-01
-3.250000e-02 6.495626e-01
-3.240000e-02 6.985147e-01
-3.230000e-02 7.328947e-01
-3.220000e-02 7.534645e-01
-3.210000e-02 7.618904e-01
-3.200000e-02 7.587060e-01
-3.190000e-02 7.416971e-01
-3.180000e-02 7.039392e-01
-3.170000e-02 6.318428e-01
-3.160000e-02 5.107942e-01
-3.150000e-02 3.720200e-01
-3.140000e-02 3.901968e-01
-3.130000e-02 6.629716e-01
-3.120000e-02 8.534777e-01
-3.110000e-02 8.423231e-01
-3.100000e-02 7.732171e-01
-3.090000e-02 7.168941e-01
-3.080000e-02 6.813022e-01
-3.070000e-02 6.604943e-01
-3.060000e-02 6.487624e-01
-3.050000e-02 6.424014e-01
-3.040000e-02 6.391899e-01
-3.030000e-02 6.377978e-01
-3.020000e-02 6.374021e-01
-3.010000e-02 6.374646e-01
-3.000000e-02 6.376068e-01
-2.990000e-02 6.375394e-01
-2.980000e-02 6.370245e-01
-2.970000e-02 6.358570e-01
-2.960000e-02 6.338597e-01
-2.950000e-02 6.308906e-01
-2.940000e-02 6.268589e-01
-2.930000e-02 6.217509e-01
-2.920000e-02 6.156567e-01
-2.910000e-02 6.087900e-01
-2.900000e-02 6.014792e-01
-2.890000e-02 5.941072e-01
-2.880000e-02 5.869879e-01
-2.870000e-02 5.802013e-01
-2.860000e-02 5.734754e-01
-2.850000e-02 5.662405e-01
-2.840000e-02 5.579342e-01
-2.830000e-02 5.484674e-01
-2.820000e-02 5.385936e-01
-2.810000e-02 5.299318e-01
-2.800000e-02 5.246117e-01
-2.790000e-02 5.247460e-01
-2.780000e-02 5.319859e-01
-2.770000e-02 5.472883e-01
-2.760000e-02 5.708623e-01
-2.750000e-02 6.021801e-01
-2.740000e-02 6.399379e-01
-2.730000e-02 6.819019e-01
-2.720000e-02 7.246460e-01
-2.710000e-02 7.633002e-01
-2.700000e-02 7.916016e-01
-2.690000e-02 8.027421e-01
-2.680000e-02 7.915300e-01
-2.670000e-02 7.577573e-01
-2.660000e-02 7.091213e-01
-2.650000e-02 6.606298e-01
-2.640000e-02 6.287593e-01
-2.630000e-02 6.233846e-01
-2.620000e-02 6.436348e-01
-2.610000e-02 6.804505e-01
-2.600000e-02 7.225964e-01
-2.590000e-02 7.613598e-01
-2.580000e-02 7.920962e-01
-2.570000e-02 8.135547e-01
-2.560000e-02 8.265093e-01
-2.550000e-02 8.325940e-01
-2.540000e-02 8.335840e-01
-2.530000e-02 8.310512e-01
-2.520000e-02 8.262509e-01
-2.510000e-02 8.201234e-01
-2.500000e-02 8.133437e-01
-2.490000e-02 8.063815e-01
-2.480000e-02 7.995576e-01
-2.470000e-02 7.930914e-01
-2.460000e-02 7.871399e-01
-2.450000e-02 7.818314e-01
-2.440000e-02 7.772954e-01
-2.430000e-02 7.736953e-01
-2.420000e-02 7.712663e-01
-2.410000e-02 7.703669e-01
-2.400000e-02 7.715502e-01
-2.390000e-02 7.756608e-01
-2.380000e-02 7.839480e-01
-2.370000e-02 7.981177e-01
-2.360000e-02 8.200206e-01
-2.350000e-02 8.500364e-01
-2.340000e-02 8.819894e-01
-2.330000e-02 8.929456e-01
-2.320000e-02 8.398415e-01
-2.310000e-02 7.007884e-01
-2.300000e-02 5.358339e-01
-2.290000e-02 4.299616e-01
-2.280000e-02 3.971913e-01
-2.270000e-02 4.053551e-01
-2.260000e-02 4.272788e-01
-2.250000e-02 4.509979e-01
-2.240000e-02 4.733218e-01
-2.230000e-02 4.943938e-01
-2.220000e-02 5.151943e-01
-2.210000e-02 5.366292e-01
-2.200000e-02 5.592656e-01
-2.190000e-02 5.833135e-01
-2.180000e-02 6.087119e-01
-2.170000e-02 6.352581e-01
-2.160000e-02 6.627456e-01
-2.150000e-02 6.910741e-01
-2.140000e-02 7.202948e-01
-2.130000e-02 7.505641e-01
-2.120000e-02 7.819889e-01
-2.110000e-02 8.143551e-01
-2.100000e-02 8.467416e-01
-2.090000e-02 8.770381e-01
-2.080000e-02 9.014291e-01
-2.070000e-02 9.140363e-01
-2.060000e-02 9.071487e-01
-2.050000e-02 8.727982e-01
-2.040000e-02 8.065069e-01
-2.030000e-02 7.130260e-01
-2.020000e-02 6.110542e-01
-2.010000e-02 5.309226e-01
-2.000000e-02 5.016912e-01
-1.990000e-02 5.345750e-01
-1.980000e-02 6.168628e-01
-1.970000e-02 7.214832e-01
-1.960000e-02 8.222726e-01
-1.950000e-02 9.031472e-01
-1.940000e-02 9.587322e-01
-1.930000e-02 9.906263e-01
-1.920000e-02 1.003426e+00
-1.910000e-02 1.002159e+00
-1.900000e-02 9.910888e-01
-1.890000e-02 9.733942e-01
-1.880000e-02 9.512376e-01
-1.870000e-02 9.259806e-01
-1.860000e-02 8.984083e-01
-1.850000e-02 8.689210e-01
-1.840000e-02 8.376837e-01
-1.830000e-02 8.047392e-01
-1.820000e-02 7.700921e-01
-1.810000e-02 7.337715e-01
-1.800000e-02 6.958779e-01
-1.790000e-02 6.566167e-01
-1.780000e-02 6.163197e-01
-1.770000e-02 5.754556e-01
-1.760000e-02 5.346272e-01
-1.750000e-02 4.945570e-01
-1.740000e-02 4.560597e-01
-1.730000e-02 4.200042e-01
-1.720000e-02 3.872667e-01
-1.710000e-02 3.586801e-01
-1.700000e-02 3.349829e-01
-1.690000e-02 3.167746e-01
-1.680000e-02 3.044823e-01
-1.670000e-02 2.983405e-01
-1.660000e-02 2.983888e-01
-1.650000e-02 3.044847e-01
-1.640000e-02 3.163308e-01
-1.630000e-02 3.335115e-01
-1.620000e-02 3.555344e-01
-1.610000e-02 3.818699e-01
-1.600000e-02 4.119857e-01
-1.590000e-02 4.453706e-01
-1.580000e-02 4.815450e-01
-1.570000e-02 5.200577e-01
-1.560000e-02 5.604680e-01
-1.550000e-02 6.023151e-01
-1.540000e-02 6.450781e-01
-1.530000e-02 6.881305e-01
-1.520000e-02 7.306964e-01
-1.510000e-02 7.718178e-01
-1.500000e-02 8.103450e-01
-1.490000e-02 8.449644e-01
-1.480000e-02 8.742789e-01
-1.470000e-02 8.969495e-01
-1.460000e-02 9.118919e-01
-1.450000e-02 9.184986e-01
-1.440000e-02 9.168250e-01
-1.430000e-02 9.076603e-01
-1.420000e-02 8.924136e-01
-1.410000e-02 8.728109e-01
-1.400000e-02 8.504882e-01
-1.390000e-02 8.266395e-01
-1.380000e-02 8.018658e-01
-1.370000e-02 7.762707e-01
-1.360000e-02 7.497223e-01
-1.350000e-02 7.221328e-01
-1.340000e-02 6.936404e-01
-1.330000e-02 6.646523e-01
-1.320000e-02 6.357819e-01
-1.310000e-02 6.077385e-01
-1.300000e-02 5.812178e-01
-1.290000e-02 5.568202e-01
-1.280000e-02 5.350023e-01
-1.270000e-02 5.160545e-01
-1.260000e-02 5.001002e-01
-1.250000e-02 4.871044e-01
-1.240000e-02 4.768896e-01
-1.230000e-02 4.691508e-01
-1.220000e-02 4.634677e-01
-1.210000e-02 4.593094e-01
-1.200000e-02 4.560291e-01
-1.190000e-02 4.528492e-01
-1.180000e-02 4.488488e-01
-1.170000e-02 4.429957e-01
-1.160000e-02 4.343432e-01
-1.150000e-02 4.226840e-01
-1.140000e-02 4.102404e-01
-1.130000e-02 4.050370e-01
-1.120000e-02 4.249017e-01
-1.110000e-02 4.949623e-01
-1.100000e-02 6.267410e-01
-1.090000e-02 7.896161e-01
-1.080000e-02 9.225553e-01
-1.070000e-02 9.868002e-01
-1.060000e-02 9.878334e-01
-1.050000e-02 9.520052e-01
-1.040000e-02 9.024446e-01
-1.030000e-02 8.523350e-01
-1.020000e-02 8.072732e-01
-1.010000e-02 7.687776e-01
-1.000000e-02 7.365914e-01
-9.900000e-03 7.098520e-01
-9.800000e-03 6.876024e-01
-9.700000e-03 6.689819e-01
-9.600000e-03 6.532783e-01
-9.500000e-03 6.399247e-01
-9.400000e-03 6.284786e-01
-9.300000e-03 6.185986e-01
-9.200000e-03 6.100226e-01
-9.100000e-03 6.025510e-01
-9.000000e-03 5.960331e-01
-8.900000e-03 5.903564e-01
-8.800000e-03 5.854391e-01
-8.700000e-03 5.812243e-01
-8.600000e-03 5.776756e-01
-8.500000e-03 5.747743e-01
-8.400000e-03 5.725166e-01
-8.300000e-03 5.709130e-01
-8.200000e-03 5.699864e-01
-8.100000e-03 5.697722e-01
-8.000000e-03 5.703174e-01
-7.900000e-03 5.716812e-01
-7.800000e-03 5.739342e-01
-7.700000e-03 5.771589e-01
-7.600000e-03 5.814490e-01
-7.500000e-03 5.869094e-01
-7.400000e-03 5.936547e-01
-7.300000e-03 6.018078e-01
-7.200000e-03 6.114966e-01
-7.100000e-03 6.228506e-01
-7.000000e-03 6.359942e-01
-6.900000e-03 6.510387e-01
-6.800000e-03 6.680714e-01
-6.700000e-03 6.871409e-01
-6.600000e-03 7.082388e-01
-6.500000e-03 7.312777e-01
-6.400000e-03 7.560639e-01
-6.300000e-03 7.822672e-01
-6.200000e-03 8.093881e-01
-6.100000e-03 8.367249e-01
-6.000000e-03 8.633448e-01
-5.900000e-03 8.880656e-01
-5.800000e-03 9.094567e-01
-5.700000e-03 9.258707e-01
-5.600000e-03 9.355196e-01
-5.500000e-03 9.366104e-01
-5.400000e-03 9.275497e-01
-5.300000e-03 9.072199e-01
-5.200000e-03 8.753093e-01
-5.100000e-03 8.326502e-01
-5.000000e-03 7.814846e-01
-4.900000e-03 7.255514e-01
-4.800000e-03 6.698851e-01
-4.700000e-03 6.202635e-01
-4.600000e-03 5.823431e-01
-4.500000e-03 5.606527e-01
-4.400000e-03 5.577153e-01
-4.300000e-03 5.735730e-01
-4.200000e-03 6.058726e-01
-4.100000e-03 6.504700e-01
-4.000000e-03 7.023386e-01
-3.900000e-03 7.564950e-01
-3.800000e-03 8.087090e-01
-3.700000e-03 8.558852e-01
-3.600000e-03 8.961305e-01
-3.500000e-03 9.285969e-01
-3.400000e-03 9.532104e-01
-3.300000e-03 9.703751e-01
-3.200000e-03 9.807105e-01
-3.100000e-03 9.848464e-01
-3.000000e-03 9.832758e-01
-2.900000e-03 9.762526e-01
-2.800000e-03 9.637087e-01
-2.700000e-03 9.451498e-01
-2.600000e-03 9.194658e-01
-2.500000e-03 8.845863e-01
-2.400000e-03 8.370910e-01
-2.300000e-03 7.729286e-01
-2.200000e-03 6.938167e-01
-2.100000e-03 6.257812e-01
-2.000000e-03 6.237512e-01
-1.900000e-03 6.949717e-01
-1.800000e-03 7.655429e-01
-1.700000e-03 7.973257e-01
-1.600000e-03 8.071014e-01
-1.500000e-03 8.131286e-01
-1.400000e-03 8.214540e-01
-1.300000e-03 8.317900e-01
-1.200000e-03 8.422941e-01
-1.100000e-03 8.514235e-01
-1.000000e-03 8.583496e-01
-9.000000e-04 8.628546e-01
-8.000000e-04 8.650975e-01
-7.000000e-04 8.653990e-01
-6.000000e-04 8.640895e-01
-5.000000e-04 8.614215e-01
-4.000000e-04 8.575341e-01
-3.000000e-04 8.524525e-01
-2.000000e-04 8.461096e-01
-1.000000e-04 8.383777e-01
1.429412e-15 8.291041e-01
1.000000e-04 8.181439e-01
2.000000e-04 8.053877e-01
3.000000e-04 7.907816e-01
4.000000e-04 7.743386e-01
5.000000e-04 7.561436e-01
6.000000e-04 7.363492e-01
7.000000e-04 7.151687e-01
8.000000e-04 6.928635e-01
9.000000e-04 6.697303e-01
1.000000e-03 6.460872e-01
1.100000e-03 6.222615e-01
1.200000e-03 5.985788e-01
1.300000e-03 5.753548e-01
1.400000e-03 5.528891e-01
1.500000e-03 5.314615e-01
1.600000e-03 5.113301e-01
1.700000e-03 4.927303e-01
1.800000e-03 4.758757e-01
1.900000e-03 4.609590e-01
2.000000e-03 4.481534e-01
2.100000e-03 4.376136e-01
2.200000e-03 4.294769e-01
2.300000e-03 4.238635e-01
2.400000e-03 4.208767e-01
2.500000e-03 4.206015e-01
2.600000e-03 4.231035e-01
2.700000e-03 4.284265e-01
2.800000e-03 4.365897e-01
2.900000e-03 4.475844e-01
3.000000e-03 4.613703e-01
3.100000e-03 4.778717e-01
3.200000e-03 4.969737e-01
3.300000e-03 5.185187e-01
3.400000e-03 5.423039e-01
3.500000e-03 5.680789e-01
3.600000e-03 5.955457e-01
3.700000e-03 6.243584e-01
3.800000e-03 6.541255e-01
3.900000e-03 6.844123e-01
4.000000e-03 7.147437e-01
4.100000e-03 7.446063e-01
4.200000e-03 7.734468e-01
4.300000e-03 8.006665e-01
4.400000e-03 8.256054e-01
4.500000e-03 8.475139e-01
4.600000e-03 8.655072e-01
4.700000e-03 8.784973e-01
4.800000e-03 8.851044e-01
4.900000e-03 8.835569e-01
5.000000e-03 8.716149e-01
5.100000e-03 8.465991e-01
5.200000e-03 8.056879e-01
5.300000e-03 7.467591e-01
5.400000e-03 6.701077e-01
5.500000e-03 5.811347e-01
5.600000e-03 4.931263e-01
5.700000e-03 4.274231e-01
5.800000e-03 4.072752e-01
5.900000e-03 4.452934e-01
6.000000e-03 5.328758e-01
6.100000e-03 6.428138e-01
6.200000e-03 7.445381e-01
6.300000e-03 8.185611e-01
6.400000e-03 8.601726e-01
6.500000e-03 8.745786e-01
6.600000e-03 8.704474e-01
6.700000e-03 8.557942e-01
6.800000e-03 8.364584e-01
6.900000e-03 8.160807e-01
7.000000e-03 7.966234e-01
7.100000e-03 7.789403e-01
7.200000e-03 7.632253e-01
7.300000e-03 7.493159e-01
7.400000e-03 7.368848e-01
7.500000e-03 7.255505e-01
7.600000e-03 7.149387e-01
7.700000e-03 7.047136e-01
7.800000e-03 6.945904e-01
7.900000e-03 6.843386e-01
8.000000e-03 6.737796e-01
8.100000e-03 6.627818e-01
8.200000e-03 6.512546e-01
8.300000e-03 6.391424e-01
8.400000e-03 6.264182e-01
8.500000e-03 6.130787e-01
8.600000e-03 5.991397e-01
8.700000e-03 5.846317e-01
8.800000e-03 5.695967e-01
8.900000e-03 5.540861e-01
9.000000e-03 5.381586e-01
9.100000e-03 5.218794e-01
9.200000e-03 5.053202e-01
9.300000e-03 4.885601e-01
9.400000e-03 4.716878e-01
9.500000e-03 4.548050e-01
9.600000e-03 4.380310e-01
9.700000e-03 4.215098e-01
9.800000e-03 4.054184e-01
9.900000e-03 3.899780e-01
1.000000e-02 3.754660e-01
1.010000e-02 3.622311e-01
1.020000e-02 3.507070e-01
1.030000e-02 3.414252e-01
1.040000e-02 3.350214e-01
1.050000e-02 3.322319e-01
1.060000e-02 3.338713e-01
1.070000e-02 3.407876e-01
1.080000e-02 3.537879e-01
1.090000e-02 3.735365e-01
1.100000e-02 4.004336e-01
1.110000e-02 4.344951e-01
1.120000e-02 4.752611e-01
1.130000e-02 5.217634e-01
1.140000e-02 5.725726e-01
1.150000e-02 6.259277e-01
1.160000e-02 6.799251e-01
1.170000e-02 7.327304e-01
1.180000e-02 7.827665e-01
1.190000e-02 8.288458e-01
1.200000e-02 8.702304e-01
1.210000e-02 9.066246e-01
1.220000e-02 9.381176e-01
1.230000e-02 9.650993e-01
1.240000e-02 9.881687e-01
1.250000e-02 1.008050e+00
1.260000e-02 1.025525e+00
1.270000e-02 1.041376e+00
1.280000e-02 1.056350e+00
1.290000e-02 1.071125e+00
1.300000e-02 1.086276e+00
1.310000e-02 1.102234e+00
1.320000e-02 1.119226e+00
1.330000e-02 1.137172e+00
1.340000e-02 1.155544e+00
1.350000e-02 1.173152e+00
1.360000e-02 1.187882e+00
1.370000e-02 1.196437e+00
1.380000e-02 1.194261e+00
1.390000e-02 1.176023e+00
1.400000e-02 1.137227e+00
1.410000e-02 1.077335e+00
1.420000e-02 1.003628e+00
1.430000e-02 9.327571e-01
1.440000e-02 8.859909e-01
1.450000e-02 8.783882e-01
1.460000e-02 9.097978e-01
1.470000e-02 9.659470e-01
1.480000e-02 1.027965e+00
1.490000e-02 1.081444e+00
1.500000e-02 1.119634e+00
1.510000e-02 1.141914e+00
1.520000e-02 1.150880e+00
1.530000e-02 1.150065e+00
1.540000e-02 1.142721e+00
1.550000e-02 1.131375e+00
1.560000e-02 1.117787e+00
1.570000e-02 1.103077e+00
1.580000e-02 1.087879e+00
1.590000e-02 1.072478e+00
1.600000e-02 1.056919e+00
1.610000e-02 1.041086e+00
1.620000e-02 1.024758e+00
1.630000e-02 1.007651e+00
1.640000e-02 9.894533e-01
1.650000e-02 9.698465e-01
1.660000e-02 9.485339e-01
1.670000e-02 9.252631e-01
1.680000e-02 8.998508e-01
1.690000e-02 8.722100e-01
1.700000e-02 8.423777e-01
1.710000e-02 8.105450e-01
1.720000e-02 7.770863e-01
1.730000e-02 7.425900e-01
1.740000e-02 7.078890e-01
1.750000e-02 6.740917e-01
1.760000e-02 6.426194e-01
1.770000e-02 6.152464e-01
1.780000e-02 5.941343e-01
1.790000e-02 5.817770e-01
1.800000e-02 5.805429e-01
1.810000e-02 5.907349e-01
1.820000e-02 6.045958e-01
1.830000e-02 5.980442e-01
1.840000e-02 5.646990e-01
1.850000e-02 5.870025e-01
1.860000e-02 6.285815e-01
1.870000e-02 5.982018e-01
1.880000e-02 5.423187e-01
1.890000e-02 5.000542e-01
1.900000e-02 4.775652e-01
1.910000e-02 4.710066e-01
1.920000e-02 4.757852e-01
1.930000e-02 4.883608e-01
1.940000e-02 5.062165e-01
1.950000e-02 5.275722e-01
1.960000e-02 5.511498e-01
1.970000e-02 5.760164e-01
1.980000e-02 6.014826e-01
1.990000e-02 6.270365e-01
2.000000e-02 6.522995e-01
2.010000e-02 6.769946e-01
2.020000e-02 7.009243e-01
2.030000e-02 7.239543e-01
2.040000e-02 7.460008e-01
2.050000e-02 7.670213e-01
2.060000e-02 7.870071e-01
2.070000e-02 8.059778e-01
2.080000e-02 8.239757e-01
2.090000e-02 8.410615e-01
2.100000e-02 8.573092e-01
2.110000e-02 8.728006e-01
2.120000e-02 8.876187e-01
2.130000e-02 9.018405e-01
2.140000e-02 9.155289e-01
2.150000e-02 9.287240e-01
2.160000e-02 9.414359e-01
2.170000e-02 9.536390e-01
2.180000e-02 9.652696e-01
2.190000e-02 9.762279e-01
2.200000e-02 9.863860e-01
2.210000e-02 9.956000e-01
2.220000e-02 1.003726e+00
2.230000e-02 1.010640e+00
2.240000e-02 1.016252e+00
2.250000e-02 1.020521e+00
2.260000e-02 1.023463e+00
2.270000e-02 1.025153e+00
2.280000e-02 1.025713e+00
2.290000e-02 1.025310e+00
2.300000e-02 1.024130e+00
2.310000e-02 1.022374e+00
2.320000e-02 1.020236e+00
2.330000e-02 1.017892e+00
2.340000e-02 1.015494e+00
2.350000e-02 1.013165e+00
2.360000e-02 1.010994e+00
2.370000e-02 1.009037e+00
2.380000e-02 1.007322e+00
2.390000e-02 1.005850e+00
2.400000e-02 1.004601e+00
2.410000e-02 1.003533e+00
2.420000e-02 1.002593e+00
2.430000e-02 1.001712e+00
2.440000e-02 1.000813e+00
2.450000e-02 9.998113e-01
2.460000e-02 9.986134e-01
2.470000e-02 9.971206e-01
2.480000e-02 9.952272e-01
2.490000e-02 9.928206e-01
2.500000e-02 9.897802e-01
2.510000e-02 9.859768e-01
2.520000e-02 9.812710e-01
2.530000e-02 9.755121e-01
2.540000e-02 9.685369e-01
2.550000e-02 9.601690e-01
2.560000e-02 9.502189e-01
2.570000e-02 9.384849e-01
2.580000e-02 9.247564e-01
2.590000e-02 9.088194e-01
2.600000e-02 8.904665e-01
2.610000e-02 8.695134e-01
2.620000e-02 8.458243e-01
2.630000e-02 8.193531e-01
2.640000e-02 7.902079e-01
2.650000e-02 7.587594e-01
2.660000e-02 7.258243e-01
2.670000e-02 6.929885e-01
2.680000e-02 6.631753e-01
2.690000e-02 6.415549e-01
2.700000e-02 6.364831e-01
2.710000e-02 6.581878e-01
2.720000e-02 7.091074e-01
2.730000e-02 7.673887e-01
2.740000e-02 7.965966e-01
2.750000e-02 7.852156e-01
2.760000e-02 7.506548e-01
2.770000e-02 7.127677e-01
2.780000e-02 6.821156e-01
2.790000e-02 6.622014e-01
2.800000e-02 6.531885e-01
2.810000e-02 6.539196e-01
2.820000e-02 6.627756e-01
2.830000e-02 6.780286e-01
2.840000e-02 6.980021e-01
2.850000e-02 7.211532e-01
2.860000e-02 7.461199e-01
2.870000e-02 7.717436e-01
2.880000e-02 7.970755e-01
2.890000e-02 8.213698e-01
2.900000e-02 8.440675e-01
2.910000e-02 8.647758e-01
2.920000e-02 8.832444e-01
2.930000e-02 8.993424e-01
2.940000e-02 9.130363e-01
2.950000e-02 9.243703e-01
2.960000e-02 9.334489e-01
2.970000e-02 9.404215e-01
2.980000e-02 9.454694e-01
2.990000e-02 9.487952e-01
3.000000e-02 9.506126e-01
3.010000e-02 9.511392e-01
3.020000e-02 9.505901e-01
3.030000e-02 9.491728e-01
3.040000e-02 9.470839e-01
3.050000e-02 9.445065e-01
3.060000e-02 9.416096e-01
3.070000e-02 9.385471e-01
3.080000e-02 9.354592e-01
3.090000e-02 9.324728e-01
3.100000e-02 9.297038e-01
3.110000e-02 9.272586e-01
3.120000e-02 9.252359e-01
3.130000e-02 9.237289e-01
3.140000e-02 9.228264e-01
3.150000e-02 9.226136e-01
3.160000e-02 9.231720e-01
3.170000e-02 9.245769e-01
3.180000e-02 9.268936e-01
3.190000e-02 9.301677e-01
3.200000e-02 9.344107e-01
3.210000e-02 9.395741e-01
3.220000e-02 9.455092e-01
3.230000e-02 9.519043e-01
3.240000e-02 9.581915e-01
3.250000e-02 9.634172e-01
3.260000e-02 9.660873e-01
3.270000e-02 9.640409e-01
3.280000e-02 9.545172e-01
3.290000e-02 9.347747e-01
3.300000e-02 9.038168e-01
3.310000e-02 8.654846e-01
3.320000e-02 8.313660e-01
3.330000e-02 8.187291e-01
3.340000e-02 8.394135e-01
3.350000e-02 8.870286e-01
3.360000e-02 9.388362e-01
3.370000e-02 9.727179e-01
3.380000e-02 9.800267e-01
3.390000e-02 9.645012e-01
3.400000e-02 9.347643e-01
3.410000e-02 8.987828e-01
3.420000e-02 8.619617e-01
3.430000e-02 8.273019e-01
3.440000e-02 7.961510e-01
3.450000e-02 7.688910e-01
3.460000e-02 7.454075e-01
3.470000e-02 7.253669e-01
3.480000e-02 7.083662e-01
3.490000e-02 6.940079e-01
3.500000e-02 6.819320e-01
3.510000e-02 6.718270e-01
3.520000e-02 6.634309e-01
3.530000e-02 6.565268e-01
3.540000e-02 6.509369e-01
3.550000e-02 6.465177e-01
3.560000e-02 6.431539e-01
3.570000e-02 6.407543e-01
3.580000e-02 6.392481e-01
3.590000e-02 6.385820e-01
3.600000e-02 6.387177e-01
3.610000e-02 6.396305e-01
3.620000e-02 6.413078e-01
3.630000e-02 6.437482e-01
3.640000e-02 6.469614e-01
3.650000e-02 6.509678e-01
3.660000e-02 6.557984e-01
3.670000e-02 6.614956e-01
3.680000e-02 6.681134e-01
3.690000e-02 6.757182e-01
3.700000e-02 6.843891e-01
3.710000e-02 6.942190e-01
3.720000e-02 7.053143e-01
3.730000e-02 7.177947e-01
3.740000e-02 7.317913e-01
3.750000e-02 7.474427e-01
3.760000e-02 7.648884e-01
3.770000e-02 7.842569e-01
3.780000e-02 8.056468e-01
3.790000e-02 8.290975e-01
3.800000e-02 8.545457e-01
3.810000e-02 8.817633e-01
3.820000e-02 9.102727e-01
3.830000e-02 9.392393e-01
3.840000e-02 9.673461e-01
3.850000e-02 9.926734e-01
3.860000e-02 1.012627e+00
3.870000e-02 1.023994e+00
3.880000e-02 1.023221e+00
3.890000e-02 1.007017e+00
3.900000e-02 9.732861e-01
3.910000e-02 9.222002e-01
3.920000e-02 8.570025e-01
3.930000e-02 7.840091e-01
3.940000e-02 7.115013e-01
3.950000e-02 6.477584e-01
3.960000e-02 5.990187e-01
3.970000e-02 5.682358e-01
3.980000e-02 5.550223e-01
3.990000e-02 5.565384e-01
4.000000e-02 5.687406e-01
4.010000e-02 5.874728e-01
4.020000e-02 6.091529e-01
4.030000e-02 6.310594e-01
4.040000e-02 6.513384e-01
4.050000e-02 6.688700e-01
4.060000e-02 6.830900e-01
4.070000e-02 6.938258e-01
4.080000e-02 7.011650e-01
4.090000e-02 7.053630e-01
4.100000e-02 7.067826e-01
4.110000e-02 7.058584e-01
4.120000e-02 7.030780e-01
4.130000e-02 6.989744e-01
4.140000e-02 6.941227e-01
4.150000e-02 6.891391e-01
4.160000e-02 6.846770e-01
4.170000e-02 6.814181e-01
4.180000e-02 6.800572e-01
4.190000e-02 6.812778e-01
4.200000e-02 6.857192e-01
4.210000e-02 6.939365e-01
4.220000e-02 7.063556e-01
4.230000e-02 7.232285e-01
4.240000e-02 7.445940e-01
4.250000e-02 7.702502e-01
4.260000e-02 7.997454e-01
4.270000e-02 8.323886e-01
4.280000e-02 8.672825e-01
4.290000e-02 9.033743e-01
4.300000e-02 9.395211e-01
4.310000e-02 9.745625e-01
4.320000e-02 1.007395e+00
4.330000e-02 1.037047e+00
4.340000e-02 1.062745e+00
4.350000e-02 1.083985e+00
4.360000e-02 1.100584e+00
4.370000e-02 1.112725e+00
4.380000e-02 1.120966e+00
4.390000e-02 1.126212e+00
4.400000e-02 1.129608e+00
4.410000e-02 1.132383e+00
4.420000e-02 1.135626e+00
4.430000e-02 1.140065e+00
4.440000e-02 1.145903e+00
4.450000e-02 1.152755e+00
4.460000e-02 1.159731e+00
4.470000e-02 1.165631e+00
4.480000e-02 1.169191e+00
4.490000e-02 1.169328e+00
4.500000e-02 1.165310e+00
4.510000e-02 1.156833e+00
4.520000e-02 1.144017e+00
4.530000e-02 1.127338e+00
4.540000e-02 1.107533e+00
4.550000e-02 1.085497e+00
4.560000e-02 1.062189e+00
4.570000e-02 1.038563e+00
4.580000e-02 1.015509e+00
4.590000e-02 9.938194e-01
4.600000e-02 9.741665e-01
4.610000e-02 9.570900e-01
4.620000e-02 9.429940e-01
4.630000e-02 9.321490e-01
4.640000e-02 9.246992e-01
4.650000e-02 9.206721e-01
4.660000e-02 9.199908e-01
4.670000e-02 9.224885e-01
4.680000e-02 9.279234e-01
4.690000e-02 9.359952e-01
4.700000e-02 9.463607e-01
4.710000e-02 9.586495e-01
4.720000e-02 9.724790e-01
4.730000e-02 9.874677e-01
4.740000e-02 1.003247e+00
4.750000e-02 1.019470e+00
4.760000e-02 1.035822e+00
4.770000e-02 1.052024e+00
4.780000e-02 1.067838e+00
4.790000e-02 1.083068e+00
4.800000e-02 1.097559e+00
4.810000e-02 1.111195e+00
4.820000e-02 1.123899e+00
4.830000e-02 1.135619e+00
4.840000e-02 1.146324e+00
4.850000e-02 1.155993e+00
4.860000e-02 1.164593e+00
4.870000e-02 1.172068e+00
4.880000e-02 1.178308e+00
4.890000e-02 1.183121e+00
4.900000e-02 1.186199e+00
4.910000e-02 1.187087e+00
4.920000e-02 1.185149e+00
4.930000e-02 1.179556e+00
4.940000e-02 1.169311e+00
4.950000e-02 1.153325e+00
4.960000e-02 1.130568e+00
4.970000e-02 1.100310e+00
4.980000e-02 1.062418e+00
4.990000e-02 1.017644e+00
