0.000000e+00 2.115184e+00
3.000000e-02 1.709678e+00
6.000000e-02 9.663405e-01
9.000000e-02 6.793327e-01
1.200000e-01 1.402283e+00
1.500000e-01 1.130142e+00
1.800000e-01 2.168041e+00
2.100000e-01 2.021374e+00
2.400000e-01 1.283107e+00
2.700000e-01 1.708433e+00
3.000000e-01 1.290222e+00
3.300000e-01 1.566772e+00
3.600000e-01 2.659500e+00
3.900000e-01 2.097722e+00
4.200000e-01 3.230691e+00
4.500000e-01 1.056453e+00
4.800000e-01 2.400879e+00
5.100000e-01 2.588480e+00
5.400000e-01 1.070390e+00
5.700000e-01 1.786993e+00
6.000000e-01 1.318450e+00
6.300000e-01 1.427331e+00
6.600000e-01 2.395217e+00
6.900000e-01 1.619012e+00
7.200000e-01 1.533790e+00
7.500000e-01 5.470475e-01
7.800000e-01 1.904389e+00
8.100000e-01 1.631035e+00
8.400000e-01 1.067067e+00
8.700000e-01 2.931100e-01
9.000000e-01 1.128960e+00
9.300000e-01 5.363955e-01
9.600000e-01 6.346482e-01
9.900000e-01 4.467239e-01
1.020000e+00 2.836837e+00
1.050000e+00 1.163428e+00
1.080000e+00 2.315708e-01
1.110000e+00 6.499492e-01
1.140000e+00 1.668532e+00
1.170000e+00 7.032998e-01
1.200000e+00 4.187944e-01
1.230000e+00 9.316967e-01
1.260000e+00 4.201150e-02
1.290000e+00 2.820240e-02
1.320000e+00 3.089294e-01
1.350000e+00 1.672282e-01
1.380000e+00 8.078345e-02
1.410000e+00 8.701377e-02
1.440000e+00 9.423604e-01
1.470000e+00 7.420447e-01
1.500000e+00 6.545148e-01
1.530000e+00 1.184969e-01
1.560000e+00 1.331801e+00
1.590000e+00 5.492953e-01
1.620000e+00 4.416071e-01
1.650000e+00 5.322841e-03
1.680000e+00 1.275470e-01
1.710000e+00 4.176715e-01
1.740000e+00 2.721612e-02
1.770000e+00 2.891706e-01
1.800000e+00 6.025191e-01
1.830000e+00 5.841914e-02
1.860000e+00 1.013888e-01
1.890000e+00 3.138036e-01
1.920000e+00 6.605136e-02
1.950000e+00 4.536898e-02
1.980000e+00 1.593888e-01
2.010000e+00 2.164851e-01
2.040000e+00 8.869364e-01
2.070000e+00 2.435683e-01
2.100000e+00 3.113215e-01
2.130000e+00 2.273150e-03
2.160000e+00 2.755605e-02
2.190000e+00 1.281221e-03
2.220000e+00 4.181963e-04
2.250000e+00 4.320802e-03
2.280000e+00 1.916794e-03
2.310000e+00 3.282744e-01
2.340000e+00 1.444420e+00
2.370000e+00 6.967082e-03
2.400000e+00 2.664523e-02
2.430000e+00 1.497096e-01
2.460000e+00 3.225544e-04
2.490000e+00 1.316917e-02
2.520000e+00 3.365064e-01
2.550000e+00 1.919024e-04
2.580000e+00 2.313000e-01
2.610000e+00 3.369230e-03
2.640000e+00 1.595571e-03
2.670000e+00 4.659460e-02
2.700000e+00 2.897153e-02
2.730000e+00 2.057570e-03
2.760000e+00 1.555464e-02
2.790000e+00 3.480977e-02
2.820000e+00 1.085399e-02
2.850000e+00 8.564021e-05
2.880000e+00 3.567519e-02
2.910000e+00 8.545756e-04
2.940000e+00 1.255693e-03
2.970000e+00 5.594977e-04
