0.000000e+00 2.115184e+00
3.000000e-02 2.563379e+00
6.000000e-02 1.245767e+00
9.000000e-02 1.011057e+00
1.200000e-01 1.959603e+00
1.500000e-01 1.850108e+00
1.800000e-01 1.685817e+00
2.100000e-01 2.502420e+00
2.400000e-01 1.930934e+00
2.700000e-01 1.525262e+00
3.000000e-01 2.330389e+00
3.300000e-01 1.333869e+00
3.600000e-01 1.562978e+00
3.900000e-01 1.871242e+00
4.200000e-01 1.454283e+00
4.500000e-01 2.163601e-01
4.800000e-01 1.664615e-01
5.100000e-01 1.189980e+00
5.400000e-01 3.377241e-01
5.700000e-01 2.342286e+00
6.000000e-01 8.091446e-01
6.300000e-01 8.800797e-01
6.600000e-01 2.138456e+00
6.900000e-01 2.341143e+00
7.200000e-01 5.419657e-01
7.500000e-01 1.695508e+00
7.800000e-01 1.006461e+00
8.100000e-01 1.561715e+00
8.400000e-01 5.911942e-01
8.700000e-01 9.275211e-01
9.000000e-01 2.189266e+00
9.300000e-01 2.656642e+00
9.600000e-01 1.328658e+00
9.900000e-01 9.548883e-01
1.020000e+00 1.405445e+00
1.050000e+00 1.436104e+00
1.080000e+00 6.743177e-01
1.110000e+00 9.216396e-01
1.140000e+00 9.486948e-01
1.170000e+00 1.079522e+00
1.200000e+00 1.159602e+00
1.230000e+00 3.569756e-01
1.260000e+00 1.149948e-01
1.290000e+00 3.899778e-01
1.320000e+00 4.466089e-01
1.350000e+00 4.285848e-01
1.380000e+00 1.642603e+00
1.410000e+00 1.948092e-01
1.440000e+00 1.022692e+00
1.470000e+00 4.865946e-01
1.500000e+00 2.676238e-01
1.530000e+00 3.650490e-01
1.560000e+00 9.631881e-01
1.590000e+00 7.926588e-01
1.620000e+00 5.999654e-02
1.650000e+00 1.428944e+00
1.680000e+00 2.197889e-01
1.710000e+00 9.902179e-03
1.740000e+00 4.515160e-01
1.770000e+00 5.178168e-01
1.800000e+00 1.120996e+00
1.830000e+00 4.613225e-02
1.860000e+00 2.850008e-02
1.890000e+00 7.713508e-02
1.920000e+00 1.874819e-01
1.950000e+00 4.399852e-01
1.980000e+00 1.559131e-01
2.010000e+00 1.918986e-01
2.040000e+00 3.892406e-02
2.070000e+00 1.259420e-02
2.100000e+00 4.528263e-01
2.130000e+00 1.027511e-02
2.160000e+00 5.274980e-04
2.190000e+00 1.349630e-01
2.220000e+00 6.738595e-01
2.250000e+00 1.171374e-02
2.280000e+00 1.448929e-01
2.310000e+00 4.158963e-01
2.340000e+00 8.799861e-02
2.370000e+00 6.226369e-01
2.400000e+00 4.919644e-03
2.430000e+00 5.439384e-02
2.460000e+00 8.282933e-03
2.490000e+00 3.172024e-03
2.520000e+00 1.690923e-02
2.550000e+00 1.694825e-02
2.580000e+00 3.957708e-01
2.610000e+00 5.425597e-02
2.640000e+00 1.156069e+00
2.670000e+00 4.935982e-02
2.700000e+00 3.862344e-01
2.730000e+00 1.333913e-03
2.760000e+00 3.567715e-04
2.790000e+00 3.705626e-05
2.820000e+00 5.485667e-03
2.850000e+00 4.437925e-04
2.880000e+00 2.041316e-02
2.910000e+00 1.056115e-02
2.940000e+00 7.272871e-03
2.970000e+00 1.309471e-04
