0.000000e+00 2.115184e+00
3.000000e-02 2.839993e+00
6.000000e-02 2.051996e+00
9.000000e-02 2.388614e+00
1.200000e-01 2.875729e+00
1.500000e-01 3.198480e+00
1.800000e-01 2.786152e+00
2.100000e-01 9.049662e-01
2.400000e-01 8.104938e-01
2.700000e-01 4.850113e-01
3.000000e-01 1.873356e+00
3.300000e-01 1.622581e+00
3.600000e-01 1.155442e+00
3.900000e-01 2.081985e+00
4.200000e-01 1.674828e+00
4.500000e-01 1.378570e+00
4.800000e-01 1.382964e+00
5.100000e-01 1.107771e+00
5.400000e-01 8.254695e-01
5.700000e-01 9.504192e-01
6.000000e-01 1.505306e+00
6.300000e-01 6.373473e-01
6.600000e-01 6.527519e-01
6.900000e-01 1.967357e+00
7.200000e-01 1.918238e+00
7.500000e-01 3.529167e-01
7.800000e-01 6.792436e-01
8.100000e-01 1.695424e+00
8.400000e-01 1.726685e+00
8.700000e-01 3.529353e-01
9.000000e-01 2.292458e-01
9.300000e-01 1.858700e-01
9.600000e-01 1.652629e+00
9.900000e-01 1.663062e+00
1.020000e+00 5.484518e-01
1.050000e+00 2.551123e-01
1.080000e+00 4.554887e-01
1.110000e+00 1.180302e+00
1.140000e+00 1.250637e+00
1.170000e+00 3.645822e-01
1.200000e+00 1.145812e-01
1.230000e+00 6.206471e-01
1.260000e+00 1.907366e-01
1.290000e+00 1.943649e+00
1.320000e+00 2.596978e-01
1.350000e+00 6.794443e-01
1.380000e+00 1.664813e+00
1.410000e+00 1.118981e-01
1.440000e+00 5.252715e-01
1.470000e+00 1.449569e-01
1.500000e+00 6.401056e-01
1.530000e+00 1.249117e+00
1.560000e+00 2.860200e-01
1.590000e+00 4.222489e-01
1.620000e+00 1.257014e-01
1.650000e+00 9.699377e-02
1.680000e+00 1.428478e-01
1.710000e+00 1.574861e+00
1.740000e+00 5.459880e-01
1.770000e+00 5.319734e-01
1.800000e+00 6.510619e-01
1.830000e+00 1.414335e+00
1.860000e+00 1.959462e-01
1.890000e+00 2.194859e-01
1.920000e+00 4.515098e-02
1.950000e+00 2.011954e-01
1.980000e+00 2.719892e-02
2.010000e+00 1.071885e-01
2.040000e+00 1.751036e-02
2.070000e+00 2.222371e-02
2.100000e+00 1.190592e-01
2.130000e+00 3.193181e-02
2.160000e+00 4.972232e-01
2.190000e+00 5.887067e-02
2.220000e+00 1.889309e-02
2.250000e+00 4.046166e-02
2.280000e+00 2.663454e-01
2.310000e+00 8.706724e-03
2.340000e+00 1.579990e+00
2.370000e+00 4.466100e-02
2.400000e+00 1.434676e-02
2.430000e+00 1.908246e-03
2.460000e+00 5.700046e-04
2.490000e+00 2.339390e-02
2.520000e+00 6.650951e-02
2.550000e+00 1.239527e-02
2.580000e+00 1.189624e-02
2.610000e+00 8.234427e-02
2.640000e+00 5.438282e-02
2.670000e+00 5.612242e-02
2.700000e+00 9.676151e-04
2.730000e+00 1.848451e-03
2.760000e+00 2.765343e-03
2.790000e+00 3.461498e-02
2.820000e+00 6.935689e-03
2.850000e+00 1.056531e-02
2.880000e+00 8.708018e-06
2.910000e+00 4.103036e-04
2.940000e+00 3.877109e-04
2.970000e+00 1.338632e-01
