0.000000e+00 2.398169e+01
5.000000e-02 2.381516e+01
1.000000e-01 2.181572e+01
1.500000e-01 1.992067e+01
2.000000e-01 1.950028e+01
2.500000e-01 2.013933e+01
3.000000e-01 1.860675e+01
3.500000e-01 1.786399e+01
4.000000e-01 1.678381e+01
4.500000e-01 1.669623e+01
5.000000e-01 1.590635e+01
5.500000e-01 1.545091e+01
6.000000e-01 1.466939e+01
6.500000e-01 1.419278e+01
7.000000e-01 1.298294e+01
7.500000e-01 1.366416e+01
8.000000e-01 9.674873e+00
8.500000e-01 1.051621e+01
9.000000e-01 1.075966e+01
9.500000e-01 1.156975e+01
