0.000000e+00 2.398169e+01
5.000000e-02 2.395223e+01
1.000000e-01 2.247241e+01
1.500000e-01 2.163792e+01
2.000000e-01 2.047257e+01
2.500000e-01 1.900173e+01
3.000000e-01 1.883415e+01
3.500000e-01 1.789372e+01
4.000000e-01 1.736057e+01
4.500000e-01 1.740966e+01
5.000000e-01 1.696603e+01
5.500000e-01 1.524080e+01
6.000000e-01 1.444917e+01
6.500000e-01 1.384125e+01
7.000000e-01 1.237028e+01
7.500000e-01 1.207896e+01
8.000000e-01 1.214832e+01
8.500000e-01 1.188197e+01
9.000000e-01 1.118487e+01
9.500000e-01 1.074504e+01
