0.000000e+00 2.398169e+01
5.000000e-02 2.375582e+01
1.000000e-01 2.217948e+01
1.500000e-01 2.076870e+01
2.000000e-01 1.999946e+01
2.500000e-01 1.987343e+01
3.000000e-01 1.823505e+01
3.500000e-01 1.756597e+01
4.000000e-01 1.608334e+01
4.500000e-01 1.616452e+01
5.000000e-01 1.531022e+01
5.500000e-01 1.483441e+01
6.000000e-01 1.588104e+01
6.500000e-01 1.335493e+01
7.000000e-01 1.256798e+01
7.500000e-01 1.205235e+01
8.000000e-01 1.170379e+01
8.500000e-01 1.074162e+01
9.000000e-01 9.980522e+00
9.500000e-01 8.554745e+00
