0.000000e+00 2.398169e+01
5.000000e-02 2.397493e+01
1.000000e-01 2.193433e+01
1.500000e-01 2.024332e+01
2.000000e-01 2.084307e+01
2.500000e-01 1.976374e+01
3.000000e-01 1.828966e+01
3.500000e-01 1.793847e+01
4.000000e-01 1.763587e+01
4.500000e-01 1.517494e+01
5.000000e-01 1.594828e+01
5.500000e-01 1.540750e+01
6.000000e-01 1.421492e+01
6.500000e-01 1.476929e+01
7.000000e-01 1.289062e+01
7.500000e-01 1.156851e+01
8.000000e-01 1.074686e+01
8.500000e-01 1.226093e+01
9.000000e-01 1.069783e+01
9.500000e-01 8.752461e+00
