0.000000e+00 2.398169e+01
5.000000e-02 2.324856e+01
1.000000e-01 2.219361e+01
1.500000e-01 2.061790e+01
2.000000e-01 1.999021e+01
2.500000e-01 1.899246e+01
3.000000e-01 1.811096e+01
3.500000e-01 1.797334e+01
4.000000e-01 1.791769e+01
4.500000e-01 1.675917e+01
5.000000e-01 1.610578e+01
5.500000e-01 1.395297e+01
6.000000e-01 1.398657e+01
6.500000e-01 1.487530e+01
7.000000e-01 1.298671e+01
7.500000e-01 1.281557e+01
8.000000e-01 1.271685e+01
8.500000e-01 1.159366e+01
9.000000e-01 1.061526e+01
9.500000e-01 9.614712e+00
