0.000000e+00 0.000000e+00
6.000000e-04 0.000000e+00
1.200000e-03 0.000000e+00
1.800000e-03 0.000000e+00
2.400000e-03 0.000000e+00
3.000000e-03 0.000000e+00
3.600000e-03 0.000000e+00
4.200000e-03 0.000000e+00
4.800000e-03 0.000000e+00
5.400000e-03 0.000000e+00
6.000000e-03 0.000000e+00
6.600000e-03 0.000000e+00
7.200000e-03 0.000000e+00
7.800000e-03 0.000000e+00
8.400000e-03 0.000000e+00
9.000000e-03 0.000000e+00
9.600000e-03 0.000000e+00
1.020000e-02 0.000000e+00
1.080000e-02 0.000000e+00
1.140000e-02 0.000000e+00
1.200000e-02 0.000000e+00
1.260000e-02 0.000000e+00
1.320000e-02 0.000000e+00
1.380000e-02 0.000000e+00
1.440000e-02 0.000000e+00
1.500000e-02 0.000000e+00
1.560000e-02 0.000000e+00
1.620000e-02 0.000000e+00
1.680000e-02 0.000000e+00
1.740000e-02 0.000000e+00
1.800000e-02 0.000000e+00
1.860000e-02 0.000000e+00
1.920000e-02 0.000000e+00
1.980000e-02 0.000000e+00
2.040000e-02 1.220875e-04
2.100000e-02 2.063885e-03
2.160000e-02 4.153959e-03
2.220000e-02 5.571390e-03
2.280000e-02 5.736165e-03
2.340000e-02 5.011750e-03
2.400000e-02 4.051131e-03
2.460000e-02 3.198332e-03
2.520000e-02 2.535503e-03
2.580000e-02 2.045200e-03
2.640000e-02 1.689730e-03
2.700000e-02 1.435601e-03
2.760000e-02 1.258093e-03
2.820000e-02 1.140464e-03
2.880000e-02 1.072377e-03
2.940000e-02 1.048773e-03
3.000000e-02 1.069459e-03
3.060000e-02 1.139551e-03
3.120000e-02 1.271101e-03
3.180000e-02 1.486623e-03
3.240000e-02 1.826220e-03
3.300000e-02 2.362177e-03
3.360000e-02 3.230624e-03
3.420000e-02 4.706238e-03
3.480000e-02 7.399543e-03
3.540000e-02 1.286256e-02
3.600000e-02 2.586944e-02
3.660000e-02 6.563183e-02
3.720000e-02 2.212651e-01
3.780000e-02 2.728537e-01
3.840000e-02 9.773999e-02
3.900000e-02 4.481190e-02
3.960000e-02 2.588061e-02
4.020000e-02 1.704674e-02
4.080000e-02 1.206504e-02
4.140000e-02 8.792196e-03
4.200000e-02 6.302232e-03
4.260000e-02 4.092186e-03
4.320000e-02 1.851052e-03
4.380000e-02 1.407277e-05
4.440000e-02 1.325997e-02
4.500000e-02 7.347350e-02
4.560000e-02 3.485198e-02
4.620000e-02 2.309557e-02
4.680000e-02 1.837574e-02
4.740000e-02 1.595954e-02
4.800000e-02 1.456000e-02
4.860000e-02 1.370337e-02
4.920000e-02 1.317790e-02
4.980000e-02 1.287614e-02
5.040000e-02 1.273884e-02
5.100000e-02 1.273176e-02
5.160000e-02 1.283501e-02
5.220000e-02 1.303767e-02
5.280000e-02 1.333511e-02
5.340000e-02 1.372752e-02
5.400000e-02 1.421937e-02
5.460000e-02 1.481937e-02
5.520000e-02 1.554090e-02
5.580000e-02 1.640296e-02
5.640000e-02 1.743172e-02
5.700000e-02 1.866296e-02
5.760000e-02 2.014579e-02
5.820000e-02 2.194846e-02
5.880000e-02 2.416756e-02
5.940000e-02 2.694294e-02
6.000000e-02 3.048300e-02
6.060000e-02 3.510889e-02
6.120000e-02 4.133574e-02
6.180000e-02 5.002929e-02
6.240000e-02 6.272437e-02
6.300000e-02 8.230305e-02
6.360000e-02 1.144419e-01
6.420000e-02 1.700631e-01
6.480000e-02 2.620012e-01
6.540000e-02 3.467812e-01
6.600000e-02 2.812264e-01
6.660000e-02 1.535142e-01
6.720000e-02 7.844606e-02
6.780000e-02 4.216298e-02
6.840000e-02 2.402677e-02
6.900000e-02 1.432111e-02
6.960000e-02 8.800088e-03
7.020000e-02 5.506592e-03
7.080000e-02 3.472357e-03
7.140000e-02 2.185787e-03
7.200000e-02 1.360771e-03
7.260000e-02 8.293857e-04
7.320000e-02 4.889284e-04
7.380000e-02 2.743325e-04
7.440000e-02 1.431039e-04
7.500000e-02 6.676930e-05
7.560000e-02 2.585880e-05
7.620000e-02 6.890034e-06
7.680000e-02 5.269397e-07
7.740000e-02 4.504360e-07
7.800000e-02 2.668002e-06
7.860000e-02 5.098083e-06
7.920000e-02 7.388641e-06
7.980000e-02 1.147878e-05
8.040000e-02 2.819268e-05
8.100000e-02 2.845312e-04
8.160000e-02 3.463105e-02
8.220000e-02 5.452250e-02
8.280000e-02 7.565603e-02
8.340000e-02 1.005985e-01
8.400000e-02 1.315907e-01
8.460000e-02 1.713635e-01
8.520000e-02 2.235851e-01
8.580000e-02 2.932983e-01
8.640000e-02 3.873309e-01
8.700000e-02 5.143794e-01
8.760000e-02 6.838791e-01
8.820000e-02 9.017229e-01
8.880000e-02 1.160307e+00
8.940000e-02 1.424625e+00
9.000000e-02 1.630362e+00
9.060000e-02 1.716102e+00
9.120000e-02 1.669888e+00
9.180000e-02 1.532461e+00
9.240000e-02 1.358056e+00
9.300000e-02 1.184492e+00
9.360000e-02 1.029364e+00
9.420000e-02 8.974342e-01
9.480000e-02 7.875528e-01
9.540000e-02 6.965802e-01
9.600000e-02 6.211310e-01
9.660000e-02 5.582059e-01
9.720000e-02 5.053422e-01
9.780000e-02 4.605826e-01
9.840000e-02 4.223910e-01
9.900000e-02 3.895658e-01
9.960000e-02 3.611641e-01
1.002000e-01 3.364421e-01
1.008000e-01 3.148087e-01
1.014000e-01 2.957905e-01
1.020000e-01 2.790050e-01
1.026000e-01 2.641411e-01
1.032000e-01 2.509437e-01
1.038000e-01 2.392018e-01
1.044000e-01 2.287405e-01
1.050000e-01 2.194136e-01
1.056000e-01 2.110985e-01
1.062000e-01 2.036921e-01
1.068000e-01 1.971075e-01
1.074000e-01 1.912716e-01
1.080000e-01 1.861231e-01
1.086000e-01 1.816107e-01
1.092000e-01 1.776922e-01
1.098000e-01 1.743331e-01
1.104000e-01 1.715063e-01
1.110000e-01 1.691914e-01
1.116000e-01 1.673743e-01
1.122000e-01 1.660470e-01
1.128000e-01 1.652078e-01
1.134000e-01 1.648612e-01
1.140000e-01 1.650180e-01
1.146000e-01 1.656961e-01
1.152000e-01 1.669210e-01
1.158000e-01 1.687263e-01
1.164000e-01 1.711546e-01
1.170000e-01 1.742593e-01
1.176000e-01 1.781047e-01
1.182000e-01 1.827682e-01
1.188000e-01 1.883415e-01
1.194000e-01 1.949317e-01
1.200000e-01 2.026617e-01
1.206000e-01 2.116707e-01
1.212000e-01 2.221120e-01
1.218000e-01 2.341484e-01
1.224000e-01 2.479431e-01
1.230000e-01 2.636450e-01
1.236000e-01 2.813638e-01
1.242000e-01 3.011364e-01
1.248000e-01 3.228797e-01
1.254000e-01 3.463371e-01
1.260000e-01 3.710243e-01
1.266000e-01 3.961950e-01
1.272000e-01 4.208496e-01
1.278000e-01 4.438111e-01
1.284000e-01 4.638764e-01
1.290000e-01 4.800172e-01
1.296000e-01 4.915747e-01
1.302000e-01 4.983786e-01
1.308000e-01 5.007498e-01
1.314000e-01 4.993937e-01
1.320000e-01 4.952322e-01
1.326000e-01 4.892355e-01
1.332000e-01 4.822945e-01
1.338000e-01 4.751490e-01
1.344000e-01 4.683638e-01
1.350000e-01 4.623377e-01
1.356000e-01 4.573286e-01
1.362000e-01 4.534842e-01
1.368000e-01 4.508717e-01
1.374000e-01 4.495043e-01
1.380000e-01 4.493659e-01
1.386000e-01 4.504352e-01
1.392000e-01 4.527149e-01
1.398000e-01 4.562679e-01
1.404000e-01 4.612653e-01
1.410000e-01 4.680419e-01
1.416000e-01 4.771453e-01
1.422000e-01 4.893361e-01
1.428000e-01 5.054719e-01
1.434000e-01 5.262078e-01
1.440000e-01 5.515355e-01
1.446000e-01 5.803646e-01
1.452000e-01 6.104657e-01
1.458000e-01 6.389310e-01
1.464000e-01 6.629227e-01
1.470000e-01 6.802869e-01
1.476000e-01 6.897989e-01
1.482000e-01 6.910978e-01
1.488000e-01 6.844877e-01
1.494000e-01 6.707336e-01
1.500000e-01 6.508937e-01
1.506000e-01 6.261873e-01
1.512000e-01 5.978859e-01
1.518000e-01 5.672236e-01
1.524000e-01 5.353279e-01
1.530000e-01 5.031726e-01
1.536000e-01 4.715546e-01
1.542000e-01 4.410903e-01
1.548000e-01 4.122277e-01
1.554000e-01 3.852678e-01
1.560000e-01 3.603912e-01
1.566000e-01 3.376843e-01
1.572000e-01 3.171643e-01
1.578000e-01 2.988004e-01
1.584000e-01 2.825317e-01
1.590000e-01 2.682811e-01
1.596000e-01 2.559658e-01
1.602000e-01 2.455063e-01
1.608000e-01 2.368326e-01
1.614000e-01 2.298892e-01
1.620000e-01 2.246400e-01
1.626000e-01 2.210723e-01
1.632000e-01 2.192022e-01
1.638000e-01 2.190799e-01
1.644000e-01 2.207981e-01
1.650000e-01 2.245026e-01
1.656000e-01 2.304077e-01
1.662000e-01 2.388190e-01
1.668000e-01 2.501662e-01
1.674000e-01 2.650542e-01
1.680000e-01 2.843402e-01
1.686000e-01 3.092572e-01
1.692000e-01 3.416106e-01
1.698000e-01 3.840981e-01
1.704000e-01 4.408235e-01
1.710000e-01 5.180545e-01
1.716000e-01 6.249693e-01
1.722000e-01 7.723091e-01
1.728000e-01 9.587642e-01
1.734000e-01 1.116381e+00
1.740000e-01 1.056456e+00
1.746000e-01 7.398786e-01
1.752000e-01 4.413050e-01
1.758000e-01 2.893430e-01
1.764000e-01 2.517977e-01
1.770000e-01 2.958286e-01
1.776000e-01 4.239701e-01
1.782000e-01 6.753020e-01
1.788000e-01 1.069975e+00
1.794000e-01 1.298968e+00
1.800000e-01 1.002490e+00
1.806000e-01 6.484525e-01
1.812000e-01 1.026949e+00
1.818000e-01 1.051988e+00
1.824000e-01 1.021580e+00
1.830000e-01 9.790952e-01
1.836000e-01 9.359433e-01
1.842000e-01 8.960097e-01
1.848000e-01 8.606158e-01
1.854000e-01 8.300600e-01
1.860000e-01 8.042078e-01
1.866000e-01 7.827460e-01
1.872000e-01 7.652994e-01
1.878000e-01 7.514844e-01
1.884000e-01 7.409338e-01
1.890000e-01 7.333057e-01
1.896000e-01 7.282859e-01
1.902000e-01 7.255859e-01
1.908000e-01 7.249397e-01
1.914000e-01 7.261002e-01
1.920000e-01 7.288353e-01
1.926000e-01 7.329254e-01
1.932000e-01 7.381613e-01
1.938000e-01 7.443452e-01
1.944000e-01 7.512939e-01
1.950000e-01 7.588484e-01
1.956000e-01 7.668934e-01
1.962000e-01 7.753982e-01
1.968000e-01 7.845012e-01
1.974000e-01 7.946939e-01
1.980000e-01 8.072380e-01
1.986000e-01 8.250899e-01
1.992000e-01 8.542711e-01
1.998000e-01 8.992128e-01
2.004000e-01 9.287875e-01
2.010000e-01 9.009210e-01
2.016000e-01 8.582948e-01
2.022000e-01 8.267785e-01
2.028000e-01 8.035296e-01
2.034000e-01 7.839168e-01
2.040000e-01 7.653785e-01
2.046000e-01 7.466663e-01
2.052000e-01 7.272038e-01
2.058000e-01 7.067631e-01
2.064000e-01 6.853065e-01
2.070000e-01 6.629045e-01
2.076000e-01 6.396895e-01
2.082000e-01 6.158277e-01
2.088000e-01 5.915006e-01
2.094000e-01 5.668922e-01
2.100000e-01 5.421802e-01
2.106000e-01 5.175302e-01
2.112000e-01 4.930915e-01
2.118000e-01 4.689955e-01
2.124000e-01 4.453544e-01
2.130000e-01 4.222617e-01
2.136000e-01 3.997934e-01
2.142000e-01 3.780092e-01
2.148000e-01 3.569548e-01
2.154000e-01 3.366638e-01
2.160000e-01 3.171602e-01
2.166000e-01 2.984612e-01
2.172000e-01 2.805787e-01
2.178000e-01 2.635227e-01
2.184000e-01 2.473035e-01
2.190000e-01 2.319343e-01
2.196000e-01 2.174337e-01
2.202000e-01 2.038289e-01
2.208000e-01 1.911590e-01
2.214000e-01 1.794777e-01
2.220000e-01 1.688579e-01
2.226000e-01 1.593953e-01
2.232000e-01 1.512134e-01
2.238000e-01 1.444680e-01
2.244000e-01 1.393527e-01
2.250000e-01 1.361040e-01
2.256000e-01 1.350060e-01
2.262000e-01 1.363941e-01
2.268000e-01 1.406570e-01
2.274000e-01 1.482353e-01
2.280000e-01 1.596171e-01
2.286000e-01 1.753267e-01
2.292000e-01 1.959081e-01
2.298000e-01 2.219014e-01
2.304000e-01 2.538136e-01
2.310000e-01 2.920853e-01
2.316000e-01 3.370597e-01
2.322000e-01 3.889576e-01
2.328000e-01 4.478660e-01
2.334000e-01 5.137458e-01
2.340000e-01 5.864616e-01
2.346000e-01 6.658324e-01
2.352000e-01 7.516966e-01
2.358000e-01 8.439824e-01
2.364000e-01 9.427686e-01
2.370000e-01 1.048319e+00
2.376000e-01 1.161067e+00
2.382000e-01 1.281503e+00
2.388000e-01 1.409882e+00
2.394000e-01 1.545593e+00
2.400000e-01 1.685854e+00
2.406000e-01 1.823211e+00
2.412000e-01 1.941314e+00
2.418000e-01 2.009822e+00
2.424000e-01 1.985032e+00
2.430000e-01 1.832176e+00
2.436000e-01 1.572929e+00
2.442000e-01 1.300988e+00
2.448000e-01 1.113619e+00
2.454000e-01 1.043981e+00
2.460000e-01 1.071189e+00
2.466000e-01 1.159077e+00
2.472000e-01 1.276497e+00
2.478000e-01 1.400678e+00
2.484000e-01 1.515243e+00
2.490000e-01 1.608294e+00
2.496000e-01 1.671660e+00
2.502000e-01 1.700905e+00
2.508000e-01 1.695430e+00
2.514000e-01 1.658151e+00
2.520000e-01 1.594620e+00
2.526000e-01 1.511794e+00
2.532000e-01 1.416803e+00
2.538000e-01 1.316024e+00
2.544000e-01 1.214575e+00
2.550000e-01 1.116177e+00
2.556000e-01 1.023277e+00
2.562000e-01 9.372814e-01
2.568000e-01 8.588267e-01
2.574000e-01 7.880163e-01
2.580000e-01 7.246157e-01
2.586000e-01 6.681956e-01
2.592000e-01 6.182317e-01
2.598000e-01 5.741720e-01
2.604000e-01 5.354787e-01
2.610000e-01 5.016545e-01
2.616000e-01 4.722572e-01
2.622000e-01 4.469084e-01
2.628000e-01 4.252985e-01
2.634000e-01 4.071910e-01
2.640000e-01 3.924280e-01
2.646000e-01 3.809383e-01
2.652000e-01 3.727505e-01
2.658000e-01 3.680130e-01
2.664000e-01 3.670260e-01
2.670000e-01 3.702889e-01
2.676000e-01 3.785714e-01
2.682000e-01 3.930178e-01
2.688000e-01 4.152962e-01
2.694000e-01 4.477959e-01
2.700000e-01 4.938463e-01
2.706000e-01 5.578179e-01
2.712000e-01 6.446537e-01
2.718000e-01 7.576869e-01
2.724000e-01 8.927772e-01
2.730000e-01 1.028562e+00
2.736000e-01 1.123074e+00
2.742000e-01 1.136814e+00
2.748000e-01 1.069595e+00
2.754000e-01 9.586021e-01
2.760000e-01 8.425237e-01
2.766000e-01 7.418480e-01
2.772000e-01 6.620497e-01
2.778000e-01 6.016884e-01
2.784000e-01 5.573801e-01
2.790000e-01 5.258140e-01
2.796000e-01 5.043230e-01
2.802000e-01 4.909183e-01
2.808000e-01 4.841731e-01
2.814000e-01 4.830909e-01
2.820000e-01 4.869952e-01
2.826000e-01 4.954462e-01
2.832000e-01 5.081781e-01
2.838000e-01 5.250520e-01
2.844000e-01 5.460172e-01
2.850000e-01 5.710767e-01
2.856000e-01 6.002513e-01
2.862000e-01 6.335402e-01
2.868000e-01 6.708728e-01
2.874000e-01 7.120508e-01
2.880000e-01 7.566815e-01
2.886000e-01 8.041064e-01
2.892000e-01 8.533372e-01
2.898000e-01 9.030194e-01
2.904000e-01 9.514528e-01
2.910000e-01 9.966963e-01
2.916000e-01 1.036778e+00
2.922000e-01 1.069994e+00
2.928000e-01 1.095256e+00
2.934000e-01 1.112379e+00
2.940000e-01 1.122255e+00
2.946000e-01 1.126836e+00
2.952000e-01 1.128960e+00
2.958000e-01 1.132092e+00
2.964000e-01 1.140072e+00
2.970000e-01 1.156916e+00
2.976000e-01 1.186704e+00
2.982000e-01 1.233482e+00
2.988000e-01 1.301065e+00
2.994000e-01 1.392560e+00
3.000000e-01 1.509334e+00
3.006000e-01 1.649207e+00
3.012000e-01 1.803928e+00
3.018000e-01 1.956993e+00
3.024000e-01 2.084202e+00
3.030000e-01 2.159587e+00
3.036000e-01 2.165749e+00
3.042000e-01 2.102012e+00
3.048000e-01 1.983691e+00
3.054000e-01 1.833600e+00
3.060000e-01 1.672955e+00
3.066000e-01 1.516706e+00
3.072000e-01 1.373189e+00
3.078000e-01 1.245830e+00
3.084000e-01 1.135077e+00
3.090000e-01 1.039856e+00
3.096000e-01 9.584797e-01
3.102000e-01 8.891344e-01
3.108000e-01 8.301174e-01
3.114000e-01 7.799317e-01
3.120000e-01 7.373089e-01
3.126000e-01 7.011988e-01
3.132000e-01 6.707460e-01
3.138000e-01 6.452640e-01
3.144000e-01 6.242101e-01
3.150000e-01 6.071615e-01
3.156000e-01 5.937895e-01
3.162000e-01 5.838136e-01
3.168000e-01 5.768444e-01
3.174000e-01 5.707304e-01
3.180000e-01 6.284384e-01
3.186000e-01 6.689785e-01
3.192000e-01 7.086159e-01
3.198000e-01 7.508960e-01
3.204000e-01 7.973073e-01
3.210000e-01 8.487273e-01
3.216000e-01 9.057213e-01
3.222000e-01 9.686030e-01
3.228000e-01 1.037410e+00
3.234000e-01 1.111836e+00
3.240000e-01 1.191145e+00
3.246000e-01 1.274083e+00
3.252000e-01 1.358812e+00
3.258000e-01 1.442903e+00
3.264000e-01 1.523426e+00
3.270000e-01 1.597141e+00
3.276000e-01 1.660805e+00
3.282000e-01 1.711556e+00
3.288000e-01 1.747274e+00
3.294000e-01 1.766860e+00
3.300000e-01 1.770342e+00
3.306000e-01 1.758798e+00
3.312000e-01 1.734126e+00
3.318000e-01 1.698726e+00
3.324000e-01 1.655181e+00
3.330000e-01 1.605996e+00
3.336000e-01 1.553414e+00
3.342000e-01 1.499317e+00
3.348000e-01 1.445199e+00
3.354000e-01 1.392186e+00
3.360000e-01 1.341078e+00
3.366000e-01 1.292407e+00
3.372000e-01 1.246492e+00
3.378000e-01 1.203491e+00
3.384000e-01 1.163445e+00
3.390000e-01 1.126310e+00
3.396000e-01 1.091988e+00
3.402000e-01 1.060348e+00
3.408000e-01 1.031241e+00
3.414000e-01 1.004521e+00
3.420000e-01 9.800525e-01
3.426000e-01 9.577336e-01
3.432000e-01 9.375153e-01
3.438000e-01 9.194352e-01
3.444000e-01 9.036681e-01
3.450000e-01 8.906050e-01
3.456000e-01 8.809781e-01
3.462000e-01 8.760541e-01
3.468000e-01 8.779273e-01
3.474000e-01 8.899324e-01
3.480000e-01 9.171431e-01
3.486000e-01 9.667415e-01
3.492000e-01 1.047599e+00
3.498000e-01 1.167723e+00
3.504000e-01 1.328147e+00
3.510000e-01 1.514822e+00
3.516000e-01 1.696737e+00
3.522000e-01 1.838544e+00
3.528000e-01 1.919581e+00
3.534000e-01 1.940509e+00
3.540000e-01 1.914897e+00
3.546000e-01 1.858328e+00
3.552000e-01 1.782939e+00
3.558000e-01 1.696688e+00
3.564000e-01 1.604455e+00
3.570000e-01 1.509304e+00
3.576000e-01 1.413363e+00
3.582000e-01 1.318322e+00
3.588000e-01 1.225650e+00
3.594000e-01 1.136645e+00
3.600000e-01 1.052419e+00
3.606000e-01 9.738555e-01
3.612000e-01 9.015843e-01
3.618000e-01 8.359760e-01
3.624000e-01 7.771627e-01
3.630000e-01 7.250738e-01
3.636000e-01 6.794819e-01
3.642000e-01 6.400489e-01
3.648000e-01 6.063683e-01
3.654000e-01 5.780004e-01
3.660000e-01 5.544999e-01
3.666000e-01 5.354359e-01
3.672000e-01 5.204051e-01
3.678000e-01 5.090402e-01
3.684000e-01 5.010146e-01
3.690000e-01 4.960438e-01
3.696000e-01 4.938851e-01
3.702000e-01 4.943371e-01
3.708000e-01 4.972372e-01
3.714000e-01 5.024602e-01
3.720000e-01 5.099161e-01
3.726000e-01 5.195486e-01
3.732000e-01 5.313338e-01
3.738000e-01 5.452792e-01
3.744000e-01 5.614234e-01
3.750000e-01 5.798357e-01
3.756000e-01 6.006164e-01
3.762000e-01 6.238977e-01
3.768000e-01 6.498441e-01
3.774000e-01 6.786537e-01
3.780000e-01 7.105585e-01
3.786000e-01 7.458254e-01
3.792000e-01 7.847556e-01
3.798000e-01 8.276828e-01
3.804000e-01 8.749704e-01
3.810000e-01 9.270043e-01
3.816000e-01 9.841829e-01
3.822000e-01 1.046901e+00
3.828000e-01 1.115524e+00
3.834000e-01 1.190363e+00
3.840000e-01 1.271621e+00
3.846000e-01 1.359353e+00
3.852000e-01 1.453395e+00
3.858000e-01 1.553306e+00
3.864000e-01 1.658310e+00
3.870000e-01 1.767258e+00
3.876000e-01 1.878635e+00
3.882000e-01 1.990621e+00
3.888000e-01 2.101219e+00
3.894000e-01 2.208438e+00
3.900000e-01 2.310486e+00
3.906000e-01 2.405905e+00
3.912000e-01 2.493563e+00
3.918000e-01 2.572436e+00
3.924000e-01 2.641206e+00
3.930000e-01 2.697788e+00
3.936000e-01 2.739075e+00
3.942000e-01 2.761187e+00
3.948000e-01 2.760374e+00
3.954000e-01 2.734346e+00
3.960000e-01 2.683396e+00
3.966000e-01 2.610715e+00
3.972000e-01 2.521723e+00
3.978000e-01 2.422810e+00
3.984000e-01 2.320108e+00
3.990000e-01 2.218691e+00
3.996000e-01 2.122288e+00
4.002000e-01 2.033355e+00
4.008000e-01 1.953336e+00
4.014000e-01 1.882954e+00
4.020000e-01 1.822473e+00
4.026000e-01 1.771900e+00
4.032000e-01 1.731131e+00
4.038000e-01 1.700054e+00
4.044000e-01 1.678607e+00
4.050000e-01 1.666826e+00
4.056000e-01 1.664862e+00
4.062000e-01 1.672985e+00
4.068000e-01 1.691559e+00
4.074000e-01 1.720989e+00
4.080000e-01 1.761600e+00
4.086000e-01 1.813425e+00
4.092000e-01 1.875851e+00
4.098000e-01 1.947068e+00
4.104000e-01 2.023322e+00
4.110000e-01 2.098106e+00
4.116000e-01 2.161674e+00
4.122000e-01 2.201652e+00
4.128000e-01 2.205514e+00
4.134000e-01 2.164802e+00
4.140000e-01 2.079188e+00
4.146000e-01 1.957515e+00
4.152000e-01 1.814672e+00
4.158000e-01 1.666368e+00
4.164000e-01 1.524991e+00
4.170000e-01 1.398080e+00
4.176000e-01 1.288875e+00
4.182000e-01 1.197690e+00
4.188000e-01 1.123238e+00
4.194000e-01 1.063561e+00
4.200000e-01 1.016582e+00
4.206000e-01 9.803795e-01
4.212000e-01 9.532968e-01
4.218000e-01 9.339618e-01
4.224000e-01 9.212670e-01
4.230000e-01 9.143347e-01
4.236000e-01 9.124784e-01
4.242000e-01 9.151670e-01
4.248000e-01 9.219937e-01
4.254000e-01 9.326486e-01
4.260000e-01 9.468959e-01
4.266000e-01 9.645525e-01
4.272000e-01 9.854688e-01
4.278000e-01 1.009509e+00
4.284000e-01 1.036531e+00
4.290000e-01 1.066367e+00
4.296000e-01 1.098794e+00
4.302000e-01 1.133517e+00
4.308000e-01 1.170137e+00
4.314000e-01 1.208133e+00
4.320000e-01 1.246842e+00
4.326000e-01 1.285460e+00
4.332000e-01 1.323058e+00
4.338000e-01 1.358634e+00
4.344000e-01 1.391187e+00
4.350000e-01 1.419831e+00
4.356000e-01 1.443918e+00
4.362000e-01 1.463158e+00
4.368000e-01 1.477699e+00
4.374000e-01 1.488149e+00
4.380000e-01 1.495515e+00
4.386000e-01 1.501077e+00
4.392000e-01 1.506208e+00
4.398000e-01 1.512178e+00
4.404000e-01 1.519961e+00
4.410000e-01 1.530075e+00
4.416000e-01 1.542450e+00
4.422000e-01 1.556342e+00
4.428000e-01 1.570306e+00
4.434000e-01 1.582243e+00
4.440000e-01 1.589555e+00
4.446000e-01 1.589444e+00
4.452000e-01 1.579338e+00
4.458000e-01 1.557394e+00
4.464000e-01 1.522955e+00
4.470000e-01 1.476822e+00
4.476000e-01 1.421230e+00
4.482000e-01 1.359538e+00
4.488000e-01 1.295731e+00
4.494000e-01 1.233914e+00
4.500000e-01 1.177933e+00
4.506000e-01 1.131197e+00
4.512000e-01 1.096687e+00
4.518000e-01 1.077102e+00
4.524000e-01 1.075076e+00
4.530000e-01 1.093357e+00
4.536000e-01 1.134843e+00
4.542000e-01 1.202209e+00
4.548000e-01 1.296689e+00
4.554000e-01 1.415308e+00
4.560000e-01 1.546117e+00
4.566000e-01 1.663168e+00
4.572000e-01 1.728019e+00
4.578000e-01 1.706319e+00
4.584000e-01 1.592532e+00
4.590000e-01 1.415898e+00
4.596000e-01 1.218911e+00
4.602000e-01 1.033774e+00
4.608000e-01 8.756485e-01
4.614000e-01 7.474942e-01
4.620000e-01 6.464632e-01
4.626000e-01 5.679592e-01
4.632000e-01 5.074947e-01
4.638000e-01 4.613143e-01
4.644000e-01 4.264807e-01
4.650000e-01 4.007712e-01
4.656000e-01 3.825344e-01
4.662000e-01 3.705596e-01
4.668000e-01 3.639712e-01
4.674000e-01 3.621503e-01
4.680000e-01 3.646758e-01
4.686000e-01 3.712825e-01
4.692000e-01 3.818306e-01
4.698000e-01 3.962836e-01
4.704000e-01 4.146923e-01
4.710000e-01 4.371831e-01
4.716000e-01 4.639480e-01
4.722000e-01 4.952362e-01
4.728000e-01 5.313457e-01
4.734000e-01 5.726130e-01
4.740000e-01 6.194003e-01
4.746000e-01 6.720792e-01
4.752000e-01 7.310074e-01
4.758000e-01 7.964993e-01
4.764000e-01 8.687860e-01
4.770000e-01 9.479650e-01
4.776000e-01 1.033934e+00
4.782000e-01 1.126306e+00
4.788000e-01 1.224304e+00
4.794000e-01 1.326609e+00
4.800000e-01 1.431168e+00
4.806000e-01 1.534913e+00
4.812000e-01 1.633360e+00
4.818000e-01 1.720070e+00
4.824000e-01 1.785988e+00
4.830000e-01 1.818879e+00
4.836000e-01 1.803505e+00
4.842000e-01 1.723864e+00
4.848000e-01 1.569165e+00
4.854000e-01 1.343459e+00
4.860000e-01 1.073392e+00
4.866000e-01 8.041801e-01
4.872000e-01 5.813538e-01
4.878000e-01 4.319501e-01
4.884000e-01 3.618335e-01
4.890000e-01 3.964950e-01
4.896000e-01 4.208901e-01
4.902000e-01 4.613575e-01
4.908000e-01 5.175247e-01
4.914000e-01 5.872551e-01
4.920000e-01 6.685246e-01
4.926000e-01 7.595472e-01
4.932000e-01 8.584486e-01
4.938000e-01 9.627432e-01
4.944000e-01 1.068725e+00
4.950000e-01 1.170927e+00
4.956000e-01 1.261929e+00
4.962000e-01 1.332900e+00
4.968000e-01 1.375178e+00
4.974000e-01 1.382628e+00
4.980000e-01 1.353854e+00
4.986000e-01 1.292963e+00
4.992000e-01 1.208337e+00
4.998000e-01 1.110101e+00
5.004000e-01 1.007625e+00
5.010000e-01 9.080419e-01
5.016000e-01 8.158781e-01
5.022000e-01 7.334299e-01
5.028000e-01 6.614014e-01
5.034000e-01 5.995155e-01
5.040000e-01 5.469774e-01
5.046000e-01 5.027803e-01
5.052000e-01 4.658862e-01
5.058000e-01 4.353214e-01
5.064000e-01 4.102197e-01
5.070000e-01 3.898348e-01
5.076000e-01 3.735375e-01
5.082000e-01 3.608051e-01
5.088000e-01 3.512087e-01
5.094000e-01 3.443997e-01
5.100000e-01 3.400983e-01
5.106000e-01 3.380829e-01
5.112000e-01 3.381816e-01
5.118000e-01 3.402654e-01
5.124000e-01 3.442425e-01
5.130000e-01 3.500551e-01
5.136000e-01 3.576768e-01
5.142000e-01 3.671118e-01
5.148000e-01 3.783961e-01
5.154000e-01 3.915999e-01
5.160000e-01 4.068325e-01
5.166000e-01 4.242496e-01
5.172000e-01 4.440643e-01
5.178000e-01 4.665614e-01
5.184000e-01 4.921182e-01
5.190000e-01 5.212310e-01
5.196000e-01 5.545519e-01
5.202000e-01 5.929372e-01
5.208000e-01 6.375114e-01
5.214000e-01 6.897493e-01
5.220000e-01 7.515781e-01
5.226000e-01 8.254897e-01
5.232000e-01 9.146330e-01
5.238000e-01 1.022792e+00
5.244000e-01 1.154016e+00
5.250000e-01 1.311382e+00
5.256000e-01 1.493919e+00
5.262000e-01 1.690508e+00
5.268000e-01 1.871536e+00
5.274000e-01 1.986370e+00
5.280000e-01 1.982846e+00
5.286000e-01 1.847478e+00
5.292000e-01 1.622565e+00
5.298000e-01 1.373145e+00
5.304000e-01 1.146319e+00
5.310000e-01 9.609934e-01
5.316000e-01 8.178226e-01
5.322000e-01 7.102014e-01
5.328000e-01 6.302936e-01
5.334000e-01 5.712983e-01
5.340000e-01 5.279332e-01
5.346000e-01 4.962836e-01
5.352000e-01 4.735027e-01
5.358000e-01 4.575322e-01
5.364000e-01 4.468821e-01
5.370000e-01 4.404698e-01
5.376000e-01 4.375055e-01
5.382000e-01 4.374105e-01
5.388000e-01 4.397610e-01
5.394000e-01 4.442472e-01
5.400000e-01 4.506449e-01
5.406000e-01 4.587949e-01
5.412000e-01 4.685883e-01
5.418000e-01 4.799561e-01
5.424000e-01 4.928607e-01
5.430000e-01 5.072910e-01
5.436000e-01 5.232575e-01
5.442000e-01 5.407895e-01
5.448000e-01 5.599331e-01
5.454000e-01 5.807486e-01
5.460000e-01 6.033100e-01
5.466000e-01 6.277033e-01
5.472000e-01 6.540258e-01
5.478000e-01 6.823851e-01
5.484000e-01 7.128977e-01
5.490000e-01 7.456882e-01
5.496000e-01 7.808871e-01
5.502000e-01 8.186290e-01
5.508000e-01 8.590495e-01
5.514000e-01 9.022821e-01
5.520000e-01 9.484530e-01
5.526000e-01 9.976755e-01
5.532000e-01 1.050043e+00
5.538000e-01 1.105621e+00
5.544000e-01 1.164435e+00
5.550000e-01 1.226462e+00
5.556000e-01 1.291616e+00
5.562000e-01 1.359734e+00
5.568000e-01 1.430568e+00
5.574000e-01 1.503769e+00
5.580000e-01 1.578882e+00
5.586000e-01 1.655346e+00
5.592000e-01 1.732497e+00
5.598000e-01 1.809589e+00
5.604000e-01 1.885819e+00
5.610000e-01 1.960366e+00
5.616000e-01 2.032448e+00
5.622000e-01 2.101376e+00
5.628000e-01 2.166620e+00
5.634000e-01 2.227868e+00
5.640000e-01 2.285081e+00
5.646000e-01 2.338532e+00
5.652000e-01 2.388828e+00
5.658000e-01 2.436917e+00
5.664000e-01 2.484084e+00
5.670000e-01 2.531925e+00
5.676000e-01 2.582325e+00
5.682000e-01 2.637410e+00
5.688000e-01 2.699499e+00
5.694000e-01 2.770991e+00
5.700000e-01 2.854193e+00
5.706000e-01 2.950967e+00
5.712000e-01 3.062122e+00
5.718000e-01 3.186438e+00
5.724000e-01 3.319283e+00
5.730000e-01 3.451184e+00
5.736000e-01 3.567293e+00
5.742000e-01 3.649342e+00
5.748000e-01 3.681062e+00
5.754000e-01 3.655267e+00
5.760000e-01 3.577851e+00
5.766000e-01 3.465230e+00
5.772000e-01 3.337178e+00
5.778000e-01 3.210232e+00
5.784000e-01 3.094776e+00
5.790000e-01 2.995367e+00
5.796000e-01 2.912441e+00
5.802000e-01 2.844065e+00
5.808000e-01 2.787207e+00
5.814000e-01 2.738531e+00
5.820000e-01 2.694826e+00
5.826000e-01 2.653251e+00
5.832000e-01 2.611455e+00
5.838000e-01 2.567634e+00
5.844000e-01 2.520561e+00
5.850000e-01 2.469563e+00
5.856000e-01 2.414482e+00
5.862000e-01 2.355601e+00
5.868000e-01 2.293550e+00
5.874000e-01 2.229202e+00
5.880000e-01 2.163568e+00
5.886000e-01 2.097701e+00
5.892000e-01 2.032621e+00
5.898000e-01 1.969254e+00
5.904000e-01 1.908403e+00
5.910000e-01 1.850726e+00
5.916000e-01 1.796736e+00
5.922000e-01 1.746812e+00
5.928000e-01 1.701212e+00
5.934000e-01 1.660091e+00
5.940000e-01 1.623525e+00
5.946000e-01 1.591523e+00
5.952000e-01 1.564049e+00
5.958000e-01 1.541035e+00
5.964000e-01 1.522390e+00
5.970000e-01 1.508011e+00
5.976000e-01 1.497790e+00
5.982000e-01 1.491621e+00
5.988000e-01 1.489400e+00
5.994000e-01 1.491026e+00
6.000000e-01 1.496409e+00
6.006000e-01 1.505460e+00
6.012000e-01 1.518100e+00
6.018000e-01 1.534249e+00
6.024000e-01 1.553829e+00
6.030000e-01 1.576759e+00
6.036000e-01 1.602952e+00
6.042000e-01 1.632308e+00
6.048000e-01 1.664710e+00
6.054000e-01 1.700019e+00
6.060000e-01 1.738066e+00
6.066000e-01 1.778648e+00
6.072000e-01 1.821516e+00
6.078000e-01 1.866372e+00
6.084000e-01 1.912863e+00
6.090000e-01 1.960572e+00
6.096000e-01 2.009019e+00
6.102000e-01 2.057656e+00
6.108000e-01 2.105872e+00
6.114000e-01 2.152996e+00
6.120000e-01 2.198307e+00
6.126000e-01 2.241054e+00
6.132000e-01 2.280468e+00
6.138000e-01 2.315794e+00
6.144000e-01 2.346311e+00
6.150000e-01 2.371366e+00
6.156000e-01 2.390401e+00
6.162000e-01 2.402979e+00
6.168000e-01 2.408805e+00
6.174000e-01 2.407740e+00
6.180000e-01 2.399806e+00
6.186000e-01 2.385185e+00
6.192000e-01 2.364208e+00
6.198000e-01 2.337332e+00
6.204000e-01 2.305121e+00
6.210000e-01 2.268214e+00
6.216000e-01 2.227300e+00
6.222000e-01 2.183088e+00
6.228000e-01 2.136283e+00
6.234000e-01 2.087565e+00
6.240000e-01 2.037570e+00
6.246000e-01 1.986881e+00
6.252000e-01 1.936018e+00
6.258000e-01 1.885434e+00
6.264000e-01 1.835517e+00
6.270000e-01 1.786586e+00
6.276000e-01 1.738899e+00
6.282000e-01 1.692659e+00
6.288000e-01 1.648013e+00
6.294000e-01 1.605067e+00
6.300000e-01 1.563882e+00
6.306000e-01 1.524489e+00
6.312000e-01 1.486890e+00
6.318000e-01 1.451064e+00
6.324000e-01 1.416973e+00
6.330000e-01 1.384567e+00
6.336000e-01 1.353786e+00
6.342000e-01 1.324567e+00
6.348000e-01 1.296846e+00
6.354000e-01 1.270562e+00
6.360000e-01 1.245658e+00
6.366000e-01 1.222083e+00
6.372000e-01 1.199798e+00
6.378000e-01 1.178771e+00
6.384000e-01 1.158981e+00
6.390000e-01 1.140420e+00
6.396000e-01 1.123089e+00
6.402000e-01 1.107004e+00
6.408000e-01 1.092189e+00
6.414000e-01 1.078681e+00
6.420000e-01 1.066528e+00
6.426000e-01 1.055793e+00
6.432000e-01 1.046548e+00
6.438000e-01 1.038880e+00
6.444000e-01 1.032891e+00
6.450000e-01 1.028702e+00
6.456000e-01 1.026449e+00
6.462000e-01 1.026294e+00
6.468000e-01 1.028420e+00
6.474000e-01 1.033042e+00
6.480000e-01 1.040406e+00
6.486000e-01 1.050793e+00
6.492000e-01 1.064528e+00
6.498000e-01 1.081977e+00
6.504000e-01 1.103555e+00
6.510000e-01 1.129718e+00
6.516000e-01 1.160964e+00
6.522000e-01 1.197816e+00
6.528000e-01 1.240794e+00
6.534000e-01 1.290372e+00
6.540000e-01 1.346903e+00
6.546000e-01 1.410517e+00
6.552000e-01 1.480971e+00
6.558000e-01 1.557467e+00
6.564000e-01 1.638446e+00
6.570000e-01 1.721424e+00
6.576000e-01 1.802926e+00
6.582000e-01 1.878660e+00
6.588000e-01 1.944003e+00
6.594000e-01 1.994792e+00
6.600000e-01 2.028281e+00
6.606000e-01 2.043919e+00
6.612000e-01 2.043665e+00
6.618000e-01 2.031684e+00
6.624000e-01 2.013573e+00
6.630000e-01 1.995423e+00
6.636000e-01 1.983008e+00
6.642000e-01 1.981248e+00
6.648000e-01 1.993929e+00
6.654000e-01 2.023582e+00
6.660000e-01 2.071402e+00
6.666000e-01 2.137161e+00
6.672000e-01 2.219099e+00
6.678000e-01 2.313882e+00
6.684000e-01 2.416738e+00
6.690000e-01 2.521880e+00
6.696000e-01 2.623245e+00
6.702000e-01 2.715436e+00
6.708000e-01 2.794637e+00
6.714000e-01 2.859244e+00
6.720000e-01 2.910056e+00
6.726000e-01 2.950068e+00
6.732000e-01 2.984021e+00
6.738000e-01 3.017922e+00
6.744000e-01 3.058621e+00
6.750000e-01 3.113400e+00
6.756000e-01 3.189244e+00
6.762000e-01 3.291147e+00
6.768000e-01 3.418633e+00
6.774000e-01 3.560465e+00
6.780000e-01 3.690845e+00
6.786000e-01 3.774713e+00
6.792000e-01 3.785529e+00
6.798000e-01 3.722079e+00
6.804000e-01 3.606328e+00
6.810000e-01 3.466786e+00
6.816000e-01 3.325257e+00
6.822000e-01 3.193666e+00
6.828000e-01 3.076537e+00
6.834000e-01 2.974292e+00
6.840000e-01 2.885552e+00
6.846000e-01 2.808386e+00
6.852000e-01 2.740894e+00
6.858000e-01 2.681416e+00
6.864000e-01 2.628585e+00
6.870000e-01 2.581299e+00
6.876000e-01 2.538661e+00
6.882000e-01 2.499908e+00
6.888000e-01 2.464286e+00
6.894000e-01 2.430774e+00
6.900000e-01 2.396568e+00
6.906000e-01 2.388005e+00
6.912000e-01 2.392102e+00
6.918000e-01 2.392979e+00
6.924000e-01 2.393835e+00
6.930000e-01 2.395615e+00
6.936000e-01 2.398753e+00
6.942000e-01 2.403492e+00
6.948000e-01 2.409993e+00
6.954000e-01 2.418381e+00
6.960000e-01 2.428762e+00
6.966000e-01 2.441239e+00
6.972000e-01 2.455922e+00
6.978000e-01 2.472930e+00
6.984000e-01 2.492398e+00
6.990000e-01 2.514476e+00
6.996000e-01 2.539333e+00
7.002000e-01 2.567151e+00
7.008000e-01 2.598123e+00
7.014000e-01 2.632441e+00
7.020000e-01 2.670276e+00
7.026000e-01 2.711761e+00
7.032000e-01 2.756944e+00
7.038000e-01 2.805745e+00
7.044000e-01 2.857886e+00
7.050000e-01 2.912814e+00
7.056000e-01 2.969607e+00
7.062000e-01 3.026893e+00
7.068000e-01 3.082789e+00
7.074000e-01 3.134900e+00
7.080000e-01 3.180415e+00
7.086000e-01 3.216327e+00
7.092000e-01 3.239776e+00
7.098000e-01 3.248469e+00
7.104000e-01 3.241079e+00
7.110000e-01 3.217510e+00
7.116000e-01 3.178938e+00
7.122000e-01 3.127603e+00
7.128000e-01 3.066442e+00
7.134000e-01 2.998641e+00
7.140000e-01 2.927258e+00
7.146000e-01 2.854946e+00
7.152000e-01 2.783822e+00
7.158000e-01 2.715445e+00
7.164000e-01 2.650867e+00
7.170000e-01 2.590717e+00
7.176000e-01 2.535305e+00
7.182000e-01 2.484710e+00
7.188000e-01 2.438851e+00
7.194000e-01 2.397552e+00
7.200000e-01 2.360577e+00
7.206000e-01 2.327667e+00
7.212000e-01 2.298557e+00
7.218000e-01 2.272986e+00
7.224000e-01 2.250708e+00
7.230000e-01 2.231494e+00
7.236000e-01 2.215131e+00
7.242000e-01 2.201425e+00
7.248000e-01 2.190199e+00
7.254000e-01 2.181286e+00
7.260000e-01 2.174534e+00
7.266000e-01 2.169796e+00
7.272000e-01 2.166935e+00
7.278000e-01 2.165813e+00
7.284000e-01 2.166296e+00
7.290000e-01 2.168247e+00
7.296000e-01 2.171528e+00
7.302000e-01 2.175998e+00
7.308000e-01 2.181514e+00
7.314000e-01 2.187928e+00
7.320000e-01 2.195094e+00
7.326000e-01 2.202869e+00
7.332000e-01 2.211115e+00
7.338000e-01 2.219706e+00
7.344000e-01 2.228531e+00
7.350000e-01 2.237498e+00
7.356000e-01 2.246541e+00
7.362000e-01 2.255621e+00
7.368000e-01 2.264731e+00
7.374000e-01 2.273896e+00
7.380000e-01 2.283173e+00
7.386000e-01 2.292651e+00
7.392000e-01 2.302448e+00
7.398000e-01 2.312707e+00
7.404000e-01 2.323596e+00
7.410000e-01 2.335296e+00
7.416000e-01 2.348006e+00
7.422000e-01 2.361931e+00
7.428000e-01 2.377280e+00
7.434000e-01 2.394262e+00
7.440000e-01 2.413076e+00
7.446000e-01 2.433909e+00
7.452000e-01 2.456925e+00
7.458000e-01 2.482251e+00
7.464000e-01 2.509967e+00
7.470000e-01 2.540090e+00
7.476000e-01 2.572547e+00
7.482000e-01 2.607157e+00
7.488000e-01 2.643604e+00
7.494000e-01 2.681409e+00
7.500000e-01 2.719915e+00
7.506000e-01 2.758278e+00
7.512000e-01 2.795480e+00
7.518000e-01 2.830365e+00
7.524000e-01 2.861706e+00
7.530000e-01 2.888307e+00
7.536000e-01 2.909111e+00
7.542000e-01 2.923318e+00
7.548000e-01 2.930480e+00
7.554000e-01 2.930550e+00
7.560000e-01 2.923880e+00
7.566000e-01 2.911163e+00
7.572000e-01 2.893342e+00
7.578000e-01 2.871490e+00
7.584000e-01 2.846707e+00
7.590000e-01 2.820027e+00
7.596000e-01 2.792357e+00
7.602000e-01 2.764443e+00
7.608000e-01 2.736864e+00
7.614000e-01 2.710038e+00
7.620000e-01 2.684242e+00
7.626000e-01 2.659637e+00
7.632000e-01 2.636292e+00
7.638000e-01 2.614206e+00
7.644000e-01 2.593335e+00
7.650000e-01 2.573599e+00
7.656000e-01 2.554905e+00
7.662000e-01 2.537154e+00
7.668000e-01 2.520249e+00
7.674000e-01 2.504103e+00
7.680000e-01 2.488643e+00
7.686000e-01 2.473814e+00
7.692000e-01 2.459583e+00
7.698000e-01 2.445936e+00
7.704000e-01 2.432887e+00
7.710000e-01 2.420470e+00
7.716000e-01 2.408748e+00
7.722000e-01 2.397808e+00
7.728000e-01 2.387765e+00
7.734000e-01 2.378759e+00
7.740000e-01 2.370958e+00
7.746000e-01 2.364557e+00
7.752000e-01 2.359779e+00
7.758000e-01 2.356875e+00
7.764000e-01 2.356128e+00
7.770000e-01 2.357848e+00
7.776000e-01 2.362382e+00
7.782000e-01 2.370105e+00
7.788000e-01 2.381432e+00
7.794000e-01 2.396810e+00
7.800000e-01 2.416725e+00
7.806000e-01 2.441696e+00
7.812000e-01 2.472276e+00
7.818000e-01 2.509040e+00
7.824000e-01 2.552576e+00
7.830000e-01 2.603457e+00
7.836000e-01 2.662207e+00
7.842000e-01 2.729242e+00
7.848000e-01 2.804791e+00
7.854000e-01 2.888775e+00
7.860000e-01 2.980666e+00
7.866000e-01 3.079308e+00
7.872000e-01 3.182735e+00
7.878000e-01 3.288024e+00
7.884000e-01 3.391259e+00
7.890000e-01 3.487665e+00
7.896000e-01 3.571994e+00
7.902000e-01 3.639130e+00
7.908000e-01 3.684824e+00
7.914000e-01 3.706350e+00
7.920000e-01 3.702878e+00
7.926000e-01 3.675464e+00
7.932000e-01 3.626683e+00
7.938000e-01 3.560057e+00
7.944000e-01 3.479479e+00
7.950000e-01 3.388740e+00
7.956000e-01 3.291241e+00
7.962000e-01 3.189852e+00
7.968000e-01 3.086898e+00
7.974000e-01 2.984196e+00
7.980000e-01 2.883132e+00
7.986000e-01 2.784740e+00
7.992000e-01 2.689771e+00
7.998000e-01 2.598755e+00
8.004000e-01 2.512048e+00
8.010000e-01 2.429872e+00
8.016000e-01 2.352347e+00
8.022000e-01 2.279517e+00
8.028000e-01 2.211362e+00
8.034000e-01 2.147821e+00
8.040000e-01 2.088801e+00
8.046000e-01 2.034180e+00
8.052000e-01 1.983819e+00
8.058000e-01 1.937560e+00
8.064000e-01 1.895228e+00
8.070000e-01 1.856631e+00
8.076000e-01 1.821556e+00
8.082000e-01 1.789768e+00
8.088000e-01 1.761007e+00
8.094000e-01 1.734992e+00
8.100000e-01 1.711418e+00
8.106000e-01 1.689966e+00
8.112000e-01 1.670304e+00
8.118000e-01 1.652103e+00
8.124000e-01 1.635041e+00
8.130000e-01 1.618820e+00
8.136000e-01 1.603173e+00
8.142000e-01 1.587870e+00
8.148000e-01 1.572728e+00
8.154000e-01 1.557609e+00
8.160000e-01 1.542422e+00
8.166000e-01 1.527119e+00
8.172000e-01 1.511689e+00
8.178000e-01 1.496153e+00
8.184000e-01 1.480556e+00
8.190000e-01 1.464960e+00
8.196000e-01 1.449439e+00
8.202000e-01 1.434070e+00
8.208000e-01 1.418933e+00
8.214000e-01 1.404103e+00
8.220000e-01 1.389653e+00
8.226000e-01 1.375644e+00
8.232000e-01 1.362133e+00
8.238000e-01 1.349165e+00
8.244000e-01 1.336778e+00
8.250000e-01 1.325000e+00
8.256000e-01 1.313852e+00
8.262000e-01 1.303348e+00
8.268000e-01 1.293495e+00
8.274000e-01 1.284295e+00
8.280000e-01 1.275744e+00
8.286000e-01 1.267836e+00
8.292000e-01 1.260561e+00
8.298000e-01 1.253905e+00
8.304000e-01 1.247855e+00
8.310000e-01 1.242396e+00
8.316000e-01 1.237512e+00
8.322000e-01 1.233189e+00
8.328000e-01 1.229411e+00
8.334000e-01 1.226167e+00
8.340000e-01 1.223446e+00
8.346000e-01 1.221239e+00
8.352000e-01 1.219542e+00
8.358000e-01 1.218354e+00
8.364000e-01 1.217676e+00
8.370000e-01 1.217517e+00
8.376000e-01 1.217890e+00
8.382000e-01 1.218813e+00
8.388000e-01 1.220310e+00
8.394000e-01 1.222413e+00
8.400000e-01 1.225161e+00
8.406000e-01 1.228602e+00
8.412000e-01 1.232791e+00
8.418000e-01 1.237793e+00
8.424000e-01 1.243681e+00
8.430000e-01 1.250541e+00
8.436000e-01 1.258468e+00
8.442000e-01 1.267567e+00
8.448000e-01 1.277955e+00
8.454000e-01 1.289759e+00
8.460000e-01 1.303117e+00
8.466000e-01 1.318173e+00
8.472000e-01 1.335078e+00
8.478000e-01 1.353985e+00
8.484000e-01 1.375042e+00
8.490000e-01 1.398386e+00
8.496000e-01 1.424132e+00
8.502000e-01 1.452358e+00
8.508000e-01 1.483091e+00
8.514000e-01 1.516284e+00
8.520000e-01 1.551798e+00
8.526000e-01 1.589379e+00
8.532000e-01 1.628646e+00
8.538000e-01 1.669082e+00
8.544000e-01 1.710046e+00
8.550000e-01 1.750801e+00
8.556000e-01 1.790566e+00
8.562000e-01 1.828586e+00
8.568000e-01 1.864213e+00
8.574000e-01 1.896983e+00
8.580000e-01 1.926679e+00
8.586000e-01 1.953361e+00
8.592000e-01 1.977354e+00
8.598000e-01 1.999220e+00
8.604000e-01 2.019692e+00
8.610000e-01 2.039608e+00
8.616000e-01 2.059847e+00
8.622000e-01 2.081280e+00
8.628000e-01 2.104729e+00
8.634000e-01 2.130954e+00
8.640000e-01 2.160645e+00
8.646000e-01 2.194424e+00
8.652000e-01 2.232861e+00
8.658000e-01 2.276477e+00
8.664000e-01 2.325756e+00
8.670000e-01 2.381143e+00
8.676000e-01 2.443028e+00
8.682000e-01 2.511708e+00
8.688000e-01 2.587304e+00
8.694000e-01 2.669620e+00
8.700000e-01 2.757909e+00
8.706000e-01 2.850528e+00
8.712000e-01 2.944469e+00
8.718000e-01 3.034874e+00
8.724000e-01 3.114754e+00
8.730000e-01 3.175387e+00
8.736000e-01 3.207874e+00
8.742000e-01 3.205891e+00
8.748000e-01 3.168541e+00
8.754000e-01 3.101453e+00
8.760000e-01 3.015022e+00
8.766000e-01 2.920817e+00
8.772000e-01 2.828347e+00
8.778000e-01 2.743604e+00
8.784000e-01 2.669258e+00
8.790000e-01 2.605642e+00
8.796000e-01 2.551792e+00
8.802000e-01 2.506225e+00
8.808000e-01 2.467392e+00
8.814000e-01 2.433909e+00
8.820000e-01 2.404641e+00
8.826000e-01 2.378707e+00
8.832000e-01 2.355447e+00
8.838000e-01 2.334388e+00
8.844000e-01 2.315190e+00
8.850000e-01 2.297615e+00
8.856000e-01 2.281493e+00
8.862000e-01 2.266692e+00
8.868000e-01 2.253103e+00
8.874000e-01 2.240620e+00
8.880000e-01 2.229130e+00
8.886000e-01 2.218508e+00
8.892000e-01 2.208609e+00
8.898000e-01 2.199264e+00
8.904000e-01 2.190284e+00
8.910000e-01 2.181458e+00
8.916000e-01 2.172558e+00
8.922000e-01 2.163338e+00
8.928000e-01 2.153548e+00
8.934000e-01 2.142930e+00
8.940000e-01 2.131233e+00
8.946000e-01 2.118218e+00
8.952000e-01 2.103664e+00
8.958000e-01 2.087378e+00
8.964000e-01 2.069201e+00
8.970000e-01 2.049015e+00
8.976000e-01 2.026745e+00
8.982000e-01 2.002365e+00
8.988000e-01 1.975899e+00
8.994000e-01 1.947419e+00
9.000000e-01 1.917041e+00
9.006000e-01 1.884924e+00
9.012000e-01 1.851264e+00
9.018000e-01 1.816284e+00
9.024000e-01 1.780231e+00
9.030000e-01 1.743365e+00
9.036000e-01 1.705954e+00
9.042000e-01 1.668265e+00
9.048000e-01 1.630563e+00
9.054000e-01 1.593101e+00
9.060000e-01 1.556117e+00
9.066000e-01 1.519834e+00
9.072000e-01 1.484459e+00
9.078000e-01 1.450175e+00
9.084000e-01 1.417152e+00
9.090000e-01 1.385537e+00
9.096000e-01 1.355464e+00
9.102000e-01 1.327051e+00
9.108000e-01 1.300403e+00
9.114000e-01 1.275613e+00
9.120000e-01 1.252769e+00
9.126000e-01 1.231948e+00
9.132000e-01 1.213228e+00
9.138000e-01 1.196684e+00
9.144000e-01 1.182389e+00
9.150000e-01 1.170423e+00
9.156000e-01 1.160870e+00
9.162000e-01 1.153821e+00
9.168000e-01 1.149378e+00
9.174000e-01 1.147654e+00
9.180000e-01 1.148785e+00
9.186000e-01 1.152930e+00
9.192000e-01 1.167480e+00
9.198000e-01 1.181374e+00
9.204000e-01 1.197388e+00
9.210000e-01 1.216118e+00
9.216000e-01 1.237851e+00
9.222000e-01 1.262792e+00
9.228000e-01 1.291107e+00
9.234000e-01 1.322944e+00
9.240000e-01 1.358431e+00
9.246000e-01 1.397674e+00
9.252000e-01 1.440754e+00
9.258000e-01 1.487719e+00
9.264000e-01 1.538577e+00
9.270000e-01 1.593284e+00
9.276000e-01 1.651735e+00
9.282000e-01 1.713754e+00
9.288000e-01 1.779085e+00
9.294000e-01 1.847384e+00
9.300000e-01 1.918215e+00
9.306000e-01 1.991045e+00
9.312000e-01 2.065254e+00
9.318000e-01 2.140141e+00
9.324000e-01 2.214941e+00
9.330000e-01 2.288843e+00
9.336000e-01 2.361024e+00
9.342000e-01 2.430669e+00
9.348000e-01 2.497011e+00
9.354000e-01 2.559356e+00
9.360000e-01 2.617113e+00
9.366000e-01 2.669815e+00
9.372000e-01 2.717134e+00
9.378000e-01 2.758890e+00
9.384000e-01 2.795049e+00
9.390000e-01 2.825720e+00
9.396000e-01 2.851137e+00
9.402000e-01 2.871647e+00
9.408000e-01 2.887688e+00
9.414000e-01 2.899768e+00
9.420000e-01 2.908444e+00
9.426000e-01 2.914303e+00
9.432000e-01 2.917945e+00
9.438000e-01 2.919966e+00
9.444000e-01 2.920949e+00
9.450000e-01 2.921448e+00
9.456000e-01 2.921985e+00
9.462000e-01 2.923039e+00
9.468000e-01 2.925045e+00
9.474000e-01 2.928386e+00
9.480000e-01 2.933389e+00
9.486000e-01 2.940322e+00
9.492000e-01 2.949385e+00
9.498000e-01 2.960703e+00
9.504000e-01 2.974318e+00
9.510000e-01 2.990178e+00
9.516000e-01 3.008124e+00
9.522000e-01 3.027877e+00
9.528000e-01 3.049026e+00
9.534000e-01 3.071018e+00
9.540000e-01 3.093154e+00
9.546000e-01 3.114594e+00
9.552000e-01 3.134373e+00
9.558000e-01 3.151440e+00
9.564000e-01 3.164705e+00
9.570000e-01 3.173118e+00
9.576000e-01 3.175753e+00
9.582000e-01 3.171905e+00
9.588000e-01 3.161180e+00
9.594000e-01 3.143570e+00
9.600000e-01 3.119489e+00
9.606000e-01 3.089780e+00
9.612000e-01 3.055669e+00
9.618000e-01 3.018687e+00
9.624000e-01 2.980561e+00
9.630000e-01 2.943096e+00
9.636000e-01 2.908041e+00
9.642000e-01 2.876971e+00
9.648000e-01 2.851165e+00
9.654000e-01 2.831498e+00
9.660000e-01 2.818339e+00
9.666000e-01 2.811480e+00
9.672000e-01 2.810111e+00
9.678000e-01 2.812873e+00
9.684000e-01 2.818024e+00
9.690000e-01 2.823707e+00
9.696000e-01 2.828273e+00
9.702000e-01 2.830589e+00
9.708000e-01 2.830218e+00
9.714000e-01 2.827437e+00
9.720000e-01 2.823106e+00
9.726000e-01 2.818438e+00
9.732000e-01 2.814771e+00
9.738000e-01 2.813372e+00
9.744000e-01 2.815325e+00
9.750000e-01 2.821469e+00
9.756000e-01 2.832392e+00
9.762000e-01 2.848446e+00
9.768000e-01 2.869770e+00
9.774000e-01 2.896315e+00
9.780000e-01 2.927862e+00
9.786000e-01 2.964031e+00
9.792000e-01 3.004283e+00
9.798000e-01 3.047922e+00
9.804000e-01 3.094090e+00
9.810000e-01 3.141773e+00
9.816000e-01 3.189817e+00
9.822000e-01 3.236951e+00
9.828000e-01 3.281843e+00
9.834000e-01 3.323170e+00
9.840000e-01 3.359704e+00
9.846000e-01 3.390417e+00
9.852000e-01 3.414581e+00
9.858000e-01 3.431848e+00
9.864000e-01 3.442303e+00
9.870000e-01 3.446464e+00
9.876000e-01 3.445235e+00
9.882000e-01 3.439824e+00
9.888000e-01 3.431616e+00
9.894000e-01 3.422052e+00
9.900000e-01 3.412493e+00
9.906000e-01 3.404123e+00
9.912000e-01 3.397860e+00
9.918000e-01 3.394297e+00
9.924000e-01 3.393672e+00
9.930000e-01 3.395844e+00
9.936000e-01 3.400297e+00
9.942000e-01 3.406146e+00
9.948000e-01 3.412163e+00
9.954000e-01 3.416818e+00
9.960000e-01 3.418356e+00
9.966000e-01 3.414887e+00
9.972000e-01 3.404531e+00
9.978000e-01 3.385573e+00
9.984000e-01 3.356652e+00
9.990000e-01 3.316926e+00
9.996000e-01 3.266211e+00
1.000200e+00 3.205045e+00
1.000800e+00 3.134666e+00
1.001400e+00 3.056901e+00
1.002000e+00 2.973987e+00
1.002600e+00 2.888349e+00
1.003200e+00 2.802393e+00
1.003800e+00 2.718319e+00
1.004400e+00 2.638003e+00
1.005000e+00 2.562927e+00
1.005600e+00 2.494174e+00
1.006200e+00 2.432451e+00
1.006800e+00 2.378144e+00
1.007400e+00 2.331380e+00
1.008000e+00 2.292089e+00
1.008600e+00 2.260062e+00
1.009200e+00 2.234999e+00
1.009800e+00 2.216547e+00
1.010400e+00 2.204329e+00
1.011000e+00 2.197964e+00
1.011600e+00 2.197081e+00
1.012200e+00 2.201326e+00
1.012800e+00 2.210368e+00
1.013400e+00 2.223897e+00
1.014000e+00 2.241627e+00
1.014600e+00 2.263287e+00
1.015200e+00 2.288622e+00
1.015800e+00 2.317385e+00
1.016400e+00 2.349334e+00
1.017000e+00 2.384225e+00
1.017600e+00 2.421803e+00
1.018200e+00 2.461806e+00
1.018800e+00 2.503951e+00
1.019400e+00 2.547936e+00
1.020000e+00 2.593440e+00
1.020600e+00 2.640119e+00
1.021200e+00 2.687615e+00
1.021800e+00 2.735557e+00
1.022400e+00 2.783576e+00
1.023000e+00 2.831311e+00
1.023600e+00 2.878428e+00
1.024200e+00 2.924632e+00
1.024800e+00 2.969678e+00
1.025400e+00 3.013388e+00
1.026000e+00 3.055652e+00
1.026600e+00 3.096434e+00
1.027200e+00 3.135763e+00
1.027800e+00 3.173720e+00
1.028400e+00 3.210421e+00
1.029000e+00 3.245992e+00
1.029600e+00 3.280540e+00
1.030200e+00 3.314124e+00
1.030800e+00 3.346728e+00
1.031400e+00 3.378235e+00
1.032000e+00 3.408411e+00
1.032600e+00 3.436897e+00
1.033200e+00 3.463209e+00
1.033800e+00 3.486761e+00
1.034400e+00 3.506896e+00
1.035000e+00 3.522936e+00
1.035600e+00 3.534252e+00
1.036200e+00 3.540334e+00
1.036800e+00 3.540870e+00
1.037400e+00 3.535806e+00
1.038000e+00 3.525399e+00
1.038600e+00 3.510218e+00
1.039200e+00 3.491122e+00
1.039800e+00 3.469200e+00
1.040400e+00 3.445677e+00
1.041000e+00 3.421819e+00
1.041600e+00 3.398823e+00
1.042200e+00 3.377737e+00
1.042800e+00 3.359394e+00
1.043400e+00 3.344377e+00
1.044000e+00 3.333003e+00
1.044600e+00 3.325335e+00
1.045200e+00 3.321204e+00
1.045800e+00 3.320245e+00
1.046400e+00 3.321938e+00
1.047000e+00 3.325644e+00
1.047600e+00 3.330653e+00
1.048200e+00 3.336219e+00
1.048800e+00 3.341599e+00
1.049400e+00 3.346089e+00
1.050000e+00 3.349048e+00
1.050600e+00 3.349924e+00
1.051200e+00 3.348273e+00
1.051800e+00 3.343768e+00
1.052400e+00 3.336204e+00
1.053000e+00 3.325497e+00
1.053600e+00 3.311677e+00
1.054200e+00 3.294872e+00
1.054800e+00 3.275298e+00
1.055400e+00 3.253233e+00
1.056000e+00 3.229007e+00
1.056600e+00 3.202979e+00
1.057200e+00 3.175522e+00
1.057800e+00 3.147009e+00
1.058400e+00 3.117799e+00
1.059000e+00 3.088234e+00
1.059600e+00 3.058625e+00
1.060200e+00 3.029254e+00
1.060800e+00 3.000370e+00
1.061400e+00 2.972185e+00
1.062000e+00 2.944881e+00
1.062600e+00 2.918607e+00
1.063200e+00 2.893483e+00
1.063800e+00 2.869602e+00
1.064400e+00 2.847033e+00
1.065000e+00 2.825823e+00
1.065600e+00 2.806002e+00
1.066200e+00 2.787582e+00
1.066800e+00 2.770561e+00
1.067400e+00 2.754926e+00
1.068000e+00 2.740653e+00
1.068600e+00 2.727708e+00
1.069200e+00 2.716051e+00
1.069800e+00 2.705637e+00
1.070400e+00 2.696413e+00
1.071000e+00 2.688322e+00
1.071600e+00 2.681305e+00
1.072200e+00 2.675298e+00
1.072800e+00 2.670233e+00
1.073400e+00 2.666044e+00
1.074000e+00 2.662657e+00
1.074600e+00 2.660001e+00
1.075200e+00 2.658001e+00
1.075800e+00 2.656582e+00
1.076400e+00 2.655667e+00
1.077000e+00 2.655179e+00
1.077600e+00 2.655039e+00
1.078200e+00 2.655169e+00
1.078800e+00 2.655491e+00
1.079400e+00 2.655927e+00
1.080000e+00 2.656398e+00
1.080600e+00 2.656828e+00
1.081200e+00 2.657141e+00
1.081800e+00 2.657263e+00
1.082400e+00 2.657122e+00
1.083000e+00 2.656646e+00
1.083600e+00 2.655769e+00
1.084200e+00 2.654425e+00
1.084800e+00 2.652551e+00
1.085400e+00 2.650090e+00
1.086000e+00 2.646984e+00
1.086600e+00 2.643183e+00
1.087200e+00 2.638637e+00
1.087800e+00 2.633299e+00
1.088400e+00 2.627129e+00
1.089000e+00 2.620085e+00
1.089600e+00 2.612130e+00
1.090200e+00 2.603229e+00
1.090800e+00 2.593347e+00
1.091400e+00 2.582451e+00
1.092000e+00 2.570509e+00
1.092600e+00 2.557488e+00
1.093200e+00 2.543357e+00
1.093800e+00 2.528089e+00
1.094400e+00 2.511657e+00
1.095000e+00 2.494047e+00
1.095600e+00 2.475255e+00
1.096200e+00 2.455302e+00
1.096800e+00 2.434242e+00
1.097400e+00 2.412181e+00
1.098000e+00 2.389297e+00
1.098600e+00 2.365863e+00
1.099200e+00 2.342277e+00
1.099800e+00 2.319089e+00
1.100400e+00 2.297018e+00
1.101000e+00 2.276962e+00
1.101600e+00 2.259976e+00
1.102200e+00 2.247218e+00
1.102800e+00 2.239863e+00
1.103400e+00 2.238979e+00
1.104000e+00 2.245393e+00
1.104600e+00 2.259573e+00
1.105200e+00 2.281552e+00
1.105800e+00 2.310920e+00
1.106400e+00 2.346880e+00
1.107000e+00 2.388353e+00
1.107600e+00 2.434108e+00
1.108200e+00 2.482884e+00
1.108800e+00 2.533481e+00
1.109400e+00 2.584822e+00
1.110000e+00 2.635983e+00
1.110600e+00 2.686193e+00
1.111200e+00 2.734824e+00
1.111800e+00 2.781372e+00
1.112400e+00 2.825443e+00
1.113000e+00 2.866730e+00
1.113600e+00 2.905009e+00
1.114200e+00 2.940132e+00
1.114800e+00 2.972021e+00
1.115400e+00 3.000673e+00
1.116000e+00 3.026158e+00
1.116600e+00 3.048626e+00
1.117200e+00 3.068304e+00
1.117800e+00 3.085500e+00
1.118400e+00 3.100595e+00
1.119000e+00 3.114045e+00
1.119600e+00 3.126368e+00
1.120200e+00 3.138140e+00
1.120800e+00 3.149981e+00
1.121400e+00 3.162546e+00
1.122000e+00 3.176509e+00
1.122600e+00 3.192553e+00
1.123200e+00 3.211352e+00
1.123800e+00 3.233559e+00
1.124400e+00 3.259788e+00
1.125000e+00 3.290598e+00
1.125600e+00 3.326470e+00
1.126200e+00 3.367787e+00
1.126800e+00 3.414808e+00
1.127400e+00 3.467641e+00
1.128000e+00 3.526212e+00
1.128600e+00 3.590236e+00
1.129200e+00 3.659197e+00
1.129800e+00 3.732328e+00
1.130400e+00 3.808611e+00
1.131000e+00 3.886799e+00
1.131600e+00 3.965457e+00
1.132200e+00 4.043040e+00
1.132800e+00 4.117987e+00
1.133400e+00 4.188841e+00
1.134000e+00 4.254367e+00
1.134600e+00 4.313658e+00
1.135200e+00 4.366208e+00
1.135800e+00 4.411941e+00
1.136400e+00 4.451189e+00
1.137000e+00 4.484613e+00
1.137600e+00 4.513095e+00
1.138200e+00 4.537602e+00
1.138800e+00 4.559048e+00
1.139400e+00 4.578157e+00
1.140000e+00 4.595359e+00
1.140600e+00 4.610711e+00
1.141200e+00 4.623853e+00
1.141800e+00 4.634010e+00
1.142400e+00 4.640042e+00
1.143000e+00 4.640532e+00
1.143600e+00 4.633933e+00
1.144200e+00 4.618741e+00
1.144800e+00 4.593682e+00
1.145400e+00 4.557899e+00
1.146000e+00 4.511081e+00
1.146600e+00 4.453531e+00
1.147200e+00 4.386148e+00
1.147800e+00 4.310324e+00
1.148400e+00 4.227793e+00
1.149000e+00 4.140446e+00
1.149600e+00 4.050159e+00
1.150200e+00 3.958655e+00
1.150800e+00 3.867413e+00
1.151400e+00 3.777624e+00
1.152000e+00 3.690186e+00
1.152600e+00 3.605732e+00
1.153200e+00 3.524667e+00
1.153800e+00 3.447212e+00
1.154400e+00 3.373456e+00
1.155000e+00 3.303388e+00
1.155600e+00 3.236931e+00
1.156200e+00 3.173969e+00
1.156800e+00 3.114366e+00
1.157400e+00 3.057974e+00
1.158000e+00 3.004649e+00
1.158600e+00 2.954251e+00
1.159200e+00 2.906649e+00
1.159800e+00 2.861723e+00
1.160400e+00 2.819367e+00
1.161000e+00 2.779486e+00
1.161600e+00 2.741999e+00
1.162200e+00 2.706834e+00
1.162800e+00 2.673935e+00
1.163400e+00 2.643256e+00
1.164000e+00 2.614762e+00
1.164600e+00 2.588434e+00
1.165200e+00 2.564263e+00
1.165800e+00 2.542255e+00
1.166400e+00 2.522436e+00
1.167000e+00 2.504860e+00
1.167600e+00 2.489626e+00
1.168200e+00 2.476954e+00
1.168800e+00 2.467532e+00
1.169400e+00 2.458360e+00
1.170000e+00 2.443479e+00
1.170600e+00 2.432015e+00
1.171200e+00 2.423457e+00
1.171800e+00 2.417808e+00
1.172400e+00 2.415172e+00
1.173000e+00 2.415693e+00
1.173600e+00 2.419545e+00
1.174200e+00 2.426920e+00
1.174800e+00 2.438033e+00
1.175400e+00 2.453116e+00
1.176000e+00 2.472421e+00
1.176600e+00 2.496217e+00
1.177200e+00 2.524786e+00
1.177800e+00 2.558419e+00
1.178400e+00 2.597403e+00
1.179000e+00 2.642011e+00
1.179600e+00 2.692479e+00
1.180200e+00 2.748976e+00
1.180800e+00 2.811561e+00
1.181400e+00 2.880131e+00
1.182000e+00 2.954348e+00
1.182600e+00 3.033555e+00
1.183200e+00 3.116685e+00
1.183800e+00 3.202162e+00
1.184400e+00 3.287840e+00
1.185000e+00 3.370986e+00
1.185600e+00 3.448368e+00
1.186200e+00 3.516469e+00
1.186800e+00 3.571850e+00
1.187400e+00 3.611615e+00
1.188000e+00 3.633898e+00
1.188600e+00 3.638217e+00
1.189200e+00 3.625594e+00
1.189800e+00 3.598364e+00
1.190400e+00 3.559752e+00
1.191000e+00 3.513329e+00
1.191600e+00 3.462513e+00
1.192200e+00 3.410211e+00
1.192800e+00 3.358642e+00
1.193400e+00 3.309312e+00
1.194000e+00 3.263103e+00
1.194600e+00 3.220401e+00
1.195200e+00 3.181241e+00
1.195800e+00 3.145432e+00
1.196400e+00 3.112656e+00
1.197000e+00 3.082540e+00
1.197600e+00 3.054706e+00
1.198200e+00 3.028799e+00
1.198800e+00 3.004502e+00
1.199400e+00 2.981542e+00
