0.000000e+00 0.000000e+00
6.000000e-04 0.000000e+00
1.200000e-03 0.000000e+00
1.800000e-03 0.000000e+00
2.400000e-03 0.000000e+00
3.000000e-03 0.000000e+00
3.600000e-03 0.000000e+00
4.200000e-03 0.000000e+00
4.800000e-03 0.000000e+00
5.400000e-03 0.000000e+00
6.000000e-03 0.000000e+00
6.600000e-03 0.000000e+00
7.200000e-03 0.000000e+00
7.800000e-03 0.000000e+00
8.400000e-03 0.000000e+00
9.000000e-03 0.000000e+00
9.600000e-03 0.000000e+00
1.020000e-02 0.000000e+00
1.080000e-02 0.000000e+00
1.140000e-02 0.000000e+00
1.200000e-02 0.000000e+00
1.260000e-02 0.000000e+00
1.320000e-02 0.000000e+00
1.380000e-02 0.000000e+00
1.440000e-02 0.000000e+00
1.500000e-02 0.000000e+00
1.560000e-02 0.000000e+00
1.620000e-02 0.000000e+00
1.680000e-02 0.000000e+00
1.740000e-02 0.000000e+00
1.800000e-02 0.000000e+00
1.860000e-02 0.000000e+00
1.920000e-02 0.000000e+00
1.980000e-02 0.000000e+00
2.040000e-02 2.782221e-04
2.100000e-02 1.576016e-04
2.160000e-02 5.605337e-05
2.220000e-02 2.120388e-05
2.280000e-02 7.649040e-06
2.340000e-02 2.284693e-06
2.400000e-02 3.843596e-07
2.460000e-02 1.003023e-09
2.520000e-02 2.675808e-07
2.580000e-02 7.818035e-07
2.640000e-02 1.355250e-06
2.700000e-02 1.902176e-06
2.760000e-02 2.387217e-06
2.820000e-02 2.799752e-06
2.880000e-02 3.140974e-06
2.940000e-02 3.417274e-06
3.000000e-02 3.636859e-06
3.060000e-02 3.808039e-06
3.120000e-02 3.938399e-06
3.180000e-02 4.034432e-06
3.240000e-02 4.101402e-06
3.300000e-02 4.143314e-06
3.360000e-02 4.162934e-06
3.420000e-02 4.161802e-06
3.480000e-02 4.140242e-06
3.540000e-02 4.097337e-06
3.600000e-02 4.030884e-06
3.660000e-02 3.937322e-06
3.720000e-02 3.811658e-06
3.780000e-02 3.647416e-06
3.840000e-02 3.436678e-06
3.900000e-02 3.170346e-06
3.960000e-02 2.838868e-06
4.020000e-02 2.433883e-06
4.080000e-02 1.951691e-06
4.140000e-02 1.400299e-06
4.200000e-02 8.135844e-07
4.260000e-02 2.798983e-07
4.320000e-02 9.119537e-10
4.380000e-02 4.164019e-07
4.440000e-02 2.480606e-06
4.500000e-02 8.311389e-06
4.560000e-02 2.284040e-05
4.620000e-02 5.848131e-05
4.680000e-02 1.504672e-04
4.740000e-02 4.197585e-04
4.800000e-02 1.445344e-03
4.860000e-02 9.048348e-03
4.920000e-02 8.728609e-01
4.980000e-02 1.321943e-02
5.040000e-02 4.927750e-03
5.100000e-02 3.072038e-03
5.160000e-02 2.374903e-03
5.220000e-02 2.066317e-03
5.280000e-02 1.937568e-03
5.340000e-02 1.913751e-03
5.400000e-02 1.964579e-03
5.460000e-02 2.078624e-03
5.520000e-02 2.254421e-03
5.580000e-02 2.497271e-03
5.640000e-02 2.818456e-03
5.700000e-02 3.235838e-03
5.760000e-02 3.775613e-03
5.820000e-02 4.475441e-03
5.880000e-02 5.389575e-03
5.940000e-02 6.597178e-03
6.000000e-02 8.216033e-03
6.060000e-02 1.042581e-02
6.120000e-02 1.350896e-02
6.180000e-02 1.792568e-02
6.240000e-02 2.445863e-02
6.300000e-02 3.450882e-02
6.360000e-02 5.074462e-02
6.420000e-02 7.864442e-02
6.480000e-02 1.305007e-01
6.540000e-02 2.365885e-01
6.600000e-02 4.737773e-01
6.660000e-02 9.560674e-01
6.720000e-02 1.260888e+00
6.780000e-02 8.755266e-01
6.840000e-02 5.229806e-01
6.900000e-02 3.390289e-01
6.960000e-02 2.422759e-01
7.020000e-02 1.871492e-01
7.080000e-02 1.534398e-01
7.140000e-02 1.317454e-01
7.200000e-02 1.173225e-01
7.260000e-02 1.075828e-01
7.320000e-02 1.010017e-01
7.380000e-02 9.659881e-02
7.440000e-02 9.366412e-02
7.500000e-02 9.159439e-02
7.560000e-02 8.978782e-02
7.620000e-02 8.758600e-02
7.680000e-02 8.428515e-02
7.740000e-02 7.925199e-02
7.800000e-02 7.214370e-02
7.860000e-02 6.312824e-02
7.920000e-02 5.291795e-02
7.980000e-02 4.252338e-02
8.040000e-02 3.287508e-02
8.100000e-02 2.458753e-02
8.160000e-02 1.778997e-02
8.220000e-02 1.282993e-02
8.280000e-02 9.303874e-03
8.340000e-02 6.914333e-03
8.400000e-02 5.417068e-03
8.460000e-02 4.623338e-03
8.520000e-02 4.395140e-03
8.580000e-02 4.637496e-03
8.640000e-02 5.291009e-03
8.700000e-02 6.326086e-03
8.760000e-02 7.739305e-03
8.820000e-02 9.552035e-03
8.880000e-02 1.181144e-02
8.940000e-02 1.459422e-02
9.000000e-02 1.801377e-02
9.060000e-02 2.223209e-02
9.120000e-02 2.747891e-02
9.180000e-02 3.408181e-02
9.240000e-02 4.251467e-02
9.300000e-02 5.347685e-02
9.360000e-02 6.802565e-02
9.420000e-02 8.780367e-02
9.480000e-02 1.154369e-01
9.540000e-02 1.552356e-01
9.600000e-02 2.143801e-01
9.660000e-02 3.045615e-01
9.720000e-02 4.421445e-01
9.780000e-02 6.360326e-01
9.840000e-02 8.362675e-01
9.900000e-02 8.925679e-01
9.960000e-02 7.457198e-01
1.002000e-01 5.377014e-01
1.008000e-01 3.722532e-01
1.014000e-01 2.605125e-01
1.020000e-01 1.871434e-01
1.026000e-01 1.381600e-01
1.032000e-01 1.045031e-01
1.038000e-01 8.069332e-02
1.044000e-01 6.341883e-02
1.050000e-01 5.063773e-02
1.056000e-01 4.105927e-02
1.062000e-01 3.384734e-02
1.068000e-01 2.844786e-02
1.074000e-01 2.448535e-02
1.080000e-01 2.169854e-02
1.086000e-01 1.989852e-02
1.092000e-01 1.894054e-02
1.098000e-01 1.870444e-02
1.104000e-01 1.908132e-02
1.110000e-01 1.996522e-02
1.116000e-01 2.124923e-02
1.122000e-01 2.282538e-02
1.128000e-01 2.458754e-02
1.134000e-01 2.643601e-02
1.140000e-01 2.828238e-02
1.146000e-01 3.005355e-02
1.152000e-01 3.169393e-02
1.158000e-01 3.316567e-02
1.164000e-01 3.444719e-02
1.170000e-01 3.553055e-02
1.176000e-01 3.641825e-02
1.182000e-01 3.712007e-02
1.188000e-01 3.765028e-02
1.194000e-01 3.802532e-02
1.200000e-01 3.826217e-02
1.206000e-01 3.837713e-02
1.212000e-01 3.838519e-02
1.218000e-01 3.829960e-02
1.224000e-01 3.813180e-02
1.230000e-01 3.789140e-02
1.236000e-01 3.758642e-02
1.242000e-01 3.722341e-02
1.248000e-01 3.680777e-02
1.254000e-01 3.634397e-02
1.260000e-01 3.583580e-02
1.266000e-01 3.528660e-02
1.272000e-01 3.469948e-02
1.278000e-01 3.407752e-02
1.284000e-01 3.342387e-02
1.290000e-01 3.274193e-02
1.296000e-01 3.203537e-02
1.302000e-01 3.130821e-02
1.308000e-01 3.056483e-02
1.314000e-01 2.980990e-02
1.320000e-01 2.904837e-02
1.326000e-01 2.828536e-02
1.332000e-01 2.752607e-02
1.338000e-01 2.677567e-02
1.344000e-01 2.603921e-02
1.350000e-01 2.532151e-02
1.356000e-01 2.462709e-02
1.362000e-01 2.396011e-02
1.368000e-01 2.332430e-02
1.374000e-01 2.272300e-02
1.380000e-01 2.215911e-02
1.386000e-01 2.163519e-02
1.392000e-01 2.115345e-02
1.398000e-01 2.071589e-02
1.404000e-01 2.032433e-02
1.410000e-01 1.998057e-02
1.416000e-01 1.968648e-02
1.422000e-01 1.944418e-02
1.428000e-01 1.925616e-02
1.434000e-01 1.912547e-02
1.440000e-01 1.905594e-02
1.446000e-01 1.905244e-02
1.452000e-01 1.912114e-02
1.458000e-01 1.926990e-02
1.464000e-01 1.950875e-02
1.470000e-01 1.985044e-02
1.476000e-01 2.031125e-02
1.482000e-01 2.091203e-02
1.488000e-01 2.167953e-02
1.494000e-01 2.264837e-02
1.500000e-01 2.386363e-02
1.506000e-01 2.538457e-02
1.512000e-01 2.728999e-02
1.518000e-01 2.968600e-02
1.524000e-01 3.271765e-02
1.530000e-01 3.658655e-02
1.536000e-01 4.157840e-02
1.542000e-01 4.810687e-02
1.548000e-01 5.678570e-02
1.554000e-01 6.855082e-02
1.560000e-01 8.487362e-02
1.566000e-01 1.081456e-01
1.572000e-01 1.423909e-01
1.578000e-01 1.945980e-01
1.584000e-01 2.770911e-01
1.590000e-01 4.107209e-01
1.596000e-01 6.225789e-01
1.602000e-01 9.058828e-01
1.608000e-01 1.109629e+00
1.614000e-01 1.034371e+00
1.620000e-01 7.895880e-01
1.626000e-01 5.665075e-01
1.632000e-01 4.118435e-01
1.638000e-01 3.103990e-01
1.644000e-01 2.430590e-01
1.650000e-01 1.969887e-01
1.656000e-01 1.644390e-01
1.662000e-01 1.407626e-01
1.668000e-01 1.231119e-01
1.674000e-01 1.096902e-01
1.680000e-01 9.933027e-02
1.686000e-01 9.125357e-02
1.692000e-01 8.492916e-02
1.698000e-01 7.998906e-02
1.704000e-01 7.617603e-02
1.710000e-01 7.331089e-02
1.716000e-01 7.127185e-02
1.722000e-01 6.998173e-02
1.728000e-01 6.940060e-02
1.734000e-01 6.952269e-02
1.740000e-01 7.037731e-02
1.746000e-01 7.203426e-02
1.752000e-01 7.461567e-02
1.758000e-01 7.831811e-02
1.764000e-01 8.345369e-02
1.770000e-01 9.052869e-02
1.776000e-01 1.004048e-01
1.782000e-01 1.146620e-01
1.788000e-01 1.365309e-01
1.794000e-01 1.737814e-01
1.800000e-01 2.507600e-01
1.806000e-01 4.958790e-01
1.812000e-01 3.536994e-01
1.818000e-01 2.709798e-01
1.824000e-01 2.239799e-01
1.830000e-01 1.937576e-01
1.836000e-01 1.743644e-01
1.842000e-01 1.629446e-01
1.848000e-01 1.578539e-01
1.854000e-01 1.580686e-01
1.860000e-01 1.629366e-01
1.866000e-01 1.720466e-01
1.872000e-01 1.851477e-01
1.878000e-01 2.020921e-01
1.884000e-01 2.227886e-01
1.890000e-01 2.471628e-01
1.896000e-01 2.751188e-01
1.902000e-01 3.065040e-01
1.908000e-01 3.410779e-01
1.914000e-01 3.784882e-01
1.920000e-01 4.182577e-01
1.926000e-01 4.597893e-01
1.932000e-01 5.023885e-01
1.938000e-01 5.453069e-01
1.944000e-01 5.878000e-01
1.950000e-01 6.291922e-01
1.956000e-01 6.689381e-01
1.962000e-01 7.066701e-01
1.968000e-01 7.422241e-01
1.974000e-01 7.756426e-01
1.980000e-01 8.071565e-01
1.986000e-01 8.371512e-01
1.992000e-01 8.661255e-01
1.998000e-01 8.946456e-01
2.004000e-01 9.233009e-01
2.010000e-01 9.526578e-01
2.016000e-01 9.832112e-01
2.022000e-01 1.015326e+00
2.028000e-01 1.049156e+00
2.034000e-01 1.084542e+00
2.040000e-01 1.120859e+00
2.046000e-01 1.156839e+00
2.052000e-01 1.190363e+00
2.058000e-01 1.218313e+00
2.064000e-01 1.236600e+00
2.070000e-01 1.240569e+00
2.076000e-01 1.225932e+00
2.082000e-01 1.190165e+00
2.088000e-01 1.133879e+00
2.094000e-01 1.061359e+00
2.100000e-01 9.797596e-01
2.106000e-01 8.972435e-01
2.112000e-01 8.210263e-01
2.118000e-01 7.562016e-01
2.124000e-01 7.055506e-01
2.130000e-01 6.700078e-01
2.136000e-01 6.493332e-01
2.142000e-01 6.426983e-01
2.148000e-01 6.490765e-01
2.154000e-01 6.674447e-01
2.160000e-01 6.968395e-01
2.166000e-01 7.363111e-01
2.172000e-01 7.848088e-01
2.178000e-01 8.410213e-01
2.184000e-01 9.032022e-01
2.190000e-01 9.690175e-01
2.196000e-01 1.035474e+00
2.202000e-01 1.098995e+00
2.208000e-01 1.155693e+00
2.214000e-01 1.201839e+00
2.220000e-01 1.234439e+00
2.226000e-01 1.251751e+00
2.232000e-01 1.253566e+00
2.238000e-01 1.241165e+00
2.244000e-01 1.216974e+00
2.250000e-01 1.184065e+00
2.256000e-01 1.145666e+00
2.262000e-01 1.104795e+00
2.268000e-01 1.064053e+00
2.274000e-01 1.025572e+00
2.280000e-01 9.910564e-01
2.286000e-01 9.618873e-01
2.292000e-01 9.392492e-01
2.298000e-01 9.242559e-01
2.304000e-01 9.180687e-01
2.310000e-01 9.219976e-01
2.316000e-01 9.375747e-01
2.322000e-01 9.665798e-01
2.328000e-01 1.010976e+00
2.334000e-01 1.072686e+00
2.340000e-01 1.153108e+00
2.346000e-01 1.252274e+00
2.352000e-01 1.367649e+00
2.358000e-01 1.492882e+00
2.364000e-01 1.617271e+00
2.370000e-01 1.726992e+00
2.376000e-01 1.808523e+00
2.382000e-01 1.852982e+00
2.388000e-01 1.858866e+00
2.394000e-01 1.831553e+00
2.400000e-01 1.780315e+00
2.406000e-01 1.714990e+00
2.412000e-01 1.643819e+00
2.418000e-01 1.572684e+00
2.424000e-01 1.505268e+00
2.430000e-01 1.443579e+00
2.436000e-01 1.388490e+00
2.442000e-01 1.340180e+00
2.448000e-01 1.298436e+00
2.454000e-01 1.262847e+00
2.460000e-01 1.232924e+00
2.466000e-01 1.208162e+00
2.472000e-01 1.188075e+00
2.478000e-01 1.172215e+00
2.484000e-01 1.160167e+00
2.490000e-01 1.151558e+00
2.496000e-01 1.146043e+00
2.502000e-01 1.143302e+00
2.508000e-01 1.143030e+00
2.514000e-01 1.144931e+00
2.520000e-01 1.148709e+00
2.526000e-01 1.154060e+00
2.532000e-01 1.160665e+00
2.538000e-01 1.168182e+00
2.544000e-01 1.176242e+00
2.550000e-01 1.184445e+00
2.556000e-01 1.192357e+00
2.562000e-01 1.199513e+00
2.568000e-01 1.205424e+00
2.574000e-01 1.209590e+00
2.580000e-01 1.211523e+00
2.586000e-01 1.210782e+00
2.592000e-01 1.207028e+00
2.598000e-01 1.200115e+00
2.604000e-01 1.190226e+00
2.610000e-01 1.178112e+00
2.616000e-01 1.165508e+00
2.622000e-01 1.155907e+00
2.628000e-01 1.156000e+00
2.634000e-01 1.178295e+00
2.640000e-01 1.245132e+00
2.646000e-01 1.390823e+00
2.652000e-01 1.644406e+00
2.658000e-01 1.961343e+00
2.664000e-01 2.177193e+00
2.670000e-01 2.177685e+00
2.676000e-01 2.029545e+00
2.682000e-01 1.839300e+00
2.688000e-01 1.659730e+00
2.694000e-01 1.504590e+00
2.700000e-01 1.373226e+00
2.706000e-01 1.261591e+00
2.712000e-01 1.165676e+00
2.718000e-01 1.082267e+00
2.724000e-01 1.008937e+00
2.730000e-01 9.438764e-01
2.736000e-01 8.857214e-01
2.742000e-01 8.334308e-01
2.748000e-01 7.861918e-01
2.754000e-01 7.433567e-01
2.760000e-01 7.043986e-01
2.766000e-01 6.688809e-01
2.772000e-01 6.364359e-01
2.778000e-01 6.067488e-01
2.784000e-01 5.795474e-01
2.790000e-01 5.545933e-01
2.796000e-01 5.316761e-01
2.802000e-01 5.106080e-01
2.808000e-01 4.912210e-01
2.814000e-01 4.733627e-01
2.820000e-01 4.568945e-01
2.826000e-01 4.416894e-01
2.832000e-01 4.276297e-01
2.838000e-01 4.146057e-01
2.844000e-01 4.025146e-01
2.850000e-01 3.912585e-01
2.856000e-01 3.807441e-01
2.862000e-01 3.708813e-01
2.868000e-01 3.615829e-01
2.874000e-01 3.527636e-01
2.880000e-01 3.443405e-01
2.886000e-01 3.362324e-01
2.892000e-01 3.283608e-01
2.898000e-01 3.206502e-01
2.904000e-01 3.130293e-01
2.910000e-01 3.054327e-01
2.916000e-01 2.978019e-01
2.922000e-01 2.900878e-01
2.928000e-01 2.822524e-01
2.934000e-01 2.742701e-01
2.940000e-01 2.661296e-01
2.946000e-01 2.578344e-01
2.952000e-01 2.494026e-01
2.958000e-01 2.408668e-01
2.964000e-01 2.322720e-01
2.970000e-01 2.236736e-01
2.976000e-01 2.151349e-01
2.982000e-01 2.067241e-01
2.988000e-01 1.985121e-01
2.994000e-01 1.905695e-01
3.000000e-01 1.829660e-01
3.006000e-01 1.757691e-01
3.012000e-01 1.690447e-01
3.018000e-01 1.628592e-01
3.024000e-01 1.572817e-01
3.030000e-01 1.523893e-01
3.036000e-01 1.482736e-01
3.042000e-01 1.450504e-01
3.048000e-01 1.428740e-01
3.054000e-01 1.419582e-01
3.060000e-01 1.426085e-01
3.066000e-01 1.452735e-01
3.072000e-01 1.506290e-01
3.078000e-01 1.597220e-01
3.084000e-01 1.742249e-01
3.090000e-01 1.969075e-01
3.096000e-01 2.325477e-01
3.102000e-01 2.897648e-01
3.108000e-01 3.848056e-01
3.114000e-01 5.490709e-01
3.120000e-01 8.397747e-01
3.126000e-01 1.320621e+00
3.132000e-01 1.853119e+00
3.138000e-01 1.894125e+00
3.144000e-01 1.445331e+00
3.150000e-01 1.008059e+00
3.156000e-01 7.200147e-01
3.162000e-01 5.408927e-01
3.168000e-01 4.259140e-01
3.174000e-01 3.461632e-01
3.180000e-01 3.745310e-01
3.186000e-01 3.643220e-01
3.192000e-01 3.496755e-01
3.198000e-01 3.355277e-01
3.204000e-01 3.230210e-01
3.210000e-01 3.123706e-01
3.216000e-01 3.035060e-01
3.222000e-01 2.962705e-01
3.228000e-01 2.904913e-01
3.234000e-01 2.860048e-01
3.240000e-01 2.826644e-01
3.246000e-01 2.803409e-01
3.252000e-01 2.789213e-01
3.258000e-01 2.783056e-01
3.264000e-01 2.784039e-01
3.270000e-01 2.791343e-01
3.276000e-01 2.804202e-01
3.282000e-01 2.821885e-01
3.288000e-01 2.843682e-01
3.294000e-01 2.868900e-01
3.300000e-01 2.896852e-01
3.306000e-01 2.926869e-01
3.312000e-01 2.958304e-01
3.318000e-01 2.990553e-01
3.324000e-01 3.023071e-01
3.330000e-01 3.055405e-01
3.336000e-01 3.087219e-01
3.342000e-01 3.118330e-01
3.348000e-01 3.148732e-01
3.354000e-01 3.178631e-01
3.360000e-01 3.208462e-01
3.366000e-01 3.238909e-01
3.372000e-01 3.270920e-01
3.378000e-01 3.305718e-01
3.384000e-01 3.344823e-01
3.390000e-01 3.390068e-01
3.396000e-01 3.443650e-01
3.402000e-01 3.508189e-01
3.408000e-01 3.586843e-01
3.414000e-01 3.683461e-01
3.420000e-01 3.802839e-01
3.426000e-01 3.951075e-01
3.432000e-01 4.136120e-01
3.438000e-01 4.368591e-01
3.444000e-01 4.663000e-01
3.450000e-01 5.039630e-01
3.456000e-01 5.527383e-01
3.462000e-01 6.168043e-01
3.468000e-01 7.022313e-01
3.474000e-01 8.177065e-01
3.480000e-01 9.749273e-01
3.486000e-01 1.186971e+00
3.492000e-01 1.460118e+00
3.498000e-01 1.772731e+00
3.504000e-01 2.050527e+00
3.510000e-01 2.192250e+00
3.516000e-01 2.165893e+00
3.522000e-01 2.040151e+00
3.528000e-01 1.902425e+00
3.534000e-01 1.800915e+00
3.540000e-01 1.749280e+00
3.546000e-01 1.745451e+00
3.552000e-01 1.782160e+00
3.558000e-01 1.850025e+00
3.564000e-01 1.937167e+00
3.570000e-01 2.027910e+00
3.576000e-01 2.102453e+00
3.582000e-01 2.139288e+00
3.588000e-01 2.120944e+00
3.594000e-01 2.040771e+00
3.600000e-01 1.906057e+00
3.606000e-01 1.734679e+00
3.612000e-01 1.547686e+00
3.618000e-01 1.362762e+00
3.624000e-01 1.191384e+00
3.630000e-01 1.039142e+00
3.636000e-01 9.074535e-01
3.642000e-01 7.953297e-01
3.648000e-01 7.006661e-01
3.654000e-01 6.210259e-01
3.660000e-01 5.540479e-01
3.666000e-01 4.976249e-01
3.672000e-01 4.499575e-01
3.678000e-01 4.095459e-01
3.684000e-01 3.751573e-01
3.690000e-01 3.457851e-01
3.696000e-01 3.206101e-01
3.702000e-01 2.989659e-01
3.708000e-01 2.803094e-01
3.714000e-01 2.641975e-01
3.720000e-01 2.502676e-01
3.726000e-01 2.382222e-01
3.732000e-01 2.278170e-01
3.738000e-01 2.188507e-01
3.744000e-01 2.111576e-01
3.750000e-01 2.046016e-01
3.756000e-01 1.990711e-01
3.762000e-01 1.944754e-01
3.768000e-01 1.907415e-01
3.774000e-01 1.878119e-01
3.780000e-01 1.856430e-01
3.786000e-01 1.842033e-01
3.792000e-01 1.834730e-01
3.798000e-01 1.834432e-01
3.804000e-01 1.841155e-01
3.810000e-01 1.855026e-01
3.816000e-01 1.876281e-01
3.822000e-01 1.905279e-01
3.828000e-01 1.942508e-01
3.834000e-01 1.988606e-01
3.840000e-01 2.044377e-01
3.846000e-01 2.110825e-01
3.852000e-01 2.189181e-01
3.858000e-01 2.280955e-01
3.864000e-01 2.387989e-01
3.870000e-01 2.512526e-01
3.876000e-01 2.657303e-01
3.882000e-01 2.825660e-01
3.888000e-01 3.021683e-01
3.894000e-01 3.250371e-01
3.900000e-01 3.517858e-01
3.906000e-01 3.831663e-01
3.912000e-01 4.200990e-01
3.918000e-01 4.637061e-01
3.924000e-01 5.153428e-01
3.930000e-01 5.766199e-01
3.936000e-01 6.493974e-01
3.942000e-01 7.357172e-01
3.948000e-01 8.376131e-01
3.954000e-01 9.567071e-01
3.960000e-01 1.093469e+00
3.966000e-01 1.246037e+00
3.972000e-01 1.408674e+00
3.978000e-01 1.570351e+00
3.984000e-01 1.714634e+00
3.990000e-01 1.822328e+00
3.996000e-01 1.877153e+00
4.002000e-01 1.872036e+00
4.008000e-01 1.811873e+00
4.014000e-01 1.710795e+00
4.020000e-01 1.586236e+00
4.026000e-01 1.453679e+00
4.032000e-01 1.324161e+00
4.038000e-01 1.204163e+00
4.044000e-01 1.096669e+00
4.050000e-01 1.002407e+00
4.056000e-01 9.208459e-01
4.062000e-01 8.508613e-01
4.068000e-01 7.911304e-01
4.074000e-01 7.403456e-01
4.080000e-01 6.973167e-01
4.086000e-01 6.610104e-01
4.092000e-01 6.305587e-01
4.098000e-01 6.052512e-01
4.104000e-01 5.845232e-01
4.110000e-01 5.679417e-01
4.116000e-01 5.551931e-01
4.122000e-01 5.460737e-01
4.128000e-01 5.404805e-01
4.134000e-01 5.384041e-01
4.140000e-01 5.399208e-01
4.146000e-01 5.451833e-01
4.152000e-01 5.544102e-01
4.158000e-01 5.678706e-01
4.164000e-01 5.858689e-01
4.170000e-01 6.087263e-01
4.176000e-01 6.367641e-01
4.182000e-01 6.702895e-01
4.188000e-01 7.095835e-01
4.194000e-01 7.548914e-01
4.200000e-01 8.064108e-01
4.206000e-01 8.642728e-01
4.212000e-01 9.285086e-01
4.218000e-01 9.989974e-01
4.224000e-01 1.075389e+00
4.230000e-01 1.157003e+00
4.236000e-01 1.242708e+00
4.242000e-01 1.330799e+00
4.248000e-01 1.418902e+00
4.254000e-01 1.503949e+00
4.260000e-01 1.582271e+00
4.266000e-01 1.649852e+00
4.272000e-01 1.702755e+00
4.278000e-01 1.737654e+00
4.284000e-01 1.752364e+00
4.290000e-01 1.746223e+00
4.296000e-01 1.720195e+00
4.302000e-01 1.676670e+00
4.308000e-01 1.619023e+00
4.314000e-01 1.551088e+00
4.320000e-01 1.476653e+00
4.326000e-01 1.399102e+00
4.332000e-01 1.321215e+00
4.338000e-01 1.245101e+00
4.344000e-01 1.172245e+00
4.350000e-01 1.103595e+00
4.356000e-01 1.039677e+00
4.362000e-01 9.807022e-01
4.368000e-01 9.266598e-01
4.374000e-01 8.773934e-01
4.380000e-01 8.326568e-01
4.386000e-01 7.921555e-01
4.392000e-01 7.555746e-01
4.398000e-01 7.225985e-01
4.404000e-01 6.929229e-01
4.410000e-01 6.662618e-01
4.416000e-01 6.423515e-01
4.422000e-01 6.209525e-01
4.428000e-01 6.018494e-01
4.434000e-01 5.848504e-01
4.440000e-01 5.697863e-01
4.446000e-01 5.565090e-01
4.452000e-01 5.448902e-01
4.458000e-01 5.348202e-01
4.464000e-01 5.262063e-01
4.470000e-01 5.189727e-01
4.476000e-01 5.130589e-01
4.482000e-01 5.084195e-01
4.488000e-01 5.050241e-01
4.494000e-01 5.028571e-01
4.500000e-01 5.019182e-01
4.506000e-01 5.022230e-01
4.512000e-01 5.038041e-01
4.518000e-01 5.067126e-01
4.524000e-01 5.110195e-01
4.530000e-01 5.168188e-01
4.536000e-01 5.242302e-01
4.542000e-01 5.334024e-01
4.548000e-01 5.445177e-01
4.554000e-01 5.577968e-01
4.560000e-01 5.735048e-01
4.566000e-01 5.919572e-01
4.572000e-01 6.135265e-01
4.578000e-01 6.386492e-01
4.584000e-01 6.678312e-01
4.590000e-01 7.016511e-01
4.596000e-01 7.407590e-01
4.602000e-01 7.858677e-01
4.608000e-01 8.377304e-01
4.614000e-01 8.971001e-01
4.620000e-01 9.646623e-01
4.626000e-01 1.040933e+00
4.632000e-01 1.126119e+00
4.638000e-01 1.219936e+00
4.644000e-01 1.321419e+00
4.650000e-01 1.428743e+00
4.656000e-01 1.539132e+00
4.662000e-01 1.648934e+00
4.668000e-01 1.753908e+00
4.674000e-01 1.849728e+00
4.680000e-01 1.932611e+00
4.686000e-01 1.999900e+00
4.692000e-01 2.050426e+00
4.698000e-01 2.084553e+00
4.704000e-01 2.103922e+00
4.710000e-01 2.111008e+00
4.716000e-01 2.108645e+00
4.722000e-01 2.099618e+00
4.728000e-01 2.086381e+00
4.734000e-01 2.070899e+00
4.740000e-01 2.054583e+00
4.746000e-01 2.038275e+00
4.752000e-01 2.022253e+00
4.758000e-01 2.006241e+00
4.764000e-01 1.989394e+00
4.770000e-01 1.970292e+00
4.776000e-01 1.946963e+00
4.782000e-01 1.917015e+00
4.788000e-01 1.877998e+00
4.794000e-01 1.828115e+00
4.800000e-01 1.767269e+00
4.806000e-01 1.698100e+00
4.812000e-01 1.626227e+00
4.818000e-01 1.559019e+00
4.824000e-01 1.503192e+00
4.830000e-01 1.462602e+00
4.836000e-01 1.437545e+00
4.842000e-01 1.425596e+00
4.848000e-01 1.423040e+00
4.854000e-01 1.426060e+00
4.860000e-01 1.431354e+00
4.866000e-01 1.436269e+00
4.872000e-01 1.438546e+00
4.878000e-01 1.435400e+00
4.884000e-01 1.416336e+00
4.890000e-01 1.494323e+00
4.896000e-01 1.545177e+00
4.902000e-01 1.587832e+00
4.908000e-01 1.627744e+00
4.914000e-01 1.666663e+00
4.920000e-01 1.705323e+00
4.926000e-01 1.744040e+00
4.932000e-01 1.782923e+00
4.938000e-01 1.821957e+00
4.944000e-01 1.861046e+00
4.950000e-01 1.900037e+00
4.956000e-01 1.938740e+00
4.962000e-01 1.976940e+00
4.968000e-01 2.014408e+00
4.974000e-01 2.050925e+00
4.980000e-01 2.086292e+00
4.986000e-01 2.120352e+00
4.992000e-01 2.153017e+00
4.998000e-01 2.184292e+00
5.004000e-01 2.214307e+00
5.010000e-01 2.243345e+00
5.016000e-01 2.271885e+00
5.022000e-01 2.300632e+00
5.028000e-01 2.330557e+00
5.034000e-01 2.362929e+00
5.040000e-01 2.399342e+00
5.046000e-01 2.441716e+00
5.052000e-01 2.492260e+00
5.058000e-01 2.553354e+00
5.064000e-01 2.627297e+00
5.070000e-01 2.715861e+00
5.076000e-01 2.819563e+00
5.082000e-01 2.936700e+00
5.088000e-01 3.062301e+00
5.094000e-01 3.187525e+00
5.100000e-01 3.300192e+00
5.106000e-01 3.386987e+00
5.112000e-01 3.436928e+00
5.118000e-01 3.444591e+00
5.124000e-01 3.411362e+00
5.130000e-01 3.344183e+00
5.136000e-01 3.252816e+00
5.142000e-01 3.147145e+00
5.148000e-01 3.035475e+00
5.154000e-01 2.923907e+00
5.160000e-01 2.816448e+00
5.166000e-01 2.715434e+00
5.172000e-01 2.622014e+00
5.178000e-01 2.536555e+00
5.184000e-01 2.458952e+00
5.190000e-01 2.388831e+00
5.196000e-01 2.325684e+00
5.202000e-01 2.268954e+00
5.208000e-01 2.218080e+00
5.214000e-01 2.172528e+00
5.220000e-01 2.131799e+00
5.226000e-01 2.095434e+00
5.232000e-01 2.063020e+00
5.238000e-01 2.034183e+00
5.244000e-01 2.008585e+00
5.250000e-01 1.985922e+00
5.256000e-01 1.965920e+00
5.262000e-01 1.948331e+00
5.268000e-01 1.932930e+00
5.274000e-01 1.919513e+00
5.280000e-01 1.907892e+00
5.286000e-01 1.897895e+00
5.292000e-01 1.889365e+00
5.298000e-01 1.882156e+00
5.304000e-01 1.876132e+00
5.310000e-01 1.871166e+00
5.316000e-01 1.867142e+00
5.322000e-01 1.863949e+00
5.328000e-01 1.861484e+00
5.334000e-01 1.859650e+00
5.340000e-01 1.858356e+00
5.346000e-01 1.857515e+00
5.352000e-01 1.857046e+00
5.358000e-01 1.856874e+00
5.364000e-01 1.856926e+00
5.370000e-01 1.857135e+00
5.376000e-01 1.857437e+00
5.382000e-01 1.857772e+00
5.388000e-01 1.858085e+00
5.394000e-01 1.858324e+00
5.400000e-01 1.858441e+00
5.406000e-01 1.858390e+00
5.412000e-01 1.858131e+00
5.418000e-01 1.857627e+00
5.424000e-01 1.856843e+00
5.430000e-01 1.855750e+00
5.436000e-01 1.854322e+00
5.442000e-01 1.852536e+00
5.448000e-01 1.850376e+00
5.454000e-01 1.847828e+00
5.460000e-01 1.844886e+00
5.466000e-01 1.841547e+00
5.472000e-01 1.837819e+00
5.478000e-01 1.833718e+00
5.484000e-01 1.829271e+00
5.490000e-01 1.824519e+00
5.496000e-01 1.819524e+00
5.502000e-01 1.814373e+00
5.508000e-01 1.809185e+00
5.514000e-01 1.804128e+00
5.520000e-01 1.799432e+00
5.526000e-01 1.795420e+00
5.532000e-01 1.792542e+00
5.538000e-01 1.791433e+00
5.544000e-01 1.793000e+00
5.550000e-01 1.798546e+00
5.556000e-01 1.809961e+00
5.562000e-01 1.829977e+00
5.568000e-01 1.862478e+00
5.574000e-01 1.912654e+00
5.580000e-01 1.986287e+00
5.586000e-01 2.086218e+00
5.592000e-01 2.203114e+00
5.598000e-01 2.304540e+00
5.604000e-01 2.348028e+00
5.610000e-01 2.328378e+00
5.616000e-01 2.289342e+00
5.622000e-01 2.277255e+00
5.628000e-01 2.311452e+00
5.634000e-01 2.386691e+00
5.640000e-01 2.482167e+00
5.646000e-01 2.570996e+00
5.652000e-01 2.631284e+00
5.658000e-01 2.653873e+00
5.664000e-01 2.641969e+00
5.670000e-01 2.605235e+00
5.676000e-01 2.554038e+00
5.682000e-01 2.496547e+00
5.688000e-01 2.438189e+00
5.694000e-01 2.382155e+00
5.700000e-01 2.330105e+00
5.706000e-01 2.282752e+00
5.712000e-01 2.240252e+00
5.718000e-01 2.202445e+00
5.724000e-01 2.168978e+00
5.730000e-01 2.139379e+00
5.736000e-01 2.113070e+00
5.742000e-01 2.089375e+00
5.748000e-01 2.067500e+00
5.754000e-01 2.046526e+00
5.760000e-01 2.025402e+00
5.766000e-01 2.002960e+00
5.772000e-01 1.977962e+00
5.778000e-01 1.949183e+00
5.784000e-01 1.915535e+00
5.790000e-01 1.876211e+00
5.796000e-01 1.830840e+00
5.802000e-01 1.779591e+00
5.808000e-01 1.723213e+00
5.814000e-01 1.662967e+00
5.820000e-01 1.600471e+00
5.826000e-01 1.537500e+00
5.832000e-01 1.475767e+00
5.838000e-01 1.416760e+00
5.844000e-01 1.361641e+00
5.850000e-01 1.311212e+00
5.856000e-01 1.265941e+00
5.862000e-01 1.226013e+00
5.868000e-01 1.191402e+00
5.874000e-01 1.161933e+00
5.880000e-01 1.137345e+00
5.886000e-01 1.117329e+00
5.892000e-01 1.101564e+00
5.898000e-01 1.089739e+00
5.904000e-01 1.081564e+00
5.910000e-01 1.076780e+00
5.916000e-01 1.075162e+00
5.922000e-01 1.076523e+00
5.928000e-01 1.080707e+00
5.934000e-01 1.087594e+00
5.940000e-01 1.097097e+00
5.946000e-01 1.109160e+00
5.952000e-01 1.123756e+00
5.958000e-01 1.140887e+00
5.964000e-01 1.160585e+00
5.970000e-01 1.182911e+00
5.976000e-01 1.207955e+00
5.982000e-01 1.235836e+00
5.988000e-01 1.266707e+00
5.994000e-01 1.300753e+00
6.000000e-01 1.338193e+00
6.006000e-01 1.379285e+00
6.012000e-01 1.424320e+00
6.018000e-01 1.473622e+00
6.024000e-01 1.527543e+00
6.030000e-01 1.586449e+00
6.036000e-01 1.650692e+00
6.042000e-01 1.720570e+00
6.048000e-01 1.796255e+00
6.054000e-01 1.877684e+00
6.060000e-01 1.964395e+00
6.066000e-01 2.055301e+00
6.072000e-01 2.148407e+00
6.078000e-01 2.240506e+00
6.084000e-01 2.326968e+00
6.090000e-01 2.401800e+00
6.096000e-01 2.458240e+00
6.102000e-01 2.490017e+00
6.108000e-01 2.493102e+00
6.114000e-01 2.467298e+00
6.120000e-01 2.416783e+00
6.126000e-01 2.349165e+00
6.132000e-01 2.273457e+00
6.138000e-01 2.197985e+00
6.144000e-01 2.129028e+00
6.150000e-01 2.070438e+00
6.156000e-01 2.023938e+00
6.162000e-01 1.989720e+00
6.168000e-01 1.967033e+00
6.174000e-01 1.954649e+00
6.180000e-01 1.951165e+00
6.186000e-01 1.955180e+00
6.192000e-01 1.965390e+00
6.198000e-01 1.980619e+00
6.204000e-01 1.999825e+00
6.210000e-01 2.022091e+00
6.216000e-01 2.046604e+00
6.222000e-01 2.072639e+00
6.228000e-01 2.099538e+00
6.234000e-01 2.126695e+00
6.240000e-01 2.153540e+00
6.246000e-01 2.179531e+00
6.252000e-01 2.204141e+00
6.258000e-01 2.226858e+00
6.264000e-01 2.247178e+00
6.270000e-01 2.264613e+00
6.276000e-01 2.278694e+00
6.282000e-01 2.288986e+00
6.288000e-01 2.295111e+00
6.294000e-01 2.296775e+00
6.300000e-01 2.293805e+00
6.306000e-01 2.286201e+00
6.312000e-01 2.274188e+00
6.318000e-01 2.258274e+00
6.324000e-01 2.239309e+00
6.330000e-01 2.218519e+00
6.336000e-01 2.197513e+00
6.342000e-01 2.178236e+00
6.348000e-01 2.162837e+00
6.354000e-01 2.153460e+00
6.360000e-01 2.151951e+00
6.366000e-01 2.159525e+00
6.372000e-01 2.176469e+00
6.378000e-01 2.201967e+00
6.384000e-01 2.234113e+00
6.390000e-01 2.270155e+00
6.396000e-01 2.306900e+00
6.402000e-01 2.341191e+00
6.408000e-01 2.370325e+00
6.414000e-01 2.392337e+00
6.420000e-01 2.406116e+00
6.426000e-01 2.411364e+00
6.432000e-01 2.408463e+00
6.438000e-01 2.398291e+00
6.444000e-01 2.382047e+00
6.450000e-01 2.361092e+00
6.456000e-01 2.336834e+00
6.462000e-01 2.310651e+00
6.468000e-01 2.283840e+00
6.474000e-01 2.257600e+00
6.480000e-01 2.233034e+00
6.486000e-01 2.211153e+00
6.492000e-01 2.192903e+00
6.498000e-01 2.179190e+00
6.504000e-01 2.170905e+00
6.510000e-01 2.168959e+00
6.516000e-01 2.174310e+00
6.522000e-01 2.187992e+00
6.528000e-01 2.211141e+00
6.534000e-01 2.244999e+00
6.540000e-01 2.290909e+00
6.546000e-01 2.350259e+00
6.552000e-01 2.424358e+00
6.558000e-01 2.514210e+00
6.564000e-01 2.620122e+00
6.570000e-01 2.741121e+00
6.576000e-01 2.874193e+00
6.582000e-01 3.013496e+00
6.588000e-01 3.149923e+00
6.594000e-01 3.271598e+00
6.600000e-01 3.365800e+00
6.606000e-01 3.422148e+00
6.612000e-01 3.435828e+00
6.618000e-01 3.409129e+00
6.624000e-01 3.350402e+00
6.630000e-01 3.271131e+00
6.636000e-01 3.182778e+00
6.642000e-01 3.094654e+00
6.648000e-01 3.013128e+00
6.654000e-01 2.941767e+00
6.660000e-01 2.881905e+00
6.666000e-01 2.833268e+00
6.672000e-01 2.794481e+00
6.678000e-01 2.763432e+00
6.684000e-01 2.737518e+00
6.690000e-01 2.713819e+00
6.696000e-01 2.689261e+00
6.702000e-01 2.660789e+00
6.708000e-01 2.625574e+00
6.714000e-01 2.581259e+00
6.720000e-01 2.526190e+00
6.726000e-01 2.459616e+00
6.732000e-01 2.381784e+00
6.738000e-01 2.293905e+00
6.744000e-01 2.197987e+00
6.750000e-01 2.096567e+00
6.756000e-01 1.992403e+00
6.762000e-01 1.888177e+00
6.768000e-01 1.786273e+00
6.774000e-01 1.688641e+00
6.780000e-01 1.596743e+00
6.786000e-01 1.511571e+00
6.792000e-01 1.433711e+00
6.798000e-01 1.363419e+00
6.804000e-01 1.300712e+00
6.810000e-01 1.245446e+00
6.816000e-01 1.197386e+00
6.822000e-01 1.156259e+00
6.828000e-01 1.121803e+00
6.834000e-01 1.093805e+00
6.840000e-01 1.072125e+00
6.846000e-01 1.056736e+00
6.852000e-01 1.047747e+00
6.858000e-01 1.045442e+00
6.864000e-01 1.050322e+00
6.870000e-01 1.063162e+00
6.876000e-01 1.085071e+00
6.882000e-01 1.117565e+00
6.888000e-01 1.162646e+00
6.894000e-01 1.223006e+00
6.900000e-01 1.304376e+00
6.906000e-01 1.325252e+00
6.912000e-01 1.290465e+00
6.918000e-01 1.258495e+00
6.924000e-01 1.224946e+00
6.930000e-01 1.189544e+00
6.936000e-01 1.152956e+00
6.942000e-01 1.116143e+00
6.948000e-01 1.080090e+00
6.954000e-01 1.045657e+00
6.960000e-01 1.013516e+00
6.966000e-01 9.841235e-01
6.972000e-01 9.577414e-01
6.978000e-01 9.344674e-01
6.984000e-01 9.142746e-01
6.990000e-01 8.970493e-01
6.996000e-01 8.826235e-01
7.002000e-01 8.707999e-01
7.008000e-01 8.613709e-01
7.014000e-01 8.541315e-01
7.020000e-01 8.488876e-01
7.026000e-01 8.454611e-01
7.032000e-01 8.436923e-01
7.038000e-01 8.434409e-01
7.044000e-01 8.445858e-01
7.050000e-01 8.470241e-01
7.056000e-01 8.506699e-01
7.062000e-01 8.554533e-01
7.068000e-01 8.613180e-01
7.074000e-01 8.682206e-01
7.080000e-01 8.761287e-01
7.086000e-01 8.850195e-01
7.092000e-01 8.948786e-01
7.098000e-01 9.056983e-01
7.104000e-01 9.174767e-01
7.110000e-01 9.302161e-01
7.116000e-01 9.439221e-01
7.122000e-01 9.586020e-01
7.128000e-01 9.742637e-01
7.134000e-01 9.909146e-01
7.140000e-01 1.008560e+00
7.146000e-01 1.027201e+00
7.152000e-01 1.046835e+00
7.158000e-01 1.067454e+00
7.164000e-01 1.089039e+00
7.170000e-01 1.111564e+00
7.176000e-01 1.134994e+00
7.182000e-01 1.159281e+00
7.188000e-01 1.184363e+00
7.194000e-01 1.210167e+00
7.200000e-01 1.236607e+00
7.206000e-01 1.263583e+00
7.212000e-01 1.290986e+00
7.218000e-01 1.318693e+00
7.224000e-01 1.346580e+00
7.230000e-01 1.374515e+00
7.236000e-01 1.402371e+00
7.242000e-01 1.430025e+00
7.248000e-01 1.457368e+00
7.254000e-01 1.484307e+00
7.260000e-01 1.510773e+00
7.266000e-01 1.536725e+00
7.272000e-01 1.562156e+00
7.278000e-01 1.587094e+00
7.284000e-01 1.611605e+00
7.290000e-01 1.635799e+00
7.296000e-01 1.659822e+00
7.302000e-01 1.683864e+00
7.308000e-01 1.708156e+00
7.314000e-01 1.732969e+00
7.320000e-01 1.758612e+00
7.326000e-01 1.785438e+00
7.332000e-01 1.813839e+00
7.338000e-01 1.844252e+00
7.344000e-01 1.877156e+00
7.350000e-01 1.913073e+00
7.356000e-01 1.952566e+00
7.362000e-01 1.996232e+00
7.368000e-01 2.044690e+00
7.374000e-01 2.098549e+00
7.380000e-01 2.158370e+00
7.386000e-01 2.224598e+00
7.392000e-01 2.297448e+00
7.398000e-01 2.376769e+00
7.404000e-01 2.461839e+00
7.410000e-01 2.551140e+00
7.416000e-01 2.642137e+00
7.422000e-01 2.731147e+00
7.428000e-01 2.813431e+00
7.434000e-01 2.883607e+00
7.440000e-01 2.936438e+00
7.446000e-01 2.967816e+00
7.452000e-01 2.975592e+00
7.458000e-01 2.959905e+00
7.464000e-01 2.922841e+00
7.470000e-01 2.867640e+00
7.476000e-01 2.797811e+00
7.482000e-01 2.716509e+00
7.488000e-01 2.626272e+00
7.494000e-01 2.529062e+00
7.500000e-01 2.426463e+00
7.506000e-01 2.319885e+00
7.512000e-01 2.210708e+00
7.518000e-01 2.100343e+00
7.524000e-01 1.990205e+00
7.530000e-01 1.881660e+00
7.536000e-01 1.775945e+00
7.542000e-01 1.674112e+00
7.548000e-01 1.576986e+00
7.554000e-01 1.485162e+00
7.560000e-01 1.399008e+00
7.566000e-01 1.318699e+00
7.572000e-01 1.244244e+00
7.578000e-01 1.175528e+00
7.584000e-01 1.112343e+00
7.590000e-01 1.054418e+00
7.596000e-01 1.001444e+00
7.602000e-01 9.530959e-01
7.608000e-01 9.090422e-01
7.614000e-01 8.689593e-01
7.620000e-01 8.325369e-01
7.626000e-01 7.994834e-01
7.632000e-01 7.695275e-01
7.638000e-01 7.424203e-01
7.644000e-01 7.179353e-01
7.650000e-01 6.958674e-01
7.656000e-01 6.760330e-01
7.662000e-01 6.582681e-01
7.668000e-01 6.424274e-01
7.674000e-01 6.283833e-01
7.680000e-01 6.160245e-01
7.686000e-01 6.052548e-01
7.692000e-01 5.959924e-01
7.698000e-01 5.881692e-01
7.704000e-01 5.817297e-01
7.710000e-01 5.766308e-01
7.716000e-01 5.728414e-01
7.722000e-01 5.703423e-01
7.728000e-01 5.691260e-01
7.734000e-01 5.691973e-01
7.740000e-01 5.705733e-01
7.746000e-01 5.732843e-01
7.752000e-01 5.773748e-01
7.758000e-01 5.829047e-01
7.764000e-01 5.899506e-01
7.770000e-01 5.986082e-01
7.776000e-01 6.089943e-01
7.782000e-01 6.212499e-01
7.788000e-01 6.355434e-01
7.794000e-01 6.520748e-01
7.800000e-01 6.710804e-01
7.806000e-01 6.928380e-01
7.812000e-01 7.176728e-01
7.818000e-01 7.459637e-01
7.824000e-01 7.781497e-01
7.830000e-01 8.147350e-01
7.836000e-01 8.562925e-01
7.842000e-01 9.034628e-01
7.848000e-01 9.569448e-01
7.854000e-01 1.017474e+00
7.860000e-01 1.085777e+00
7.866000e-01 1.162500e+00
7.872000e-01 1.248083e+00
7.878000e-01 1.342588e+00
7.884000e-01 1.445449e+00
7.890000e-01 1.555182e+00
7.896000e-01 1.669075e+00
7.902000e-01 1.782982e+00
7.908000e-01 1.891350e+00
7.914000e-01 1.987663e+00
7.920000e-01 2.065349e+00
7.926000e-01 2.119032e+00
7.932000e-01 2.145730e+00
7.938000e-01 2.145525e+00
7.944000e-01 2.121433e+00
7.950000e-01 2.078552e+00
7.956000e-01 2.022884e+00
7.962000e-01 1.960264e+00
7.968000e-01 1.895655e+00
7.974000e-01 1.832848e+00
7.980000e-01 1.774478e+00
7.986000e-01 1.722193e+00
7.992000e-01 1.676896e+00
7.998000e-01 1.638970e+00
8.004000e-01 1.608462e+00
8.010000e-01 1.585227e+00
8.016000e-01 1.569029e+00
8.022000e-01 1.559603e+00
8.028000e-01 1.556704e+00
8.034000e-01 1.560134e+00
8.040000e-01 1.569756e+00
8.046000e-01 1.585506e+00
8.052000e-01 1.607394e+00
8.058000e-01 1.635506e+00
8.064000e-01 1.670000e+00
8.070000e-01 1.711095e+00
8.076000e-01 1.759059e+00
8.082000e-01 1.814180e+00
8.088000e-01 1.876730e+00
8.094000e-01 1.946903e+00
8.100000e-01 2.024742e+00
8.106000e-01 2.110024e+00
8.112000e-01 2.202141e+00
8.118000e-01 2.299959e+00
8.124000e-01 2.401711e+00
8.130000e-01 2.504954e+00
8.136000e-01 2.606654e+00
8.142000e-01 2.703449e+00
8.148000e-01 2.792073e+00
8.154000e-01 2.869870e+00
8.160000e-01 2.935257e+00
8.166000e-01 2.987980e+00
8.172000e-01 3.029079e+00
8.178000e-01 3.060591e+00
8.184000e-01 3.085104e+00
8.190000e-01 3.105317e+00
8.196000e-01 3.123689e+00
8.202000e-01 3.142238e+00
8.208000e-01 3.162464e+00
8.214000e-01 3.185357e+00
8.220000e-01 3.211469e+00
8.226000e-01 3.240982e+00
8.232000e-01 3.273795e+00
8.238000e-01 3.309580e+00
8.244000e-01 3.347839e+00
8.250000e-01 3.387932e+00
8.256000e-01 3.429109e+00
8.262000e-01 3.470519e+00
8.268000e-01 3.511229e+00
8.274000e-01 3.550238e+00
8.280000e-01 3.586493e+00
8.286000e-01 3.618916e+00
8.292000e-01 3.646439e+00
8.298000e-01 3.668053e+00
8.304000e-01 3.682856e+00
8.310000e-01 3.690112e+00
8.316000e-01 3.689306e+00
8.322000e-01 3.680190e+00
8.328000e-01 3.662803e+00
8.334000e-01 3.637484e+00
8.340000e-01 3.604842e+00
8.346000e-01 3.565721e+00
8.352000e-01 3.521132e+00
8.358000e-01 3.472191e+00
8.364000e-01 3.420047e+00
8.370000e-01 3.365822e+00
8.376000e-01 3.310564e+00
8.382000e-01 3.255212e+00
8.388000e-01 3.200578e+00
8.394000e-01 3.147341e+00
8.400000e-01 3.096050e+00
8.406000e-01 3.047136e+00
8.412000e-01 3.000924e+00
8.418000e-01 2.957652e+00
8.424000e-01 2.917482e+00
8.430000e-01 2.880517e+00
8.436000e-01 2.846811e+00
8.442000e-01 2.816376e+00
8.448000e-01 2.789193e+00
8.454000e-01 2.765205e+00
8.460000e-01 2.744322e+00
8.466000e-01 2.726413e+00
8.472000e-01 2.711294e+00
8.478000e-01 2.698715e+00
8.484000e-01 2.688338e+00
8.490000e-01 2.679714e+00
8.496000e-01 2.672252e+00
8.502000e-01 2.665194e+00
8.508000e-01 2.657590e+00
8.514000e-01 2.648288e+00
8.520000e-01 2.635947e+00
8.526000e-01 2.619092e+00
8.532000e-01 2.596215e+00
8.538000e-01 2.565932e+00
8.544000e-01 2.527176e+00
8.550000e-01 2.479401e+00
8.556000e-01 2.422738e+00
8.562000e-01 2.358052e+00
8.568000e-01 2.286877e+00
8.574000e-01 2.211218e+00
8.580000e-01 2.133283e+00
8.586000e-01 2.055213e+00
8.592000e-01 1.978858e+00
8.598000e-01 1.905651e+00
8.604000e-01 1.836570e+00
8.610000e-01 1.772167e+00
8.616000e-01 1.712643e+00
8.622000e-01 1.657938e+00
8.628000e-01 1.607814e+00
8.634000e-01 1.561924e+00
8.640000e-01 1.519872e+00
8.646000e-01 1.481249e+00
8.652000e-01 1.445659e+00
8.658000e-01 1.412733e+00
8.664000e-01 1.382142e+00
8.670000e-01 1.353594e+00
8.676000e-01 1.326839e+00
8.682000e-01 1.301665e+00
8.688000e-01 1.277893e+00
8.694000e-01 1.255377e+00
8.700000e-01 1.233997e+00
8.706000e-01 1.213656e+00
8.712000e-01 1.194278e+00
8.718000e-01 1.175800e+00
8.724000e-01 1.158175e+00
8.730000e-01 1.141364e+00
8.736000e-01 1.125335e+00
8.742000e-01 1.110063e+00
8.748000e-01 1.095527e+00
8.754000e-01 1.081708e+00
8.760000e-01 1.068589e+00
8.766000e-01 1.056157e+00
8.772000e-01 1.044397e+00
8.778000e-01 1.033299e+00
8.784000e-01 1.022854e+00
8.790000e-01 1.013056e+00
8.796000e-01 1.003902e+00
8.802000e-01 9.953937e-01
8.808000e-01 9.875390e-01
8.814000e-01 9.803513e-01
8.820000e-01 9.738518e-01
8.826000e-01 9.680700e-01
8.832000e-01 9.630446e-01
8.838000e-01 9.588248e-01
8.844000e-01 9.554707e-01
8.850000e-01 9.530542e-01
8.856000e-01 9.516598e-01
8.862000e-01 9.513842e-01
8.868000e-01 9.523372e-01
8.874000e-01 9.546408e-01
8.880000e-01 9.584290e-01
8.886000e-01 9.638464e-01
8.892000e-01 9.710467e-01
8.898000e-01 9.801908e-01
8.904000e-01 9.914436e-01
8.910000e-01 1.004971e+00
8.916000e-01 1.020937e+00
8.922000e-01 1.039498e+00
8.928000e-01 1.060798e+00
8.934000e-01 1.084966e+00
8.940000e-01 1.112109e+00
8.946000e-01 1.142309e+00
8.952000e-01 1.175619e+00
8.958000e-01 1.212060e+00
8.964000e-01 1.251617e+00
8.970000e-01 1.294241e+00
8.976000e-01 1.339848e+00
8.982000e-01 1.388322e+00
8.988000e-01 1.439515e+00
8.994000e-01 1.493254e+00
9.000000e-01 1.549344e+00
9.006000e-01 1.607575e+00
9.012000e-01 1.667728e+00
9.018000e-01 1.729576e+00
9.024000e-01 1.792896e+00
9.030000e-01 1.857468e+00
9.036000e-01 1.923081e+00
9.042000e-01 1.989535e+00
9.048000e-01 2.056643e+00
9.054000e-01 2.124230e+00
9.060000e-01 2.192131e+00
9.066000e-01 2.260186e+00
9.072000e-01 2.328239e+00
9.078000e-01 2.396120e+00
9.084000e-01 2.463642e+00
9.090000e-01 2.530580e+00
9.096000e-01 2.596655e+00
9.102000e-01 2.661514e+00
9.108000e-01 2.724712e+00
9.114000e-01 2.785694e+00
9.120000e-01 2.843797e+00
9.126000e-01 2.898260e+00
9.132000e-01 2.948266e+00
9.138000e-01 2.993005e+00
9.144000e-01 3.031753e+00
9.150000e-01 3.063960e+00
9.156000e-01 3.089311e+00
9.162000e-01 3.107736e+00
9.168000e-01 3.119339e+00
9.174000e-01 3.124160e+00
9.180000e-01 3.121417e+00
9.186000e-01 3.103560e+00
9.192000e-01 3.118304e+00
9.198000e-01 3.147654e+00
9.204000e-01 3.176060e+00
9.210000e-01 3.204448e+00
9.216000e-01 3.233076e+00
9.222000e-01 3.262039e+00
9.228000e-01 3.291373e+00
9.234000e-01 3.321078e+00
9.240000e-01 3.351131e+00
9.246000e-01 3.381485e+00
9.252000e-01 3.412068e+00
9.258000e-01 3.442783e+00
9.264000e-01 3.473498e+00
9.270000e-01 3.504042e+00
9.276000e-01 3.534197e+00
9.282000e-01 3.563697e+00
9.288000e-01 3.592218e+00
9.294000e-01 3.619381e+00
9.300000e-01 3.644757e+00
9.306000e-01 3.667880e+00
9.312000e-01 3.688267e+00
9.318000e-01 3.705447e+00
9.324000e-01 3.718997e+00
9.330000e-01 3.728578e+00
9.336000e-01 3.733966e+00
9.342000e-01 3.735074e+00
9.348000e-01 3.731957e+00
9.354000e-01 3.724804e+00
9.360000e-01 3.713911e+00
9.366000e-01 3.699647e+00
9.372000e-01 3.682422e+00
9.378000e-01 3.662649e+00
9.384000e-01 3.640726e+00
9.390000e-01 3.617012e+00
9.396000e-01 3.591826e+00
9.402000e-01 3.565443e+00
9.408000e-01 3.538101e+00
9.414000e-01 3.510002e+00
9.420000e-01 3.481327e+00
9.426000e-01 3.452236e+00
9.432000e-01 3.422876e+00
9.438000e-01 3.393387e+00
9.444000e-01 3.363902e+00
9.450000e-01 3.334552e+00
9.456000e-01 3.305462e+00
9.462000e-01 3.276755e+00
9.468000e-01 3.248551e+00
9.474000e-01 3.220965e+00
9.480000e-01 3.194106e+00
9.486000e-01 3.168079e+00
9.492000e-01 3.142982e+00
9.498000e-01 3.118906e+00
9.504000e-01 3.095935e+00
9.510000e-01 3.074145e+00
9.516000e-01 3.053608e+00
9.522000e-01 3.034386e+00
9.528000e-01 3.016537e+00
9.534000e-01 3.000112e+00
9.540000e-01 2.985155e+00
9.546000e-01 2.971708e+00
9.552000e-01 2.959806e+00
9.558000e-01 2.949483e+00
9.564000e-01 2.940766e+00
9.570000e-01 2.933683e+00
9.576000e-01 2.928255e+00
9.582000e-01 2.924504e+00
9.588000e-01 2.922451e+00
9.594000e-01 2.922113e+00
9.600000e-01 2.923507e+00
9.606000e-01 2.926648e+00
9.612000e-01 2.931552e+00
9.618000e-01 2.938231e+00
9.624000e-01 2.946697e+00
9.630000e-01 2.956960e+00
9.636000e-01 2.969029e+00
9.642000e-01 2.982910e+00
9.648000e-01 2.998606e+00
9.654000e-01 3.016115e+00
9.660000e-01 3.035433e+00
9.666000e-01 3.056547e+00
9.672000e-01 3.079438e+00
9.678000e-01 3.104080e+00
9.684000e-01 3.130435e+00
9.690000e-01 3.158453e+00
9.696000e-01 3.188070e+00
9.702000e-01 3.219207e+00
9.708000e-01 3.251764e+00
9.714000e-01 3.285624e+00
9.720000e-01 3.320642e+00
9.726000e-01 3.356652e+00
9.732000e-01 3.393459e+00
9.738000e-01 3.430841e+00
9.744000e-01 3.468547e+00
9.750000e-01 3.506297e+00
9.756000e-01 3.543783e+00
9.762000e-01 3.580676e+00
9.768000e-01 3.616624e+00
9.774000e-01 3.651262e+00
9.780000e-01 3.684215e+00
9.786000e-01 3.715113e+00
9.792000e-01 3.743594e+00
9.798000e-01 3.769316e+00
9.804000e-01 3.791969e+00
9.810000e-01 3.811280e+00
9.816000e-01 3.827027e+00
9.822000e-01 3.839037e+00
9.828000e-01 3.847197e+00
9.834000e-01 3.851450e+00
9.840000e-01 3.851793e+00
9.846000e-01 3.848277e+00
9.852000e-01 3.840996e+00
9.858000e-01 3.830082e+00
9.864000e-01 3.815695e+00
9.870000e-01 3.798019e+00
9.876000e-01 3.777252e+00
9.882000e-01 3.753599e+00
9.888000e-01 3.727273e+00
9.894000e-01 3.698489e+00
9.900000e-01 3.667462e+00
9.906000e-01 3.634411e+00
9.912000e-01 3.599556e+00
9.918000e-01 3.563124e+00
9.924000e-01 3.525344e+00
9.930000e-01 3.486456e+00
9.936000e-01 3.446701e+00
9.942000e-01 3.406332e+00
9.948000e-01 3.365604e+00
9.954000e-01 3.324774e+00
9.960000e-01 3.284100e+00
9.966000e-01 3.243835e+00
9.972000e-01 3.204229e+00
9.978000e-01 3.165517e+00
9.984000e-01 3.127924e+00
9.990000e-01 3.091657e+00
9.996000e-01 3.056905e+00
1.000200e+00 3.023839e+00
1.000800e+00 2.992606e+00
1.001400e+00 2.963334e+00
1.002000e+00 2.936128e+00
1.002600e+00 2.911072e+00
1.003200e+00 2.888229e+00
1.003800e+00 2.867644e+00
1.004400e+00 2.849341e+00
1.005000e+00 2.833327e+00
1.005600e+00 2.819592e+00
1.006200e+00 2.808111e+00
1.006800e+00 2.798841e+00
1.007400e+00 2.791726e+00
1.008000e+00 2.786694e+00
1.008600e+00 2.783660e+00
1.009200e+00 2.782524e+00
1.009800e+00 2.783172e+00
1.010400e+00 2.785476e+00
1.011000e+00 2.789295e+00
1.011600e+00 2.794472e+00
1.012200e+00 2.800840e+00
1.012800e+00 2.808216e+00
1.013400e+00 2.816409e+00
1.014000e+00 2.825215e+00
1.014600e+00 2.834421e+00
1.015200e+00 2.843810e+00
1.015800e+00 2.853159e+00
1.016400e+00 2.862243e+00
1.017000e+00 2.870842e+00
1.017600e+00 2.878740e+00
1.018200e+00 2.885731e+00
1.018800e+00 2.891624e+00
1.019400e+00 2.896243e+00
1.020000e+00 2.899437e+00
1.020600e+00 2.901078e+00
1.021200e+00 2.901066e+00
1.021800e+00 2.899332e+00
1.022400e+00 2.895838e+00
1.023000e+00 2.890580e+00
1.023600e+00 2.883583e+00
1.024200e+00 2.874906e+00
1.024800e+00 2.864635e+00
1.025400e+00 2.852882e+00
1.026000e+00 2.839783e+00
1.026600e+00 2.825489e+00
1.027200e+00 2.810166e+00
1.027800e+00 2.793988e+00
1.028400e+00 2.777136e+00
1.029000e+00 2.759789e+00
1.029600e+00 2.742120e+00
1.030200e+00 2.724297e+00
1.030800e+00 2.706475e+00
1.031400e+00 2.688798e+00
1.032000e+00 2.671391e+00
1.032600e+00 2.654362e+00
1.033200e+00 2.637801e+00
1.033800e+00 2.621777e+00
1.034400e+00 2.606342e+00
1.035000e+00 2.591524e+00
1.035600e+00 2.577333e+00
1.036200e+00 2.563759e+00
1.036800e+00 2.550775e+00
1.037400e+00 2.538334e+00
1.038000e+00 2.526376e+00
1.038600e+00 2.514824e+00
1.039200e+00 2.503589e+00
1.039800e+00 2.492575e+00
1.040400e+00 2.481674e+00
1.041000e+00 2.470777e+00
1.041600e+00 2.459773e+00
1.042200e+00 2.448553e+00
1.042800e+00 2.437012e+00
1.043400e+00 2.425057e+00
1.044000e+00 2.412605e+00
1.044600e+00 2.399587e+00
1.045200e+00 2.385953e+00
1.045800e+00 2.371672e+00
1.046400e+00 2.356732e+00
1.047000e+00 2.341141e+00
1.047600e+00 2.324928e+00
1.048200e+00 2.308141e+00
1.048800e+00 2.290843e+00
1.049400e+00 2.273115e+00
1.050000e+00 2.255048e+00
1.050600e+00 2.236743e+00
1.051200e+00 2.218308e+00
1.051800e+00 2.199853e+00
1.052400e+00 2.181493e+00
1.053000e+00 2.163339e+00
1.053600e+00 2.145498e+00
1.054200e+00 2.128076e+00
1.054800e+00 2.111168e+00
1.055400e+00 2.094868e+00
1.056000e+00 2.079256e+00
1.056600e+00 2.064410e+00
1.057200e+00 2.050397e+00
1.057800e+00 2.037277e+00
1.058400e+00 2.025104e+00
1.059000e+00 2.013923e+00
1.059600e+00 2.003774e+00
1.060200e+00 1.994692e+00
1.060800e+00 1.986706e+00
1.061400e+00 1.979841e+00
1.062000e+00 1.974119e+00
1.062600e+00 1.969556e+00
1.063200e+00 1.966168e+00
1.063800e+00 1.963967e+00
1.064400e+00 1.962964e+00
1.065000e+00 1.963167e+00
1.065600e+00 1.964583e+00
1.066200e+00 1.967217e+00
1.066800e+00 1.971075e+00
1.067400e+00 1.976156e+00
1.068000e+00 1.982463e+00
1.068600e+00 1.989992e+00
1.069200e+00 1.998737e+00
1.069800e+00 2.008689e+00
1.070400e+00 2.019832e+00
1.071000e+00 2.032144e+00
1.071600e+00 2.045596e+00
1.072200e+00 2.060145e+00
1.072800e+00 2.075740e+00
1.073400e+00 2.092310e+00
1.074000e+00 2.109770e+00
1.074600e+00 2.128012e+00
1.075200e+00 2.146908e+00
1.075800e+00 2.166303e+00
1.076400e+00 2.186017e+00
1.077000e+00 2.205847e+00
1.077600e+00 2.225562e+00
1.078200e+00 2.244917e+00
1.078800e+00 2.263651e+00
1.079400e+00 2.281498e+00
1.080000e+00 2.298200e+00
1.080600e+00 2.313513e+00
1.081200e+00 2.327224e+00
1.081800e+00 2.339163e+00
1.082400e+00 2.349207e+00
1.083000e+00 2.357292e+00
1.083600e+00 2.363413e+00
1.084200e+00 2.367623e+00
1.084800e+00 2.370030e+00
1.085400e+00 2.370788e+00
1.086000e+00 2.370086e+00
1.086600e+00 2.368138e+00
1.087200e+00 2.365176e+00
1.087800e+00 2.361433e+00
1.088400e+00 2.357143e+00
1.089000e+00 2.352531e+00
1.089600e+00 2.347808e+00
1.090200e+00 2.343173e+00
1.090800e+00 2.338808e+00
1.091400e+00 2.334881e+00
1.092000e+00 2.331546e+00
1.092600e+00 2.328946e+00
1.093200e+00 2.327215e+00
1.093800e+00 2.326476e+00
1.094400e+00 2.326850e+00
1.095000e+00 2.328453e+00
1.095600e+00 2.331396e+00
1.096200e+00 2.335791e+00
1.096800e+00 2.341748e+00
1.097400e+00 2.349375e+00
1.098000e+00 2.358778e+00
1.098600e+00 2.370060e+00
1.099200e+00 2.383317e+00
1.099800e+00 2.398635e+00
1.100400e+00 2.416082e+00
1.101000e+00 2.435705e+00
1.101600e+00 2.457517e+00
1.102200e+00 2.481487e+00
1.102800e+00 2.507522e+00
1.103400e+00 2.535454e+00
1.104000e+00 2.565014e+00
1.104600e+00 2.595815e+00
1.105200e+00 2.627330e+00
1.105800e+00 2.658872e+00
1.106400e+00 2.689585e+00
1.107000e+00 2.718451e+00
1.107600e+00 2.744314e+00
1.108200e+00 2.765928e+00
1.108800e+00 2.782042e+00
1.109400e+00 2.791505e+00
1.110000e+00 2.793387e+00
1.110600e+00 2.787102e+00
1.111200e+00 2.772502e+00
1.111800e+00 2.749924e+00
1.112400e+00 2.720179e+00
1.113000e+00 2.684477e+00
1.113600e+00 2.644305e+00
1.114200e+00 2.601283e+00
1.114800e+00 2.557022e+00
1.115400e+00 2.513007e+00
1.116000e+00 2.470514e+00
1.116600e+00 2.430573e+00
1.117200e+00 2.393957e+00
1.117800e+00 2.361194e+00
1.118400e+00 2.332607e+00
1.119000e+00 2.308343e+00
1.119600e+00 2.288415e+00
1.120200e+00 2.272736e+00
1.120800e+00 2.261145e+00
1.121400e+00 2.253435e+00
1.122000e+00 2.249367e+00
1.122600e+00 2.248685e+00
1.123200e+00 2.251124e+00
1.123800e+00 2.256416e+00
1.124400e+00 2.264294e+00
1.125000e+00 2.274495e+00
1.125600e+00 2.286759e+00
1.126200e+00 2.300830e+00
1.126800e+00 2.316457e+00
1.127400e+00 2.333392e+00
1.128000e+00 2.351394e+00
1.128600e+00 2.370222e+00
1.129200e+00 2.389647e+00
1.129800e+00 2.409442e+00
1.130400e+00 2.429392e+00
1.131000e+00 2.449294e+00
1.131600e+00 2.468960e+00
1.132200e+00 2.488221e+00
1.132800e+00 2.506930e+00
1.133400e+00 2.524966e+00
1.134000e+00 2.542239e+00
1.134600e+00 2.558689e+00
1.135200e+00 2.574291e+00
1.135800e+00 2.589058e+00
1.136400e+00 2.603033e+00
1.137000e+00 2.616297e+00
1.137600e+00 2.628957e+00
1.138200e+00 2.641149e+00
1.138800e+00 2.653026e+00
1.139400e+00 2.664754e+00
1.140000e+00 2.676503e+00
1.140600e+00 2.688439e+00
1.141200e+00 2.700717e+00
1.141800e+00 2.713469e+00
1.142400e+00 2.726798e+00
1.143000e+00 2.740772e+00
1.143600e+00 2.755419e+00
1.144200e+00 2.770720e+00
1.144800e+00 2.786613e+00
1.145400e+00 2.802989e+00
1.146000e+00 2.819700e+00
1.146600e+00 2.836563e+00
1.147200e+00 2.853366e+00
1.147800e+00 2.869885e+00
1.148400e+00 2.885889e+00
1.149000e+00 2.901158e+00
1.149600e+00 2.915491e+00
1.150200e+00 2.928718e+00
1.150800e+00 2.940709e+00
1.151400e+00 2.951379e+00
1.152000e+00 2.960688e+00
1.152600e+00 2.968647e+00
1.153200e+00 2.975303e+00
1.153800e+00 2.980743e+00
1.154400e+00 2.985080e+00
1.155000e+00 2.988442e+00
1.155600e+00 2.990968e+00
1.156200e+00 2.992793e+00
1.156800e+00 2.994041e+00
1.157400e+00 2.994819e+00
1.158000e+00 2.995208e+00
1.158600e+00 2.995264e+00
1.159200e+00 2.995008e+00
1.159800e+00 2.994429e+00
1.160400e+00 2.993484e+00
1.161000e+00 2.992096e+00
1.161600e+00 2.990159e+00
1.162200e+00 2.987540e+00
1.162800e+00 2.984084e+00
1.163400e+00 2.979619e+00
1.164000e+00 2.973962e+00
1.164600e+00 2.966928e+00
1.165200e+00 2.958338e+00
1.165800e+00 2.948035e+00
1.166400e+00 2.935898e+00
1.167000e+00 2.921868e+00
1.167600e+00 2.906005e+00
1.168200e+00 2.888622e+00
1.168800e+00 2.870921e+00
1.169400e+00 2.883616e+00
1.170000e+00 2.877008e+00
1.170600e+00 2.857346e+00
1.171200e+00 2.830473e+00
1.171800e+00 2.798121e+00
1.172400e+00 2.761229e+00
1.173000e+00 2.720478e+00
1.173600e+00 2.676451e+00
1.174200e+00 2.629700e+00
1.174800e+00 2.580773e+00
1.175400e+00 2.530222e+00
1.176000e+00 2.478601e+00
1.176600e+00 2.426467e+00
1.177200e+00 2.374365e+00
1.177800e+00 2.322820e+00
1.178400e+00 2.272327e+00
1.179000e+00 2.223339e+00
1.179600e+00 2.176259e+00
1.180200e+00 2.131437e+00
1.180800e+00 2.089161e+00
1.181400e+00 2.049664e+00
1.182000e+00 2.013120e+00
1.182600e+00 1.979651e+00
1.183200e+00 1.949333e+00
1.183800e+00 1.922200e+00
1.184400e+00 1.898256e+00
1.185000e+00 1.877474e+00
1.185600e+00 1.859810e+00
1.186200e+00 1.845205e+00
1.186800e+00 1.833591e+00
1.187400e+00 1.824894e+00
1.188000e+00 1.819039e+00
1.188600e+00 1.815950e+00
1.189200e+00 1.815556e+00
1.189800e+00 1.817788e+00
1.190400e+00 1.822580e+00
1.191000e+00 1.829874e+00
1.191600e+00 1.839613e+00
1.192200e+00 1.851744e+00
1.192800e+00 1.866218e+00
1.193400e+00 1.882987e+00
1.194000e+00 1.902003e+00
1.194600e+00 1.923218e+00
1.195200e+00 1.946581e+00
1.195800e+00 1.972037e+00
1.196400e+00 1.999527e+00
1.197000e+00 2.028983e+00
1.197600e+00 2.060329e+00
1.198200e+00 2.093476e+00
1.198800e+00 2.128328e+00
1.199400e+00 2.164772e+00
