0.000000e+00 0.000000e+00
6.000000e-04 0.000000e+00
1.200000e-03 0.000000e+00
1.800000e-03 0.000000e+00
2.400000e-03 0.000000e+00
3.000000e-03 0.000000e+00
3.600000e-03 0.000000e+00
4.200000e-03 0.000000e+00
4.800000e-03 0.000000e+00
5.400000e-03 0.000000e+00
6.000000e-03 0.000000e+00
6.600000e-03 0.000000e+00
7.200000e-03 0.000000e+00
7.800000e-03 0.000000e+00
8.400000e-03 0.000000e+00
9.000000e-03 0.000000e+00
9.600000e-03 0.000000e+00
1.020000e-02 0.000000e+00
1.080000e-02 0.000000e+00
1.140000e-02 0.000000e+00
1.200000e-02 0.000000e+00
1.260000e-02 0.000000e+00
1.320000e-02 0.000000e+00
1.380000e-02 0.000000e+00
1.440000e-02 0.000000e+00
1.500000e-02 0.000000e+00
1.560000e-02 0.000000e+00
1.620000e-02 0.000000e+00
1.680000e-02 0.000000e+00
1.740000e-02 0.000000e+00
1.800000e-02 0.000000e+00
1.860000e-02 0.000000e+00
1.920000e-02 0.000000e+00
1.980000e-02 0.000000e+00
2.040000e-02 4.891158e-05
2.100000e-02 1.983025e-04
2.160000e-02 1.935844e-04
2.220000e-02 1.722969e-04
2.280000e-02 1.481927e-04
2.340000e-02 1.246320e-04
2.400000e-02 1.026856e-04
2.460000e-02 8.271563e-05
2.520000e-02 6.482958e-05
2.580000e-02 4.904473e-05
2.640000e-02 3.535703e-05
2.700000e-02 2.377484e-05
2.760000e-02 1.433877e-05
2.820000e-02 7.136508e-06
2.880000e-02 2.317244e-06
2.940000e-02 1.088072e-07
3.000000e-02 8.401311e-07
3.060000e-02 4.972523e-06
3.120000e-02 1.314459e-05
3.180000e-02 2.623863e-05
3.240000e-02 4.548154e-05
3.300000e-02 7.260380e-05
3.360000e-02 1.101007e-04
3.420000e-02 1.616857e-04
3.480000e-02 2.331362e-04
3.540000e-02 3.340250e-04
3.600000e-02 4.817485e-04
3.660000e-02 7.127488e-04
3.720000e-02 1.123553e-03
3.780000e-02 2.112415e-03
3.840000e-02 9.654257e-03
3.900000e-02 3.879708e-04
3.960000e-02 4.727182e-04
4.020000e-02 1.458127e-03
4.080000e-02 2.850938e-03
4.140000e-02 5.213647e-03
4.200000e-02 9.954212e-03
4.260000e-02 2.194522e-02
4.320000e-02 7.061511e-02
4.380000e-02 1.143475e+00
4.440000e-02 2.407746e-02
4.500000e-02 9.699985e-02
4.560000e-02 2.446447e-01
4.620000e-02 6.033453e-02
4.680000e-02 3.041290e-02
4.740000e-02 1.961640e-02
4.800000e-02 1.436694e-02
4.860000e-02 1.140366e-02
4.920000e-02 9.591371e-03
4.980000e-02 8.446138e-03
5.040000e-02 7.736957e-03
5.100000e-02 7.350412e-03
5.160000e-02 7.239166e-03
5.220000e-02 7.404535e-03
5.280000e-02 7.899580e-03
5.340000e-02 8.855907e-03
5.400000e-02 1.055881e-02
5.460000e-02 1.365640e-02
5.520000e-02 1.983455e-02
5.580000e-02 3.463648e-02
5.640000e-02 8.587527e-02
5.700000e-02 5.299506e-01
5.760000e-02 4.387896e-01
5.820000e-02 6.956404e-02
5.880000e-02 2.629582e-02
5.940000e-02 1.405896e-02
6.000000e-02 9.105635e-03
6.060000e-02 6.701367e-03
6.120000e-02 5.422359e-03
6.180000e-02 4.729216e-03
6.240000e-02 4.387251e-03
6.300000e-02 4.287423e-03
6.360000e-02 4.381145e-03
6.420000e-02 4.654352e-03
6.480000e-02 5.117675e-03
6.540000e-02 5.804931e-03
6.600000e-02 6.778014e-03
6.660000e-02 8.139705e-03
6.720000e-02 1.006056e-02
6.780000e-02 1.283635e-02
6.840000e-02 1.702312e-02
6.900000e-02 2.380425e-02
6.960000e-02 3.622615e-02
7.020000e-02 6.500995e-02
7.080000e-02 1.806190e-01
7.140000e-02 1.836258e+00
7.200000e-02 4.623474e-02
7.260000e-02 1.657167e-03
7.320000e-02 6.693959e-04
7.380000e-02 3.995667e-03
7.440000e-02 7.657753e-03
7.500000e-02 1.085678e-02
7.560000e-02 1.340342e-02
7.620000e-02 1.531024e-02
7.680000e-02 1.667646e-02
7.740000e-02 1.763162e-02
7.800000e-02 1.830430e-02
7.860000e-02 1.880895e-02
7.920000e-02 1.924597e-02
7.980000e-02 1.971492e-02
8.040000e-02 2.036333e-02
8.100000e-02 2.208361e-02
8.160000e-02 2.217724e-02
8.220000e-02 2.180501e-02
8.280000e-02 2.154760e-02
8.340000e-02 2.141305e-02
8.400000e-02 2.140266e-02
8.460000e-02 2.151839e-02
8.520000e-02 2.176464e-02
8.580000e-02 2.214903e-02
8.640000e-02 2.268302e-02
8.700000e-02 2.338270e-02
8.760000e-02 2.426981e-02
8.820000e-02 2.537306e-02
8.880000e-02 2.672994e-02
8.940000e-02 2.838907e-02
9.000000e-02 3.041319e-02
9.060000e-02 3.288270e-02
9.120000e-02 3.589950e-02
9.180000e-02 3.958965e-02
9.240000e-02 4.410173e-02
9.300000e-02 4.959282e-02
9.360000e-02 5.618524e-02
9.420000e-02 6.386310e-02
9.480000e-02 7.226767e-02
9.540000e-02 8.039274e-02
9.600000e-02 8.637514e-02
9.660000e-02 8.790322e-02
9.720000e-02 8.358536e-02
9.780000e-02 7.424564e-02
9.840000e-02 6.245697e-02
9.900000e-02 5.078468e-02
9.960000e-02 4.068935e-02
1.002000e-01 3.258609e-02
1.008000e-01 2.632636e-02
1.014000e-01 2.157281e-02
1.020000e-01 1.798234e-02
1.026000e-01 1.526859e-02
1.032000e-01 1.321092e-02
1.038000e-01 1.164514e-02
1.044000e-01 1.045064e-02
1.050000e-01 9.539091e-03
1.056000e-01 8.845572e-03
1.062000e-01 8.322059e-03
1.068000e-01 7.932765e-03
1.074000e-01 7.650815e-03
1.080000e-01 7.455891e-03
1.086000e-01 7.332565e-03
1.092000e-01 7.269129e-03
1.098000e-01 7.256789e-03
1.104000e-01 7.289149e-03
1.110000e-01 7.361956e-03
1.116000e-01 7.473146e-03
1.122000e-01 7.623339e-03
1.128000e-01 7.817178e-03
1.134000e-01 8.066634e-03
1.140000e-01 8.399606e-03
1.146000e-01 8.885917e-03
1.152000e-01 9.737686e-03
1.158000e-01 1.190479e-02
1.164000e-01 2.709538e-02
1.170000e-01 4.380342e-02
1.176000e-01 9.912689e-03
1.182000e-01 8.795947e-03
1.188000e-01 8.792327e-03
1.194000e-01 8.967460e-03
1.200000e-01 9.186398e-03
1.206000e-01 9.417311e-03
1.212000e-01 9.650426e-03
1.218000e-01 9.882076e-03
1.224000e-01 1.011055e-02
1.230000e-01 1.033480e-02
1.236000e-01 1.055402e-02
1.242000e-01 1.076745e-02
1.248000e-01 1.097436e-02
1.254000e-01 1.117405e-02
1.260000e-01 1.136585e-02
1.266000e-01 1.154921e-02
1.272000e-01 1.172378e-02
1.278000e-01 1.188959e-02
1.284000e-01 1.204721e-02
1.290000e-01 1.219818e-02
1.296000e-01 1.234541e-02
1.302000e-01 1.249405e-02
1.308000e-01 1.265254e-02
1.314000e-01 1.283444e-02
1.320000e-01 1.306108e-02
1.326000e-01 1.336574e-02
1.332000e-01 1.380019e-02
1.338000e-01 1.444515e-02
1.344000e-01 1.542726e-02
1.350000e-01 1.694724e-02
1.356000e-01 1.932768e-02
1.362000e-01 2.309639e-02
1.368000e-01 2.913618e-02
1.374000e-01 3.896324e-02
1.380000e-01 5.526301e-02
1.386000e-01 8.295919e-02
1.392000e-01 1.314055e-01
1.398000e-01 2.188731e-01
1.404000e-01 3.808412e-01
1.410000e-01 6.779102e-01
1.416000e-01 1.159286e+00
1.422000e-01 1.673971e+00
1.428000e-01 1.834045e+00
1.434000e-01 1.623768e+00
1.440000e-01 1.332491e+00
1.446000e-01 1.096330e+00
1.452000e-01 9.272912e-01
1.458000e-01 8.087987e-01
1.464000e-01 7.249921e-01
1.470000e-01 6.647890e-01
1.476000e-01 6.209135e-01
1.482000e-01 5.885952e-01
1.488000e-01 5.646510e-01
1.494000e-01 5.469075e-01
1.500000e-01 5.338481e-01
1.506000e-01 5.243945e-01
1.512000e-01 5.177708e-01
1.518000e-01 5.134174e-01
1.524000e-01 5.109338e-01
1.530000e-01 5.100425e-01
1.536000e-01 5.105632e-01
1.542000e-01 5.123959e-01
1.548000e-01 5.155089e-01
1.554000e-01 5.199311e-01
1.560000e-01 5.257463e-01
1.566000e-01 5.330912e-01
1.572000e-01 5.421549e-01
1.578000e-01 5.531812e-01
1.584000e-01 5.664737e-01
1.590000e-01 5.824037e-01
1.596000e-01 6.014211e-01
1.602000e-01 6.240694e-01
1.608000e-01 6.510039e-01
1.614000e-01 6.830133e-01
1.620000e-01 7.210411e-01
1.626000e-01 7.662046e-01
1.632000e-01 8.197964e-01
1.638000e-01 8.832483e-01
1.644000e-01 9.580099e-01
1.650000e-01 1.045258e+00
1.656000e-01 1.145301e+00
1.662000e-01 1.256470e+00
1.668000e-01 1.373369e+00
1.674000e-01 1.484661e+00
1.680000e-01 1.571695e+00
1.686000e-01 1.610757e+00
1.692000e-01 1.581542e+00
1.698000e-01 1.479115e+00
1.704000e-01 1.319436e+00
1.710000e-01 1.131709e+00
1.716000e-01 9.442652e-01
1.722000e-01 7.755056e-01
1.728000e-01 6.331245e-01
1.734000e-01 5.176163e-01
1.740000e-01 4.259919e-01
1.746000e-01 3.542005e-01
1.752000e-01 2.983317e-01
1.758000e-01 2.550690e-01
1.764000e-01 2.217764e-01
1.770000e-01 1.964365e-01
1.776000e-01 1.775448e-01
1.782000e-01 1.639981e-01
1.788000e-01 1.549743e-01
1.794000e-01 1.497586e-01
1.800000e-01 1.474463e-01
1.806000e-01 1.478193e-01
1.812000e-01 2.679831e-01
1.818000e-01 2.670538e-01
1.824000e-01 2.418660e-01
1.830000e-01 2.253639e-01
1.836000e-01 2.213400e-01
1.842000e-01 2.250058e-01
1.848000e-01 2.323263e-01
1.854000e-01 2.410314e-01
1.860000e-01 2.499543e-01
1.866000e-01 2.584893e-01
1.872000e-01 2.663002e-01
1.878000e-01 2.731798e-01
1.884000e-01 2.789873e-01
1.890000e-01 2.836225e-01
1.896000e-01 2.870175e-01
1.902000e-01 2.891372e-01
1.908000e-01 2.899810e-01
1.914000e-01 2.895846e-01
1.920000e-01 2.880201e-01
1.926000e-01 2.853921e-01
1.932000e-01 2.818327e-01
1.938000e-01 2.774939e-01
1.944000e-01 2.725395e-01
1.950000e-01 2.671363e-01
1.956000e-01 2.614476e-01
1.962000e-01 2.556272e-01
1.968000e-01 2.498150e-01
1.974000e-01 2.441352e-01
1.980000e-01 2.386953e-01
1.986000e-01 2.335868e-01
1.992000e-01 2.288865e-01
1.998000e-01 2.246583e-01
2.004000e-01 2.209561e-01
2.010000e-01 2.178260e-01
2.016000e-01 2.153089e-01
2.022000e-01 2.134433e-01
2.028000e-01 2.122678e-01
2.034000e-01 2.118241e-01
2.040000e-01 2.121598e-01
2.046000e-01 2.133322e-01
2.052000e-01 2.154136e-01
2.058000e-01 2.184977e-01
2.064000e-01 2.227112e-01
2.070000e-01 2.282319e-01
2.076000e-01 2.353204e-01
2.082000e-01 2.443790e-01
2.088000e-01 2.560621e-01
2.094000e-01 2.714946e-01
2.100000e-01 2.927089e-01
2.106000e-01 3.235330e-01
2.112000e-01 3.713465e-01
2.118000e-01 4.501871e-01
2.124000e-01 5.843208e-01
2.130000e-01 8.043027e-01
2.136000e-01 1.115390e+00
2.142000e-01 1.450191e+00
2.148000e-01 1.707538e+00
2.154000e-01 1.852577e+00
2.160000e-01 1.907646e+00
2.166000e-01 1.893353e+00
2.172000e-01 1.815199e+00
2.178000e-01 1.677398e+00
2.184000e-01 1.494288e+00
2.190000e-01 1.289457e+00
2.196000e-01 1.086820e+00
2.202000e-01 9.030348e-01
2.208000e-01 7.457680e-01
2.214000e-01 6.159777e-01
2.220000e-01 5.110284e-01
2.226000e-01 4.269835e-01
2.232000e-01 3.598620e-01
2.238000e-01 3.061705e-01
2.244000e-01 2.630453e-01
2.250000e-01 2.282195e-01
2.256000e-01 1.999297e-01
2.262000e-01 1.768156e-01
2.268000e-01 1.578296e-01
2.274000e-01 1.421646e-01
2.280000e-01 1.291970e-01
2.286000e-01 1.184436e-01
2.292000e-01 1.095293e-01
2.298000e-01 1.021628e-01
2.304000e-01 9.611840e-02
2.310000e-01 9.122316e-02
2.316000e-01 8.734688e-02
2.322000e-01 8.439558e-02
2.328000e-01 8.230703e-02
2.334000e-01 8.104837e-02
2.340000e-01 8.061574e-02
2.346000e-01 8.103588e-02
2.352000e-01 8.237030e-02
2.358000e-01 8.472247e-02
2.364000e-01 8.824949e-02
2.370000e-01 9.318021e-02
2.376000e-01 9.984313e-02
2.382000e-01 1.087098e-01
2.388000e-01 1.204635e-01
2.394000e-01 1.361095e-01
2.400000e-01 1.571562e-01
2.406000e-01 1.859184e-01
2.412000e-01 2.260293e-01
2.418000e-01 2.832934e-01
2.424000e-01 3.669929e-01
2.430000e-01 4.912632e-01
2.436000e-01 6.734077e-01
2.442000e-01 9.163115e-01
2.448000e-01 1.153102e+00
2.454000e-01 1.221318e+00
2.460000e-01 1.058456e+00
2.466000e-01 8.093360e-01
2.472000e-01 5.980780e-01
2.478000e-01 4.497009e-01
2.484000e-01 3.512452e-01
2.490000e-01 2.870984e-01
2.496000e-01 2.464871e-01
2.502000e-01 2.232142e-01
2.508000e-01 2.145909e-01
2.514000e-01 2.210561e-01
2.520000e-01 2.469087e-01
2.526000e-01 3.028237e-01
2.532000e-01 4.111808e-01
2.538000e-01 6.105057e-01
2.544000e-01 9.137637e-01
2.550000e-01 1.116688e+00
2.556000e-01 9.559954e-01
2.562000e-01 6.720327e-01
2.568000e-01 4.678775e-01
2.574000e-01 3.436251e-01
2.580000e-01 2.676431e-01
2.586000e-01 2.191746e-01
2.592000e-01 1.868735e-01
2.598000e-01 1.645538e-01
2.604000e-01 1.487149e-01
2.610000e-01 1.372874e-01
2.616000e-01 1.289969e-01
2.622000e-01 1.230297e-01
2.628000e-01 1.188518e-01
2.634000e-01 1.161046e-01
2.640000e-01 1.145449e-01
2.646000e-01 1.140073e-01
2.652000e-01 1.143814e-01
2.658000e-01 1.155964e-01
2.664000e-01 1.176121e-01
2.670000e-01 1.204119e-01
2.676000e-01 1.239987e-01
2.682000e-01 1.283915e-01
2.688000e-01 1.336237e-01
2.694000e-01 1.397407e-01
2.700000e-01 1.467982e-01
2.706000e-01 1.548596e-01
2.712000e-01 1.639936e-01
2.718000e-01 1.742687e-01
2.724000e-01 1.857476e-01
2.730000e-01 1.984774e-01
2.736000e-01 2.124775e-01
2.742000e-01 2.277223e-01
2.748000e-01 2.441210e-01
2.754000e-01 2.614928e-01
2.760000e-01 2.795424e-01
2.766000e-01 2.978384e-01
2.772000e-01 3.158043e-01
2.778000e-01 3.327297e-01
2.784000e-01 3.478114e-01
2.790000e-01 3.602274e-01
2.796000e-01 3.692376e-01
2.802000e-01 3.742923e-01
2.808000e-01 3.751209e-01
2.814000e-01 3.717750e-01
2.820000e-01 3.646130e-01
2.826000e-01 3.542315e-01
2.832000e-01 3.413667e-01
2.838000e-01 3.267921e-01
2.844000e-01 3.112349e-01
2.850000e-01 2.953212e-01
2.856000e-01 2.795519e-01
2.862000e-01 2.643000e-01
2.868000e-01 2.498241e-01
2.874000e-01 2.362879e-01
2.880000e-01 2.237818e-01
2.886000e-01 2.123431e-01
2.892000e-01 2.019725e-01
2.898000e-01 1.926480e-01
2.904000e-01 1.843352e-01
2.910000e-01 1.769952e-01
2.916000e-01 1.705910e-01
2.922000e-01 1.650917e-01
2.928000e-01 1.604773e-01
2.934000e-01 1.567428e-01
2.940000e-01 1.539032e-01
2.946000e-01 1.520002e-01
2.952000e-01 1.511118e-01
2.958000e-01 1.513664e-01
2.964000e-01 1.529660e-01
2.970000e-01 1.562220e-01
2.976000e-01 1.616150e-01
2.982000e-01 1.698945e-01
2.988000e-01 1.822479e-01
2.994000e-01 2.005801e-01
3.000000e-01 2.279312e-01
3.006000e-01 2.688550e-01
3.012000e-01 3.284815e-01
3.018000e-01 4.052931e-01
3.024000e-01 4.711124e-01
3.030000e-01 4.717226e-01
3.036000e-01 4.038801e-01
3.042000e-01 3.233129e-01
3.048000e-01 2.623500e-01
3.054000e-01 2.227409e-01
3.060000e-01 1.983731e-01
3.066000e-01 1.839907e-01
3.072000e-01 1.762288e-01
3.078000e-01 1.730901e-01
3.084000e-01 1.734243e-01
3.090000e-01 1.765973e-01
3.096000e-01 1.823019e-01
3.102000e-01 1.904550e-01
3.108000e-01 2.011448e-01
3.114000e-01 2.146078e-01
3.120000e-01 2.312273e-01
3.126000e-01 2.515464e-01
3.132000e-01 2.762950e-01
3.138000e-01 3.064301e-01
3.144000e-01 3.431895e-01
3.150000e-01 3.881586e-01
3.156000e-01 4.433500e-01
3.162000e-01 5.112949e-01
3.168000e-01 5.951946e-01
3.174000e-01 7.001006e-01
3.180000e-01 8.271873e-01
3.186000e-01 9.691414e-01
3.192000e-01 1.129739e+00
3.198000e-01 1.304758e+00
3.204000e-01 1.485403e+00
3.210000e-01 1.658645e+00
3.216000e-01 1.809446e+00
3.222000e-01 1.924681e+00
3.228000e-01 1.997036e+00
3.234000e-01 2.026689e+00
3.240000e-01 2.020043e+00
3.246000e-01 1.986683e+00
3.252000e-01 1.936385e+00
3.258000e-01 1.877259e+00
3.264000e-01 1.815109e+00
3.270000e-01 1.753556e+00
3.276000e-01 1.694508e+00
3.282000e-01 1.638660e+00
3.288000e-01 1.585931e+00
3.294000e-01 1.535784e+00
3.300000e-01 1.487469e+00
3.306000e-01 1.440177e+00
3.312000e-01 1.393166e+00
3.318000e-01 1.345828e+00
3.324000e-01 1.297742e+00
3.330000e-01 1.248691e+00
3.336000e-01 1.198661e+00
3.342000e-01 1.147814e+00
3.348000e-01 1.096461e+00
3.354000e-01 1.045006e+00
3.360000e-01 9.939070e-01
3.366000e-01 9.436285e-01
3.372000e-01 8.946077e-01
3.378000e-01 8.472284e-01
3.384000e-01 8.018059e-01
3.390000e-01 7.585809e-01
3.396000e-01 7.177206e-01
3.402000e-01 6.793251e-01
3.408000e-01 6.434368e-01
3.414000e-01 6.100506e-01
3.420000e-01 5.791251e-01
3.426000e-01 5.505922e-01
3.432000e-01 5.243661e-01
3.438000e-01 5.003507e-01
3.444000e-01 4.784456e-01
3.450000e-01 4.585512e-01
3.456000e-01 4.405723e-01
3.462000e-01 4.244213e-01
3.468000e-01 4.100206e-01
3.474000e-01 3.973049e-01
3.480000e-01 3.862224e-01
3.486000e-01 3.767375e-01
3.492000e-01 3.688324e-01
3.498000e-01 3.625096e-01
3.504000e-01 3.577951e-01
3.510000e-01 3.547428e-01
3.516000e-01 3.534393e-01
3.522000e-01 3.540112e-01
3.528000e-01 3.566348e-01
3.534000e-01 3.615487e-01
3.540000e-01 3.690709e-01
3.546000e-01 3.796222e-01
3.552000e-01 3.937579e-01
3.558000e-01 4.122110e-01
3.564000e-01 4.359510e-01
3.570000e-01 4.662635e-01
3.576000e-01 5.048570e-01
3.582000e-01 5.539989e-01
3.588000e-01 6.166807e-01
3.594000e-01 6.967816e-01
3.600000e-01 7.991485e-01
3.606000e-01 9.293699e-01
3.612000e-01 1.092768e+00
3.618000e-01 1.291765e+00
3.624000e-01 1.520687e+00
3.630000e-01 1.758652e+00
3.636000e-01 1.966059e+00
3.642000e-01 2.095119e+00
3.648000e-01 2.115843e+00
3.654000e-01 2.035577e+00
3.660000e-01 1.890564e+00
3.666000e-01 1.721320e+00
3.672000e-01 1.556321e+00
3.678000e-01 1.409844e+00
3.684000e-01 1.286412e+00
3.690000e-01 1.185509e+00
3.696000e-01 1.104635e+00
3.702000e-01 1.040869e+00
3.708000e-01 9.915692e-01
3.714000e-01 9.546411e-01
3.720000e-01 9.286382e-01
3.726000e-01 9.128355e-01
3.732000e-01 9.073557e-01
3.738000e-01 9.134192e-01
3.744000e-01 9.338000e-01
3.750000e-01 9.735750e-01
3.756000e-01 1.041120e+00
3.762000e-01 1.148452e+00
3.768000e-01 1.306584e+00
3.774000e-01 1.503495e+00
3.780000e-01 1.661041e+00
3.786000e-01 1.660561e+00
3.792000e-01 1.501341e+00
3.798000e-01 1.298338e+00
3.804000e-01 1.127760e+00
3.810000e-01 1.003218e+00
3.816000e-01 9.154800e-01
3.822000e-01 8.530675e-01
3.828000e-01 8.069380e-01
3.834000e-01 7.704069e-01
3.840000e-01 7.384072e-01
3.846000e-01 7.070493e-01
3.852000e-01 6.735770e-01
3.858000e-01 6.365474e-01
3.864000e-01 5.959430e-01
3.870000e-01 5.529714e-01
3.876000e-01 5.095332e-01
3.882000e-01 4.675821e-01
3.888000e-01 4.286474e-01
3.894000e-01 3.936429e-01
3.900000e-01 3.629111e-01
3.906000e-01 3.363797e-01
3.912000e-01 3.137324e-01
3.918000e-01 2.945420e-01
3.924000e-01 2.783582e-01
3.930000e-01 2.647557e-01
3.936000e-01 2.533563e-01
3.942000e-01 2.438361e-01
3.948000e-01 2.359230e-01
3.954000e-01 2.293924e-01
3.960000e-01 2.240598e-01
3.966000e-01 2.197747e-01
3.972000e-01 2.164150e-01
3.978000e-01 2.138816e-01
3.984000e-01 2.120945e-01
3.990000e-01 2.109897e-01
3.996000e-01 2.105161e-01
4.002000e-01 2.106336e-01
4.008000e-01 2.113113e-01
4.014000e-01 2.125261e-01
4.020000e-01 2.142618e-01
4.026000e-01 2.165082e-01
4.032000e-01 2.192601e-01
4.038000e-01 2.225175e-01
4.044000e-01 2.262847e-01
4.050000e-01 2.305701e-01
4.056000e-01 2.353863e-01
4.062000e-01 2.407496e-01
4.068000e-01 2.466803e-01
4.074000e-01 2.532026e-01
4.080000e-01 2.603445e-01
4.086000e-01 2.681383e-01
4.092000e-01 2.766203e-01
4.098000e-01 2.858312e-01
4.104000e-01 2.958164e-01
4.110000e-01 3.066262e-01
4.116000e-01 3.183157e-01
4.122000e-01 3.309458e-01
4.128000e-01 3.445827e-01
4.134000e-01 3.592988e-01
4.140000e-01 3.751726e-01
4.146000e-01 3.922893e-01
4.152000e-01 4.107405e-01
4.158000e-01 4.306247e-01
4.164000e-01 4.520474e-01
4.170000e-01 4.751204e-01
4.176000e-01 4.999622e-01
4.182000e-01 5.266968e-01
4.188000e-01 5.554530e-01
4.194000e-01 5.863629e-01
4.200000e-01 6.195600e-01
4.206000e-01 6.551766e-01
4.212000e-01 6.933405e-01
4.218000e-01 7.341702e-01
4.224000e-01 7.777702e-01
4.230000e-01 8.242235e-01
4.236000e-01 8.735845e-01
4.242000e-01 9.258692e-01
4.248000e-01 9.810453e-01
4.254000e-01 1.039021e+00
4.260000e-01 1.099631e+00
4.266000e-01 1.162630e+00
4.272000e-01 1.227677e+00
4.278000e-01 1.294328e+00
4.284000e-01 1.362035e+00
4.290000e-01 1.430143e+00
4.296000e-01 1.497902e+00
4.302000e-01 1.564477e+00
4.308000e-01 1.628977e+00
4.314000e-01 1.690485e+00
4.320000e-01 1.748097e+00
4.326000e-01 1.800963e+00
4.332000e-01 1.848335e+00
4.338000e-01 1.889599e+00
4.344000e-01 1.924316e+00
4.350000e-01 1.952237e+00
4.356000e-01 1.973317e+00
4.362000e-01 1.987710e+00
4.368000e-01 1.995760e+00
4.374000e-01 1.997973e+00
4.380000e-01 1.994997e+00
4.386000e-01 1.987592e+00
4.392000e-01 1.976612e+00
4.398000e-01 1.962987e+00
4.404000e-01 1.947731e+00
4.410000e-01 1.931957e+00
4.416000e-01 1.916930e+00
4.422000e-01 1.904166e+00
4.428000e-01 1.895603e+00
4.434000e-01 1.893907e+00
4.440000e-01 1.903012e+00
4.446000e-01 1.929113e+00
4.452000e-01 1.982486e+00
4.458000e-01 2.080761e+00
4.464000e-01 2.253841e+00
4.470000e-01 2.544865e+00
4.476000e-01 2.971286e+00
4.482000e-01 3.363862e+00
4.488000e-01 3.334717e+00
4.494000e-01 2.905639e+00
4.500000e-01 2.454345e+00
4.506000e-01 2.128337e+00
4.512000e-01 1.910611e+00
4.518000e-01 1.762696e+00
4.524000e-01 1.657604e+00
4.530000e-01 1.579130e+00
4.536000e-01 1.517688e+00
4.542000e-01 1.467470e+00
4.548000e-01 1.424835e+00
4.554000e-01 1.387432e+00
4.560000e-01 1.353748e+00
4.566000e-01 1.322928e+00
4.572000e-01 1.294847e+00
4.578000e-01 1.270532e+00
4.584000e-01 1.253187e+00
4.590000e-01 1.249819e+00
4.596000e-01 1.271014e+00
4.602000e-01 1.319566e+00
4.608000e-01 1.369742e+00
4.614000e-01 1.386573e+00
4.620000e-01 1.367963e+00
4.626000e-01 1.330886e+00
4.632000e-01 1.287449e+00
4.638000e-01 1.242498e+00
4.644000e-01 1.197274e+00
4.650000e-01 1.151730e+00
4.656000e-01 1.105486e+00
4.662000e-01 1.058181e+00
4.668000e-01 1.009598e+00
4.674000e-01 9.597004e-01
4.680000e-01 9.086467e-01
4.686000e-01 8.567715e-01
4.692000e-01 8.045559e-01
4.698000e-01 7.525784e-01
4.704000e-01 7.014551e-01
4.710000e-01 6.517766e-01
4.716000e-01 6.040541e-01
4.722000e-01 5.586815e-01
4.728000e-01 5.159200e-01
4.734000e-01 4.759024e-01
4.740000e-01 4.386535e-01
4.746000e-01 4.041181e-01
4.752000e-01 3.721899e-01
4.758000e-01 3.427371e-01
4.764000e-01 3.156212e-01
4.770000e-01 2.907092e-01
4.776000e-01 2.678792e-01
4.782000e-01 2.470225e-01
4.788000e-01 2.280422e-01
4.794000e-01 2.108503e-01
4.800000e-01 1.953652e-01
4.806000e-01 1.815084e-01
4.812000e-01 1.692033e-01
4.818000e-01 1.583736e-01
4.824000e-01 1.489432e-01
4.830000e-01 1.408365e-01
4.836000e-01 1.339797e-01
4.842000e-01 1.283018e-01
4.848000e-01 1.237369e-01
4.854000e-01 1.202262e-01
4.860000e-01 1.177220e-01
4.866000e-01 1.161929e-01
4.872000e-01 1.156378e-01
4.878000e-01 1.161276e-01
4.884000e-01 1.181523e-01
4.890000e-01 1.402650e-01
4.896000e-01 1.520271e-01
4.902000e-01 1.618003e-01
4.908000e-01 1.708897e-01
4.914000e-01 1.798112e-01
4.920000e-01 1.888574e-01
4.926000e-01 1.982314e-01
4.932000e-01 2.080944e-01
4.938000e-01 2.185862e-01
4.944000e-01 2.298352e-01
4.950000e-01 2.419633e-01
4.956000e-01 2.550871e-01
4.962000e-01 2.693164e-01
4.968000e-01 2.847504e-01
4.974000e-01 3.014710e-01
4.980000e-01 3.195319e-01
4.986000e-01 3.389453e-01
4.992000e-01 3.596642e-01
4.998000e-01 3.815626e-01
5.004000e-01 4.044168e-01
5.010000e-01 4.278912e-01
5.016000e-01 4.515380e-01
5.022000e-01 4.748170e-01
5.028000e-01 4.971434e-01
5.034000e-01 5.179635e-01
5.040000e-01 5.368490e-01
5.046000e-01 5.535880e-01
5.052000e-01 5.682497e-01
5.058000e-01 5.812003e-01
5.064000e-01 5.930671e-01
5.070000e-01 6.046612e-01
5.076000e-01 6.168841e-01
5.082000e-01 6.306400e-01
5.088000e-01 6.467702e-01
5.094000e-01 6.660128e-01
5.100000e-01 6.889831e-01
5.106000e-01 7.161672e-01
5.112000e-01 7.479180e-01
5.118000e-01 7.844475e-01
5.124000e-01 8.258106e-01
5.130000e-01 8.718785e-01
5.136000e-01 9.223019e-01
5.142000e-01 9.764701e-01
5.148000e-01 1.033472e+00
5.154000e-01 1.092074e+00
5.160000e-01 1.150721e+00
5.166000e-01 1.207588e+00
5.172000e-01 1.260680e+00
5.178000e-01 1.307984e+00
5.184000e-01 1.347656e+00
5.190000e-01 1.378221e+00
5.196000e-01 1.398727e+00
5.202000e-01 1.408846e+00
5.208000e-01 1.408876e+00
5.214000e-01 1.399670e+00
5.220000e-01 1.382489e+00
5.226000e-01 1.358845e+00
5.232000e-01 1.330331e+00
5.238000e-01 1.298493e+00
5.244000e-01 1.264735e+00
5.250000e-01 1.230267e+00
5.256000e-01 1.196082e+00
5.262000e-01 1.162967e+00
5.268000e-01 1.131519e+00
5.274000e-01 1.102175e+00
5.280000e-01 1.075242e+00
5.286000e-01 1.050925e+00
5.292000e-01 1.029352e+00
5.298000e-01 1.010597e+00
5.304000e-01 9.946959e-01
5.310000e-01 9.816620e-01
5.316000e-01 9.714953e-01
5.322000e-01 9.641913e-01
5.328000e-01 9.597470e-01
5.334000e-01 9.581652e-01
5.340000e-01 9.594574e-01
5.346000e-01 9.636456e-01
5.352000e-01 9.707630e-01
5.358000e-01 9.808533e-01
5.364000e-01 9.939698e-01
5.370000e-01 1.010173e+00
5.376000e-01 1.029525e+00
5.382000e-01 1.052087e+00
5.388000e-01 1.077911e+00
5.394000e-01 1.107026e+00
5.400000e-01 1.139434e+00
5.406000e-01 1.175089e+00
5.412000e-01 1.213883e+00
5.418000e-01 1.255630e+00
5.424000e-01 1.300043e+00
5.430000e-01 1.346726e+00
5.436000e-01 1.395155e+00
5.442000e-01 1.444688e+00
5.448000e-01 1.494565e+00
5.454000e-01 1.543941e+00
5.460000e-01 1.591917e+00
5.466000e-01 1.637566e+00
5.472000e-01 1.679938e+00
5.478000e-01 1.717992e+00
5.484000e-01 1.750416e+00
5.490000e-01 1.775288e+00
5.496000e-01 1.789569e+00
5.502000e-01 1.788558e+00
5.508000e-01 1.765670e+00
5.514000e-01 1.713255e+00
5.520000e-01 1.625156e+00
5.526000e-01 1.500649e+00
5.532000e-01 1.347338e+00
5.538000e-01 1.179914e+00
5.544000e-01 1.014776e+00
5.550000e-01 8.644216e-01
5.556000e-01 7.351128e-01
5.562000e-01 6.278364e-01
5.568000e-01 5.405155e-01
5.574000e-01 4.699054e-01
5.580000e-01 4.127094e-01
5.586000e-01 3.660628e-01
5.592000e-01 3.276564e-01
5.598000e-01 2.956977e-01
5.604000e-01 2.688193e-01
5.610000e-01 2.459846e-01
5.616000e-01 2.264055e-01
5.622000e-01 2.094802e-01
5.628000e-01 1.947442e-01
5.634000e-01 1.818359e-01
5.640000e-01 1.704707e-01
5.646000e-01 1.604220e-01
5.652000e-01 1.515078e-01
5.658000e-01 1.435807e-01
5.664000e-01 1.365200e-01
5.670000e-01 1.302267e-01
5.676000e-01 1.246190e-01
5.682000e-01 1.196293e-01
5.688000e-01 1.152018e-01
5.694000e-01 1.112908e-01
5.700000e-01 1.078590e-01
5.706000e-01 1.048770e-01
5.712000e-01 1.023223e-01
5.718000e-01 1.001788e-01
5.724000e-01 9.843675e-02
5.730000e-01 9.709256e-02
5.736000e-01 9.614908e-02
5.742000e-01 9.561591e-02
5.748000e-01 9.551001e-02
5.754000e-01 9.585653e-02
5.760000e-01 9.668993e-02
5.766000e-01 9.805541e-02
5.772000e-01 1.000106e-01
5.778000e-01 1.026279e-01
5.784000e-01 1.059966e-01
5.790000e-01 1.102262e-01
5.796000e-01 1.154490e-01
5.802000e-01 1.218236e-01
5.808000e-01 1.295375e-01
5.814000e-01 1.388083e-01
5.820000e-01 1.498827e-01
5.826000e-01 1.630310e-01
5.832000e-01 1.785337e-01
5.838000e-01 1.966562e-01
5.844000e-01 2.176072e-01
5.850000e-01 2.414729e-01
5.856000e-01 2.681236e-01
5.862000e-01 2.970932e-01
5.868000e-01 3.274446e-01
5.874000e-01 3.576576e-01
5.880000e-01 3.856072e-01
5.886000e-01 4.087200e-01
5.892000e-01 4.243736e-01
5.898000e-01 4.304997e-01
5.904000e-01 4.261942e-01
5.910000e-01 4.120419e-01
5.916000e-01 3.899657e-01
5.922000e-01 3.626687e-01
5.928000e-01 3.329519e-01
5.934000e-01 3.031905e-01
5.940000e-01 2.750917e-01
5.946000e-01 2.496943e-01
5.952000e-01 2.275004e-01
5.958000e-01 2.086439e-01
5.964000e-01 1.930393e-01
5.970000e-01 1.804922e-01
5.976000e-01 1.707702e-01
5.982000e-01 1.636431e-01
5.988000e-01 1.589000e-01
5.994000e-01 1.563489e-01
6.000000e-01 1.558022e-01
6.006000e-01 1.570501e-01
6.012000e-01 1.598246e-01
6.018000e-01 1.637596e-01
6.024000e-01 1.683608e-01
6.030000e-01 1.730070e-01
6.036000e-01 1.770043e-01
6.042000e-01 1.796989e-01
6.048000e-01 1.806196e-01
6.054000e-01 1.795888e-01
6.060000e-01 1.767483e-01
6.066000e-01 1.724880e-01
6.072000e-01 1.673207e-01
6.078000e-01 1.617605e-01
6.084000e-01 1.562433e-01
6.090000e-01 1.510953e-01
6.096000e-01 1.465364e-01
6.102000e-01 1.427017e-01
6.108000e-01 1.396662e-01
6.114000e-01 1.374677e-01
6.120000e-01 1.361252e-01
6.126000e-01 1.356513e-01
6.132000e-01 1.360621e-01
6.138000e-01 1.373838e-01
6.144000e-01 1.396582e-01
6.150000e-01 1.429471e-01
6.156000e-01 1.473373e-01
6.162000e-01 1.529464e-01
6.168000e-01 1.599291e-01
6.174000e-01 1.684864e-01
6.180000e-01 1.788772e-01
6.186000e-01 1.914329e-01
6.192000e-01 2.065773e-01
6.198000e-01 2.248524e-01
6.204000e-01 2.469511e-01
6.210000e-01 2.737585e-01
6.216000e-01 3.064008e-01
6.222000e-01 3.462973e-01
6.228000e-01 3.952029e-01
6.234000e-01 4.552050e-01
6.240000e-01 5.286021e-01
6.246000e-01 6.175185e-01
6.252000e-01 7.230116e-01
6.258000e-01 8.433819e-01
6.264000e-01 9.716623e-01
6.270000e-01 1.093312e+00
6.276000e-01 1.186959e+00
6.282000e-01 1.231284e+00
6.288000e-01 1.216058e+00
6.294000e-01 1.148261e+00
6.300000e-01 1.047148e+00
6.306000e-01 9.336239e-01
6.312000e-01 8.229589e-01
6.318000e-01 7.233736e-01
6.324000e-01 6.378394e-01
6.330000e-01 5.663608e-01
6.336000e-01 5.076254e-01
6.342000e-01 4.599400e-01
6.348000e-01 4.216828e-01
6.354000e-01 3.914861e-01
6.360000e-01 3.682894e-01
6.366000e-01 3.513377e-01
6.372000e-01 3.401602e-01
6.378000e-01 3.345433e-01
6.384000e-01 3.344989e-01
6.390000e-01 3.402196e-01
6.396000e-01 3.520048e-01
6.402000e-01 3.701385e-01
6.408000e-01 3.947014e-01
6.414000e-01 4.253249e-01
6.420000e-01 4.609449e-01
6.426000e-01 4.996800e-01
6.432000e-01 5.389810e-01
6.438000e-01 5.761055e-01
6.444000e-01 6.087688e-01
6.450000e-01 6.356694e-01
6.456000e-01 6.566479e-01
6.462000e-01 6.724704e-01
6.468000e-01 6.844239e-01
6.474000e-01 6.939328e-01
6.480000e-01 7.023028e-01
6.486000e-01 7.106036e-01
6.492000e-01 7.196474e-01
6.498000e-01 7.300167e-01
6.504000e-01 7.421087e-01
6.510000e-01 7.561787e-01
6.516000e-01 7.723751e-01
6.522000e-01 7.907644e-01
6.528000e-01 8.113479e-01
6.534000e-01 8.340721e-01
6.540000e-01 8.588356e-01
6.546000e-01 8.854948e-01
6.552000e-01 9.138718e-01
6.558000e-01 9.437671e-01
6.564000e-01 9.749804e-01
6.570000e-01 1.007342e+00
6.576000e-01 1.040757e+00
6.582000e-01 1.075259e+00
6.588000e-01 1.111077e+00
6.594000e-01 1.148695e+00
6.600000e-01 1.188912e+00
6.606000e-01 1.232861e+00
6.612000e-01 1.281997e+00
6.618000e-01 1.338004e+00
6.624000e-01 1.402622e+00
6.630000e-01 1.477366e+00
6.636000e-01 1.563115e+00
6.642000e-01 1.659575e+00
6.648000e-01 1.764675e+00
6.654000e-01 1.873984e+00
6.660000e-01 1.980430e+00
6.666000e-01 2.074612e+00
6.672000e-01 2.145993e+00
6.678000e-01 2.184938e+00
6.684000e-01 2.185043e+00
6.690000e-01 2.144820e+00
6.696000e-01 2.067981e+00
6.702000e-01 1.962201e+00
6.708000e-01 1.837061e+00
6.714000e-01 1.702030e+00
6.720000e-01 1.565099e+00
6.726000e-01 1.432205e+00
6.732000e-01 1.307252e+00
6.738000e-01 1.192446e+00
6.744000e-01 1.088730e+00
6.750000e-01 9.961950e-01
6.756000e-01 9.144006e-01
6.762000e-01 8.426104e-01
6.768000e-01 7.799522e-01
6.774000e-01 7.255190e-01
6.780000e-01 6.784298e-01
6.786000e-01 6.378633e-01
6.792000e-01 6.030733e-01
6.798000e-01 5.733942e-01
6.804000e-01 5.482397e-01
6.810000e-01 5.270979e-01
6.816000e-01 5.095246e-01
6.822000e-01 4.951369e-01
6.828000e-01 4.836053e-01
6.834000e-01 4.746479e-01
6.840000e-01 4.680239e-01
6.846000e-01 4.635288e-01
6.852000e-01 4.609901e-01
6.858000e-01 4.602642e-01
6.864000e-01 4.612347e-01
6.870000e-01 4.638131e-01
6.876000e-01 4.679427e-01
6.882000e-01 4.736121e-01
6.888000e-01 4.808897e-01
6.894000e-01 4.900414e-01
6.900000e-01 5.022066e-01
6.906000e-01 5.154366e-01
6.912000e-01 5.216809e-01
6.918000e-01 5.286438e-01
6.924000e-01 5.360701e-01
6.930000e-01 5.438409e-01
6.936000e-01 5.518732e-01
6.942000e-01 5.601039e-01
6.948000e-01 5.684848e-01
6.954000e-01 5.769821e-01
6.960000e-01 5.855754e-01
6.966000e-01 5.942579e-01
6.972000e-01 6.030360e-01
6.978000e-01 6.119296e-01
6.984000e-01 6.209709e-01
6.990000e-01 6.302048e-01
6.996000e-01 6.396878e-01
7.002000e-01 6.494879e-01
7.008000e-01 6.596837e-01
7.014000e-01 6.703646e-01
7.020000e-01 6.816299e-01
7.026000e-01 6.935896e-01
7.032000e-01 7.063639e-01
7.038000e-01 7.200840e-01
7.044000e-01 7.348933e-01
7.050000e-01 7.509476e-01
7.056000e-01 7.684178e-01
7.062000e-01 7.874906e-01
7.068000e-01 8.083717e-01
7.074000e-01 8.312876e-01
7.080000e-01 8.564894e-01
7.086000e-01 8.842555e-01
7.092000e-01 9.148958e-01
7.098000e-01 9.487554e-01
7.104000e-01 9.862179e-01
7.110000e-01 1.027709e+00
7.116000e-01 1.073701e+00
7.122000e-01 1.124708e+00
7.128000e-01 1.181287e+00
7.134000e-01 1.244030e+00
7.140000e-01 1.313541e+00
7.146000e-01 1.390411e+00
7.152000e-01 1.475161e+00
7.158000e-01 1.568169e+00
7.164000e-01 1.669554e+00
7.170000e-01 1.779015e+00
7.176000e-01 1.895633e+00
7.182000e-01 2.017631e+00
7.188000e-01 2.142145e+00
7.194000e-01 2.265068e+00
7.200000e-01 2.381092e+00
7.206000e-01 2.484076e+00
7.212000e-01 2.567813e+00
7.218000e-01 2.627128e+00
7.224000e-01 2.659039e+00
7.230000e-01 2.663535e+00
7.236000e-01 2.643591e+00
7.242000e-01 2.604343e+00
7.248000e-01 2.551693e+00
7.254000e-01 2.490841e+00
7.260000e-01 2.425213e+00
7.266000e-01 2.356052e+00
7.272000e-01 2.282734e+00
7.278000e-01 2.203673e+00
7.284000e-01 2.117513e+00
7.290000e-01 2.024177e+00
7.296000e-01 1.925377e+00
7.302000e-01 1.824413e+00
7.308000e-01 1.725460e+00
7.314000e-01 1.632712e+00
7.320000e-01 1.549737e+00
7.326000e-01 1.479175e+00
7.332000e-01 1.422741e+00
7.338000e-01 1.381403e+00
7.344000e-01 1.355608e+00
7.350000e-01 1.345484e+00
7.356000e-01 1.350968e+00
7.362000e-01 1.371856e+00
7.368000e-01 1.407761e+00
7.374000e-01 1.457984e+00
7.380000e-01 1.521285e+00
7.386000e-01 1.595579e+00
7.392000e-01 1.677589e+00
7.398000e-01 1.762540e+00
7.404000e-01 1.844077e+00
7.410000e-01 1.914584e+00
7.416000e-01 1.966069e+00
7.422000e-01 1.991559e+00
7.428000e-01 1.986633e+00
7.434000e-01 1.950506e+00
7.440000e-01 1.886160e+00
7.446000e-01 1.799469e+00
7.452000e-01 1.697733e+00
7.458000e-01 1.588211e+00
7.464000e-01 1.477099e+00
7.470000e-01 1.369061e+00
7.476000e-01 1.267215e+00
7.482000e-01 1.173366e+00
7.488000e-01 1.088337e+00
7.494000e-01 1.012276e+00
7.500000e-01 9.449176e-01
7.506000e-01 8.857640e-01
7.512000e-01 8.342168e-01
7.518000e-01 7.896584e-01
7.524000e-01 7.515021e-01
7.530000e-01 7.192211e-01
7.536000e-01 6.923630e-01
7.542000e-01 6.705574e-01
7.548000e-01 6.535186e-01
7.554000e-01 6.410466e-01
7.560000e-01 6.330275e-01
7.566000e-01 6.294358e-01
7.572000e-01 6.303364e-01
7.578000e-01 6.358895e-01
7.584000e-01 6.463569e-01
7.590000e-01 6.621091e-01
7.596000e-01 6.836343e-01
7.602000e-01 7.115450e-01
7.608000e-01 7.465821e-01
7.614000e-01 7.896102e-01
7.620000e-01 8.415971e-01
7.626000e-01 9.035673e-01
7.632000e-01 9.765132e-01
7.638000e-01 1.061248e+00
7.644000e-01 1.158179e+00
7.650000e-01 1.267004e+00
7.656000e-01 1.386339e+00
7.662000e-01 1.513365e+00
7.668000e-01 1.643619e+00
7.674000e-01 1.771117e+00
7.680000e-01 1.888953e+00
7.686000e-01 1.990355e+00
7.692000e-01 2.069940e+00
7.698000e-01 2.124742e+00
7.704000e-01 2.154608e+00
7.710000e-01 2.161877e+00
7.716000e-01 2.150553e+00
7.722000e-01 2.125330e+00
7.728000e-01 2.090785e+00
7.734000e-01 2.050877e+00
7.740000e-01 2.008737e+00
7.746000e-01 1.966663e+00
7.752000e-01 1.926235e+00
7.758000e-01 1.888467e+00
7.764000e-01 1.853958e+00
7.770000e-01 1.823023e+00
7.776000e-01 1.795794e+00
7.782000e-01 1.772294e+00
7.788000e-01 1.752493e+00
7.794000e-01 1.736342e+00
7.800000e-01 1.723799e+00
7.806000e-01 1.714834e+00
7.812000e-01 1.709441e+00
7.818000e-01 1.707631e+00
7.824000e-01 1.709423e+00
7.830000e-01 1.714829e+00
7.836000e-01 1.723826e+00
7.842000e-01 1.736325e+00
7.848000e-01 1.752127e+00
7.854000e-01 1.770881e+00
7.860000e-01 1.792035e+00
7.866000e-01 1.814820e+00
7.872000e-01 1.838245e+00
7.878000e-01 1.861160e+00
7.884000e-01 1.882357e+00
7.890000e-01 1.900707e+00
7.896000e-01 1.915307e+00
7.902000e-01 1.925585e+00
7.908000e-01 1.931334e+00
7.914000e-01 1.932684e+00
7.920000e-01 1.930005e+00
7.926000e-01 1.923807e+00
7.932000e-01 1.914635e+00
7.938000e-01 1.903008e+00
7.944000e-01 1.889378e+00
7.950000e-01 1.874125e+00
7.956000e-01 1.857563e+00
7.962000e-01 1.839959e+00
7.968000e-01 1.821555e+00
7.974000e-01 1.802580e+00
7.980000e-01 1.783259e+00
7.986000e-01 1.763819e+00
7.992000e-01 1.744482e+00
7.998000e-01 1.725459e+00
8.004000e-01 1.706934e+00
8.010000e-01 1.689053e+00
8.016000e-01 1.671908e+00
8.022000e-01 1.655531e+00
8.028000e-01 1.639878e+00
8.034000e-01 1.624838e+00
8.040000e-01 1.610232e+00
8.046000e-01 1.595824e+00
8.052000e-01 1.581344e+00
8.058000e-01 1.566504e+00
8.064000e-01 1.551026e+00
8.070000e-01 1.534664e+00
8.076000e-01 1.517227e+00
8.082000e-01 1.498595e+00
8.088000e-01 1.478725e+00
8.094000e-01 1.457659e+00
8.100000e-01 1.435515e+00
8.106000e-01 1.412476e+00
8.112000e-01 1.388779e+00
8.118000e-01 1.364695e+00
8.124000e-01 1.340516e+00
8.130000e-01 1.316538e+00
8.136000e-01 1.293048e+00
8.142000e-01 1.270318e+00
8.148000e-01 1.248597e+00
8.154000e-01 1.228108e+00
8.160000e-01 1.209047e+00
8.166000e-01 1.191581e+00
8.172000e-01 1.175855e+00
8.178000e-01 1.161992e+00
8.184000e-01 1.150094e+00
8.190000e-01 1.140248e+00
8.196000e-01 1.132530e+00
8.202000e-01 1.127001e+00
8.208000e-01 1.123716e+00
8.214000e-01 1.122721e+00
8.220000e-01 1.124055e+00
8.226000e-01 1.127747e+00
8.232000e-01 1.133816e+00
8.238000e-01 1.142269e+00
8.244000e-01 1.153092e+00
8.250000e-01 1.166249e+00
8.256000e-01 1.181671e+00
8.262000e-01 1.199249e+00
8.268000e-01 1.218818e+00
8.274000e-01 1.240153e+00
8.280000e-01 1.262950e+00
8.286000e-01 1.286815e+00
8.292000e-01 1.311263e+00
8.298000e-01 1.335706e+00
8.304000e-01 1.359466e+00
8.310000e-01 1.381787e+00
8.316000e-01 1.401869e+00
8.322000e-01 1.418908e+00
8.328000e-01 1.432154e+00
8.334000e-01 1.440971e+00
8.340000e-01 1.444894e+00
8.346000e-01 1.443680e+00
8.352000e-01 1.437336e+00
8.358000e-01 1.426117e+00
8.364000e-01 1.410505e+00
8.370000e-01 1.391163e+00
8.376000e-01 1.368871e+00
8.382000e-01 1.344463e+00
8.388000e-01 1.318764e+00
8.394000e-01 1.292546e+00
8.400000e-01 1.266485e+00
8.406000e-01 1.241151e+00
8.412000e-01 1.216993e+00
8.418000e-01 1.194346e+00
8.424000e-01 1.173443e+00
8.430000e-01 1.154426e+00
8.436000e-01 1.137360e+00
8.442000e-01 1.122256e+00
8.448000e-01 1.109077e+00
8.454000e-01 1.097757e+00
8.460000e-01 1.088214e+00
8.466000e-01 1.080353e+00
8.472000e-01 1.074082e+00
8.478000e-01 1.069318e+00
8.484000e-01 1.065987e+00
8.490000e-01 1.064039e+00
8.496000e-01 1.063444e+00
8.502000e-01 1.064195e+00
8.508000e-01 1.066314e+00
8.514000e-01 1.069847e+00
8.520000e-01 1.074865e+00
8.526000e-01 1.081464e+00
8.532000e-01 1.089754e+00
8.538000e-01 1.099864e+00
8.544000e-01 1.111928e+00
8.550000e-01 1.126082e+00
8.556000e-01 1.142457e+00
8.562000e-01 1.161168e+00
8.568000e-01 1.182305e+00
8.574000e-01 1.205927e+00
8.580000e-01 1.232049e+00
8.586000e-01 1.260636e+00
8.592000e-01 1.291595e+00
8.598000e-01 1.324775e+00
8.604000e-01 1.359962e+00
8.610000e-01 1.396893e+00
8.616000e-01 1.435265e+00
8.622000e-01 1.474759e+00
8.628000e-01 1.515071e+00
8.634000e-01 1.555946e+00
8.640000e-01 1.597221e+00
8.646000e-01 1.638862e+00
8.652000e-01 1.681005e+00
8.658000e-01 1.723974e+00
8.664000e-01 1.768298e+00
8.670000e-01 1.814687e+00
8.676000e-01 1.863986e+00
8.682000e-01 1.917082e+00
8.688000e-01 1.974748e+00
8.694000e-01 2.037420e+00
8.700000e-01 2.104885e+00
8.706000e-01 2.175908e+00
8.712000e-01 2.247865e+00
8.718000e-01 2.316532e+00
8.724000e-01 2.376261e+00
8.730000e-01 2.420733e+00
8.736000e-01 2.444292e+00
8.742000e-01 2.443461e+00
8.748000e-01 2.417991e+00
8.754000e-01 2.370908e+00
8.760000e-01 2.307571e+00
8.766000e-01 2.234242e+00
8.772000e-01 2.156816e+00
8.778000e-01 2.080054e+00
8.784000e-01 2.007343e+00
8.790000e-01 1.940808e+00
8.796000e-01 1.881594e+00
8.802000e-01 1.830151e+00
8.808000e-01 1.786495e+00
8.814000e-01 1.750391e+00
8.820000e-01 1.721481e+00
8.826000e-01 1.699371e+00
8.832000e-01 1.683677e+00
8.838000e-01 1.674054e+00
8.844000e-01 1.670213e+00
8.850000e-01 1.671927e+00
8.856000e-01 1.679030e+00
8.862000e-01 1.691422e+00
8.868000e-01 1.709062e+00
8.874000e-01 1.731968e+00
8.880000e-01 1.760211e+00
8.886000e-01 1.793909e+00
8.892000e-01 1.833212e+00
8.898000e-01 1.878291e+00
8.904000e-01 1.929302e+00
8.910000e-01 1.986350e+00
8.916000e-01 2.049417e+00
8.922000e-01 2.118277e+00
8.928000e-01 2.192368e+00
8.934000e-01 2.270642e+00
8.940000e-01 2.351391e+00
8.946000e-01 2.432094e+00
8.952000e-01 2.509340e+00
8.958000e-01 2.578913e+00
8.964000e-01 2.636118e+00
8.970000e-01 2.676399e+00
8.976000e-01 2.696143e+00
8.982000e-01 2.693478e+00
8.988000e-01 2.668770e+00
8.994000e-01 2.624606e+00
9.000000e-01 2.565265e+00
9.006000e-01 2.495880e+00
9.012000e-01 2.421581e+00
9.018000e-01 2.346867e+00
9.024000e-01 2.275271e+00
9.030000e-01 2.209301e+00
9.036000e-01 2.150551e+00
9.042000e-01 2.099889e+00
9.048000e-01 2.057653e+00
9.054000e-01 2.023827e+00
9.060000e-01 1.998171e+00
9.066000e-01 1.980313e+00
9.072000e-01 1.969815e+00
9.078000e-01 1.966200e+00
9.084000e-01 1.968974e+00
9.090000e-01 1.977624e+00
9.096000e-01 1.991619e+00
9.102000e-01 2.010389e+00
9.108000e-01 2.033322e+00
9.114000e-01 2.059739e+00
9.120000e-01 2.088890e+00
9.126000e-01 2.119941e+00
9.132000e-01 2.151978e+00
9.138000e-01 2.184017e+00
9.144000e-01 2.215031e+00
9.150000e-01 2.243991e+00
9.156000e-01 2.269932e+00
9.162000e-01 2.292025e+00
9.168000e-01 2.309689e+00
9.174000e-01 2.322716e+00
9.180000e-01 2.331527e+00
9.186000e-01 2.338325e+00
9.192000e-01 2.423762e+00
9.198000e-01 2.457288e+00
9.204000e-01 2.474304e+00
9.210000e-01 2.481244e+00
9.216000e-01 2.481219e+00
9.222000e-01 2.476509e+00
9.228000e-01 2.469016e+00
9.234000e-01 2.460328e+00
9.240000e-01 2.451682e+00
9.246000e-01 2.443899e+00
9.252000e-01 2.437338e+00
9.258000e-01 2.431887e+00
9.264000e-01 2.426989e+00
9.270000e-01 2.421734e+00
9.276000e-01 2.415002e+00
9.282000e-01 2.405656e+00
9.288000e-01 2.392744e+00
9.294000e-01 2.375688e+00
9.300000e-01 2.354402e+00
9.306000e-01 2.329319e+00
9.312000e-01 2.301326e+00
9.318000e-01 2.271629e+00
9.324000e-01 2.241585e+00
9.330000e-01 2.212540e+00
9.336000e-01 2.185711e+00
9.342000e-01 2.162101e+00
9.348000e-01 2.142467e+00
9.354000e-01 2.127324e+00
9.360000e-01 2.116957e+00
9.366000e-01 2.111460e+00
9.372000e-01 2.110766e+00
9.378000e-01 2.114682e+00
9.384000e-01 2.122914e+00
9.390000e-01 2.135092e+00
9.396000e-01 2.150789e+00
9.402000e-01 2.169537e+00
9.408000e-01 2.190840e+00
9.414000e-01 2.214190e+00
9.420000e-01 2.239074e+00
9.426000e-01 2.264990e+00
9.432000e-01 2.291461e+00
9.438000e-01 2.318043e+00
9.444000e-01 2.344341e+00
9.450000e-01 2.370018e+00
9.456000e-01 2.394808e+00
9.462000e-01 2.418521e+00
9.468000e-01 2.441051e+00
9.474000e-01 2.462381e+00
9.480000e-01 2.482578e+00
9.486000e-01 2.501795e+00
9.492000e-01 2.520267e+00
9.498000e-01 2.538299e+00
9.504000e-01 2.556256e+00
9.510000e-01 2.574554e+00
9.516000e-01 2.593636e+00
9.522000e-01 2.613956e+00
9.528000e-01 2.635950e+00
9.534000e-01 2.659999e+00
9.540000e-01 2.686378e+00
9.546000e-01 2.715207e+00
9.552000e-01 2.746366e+00
9.558000e-01 2.779424e+00
9.564000e-01 2.813554e+00
9.570000e-01 2.847483e+00
9.576000e-01 2.879489e+00
9.582000e-01 2.907499e+00
9.588000e-01 2.929299e+00
9.594000e-01 2.942856e+00
9.600000e-01 2.946698e+00
9.606000e-01 2.940240e+00
9.612000e-01 2.923950e+00
9.618000e-01 2.899289e+00
9.624000e-01 2.868449e+00
9.630000e-01 2.833981e+00
9.636000e-01 2.798431e+00
9.642000e-01 2.764068e+00
9.648000e-01 2.732739e+00
9.654000e-01 2.705830e+00
9.660000e-01 2.684305e+00
9.666000e-01 2.668782e+00
9.672000e-01 2.659617e+00
9.678000e-01 2.656977e+00
9.684000e-01 2.660899e+00
9.690000e-01 2.671326e+00
9.696000e-01 2.688131e+00
9.702000e-01 2.711117e+00
9.708000e-01 2.740002e+00
9.714000e-01 2.774398e+00
9.720000e-01 2.813768e+00
9.726000e-01 2.857386e+00
9.732000e-01 2.904292e+00
9.738000e-01 2.953270e+00
9.744000e-01 3.002846e+00
9.750000e-01 3.051346e+00
9.756000e-01 3.097013e+00
9.762000e-01 3.138183e+00
9.768000e-01 3.173504e+00
9.774000e-01 3.202131e+00
9.780000e-01 3.223850e+00
9.786000e-01 3.239079e+00
9.792000e-01 3.248738e+00
9.798000e-01 3.254034e+00
9.804000e-01 3.256207e+00
9.810000e-01 3.256320e+00
9.816000e-01 3.255120e+00
9.822000e-01 3.252980e+00
9.828000e-01 3.249912e+00
9.834000e-01 3.245626e+00
9.840000e-01 3.239619e+00
9.846000e-01 3.231270e+00
9.852000e-01 3.219921e+00
9.858000e-01 3.204961e+00
9.864000e-01 3.185875e+00
9.870000e-01 3.162284e+00
9.876000e-01 3.133964e+00
9.882000e-01 3.100844e+00
9.888000e-01 3.062991e+00
9.894000e-01 3.020590e+00
9.900000e-01 2.973920e+00
9.906000e-01 2.923322e+00
9.912000e-01 2.869188e+00
9.918000e-01 2.811944e+00
9.924000e-01 2.752048e+00
9.930000e-01 2.689988e+00
9.936000e-01 2.626294e+00
9.942000e-01 2.561539e+00
9.948000e-01 2.496350e+00
9.954000e-01 2.431401e+00
9.960000e-01 2.367417e+00
9.966000e-01 2.305151e+00
9.972000e-01 2.245375e+00
9.978000e-01 2.188854e+00
9.984000e-01 2.136324e+00
9.990000e-01 2.088469e+00
9.996000e-01 2.045903e+00
1.000200e+00 2.009157e+00
1.000800e+00 1.978670e+00
1.001400e+00 1.954791e+00
1.002000e+00 1.937780e+00
1.002600e+00 1.927818e+00
1.003200e+00 1.925019e+00
1.003800e+00 1.929441e+00
1.004400e+00 1.941101e+00
1.005000e+00 1.959988e+00
1.005600e+00 1.986074e+00
1.006200e+00 2.019324e+00
1.006800e+00 2.059705e+00
1.007400e+00 2.107190e+00
1.008000e+00 2.161760e+00
1.008600e+00 2.223402e+00
1.009200e+00 2.292098e+00
1.009800e+00 2.367812e+00
1.010400e+00 2.450454e+00
1.011000e+00 2.539833e+00
1.011600e+00 2.635582e+00
1.012200e+00 2.737044e+00
1.012800e+00 2.843119e+00
1.013400e+00 2.952071e+00
1.014000e+00 3.061310e+00
1.014600e+00 3.167201e+00
1.015200e+00 3.264992e+00
1.015800e+00 3.349010e+00
1.016400e+00 3.413224e+00
1.017000e+00 3.452233e+00
1.017600e+00 3.462448e+00
1.018200e+00 3.443082e+00
1.018800e+00 3.396481e+00
1.019400e+00 3.327595e+00
1.020000e+00 3.242814e+00
1.020600e+00 3.148662e+00
1.021200e+00 3.050793e+00
1.021800e+00 2.953485e+00
1.022400e+00 2.859593e+00
1.023000e+00 2.770755e+00
1.023600e+00 2.687715e+00
1.024200e+00 2.610623e+00
1.024800e+00 2.539284e+00
1.025400e+00 2.473326e+00
1.026000e+00 2.412317e+00
1.026600e+00 2.355824e+00
1.027200e+00 2.303456e+00
1.027800e+00 2.254871e+00
1.028400e+00 2.209784e+00
1.029000e+00 2.167965e+00
1.029600e+00 2.129230e+00
1.030200e+00 2.093439e+00
1.030800e+00 2.060489e+00
1.031400e+00 2.030310e+00
1.032000e+00 2.002861e+00
1.032600e+00 1.978126e+00
1.033200e+00 1.956118e+00
1.033800e+00 1.936874e+00
1.034400e+00 1.920460e+00
1.035000e+00 1.906971e+00
1.035600e+00 1.896534e+00
1.036200e+00 1.889316e+00
1.036800e+00 1.885525e+00
1.037400e+00 1.885419e+00
1.038000e+00 1.889311e+00
1.038600e+00 1.897576e+00
1.039200e+00 1.910657e+00
1.039800e+00 1.929065e+00
1.040400e+00 1.953377e+00
1.041000e+00 1.984217e+00
1.041600e+00 2.022221e+00
1.042200e+00 2.067971e+00
1.042800e+00 2.121892e+00
1.043400e+00 2.184088e+00
1.044000e+00 2.254126e+00
1.044600e+00 2.330790e+00
1.045200e+00 2.411841e+00
1.045800e+00 2.493920e+00
1.046400e+00 2.572691e+00
1.047000e+00 2.643362e+00
1.047600e+00 2.701520e+00
1.048200e+00 2.744064e+00
1.048800e+00 2.769895e+00
1.049400e+00 2.780055e+00
1.050000e+00 2.777321e+00
1.050600e+00 2.765461e+00
1.051200e+00 2.748471e+00
1.051800e+00 2.730016e+00
1.052400e+00 2.713131e+00
1.053000e+00 2.700161e+00
1.053600e+00 2.692819e+00
1.054200e+00 2.692320e+00
1.054800e+00 2.699500e+00
1.055400e+00 2.714921e+00
1.056000e+00 2.738931e+00
1.056600e+00 2.771683e+00
1.057200e+00 2.813111e+00
1.057800e+00 2.862856e+00
1.058400e+00 2.920160e+00
1.059000e+00 2.983723e+00
1.059600e+00 3.051564e+00
1.060200e+00 3.120907e+00
1.060800e+00 3.188178e+00
1.061400e+00 3.249161e+00
1.062000e+00 3.299374e+00
1.062600e+00 3.334637e+00
1.063200e+00 3.351729e+00
1.063800e+00 3.348954e+00
1.064400e+00 3.326418e+00
1.065000e+00 3.285931e+00
1.065600e+00 3.230576e+00
1.066200e+00 3.164106e+00
1.066800e+00 3.090357e+00
1.067400e+00 3.012802e+00
1.068000e+00 2.934303e+00
1.068600e+00 2.857033e+00
1.069200e+00 2.782519e+00
1.069800e+00 2.711741e+00
1.070400e+00 2.645260e+00
1.071000e+00 2.583335e+00
1.071600e+00 2.526019e+00
1.072200e+00 2.473243e+00
1.072800e+00 2.424869e+00
1.073400e+00 2.380735e+00
1.074000e+00 2.340678e+00
1.074600e+00 2.304559e+00
1.075200e+00 2.272271e+00
1.075800e+00 2.243745e+00
1.076400e+00 2.218957e+00
1.077000e+00 2.197928e+00
1.077600e+00 2.180722e+00
1.078200e+00 2.167445e+00
1.078800e+00 2.158243e+00
1.079400e+00 2.153291e+00
1.080000e+00 2.152781e+00
1.080600e+00 2.156911e+00
1.081200e+00 2.165854e+00
1.081800e+00 2.179731e+00
1.082400e+00 2.198556e+00
1.083000e+00 2.222186e+00
1.083600e+00 2.250239e+00
1.084200e+00 2.282025e+00
1.084800e+00 2.316461e+00
1.085400e+00 2.352030e+00
1.086000e+00 2.386778e+00
1.086600e+00 2.418404e+00
1.087200e+00 2.444441e+00
1.087800e+00 2.462545e+00
1.088400e+00 2.470822e+00
1.089000e+00 2.468131e+00
1.089600e+00 2.454268e+00
1.090200e+00 2.429988e+00
1.090800e+00 2.396841e+00
1.091400e+00 2.356898e+00
1.092000e+00 2.312443e+00
1.092600e+00 2.265701e+00
1.093200e+00 2.218648e+00
1.093800e+00 2.172911e+00
1.094400e+00 2.129746e+00
1.095000e+00 2.090065e+00
1.095600e+00 2.054485e+00
1.096200e+00 2.023396e+00
1.096800e+00 1.997018e+00
1.097400e+00 1.975449e+00
1.098000e+00 1.958712e+00
1.098600e+00 1.946779e+00
1.099200e+00 1.939600e+00
1.099800e+00 1.937114e+00
1.100400e+00 1.939260e+00
1.101000e+00 1.945982e+00
1.101600e+00 1.957234e+00
1.102200e+00 1.972975e+00
1.102800e+00 1.993168e+00
1.103400e+00 2.017776e+00
1.104000e+00 2.046751e+00
1.104600e+00 2.080031e+00
1.105200e+00 2.117522e+00
1.105800e+00 2.159091e+00
1.106400e+00 2.204546e+00
1.107000e+00 2.253626e+00
1.107600e+00 2.305978e+00
1.108200e+00 2.361147e+00
1.108800e+00 2.418563e+00
1.109400e+00 2.477530e+00
1.110000e+00 2.537229e+00
1.110600e+00 2.596727e+00
1.111200e+00 2.655004e+00
1.111800e+00 2.710987e+00
1.112400e+00 2.763603e+00
1.113000e+00 2.811841e+00
1.113600e+00 2.854819e+00
1.114200e+00 2.891852e+00
1.114800e+00 2.922503e+00
1.115400e+00 2.946628e+00
1.116000e+00 2.964393e+00
1.116600e+00 2.976267e+00
1.117200e+00 2.983004e+00
1.117800e+00 2.985597e+00
1.118400e+00 2.985235e+00
1.119000e+00 2.983240e+00
1.119600e+00 2.981007e+00
1.120200e+00 2.979933e+00
1.120800e+00 2.981324e+00
1.121400e+00 2.986274e+00
1.122000e+00 2.995512e+00
1.122600e+00 3.009215e+00
1.123200e+00 3.026825e+00
1.123800e+00 3.046938e+00
1.124400e+00 3.067330e+00
1.125000e+00 3.085198e+00
1.125600e+00 3.097610e+00
1.126200e+00 3.102037e+00
1.126800e+00 3.096805e+00
1.127400e+00 3.081316e+00
1.128000e+00 3.055993e+00
1.128600e+00 3.022025e+00
1.129200e+00 2.981031e+00
1.129800e+00 2.934755e+00
1.130400e+00 2.884851e+00
1.131000e+00 2.832761e+00
1.131600e+00 2.779674e+00
1.132200e+00 2.726522e+00
1.132800e+00 2.674015e+00
1.133400e+00 2.622677e+00
1.134000e+00 2.572881e+00
1.134600e+00 2.524885e+00
1.135200e+00 2.478858e+00
1.135800e+00 2.434903e+00
1.136400e+00 2.393071e+00
1.137000e+00 2.353376e+00
1.137600e+00 2.315804e+00
1.138200e+00 2.280320e+00
1.138800e+00 2.246874e+00
1.139400e+00 2.215406e+00
1.140000e+00 2.185847e+00
1.140600e+00 2.158126e+00
1.141200e+00 2.132169e+00
1.141800e+00 2.107900e+00
1.142400e+00 2.085249e+00
1.143000e+00 2.064146e+00
1.143600e+00 2.044527e+00
1.144200e+00 2.026335e+00
1.144800e+00 2.009518e+00
1.145400e+00 1.994033e+00
1.146000e+00 1.979845e+00
1.146600e+00 1.966929e+00
1.147200e+00 1.955268e+00
1.147800e+00 1.944855e+00
1.148400e+00 1.935694e+00
1.149000e+00 1.927798e+00
1.149600e+00 1.921193e+00
1.150200e+00 1.915918e+00
1.150800e+00 1.912023e+00
1.151400e+00 1.909579e+00
1.152000e+00 1.908676e+00
1.152600e+00 1.909427e+00
1.153200e+00 1.911979e+00
1.153800e+00 1.916513e+00
1.154400e+00 1.923254e+00
1.155000e+00 1.932473e+00
1.155600e+00 1.944491e+00
1.156200e+00 1.959674e+00
1.156800e+00 1.978428e+00
1.157400e+00 2.001177e+00
1.158000e+00 2.028332e+00
1.158600e+00 2.060249e+00
1.159200e+00 2.097171e+00
1.159800e+00 2.139152e+00
1.160400e+00 2.185981e+00
1.161000e+00 2.237092e+00
1.161600e+00 2.291495e+00
1.162200e+00 2.347723e+00
1.162800e+00 2.403832e+00
1.163400e+00 2.457467e+00
1.164000e+00 2.506016e+00
1.164600e+00 2.546854e+00
1.165200e+00 2.577651e+00
1.165800e+00 2.596712e+00
1.166400e+00 2.603260e+00
1.167000e+00 2.597613e+00
1.167600e+00 2.581191e+00
1.168200e+00 2.556342e+00
1.168800e+00 2.525914e+00
1.169400e+00 2.499230e+00
1.170000e+00 2.479488e+00
1.170600e+00 2.463587e+00
1.171200e+00 2.454145e+00
1.171800e+00 2.452330e+00
1.172400e+00 2.458289e+00
1.173000e+00 2.471094e+00
1.173600e+00 2.488662e+00
1.174200e+00 2.507774e+00
1.174800e+00 2.524254e+00
1.175400e+00 2.533424e+00
1.176000e+00 2.530808e+00
1.176600e+00 2.512990e+00
1.177200e+00 2.478358e+00
1.177800e+00 2.427477e+00
1.178400e+00 2.362941e+00
1.179000e+00 2.288758e+00
1.179600e+00 2.209533e+00
1.180200e+00 2.129710e+00
1.180800e+00 2.053056e+00
1.181400e+00 1.982420e+00
1.182000e+00 1.919715e+00
1.182600e+00 1.866022e+00
1.183200e+00 1.821739e+00
1.183800e+00 1.786726e+00
1.184400e+00 1.760402e+00
1.185000e+00 1.741811e+00
1.185600e+00 1.729639e+00
1.186200e+00 1.722219e+00
1.186800e+00 1.717519e+00
1.187400e+00 1.713163e+00
1.188000e+00 1.706506e+00
1.188600e+00 1.694774e+00
1.189200e+00 1.675318e+00
1.189800e+00 1.645922e+00
1.190400e+00 1.605135e+00
1.191000e+00 1.552538e+00
1.191600e+00 1.488844e+00
1.192200e+00 1.415801e+00
1.192800e+00 1.335905e+00
1.193400e+00 1.252006e+00
1.194000e+00 1.166921e+00
1.194600e+00 1.083129e+00
1.195200e+00 1.002593e+00
1.195800e+00 9.267100e-01
1.196400e+00 8.563423e-01
1.197000e+00 7.919107e-01
1.197600e+00 7.334980e-01
1.198200e+00 6.809514e-01
1.198800e+00 6.339679e-01
1.199400e+00 5.921607e-01
