1.000000e+00 1.548352e+00
1.000200e+00 1.547592e+00
1.000400e+00 1.547027e+00
1.000600e+00 1.546658e+00
1.000800e+00 1.546487e+00
1.001000e+00 1.546515e+00
1.001200e+00 1.546745e+00
1.001400e+00 1.547178e+00
1.001600e+00 1.547815e+00
1.001800e+00 1.548659e+00
1.002000e+00 1.549710e+00
1.002200e+00 1.550971e+00
1.002400e+00 1.552443e+00
1.002600e+00 1.554128e+00
1.002800e+00 1.556027e+00
1.003000e+00 1.558143e+00
1.003200e+00 1.560476e+00
1.003400e+00 1.563029e+00
1.003600e+00 1.565803e+00
1.003800e+00 1.568800e+00
1.004000e+00 1.572021e+00
1.004200e+00 1.575468e+00
1.004400e+00 1.579142e+00
1.004600e+00 1.583045e+00
1.004800e+00 1.587179e+00
1.005000e+00 1.591543e+00
1.005200e+00 1.596141e+00
1.005400e+00 1.600972e+00
1.005600e+00 1.606039e+00
1.005800e+00 1.611341e+00
1.006000e+00 1.616879e+00
1.006200e+00 1.622655e+00
1.006400e+00 1.628669e+00
1.006600e+00 1.634920e+00
1.006800e+00 1.641408e+00
1.007000e+00 1.648134e+00
1.007200e+00 1.655096e+00
1.007400e+00 1.662294e+00
1.007600e+00 1.669726e+00
1.007800e+00 1.677390e+00
1.008000e+00 1.685284e+00
1.008200e+00 1.693404e+00
1.008400e+00 1.701748e+00
1.008600e+00 1.710311e+00
1.008800e+00 1.719087e+00
1.009000e+00 1.728072e+00
1.009200e+00 1.737258e+00
1.009400e+00 1.746637e+00
1.009600e+00 1.756201e+00
1.009800e+00 1.765940e+00
1.010000e+00 1.775841e+00
1.010200e+00 1.785893e+00
1.010400e+00 1.796080e+00
1.010600e+00 1.806386e+00
1.010800e+00 1.816794e+00
1.011000e+00 1.827282e+00
1.011200e+00 1.837830e+00
1.011400e+00 1.848412e+00
1.011600e+00 1.859002e+00
1.011800e+00 1.869569e+00
1.012000e+00 1.880082e+00
1.012200e+00 1.890505e+00
1.012400e+00 1.900799e+00
1.012600e+00 1.910924e+00
1.012800e+00 1.920833e+00
1.013000e+00 1.930479e+00
1.013200e+00 1.939809e+00
1.013400e+00 1.948769e+00
1.013600e+00 1.957299e+00
1.013800e+00 1.965338e+00
1.014000e+00 1.972819e+00
1.014200e+00 1.979675e+00
1.014400e+00 1.985832e+00
1.014600e+00 1.991219e+00
1.014800e+00 1.995757e+00
1.015000e+00 1.999371e+00
1.015200e+00 2.001981e+00
1.015400e+00 2.003510e+00
1.015600e+00 2.003880e+00
1.015800e+00 2.003014e+00
1.016000e+00 2.000841e+00
1.016200e+00 1.997292e+00
1.016400e+00 1.992304e+00
1.016600e+00 1.985819e+00
1.016800e+00 1.977789e+00
1.017000e+00 1.968176e+00
1.017200e+00 1.956950e+00
1.017400e+00 1.944094e+00
1.017600e+00 1.929605e+00
1.017800e+00 1.913492e+00
1.018000e+00 1.895779e+00
1.018200e+00 1.876505e+00
1.018400e+00 1.855725e+00
1.018600e+00 1.833508e+00
1.018800e+00 1.809937e+00
1.019000e+00 1.785109e+00
1.019200e+00 1.759136e+00
1.019400e+00 1.732137e+00
1.019600e+00 1.704245e+00
1.019800e+00 1.675600e+00
1.020000e+00 1.646345e+00
1.020200e+00 1.616633e+00
1.020400e+00 1.586613e+00
1.020600e+00 1.556438e+00
1.020800e+00 1.526259e+00
1.021000e+00 1.496222e+00
1.021200e+00 1.466467e+00
1.021400e+00 1.437131e+00
1.021600e+00 1.408339e+00
1.021800e+00 1.380210e+00
1.022000e+00 1.352853e+00
1.022200e+00 1.326364e+00
1.022400e+00 1.300833e+00
1.022600e+00 1.276338e+00
1.022800e+00 1.252946e+00
1.023000e+00 1.230715e+00
1.023200e+00 1.209693e+00
1.023400e+00 1.189919e+00
1.023600e+00 1.171424e+00
1.023800e+00 1.154232e+00
1.024000e+00 1.138358e+00
1.024200e+00 1.123814e+00
1.024400e+00 1.110603e+00
1.024600e+00 1.098726e+00
1.024800e+00 1.088177e+00
1.025000e+00 1.078950e+00
1.025200e+00 1.071033e+00
1.025400e+00 1.064413e+00
1.025600e+00 1.059076e+00
1.025800e+00 1.055005e+00
1.026000e+00 1.052183e+00
1.026200e+00 1.050591e+00
1.026400e+00 1.050212e+00
1.026600e+00 1.051028e+00
1.026800e+00 1.053020e+00
1.027000e+00 1.056170e+00
1.027200e+00 1.060461e+00
1.027400e+00 1.065877e+00
1.027600e+00 1.072400e+00
1.027800e+00 1.080016e+00
1.028000e+00 1.088709e+00
1.028200e+00 1.098466e+00
1.028400e+00 1.109272e+00
1.028600e+00 1.121114e+00
1.028800e+00 1.133978e+00
1.029000e+00 1.147853e+00
1.029200e+00 1.162725e+00
1.029400e+00 1.178581e+00
1.029600e+00 1.195409e+00
1.029800e+00 1.213193e+00
1.030000e+00 1.231920e+00
1.030200e+00 1.251573e+00
1.030400e+00 1.272136e+00
1.030600e+00 1.293589e+00
1.030800e+00 1.315911e+00
1.031000e+00 1.339080e+00
1.031200e+00 1.363068e+00
1.031400e+00 1.387847e+00
1.031600e+00 1.413384e+00
1.031800e+00 1.439643e+00
1.032000e+00 1.466583e+00
1.032200e+00 1.494158e+00
1.032400e+00 1.522318e+00
1.032600e+00 1.551008e+00
1.032800e+00 1.580167e+00
1.033000e+00 1.609726e+00
1.033200e+00 1.639615e+00
1.033400e+00 1.669752e+00
1.033600e+00 1.700054e+00
1.033800e+00 1.730427e+00
1.034000e+00 1.760774e+00
1.034200e+00 1.790991e+00
1.034400e+00 1.820970e+00
1.034600e+00 1.850594e+00
1.034800e+00 1.879746e+00
1.035000e+00 1.908302e+00
1.035200e+00 1.936136e+00
1.035400e+00 1.963120e+00
1.035600e+00 1.989125e+00
1.035800e+00 2.014024e+00
1.036000e+00 2.037688e+00
1.036200e+00 2.059994e+00
1.036400e+00 2.080822e+00
1.036600e+00 2.100058e+00
1.036800e+00 2.117597e+00
1.037000e+00 2.133340e+00
1.037200e+00 2.147200e+00
1.037400e+00 2.159100e+00
1.037600e+00 2.168975e+00
1.037800e+00 2.176775e+00
1.038000e+00 2.182461e+00
1.038200e+00 2.186011e+00
1.038400e+00 2.187416e+00
1.038600e+00 2.186682e+00
1.038800e+00 2.183828e+00
1.039000e+00 2.178890e+00
1.039200e+00 2.171913e+00
1.039400e+00 2.162957e+00
1.039600e+00 2.152094e+00
1.039800e+00 2.139404e+00
1.040000e+00 2.124979e+00
1.040200e+00 2.108915e+00
1.040400e+00 2.091318e+00
1.040600e+00 2.072296e+00
1.040800e+00 2.051964e+00
1.041000e+00 2.030436e+00
1.041200e+00 2.007829e+00
1.041400e+00 1.984261e+00
1.041600e+00 1.959847e+00
1.041800e+00 1.934701e+00
1.042000e+00 1.908934e+00
1.042200e+00 1.882655e+00
1.042400e+00 1.855965e+00
1.042600e+00 1.828965e+00
1.042800e+00 1.801749e+00
1.043000e+00 1.774404e+00
1.043200e+00 1.747015e+00
1.043400e+00 1.719659e+00
1.043600e+00 1.692408e+00
1.043800e+00 1.665329e+00
1.044000e+00 1.638482e+00
1.044200e+00 1.611924e+00
1.044400e+00 1.585704e+00
1.044600e+00 1.559869e+00
1.044800e+00 1.534459e+00
1.045000e+00 1.509510e+00
1.045200e+00 1.485055e+00
1.045400e+00 1.461121e+00
1.045600e+00 1.437732e+00
1.045800e+00 1.414910e+00
1.046000e+00 1.392672e+00
1.046200e+00 1.371032e+00
1.046400e+00 1.350004e+00
1.046600e+00 1.329595e+00
1.046800e+00 1.309814e+00
1.047000e+00 1.290667e+00
1.047200e+00 1.272155e+00
1.047400e+00 1.254283e+00
1.047600e+00 1.237049e+00
1.047800e+00 1.220454e+00
1.048000e+00 1.204495e+00
1.048200e+00 1.189169e+00
1.048400e+00 1.174474e+00
1.048600e+00 1.160405e+00
1.048800e+00 1.146957e+00
1.049000e+00 1.134124e+00
1.049200e+00 1.121901e+00
1.049400e+00 1.110283e+00
1.049600e+00 1.099262e+00
1.049800e+00 1.088832e+00
1.050000e+00 1.078988e+00
1.050200e+00 1.069723e+00
1.050400e+00 1.061029e+00
1.050600e+00 1.052902e+00
1.050800e+00 1.045335e+00
1.051000e+00 1.038322e+00
1.051200e+00 1.031858e+00
1.051400e+00 1.025936e+00
1.051600e+00 1.020553e+00
1.051800e+00 1.015703e+00
1.052000e+00 1.011381e+00
1.052200e+00 1.007585e+00
1.052400e+00 1.004310e+00
1.052600e+00 1.001553e+00
1.052800e+00 9.993110e-01
1.053000e+00 9.975825e-01
1.053200e+00 9.963655e-01
1.053400e+00 9.956587e-01
1.053600e+00 9.954616e-01
1.053800e+00 9.957742e-01
1.054000e+00 9.965969e-01
1.054200e+00 9.979310e-01
1.054400e+00 9.997784e-01
1.054600e+00 1.002141e+00
1.054800e+00 1.005023e+00
1.055000e+00 1.008428e+00
1.055200e+00 1.012361e+00
1.055400e+00 1.016826e+00
1.055600e+00 1.021831e+00
1.055800e+00 1.027382e+00
1.056000e+00 1.033488e+00
1.056200e+00 1.040158e+00
1.056400e+00 1.047401e+00
1.056600e+00 1.055229e+00
1.056800e+00 1.063653e+00
1.057000e+00 1.072687e+00
1.057200e+00 1.082346e+00
1.057400e+00 1.092644e+00
1.057600e+00 1.103598e+00
1.057800e+00 1.115226e+00
1.058000e+00 1.127548e+00
1.058200e+00 1.140584e+00
1.058400e+00 1.154356e+00
1.058600e+00 1.168886e+00
1.058800e+00 1.184201e+00
1.059000e+00 1.200325e+00
1.059200e+00 1.217287e+00
1.059400e+00 1.235114e+00
1.059600e+00 1.253837e+00
1.059800e+00 1.273485e+00
1.060000e+00 1.294091e+00
1.060200e+00 1.315688e+00
1.060400e+00 1.338307e+00
1.060600e+00 1.361981e+00
1.060800e+00 1.386743e+00
1.061000e+00 1.412624e+00
1.061200e+00 1.439653e+00
1.061400e+00 1.467858e+00
1.061600e+00 1.497262e+00
1.061800e+00 1.527885e+00
1.062000e+00 1.559741e+00
1.062200e+00 1.592836e+00
1.062400e+00 1.627168e+00
1.062600e+00 1.662725e+00
1.062800e+00 1.699480e+00
1.063000e+00 1.737396e+00
1.063200e+00 1.776414e+00
1.063400e+00 1.816460e+00
1.063600e+00 1.857437e+00
1.063800e+00 1.899227e+00
1.064000e+00 1.941685e+00
1.064200e+00 1.984642e+00
1.064400e+00 2.027902e+00
1.064600e+00 2.071244e+00
1.064800e+00 2.114422e+00
1.065000e+00 2.157168e+00
1.065200e+00 2.199196e+00
1.065400e+00 2.240207e+00
1.065600e+00 2.279896e+00
1.065800e+00 2.317958e+00
1.066000e+00 2.354097e+00
1.066200e+00 2.388034e+00
1.066400e+00 2.419517e+00
1.066600e+00 2.448328e+00
1.066800e+00 2.474291e+00
1.067000e+00 2.497277e+00
1.067200e+00 2.517207e+00
1.067400e+00 2.534055e+00
1.067600e+00 2.547848e+00
1.067800e+00 2.558660e+00
1.068000e+00 2.566611e+00
1.068200e+00 2.571862e+00
1.068400e+00 2.574604e+00
1.068600e+00 2.575052e+00
1.068800e+00 2.573438e+00
1.069000e+00 2.570006e+00
1.069200e+00 2.565000e+00
1.069400e+00 2.558661e+00
1.069600e+00 2.551222e+00
1.069800e+00 2.542906e+00
1.070000e+00 2.533917e+00
1.070200e+00 2.524444e+00
1.070400e+00 2.514658e+00
1.070600e+00 2.504710e+00
1.070800e+00 2.494733e+00
1.071000e+00 2.484842e+00
1.071200e+00 2.475134e+00
1.071400e+00 2.465692e+00
1.071600e+00 2.456584e+00
1.071800e+00 2.447862e+00
1.072000e+00 2.439569e+00
1.072200e+00 2.431739e+00
1.072400e+00 2.424392e+00
1.072600e+00 2.417545e+00
1.072800e+00 2.411206e+00
1.073000e+00 2.405377e+00
1.073200e+00 2.400057e+00
1.073400e+00 2.395239e+00
1.073600e+00 2.390914e+00
1.073800e+00 2.387070e+00
1.074000e+00 2.383693e+00
1.074200e+00 2.380769e+00
1.074400e+00 2.378280e+00
1.074600e+00 2.376209e+00
1.074800e+00 2.374539e+00
1.075000e+00 2.373251e+00
1.075200e+00 2.372328e+00
1.075400e+00 2.371751e+00
1.075600e+00 2.371503e+00
1.075800e+00 2.371567e+00
1.076000e+00 2.371927e+00
1.076200e+00 2.372565e+00
1.076400e+00 2.373466e+00
1.076600e+00 2.374616e+00
1.076800e+00 2.376000e+00
1.077000e+00 2.377605e+00
1.077200e+00 2.379417e+00
1.077400e+00 2.381425e+00
1.077600e+00 2.383617e+00
1.077800e+00 2.385982e+00
1.078000e+00 2.388510e+00
1.078200e+00 2.391192e+00
1.078400e+00 2.394018e+00
1.078600e+00 2.396981e+00
1.078800e+00 2.400072e+00
1.079000e+00 2.403285e+00
1.079200e+00 2.406612e+00
1.079400e+00 2.410049e+00
1.079600e+00 2.413588e+00
1.079800e+00 2.417225e+00
1.080000e+00 2.420956e+00
1.080200e+00 2.424775e+00
1.080400e+00 2.428679e+00
1.080600e+00 2.432664e+00
1.080800e+00 2.436726e+00
1.081000e+00 2.440863e+00
1.081200e+00 2.445072e+00
1.081400e+00 2.449349e+00
1.081600e+00 2.453693e+00
1.081800e+00 2.458101e+00
1.082000e+00 2.462570e+00
1.082200e+00 2.467099e+00
1.082400e+00 2.471686e+00
1.082600e+00 2.476327e+00
1.082800e+00 2.481022e+00
1.083000e+00 2.485767e+00
1.083200e+00 2.490560e+00
1.083400e+00 2.495400e+00
1.083600e+00 2.500282e+00
1.083800e+00 2.505205e+00
1.084000e+00 2.510164e+00
1.084200e+00 2.515158e+00
1.084400e+00 2.520181e+00
1.084600e+00 2.525230e+00
1.084800e+00 2.530300e+00
1.085000e+00 2.535386e+00
1.085200e+00 2.540483e+00
1.085400e+00 2.545585e+00
1.085600e+00 2.550685e+00
1.085800e+00 2.555776e+00
1.086000e+00 2.560852e+00
1.086200e+00 2.565902e+00
1.086400e+00 2.570919e+00
1.086600e+00 2.575894e+00
1.086800e+00 2.580815e+00
1.087000e+00 2.585674e+00
1.087200e+00 2.590457e+00
1.087400e+00 2.595154e+00
1.087600e+00 2.599752e+00
1.087800e+00 2.604238e+00
1.088000e+00 2.608599e+00
1.088200e+00 2.612821e+00
1.088400e+00 2.616890e+00
1.088600e+00 2.620792e+00
1.088800e+00 2.624511e+00
1.089000e+00 2.628033e+00
1.089200e+00 2.631344e+00
1.089400e+00 2.634430e+00
1.089600e+00 2.637274e+00
1.089800e+00 2.639865e+00
1.090000e+00 2.642188e+00
1.090200e+00 2.644231e+00
1.090400e+00 2.645981e+00
1.090600e+00 2.647427e+00
1.090800e+00 2.648559e+00
1.091000e+00 2.649367e+00
1.091200e+00 2.649844e+00
1.091400e+00 2.649984e+00
1.091600e+00 2.649780e+00
1.091800e+00 2.649229e+00
1.092000e+00 2.648328e+00
1.092200e+00 2.647077e+00
1.092400e+00 2.645477e+00
1.092600e+00 2.643529e+00
1.092800e+00 2.641238e+00
1.093000e+00 2.638609e+00
1.093200e+00 2.635650e+00
1.093400e+00 2.632368e+00
1.093600e+00 2.628773e+00
1.093800e+00 2.624876e+00
1.094000e+00 2.620690e+00
1.094200e+00 2.616228e+00
1.094400e+00 2.611503e+00
1.094600e+00 2.606532e+00
1.094800e+00 2.601330e+00
1.095000e+00 2.595913e+00
1.095200e+00 2.590298e+00
1.095400e+00 2.584503e+00
1.095600e+00 2.578544e+00
1.095800e+00 2.572441e+00
1.096000e+00 2.566209e+00
1.096200e+00 2.559868e+00
1.096400e+00 2.553433e+00
1.096600e+00 2.546923e+00
1.096800e+00 2.540354e+00
1.097000e+00 2.533743e+00
1.097200e+00 2.527105e+00
1.097400e+00 2.520456e+00
1.097600e+00 2.513811e+00
1.097800e+00 2.507183e+00
1.098000e+00 2.500588e+00
1.098200e+00 2.494038e+00
1.098400e+00 2.487545e+00
1.098600e+00 2.481121e+00
1.098800e+00 2.474777e+00
1.099000e+00 2.468524e+00
1.099200e+00 2.462372e+00
1.099400e+00 2.456329e+00
1.099600e+00 2.450405e+00
1.099800e+00 2.444608e+00
1.100000e+00 2.438945e+00
1.100200e+00 2.433423e+00
1.100400e+00 2.428048e+00
1.100600e+00 2.422826e+00
1.100800e+00 2.417763e+00
1.101000e+00 2.412864e+00
1.101200e+00 2.408133e+00
1.101400e+00 2.403574e+00
1.101600e+00 2.399192e+00
1.101800e+00 2.394988e+00
1.102000e+00 2.390968e+00
1.102200e+00 2.387132e+00
1.102400e+00 2.383484e+00
1.102600e+00 2.380025e+00
1.102800e+00 2.376758e+00
1.103000e+00 2.373684e+00
1.103200e+00 2.370805e+00
1.103400e+00 2.368121e+00
1.103600e+00 2.365635e+00
1.103800e+00 2.363346e+00
1.104000e+00 2.361255e+00
1.104200e+00 2.359363e+00
1.104400e+00 2.357671e+00
1.104600e+00 2.356178e+00
1.104800e+00 2.354884e+00
1.105000e+00 2.353790e+00
1.105200e+00 2.352896e+00
1.105400e+00 2.352201e+00
1.105600e+00 2.351706e+00
1.105800e+00 2.351409e+00
1.106000e+00 2.351310e+00
1.106200e+00 2.351409e+00
1.106400e+00 2.351705e+00
1.106600e+00 2.352198e+00
1.106800e+00 2.352887e+00
1.107000e+00 2.353771e+00
1.107200e+00 2.354849e+00
1.107400e+00 2.356121e+00
1.107600e+00 2.357585e+00
1.107800e+00 2.359240e+00
1.108000e+00 2.361085e+00
1.108200e+00 2.363119e+00
1.108400e+00 2.365341e+00
1.108600e+00 2.367750e+00
1.108800e+00 2.370344e+00
1.109000e+00 2.373121e+00
1.109200e+00 2.376080e+00
1.109400e+00 2.379220e+00
1.109600e+00 2.382538e+00
1.109800e+00 2.386033e+00
1.110000e+00 2.389703e+00
1.110200e+00 2.393546e+00
1.110400e+00 2.397559e+00
1.110600e+00 2.401741e+00
1.110800e+00 2.406089e+00
1.111000e+00 2.410600e+00
1.111200e+00 2.415272e+00
1.111400e+00 2.420102e+00
1.111600e+00 2.425086e+00
1.111800e+00 2.430222e+00
1.112000e+00 2.435506e+00
1.112200e+00 2.440934e+00
1.112400e+00 2.446503e+00
1.112600e+00 2.452209e+00
1.112800e+00 2.458047e+00
1.113000e+00 2.464013e+00
1.113200e+00 2.470101e+00
1.113400e+00 2.476308e+00
1.113600e+00 2.482627e+00
1.113800e+00 2.489053e+00
1.114000e+00 2.495580e+00
1.114200e+00 2.502202e+00
1.114400e+00 2.508912e+00
1.114600e+00 2.515703e+00
1.114800e+00 2.522568e+00
1.115000e+00 2.529499e+00
1.115200e+00 2.536489e+00
1.115400e+00 2.543528e+00
1.115600e+00 2.550609e+00
1.115800e+00 2.557723e+00
1.116000e+00 2.564860e+00
1.116200e+00 2.572010e+00
1.116400e+00 2.579163e+00
1.116600e+00 2.586309e+00
1.116800e+00 2.593438e+00
1.117000e+00 2.600538e+00
1.117200e+00 2.607599e+00
1.117400e+00 2.614609e+00
1.117600e+00 2.621558e+00
1.117800e+00 2.628433e+00
1.118000e+00 2.635223e+00
1.118200e+00 2.641917e+00
1.118400e+00 2.648504e+00
1.118600e+00 2.654973e+00
1.118800e+00 2.661313e+00
1.119000e+00 2.667515e+00
1.119200e+00 2.673568e+00
1.119400e+00 2.679464e+00
1.119600e+00 2.685195e+00
1.119800e+00 2.690754e+00
1.120000e+00 2.696134e+00
1.120200e+00 2.701331e+00
1.120400e+00 2.706342e+00
1.120600e+00 2.711165e+00
1.120800e+00 2.715798e+00
1.121000e+00 2.720243e+00
1.121200e+00 2.724504e+00
1.121400e+00 2.728585e+00
1.121600e+00 2.732493e+00
1.121800e+00 2.736236e+00
1.122000e+00 2.739825e+00
1.122200e+00 2.743272e+00
1.122400e+00 2.746592e+00
1.122600e+00 2.749799e+00
1.122800e+00 2.752912e+00
1.123000e+00 2.755949e+00
1.123200e+00 2.758928e+00
1.123400e+00 2.761871e+00
1.123600e+00 2.764799e+00
1.123800e+00 2.767732e+00
1.124000e+00 2.770690e+00
1.124200e+00 2.773696e+00
1.124400e+00 2.776767e+00
1.124600e+00 2.779922e+00
1.124800e+00 2.783177e+00
1.125000e+00 2.786548e+00
1.125200e+00 2.790045e+00
1.125400e+00 2.793679e+00
1.125600e+00 2.797457e+00
1.125800e+00 2.801383e+00
1.126000e+00 2.805457e+00
1.126200e+00 2.809677e+00
1.126400e+00 2.814037e+00
1.126600e+00 2.818528e+00
1.126800e+00 2.823140e+00
1.127000e+00 2.827855e+00
1.127200e+00 2.832658e+00
1.127400e+00 2.837527e+00
1.127600e+00 2.842440e+00
1.127800e+00 2.847372e+00
1.128000e+00 2.852298e+00
1.128200e+00 2.857190e+00
1.128400e+00 2.862021e+00
1.128600e+00 2.866761e+00
1.128800e+00 2.871382e+00
1.129000e+00 2.875857e+00
1.129200e+00 2.880158e+00
1.129400e+00 2.884259e+00
1.129600e+00 2.888136e+00
1.129800e+00 2.891765e+00
1.130000e+00 2.895126e+00
1.130200e+00 2.898200e+00
1.130400e+00 2.900973e+00
1.130600e+00 2.903431e+00
1.130800e+00 2.905563e+00
1.131000e+00 2.907364e+00
1.131200e+00 2.908829e+00
1.131400e+00 2.909957e+00
1.131600e+00 2.910750e+00
1.131800e+00 2.911214e+00
1.132000e+00 2.911356e+00
1.132200e+00 2.911187e+00
1.132400e+00 2.910721e+00
1.132600e+00 2.909974e+00
1.132800e+00 2.908964e+00
1.133000e+00 2.907710e+00
1.133200e+00 2.906236e+00
1.133400e+00 2.904565e+00
1.133600e+00 2.902721e+00
1.133800e+00 2.900732e+00
1.134000e+00 2.898624e+00
1.134200e+00 2.896425e+00
1.134400e+00 2.894164e+00
1.134600e+00 2.891868e+00
1.134800e+00 2.889567e+00
1.135000e+00 2.887289e+00
1.135200e+00 2.885060e+00
1.135400e+00 2.882910e+00
1.135600e+00 2.880864e+00
1.135800e+00 2.878947e+00
1.136000e+00 2.877184e+00
1.136200e+00 2.875599e+00
1.136400e+00 2.874213e+00
1.136600e+00 2.873046e+00
1.136800e+00 2.872118e+00
1.137000e+00 2.871445e+00
1.137200e+00 2.871043e+00
1.137400e+00 2.870925e+00
1.137600e+00 2.871103e+00
1.137800e+00 2.871586e+00
1.138000e+00 2.872382e+00
1.138200e+00 2.873497e+00
1.138400e+00 2.874933e+00
1.138600e+00 2.876692e+00
1.138800e+00 2.878774e+00
1.139000e+00 2.881175e+00
1.139200e+00 2.883890e+00
1.139400e+00 2.886912e+00
1.139600e+00 2.890232e+00
1.139800e+00 2.893839e+00
1.140000e+00 2.897720e+00
1.140200e+00 2.901860e+00
1.140400e+00 2.906242e+00
1.140600e+00 2.910848e+00
1.140800e+00 2.915658e+00
1.141000e+00 2.920652e+00
1.141200e+00 2.925805e+00
1.141400e+00 2.931096e+00
1.141600e+00 2.936499e+00
1.141800e+00 2.941989e+00
1.142000e+00 2.947541e+00
1.142200e+00 2.953127e+00
1.142400e+00 2.958723e+00
1.142600e+00 2.964301e+00
1.142800e+00 2.969836e+00
1.143000e+00 2.975302e+00
1.143200e+00 2.980675e+00
1.143400e+00 2.985931e+00
1.143600e+00 2.991046e+00
1.143800e+00 2.996000e+00
1.144000e+00 3.000773e+00
1.144200e+00 3.005347e+00
1.144400e+00 3.009705e+00
1.144600e+00 3.013834e+00
1.144800e+00 3.017721e+00
1.145000e+00 3.021357e+00
1.145200e+00 3.024734e+00
1.145400e+00 3.027848e+00
1.145600e+00 3.030696e+00
1.145800e+00 3.033279e+00
1.146000e+00 3.035600e+00
1.146200e+00 3.037665e+00
1.146400e+00 3.039482e+00
1.146600e+00 3.041062e+00
1.146800e+00 3.042420e+00
1.147000e+00 3.043571e+00
1.147200e+00 3.044534e+00
1.147400e+00 3.045331e+00
1.147600e+00 3.045986e+00
1.147800e+00 3.046525e+00
1.148000e+00 3.046977e+00
1.148200e+00 3.047372e+00
1.148400e+00 3.047745e+00
1.148600e+00 3.048129e+00
1.148800e+00 3.048563e+00
1.149000e+00 3.049085e+00
1.149200e+00 3.049737e+00
1.149400e+00 3.050561e+00
1.149600e+00 3.051602e+00
1.149800e+00 3.052907e+00
1.150000e+00 3.054523e+00
1.150200e+00 3.056499e+00
1.150400e+00 3.058887e+00
1.150600e+00 3.061739e+00
1.150800e+00 3.065108e+00
1.151000e+00 3.069048e+00
1.151200e+00 3.073614e+00
1.151400e+00 3.078863e+00
1.151600e+00 3.084849e+00
1.151800e+00 3.091629e+00
1.152000e+00 3.099256e+00
1.152200e+00 3.107784e+00
1.152400e+00 3.117263e+00
1.152600e+00 3.127740e+00
1.152800e+00 3.139259e+00
1.153000e+00 3.151854e+00
1.153200e+00 3.165554e+00
1.153400e+00 3.180376e+00
1.153600e+00 3.196324e+00
1.153800e+00 3.213384e+00
1.154000e+00 3.231525e+00
1.154200e+00 3.250688e+00
1.154400e+00 3.270789e+00
1.154600e+00 3.291706e+00
1.154800e+00 3.313280e+00
1.155000e+00 3.335308e+00
1.155200e+00 3.357537e+00
1.155400e+00 3.379660e+00
1.155600e+00 3.401314e+00
1.155800e+00 3.422080e+00
1.156000e+00 3.441484e+00
1.156200e+00 3.459005e+00
1.156400e+00 3.474082e+00
1.156600e+00 3.486134e+00
1.156800e+00 3.494578e+00
1.157000e+00 3.498855e+00
1.157200e+00 3.498459e+00
1.157400e+00 3.492968e+00
1.157600e+00 3.482072e+00
1.157800e+00 3.465598e+00
1.158000e+00 3.443530e+00
1.158200e+00 3.416017e+00
1.158400e+00 3.383369e+00
1.158600e+00 3.346049e+00
1.158800e+00 3.304643e+00
1.159000e+00 3.259836e+00
1.159200e+00 3.212375e+00
1.159400e+00 3.163034e+00
1.159600e+00 3.112582e+00
1.159800e+00 3.061752e+00
1.160000e+00 3.011223e+00
1.160200e+00 2.961602e+00
1.160400e+00 2.913418e+00
1.160600e+00 2.867114e+00
1.160800e+00 2.823057e+00
1.161000e+00 2.781537e+00
1.161200e+00 2.742776e+00
1.161400e+00 2.706938e+00
1.161600e+00 2.674138e+00
1.161800e+00 2.644450e+00
1.162000e+00 2.617916e+00
1.162200e+00 2.594551e+00
1.162400e+00 2.574352e+00
1.162600e+00 2.557302e+00
1.162800e+00 2.543370e+00
1.163000e+00 2.532520e+00
1.163200e+00 2.524707e+00
1.163400e+00 2.519876e+00
1.163600e+00 2.517966e+00
1.163800e+00 2.518906e+00
1.164000e+00 2.522608e+00
1.164200e+00 2.528969e+00
1.164400e+00 2.537858e+00
1.164600e+00 2.549120e+00
1.164800e+00 2.562559e+00
1.165000e+00 2.577939e+00
1.165200e+00 2.594974e+00
1.165400e+00 2.613321e+00
1.165600e+00 2.632577e+00
1.165800e+00 2.652278e+00
1.166000e+00 2.671898e+00
1.166200e+00 2.690858e+00
1.166400e+00 2.708534e+00
1.166600e+00 2.724273e+00
1.166800e+00 2.737416e+00
1.167000e+00 2.747324e+00
1.167200e+00 2.753398e+00
1.167400e+00 2.755111e+00
1.167600e+00 2.752023e+00
1.167800e+00 2.743792e+00
1.168000e+00 2.730168e+00
1.168200e+00 2.710964e+00
1.168400e+00 2.685979e+00
1.168600e+00 2.654838e+00
1.168800e+00 2.616530e+00
1.169000e+00 2.567539e+00
1.169200e+00 2.482150e+00
1.169400e+00 2.464579e+00
1.169600e+00 2.448794e+00
1.169800e+00 2.434405e+00
1.170000e+00 2.421116e+00
1.170200e+00 2.408739e+00
1.170400e+00 2.397144e+00
1.170600e+00 2.386235e+00
1.170800e+00 2.375941e+00
1.171000e+00 2.366205e+00
1.171200e+00 2.356982e+00
1.171400e+00 2.348234e+00
1.171600e+00 2.339930e+00
1.171800e+00 2.332043e+00
1.172000e+00 2.324551e+00
1.172200e+00 2.317434e+00
1.172400e+00 2.310676e+00
1.172600e+00 2.304260e+00
1.172800e+00 2.298174e+00
1.173000e+00 2.292406e+00
1.173200e+00 2.286945e+00
1.173400e+00 2.281781e+00
1.173600e+00 2.276905e+00
1.173800e+00 2.272310e+00
1.174000e+00 2.267989e+00
1.174200e+00 2.263933e+00
1.174400e+00 2.260139e+00
1.174600e+00 2.256599e+00
1.174800e+00 2.253309e+00
1.175000e+00 2.250263e+00
1.175200e+00 2.247457e+00
1.175400e+00 2.244888e+00
1.175600e+00 2.242551e+00
1.175800e+00 2.240441e+00
1.176000e+00 2.238557e+00
1.176200e+00 2.236895e+00
1.176400e+00 2.235451e+00
1.176600e+00 2.234223e+00
1.176800e+00 2.233208e+00
1.177000e+00 2.232403e+00
1.177200e+00 2.231807e+00
1.177400e+00 2.231417e+00
1.177600e+00 2.231230e+00
1.177800e+00 2.231245e+00
1.178000e+00 2.231460e+00
1.178200e+00 2.231872e+00
1.178400e+00 2.232481e+00
1.178600e+00 2.233284e+00
1.178800e+00 2.234281e+00
1.179000e+00 2.235468e+00
1.179200e+00 2.236846e+00
1.179400e+00 2.238412e+00
1.179600e+00 2.240165e+00
1.179800e+00 2.242104e+00
1.180000e+00 2.244229e+00
1.180200e+00 2.246536e+00
1.180400e+00 2.249027e+00
1.180600e+00 2.251698e+00
1.180800e+00 2.254550e+00
1.181000e+00 2.257582e+00
1.181200e+00 2.260792e+00
1.181400e+00 2.264179e+00
1.181600e+00 2.267743e+00
1.181800e+00 2.271483e+00
1.182000e+00 2.275398e+00
1.182200e+00 2.279487e+00
1.182400e+00 2.283750e+00
1.182600e+00 2.288184e+00
1.182800e+00 2.292791e+00
1.183000e+00 2.297569e+00
1.183200e+00 2.302517e+00
1.183400e+00 2.307635e+00
1.183600e+00 2.312922e+00
1.183800e+00 2.318377e+00
1.184000e+00 2.324000e+00
1.184200e+00 2.329790e+00
1.184400e+00 2.335746e+00
1.184600e+00 2.341868e+00
1.184800e+00 2.348155e+00
1.185000e+00 2.354606e+00
1.185200e+00 2.361220e+00
1.185400e+00 2.367998e+00
1.185600e+00 2.374939e+00
1.185800e+00 2.382041e+00
1.186000e+00 2.389304e+00
1.186200e+00 2.396727e+00
1.186400e+00 2.404310e+00
1.186600e+00 2.412053e+00
1.186800e+00 2.419954e+00
1.187000e+00 2.428012e+00
1.187200e+00 2.436227e+00
1.187400e+00 2.444599e+00
1.187600e+00 2.453126e+00
1.187800e+00 2.461808e+00
1.188000e+00 2.470644e+00
1.188200e+00 2.479633e+00
1.188400e+00 2.488774e+00
1.188600e+00 2.498066e+00
1.188800e+00 2.507509e+00
1.189000e+00 2.517102e+00
1.189200e+00 2.526843e+00
1.189400e+00 2.536732e+00
1.189600e+00 2.546767e+00
1.189800e+00 2.556947e+00
1.190000e+00 2.567271e+00
1.190200e+00 2.577738e+00
1.190400e+00 2.588347e+00
1.190600e+00 2.599095e+00
1.190800e+00 2.609982e+00
1.191000e+00 2.621006e+00
1.191200e+00 2.632165e+00
1.191400e+00 2.643456e+00
1.191600e+00 2.654879e+00
1.191800e+00 2.666430e+00
1.192000e+00 2.678107e+00
1.192200e+00 2.689908e+00
1.192400e+00 2.701830e+00
1.192600e+00 2.713868e+00
1.192800e+00 2.726021e+00
1.193000e+00 2.738284e+00
1.193200e+00 2.750652e+00
1.193400e+00 2.763121e+00
1.193600e+00 2.775687e+00
1.193800e+00 2.788342e+00
1.194000e+00 2.801082e+00
1.194200e+00 2.813899e+00
1.194400e+00 2.826785e+00
1.194600e+00 2.839733e+00
1.194800e+00 2.852733e+00
1.195000e+00 2.865775e+00
1.195200e+00 2.878848e+00
1.195400e+00 2.891939e+00
1.195600e+00 2.905035e+00
1.195800e+00 2.918122e+00
1.196000e+00 2.931182e+00
1.196200e+00 2.944199e+00
1.196400e+00 2.957153e+00
1.196600e+00 2.970023e+00
1.196800e+00 2.982786e+00
1.197000e+00 2.995416e+00
1.197200e+00 3.007888e+00
1.197400e+00 3.020173e+00
1.197600e+00 3.032238e+00
1.197800e+00 3.044051e+00
1.198000e+00 3.055577e+00
1.198200e+00 3.066778e+00
1.198400e+00 3.077614e+00
1.198600e+00 3.088044e+00
1.198800e+00 3.098025e+00
1.199000e+00 3.107511e+00
1.199200e+00 3.116457e+00
1.199400e+00 3.124815e+00
1.199600e+00 3.132538e+00
1.199800e+00 3.139579e+00
1.200000e+00 3.145889e+00
1.200200e+00 3.151424e+00
1.200400e+00 3.156138e+00
1.200600e+00 3.159989e+00
1.200800e+00 3.162938e+00
1.201000e+00 3.164949e+00
1.201200e+00 3.165990e+00
1.201400e+00 3.166034e+00
1.201600e+00 3.165061e+00
1.201800e+00 3.163053e+00
1.202000e+00 3.160001e+00
1.202200e+00 3.155901e+00
1.202400e+00 3.150756e+00
1.202600e+00 3.144572e+00
1.202800e+00 3.137366e+00
1.203000e+00 3.129157e+00
1.203200e+00 3.119970e+00
1.203400e+00 3.109835e+00
1.203600e+00 3.098786e+00
1.203800e+00 3.086861e+00
1.204000e+00 3.074100e+00
1.204200e+00 3.060544e+00
1.204400e+00 3.046238e+00
1.204600e+00 3.031226e+00
1.204800e+00 3.015553e+00
1.205000e+00 2.999263e+00
1.205200e+00 2.982399e+00
1.205400e+00 2.965004e+00
1.205600e+00 2.947120e+00
1.205800e+00 2.928784e+00
1.206000e+00 2.910036e+00
1.206200e+00 2.890911e+00
1.206400e+00 2.871442e+00
1.206600e+00 2.851663e+00
1.206800e+00 2.831603e+00
1.207000e+00 2.811291e+00
1.207200e+00 2.790754e+00
1.207400e+00 2.770019e+00
1.207600e+00 2.749109e+00
1.207800e+00 2.728048e+00
1.208000e+00 2.706858e+00
1.208200e+00 2.685561e+00
1.208400e+00 2.664178e+00
1.208600e+00 2.642729e+00
1.208800e+00 2.621234e+00
1.209000e+00 2.599711e+00
1.209200e+00 2.578181e+00
1.209400e+00 2.556661e+00
1.209600e+00 2.535169e+00
1.209800e+00 2.513725e+00
1.210000e+00 2.492345e+00
1.210200e+00 2.471047e+00
1.210400e+00 2.449849e+00
1.210600e+00 2.428769e+00
1.210800e+00 2.407822e+00
1.211000e+00 2.387026e+00
1.211200e+00 2.366397e+00
1.211400e+00 2.345951e+00
1.211600e+00 2.325704e+00
1.211800e+00 2.305672e+00
1.212000e+00 2.285869e+00
1.212200e+00 2.266311e+00
1.212400e+00 2.247010e+00
1.212600e+00 2.227981e+00
1.212800e+00 2.209237e+00
1.213000e+00 2.190791e+00
1.213200e+00 2.172654e+00
1.213400e+00 2.154839e+00
1.213600e+00 2.137355e+00
1.213800e+00 2.120214e+00
1.214000e+00 2.103426e+00
1.214200e+00 2.086998e+00
1.214400e+00 2.070941e+00
1.214600e+00 2.055262e+00
1.214800e+00 2.039969e+00
1.215000e+00 2.025068e+00
1.215200e+00 2.010566e+00
1.215400e+00 1.996468e+00
1.215600e+00 1.982780e+00
1.215800e+00 1.969507e+00
1.216000e+00 1.956651e+00
1.216200e+00 1.944218e+00
1.216400e+00 1.932210e+00
1.216600e+00 1.920631e+00
1.216800e+00 1.909481e+00
1.217000e+00 1.898763e+00
1.217200e+00 1.888479e+00
1.217400e+00 1.878629e+00
1.217600e+00 1.869214e+00
1.217800e+00 1.860234e+00
1.218000e+00 1.851689e+00
1.218200e+00 1.843579e+00
1.218400e+00 1.835903e+00
1.218600e+00 1.828660e+00
1.218800e+00 1.821849e+00
1.219000e+00 1.815468e+00
1.219200e+00 1.809515e+00
1.219400e+00 1.803988e+00
1.219600e+00 1.798885e+00
1.219800e+00 1.794204e+00
1.220000e+00 1.789942e+00
1.220200e+00 1.786095e+00
1.220400e+00 1.782661e+00
1.220600e+00 1.779637e+00
1.220800e+00 1.777020e+00
1.221000e+00 1.774805e+00
1.221200e+00 1.772988e+00
1.221400e+00 1.771568e+00
1.221600e+00 1.770538e+00
1.221800e+00 1.769895e+00
1.222000e+00 1.769636e+00
1.222200e+00 1.769755e+00
1.222400e+00 1.770248e+00
1.222600e+00 1.771110e+00
1.222800e+00 1.772337e+00
1.223000e+00 1.773925e+00
1.223200e+00 1.775867e+00
1.223400e+00 1.778159e+00
1.223600e+00 1.780796e+00
1.223800e+00 1.783773e+00
1.224000e+00 1.787083e+00
1.224200e+00 1.790723e+00
1.224400e+00 1.794686e+00
1.224600e+00 1.798966e+00
1.224800e+00 1.803558e+00
1.225000e+00 1.808455e+00
1.225200e+00 1.813653e+00
1.225400e+00 1.819144e+00
1.225600e+00 1.824923e+00
1.225800e+00 1.830983e+00
1.226000e+00 1.837317e+00
1.226200e+00 1.843920e+00
1.226400e+00 1.850784e+00
1.226600e+00 1.857903e+00
1.226800e+00 1.865270e+00
1.227000e+00 1.872879e+00
1.227200e+00 1.880721e+00
1.227400e+00 1.888791e+00
1.227600e+00 1.897080e+00
1.227800e+00 1.905582e+00
1.228000e+00 1.914289e+00
1.228200e+00 1.923194e+00
1.228400e+00 1.932289e+00
1.228600e+00 1.941567e+00
1.228800e+00 1.951020e+00
1.229000e+00 1.960640e+00
1.229200e+00 1.970420e+00
1.229400e+00 1.980353e+00
1.229600e+00 1.990429e+00
1.229800e+00 2.000642e+00
1.230000e+00 2.010983e+00
1.230200e+00 2.021445e+00
1.230400e+00 2.032020e+00
1.230600e+00 2.042700e+00
1.230800e+00 2.053477e+00
1.231000e+00 2.064344e+00
1.231200e+00 2.075293e+00
1.231400e+00 2.086316e+00
1.231600e+00 2.097405e+00
1.231800e+00 2.108554e+00
1.232000e+00 2.119754e+00
1.232200e+00 2.130998e+00
1.232400e+00 2.142280e+00
1.232600e+00 2.153591e+00
1.232800e+00 2.164924e+00
1.233000e+00 2.176274e+00
1.233200e+00 2.187633e+00
1.233400e+00 2.198995e+00
1.233600e+00 2.210353e+00
1.233800e+00 2.221700e+00
1.234000e+00 2.233032e+00
1.234200e+00 2.244342e+00
1.234400e+00 2.255623e+00
1.234600e+00 2.266872e+00
1.234800e+00 2.278082e+00
1.235000e+00 2.289249e+00
1.235200e+00 2.300367e+00
1.235400e+00 2.311433e+00
1.235600e+00 2.322440e+00
1.235800e+00 2.333387e+00
1.236000e+00 2.344268e+00
1.236200e+00 2.355079e+00
1.236400e+00 2.365818e+00
1.236600e+00 2.376481e+00
1.236800e+00 2.387065e+00
1.237000e+00 2.397568e+00
1.237200e+00 2.407986e+00
1.237400e+00 2.418318e+00
1.237600e+00 2.428561e+00
1.237800e+00 2.438714e+00
1.238000e+00 2.448775e+00
1.238200e+00 2.458743e+00
1.238400e+00 2.468616e+00
1.238600e+00 2.478393e+00
1.238800e+00 2.488074e+00
1.239000e+00 2.497657e+00
1.239200e+00 2.507143e+00
1.239400e+00 2.516531e+00
1.239600e+00 2.525822e+00
1.239800e+00 2.535014e+00
1.240000e+00 2.544109e+00
1.240200e+00 2.553106e+00
1.240400e+00 2.562006e+00
1.240600e+00 2.570810e+00
1.240800e+00 2.579518e+00
1.241000e+00 2.588131e+00
1.241200e+00 2.596650e+00
1.241400e+00 2.605076e+00
1.241600e+00 2.613409e+00
1.241800e+00 2.621651e+00
1.242000e+00 2.629803e+00
1.242200e+00 2.637866e+00
1.242400e+00 2.645841e+00
1.242600e+00 2.653729e+00
1.242800e+00 2.661531e+00
1.243000e+00 2.669248e+00
1.243200e+00 2.676882e+00
1.243400e+00 2.684434e+00
1.243600e+00 2.691904e+00
1.243800e+00 2.699294e+00
1.244000e+00 2.706603e+00
1.244200e+00 2.713835e+00
1.244400e+00 2.720988e+00
1.244600e+00 2.728063e+00
1.244800e+00 2.735062e+00
1.245000e+00 2.741984e+00
1.245200e+00 2.748830e+00
1.245400e+00 2.755601e+00
1.245600e+00 2.762295e+00
1.245800e+00 2.768913e+00
1.246000e+00 2.775455e+00
1.246200e+00 2.781921e+00
1.246400e+00 2.788309e+00
1.246600e+00 2.794620e+00
1.246800e+00 2.800851e+00
1.247000e+00 2.807003e+00
1.247200e+00 2.813073e+00
1.247400e+00 2.819060e+00
1.247600e+00 2.824963e+00
1.247800e+00 2.830779e+00
1.248000e+00 2.836507e+00
1.248200e+00 2.842143e+00
1.248400e+00 2.847686e+00
1.248600e+00 2.853132e+00
1.248800e+00 2.858478e+00
1.249000e+00 2.863721e+00
1.249200e+00 2.868857e+00
1.249400e+00 2.873882e+00
1.249600e+00 2.878793e+00
1.249800e+00 2.883584e+00
1.250000e+00 2.888251e+00
1.250200e+00 2.892790e+00
1.250400e+00 2.897194e+00
1.250600e+00 2.901459e+00
1.250800e+00 2.905578e+00
1.251000e+00 2.909546e+00
1.251200e+00 2.913356e+00
1.251400e+00 2.917002e+00
1.251600e+00 2.920477e+00
1.251800e+00 2.923774e+00
1.252000e+00 2.926886e+00
1.252200e+00 2.929805e+00
1.252400e+00 2.932524e+00
1.252600e+00 2.935034e+00
1.252800e+00 2.937328e+00
1.253000e+00 2.939398e+00
1.253200e+00 2.941234e+00
1.253400e+00 2.942829e+00
1.253600e+00 2.944174e+00
1.253800e+00 2.945261e+00
1.254000e+00 2.946079e+00
1.254200e+00 2.946622e+00
1.254400e+00 2.946879e+00
1.254600e+00 2.946844e+00
1.254800e+00 2.946506e+00
1.255000e+00 2.945857e+00
1.255200e+00 2.944890e+00
1.255400e+00 2.943596e+00
1.255600e+00 2.941967e+00
1.255800e+00 2.939996e+00
1.256000e+00 2.937677e+00
1.256200e+00 2.935001e+00
1.256400e+00 2.931963e+00
1.256600e+00 2.928558e+00
1.256800e+00 2.924780e+00
1.257000e+00 2.920625e+00
1.257200e+00 2.916088e+00
1.257400e+00 2.911167e+00
1.257600e+00 2.905859e+00
1.257800e+00 2.900163e+00
1.258000e+00 2.894078e+00
1.258200e+00 2.887604e+00
1.258400e+00 2.880743e+00
1.258600e+00 2.873496e+00
1.258800e+00 2.865866e+00
1.259000e+00 2.857858e+00
1.259200e+00 2.849476e+00
1.259400e+00 2.840727e+00
1.259600e+00 2.831618e+00
1.259800e+00 2.822158e+00
1.260000e+00 2.812355e+00
1.260200e+00 2.802220e+00
1.260400e+00 2.791764e+00
1.260600e+00 2.781001e+00
1.260800e+00 2.769942e+00
1.261000e+00 2.758604e+00
1.261200e+00 2.747000e+00
1.261400e+00 2.735148e+00
1.261600e+00 2.723063e+00
1.261800e+00 2.710764e+00
1.262000e+00 2.698269e+00
1.262200e+00 2.685597e+00
1.262400e+00 2.672768e+00
1.262600e+00 2.659802e+00
1.262800e+00 2.646718e+00
1.263000e+00 2.633538e+00
1.263200e+00 2.620284e+00
1.263400e+00 2.606975e+00
1.263600e+00 2.593635e+00
1.263800e+00 2.580283e+00
1.264000e+00 2.566941e+00
1.264200e+00 2.553631e+00
1.264400e+00 2.540374e+00
1.264600e+00 2.527191e+00
1.264800e+00 2.514101e+00
1.265000e+00 2.501126e+00
1.265200e+00 2.488285e+00
1.265400e+00 2.475597e+00
1.265600e+00 2.463081e+00
1.265800e+00 2.450755e+00
1.266000e+00 2.438637e+00
1.266200e+00 2.426743e+00
1.266400e+00 2.415091e+00
1.266600e+00 2.403694e+00
1.266800e+00 2.392569e+00
1.267000e+00 2.381729e+00
1.267200e+00 2.371188e+00
1.267400e+00 2.360958e+00
1.267600e+00 2.351050e+00
1.267800e+00 2.341477e+00
1.268000e+00 2.332248e+00
1.268200e+00 2.323372e+00
1.268400e+00 2.314859e+00
1.268600e+00 2.306717e+00
1.268800e+00 2.298952e+00
1.269000e+00 2.291572e+00
1.269200e+00 2.284582e+00
1.269400e+00 2.277988e+00
1.269600e+00 2.271793e+00
1.269800e+00 2.266003e+00
1.270000e+00 2.260620e+00
1.270200e+00 2.255648e+00
1.270400e+00 2.251088e+00
1.270600e+00 2.246943e+00
1.270800e+00 2.243213e+00
1.271000e+00 2.239899e+00
1.271200e+00 2.237002e+00
1.271400e+00 2.234521e+00
1.271600e+00 2.232456e+00
1.271800e+00 2.230807e+00
1.272000e+00 2.229572e+00
1.272200e+00 2.228749e+00
1.272400e+00 2.228337e+00
1.272600e+00 2.228334e+00
1.272800e+00 2.228737e+00
1.273000e+00 2.229544e+00
1.273200e+00 2.230752e+00
1.273400e+00 2.232359e+00
1.273600e+00 2.234361e+00
1.273800e+00 2.236755e+00
1.274000e+00 2.239538e+00
1.274200e+00 2.242706e+00
1.274400e+00 2.246256e+00
1.274600e+00 2.250185e+00
1.274800e+00 2.254488e+00
1.275000e+00 2.259161e+00
1.275200e+00 2.264202e+00
1.275400e+00 2.269606e+00
1.275600e+00 2.275370e+00
1.275800e+00 2.281489e+00
1.276000e+00 2.287960e+00
1.276200e+00 2.294778e+00
1.276400e+00 2.301940e+00
1.276600e+00 2.309442e+00
1.276800e+00 2.317281e+00
1.277000e+00 2.325451e+00
1.277200e+00 2.333950e+00
1.277400e+00 2.342773e+00
1.277600e+00 2.351917e+00
1.277800e+00 2.361377e+00
1.278000e+00 2.371151e+00
1.278200e+00 2.381233e+00
1.278400e+00 2.391621e+00
1.278600e+00 2.402310e+00
1.278800e+00 2.413297e+00
1.279000e+00 2.424577e+00
1.279200e+00 2.436147e+00
1.279400e+00 2.448003e+00
1.279600e+00 2.460142e+00
1.279800e+00 2.472558e+00
1.280000e+00 2.485249e+00
1.280200e+00 2.498210e+00
1.280400e+00 2.511437e+00
1.280600e+00 2.524927e+00
1.280800e+00 2.538675e+00
1.281000e+00 2.552676e+00
1.281200e+00 2.566928e+00
1.281400e+00 2.581424e+00
1.281600e+00 2.596162e+00
1.281800e+00 2.611137e+00
1.282000e+00 2.626344e+00
1.282200e+00 2.641778e+00
1.282400e+00 2.657436e+00
1.282600e+00 2.673311e+00
1.282800e+00 2.689401e+00
1.283000e+00 2.705699e+00
1.283200e+00 2.722200e+00
1.283400e+00 2.738901e+00
1.283600e+00 2.755795e+00
1.283800e+00 2.772877e+00
1.284000e+00 2.790143e+00
1.284200e+00 2.807587e+00
1.284400e+00 2.825204e+00
1.284600e+00 2.842989e+00
1.284800e+00 2.860937e+00
1.285000e+00 2.879042e+00
1.285200e+00 2.897300e+00
1.285400e+00 2.915705e+00
1.285600e+00 2.934253e+00
1.285800e+00 2.952938e+00
1.286000e+00 2.971757e+00
1.286200e+00 2.990705e+00
1.286400e+00 3.009778e+00
1.286600e+00 3.028972e+00
1.286800e+00 3.048284e+00
1.287000e+00 3.067711e+00
1.287200e+00 3.087250e+00
1.287400e+00 3.106900e+00
1.287600e+00 3.126658e+00
1.287800e+00 3.146524e+00
1.288000e+00 3.166499e+00
1.288200e+00 3.186581e+00
1.288400e+00 3.206774e+00
1.288600e+00 3.227079e+00
1.288800e+00 3.247499e+00
1.289000e+00 3.268040e+00
1.289200e+00 3.288705e+00
1.289400e+00 3.309503e+00
1.289600e+00 3.330440e+00
1.289800e+00 3.351526e+00
1.290000e+00 3.372770e+00
1.290200e+00 3.394186e+00
1.290400e+00 3.415785e+00
1.290600e+00 3.437582e+00
1.290800e+00 3.459594e+00
1.291000e+00 3.481838e+00
1.291200e+00 3.504331e+00
1.291400e+00 3.527096e+00
1.291600e+00 3.550152e+00
1.291800e+00 3.573522e+00
1.292000e+00 3.597230e+00
1.292200e+00 3.621301e+00
1.292400e+00 3.645758e+00
1.292600e+00 3.670629e+00
1.292800e+00 3.695936e+00
1.293000e+00 3.721707e+00
1.293200e+00 3.747964e+00
1.293400e+00 3.774730e+00
1.293600e+00 3.802025e+00
1.293800e+00 3.829868e+00
1.294000e+00 3.858271e+00
1.294200e+00 3.887245e+00
1.294400e+00 3.916792e+00
1.294600e+00 3.946910e+00
1.294800e+00 3.977588e+00
1.295000e+00 4.008804e+00
1.295200e+00 4.040528e+00
1.295400e+00 4.072715e+00
1.295600e+00 4.105308e+00
1.295800e+00 4.138234e+00
1.296000e+00 4.171404e+00
1.296200e+00 4.204711e+00
1.296400e+00 4.238028e+00
1.296600e+00 4.271209e+00
1.296800e+00 4.304090e+00
1.297000e+00 4.336483e+00
1.297200e+00 4.368187e+00
1.297400e+00 4.398978e+00
1.297600e+00 4.428620e+00
1.297800e+00 4.456864e+00
1.298000e+00 4.483454e+00
1.298200e+00 4.508129e+00
1.298400e+00 4.530632e+00
1.298600e+00 4.550711e+00
1.298800e+00 4.568133e+00
1.299000e+00 4.582680e+00
1.299200e+00 4.594166e+00
1.299400e+00 4.602435e+00
1.299600e+00 4.607370e+00
1.299800e+00 4.608894e+00
1.300000e+00 4.606975e+00
1.300200e+00 4.601626e+00
1.300400e+00 4.592906e+00
1.300600e+00 4.580915e+00
1.300800e+00 4.565795e+00
1.301000e+00 4.547722e+00
1.301200e+00 4.526903e+00
1.301400e+00 4.503570e+00
1.301600e+00 4.477972e+00
1.301800e+00 4.450371e+00
1.302000e+00 4.421034e+00
1.302200e+00 4.390231e+00
1.302400e+00 4.358225e+00
1.302600e+00 4.325272e+00
1.302800e+00 4.291615e+00
1.303000e+00 4.257484e+00
1.303200e+00 4.223090e+00
1.303400e+00 4.188628e+00
1.303600e+00 4.154274e+00
1.303800e+00 4.120186e+00
1.304000e+00 4.086501e+00
1.304200e+00 4.053342e+00
1.304400e+00 4.020814e+00
1.304600e+00 3.989004e+00
1.304800e+00 3.957989e+00
1.305000e+00 3.927829e+00
1.305200e+00 3.898575e+00
1.305400e+00 3.870267e+00
1.305600e+00 3.842933e+00
1.305800e+00 3.816596e+00
1.306000e+00 3.791271e+00
1.306200e+00 3.766968e+00
1.306400e+00 3.743690e+00
1.306600e+00 3.721437e+00
1.306800e+00 3.700206e+00
1.307000e+00 3.679990e+00
1.307200e+00 3.660781e+00
1.307400e+00 3.642569e+00
1.307600e+00 3.625342e+00
1.307800e+00 3.609089e+00
1.308000e+00 3.593797e+00
1.308200e+00 3.579453e+00
1.308400e+00 3.566045e+00
1.308600e+00 3.553559e+00
1.308800e+00 3.541985e+00
1.309000e+00 3.531309e+00
1.309200e+00 3.521521e+00
1.309400e+00 3.512610e+00
1.309600e+00 3.504566e+00
1.309800e+00 3.497378e+00
1.310000e+00 3.491038e+00
1.310200e+00 3.485537e+00
1.310400e+00 3.480864e+00
1.310600e+00 3.477012e+00
1.310800e+00 3.473971e+00
1.311000e+00 3.471732e+00
1.311200e+00 3.470285e+00
1.311400e+00 3.469619e+00
1.311600e+00 3.469723e+00
1.311800e+00 3.470584e+00
1.312000e+00 3.472190e+00
1.312200e+00 3.474524e+00
1.312400e+00 3.477569e+00
1.312600e+00 3.481309e+00
1.312800e+00 3.485721e+00
1.313000e+00 3.490786e+00
1.313200e+00 3.496478e+00
1.313400e+00 3.502772e+00
1.313600e+00 3.509640e+00
1.313800e+00 3.517053e+00
1.314000e+00 3.524980e+00
1.314200e+00 3.533388e+00
1.314400e+00 3.542243e+00
1.314600e+00 3.551510e+00
1.314800e+00 3.561151e+00
1.315000e+00 3.571131e+00
1.315200e+00 3.581410e+00
1.315400e+00 3.591950e+00
1.315600e+00 3.602714e+00
1.315800e+00 3.613661e+00
1.316000e+00 3.624754e+00
1.316200e+00 3.635954e+00
1.316400e+00 3.647224e+00
1.316600e+00 3.658528e+00
1.316800e+00 3.669829e+00
1.317000e+00 3.681093e+00
1.317200e+00 3.692286e+00
1.317400e+00 3.703375e+00
1.317600e+00 3.714329e+00
1.317800e+00 3.725118e+00
1.318000e+00 3.735714e+00
1.318200e+00 3.746090e+00
1.318400e+00 3.756221e+00
1.318600e+00 3.766082e+00
1.318800e+00 3.775652e+00
1.319000e+00 3.784910e+00
1.319200e+00 3.793836e+00
1.319400e+00 3.802413e+00
1.319600e+00 3.810625e+00
1.319800e+00 3.818457e+00
1.320000e+00 3.825897e+00
1.320200e+00 3.832932e+00
1.320400e+00 3.839554e+00
1.320600e+00 3.845753e+00
1.320800e+00 3.851523e+00
1.321000e+00 3.856858e+00
1.321200e+00 3.861754e+00
1.321400e+00 3.866208e+00
1.321600e+00 3.870219e+00
1.321800e+00 3.873785e+00
1.322000e+00 3.876909e+00
1.322200e+00 3.879592e+00
1.322400e+00 3.881838e+00
1.322600e+00 3.883651e+00
1.322800e+00 3.885036e+00
1.323000e+00 3.886000e+00
1.323200e+00 3.886549e+00
1.323400e+00 3.886692e+00
1.323600e+00 3.886438e+00
1.323800e+00 3.885795e+00
1.324000e+00 3.884773e+00
1.324200e+00 3.883384e+00
1.324400e+00 3.881637e+00
1.324600e+00 3.879545e+00
1.324800e+00 3.877119e+00
1.325000e+00 3.874371e+00
1.325200e+00 3.871313e+00
1.325400e+00 3.867956e+00
1.325600e+00 3.864314e+00
1.325800e+00 3.860398e+00
1.326000e+00 3.856220e+00
1.326200e+00 3.851793e+00
1.326400e+00 3.847128e+00
1.326600e+00 3.842237e+00
1.326800e+00 3.837132e+00
1.327000e+00 3.831823e+00
1.327200e+00 3.826320e+00
1.327400e+00 3.820636e+00
1.327600e+00 3.814778e+00
1.327800e+00 3.808758e+00
1.328000e+00 3.802584e+00
1.328200e+00 3.796266e+00
1.328400e+00 3.789810e+00
1.328600e+00 3.783226e+00
1.328800e+00 3.776520e+00
1.329000e+00 3.769700e+00
1.329200e+00 3.762772e+00
1.329400e+00 3.755741e+00
1.329600e+00 3.748615e+00
1.329800e+00 3.741398e+00
1.330000e+00 3.734094e+00
1.330200e+00 3.726708e+00
1.330400e+00 3.719244e+00
1.330600e+00 3.711706e+00
1.330800e+00 3.704098e+00
1.331000e+00 3.696421e+00
1.331200e+00 3.688678e+00
1.331400e+00 3.680873e+00
1.331600e+00 3.673006e+00
1.331800e+00 3.665081e+00
1.332000e+00 3.657098e+00
1.332200e+00 3.649059e+00
1.332400e+00 3.640966e+00
1.332600e+00 3.632818e+00
1.332800e+00 3.624618e+00
1.333000e+00 3.616367e+00
1.333200e+00 3.608064e+00
1.333400e+00 3.599710e+00
1.333600e+00 3.591307e+00
1.333800e+00 3.582855e+00
1.334000e+00 3.574354e+00
1.334200e+00 3.565805e+00
1.334400e+00 3.557208e+00
1.334600e+00 3.548565e+00
1.334800e+00 3.539875e+00
1.335000e+00 3.531139e+00
1.335200e+00 3.522358e+00
1.335400e+00 3.513533e+00
1.335600e+00 3.504664e+00
1.335800e+00 3.495753e+00
1.336000e+00 3.486800e+00
1.336200e+00 3.477807e+00
1.336400e+00 3.468775e+00
1.336600e+00 3.459704e+00
1.336800e+00 3.450597e+00
1.337000e+00 3.441454e+00
1.337200e+00 3.432278e+00
1.337400e+00 3.423070e+00
1.337600e+00 3.413832e+00
1.337800e+00 3.404565e+00
1.338000e+00 3.395272e+00
1.338200e+00 3.385955e+00
1.338400e+00 3.376615e+00
1.338600e+00 3.367256e+00
1.338800e+00 3.357879e+00
1.339000e+00 3.348487e+00
1.339200e+00 3.339083e+00
1.339400e+00 3.329668e+00
1.339600e+00 3.320246e+00
1.339800e+00 3.310818e+00
1.340000e+00 3.301389e+00
1.340200e+00 3.291960e+00
1.340400e+00 3.282535e+00
1.340600e+00 3.273116e+00
1.340800e+00 3.263706e+00
1.341000e+00 3.254308e+00
1.341200e+00 3.244925e+00
1.341400e+00 3.235559e+00
1.341600e+00 3.226215e+00
1.341800e+00 3.216894e+00
1.342000e+00 3.207599e+00
1.342200e+00 3.198334e+00
1.342400e+00 3.189101e+00
1.342600e+00 3.179904e+00
1.342800e+00 3.170744e+00
1.343000e+00 3.161625e+00
1.343200e+00 3.152550e+00
1.343400e+00 3.143520e+00
1.343600e+00 3.134540e+00
1.343800e+00 3.125612e+00
1.344000e+00 3.116737e+00
1.344200e+00 3.107920e+00
1.344400e+00 3.099161e+00
1.344600e+00 3.090465e+00
1.344800e+00 3.081832e+00
1.345000e+00 3.073265e+00
1.345200e+00 3.064768e+00
1.345400e+00 3.056340e+00
1.345600e+00 3.047986e+00
1.345800e+00 3.039707e+00
1.346000e+00 3.031505e+00
1.346200e+00 3.023381e+00
1.346400e+00 3.015339e+00
1.346600e+00 3.007378e+00
1.346800e+00 2.999502e+00
1.347000e+00 2.991712e+00
1.347200e+00 2.984009e+00
1.347400e+00 2.976395e+00
1.347600e+00 2.968871e+00
1.347800e+00 2.961439e+00
1.348000e+00 2.954100e+00
1.348200e+00 2.946855e+00
1.348400e+00 2.939705e+00
1.348600e+00 2.932652e+00
1.348800e+00 2.925696e+00
1.349000e+00 2.918839e+00
1.349200e+00 2.912080e+00
1.349400e+00 2.905422e+00
1.349600e+00 2.898865e+00
1.349800e+00 2.892409e+00
1.350000e+00 2.886055e+00
1.350200e+00 2.879804e+00
1.350400e+00 2.873656e+00
1.350600e+00 2.867612e+00
1.350800e+00 2.861671e+00
1.351000e+00 2.855835e+00
1.351200e+00 2.850104e+00
1.351400e+00 2.844477e+00
1.351600e+00 2.838956e+00
1.351800e+00 2.833539e+00
1.352000e+00 2.828228e+00
1.352200e+00 2.823022e+00
1.352400e+00 2.817921e+00
1.352600e+00 2.812925e+00
1.352800e+00 2.808034e+00
1.353000e+00 2.803247e+00
1.353200e+00 2.798565e+00
1.353400e+00 2.793988e+00
1.353600e+00 2.789514e+00
1.353800e+00 2.785144e+00
1.354000e+00 2.780876e+00
1.354200e+00 2.776712e+00
1.354400e+00 2.772650e+00
1.354600e+00 2.768689e+00
1.354800e+00 2.764830e+00
1.355000e+00 2.761071e+00
1.355200e+00 2.757412e+00
1.355400e+00 2.753853e+00
1.355600e+00 2.750392e+00
1.355800e+00 2.747030e+00
1.356000e+00 2.743764e+00
1.356200e+00 2.740596e+00
1.356400e+00 2.737523e+00
1.356600e+00 2.734545e+00
1.356800e+00 2.731661e+00
1.357000e+00 2.728871e+00
1.357200e+00 2.726173e+00
1.357400e+00 2.723567e+00
1.357600e+00 2.721052e+00
1.357800e+00 2.718627e+00
1.358000e+00 2.716291e+00
1.358200e+00 2.714044e+00
1.358400e+00 2.711884e+00
1.358600e+00 2.709810e+00
1.358800e+00 2.707822e+00
1.359000e+00 2.705919e+00
1.359200e+00 2.704100e+00
1.359400e+00 2.702364e+00
1.359600e+00 2.700710e+00
1.359800e+00 2.699138e+00
1.360000e+00 2.697647e+00
1.360200e+00 2.696235e+00
1.360400e+00 2.694903e+00
1.360600e+00 2.693649e+00
1.360800e+00 2.692474e+00
1.361000e+00 2.691375e+00
1.361200e+00 2.690353e+00
1.361400e+00 2.689408e+00
1.361600e+00 2.688538e+00
1.361800e+00 2.687743e+00
1.362000e+00 2.687023e+00
1.362200e+00 2.686378e+00
1.362400e+00 2.685807e+00
1.362600e+00 2.685310e+00
1.362800e+00 2.684887e+00
1.363000e+00 2.684539e+00
1.363200e+00 2.684264e+00
1.363400e+00 2.684064e+00
1.363600e+00 2.683939e+00
1.363800e+00 2.683888e+00
1.364000e+00 2.683914e+00
1.364200e+00 2.684015e+00
1.364400e+00 2.684193e+00
1.364600e+00 2.684449e+00
1.364800e+00 2.684783e+00
1.365000e+00 2.685197e+00
1.365200e+00 2.685692e+00
1.365400e+00 2.686270e+00
1.365600e+00 2.686932e+00
1.365800e+00 2.687679e+00
1.366000e+00 2.688514e+00
1.366200e+00 2.689439e+00
1.366400e+00 2.690455e+00
1.366600e+00 2.691566e+00
1.366800e+00 2.692774e+00
1.367000e+00 2.694081e+00
1.367200e+00 2.695491e+00
1.367400e+00 2.697007e+00
1.367600e+00 2.698632e+00
1.367800e+00 2.700369e+00
1.368000e+00 2.702224e+00
1.368200e+00 2.704198e+00
1.368400e+00 2.706298e+00
1.368600e+00 2.708526e+00
1.368800e+00 2.710889e+00
1.369000e+00 2.713390e+00
1.369200e+00 2.716035e+00
1.369400e+00 2.718829e+00
1.369600e+00 2.721777e+00
1.369800e+00 2.724886e+00
1.370000e+00 2.728161e+00
1.370200e+00 2.731609e+00
1.370400e+00 2.735235e+00
1.370600e+00 2.739045e+00
1.370800e+00 2.743048e+00
1.371000e+00 2.747249e+00
1.371200e+00 2.751655e+00
1.371400e+00 2.756273e+00
1.371600e+00 2.761110e+00
1.371800e+00 2.766174e+00
1.372000e+00 2.771471e+00
1.372200e+00 2.777008e+00
1.372400e+00 2.782792e+00
1.372600e+00 2.788831e+00
1.372800e+00 2.795130e+00
1.373000e+00 2.801696e+00
1.373200e+00 2.808536e+00
1.373400e+00 2.815654e+00
1.373600e+00 2.823057e+00
1.373800e+00 2.830749e+00
1.374000e+00 2.838734e+00
1.374200e+00 2.847015e+00
1.374400e+00 2.855595e+00
1.374600e+00 2.864475e+00
1.374800e+00 2.873656e+00
1.375000e+00 2.883137e+00
1.375200e+00 2.892916e+00
1.375400e+00 2.902989e+00
1.375600e+00 2.913351e+00
1.375800e+00 2.923994e+00
1.376000e+00 2.934909e+00
1.376200e+00 2.946084e+00
1.376400e+00 2.957507e+00
1.376600e+00 2.969160e+00
1.376800e+00 2.981025e+00
1.377000e+00 2.993079e+00
1.377200e+00 3.005300e+00
1.377400e+00 3.017658e+00
1.377600e+00 3.030123e+00
1.377800e+00 3.042660e+00
1.378000e+00 3.055234e+00
1.378200e+00 3.067802e+00
1.378400e+00 3.080322e+00
1.378600e+00 3.092747e+00
1.378800e+00 3.105027e+00
1.379000e+00 3.117109e+00
1.379200e+00 3.128938e+00
1.379400e+00 3.140458e+00
1.379600e+00 3.151608e+00
1.379800e+00 3.162329e+00
1.380000e+00 3.172559e+00
1.380200e+00 3.182236e+00
1.380400e+00 3.191299e+00
1.380600e+00 3.199687e+00
1.380800e+00 3.207340e+00
1.381000e+00 3.214202e+00
1.381200e+00 3.220217e+00
1.381400e+00 3.225335e+00
1.381600e+00 3.229510e+00
1.381800e+00 3.232698e+00
1.382000e+00 3.234864e+00
1.382200e+00 3.235975e+00
1.382400e+00 3.236008e+00
1.382600e+00 3.234943e+00
1.382800e+00 3.232769e+00
1.383000e+00 3.229481e+00
1.383200e+00 3.225080e+00
1.383400e+00 3.219576e+00
1.383600e+00 3.212983e+00
1.383800e+00 3.205323e+00
1.384000e+00 3.196623e+00
1.384200e+00 3.186917e+00
1.384400e+00 3.176243e+00
1.384600e+00 3.164644e+00
1.384800e+00 3.152167e+00
1.385000e+00 3.138862e+00
1.385200e+00 3.124782e+00
1.385400e+00 3.109984e+00
1.385600e+00 3.094525e+00
1.385800e+00 3.078462e+00
1.386000e+00 3.061857e+00
1.386200e+00 3.044767e+00
1.386400e+00 3.027253e+00
1.386600e+00 3.009372e+00
1.386800e+00 2.991183e+00
1.387000e+00 2.972742e+00
1.387200e+00 2.954104e+00
1.387400e+00 2.935321e+00
1.387600e+00 2.916445e+00
1.387800e+00 2.897526e+00
1.388000e+00 2.878610e+00
1.388200e+00 2.859741e+00
1.388400e+00 2.840963e+00
1.388600e+00 2.822315e+00
1.388800e+00 2.803835e+00
1.389000e+00 2.785559e+00
1.389200e+00 2.767521e+00
1.389400e+00 2.749752e+00
1.389600e+00 2.732281e+00
1.389800e+00 2.715136e+00
1.390000e+00 2.698342e+00
1.390200e+00 2.681922e+00
1.390400e+00 2.665898e+00
1.390600e+00 2.650291e+00
1.390800e+00 2.635118e+00
1.391000e+00 2.620397e+00
1.391200e+00 2.606143e+00
1.391400e+00 2.592370e+00
1.391600e+00 2.579091e+00
1.391800e+00 2.566317e+00
1.392000e+00 2.554058e+00
1.392200e+00 2.542324e+00
1.392400e+00 2.531122e+00
1.392600e+00 2.520458e+00
1.392800e+00 2.510339e+00
1.393000e+00 2.500769e+00
1.393200e+00 2.491752e+00
1.393400e+00 2.483289e+00
1.393600e+00 2.475384e+00
1.393800e+00 2.468035e+00
1.394000e+00 2.461242e+00
1.394200e+00 2.455004e+00
1.394400e+00 2.449318e+00
1.394600e+00 2.444181e+00
1.394800e+00 2.439586e+00
1.395000e+00 2.435529e+00
1.395200e+00 2.432002e+00
1.395400e+00 2.428997e+00
1.395600e+00 2.426504e+00
1.395800e+00 2.424511e+00
1.396000e+00 2.423007e+00
1.396200e+00 2.421979e+00
1.396400e+00 2.421410e+00
1.396600e+00 2.421284e+00
1.396800e+00 2.421583e+00
1.397000e+00 2.422288e+00
1.397200e+00 2.423376e+00
1.397400e+00 2.424825e+00
1.397600e+00 2.426611e+00
1.397800e+00 2.428707e+00
1.398000e+00 2.431085e+00
1.398200e+00 2.433716e+00
1.398400e+00 2.436570e+00
1.398600e+00 2.439613e+00
1.398800e+00 2.442812e+00
1.399000e+00 2.446131e+00
1.399200e+00 2.449536e+00
1.399400e+00 2.452989e+00
1.399600e+00 2.456452e+00
1.399800e+00 2.459887e+00
