1.000000e+00 2.615490e+00
1.000200e+00 2.603075e+00
1.000400e+00 2.590822e+00
1.000600e+00 2.578731e+00
1.000800e+00 2.566800e+00
1.001000e+00 2.555029e+00
1.001200e+00 2.543418e+00
1.001400e+00 2.531965e+00
1.001600e+00 2.520669e+00
1.001800e+00 2.509528e+00
1.002000e+00 2.498542e+00
1.002200e+00 2.487709e+00
1.002400e+00 2.477026e+00
1.002600e+00 2.466492e+00
1.002800e+00 2.456106e+00
1.003000e+00 2.445864e+00
1.003200e+00 2.435765e+00
1.003400e+00 2.425807e+00
1.003600e+00 2.415987e+00
1.003800e+00 2.406304e+00
1.004000e+00 2.396756e+00
1.004200e+00 2.387339e+00
1.004400e+00 2.378053e+00
1.004600e+00 2.368894e+00
1.004800e+00 2.359862e+00
1.005000e+00 2.350953e+00
1.005200e+00 2.342165e+00
1.005400e+00 2.333497e+00
1.005600e+00 2.324947e+00
1.005800e+00 2.316513e+00
1.006000e+00 2.308192e+00
1.006200e+00 2.299984e+00
1.006400e+00 2.291886e+00
1.006600e+00 2.283897e+00
1.006800e+00 2.276015e+00
1.007000e+00 2.268238e+00
1.007200e+00 2.260566e+00
1.007400e+00 2.252996e+00
1.007600e+00 2.245528e+00
1.007800e+00 2.238160e+00
1.008000e+00 2.230892e+00
1.008200e+00 2.223722e+00
1.008400e+00 2.216648e+00
1.008600e+00 2.209672e+00
1.008800e+00 2.202791e+00
1.009000e+00 2.196005e+00
1.009200e+00 2.189313e+00
1.009400e+00 2.182715e+00
1.009600e+00 2.176211e+00
1.009800e+00 2.169801e+00
1.010000e+00 2.163483e+00
1.010200e+00 2.157259e+00
1.010400e+00 2.151128e+00
1.010600e+00 2.145091e+00
1.010800e+00 2.139148e+00
1.011000e+00 2.133299e+00
1.011200e+00 2.127545e+00
1.011400e+00 2.121887e+00
1.011600e+00 2.116325e+00
1.011800e+00 2.110861e+00
1.012000e+00 2.105495e+00
1.012200e+00 2.100230e+00
1.012400e+00 2.095066e+00
1.012600e+00 2.090006e+00
1.012800e+00 2.085051e+00
1.013000e+00 2.080204e+00
1.013200e+00 2.075466e+00
1.013400e+00 2.070840e+00
1.013600e+00 2.066329e+00
1.013800e+00 2.061937e+00
1.014000e+00 2.057666e+00
1.014200e+00 2.053520e+00
1.014400e+00 2.049503e+00
1.014600e+00 2.045619e+00
1.014800e+00 2.041874e+00
1.015000e+00 2.038271e+00
1.015200e+00 2.034817e+00
1.015400e+00 2.031518e+00
1.015600e+00 2.028380e+00
1.015800e+00 2.025410e+00
1.016000e+00 2.022616e+00
1.016200e+00 2.020006e+00
1.016400e+00 2.017590e+00
1.016600e+00 2.015376e+00
1.016800e+00 2.013376e+00
1.017000e+00 2.011601e+00
1.017200e+00 2.010064e+00
1.017400e+00 2.008778e+00
1.017600e+00 2.007759e+00
1.017800e+00 2.007022e+00
1.018000e+00 2.006585e+00
1.018200e+00 2.006469e+00
1.018400e+00 2.006693e+00
1.018600e+00 2.007280e+00
1.018800e+00 2.008257e+00
1.019000e+00 2.009650e+00
1.019200e+00 2.011490e+00
1.019400e+00 2.013810e+00
1.019600e+00 2.016645e+00
1.019800e+00 2.020035e+00
1.020000e+00 2.024025e+00
1.020200e+00 2.028660e+00
1.020400e+00 2.033994e+00
1.020600e+00 2.040084e+00
1.020800e+00 2.046992e+00
1.021000e+00 2.054787e+00
1.021200e+00 2.063545e+00
1.021400e+00 2.073346e+00
1.021600e+00 2.084282e+00
1.021800e+00 2.096450e+00
1.022000e+00 2.109956e+00
1.022200e+00 2.124916e+00
1.022400e+00 2.141454e+00
1.022600e+00 2.159703e+00
1.022800e+00 2.179805e+00
1.023000e+00 2.201911e+00
1.023200e+00 2.226179e+00
1.023400e+00 2.252771e+00
1.023600e+00 2.281852e+00
1.023800e+00 2.313584e+00
1.024000e+00 2.348123e+00
1.024200e+00 2.385610e+00
1.024400e+00 2.426161e+00
1.024600e+00 2.469858e+00
1.024800e+00 2.516734e+00
1.025000e+00 2.566755e+00
1.025200e+00 2.619804e+00
1.025400e+00 2.675663e+00
1.025600e+00 2.733992e+00
1.025800e+00 2.794314e+00
1.026000e+00 2.856002e+00
1.026200e+00 2.918281e+00
1.026400e+00 2.980232e+00
1.026600e+00 3.040816e+00
1.026800e+00 3.098912e+00
1.027000e+00 3.153371e+00
1.027200e+00 3.203079e+00
1.027400e+00 3.247025e+00
1.027600e+00 3.284369e+00
1.027800e+00 3.314500e+00
1.028000e+00 3.337068e+00
1.028200e+00 3.352003e+00
1.028400e+00 3.359501e+00
1.028600e+00 3.359998e+00
1.028800e+00 3.354118e+00
1.029000e+00 3.342621e+00
1.029200e+00 3.326344e+00
1.029400e+00 3.306151e+00
1.029600e+00 3.282888e+00
1.029800e+00 3.257349e+00
1.030000e+00 3.230254e+00
1.030200e+00 3.202237e+00
1.030400e+00 3.173837e+00
1.030600e+00 3.145505e+00
1.030800e+00 3.117602e+00
1.031000e+00 3.090413e+00
1.031200e+00 3.064152e+00
1.031400e+00 3.038972e+00
1.031600e+00 3.014975e+00
1.031800e+00 2.992221e+00
1.032000e+00 2.970732e+00
1.032200e+00 2.950503e+00
1.032400e+00 2.931505e+00
1.032600e+00 2.913688e+00
1.032800e+00 2.896991e+00
1.033000e+00 2.881337e+00
1.033200e+00 2.866642e+00
1.033400e+00 2.852816e+00
1.033600e+00 2.839762e+00
1.033800e+00 2.827380e+00
1.034000e+00 2.815567e+00
1.034200e+00 2.804219e+00
1.034400e+00 2.793233e+00
1.034600e+00 2.782503e+00
1.034800e+00 2.771928e+00
1.035000e+00 2.761405e+00
1.035200e+00 2.750838e+00
1.035400e+00 2.740130e+00
1.035600e+00 2.729191e+00
1.035800e+00 2.717935e+00
1.036000e+00 2.706281e+00
1.036200e+00 2.694154e+00
1.036400e+00 2.681486e+00
1.036600e+00 2.668217e+00
1.036800e+00 2.654293e+00
1.037000e+00 2.639670e+00
1.037200e+00 2.624311e+00
1.037400e+00 2.608187e+00
1.037600e+00 2.591282e+00
1.037800e+00 2.573583e+00
1.038000e+00 2.555091e+00
1.038200e+00 2.535812e+00
1.038400e+00 2.515762e+00
1.038600e+00 2.494964e+00
1.038800e+00 2.473449e+00
1.039000e+00 2.451253e+00
1.039200e+00 2.428420e+00
1.039400e+00 2.404997e+00
1.039600e+00 2.381037e+00
1.039800e+00 2.356596e+00
1.040000e+00 2.331733e+00
1.040200e+00 2.306508e+00
1.040400e+00 2.280983e+00
1.040600e+00 2.255220e+00
1.040800e+00 2.229282e+00
1.041000e+00 2.203229e+00
1.041200e+00 2.177121e+00
1.041400e+00 2.151016e+00
1.041600e+00 2.124970e+00
1.041800e+00 2.099035e+00
1.042000e+00 2.073260e+00
1.042200e+00 2.047693e+00
1.042400e+00 2.022377e+00
1.042600e+00 1.997352e+00
1.042800e+00 1.972654e+00
1.043000e+00 1.948317e+00
1.043200e+00 1.924370e+00
1.043400e+00 1.900839e+00
1.043600e+00 1.877747e+00
1.043800e+00 1.855115e+00
1.044000e+00 1.832959e+00
1.044200e+00 1.811295e+00
1.044400e+00 1.790132e+00
1.044600e+00 1.769482e+00
1.044800e+00 1.749351e+00
1.045000e+00 1.729743e+00
1.045200e+00 1.710663e+00
1.045400e+00 1.692110e+00
1.045600e+00 1.674086e+00
1.045800e+00 1.656588e+00
1.046000e+00 1.639614e+00
1.046200e+00 1.623159e+00
1.046400e+00 1.607219e+00
1.046600e+00 1.591788e+00
1.046800e+00 1.576858e+00
1.047000e+00 1.562424e+00
1.047200e+00 1.548477e+00
1.047400e+00 1.535009e+00
1.047600e+00 1.522011e+00
1.047800e+00 1.509475e+00
1.048000e+00 1.497392e+00
1.048200e+00 1.485752e+00
1.048400e+00 1.474547e+00
1.048600e+00 1.463766e+00
1.048800e+00 1.453400e+00
1.049000e+00 1.443441e+00
1.049200e+00 1.433877e+00
1.049400e+00 1.424702e+00
1.049600e+00 1.415904e+00
1.049800e+00 1.407476e+00
1.050000e+00 1.399408e+00
1.050200e+00 1.391692e+00
1.050400e+00 1.384319e+00
1.050600e+00 1.377281e+00
1.050800e+00 1.370569e+00
1.051000e+00 1.364177e+00
1.051200e+00 1.358095e+00
1.051400e+00 1.352317e+00
1.051600e+00 1.346835e+00
1.051800e+00 1.341642e+00
1.052000e+00 1.336732e+00
1.052200e+00 1.332097e+00
1.052400e+00 1.327732e+00
1.052600e+00 1.323630e+00
1.052800e+00 1.319784e+00
1.053000e+00 1.316190e+00
1.053200e+00 1.312842e+00
1.053400e+00 1.309734e+00
1.053600e+00 1.306862e+00
1.053800e+00 1.304219e+00
1.054000e+00 1.301802e+00
1.054200e+00 1.299606e+00
1.054400e+00 1.297626e+00
1.054600e+00 1.295858e+00
1.054800e+00 1.294299e+00
1.055000e+00 1.292944e+00
1.055200e+00 1.291789e+00
1.055400e+00 1.290831e+00
1.055600e+00 1.290067e+00
1.055800e+00 1.289493e+00
1.056000e+00 1.289107e+00
1.056200e+00 1.288905e+00
1.056400e+00 1.288884e+00
1.056600e+00 1.289042e+00
1.056800e+00 1.289376e+00
1.057000e+00 1.289885e+00
1.057200e+00 1.290565e+00
1.057400e+00 1.291414e+00
1.057600e+00 1.292431e+00
1.057800e+00 1.293613e+00
1.058000e+00 1.294959e+00
1.058200e+00 1.296467e+00
1.058400e+00 1.298136e+00
1.058600e+00 1.299963e+00
1.058800e+00 1.301948e+00
1.059000e+00 1.304089e+00
1.059200e+00 1.306385e+00
1.059400e+00 1.308835e+00
1.059600e+00 1.311438e+00
1.059800e+00 1.314193e+00
1.060000e+00 1.317099e+00
1.060200e+00 1.320155e+00
1.060400e+00 1.323361e+00
1.060600e+00 1.326716e+00
1.060800e+00 1.330220e+00
1.061000e+00 1.333871e+00
1.061200e+00 1.337671e+00
1.061400e+00 1.341617e+00
1.061600e+00 1.345711e+00
1.061800e+00 1.349952e+00
1.062000e+00 1.354340e+00
1.062200e+00 1.358874e+00
1.062400e+00 1.363555e+00
1.062600e+00 1.368383e+00
1.062800e+00 1.373358e+00
1.063000e+00 1.378479e+00
1.063200e+00 1.383749e+00
1.063400e+00 1.389165e+00
1.063600e+00 1.394730e+00
1.063800e+00 1.400442e+00
1.064000e+00 1.406303e+00
1.064200e+00 1.412313e+00
1.064400e+00 1.418473e+00
1.064600e+00 1.424783e+00
1.064800e+00 1.431243e+00
1.065000e+00 1.437854e+00
1.065200e+00 1.444617e+00
1.065400e+00 1.451532e+00
1.065600e+00 1.458600e+00
1.065800e+00 1.465822e+00
1.066000e+00 1.473198e+00
1.066200e+00 1.480729e+00
1.066400e+00 1.488415e+00
1.066600e+00 1.496258e+00
1.066800e+00 1.504258e+00
1.067000e+00 1.512416e+00
1.067200e+00 1.520733e+00
1.067400e+00 1.529208e+00
1.067600e+00 1.537844e+00
1.067800e+00 1.546640e+00
1.068000e+00 1.555597e+00
1.068200e+00 1.564716e+00
1.068400e+00 1.573997e+00
1.068600e+00 1.583442e+00
1.068800e+00 1.593049e+00
1.069000e+00 1.602821e+00
1.069200e+00 1.612756e+00
1.069400e+00 1.622856e+00
1.069600e+00 1.633121e+00
1.069800e+00 1.643550e+00
1.070000e+00 1.654145e+00
1.070200e+00 1.664904e+00
1.070400e+00 1.675828e+00
1.070600e+00 1.686916e+00
1.070800e+00 1.698168e+00
1.071000e+00 1.709584e+00
1.071200e+00 1.721162e+00
1.071400e+00 1.732902e+00
1.071600e+00 1.744803e+00
1.071800e+00 1.756864e+00
1.072000e+00 1.769082e+00
1.072200e+00 1.781457e+00
1.072400e+00 1.793987e+00
1.072600e+00 1.806669e+00
1.072800e+00 1.819501e+00
1.073000e+00 1.832481e+00
1.073200e+00 1.845605e+00
1.073400e+00 1.858871e+00
1.073600e+00 1.872274e+00
1.073800e+00 1.885810e+00
1.074000e+00 1.899476e+00
1.074200e+00 1.913267e+00
1.074400e+00 1.927178e+00
1.074600e+00 1.941202e+00
1.074800e+00 1.955335e+00
1.075000e+00 1.969570e+00
1.075200e+00 1.983900e+00
1.075400e+00 1.998318e+00
1.075600e+00 2.012815e+00
1.075800e+00 2.027384e+00
1.076000e+00 2.042015e+00
1.076200e+00 2.056699e+00
1.076400e+00 2.071426e+00
1.076600e+00 2.086185e+00
1.076800e+00 2.100964e+00
1.077000e+00 2.115752e+00
1.077200e+00 2.130536e+00
1.077400e+00 2.145303e+00
1.077600e+00 2.160039e+00
1.077800e+00 2.174728e+00
1.078000e+00 2.189356e+00
1.078200e+00 2.203907e+00
1.078400e+00 2.218364e+00
1.078600e+00 2.232709e+00
1.078800e+00 2.246925e+00
1.079000e+00 2.260993e+00
1.079200e+00 2.274893e+00
1.079400e+00 2.288605e+00
1.079600e+00 2.302109e+00
1.079800e+00 2.315385e+00
1.080000e+00 2.328409e+00
1.080200e+00 2.341161e+00
1.080400e+00 2.353618e+00
1.080600e+00 2.365756e+00
1.080800e+00 2.377554e+00
1.081000e+00 2.388988e+00
1.081200e+00 2.400034e+00
1.081400e+00 2.410670e+00
1.081600e+00 2.420872e+00
1.081800e+00 2.430617e+00
1.082000e+00 2.439882e+00
1.082200e+00 2.448645e+00
1.082400e+00 2.456886e+00
1.082600e+00 2.464581e+00
1.082800e+00 2.471713e+00
1.083000e+00 2.478261e+00
1.083200e+00 2.484207e+00
1.083400e+00 2.489535e+00
1.083600e+00 2.494229e+00
1.083800e+00 2.498276e+00
1.084000e+00 2.501664e+00
1.084200e+00 2.504382e+00
1.084400e+00 2.506423e+00
1.084600e+00 2.507779e+00
1.084800e+00 2.508447e+00
1.085000e+00 2.508426e+00
1.085200e+00 2.507716e+00
1.085400e+00 2.506319e+00
1.085600e+00 2.504241e+00
1.085800e+00 2.501491e+00
1.086000e+00 2.498079e+00
1.086200e+00 2.494017e+00
1.086400e+00 2.489321e+00
1.086600e+00 2.484008e+00
1.086800e+00 2.478100e+00
1.087000e+00 2.471617e+00
1.087200e+00 2.464585e+00
1.087400e+00 2.457030e+00
1.087600e+00 2.448980e+00
1.087800e+00 2.440466e+00
1.088000e+00 2.431518e+00
1.088200e+00 2.422171e+00
1.088400e+00 2.412457e+00
1.088600e+00 2.402412e+00
1.088800e+00 2.392071e+00
1.089000e+00 2.381472e+00
1.089200e+00 2.370650e+00
1.089400e+00 2.359643e+00
1.089600e+00 2.348489e+00
1.089800e+00 2.337222e+00
1.090000e+00 2.325881e+00
1.090200e+00 2.314501e+00
1.090400e+00 2.303117e+00
1.090600e+00 2.291764e+00
1.090800e+00 2.280475e+00
1.091000e+00 2.269283e+00
1.091200e+00 2.258220e+00
1.091400e+00 2.247315e+00
1.091600e+00 2.236598e+00
1.091800e+00 2.226097e+00
1.092000e+00 2.215838e+00
1.092200e+00 2.205846e+00
1.092400e+00 2.196144e+00
1.092600e+00 2.186755e+00
1.092800e+00 2.177701e+00
1.093000e+00 2.168999e+00
1.093200e+00 2.160670e+00
1.093400e+00 2.152730e+00
1.093600e+00 2.145194e+00
1.093800e+00 2.138078e+00
1.094000e+00 2.131395e+00
1.094200e+00 2.125158e+00
1.094400e+00 2.119377e+00
1.094600e+00 2.114063e+00
1.094800e+00 2.109227e+00
1.095000e+00 2.104876e+00
1.095200e+00 2.101020e+00
1.095400e+00 2.097665e+00
1.095600e+00 2.094818e+00
1.095800e+00 2.092485e+00
1.096000e+00 2.090672e+00
1.096200e+00 2.089385e+00
1.096400e+00 2.088628e+00
1.096600e+00 2.088406e+00
1.096800e+00 2.088723e+00
1.097000e+00 2.089583e+00
1.097200e+00 2.090990e+00
1.097400e+00 2.092948e+00
1.097600e+00 2.095460e+00
1.097800e+00 2.098531e+00
1.098000e+00 2.102163e+00
1.098200e+00 2.106361e+00
1.098400e+00 2.111127e+00
1.098600e+00 2.116466e+00
1.098800e+00 2.122381e+00
1.099000e+00 2.128876e+00
1.099200e+00 2.135955e+00
1.099400e+00 2.143622e+00
1.099600e+00 2.151881e+00
1.099800e+00 2.160737e+00
1.100000e+00 2.170193e+00
1.100200e+00 2.180254e+00
1.100400e+00 2.190926e+00
1.100600e+00 2.202211e+00
1.100800e+00 2.214116e+00
1.101000e+00 2.226644e+00
1.101200e+00 2.239801e+00
1.101400e+00 2.253590e+00
1.101600e+00 2.268017e+00
1.101800e+00 2.283084e+00
1.102000e+00 2.298797e+00
1.102200e+00 2.315159e+00
1.102400e+00 2.332173e+00
1.102600e+00 2.349840e+00
1.102800e+00 2.368164e+00
1.103000e+00 2.387144e+00
1.103200e+00 2.406781e+00
1.103400e+00 2.427073e+00
1.103600e+00 2.448018e+00
1.103800e+00 2.469611e+00
1.104000e+00 2.491846e+00
1.104200e+00 2.514715e+00
1.104400e+00 2.538208e+00
1.104600e+00 2.562311e+00
1.104800e+00 2.587008e+00
1.105000e+00 2.612281e+00
1.105200e+00 2.638106e+00
1.105400e+00 2.664457e+00
1.105600e+00 2.691302e+00
1.105800e+00 2.718607e+00
1.106000e+00 2.746331e+00
1.106200e+00 2.774428e+00
1.106400e+00 2.802847e+00
1.106600e+00 2.831530e+00
1.106800e+00 2.860415e+00
1.107000e+00 2.889432e+00
1.107200e+00 2.918504e+00
1.107400e+00 2.947550e+00
1.107600e+00 2.976481e+00
1.107800e+00 3.005202e+00
1.108000e+00 3.033613e+00
1.108200e+00 3.061608e+00
1.108400e+00 3.089078e+00
1.108600e+00 3.115909e+00
1.108800e+00 3.141984e+00
1.109000e+00 3.167186e+00
1.109200e+00 3.191398e+00
1.109400e+00 3.214504e+00
1.109600e+00 3.236391e+00
1.109800e+00 3.256951e+00
1.110000e+00 3.276083e+00
1.110200e+00 3.293695e+00
1.110400e+00 3.309706e+00
1.110600e+00 3.324045e+00
1.110800e+00 3.336657e+00
1.111000e+00 3.347499e+00
1.111200e+00 3.356546e+00
1.111400e+00 3.363790e+00
1.111600e+00 3.369237e+00
1.111800e+00 3.372912e+00
1.112000e+00 3.374856e+00
1.112200e+00 3.375126e+00
1.112400e+00 3.373792e+00
1.112600e+00 3.370939e+00
1.112800e+00 3.366663e+00
1.113000e+00 3.361069e+00
1.113200e+00 3.354270e+00
1.113400e+00 3.346386e+00
1.113600e+00 3.337540e+00
1.113800e+00 3.327857e+00
1.114000e+00 3.317463e+00
1.114200e+00 3.306479e+00
1.114400e+00 3.295027e+00
1.114600e+00 3.283223e+00
1.114800e+00 3.271177e+00
1.115000e+00 3.258992e+00
1.115200e+00 3.246766e+00
1.115400e+00 3.234587e+00
1.115600e+00 3.222537e+00
1.115800e+00 3.210688e+00
1.116000e+00 3.199105e+00
1.116200e+00 3.187846e+00
1.116400e+00 3.176961e+00
1.116600e+00 3.166490e+00
1.116800e+00 3.156470e+00
1.117000e+00 3.146930e+00
1.117200e+00 3.137892e+00
1.117400e+00 3.129373e+00
1.117600e+00 3.121385e+00
1.117800e+00 3.113938e+00
1.118000e+00 3.107033e+00
1.118200e+00 3.100673e+00
1.118400e+00 3.094853e+00
1.118600e+00 3.089568e+00
1.118800e+00 3.084811e+00
1.119000e+00 3.080571e+00
1.119200e+00 3.076838e+00
1.119400e+00 3.073599e+00
1.119600e+00 3.070840e+00
1.119800e+00 3.068546e+00
1.120000e+00 3.066705e+00
1.120200e+00 3.065299e+00
1.120400e+00 3.064314e+00
1.120600e+00 3.063735e+00
1.120800e+00 3.063546e+00
1.121000e+00 3.063734e+00
1.121200e+00 3.064283e+00
1.121400e+00 3.065180e+00
1.121600e+00 3.066412e+00
1.121800e+00 3.067967e+00
1.122000e+00 3.069832e+00
1.122200e+00 3.071996e+00
1.122400e+00 3.074450e+00
1.122600e+00 3.077184e+00
1.122800e+00 3.080190e+00
1.123000e+00 3.083459e+00
1.123200e+00 3.086985e+00
1.123400e+00 3.090763e+00
1.123600e+00 3.094786e+00
1.123800e+00 3.099052e+00
1.124000e+00 3.103556e+00
1.124200e+00 3.108296e+00
1.124400e+00 3.113271e+00
1.124600e+00 3.118479e+00
1.124800e+00 3.123921e+00
1.125000e+00 3.129597e+00
1.125200e+00 3.135508e+00
1.125400e+00 3.141657e+00
1.125600e+00 3.148046e+00
1.125800e+00 3.154678e+00
1.126000e+00 3.161557e+00
1.126200e+00 3.168687e+00
1.126400e+00 3.176072e+00
1.126600e+00 3.183718e+00
1.126800e+00 3.191628e+00
1.127000e+00 3.199808e+00
1.127200e+00 3.208263e+00
1.127400e+00 3.216998e+00
1.127600e+00 3.226019e+00
1.127800e+00 3.235328e+00
1.128000e+00 3.244932e+00
1.128200e+00 3.254832e+00
1.128400e+00 3.265032e+00
1.128600e+00 3.275533e+00
1.128800e+00 3.286337e+00
1.129000e+00 3.297442e+00
1.129200e+00 3.308847e+00
1.129400e+00 3.320548e+00
1.129600e+00 3.332539e+00
1.129800e+00 3.344813e+00
1.130000e+00 3.357358e+00
1.130200e+00 3.370161e+00
1.130400e+00 3.383207e+00
1.130600e+00 3.396476e+00
1.130800e+00 3.409945e+00
1.131000e+00 3.423587e+00
1.131200e+00 3.437371e+00
1.131400e+00 3.451262e+00
1.131600e+00 3.465221e+00
1.131800e+00 3.479202e+00
1.132000e+00 3.493156e+00
1.132200e+00 3.507030e+00
1.132400e+00 3.520764e+00
1.132600e+00 3.534295e+00
1.132800e+00 3.547555e+00
1.133000e+00 3.560471e+00
1.133200e+00 3.572968e+00
1.133400e+00 3.584966e+00
1.133600e+00 3.596386e+00
1.133800e+00 3.607143e+00
1.134000e+00 3.617155e+00
1.134200e+00 3.626341e+00
1.134400e+00 3.634619e+00
1.134600e+00 3.641914e+00
1.134800e+00 3.648154e+00
1.135000e+00 3.653274e+00
1.135200e+00 3.657216e+00
1.135400e+00 3.659932e+00
1.135600e+00 3.661384e+00
1.135800e+00 3.661546e+00
1.136000e+00 3.660404e+00
1.136200e+00 3.657957e+00
1.136400e+00 3.654217e+00
1.136600e+00 3.649210e+00
1.136800e+00 3.642975e+00
1.137000e+00 3.635562e+00
1.137200e+00 3.627035e+00
1.137400e+00 3.617468e+00
1.137600e+00 3.606941e+00
1.137800e+00 3.595547e+00
1.138000e+00 3.583379e+00
1.138200e+00 3.570540e+00
1.138400e+00 3.557131e+00
1.138600e+00 3.543257e+00
1.138800e+00 3.529020e+00
1.139000e+00 3.514521e+00
1.139200e+00 3.499859e+00
1.139400e+00 3.485124e+00
1.139600e+00 3.470406e+00
1.139800e+00 3.455785e+00
1.140000e+00 3.441336e+00
1.140200e+00 3.427125e+00
1.140400e+00 3.413212e+00
1.140600e+00 3.399648e+00
1.140800e+00 3.386479e+00
1.141000e+00 3.373742e+00
1.141200e+00 3.361466e+00
1.141400e+00 3.349675e+00
1.141600e+00 3.338386e+00
1.141800e+00 3.327609e+00
1.142000e+00 3.317350e+00
1.142200e+00 3.307609e+00
1.142400e+00 3.298381e+00
1.142600e+00 3.289658e+00
1.142800e+00 3.281427e+00
1.143000e+00 3.273672e+00
1.143200e+00 3.266375e+00
1.143400e+00 3.259514e+00
1.143600e+00 3.253066e+00
1.143800e+00 3.247006e+00
1.144000e+00 3.241306e+00
1.144200e+00 3.235940e+00
1.144400e+00 3.230877e+00
1.144600e+00 3.226089e+00
1.144800e+00 3.221545e+00
1.145000e+00 3.217216e+00
1.145200e+00 3.213071e+00
1.145400e+00 3.209081e+00
1.145600e+00 3.205217e+00
1.145800e+00 3.201449e+00
1.146000e+00 3.197751e+00
1.146200e+00 3.194094e+00
1.146400e+00 3.190453e+00
1.146600e+00 3.186804e+00
1.146800e+00 3.183122e+00
1.147000e+00 3.179385e+00
1.147200e+00 3.175573e+00
1.147400e+00 3.171666e+00
1.147600e+00 3.167646e+00
1.147800e+00 3.163498e+00
1.148000e+00 3.159207e+00
1.148200e+00 3.154759e+00
1.148400e+00 3.150144e+00
1.148600e+00 3.145351e+00
1.148800e+00 3.140374e+00
1.149000e+00 3.135205e+00
1.149200e+00 3.129841e+00
1.149400e+00 3.124276e+00
1.149600e+00 3.118510e+00
1.149800e+00 3.112543e+00
1.150000e+00 3.106374e+00
1.150200e+00 3.100007e+00
1.150400e+00 3.093445e+00
1.150600e+00 3.086692e+00
1.150800e+00 3.079754e+00
1.151000e+00 3.072637e+00
1.151200e+00 3.065350e+00
1.151400e+00 3.057899e+00
1.151600e+00 3.050294e+00
1.151800e+00 3.042544e+00
1.152000e+00 3.034660e+00
1.152200e+00 3.026651e+00
1.152400e+00 3.018528e+00
1.152600e+00 3.010302e+00
1.152800e+00 3.001985e+00
1.153000e+00 2.993587e+00
1.153200e+00 2.985121e+00
1.153400e+00 2.976596e+00
1.153600e+00 2.968026e+00
1.153800e+00 2.959421e+00
1.154000e+00 2.950791e+00
1.154200e+00 2.942149e+00
1.154400e+00 2.933505e+00
1.154600e+00 2.924868e+00
1.154800e+00 2.916250e+00
1.155000e+00 2.907661e+00
1.155200e+00 2.899109e+00
1.155400e+00 2.890604e+00
1.155600e+00 2.882155e+00
1.155800e+00 2.873771e+00
1.156000e+00 2.865459e+00
1.156200e+00 2.857228e+00
1.156400e+00 2.849084e+00
1.156600e+00 2.841036e+00
1.156800e+00 2.833089e+00
1.157000e+00 2.825251e+00
1.157200e+00 2.817527e+00
1.157400e+00 2.809922e+00
1.157600e+00 2.802443e+00
1.157800e+00 2.795095e+00
1.158000e+00 2.787881e+00
1.158200e+00 2.780808e+00
1.158400e+00 2.773878e+00
1.158600e+00 2.767096e+00
1.158800e+00 2.760465e+00
1.159000e+00 2.753990e+00
1.159200e+00 2.747672e+00
1.159400e+00 2.741516e+00
1.159600e+00 2.735523e+00
1.159800e+00 2.729697e+00
1.160000e+00 2.724040e+00
1.160200e+00 2.718555e+00
1.160400e+00 2.713242e+00
1.160600e+00 2.708105e+00
1.160800e+00 2.703145e+00
1.161000e+00 2.698363e+00
1.161200e+00 2.693762e+00
1.161400e+00 2.689343e+00
1.161600e+00 2.685108e+00
1.161800e+00 2.681056e+00
1.162000e+00 2.677191e+00
1.162200e+00 2.673513e+00
1.162400e+00 2.670023e+00
1.162600e+00 2.666723e+00
1.162800e+00 2.663612e+00
1.163000e+00 2.660694e+00
1.163200e+00 2.657968e+00
1.163400e+00 2.655435e+00
1.163600e+00 2.653096e+00
1.163800e+00 2.650953e+00
1.164000e+00 2.649007e+00
1.164200e+00 2.647258e+00
1.164400e+00 2.645707e+00
1.164600e+00 2.644356e+00
1.164800e+00 2.643205e+00
1.165000e+00 2.642256e+00
1.165200e+00 2.641510e+00
1.165400e+00 2.640968e+00
1.165600e+00 2.640632e+00
1.165800e+00 2.640502e+00
1.166000e+00 2.640580e+00
1.166200e+00 2.640868e+00
1.166400e+00 2.641368e+00
1.166600e+00 2.642081e+00
1.166800e+00 2.643009e+00
1.167000e+00 2.644156e+00
1.167200e+00 2.645523e+00
1.167400e+00 2.647114e+00
1.167600e+00 2.648934e+00
1.167800e+00 2.650987e+00
1.168000e+00 2.653280e+00
1.168200e+00 2.655824e+00
1.168400e+00 2.658634e+00
1.168600e+00 2.661736e+00
1.168800e+00 2.665183e+00
1.169000e+00 2.669122e+00
1.169200e+00 2.672770e+00
1.169400e+00 2.672694e+00
1.169600e+00 2.674107e+00
1.169800e+00 2.676084e+00
1.170000e+00 2.678450e+00
1.170200e+00 2.681134e+00
1.170400e+00 2.684099e+00
1.170600e+00 2.687320e+00
1.170800e+00 2.690783e+00
1.171000e+00 2.694474e+00
1.171200e+00 2.698386e+00
1.171400e+00 2.702511e+00
1.171600e+00 2.706840e+00
1.171800e+00 2.711368e+00
1.172000e+00 2.716088e+00
1.172200e+00 2.720993e+00
1.172400e+00 2.726077e+00
1.172600e+00 2.731332e+00
1.172800e+00 2.736751e+00
1.173000e+00 2.742325e+00
1.173200e+00 2.748046e+00
1.173400e+00 2.753903e+00
1.173600e+00 2.759886e+00
1.173800e+00 2.765984e+00
1.174000e+00 2.772185e+00
1.174200e+00 2.778475e+00
1.174400e+00 2.784840e+00
1.174600e+00 2.791265e+00
1.174800e+00 2.797735e+00
1.175000e+00 2.804231e+00
1.175200e+00 2.810736e+00
1.175400e+00 2.817232e+00
1.175600e+00 2.823697e+00
1.175800e+00 2.830111e+00
1.176000e+00 2.836453e+00
1.176200e+00 2.842700e+00
1.176400e+00 2.848829e+00
1.176600e+00 2.854817e+00
1.176800e+00 2.860639e+00
1.177000e+00 2.866272e+00
1.177200e+00 2.871691e+00
1.177400e+00 2.876871e+00
1.177600e+00 2.881789e+00
1.177800e+00 2.886420e+00
1.178000e+00 2.890740e+00
1.178200e+00 2.894728e+00
1.178400e+00 2.898359e+00
1.178600e+00 2.901614e+00
1.178800e+00 2.904472e+00
1.179000e+00 2.906914e+00
1.179200e+00 2.908922e+00
1.179400e+00 2.910482e+00
1.179600e+00 2.911577e+00
1.179800e+00 2.912196e+00
1.180000e+00 2.912327e+00
1.180200e+00 2.911962e+00
1.180400e+00 2.911094e+00
1.180600e+00 2.909717e+00
1.180800e+00 2.907828e+00
1.181000e+00 2.905425e+00
1.181200e+00 2.902511e+00
1.181400e+00 2.899086e+00
1.181600e+00 2.895155e+00
1.181800e+00 2.890725e+00
1.182000e+00 2.885803e+00
1.182200e+00 2.880398e+00
1.182400e+00 2.874522e+00
1.182600e+00 2.868186e+00
1.182800e+00 2.861403e+00
1.183000e+00 2.854188e+00
1.183200e+00 2.846557e+00
1.183400e+00 2.838526e+00
1.183600e+00 2.830112e+00
1.183800e+00 2.821333e+00
1.184000e+00 2.812207e+00
1.184200e+00 2.802753e+00
1.184400e+00 2.792990e+00
1.184600e+00 2.782936e+00
1.184800e+00 2.772612e+00
1.185000e+00 2.762037e+00
1.185200e+00 2.751230e+00
1.185400e+00 2.740210e+00
1.185600e+00 2.728995e+00
1.185800e+00 2.717606e+00
1.186000e+00 2.706060e+00
1.186200e+00 2.694375e+00
1.186400e+00 2.682569e+00
1.186600e+00 2.670658e+00
1.186800e+00 2.658661e+00
1.187000e+00 2.646592e+00
1.187200e+00 2.634468e+00
1.187400e+00 2.622304e+00
1.187600e+00 2.610115e+00
1.187800e+00 2.597914e+00
1.188000e+00 2.585715e+00
1.188200e+00 2.573531e+00
1.188400e+00 2.561375e+00
1.188600e+00 2.549259e+00
1.188800e+00 2.537193e+00
1.189000e+00 2.525189e+00
1.189200e+00 2.513258e+00
1.189400e+00 2.501408e+00
1.189600e+00 2.489650e+00
1.189800e+00 2.477993e+00
1.190000e+00 2.466443e+00
1.190200e+00 2.455011e+00
1.190400e+00 2.443703e+00
1.190600e+00 2.432526e+00
1.190800e+00 2.421487e+00
1.191000e+00 2.410593e+00
1.191200e+00 2.399849e+00
1.191400e+00 2.389261e+00
1.191600e+00 2.378834e+00
1.191800e+00 2.368573e+00
1.192000e+00 2.358483e+00
1.192200e+00 2.348569e+00
1.192400e+00 2.338833e+00
1.192600e+00 2.329281e+00
1.192800e+00 2.319915e+00
1.193000e+00 2.310739e+00
1.193200e+00 2.301756e+00
1.193400e+00 2.292970e+00
1.193600e+00 2.284381e+00
1.193800e+00 2.275994e+00
1.194000e+00 2.267810e+00
1.194200e+00 2.259832e+00
1.194400e+00 2.252062e+00
1.194600e+00 2.244501e+00
1.194800e+00 2.237151e+00
1.195000e+00 2.230014e+00
1.195200e+00 2.223092e+00
1.195400e+00 2.216386e+00
1.195600e+00 2.209896e+00
1.195800e+00 2.203625e+00
1.196000e+00 2.197574e+00
1.196200e+00 2.191743e+00
1.196400e+00 2.186133e+00
1.196600e+00 2.180746e+00
1.196800e+00 2.175582e+00
1.197000e+00 2.170643e+00
1.197200e+00 2.165928e+00
1.197400e+00 2.161439e+00
1.197600e+00 2.157177e+00
1.197800e+00 2.153141e+00
1.198000e+00 2.149333e+00
1.198200e+00 2.145753e+00
1.198400e+00 2.142402e+00
1.198600e+00 2.139281e+00
1.198800e+00 2.136389e+00
1.199000e+00 2.133728e+00
1.199200e+00 2.131298e+00
1.199400e+00 2.129099e+00
1.199600e+00 2.127132e+00
1.199800e+00 2.125397e+00
1.200000e+00 2.123896e+00
1.200200e+00 2.122627e+00
1.200400e+00 2.121592e+00
1.200600e+00 2.120791e+00
1.200800e+00 2.120224e+00
1.201000e+00 2.119893e+00
1.201200e+00 2.119796e+00
1.201400e+00 2.119935e+00
1.201600e+00 2.120310e+00
1.201800e+00 2.120921e+00
1.202000e+00 2.121768e+00
1.202200e+00 2.122852e+00
1.202400e+00 2.124174e+00
1.202600e+00 2.125732e+00
1.202800e+00 2.127528e+00
1.203000e+00 2.129562e+00
1.203200e+00 2.131833e+00
1.203400e+00 2.134342e+00
1.203600e+00 2.137090e+00
1.203800e+00 2.140076e+00
1.204000e+00 2.143299e+00
1.204200e+00 2.146761e+00
1.204400e+00 2.150462e+00
1.204600e+00 2.154400e+00
1.204800e+00 2.158577e+00
1.205000e+00 2.162991e+00
1.205200e+00 2.167643e+00
1.205400e+00 2.172533e+00
1.205600e+00 2.177660e+00
1.205800e+00 2.183025e+00
1.206000e+00 2.188626e+00
1.206200e+00 2.194463e+00
1.206400e+00 2.200537e+00
1.206600e+00 2.206845e+00
1.206800e+00 2.213389e+00
1.207000e+00 2.220168e+00
1.207200e+00 2.227180e+00
1.207400e+00 2.234426e+00
1.207600e+00 2.241904e+00
1.207800e+00 2.249614e+00
1.208000e+00 2.257555e+00
1.208200e+00 2.265727e+00
1.208400e+00 2.274128e+00
1.208600e+00 2.282757e+00
1.208800e+00 2.291613e+00
1.209000e+00 2.300696e+00
1.209200e+00 2.310003e+00
1.209400e+00 2.319535e+00
1.209600e+00 2.329289e+00
1.209800e+00 2.339264e+00
1.210000e+00 2.349459e+00
1.210200e+00 2.359873e+00
1.210400e+00 2.370502e+00
1.210600e+00 2.381347e+00
1.210800e+00 2.392404e+00
1.211000e+00 2.403672e+00
1.211200e+00 2.415150e+00
1.211400e+00 2.426833e+00
1.211600e+00 2.438721e+00
1.211800e+00 2.450811e+00
1.212000e+00 2.463099e+00
1.212200e+00 2.475584e+00
1.212400e+00 2.488262e+00
1.212600e+00 2.501129e+00
1.212800e+00 2.514183e+00
1.213000e+00 2.527420e+00
1.213200e+00 2.540835e+00
1.213400e+00 2.554425e+00
1.213600e+00 2.568185e+00
1.213800e+00 2.582110e+00
1.214000e+00 2.596195e+00
1.214200e+00 2.610435e+00
1.214400e+00 2.624825e+00
1.214600e+00 2.639357e+00
1.214800e+00 2.654026e+00
1.215000e+00 2.668825e+00
1.215200e+00 2.683746e+00
1.215400e+00 2.698782e+00
1.215600e+00 2.713924e+00
1.215800e+00 2.729164e+00
1.216000e+00 2.744493e+00
1.216200e+00 2.759901e+00
1.216400e+00 2.775377e+00
1.216600e+00 2.790912e+00
1.216800e+00 2.806493e+00
1.217000e+00 2.822108e+00
1.217200e+00 2.837746e+00
1.217400e+00 2.853393e+00
1.217600e+00 2.869035e+00
1.217800e+00 2.884658e+00
1.218000e+00 2.900247e+00
1.218200e+00 2.915786e+00
1.218400e+00 2.931259e+00
1.218600e+00 2.946649e+00
1.218800e+00 2.961938e+00
1.219000e+00 2.977108e+00
1.219200e+00 2.992141e+00
1.219400e+00 3.007017e+00
1.219600e+00 3.021716e+00
1.219800e+00 3.036218e+00
1.220000e+00 3.050502e+00
1.220200e+00 3.064547e+00
1.220400e+00 3.078331e+00
1.220600e+00 3.091832e+00
1.220800e+00 3.105028e+00
1.221000e+00 3.117896e+00
1.221200e+00 3.130413e+00
1.221400e+00 3.142558e+00
1.221600e+00 3.154307e+00
1.221800e+00 3.165638e+00
1.222000e+00 3.176528e+00
1.222200e+00 3.186955e+00
1.222400e+00 3.196899e+00
1.222600e+00 3.206337e+00
1.222800e+00 3.215249e+00
1.223000e+00 3.223616e+00
1.223200e+00 3.231418e+00
1.223400e+00 3.238637e+00
1.223600e+00 3.245257e+00
1.223800e+00 3.251261e+00
1.224000e+00 3.256635e+00
1.224200e+00 3.261365e+00
1.224400e+00 3.265439e+00
1.224600e+00 3.268848e+00
1.224800e+00 3.271581e+00
1.225000e+00 3.273632e+00
1.225200e+00 3.274995e+00
1.225400e+00 3.275665e+00
1.225600e+00 3.275642e+00
1.225800e+00 3.274923e+00
1.226000e+00 3.273511e+00
1.226200e+00 3.271409e+00
1.226400e+00 3.268620e+00
1.226600e+00 3.265152e+00
1.226800e+00 3.261013e+00
1.227000e+00 3.256212e+00
1.227200e+00 3.250760e+00
1.227400e+00 3.244670e+00
1.227600e+00 3.237957e+00
1.227800e+00 3.230634e+00
1.228000e+00 3.222720e+00
1.228200e+00 3.214231e+00
1.228400e+00 3.205186e+00
1.228600e+00 3.195603e+00
1.228800e+00 3.185504e+00
1.229000e+00 3.174909e+00
1.229200e+00 3.163838e+00
1.229400e+00 3.152314e+00
1.229600e+00 3.140356e+00
1.229800e+00 3.127989e+00
1.230000e+00 3.115232e+00
1.230200e+00 3.102107e+00
1.230400e+00 3.088636e+00
1.230600e+00 3.074839e+00
1.230800e+00 3.060737e+00
1.231000e+00 3.046349e+00
1.231200e+00 3.031696e+00
1.231400e+00 3.016794e+00
1.231600e+00 3.001663e+00
1.231800e+00 2.986319e+00
1.232000e+00 2.970779e+00
1.232200e+00 2.955056e+00
1.232400e+00 2.939167e+00
1.232600e+00 2.923123e+00
1.232800e+00 2.906939e+00
1.233000e+00 2.890624e+00
1.233200e+00 2.874189e+00
1.233400e+00 2.857645e+00
1.233600e+00 2.841000e+00
1.233800e+00 2.824261e+00
1.234000e+00 2.807436e+00
1.234200e+00 2.790530e+00
1.234400e+00 2.773549e+00
1.234600e+00 2.756498e+00
1.234800e+00 2.739380e+00
1.235000e+00 2.722199e+00
1.235200e+00 2.704958e+00
1.235400e+00 2.687660e+00
1.235600e+00 2.670305e+00
1.235800e+00 2.652896e+00
1.236000e+00 2.635434e+00
1.236200e+00 2.617920e+00
1.236400e+00 2.600356e+00
1.236600e+00 2.582741e+00
1.236800e+00 2.565078e+00
1.237000e+00 2.547366e+00
1.237200e+00 2.529608e+00
1.237400e+00 2.511804e+00
1.237600e+00 2.493955e+00
1.237800e+00 2.476064e+00
1.238000e+00 2.458133e+00
1.238200e+00 2.440164e+00
1.238400e+00 2.422159e+00
1.238600e+00 2.404121e+00
1.238800e+00 2.386055e+00
1.239000e+00 2.367965e+00
1.239200e+00 2.349854e+00
1.239400e+00 2.331727e+00
1.239600e+00 2.313590e+00
1.239800e+00 2.295448e+00
1.240000e+00 2.277308e+00
1.240200e+00 2.259175e+00
1.240400e+00 2.241058e+00
1.240600e+00 2.222962e+00
1.240800e+00 2.204897e+00
1.241000e+00 2.186868e+00
1.241200e+00 2.168885e+00
1.241400e+00 2.150956e+00
1.241600e+00 2.133089e+00
1.241800e+00 2.115294e+00
1.242000e+00 2.097578e+00
1.242200e+00 2.079950e+00
1.242400e+00 2.062420e+00
1.242600e+00 2.044996e+00
1.242800e+00 2.027688e+00
1.243000e+00 2.010503e+00
1.243200e+00 1.993450e+00
1.243400e+00 1.976539e+00
1.243600e+00 1.959777e+00
1.243800e+00 1.943173e+00
1.244000e+00 1.926735e+00
1.244200e+00 1.910469e+00
1.244400e+00 1.894385e+00
1.244600e+00 1.878488e+00
1.244800e+00 1.862787e+00
1.245000e+00 1.847287e+00
1.245200e+00 1.831995e+00
1.245400e+00 1.816918e+00
1.245600e+00 1.802060e+00
1.245800e+00 1.787427e+00
1.246000e+00 1.773025e+00
1.246200e+00 1.758858e+00
1.246400e+00 1.744931e+00
1.246600e+00 1.731249e+00
1.246800e+00 1.717814e+00
1.247000e+00 1.704630e+00
1.247200e+00 1.691702e+00
1.247400e+00 1.679032e+00
1.247600e+00 1.666622e+00
1.247800e+00 1.654477e+00
1.248000e+00 1.642597e+00
1.248200e+00 1.630985e+00
1.248400e+00 1.619642e+00
1.248600e+00 1.608572e+00
1.248800e+00 1.597774e+00
1.249000e+00 1.587251e+00
1.249200e+00 1.577003e+00
1.249400e+00 1.567032e+00
1.249600e+00 1.557338e+00
1.249800e+00 1.547922e+00
1.250000e+00 1.538784e+00
1.250200e+00 1.529925e+00
1.250400e+00 1.521346e+00
1.250600e+00 1.513046e+00
1.250800e+00 1.505025e+00
1.251000e+00 1.497285e+00
1.251200e+00 1.489823e+00
1.251400e+00 1.482641e+00
1.251600e+00 1.475739e+00
1.251800e+00 1.469115e+00
1.252000e+00 1.462770e+00
1.252200e+00 1.456703e+00
1.252400e+00 1.450915e+00
1.252600e+00 1.445403e+00
1.252800e+00 1.440169e+00
1.253000e+00 1.435210e+00
1.253200e+00 1.430528e+00
1.253400e+00 1.426120e+00
1.253600e+00 1.421987e+00
1.253800e+00 1.418127e+00
1.254000e+00 1.414540e+00
1.254200e+00 1.411225e+00
1.254400e+00 1.408181e+00
1.254600e+00 1.405406e+00
1.254800e+00 1.402900e+00
1.255000e+00 1.400661e+00
1.255200e+00 1.398689e+00
1.255400e+00 1.396981e+00
1.255600e+00 1.395536e+00
1.255800e+00 1.394353e+00
1.256000e+00 1.393430e+00
1.256200e+00 1.392764e+00
1.256400e+00 1.392354e+00
1.256600e+00 1.392197e+00
1.256800e+00 1.392291e+00
1.257000e+00 1.392633e+00
1.257200e+00 1.393219e+00
1.257400e+00 1.394048e+00
1.257600e+00 1.395115e+00
1.257800e+00 1.396417e+00
1.258000e+00 1.397949e+00
1.258200e+00 1.399708e+00
1.258400e+00 1.401688e+00
1.258600e+00 1.403884e+00
1.258800e+00 1.406292e+00
1.259000e+00 1.408906e+00
1.259200e+00 1.411719e+00
1.259400e+00 1.414725e+00
1.259600e+00 1.417917e+00
1.259800e+00 1.421289e+00
1.260000e+00 1.424832e+00
1.260200e+00 1.428539e+00
1.260400e+00 1.432402e+00
1.260600e+00 1.436413e+00
1.260800e+00 1.440563e+00
1.261000e+00 1.444842e+00
1.261200e+00 1.449243e+00
1.261400e+00 1.453756e+00
1.261600e+00 1.458371e+00
1.261800e+00 1.463081e+00
1.262000e+00 1.467875e+00
1.262200e+00 1.472746e+00
1.262400e+00 1.477684e+00
1.262600e+00 1.482683e+00
1.262800e+00 1.487734e+00
1.263000e+00 1.492831e+00
1.263200e+00 1.497967e+00
1.263400e+00 1.503140e+00
1.263600e+00 1.508343e+00
1.263800e+00 1.513575e+00
1.264000e+00 1.518834e+00
1.264200e+00 1.524120e+00
1.264400e+00 1.529435e+00
1.264600e+00 1.534783e+00
1.264800e+00 1.540169e+00
1.265000e+00 1.545598e+00
1.265200e+00 1.551082e+00
1.265400e+00 1.556630e+00
1.265600e+00 1.562255e+00
1.265800e+00 1.567972e+00
1.266000e+00 1.573798e+00
1.266200e+00 1.579751e+00
1.266400e+00 1.585853e+00
1.266600e+00 1.592126e+00
1.266800e+00 1.598593e+00
1.267000e+00 1.605280e+00
1.267200e+00 1.612215e+00
1.267400e+00 1.619424e+00
1.267600e+00 1.626937e+00
1.267800e+00 1.634784e+00
1.268000e+00 1.642995e+00
1.268200e+00 1.651601e+00
1.268400e+00 1.660633e+00
1.268600e+00 1.670122e+00
1.268800e+00 1.680099e+00
1.269000e+00 1.690592e+00
1.269200e+00 1.701633e+00
1.269400e+00 1.713249e+00
1.269600e+00 1.725468e+00
1.269800e+00 1.738315e+00
1.270000e+00 1.751815e+00
1.270200e+00 1.765991e+00
1.270400e+00 1.780863e+00
1.270600e+00 1.796449e+00
1.270800e+00 1.812767e+00
1.271000e+00 1.829830e+00
1.271200e+00 1.847649e+00
1.271400e+00 1.866233e+00
1.271600e+00 1.885586e+00
1.271800e+00 1.905713e+00
1.272000e+00 1.926610e+00
1.272200e+00 1.948275e+00
1.272400e+00 1.970698e+00
1.272600e+00 1.993869e+00
1.272800e+00 2.017770e+00
1.273000e+00 2.042381e+00
1.273200e+00 2.067679e+00
1.273400e+00 2.093635e+00
1.273600e+00 2.120214e+00
1.273800e+00 2.147379e+00
1.274000e+00 2.175086e+00
1.274200e+00 2.203289e+00
1.274400e+00 2.231933e+00
1.274600e+00 2.260962e+00
1.274800e+00 2.290312e+00
1.275000e+00 2.319917e+00
1.275200e+00 2.349705e+00
1.275400e+00 2.379598e+00
1.275600e+00 2.409516e+00
1.275800e+00 2.439375e+00
1.276000e+00 2.469087e+00
1.276200e+00 2.498560e+00
1.276400e+00 2.527701e+00
1.276600e+00 2.556415e+00
1.276800e+00 2.584604e+00
1.277000e+00 2.612173e+00
1.277200e+00 2.639024e+00
1.277400e+00 2.665062e+00
1.277600e+00 2.690194e+00
1.277800e+00 2.714328e+00
1.278000e+00 2.737378e+00
1.278200e+00 2.759262e+00
1.278400e+00 2.779904e+00
1.278600e+00 2.799234e+00
1.278800e+00 2.817188e+00
1.279000e+00 2.833712e+00
1.279200e+00 2.848758e+00
1.279400e+00 2.862289e+00
1.279600e+00 2.874277e+00
1.279800e+00 2.884701e+00
1.280000e+00 2.893551e+00
1.280200e+00 2.900829e+00
1.280400e+00 2.906543e+00
1.280600e+00 2.910710e+00
1.280800e+00 2.913359e+00
1.281000e+00 2.914524e+00
1.281200e+00 2.914248e+00
1.281400e+00 2.912580e+00
1.281600e+00 2.909578e+00
1.281800e+00 2.905302e+00
1.282000e+00 2.899818e+00
1.282200e+00 2.893196e+00
1.282400e+00 2.885510e+00
1.282600e+00 2.876834e+00
1.282800e+00 2.867246e+00
1.283000e+00 2.856822e+00
1.283200e+00 2.845640e+00
1.283400e+00 2.833777e+00
1.283600e+00 2.821308e+00
1.283800e+00 2.808307e+00
1.284000e+00 2.794846e+00
1.284200e+00 2.780993e+00
1.284400e+00 2.766816e+00
1.284600e+00 2.752376e+00
1.284800e+00 2.737734e+00
1.285000e+00 2.722946e+00
1.285200e+00 2.708064e+00
1.285400e+00 2.693138e+00
1.285600e+00 2.678212e+00
1.285800e+00 2.663328e+00
1.286000e+00 2.648524e+00
1.286200e+00 2.633835e+00
1.286400e+00 2.619291e+00
1.286600e+00 2.604921e+00
1.286800e+00 2.590749e+00
1.287000e+00 2.576798e+00
1.287200e+00 2.563085e+00
1.287400e+00 2.549628e+00
1.287600e+00 2.536440e+00
1.287800e+00 2.523533e+00
1.288000e+00 2.510916e+00
1.288200e+00 2.498597e+00
1.288400e+00 2.486581e+00
1.288600e+00 2.474872e+00
1.288800e+00 2.463473e+00
1.289000e+00 2.452385e+00
1.289200e+00 2.441608e+00
1.289400e+00 2.431141e+00
1.289600e+00 2.420982e+00
1.289800e+00 2.411127e+00
1.290000e+00 2.401574e+00
1.290200e+00 2.392317e+00
1.290400e+00 2.383353e+00
1.290600e+00 2.374675e+00
1.290800e+00 2.366279e+00
1.291000e+00 2.358158e+00
1.291200e+00 2.350307e+00
1.291400e+00 2.342718e+00
1.291600e+00 2.335386e+00
1.291800e+00 2.328304e+00
1.292000e+00 2.321466e+00
1.292200e+00 2.314865e+00
1.292400e+00 2.308494e+00
1.292600e+00 2.302348e+00
1.292800e+00 2.296421e+00
1.293000e+00 2.290706e+00
1.293200e+00 2.285197e+00
1.293400e+00 2.279889e+00
1.293600e+00 2.274777e+00
1.293800e+00 2.269855e+00
1.294000e+00 2.265118e+00
1.294200e+00 2.260562e+00
1.294400e+00 2.256182e+00
1.294600e+00 2.251974e+00
1.294800e+00 2.247935e+00
1.295000e+00 2.244060e+00
1.295200e+00 2.240345e+00
1.295400e+00 2.236789e+00
1.295600e+00 2.233389e+00
1.295800e+00 2.230141e+00
1.296000e+00 2.227043e+00
1.296200e+00 2.224095e+00
1.296400e+00 2.221293e+00
1.296600e+00 2.218638e+00
1.296800e+00 2.216127e+00
1.297000e+00 2.213760e+00
1.297200e+00 2.211537e+00
1.297400e+00 2.209458e+00
1.297600e+00 2.207522e+00
1.297800e+00 2.205731e+00
1.298000e+00 2.204084e+00
1.298200e+00 2.202584e+00
1.298400e+00 2.201232e+00
1.298600e+00 2.200029e+00
1.298800e+00 2.198977e+00
1.299000e+00 2.198080e+00
1.299200e+00 2.197339e+00
1.299400e+00 2.196759e+00
1.299600e+00 2.196341e+00
1.299800e+00 2.196091e+00
1.300000e+00 2.196013e+00
1.300200e+00 2.196110e+00
1.300400e+00 2.196389e+00
1.300600e+00 2.196855e+00
1.300800e+00 2.197513e+00
1.301000e+00 2.198369e+00
1.301200e+00 2.199432e+00
1.301400e+00 2.200707e+00
1.301600e+00 2.202204e+00
1.301800e+00 2.203929e+00
1.302000e+00 2.205892e+00
1.302200e+00 2.208103e+00
1.302400e+00 2.210570e+00
1.302600e+00 2.213306e+00
1.302800e+00 2.216320e+00
1.303000e+00 2.219624e+00
1.303200e+00 2.223232e+00
1.303400e+00 2.227155e+00
1.303600e+00 2.231408e+00
1.303800e+00 2.236005e+00
1.304000e+00 2.240960e+00
1.304200e+00 2.246290e+00
1.304400e+00 2.252010e+00
1.304600e+00 2.258137e+00
1.304800e+00 2.264689e+00
1.305000e+00 2.271683e+00
1.305200e+00 2.279138e+00
1.305400e+00 2.287073e+00
1.305600e+00 2.295506e+00
1.305800e+00 2.304458e+00
1.306000e+00 2.313947e+00
1.306200e+00 2.323993e+00
1.306400e+00 2.334614e+00
1.306600e+00 2.345831e+00
1.306800e+00 2.357660e+00
1.307000e+00 2.370120e+00
1.307200e+00 2.383226e+00
1.307400e+00 2.396992e+00
1.307600e+00 2.411433e+00
1.307800e+00 2.426557e+00
1.308000e+00 2.442374e+00
1.308200e+00 2.458888e+00
1.308400e+00 2.476100e+00
1.308600e+00 2.494010e+00
1.308800e+00 2.512609e+00
1.309000e+00 2.531886e+00
1.309200e+00 2.551826e+00
1.309400e+00 2.572405e+00
1.309600e+00 2.593596e+00
1.309800e+00 2.615366e+00
1.310000e+00 2.637673e+00
1.310200e+00 2.660471e+00
1.310400e+00 2.683707e+00
1.310600e+00 2.707323e+00
1.310800e+00 2.731254e+00
1.311000e+00 2.755431e+00
1.311200e+00 2.779778e+00
1.311400e+00 2.804220e+00
1.311600e+00 2.828674e+00
1.311800e+00 2.853060e+00
1.312000e+00 2.877293e+00
1.312200e+00 2.901291e+00
1.312400e+00 2.924976e+00
1.312600e+00 2.948268e+00
1.312800e+00 2.971096e+00
1.313000e+00 2.993392e+00
1.313200e+00 3.015094e+00
1.313400e+00 3.036150e+00
1.313600e+00 3.056512e+00
1.313800e+00 3.076144e+00
1.314000e+00 3.095017e+00
1.314200e+00 3.113110e+00
1.314400e+00 3.130412e+00
1.314600e+00 3.146919e+00
1.314800e+00 3.162638e+00
1.315000e+00 3.177579e+00
1.315200e+00 3.191761e+00
1.315400e+00 3.205211e+00
1.315600e+00 3.217957e+00
1.315800e+00 3.230035e+00
1.316000e+00 3.241482e+00
1.316200e+00 3.252341e+00
1.316400e+00 3.262652e+00
1.316600e+00 3.272462e+00
1.316800e+00 3.281814e+00
1.317000e+00 3.290754e+00
1.317200e+00 3.299326e+00
1.317400e+00 3.307574e+00
1.317600e+00 3.315538e+00
1.317800e+00 3.323260e+00
1.318000e+00 3.330778e+00
1.318200e+00 3.338127e+00
1.318400e+00 3.345341e+00
1.318600e+00 3.352451e+00
1.318800e+00 3.359485e+00
1.319000e+00 3.366467e+00
1.319200e+00 3.373421e+00
1.319400e+00 3.380366e+00
1.319600e+00 3.387318e+00
1.319800e+00 3.394291e+00
1.320000e+00 3.401297e+00
1.320200e+00 3.408343e+00
1.320400e+00 3.415434e+00
1.320600e+00 3.422573e+00
1.320800e+00 3.429758e+00
1.321000e+00 3.436988e+00
1.321200e+00 3.444256e+00
1.321400e+00 3.451553e+00
1.321600e+00 3.458868e+00
1.321800e+00 3.466188e+00
1.322000e+00 3.473495e+00
1.322200e+00 3.480772e+00
1.322400e+00 3.487996e+00
1.322600e+00 3.495145e+00
1.322800e+00 3.502192e+00
1.323000e+00 3.509110e+00
1.323200e+00 3.515867e+00
1.323400e+00 3.522433e+00
1.323600e+00 3.528774e+00
1.323800e+00 3.534853e+00
1.324000e+00 3.540636e+00
1.324200e+00 3.546083e+00
1.324400e+00 3.551156e+00
1.324600e+00 3.555815e+00
1.324800e+00 3.560022e+00
1.325000e+00 3.563737e+00
1.325200e+00 3.566919e+00
1.325400e+00 3.569532e+00
1.325600e+00 3.571536e+00
1.325800e+00 3.572897e+00
1.326000e+00 3.573581e+00
1.326200e+00 3.573555e+00
1.326400e+00 3.572790e+00
1.326600e+00 3.571262e+00
1.326800e+00 3.568947e+00
1.327000e+00 3.565826e+00
1.327200e+00 3.561886e+00
1.327400e+00 3.557115e+00
1.327600e+00 3.551509e+00
1.327800e+00 3.545067e+00
1.328000e+00 3.537792e+00
1.328200e+00 3.529693e+00
1.328400e+00 3.520785e+00
1.328600e+00 3.511085e+00
1.328800e+00 3.500617e+00
1.329000e+00 3.489408e+00
1.329200e+00 3.477490e+00
1.329400e+00 3.464899e+00
1.329600e+00 3.451674e+00
1.329800e+00 3.437857e+00
1.330000e+00 3.423493e+00
1.330200e+00 3.408628e+00
1.330400e+00 3.393311e+00
1.330600e+00 3.377593e+00
1.330800e+00 3.361524e+00
1.331000e+00 3.345156e+00
1.331200e+00 3.328538e+00
1.331400e+00 3.311722e+00
1.331600e+00 3.294756e+00
1.331800e+00 3.277690e+00
1.332000e+00 3.260569e+00
1.332200e+00 3.243438e+00
1.332400e+00 3.226340e+00
1.332600e+00 3.209314e+00
1.332800e+00 3.192399e+00
1.333000e+00 3.175629e+00
1.333200e+00 3.159036e+00
1.333400e+00 3.142651e+00
1.333600e+00 3.126499e+00
1.333800e+00 3.110604e+00
1.334000e+00 3.094988e+00
1.334200e+00 3.079669e+00
1.334400e+00 3.064661e+00
1.334600e+00 3.049979e+00
1.334800e+00 3.035633e+00
1.335000e+00 3.021630e+00
1.335200e+00 3.007978e+00
1.335400e+00 2.994678e+00
1.335600e+00 2.981734e+00
1.335800e+00 2.969144e+00
1.336000e+00 2.956907e+00
1.336200e+00 2.945019e+00
1.336400e+00 2.933476e+00
1.336600e+00 2.922269e+00
1.336800e+00 2.911393e+00
1.337000e+00 2.900838e+00
1.337200e+00 2.890594e+00
1.337400e+00 2.880651e+00
1.337600e+00 2.870997e+00
1.337800e+00 2.861620e+00
1.338000e+00 2.852507e+00
1.338200e+00 2.843647e+00
1.338400e+00 2.835024e+00
1.338600e+00 2.826626e+00
1.338800e+00 2.818438e+00
1.339000e+00 2.810448e+00
1.339200e+00 2.802642e+00
1.339400e+00 2.795005e+00
1.339600e+00 2.787525e+00
1.339800e+00 2.780188e+00
1.340000e+00 2.772982e+00
1.340200e+00 2.765895e+00
1.340400e+00 2.758913e+00
1.340600e+00 2.752027e+00
1.340800e+00 2.745225e+00
1.341000e+00 2.738497e+00
1.341200e+00 2.731833e+00
1.341400e+00 2.725225e+00
1.341600e+00 2.718664e+00
1.341800e+00 2.712143e+00
1.342000e+00 2.705655e+00
1.342200e+00 2.699195e+00
1.342400e+00 2.692756e+00
1.342600e+00 2.686334e+00
1.342800e+00 2.679926e+00
1.343000e+00 2.673530e+00
1.343200e+00 2.667141e+00
1.343400e+00 2.660760e+00
1.343600e+00 2.654385e+00
1.343800e+00 2.648016e+00
1.344000e+00 2.641653e+00
1.344200e+00 2.635299e+00
1.344400e+00 2.628953e+00
1.344600e+00 2.622620e+00
1.344800e+00 2.616300e+00
1.345000e+00 2.609999e+00
1.345200e+00 2.603718e+00
1.345400e+00 2.597463e+00
1.345600e+00 2.591238e+00
1.345800e+00 2.585047e+00
1.346000e+00 2.578895e+00
1.346200e+00 2.572789e+00
1.346400e+00 2.566732e+00
1.346600e+00 2.560731e+00
1.346800e+00 2.554792e+00
1.347000e+00 2.548920e+00
1.347200e+00 2.543121e+00
1.347400e+00 2.537402e+00
1.347600e+00 2.531768e+00
1.347800e+00 2.526226e+00
1.348000e+00 2.520781e+00
1.348200e+00 2.515440e+00
1.348400e+00 2.510208e+00
1.348600e+00 2.505091e+00
1.348800e+00 2.500096e+00
1.349000e+00 2.495227e+00
1.349200e+00 2.490490e+00
1.349400e+00 2.485891e+00
1.349600e+00 2.481436e+00
1.349800e+00 2.477128e+00
1.350000e+00 2.472975e+00
1.350200e+00 2.468979e+00
1.350400e+00 2.465147e+00
1.350600e+00 2.461483e+00
1.350800e+00 2.457991e+00
1.351000e+00 2.454676e+00
1.351200e+00 2.451542e+00
1.351400e+00 2.448594e+00
1.351600e+00 2.445835e+00
1.351800e+00 2.443270e+00
1.352000e+00 2.440902e+00
1.352200e+00 2.438735e+00
1.352400e+00 2.436772e+00
1.352600e+00 2.435018e+00
1.352800e+00 2.433475e+00
1.353000e+00 2.432147e+00
1.353200e+00 2.431036e+00
1.353400e+00 2.430147e+00
1.353600e+00 2.429483e+00
1.353800e+00 2.429046e+00
1.354000e+00 2.428839e+00
1.354200e+00 2.428865e+00
1.354400e+00 2.429127e+00
1.354600e+00 2.429629e+00
1.354800e+00 2.430371e+00
1.355000e+00 2.431359e+00
1.355200e+00 2.432593e+00
1.355400e+00 2.434078e+00
1.355600e+00 2.435814e+00
1.355800e+00 2.437806e+00
1.356000e+00 2.440056e+00
1.356200e+00 2.442566e+00
1.356400e+00 2.445338e+00
1.356600e+00 2.448376e+00
1.356800e+00 2.451683e+00
1.357000e+00 2.455259e+00
1.357200e+00 2.459109e+00
1.357400e+00 2.463235e+00
1.357600e+00 2.467638e+00
1.357800e+00 2.472323e+00
1.358000e+00 2.477290e+00
1.358200e+00 2.482544e+00
1.358400e+00 2.488085e+00
1.358600e+00 2.493918e+00
1.358800e+00 2.500044e+00
1.359000e+00 2.506465e+00
1.359200e+00 2.513184e+00
1.359400e+00 2.520204e+00
1.359600e+00 2.527527e+00
1.359800e+00 2.535156e+00
1.360000e+00 2.543092e+00
1.360200e+00 2.551337e+00
1.360400e+00 2.559895e+00
1.360600e+00 2.568767e+00
1.360800e+00 2.577955e+00
1.361000e+00 2.587462e+00
1.361200e+00 2.597289e+00
1.361400e+00 2.607438e+00
1.361600e+00 2.617910e+00
1.361800e+00 2.628708e+00
1.362000e+00 2.639832e+00
1.362200e+00 2.651284e+00
1.362400e+00 2.663065e+00
1.362600e+00 2.675175e+00
1.362800e+00 2.687617e+00
1.363000e+00 2.700388e+00
1.363200e+00 2.713491e+00
1.363400e+00 2.726925e+00
1.363600e+00 2.740689e+00
1.363800e+00 2.754783e+00
1.364000e+00 2.769205e+00
1.364200e+00 2.783954e+00
1.364400e+00 2.799028e+00
1.364600e+00 2.814426e+00
1.364800e+00 2.830142e+00
1.365000e+00 2.846176e+00
1.365200e+00 2.862522e+00
1.365400e+00 2.879175e+00
1.365600e+00 2.896132e+00
1.365800e+00 2.913386e+00
1.366000e+00 2.930930e+00
1.366200e+00 2.948757e+00
1.366400e+00 2.966859e+00
1.366600e+00 2.985227e+00
1.366800e+00 3.003852e+00
1.367000e+00 3.022722e+00
1.367200e+00 3.041825e+00
1.367400e+00 3.061150e+00
1.367600e+00 3.080681e+00
1.367800e+00 3.100405e+00
1.368000e+00 3.120304e+00
1.368200e+00 3.140362e+00
1.368400e+00 3.160560e+00
1.368600e+00 3.180879e+00
1.368800e+00 3.201296e+00
1.369000e+00 3.221790e+00
1.369200e+00 3.242337e+00
1.369400e+00 3.262912e+00
1.369600e+00 3.283489e+00
1.369800e+00 3.304039e+00
1.370000e+00 3.324533e+00
1.370200e+00 3.344941e+00
1.370400e+00 3.365232e+00
1.370600e+00 3.385371e+00
1.370800e+00 3.405326e+00
1.371000e+00 3.425059e+00
1.371200e+00 3.444536e+00
1.371400e+00 3.463719e+00
1.371600e+00 3.482568e+00
1.371800e+00 3.501046e+00
1.372000e+00 3.519113e+00
1.372200e+00 3.536728e+00
1.372400e+00 3.553851e+00
1.372600e+00 3.570442e+00
1.372800e+00 3.586459e+00
1.373000e+00 3.601864e+00
1.373200e+00 3.616615e+00
1.373400e+00 3.630674e+00
1.373600e+00 3.644002e+00
1.373800e+00 3.656562e+00
1.374000e+00 3.668319e+00
1.374200e+00 3.679239e+00
1.374400e+00 3.689287e+00
1.374600e+00 3.698435e+00
1.374800e+00 3.706654e+00
1.375000e+00 3.713918e+00
1.375200e+00 3.720204e+00
1.375400e+00 3.725491e+00
1.375600e+00 3.729762e+00
1.375800e+00 3.733002e+00
1.376000e+00 3.735201e+00
1.376200e+00 3.736349e+00
1.376400e+00 3.736442e+00
1.376600e+00 3.735479e+00
1.376800e+00 3.733461e+00
1.377000e+00 3.730394e+00
1.377200e+00 3.726287e+00
1.377400e+00 3.721150e+00
1.377600e+00 3.715000e+00
1.377800e+00 3.707853e+00
1.378000e+00 3.699731e+00
1.378200e+00 3.690656e+00
1.378400e+00 3.680655e+00
1.378600e+00 3.669756e+00
1.378800e+00 3.657990e+00
1.379000e+00 3.645388e+00
1.379200e+00 3.631985e+00
1.379400e+00 3.617816e+00
1.379600e+00 3.602918e+00
1.379800e+00 3.587328e+00
1.380000e+00 3.571086e+00
1.380200e+00 3.554231e+00
1.380400e+00 3.536802e+00
1.380600e+00 3.518839e+00
1.380800e+00 3.500382e+00
1.381000e+00 3.481471e+00
1.381200e+00 3.462145e+00
1.381400e+00 3.442444e+00
1.381600e+00 3.422406e+00
1.381800e+00 3.402068e+00
1.382000e+00 3.381468e+00
1.382200e+00 3.360642e+00
1.382400e+00 3.339624e+00
1.382600e+00 3.318449e+00
1.382800e+00 3.297149e+00
1.383000e+00 3.275756e+00
1.383200e+00 3.254300e+00
1.383400e+00 3.232811e+00
1.383600e+00 3.211316e+00
1.383800e+00 3.189842e+00
1.384000e+00 3.168414e+00
1.384200e+00 3.147055e+00
1.384400e+00 3.125790e+00
1.384600e+00 3.104638e+00
1.384800e+00 3.083621e+00
1.385000e+00 3.062756e+00
1.385200e+00 3.042062e+00
1.385400e+00 3.021555e+00
1.385600e+00 3.001250e+00
1.385800e+00 2.981162e+00
1.386000e+00 2.961303e+00
1.386200e+00 2.941685e+00
1.386400e+00 2.922320e+00
1.386600e+00 2.903217e+00
1.386800e+00 2.884384e+00
1.387000e+00 2.865831e+00
1.387200e+00 2.847565e+00
1.387400e+00 2.829591e+00
1.387600e+00 2.811915e+00
1.387800e+00 2.794541e+00
1.388000e+00 2.777475e+00
1.388200e+00 2.760718e+00
1.388400e+00 2.744274e+00
1.388600e+00 2.728144e+00
1.388800e+00 2.712330e+00
1.389000e+00 2.696833e+00
1.389200e+00 2.681652e+00
1.389400e+00 2.666788e+00
1.389600e+00 2.652239e+00
1.389800e+00 2.638005e+00
1.390000e+00 2.624084e+00
1.390200e+00 2.610475e+00
1.390400e+00 2.597173e+00
1.390600e+00 2.584178e+00
1.390800e+00 2.571487e+00
1.391000e+00 2.559095e+00
1.391200e+00 2.547000e+00
1.391400e+00 2.535197e+00
1.391600e+00 2.523684e+00
1.391800e+00 2.512456e+00
1.392000e+00 2.501509e+00
1.392200e+00 2.490839e+00
1.392400e+00 2.480441e+00
1.392600e+00 2.470311e+00
1.392800e+00 2.460445e+00
1.393000e+00 2.450837e+00
1.393200e+00 2.441484e+00
1.393400e+00 2.432380e+00
1.393600e+00 2.423522e+00
1.393800e+00 2.414904e+00
1.394000e+00 2.406522e+00
1.394200e+00 2.398371e+00
1.394400e+00 2.390447e+00
1.394600e+00 2.382745e+00
1.394800e+00 2.375262e+00
1.395000e+00 2.367992e+00
1.395200e+00 2.360931e+00
1.395400e+00 2.354076e+00
1.395600e+00 2.347422e+00
1.395800e+00 2.340965e+00
1.396000e+00 2.334702e+00
1.396200e+00 2.328627e+00
1.396400e+00 2.322739e+00
1.396600e+00 2.317033e+00
1.396800e+00 2.311505e+00
1.397000e+00 2.306153e+00
1.397200e+00 2.300973e+00
1.397400e+00 2.295961e+00
1.397600e+00 2.291116e+00
1.397800e+00 2.286433e+00
1.398000e+00 2.281911e+00
1.398200e+00 2.277545e+00
1.398400e+00 2.273335e+00
1.398600e+00 2.269277e+00
1.398800e+00 2.265368e+00
1.399000e+00 2.261607e+00
1.399200e+00 2.257992e+00
1.399400e+00 2.254519e+00
1.399600e+00 2.251189e+00
1.399800e+00 2.247997e+00
