1.000000e+00 3.419383e+00
1.000200e+00 3.402433e+00
1.000400e+00 3.385036e+00
1.000600e+00 3.367243e+00
1.000800e+00 3.349105e+00
1.001000e+00 3.330672e+00
1.001200e+00 3.311996e+00
1.001400e+00 3.293124e+00
1.001600e+00 3.274106e+00
1.001800e+00 3.254987e+00
1.002000e+00 3.235811e+00
1.002200e+00 3.216619e+00
1.002400e+00 3.197450e+00
1.002600e+00 3.178339e+00
1.002800e+00 3.159321e+00
1.003000e+00 3.140426e+00
1.003200e+00 3.121680e+00
1.003400e+00 3.103108e+00
1.003600e+00 3.084732e+00
1.003800e+00 3.066571e+00
1.004000e+00 3.048641e+00
1.004200e+00 3.030956e+00
1.004400e+00 3.013526e+00
1.004600e+00 2.996362e+00
1.004800e+00 2.979469e+00
1.005000e+00 2.962853e+00
1.005200e+00 2.946517e+00
1.005400e+00 2.930463e+00
1.005600e+00 2.914690e+00
1.005800e+00 2.899197e+00
1.006000e+00 2.883982e+00
1.006200e+00 2.869040e+00
1.006400e+00 2.854368e+00
1.006600e+00 2.839961e+00
1.006800e+00 2.825812e+00
1.007000e+00 2.811915e+00
1.007200e+00 2.798264e+00
1.007400e+00 2.784851e+00
1.007600e+00 2.771669e+00
1.007800e+00 2.758711e+00
1.008000e+00 2.745970e+00
1.008200e+00 2.733438e+00
1.008400e+00 2.721109e+00
1.008600e+00 2.708976e+00
1.008800e+00 2.697031e+00
1.009000e+00 2.685269e+00
1.009200e+00 2.673684e+00
1.009400e+00 2.662270e+00
1.009600e+00 2.651022e+00
1.009800e+00 2.639936e+00
1.010000e+00 2.629007e+00
1.010200e+00 2.618232e+00
1.010400e+00 2.607607e+00
1.010600e+00 2.597129e+00
1.010800e+00 2.586796e+00
1.011000e+00 2.576605e+00
1.011200e+00 2.566556e+00
1.011400e+00 2.556647e+00
1.011600e+00 2.546876e+00
1.011800e+00 2.537243e+00
1.012000e+00 2.527747e+00
1.012200e+00 2.518389e+00
1.012400e+00 2.509167e+00
1.012600e+00 2.500081e+00
1.012800e+00 2.491130e+00
1.013000e+00 2.482315e+00
1.013200e+00 2.473635e+00
1.013400e+00 2.465087e+00
1.013600e+00 2.456671e+00
1.013800e+00 2.448385e+00
1.014000e+00 2.440226e+00
1.014200e+00 2.432191e+00
1.014400e+00 2.424275e+00
1.014600e+00 2.416474e+00
1.014800e+00 2.408781e+00
1.015000e+00 2.401190e+00
1.015200e+00 2.393692e+00
1.015400e+00 2.386277e+00
1.015600e+00 2.378934e+00
1.015800e+00 2.371651e+00
1.016000e+00 2.364413e+00
1.016200e+00 2.357204e+00
1.016400e+00 2.350007e+00
1.016600e+00 2.342803e+00
1.016800e+00 2.335571e+00
1.017000e+00 2.328287e+00
1.017200e+00 2.320928e+00
1.017400e+00 2.313467e+00
1.017600e+00 2.305878e+00
1.017800e+00 2.298131e+00
1.018000e+00 2.290197e+00
1.018200e+00 2.282045e+00
1.018400e+00 2.273644e+00
1.018600e+00 2.264964e+00
1.018800e+00 2.255974e+00
1.019000e+00 2.246644e+00
1.019200e+00 2.236946e+00
1.019400e+00 2.226854e+00
1.019600e+00 2.216346e+00
1.019800e+00 2.205400e+00
1.020000e+00 2.194003e+00
1.020200e+00 2.182143e+00
1.020400e+00 2.169814e+00
1.020600e+00 2.157018e+00
1.020800e+00 2.143762e+00
1.021000e+00 2.130060e+00
1.021200e+00 2.115935e+00
1.021400e+00 2.101416e+00
1.021600e+00 2.086540e+00
1.021800e+00 2.071351e+00
1.022000e+00 2.055901e+00
1.022200e+00 2.040249e+00
1.022400e+00 2.024458e+00
1.022600e+00 2.008598e+00
1.022800e+00 1.992742e+00
1.023000e+00 1.976969e+00
1.023200e+00 1.961358e+00
1.023400e+00 1.945990e+00
1.023600e+00 1.930947e+00
1.023800e+00 1.916308e+00
1.024000e+00 1.902154e+00
1.024200e+00 1.888560e+00
1.024400e+00 1.875601e+00
1.024600e+00 1.863346e+00
1.024800e+00 1.851859e+00
1.025000e+00 1.841203e+00
1.025200e+00 1.831432e+00
1.025400e+00 1.822599e+00
1.025600e+00 1.814748e+00
1.025800e+00 1.807922e+00
1.026000e+00 1.802156e+00
1.026200e+00 1.797484e+00
1.026400e+00 1.793933e+00
1.026600e+00 1.791528e+00
1.026800e+00 1.790290e+00
1.027000e+00 1.790236e+00
1.027200e+00 1.791384e+00
1.027400e+00 1.793744e+00
1.027600e+00 1.797328e+00
1.027800e+00 1.802145e+00
1.028000e+00 1.808201e+00
1.028200e+00 1.815504e+00
1.028400e+00 1.824057e+00
1.028600e+00 1.833863e+00
1.028800e+00 1.844924e+00
1.029000e+00 1.857240e+00
1.029200e+00 1.870811e+00
1.029400e+00 1.885635e+00
1.029600e+00 1.901706e+00
1.029800e+00 1.919019e+00
1.030000e+00 1.937564e+00
1.030200e+00 1.957330e+00
1.030400e+00 1.978302e+00
1.030600e+00 2.000460e+00
1.030800e+00 2.023783e+00
1.031000e+00 2.048240e+00
1.031200e+00 2.073799e+00
1.031400e+00 2.100419e+00
1.031600e+00 2.128052e+00
1.031800e+00 2.156643e+00
1.032000e+00 2.186128e+00
1.032200e+00 2.216435e+00
1.032400e+00 2.247479e+00
1.032600e+00 2.279168e+00
1.032800e+00 2.311398e+00
1.033000e+00 2.344055e+00
1.033200e+00 2.377012e+00
1.033400e+00 2.410133e+00
1.033600e+00 2.443271e+00
1.033800e+00 2.476268e+00
1.034000e+00 2.508961e+00
1.034200e+00 2.541177e+00
1.034400e+00 2.572737e+00
1.034600e+00 2.603460e+00
1.034800e+00 2.633164e+00
1.035000e+00 2.661667e+00
1.035200e+00 2.688794e+00
1.035400e+00 2.714375e+00
1.035600e+00 2.738249e+00
1.035800e+00 2.760272e+00
1.036000e+00 2.780314e+00
1.036200e+00 2.798262e+00
1.036400e+00 2.814027e+00
1.036600e+00 2.827540e+00
1.036800e+00 2.838756e+00
1.037000e+00 2.847655e+00
1.037200e+00 2.854242e+00
1.037400e+00 2.858545e+00
1.037600e+00 2.860615e+00
1.037800e+00 2.860526e+00
1.038000e+00 2.858369e+00
1.038200e+00 2.854255e+00
1.038400e+00 2.848307e+00
1.038600e+00 2.840662e+00
1.038800e+00 2.831466e+00
1.039000e+00 2.820870e+00
1.039200e+00 2.809031e+00
1.039400e+00 2.796105e+00
1.039600e+00 2.782250e+00
1.039800e+00 2.767619e+00
1.040000e+00 2.752361e+00
1.040200e+00 2.736619e+00
1.040400e+00 2.720529e+00
1.040600e+00 2.704220e+00
1.040800e+00 2.687810e+00
1.041000e+00 2.671411e+00
1.041200e+00 2.655123e+00
1.041400e+00 2.639040e+00
1.041600e+00 2.623243e+00
1.041800e+00 2.607807e+00
1.042000e+00 2.592798e+00
1.042200e+00 2.578274e+00
1.042400e+00 2.564285e+00
1.042600e+00 2.550873e+00
1.042800e+00 2.538076e+00
1.043000e+00 2.525923e+00
1.043200e+00 2.514438e+00
1.043400e+00 2.503643e+00
1.043600e+00 2.493550e+00
1.043800e+00 2.484171e+00
1.044000e+00 2.475513e+00
1.044200e+00 2.467579e+00
1.044400e+00 2.460369e+00
1.044600e+00 2.453880e+00
1.044800e+00 2.448109e+00
1.045000e+00 2.443046e+00
1.045200e+00 2.438684e+00
1.045400e+00 2.435011e+00
1.045600e+00 2.432015e+00
1.045800e+00 2.429682e+00
1.046000e+00 2.427996e+00
1.046200e+00 2.426940e+00
1.046400e+00 2.426498e+00
1.046600e+00 2.426649e+00
1.046800e+00 2.427375e+00
1.047000e+00 2.428655e+00
1.047200e+00 2.430468e+00
1.047400e+00 2.432790e+00
1.047600e+00 2.435599e+00
1.047800e+00 2.438871e+00
1.048000e+00 2.442581e+00
1.048200e+00 2.446702e+00
1.048400e+00 2.451210e+00
1.048600e+00 2.456075e+00
1.048800e+00 2.461271e+00
1.049000e+00 2.466767e+00
1.049200e+00 2.472535e+00
1.049400e+00 2.478543e+00
1.049600e+00 2.484760e+00
1.049800e+00 2.491153e+00
1.050000e+00 2.497690e+00
1.050200e+00 2.504337e+00
1.050400e+00 2.511058e+00
1.050600e+00 2.517818e+00
1.050800e+00 2.524582e+00
1.051000e+00 2.531311e+00
1.051200e+00 2.537970e+00
1.051400e+00 2.544519e+00
1.051600e+00 2.550922e+00
1.051800e+00 2.557139e+00
1.052000e+00 2.563131e+00
1.052200e+00 2.568861e+00
1.052400e+00 2.574289e+00
1.052600e+00 2.579377e+00
1.052800e+00 2.584087e+00
1.053000e+00 2.588381e+00
1.053200e+00 2.592224e+00
1.053400e+00 2.595580e+00
1.053600e+00 2.598414e+00
1.053800e+00 2.600693e+00
1.054000e+00 2.602386e+00
1.054200e+00 2.603464e+00
1.054400e+00 2.603898e+00
1.054600e+00 2.603663e+00
1.054800e+00 2.602737e+00
1.055000e+00 2.601098e+00
1.055200e+00 2.598730e+00
1.055400e+00 2.595617e+00
1.055600e+00 2.591747e+00
1.055800e+00 2.587113e+00
1.056000e+00 2.581708e+00
1.056200e+00 2.575530e+00
1.056400e+00 2.568582e+00
1.056600e+00 2.560867e+00
1.056800e+00 2.552394e+00
1.057000e+00 2.543174e+00
1.057200e+00 2.533221e+00
1.057400e+00 2.522553e+00
1.057600e+00 2.511192e+00
1.057800e+00 2.499159e+00
1.058000e+00 2.486482e+00
1.058200e+00 2.473190e+00
1.058400e+00 2.459313e+00
1.058600e+00 2.444884e+00
1.058800e+00 2.429939e+00
1.059000e+00 2.414514e+00
1.059200e+00 2.398647e+00
1.059400e+00 2.382377e+00
1.059600e+00 2.365744e+00
1.059800e+00 2.348788e+00
1.060000e+00 2.331549e+00
1.060200e+00 2.314070e+00
1.060400e+00 2.296390e+00
1.060600e+00 2.278550e+00
1.060800e+00 2.260590e+00
1.061000e+00 2.242550e+00
1.061200e+00 2.224467e+00
1.061400e+00 2.206379e+00
1.061600e+00 2.188322e+00
1.061800e+00 2.170331e+00
1.062000e+00 2.152441e+00
1.062200e+00 2.134682e+00
1.062400e+00 2.117086e+00
1.062600e+00 2.099682e+00
1.062800e+00 2.082498e+00
1.063000e+00 2.065559e+00
1.063200e+00 2.048890e+00
1.063400e+00 2.032514e+00
1.063600e+00 2.016453e+00
1.063800e+00 2.000725e+00
1.064000e+00 1.985349e+00
1.064200e+00 1.970342e+00
1.064400e+00 1.955719e+00
1.064600e+00 1.941494e+00
1.064800e+00 1.927680e+00
1.065000e+00 1.914288e+00
1.065200e+00 1.901328e+00
1.065400e+00 1.888809e+00
1.065600e+00 1.876740e+00
1.065800e+00 1.865127e+00
1.066000e+00 1.853977e+00
1.066200e+00 1.843294e+00
1.066400e+00 1.833084e+00
1.066600e+00 1.823349e+00
1.066800e+00 1.814093e+00
1.067000e+00 1.805318e+00
1.067200e+00 1.797027e+00
1.067400e+00 1.789220e+00
1.067600e+00 1.781898e+00
1.067800e+00 1.775063e+00
1.068000e+00 1.768713e+00
1.068200e+00 1.762850e+00
1.068400e+00 1.757472e+00
1.068600e+00 1.752579e+00
1.068800e+00 1.748171e+00
1.069000e+00 1.744246e+00
1.069200e+00 1.740804e+00
1.069400e+00 1.737843e+00
1.069600e+00 1.735362e+00
1.069800e+00 1.733361e+00
1.070000e+00 1.731838e+00
1.070200e+00 1.730791e+00
1.070400e+00 1.730221e+00
1.070600e+00 1.730125e+00
1.070800e+00 1.730503e+00
1.071000e+00 1.731355e+00
1.071200e+00 1.732679e+00
1.071400e+00 1.734476e+00
1.071600e+00 1.736744e+00
1.071800e+00 1.739483e+00
1.072000e+00 1.742694e+00
1.072200e+00 1.746376e+00
1.072400e+00 1.750530e+00
1.072600e+00 1.755157e+00
1.072800e+00 1.760256e+00
1.073000e+00 1.765828e+00
1.073200e+00 1.771876e+00
1.073400e+00 1.778398e+00
1.073600e+00 1.785399e+00
1.073800e+00 1.792877e+00
1.074000e+00 1.800836e+00
1.074200e+00 1.809277e+00
1.074400e+00 1.818202e+00
1.074600e+00 1.827613e+00
1.074800e+00 1.837513e+00
1.075000e+00 1.847904e+00
1.075200e+00 1.858788e+00
1.075400e+00 1.870169e+00
1.075600e+00 1.882048e+00
1.075800e+00 1.894428e+00
1.076000e+00 1.907313e+00
1.076200e+00 1.920705e+00
1.076400e+00 1.934606e+00
1.076600e+00 1.949020e+00
1.076800e+00 1.963950e+00
1.077000e+00 1.979397e+00
1.077200e+00 1.995364e+00
1.077400e+00 2.011853e+00
1.077600e+00 2.028867e+00
1.077800e+00 2.046407e+00
1.078000e+00 2.064473e+00
1.078200e+00 2.083067e+00
1.078400e+00 2.102190e+00
1.078600e+00 2.121840e+00
1.078800e+00 2.142017e+00
1.079000e+00 2.162719e+00
1.079200e+00 2.183943e+00
1.079400e+00 2.205685e+00
1.079600e+00 2.227941e+00
1.079800e+00 2.250704e+00
1.080000e+00 2.273965e+00
1.080200e+00 2.297716e+00
1.080400e+00 2.321944e+00
1.080600e+00 2.346635e+00
1.080800e+00 2.371774e+00
1.081000e+00 2.397340e+00
1.081200e+00 2.423312e+00
1.081400e+00 2.449664e+00
1.081600e+00 2.476367e+00
1.081800e+00 2.503387e+00
1.082000e+00 2.530687e+00
1.082200e+00 2.558224e+00
1.082400e+00 2.585950e+00
1.082600e+00 2.613814e+00
1.082800e+00 2.641757e+00
1.083000e+00 2.669714e+00
1.083200e+00 2.697617e+00
1.083400e+00 2.725389e+00
1.083600e+00 2.752949e+00
1.083800e+00 2.780212e+00
1.084000e+00 2.807084e+00
1.084200e+00 2.833470e+00
1.084400e+00 2.859271e+00
1.084600e+00 2.884382e+00
1.084800e+00 2.908701e+00
1.085000e+00 2.932122e+00
1.085200e+00 2.954540e+00
1.085400e+00 2.975855e+00
1.085600e+00 2.995969e+00
1.085800e+00 3.014788e+00
1.086000e+00 3.032228e+00
1.086200e+00 3.048211e+00
1.086400e+00 3.062669e+00
1.086600e+00 3.075547e+00
1.086800e+00 3.086798e+00
1.087000e+00 3.096390e+00
1.087200e+00 3.104301e+00
1.087400e+00 3.110524e+00
1.087600e+00 3.115062e+00
1.087800e+00 3.117933e+00
1.088000e+00 3.119162e+00
1.088200e+00 3.118788e+00
1.088400e+00 3.116857e+00
1.088600e+00 3.113424e+00
1.088800e+00 3.108550e+00
1.089000e+00 3.102303e+00
1.089200e+00 3.094754e+00
1.089400e+00 3.085978e+00
1.089600e+00 3.076052e+00
1.089800e+00 3.065055e+00
1.090000e+00 3.053065e+00
1.090200e+00 3.040160e+00
1.090400e+00 3.026418e+00
1.090600e+00 3.011913e+00
1.090800e+00 2.996720e+00
1.091000e+00 2.980908e+00
1.091200e+00 2.964546e+00
1.091400e+00 2.947698e+00
1.091600e+00 2.930428e+00
1.091800e+00 2.912793e+00
1.092000e+00 2.894850e+00
1.092200e+00 2.876651e+00
1.092400e+00 2.858246e+00
1.092600e+00 2.839681e+00
1.092800e+00 2.821001e+00
1.093000e+00 2.802246e+00
1.093200e+00 2.783454e+00
1.093400e+00 2.764661e+00
1.093600e+00 2.745902e+00
1.093800e+00 2.727206e+00
1.094000e+00 2.708604e+00
1.094200e+00 2.690121e+00
1.094400e+00 2.671784e+00
1.094600e+00 2.653615e+00
1.094800e+00 2.635637e+00
1.095000e+00 2.617869e+00
1.095200e+00 2.600331e+00
1.095400e+00 2.583039e+00
1.095600e+00 2.566010e+00
1.095800e+00 2.549259e+00
1.096000e+00 2.532800e+00
1.096200e+00 2.516645e+00
1.096400e+00 2.500808e+00
1.096600e+00 2.485298e+00
1.096800e+00 2.470127e+00
1.097000e+00 2.455304e+00
1.097200e+00 2.440838e+00
1.097400e+00 2.426737e+00
1.097600e+00 2.413010e+00
1.097800e+00 2.399663e+00
1.098000e+00 2.386703e+00
1.098200e+00 2.374138e+00
1.098400e+00 2.361973e+00
1.098600e+00 2.350214e+00
1.098800e+00 2.338866e+00
1.099000e+00 2.327934e+00
1.099200e+00 2.317424e+00
1.099400e+00 2.307341e+00
1.099600e+00 2.297689e+00
1.099800e+00 2.288472e+00
1.100000e+00 2.279695e+00
1.100200e+00 2.271362e+00
1.100400e+00 2.263477e+00
1.100600e+00 2.256044e+00
1.100800e+00 2.249068e+00
1.101000e+00 2.242552e+00
1.101200e+00 2.236501e+00
1.101400e+00 2.230918e+00
1.101600e+00 2.225808e+00
1.101800e+00 2.221174e+00
1.102000e+00 2.217020e+00
1.102200e+00 2.213351e+00
1.102400e+00 2.210170e+00
1.102600e+00 2.207481e+00
1.102800e+00 2.205289e+00
1.103000e+00 2.203597e+00
1.103200e+00 2.202408e+00
1.103400e+00 2.201728e+00
1.103600e+00 2.201560e+00
1.103800e+00 2.201907e+00
1.104000e+00 2.202772e+00
1.104200e+00 2.204160e+00
1.104400e+00 2.206074e+00
1.104600e+00 2.208516e+00
1.104800e+00 2.211488e+00
1.105000e+00 2.214994e+00
1.105200e+00 2.219034e+00
1.105400e+00 2.223611e+00
1.105600e+00 2.228724e+00
1.105800e+00 2.234374e+00
1.106000e+00 2.240561e+00
1.106200e+00 2.247282e+00
1.106400e+00 2.254534e+00
1.106600e+00 2.262315e+00
1.106800e+00 2.270619e+00
1.107000e+00 2.279441e+00
1.107200e+00 2.288771e+00
1.107400e+00 2.298601e+00
1.107600e+00 2.308920e+00
1.107800e+00 2.319714e+00
1.108000e+00 2.330968e+00
1.108200e+00 2.342663e+00
1.108400e+00 2.354780e+00
1.108600e+00 2.367296e+00
1.108800e+00 2.380184e+00
1.109000e+00 2.393415e+00
1.109200e+00 2.406958e+00
1.109400e+00 2.420776e+00
1.109600e+00 2.434831e+00
1.109800e+00 2.449079e+00
1.110000e+00 2.463475e+00
1.110200e+00 2.477969e+00
1.110400e+00 2.492506e+00
1.110600e+00 2.507029e+00
1.110800e+00 2.521477e+00
1.111000e+00 2.535786e+00
1.111200e+00 2.549889e+00
1.111400e+00 2.563714e+00
1.111600e+00 2.577191e+00
1.111800e+00 2.590243e+00
1.112000e+00 2.602795e+00
1.112200e+00 2.614770e+00
1.112400e+00 2.626090e+00
1.112600e+00 2.636681e+00
1.112800e+00 2.646467e+00
1.113000e+00 2.655375e+00
1.113200e+00 2.663336e+00
1.113400e+00 2.670285e+00
1.113600e+00 2.676161e+00
1.113800e+00 2.680911e+00
1.114000e+00 2.684486e+00
1.114200e+00 2.686846e+00
1.114400e+00 2.687959e+00
1.114600e+00 2.687802e+00
1.114800e+00 2.686359e+00
1.115000e+00 2.683626e+00
1.115200e+00 2.679607e+00
1.115400e+00 2.674316e+00
1.115600e+00 2.667775e+00
1.115800e+00 2.660017e+00
1.116000e+00 2.651083e+00
1.116200e+00 2.641021e+00
1.116400e+00 2.629887e+00
1.116600e+00 2.617743e+00
1.116800e+00 2.604657e+00
1.117000e+00 2.590703e+00
1.117200e+00 2.575957e+00
1.117400e+00 2.560499e+00
1.117600e+00 2.544409e+00
1.117800e+00 2.527771e+00
1.118000e+00 2.510668e+00
1.118200e+00 2.493180e+00
1.118400e+00 2.475391e+00
1.118600e+00 2.457378e+00
1.118800e+00 2.439218e+00
1.119000e+00 2.420985e+00
1.119200e+00 2.402749e+00
1.119400e+00 2.384577e+00
1.119600e+00 2.366531e+00
1.119800e+00 2.348671e+00
1.120000e+00 2.331051e+00
1.120200e+00 2.313722e+00
1.120400e+00 2.296731e+00
1.120600e+00 2.280119e+00
1.120800e+00 2.263926e+00
1.121000e+00 2.248185e+00
1.121200e+00 2.232929e+00
1.121400e+00 2.218185e+00
1.121600e+00 2.203978e+00
1.121800e+00 2.190328e+00
1.122000e+00 2.177254e+00
1.122200e+00 2.164773e+00
1.122400e+00 2.152897e+00
1.122600e+00 2.141639e+00
1.122800e+00 2.131007e+00
1.123000e+00 2.121008e+00
1.123200e+00 2.111649e+00
1.123400e+00 2.102933e+00
1.123600e+00 2.094865e+00
1.123800e+00 2.087444e+00
1.124000e+00 2.080674e+00
1.124200e+00 2.074552e+00
1.124400e+00 2.069078e+00
1.124600e+00 2.064250e+00
1.124800e+00 2.060067e+00
1.125000e+00 2.056525e+00
1.125200e+00 2.053621e+00
1.125400e+00 2.051352e+00
1.125600e+00 2.049713e+00
1.125800e+00 2.048699e+00
1.126000e+00 2.048308e+00
1.126200e+00 2.048533e+00
1.126400e+00 2.049370e+00
1.126600e+00 2.050813e+00
1.126800e+00 2.052858e+00
1.127000e+00 2.055498e+00
1.127200e+00 2.058728e+00
1.127400e+00 2.062542e+00
1.127600e+00 2.066933e+00
1.127800e+00 2.071896e+00
1.128000e+00 2.077424e+00
1.128200e+00 2.083509e+00
1.128400e+00 2.090144e+00
1.128600e+00 2.097323e+00
1.128800e+00 2.105036e+00
1.129000e+00 2.113276e+00
1.129200e+00 2.122033e+00
1.129400e+00 2.131297e+00
1.129600e+00 2.141059e+00
1.129800e+00 2.151309e+00
1.130000e+00 2.162033e+00
1.130200e+00 2.173221e+00
1.130400e+00 2.184859e+00
1.130600e+00 2.196933e+00
1.130800e+00 2.209429e+00
1.131000e+00 2.222331e+00
1.131200e+00 2.235621e+00
1.131400e+00 2.249283e+00
1.131600e+00 2.263297e+00
1.131800e+00 2.277643e+00
1.132000e+00 2.292301e+00
1.132200e+00 2.307248e+00
1.132400e+00 2.322461e+00
1.132600e+00 2.337915e+00
1.132800e+00 2.353586e+00
1.133000e+00 2.369447e+00
1.133200e+00 2.385471e+00
1.133400e+00 2.401629e+00
1.133600e+00 2.417894e+00
1.133800e+00 2.434236e+00
1.134000e+00 2.450626e+00
1.134200e+00 2.467032e+00
1.134400e+00 2.483427e+00
1.134600e+00 2.499780e+00
1.134800e+00 2.516061e+00
1.135000e+00 2.532242e+00
1.135200e+00 2.548295e+00
1.135400e+00 2.564193e+00
1.135600e+00 2.579912e+00
1.135800e+00 2.595426e+00
1.136000e+00 2.610715e+00
1.136200e+00 2.625757e+00
1.136400e+00 2.640537e+00
1.136600e+00 2.655038e+00
1.136800e+00 2.669247e+00
1.137000e+00 2.683155e+00
1.137200e+00 2.696754e+00
1.137400e+00 2.710040e+00
1.137600e+00 2.723011e+00
1.137800e+00 2.735668e+00
1.138000e+00 2.748012e+00
1.138200e+00 2.760051e+00
1.138400e+00 2.771791e+00
1.138600e+00 2.783241e+00
1.138800e+00 2.794412e+00
1.139000e+00 2.805314e+00
1.139200e+00 2.815959e+00
1.139400e+00 2.826359e+00
1.139600e+00 2.836526e+00
1.139800e+00 2.846469e+00
1.140000e+00 2.856199e+00
1.140200e+00 2.865722e+00
1.140400e+00 2.875044e+00
1.140600e+00 2.884167e+00
1.140800e+00 2.893091e+00
1.141000e+00 2.901814e+00
1.141200e+00 2.910328e+00
1.141400e+00 2.918624e+00
1.141600e+00 2.926687e+00
1.141800e+00 2.934502e+00
1.142000e+00 2.942048e+00
1.142200e+00 2.949302e+00
1.142400e+00 2.956237e+00
1.142600e+00 2.962826e+00
1.142800e+00 2.969037e+00
1.143000e+00 2.974838e+00
1.143200e+00 2.980198e+00
1.143400e+00 2.985083e+00
1.143600e+00 2.989460e+00
1.143800e+00 2.993299e+00
1.144000e+00 2.996569e+00
1.144200e+00 2.999242e+00
1.144400e+00 3.001295e+00
1.144600e+00 3.002707e+00
1.144800e+00 3.003461e+00
1.145000e+00 3.003545e+00
1.145200e+00 3.002951e+00
1.145400e+00 3.001677e+00
1.145600e+00 2.999725e+00
1.145800e+00 2.997104e+00
1.146000e+00 2.993827e+00
1.146200e+00 2.989911e+00
1.146400e+00 2.985380e+00
1.146600e+00 2.980261e+00
1.146800e+00 2.974585e+00
1.147000e+00 2.968387e+00
1.147200e+00 2.961704e+00
1.147400e+00 2.954577e+00
1.147600e+00 2.947048e+00
1.147800e+00 2.939160e+00
1.148000e+00 2.930956e+00
1.148200e+00 2.922481e+00
1.148400e+00 2.913778e+00
1.148600e+00 2.904889e+00
1.148800e+00 2.895855e+00
1.149000e+00 2.886714e+00
1.149200e+00 2.877504e+00
1.149400e+00 2.868256e+00
1.149600e+00 2.859002e+00
1.149800e+00 2.849768e+00
1.150000e+00 2.840576e+00
1.150200e+00 2.831448e+00
1.150400e+00 2.822396e+00
1.150600e+00 2.813433e+00
1.150800e+00 2.804564e+00
1.151000e+00 2.795793e+00
1.151200e+00 2.787119e+00
1.151400e+00 2.778534e+00
1.151600e+00 2.770030e+00
1.151800e+00 2.761592e+00
1.152000e+00 2.753203e+00
1.152200e+00 2.744841e+00
1.152400e+00 2.736483e+00
1.152600e+00 2.728099e+00
1.152800e+00 2.719659e+00
1.153000e+00 2.711130e+00
1.153200e+00 2.702476e+00
1.153400e+00 2.693660e+00
1.153600e+00 2.684641e+00
1.153800e+00 2.675379e+00
1.154000e+00 2.665834e+00
1.154200e+00 2.655963e+00
1.154400e+00 2.645725e+00
1.154600e+00 2.635079e+00
1.154800e+00 2.623985e+00
1.155000e+00 2.612405e+00
1.155200e+00 2.600302e+00
1.155400e+00 2.587643e+00
1.155600e+00 2.574396e+00
1.155800e+00 2.560534e+00
1.156000e+00 2.546033e+00
1.156200e+00 2.530872e+00
1.156400e+00 2.515037e+00
1.156600e+00 2.498517e+00
1.156800e+00 2.481305e+00
1.157000e+00 2.463400e+00
1.157200e+00 2.444807e+00
1.157400e+00 2.425534e+00
1.157600e+00 2.405595e+00
1.157800e+00 2.385011e+00
1.158000e+00 2.363804e+00
1.158200e+00 2.342004e+00
1.158400e+00 2.319642e+00
1.158600e+00 2.296755e+00
1.158800e+00 2.273384e+00
1.159000e+00 2.249571e+00
1.159200e+00 2.225363e+00
1.159400e+00 2.200808e+00
1.159600e+00 2.175955e+00
1.159800e+00 2.150856e+00
1.160000e+00 2.125562e+00
1.160200e+00 2.100127e+00
1.160400e+00 2.074603e+00
1.160600e+00 2.049041e+00
1.160800e+00 2.023493e+00
1.161000e+00 1.998008e+00
1.161200e+00 1.972637e+00
1.161400e+00 1.947424e+00
1.161600e+00 1.922416e+00
1.161800e+00 1.897656e+00
1.162000e+00 1.873183e+00
1.162200e+00 1.849037e+00
1.162400e+00 1.825253e+00
1.162600e+00 1.801864e+00
1.162800e+00 1.778902e+00
1.163000e+00 1.756395e+00
1.163200e+00 1.734369e+00
1.163400e+00 1.712847e+00
1.163600e+00 1.691852e+00
1.163800e+00 1.671402e+00
1.164000e+00 1.651513e+00
1.164200e+00 1.632203e+00
1.164400e+00 1.613482e+00
1.164600e+00 1.595364e+00
1.164800e+00 1.577857e+00
1.165000e+00 1.560970e+00
1.165200e+00 1.544711e+00
1.165400e+00 1.529085e+00
1.165600e+00 1.514096e+00
1.165800e+00 1.499750e+00
1.166000e+00 1.486048e+00
1.166200e+00 1.472993e+00
1.166400e+00 1.460587e+00
1.166600e+00 1.448831e+00
1.166800e+00 1.437727e+00
1.167000e+00 1.427276e+00
1.167200e+00 1.417477e+00
1.167400e+00 1.408333e+00
1.167600e+00 1.399846e+00
1.167800e+00 1.392016e+00
1.168000e+00 1.384848e+00
1.168200e+00 1.378347e+00
1.168400e+00 1.372521e+00
1.168600e+00 1.367383e+00
1.168800e+00 1.362959e+00
1.169000e+00 1.359317e+00
1.169200e+00 1.360673e+00
1.169400e+00 1.364716e+00
1.169600e+00 1.366509e+00
1.169800e+00 1.368079e+00
1.170000e+00 1.369811e+00
1.170200e+00 1.371865e+00
1.170400e+00 1.374323e+00
1.170600e+00 1.377238e+00
1.170800e+00 1.380644e+00
1.171000e+00 1.384567e+00
1.171200e+00 1.389026e+00
1.171400e+00 1.394036e+00
1.171600e+00 1.399611e+00
1.171800e+00 1.405762e+00
1.172000e+00 1.412498e+00
1.172200e+00 1.419830e+00
1.172400e+00 1.427765e+00
1.172600e+00 1.436311e+00
1.172800e+00 1.445477e+00
1.173000e+00 1.455268e+00
1.173200e+00 1.465692e+00
1.173400e+00 1.476755e+00
1.173600e+00 1.488463e+00
1.173800e+00 1.500821e+00
1.174000e+00 1.513834e+00
1.174200e+00 1.527505e+00
1.174400e+00 1.541839e+00
1.174600e+00 1.556837e+00
1.174800e+00 1.572501e+00
1.175000e+00 1.588831e+00
1.175200e+00 1.605825e+00
1.175400e+00 1.623481e+00
1.175600e+00 1.641794e+00
1.175800e+00 1.660758e+00
1.176000e+00 1.680363e+00
1.176200e+00 1.700598e+00
1.176400e+00 1.721448e+00
1.176600e+00 1.742897e+00
1.176800e+00 1.764922e+00
1.177000e+00 1.787500e+00
1.177200e+00 1.810602e+00
1.177400e+00 1.834194e+00
1.177600e+00 1.858239e+00
1.177800e+00 1.882693e+00
1.178000e+00 1.907510e+00
1.178200e+00 1.932634e+00
1.178400e+00 1.958006e+00
1.178600e+00 1.983562e+00
1.178800e+00 2.009228e+00
1.179000e+00 2.034929e+00
1.179200e+00 2.060579e+00
1.179400e+00 2.086089e+00
1.179600e+00 2.111365e+00
1.179800e+00 2.136305e+00
1.180000e+00 2.160804e+00
1.180200e+00 2.184753e+00
1.180400e+00 2.208041e+00
1.180600e+00 2.230552e+00
1.180800e+00 2.252172e+00
1.181000e+00 2.272786e+00
1.181200e+00 2.292281e+00
1.181400e+00 2.310547e+00
1.181600e+00 2.327482e+00
1.181800e+00 2.342988e+00
1.182000e+00 2.356977e+00
1.182200e+00 2.369372e+00
1.182400e+00 2.380107e+00
1.182600e+00 2.389133e+00
1.182800e+00 2.396414e+00
1.183000e+00 2.401931e+00
1.183200e+00 2.405684e+00
1.183400e+00 2.407691e+00
1.183600e+00 2.407989e+00
1.183800e+00 2.406634e+00
1.184000e+00 2.403703e+00
1.184200e+00 2.399289e+00
1.184400e+00 2.393504e+00
1.184600e+00 2.386476e+00
1.184800e+00 2.378349e+00
1.185000e+00 2.369279e+00
1.185200e+00 2.359437e+00
1.185400e+00 2.349000e+00
1.185600e+00 2.338155e+00
1.185800e+00 2.327094e+00
1.186000e+00 2.316011e+00
1.186200e+00 2.305103e+00
1.186400e+00 2.294564e+00
1.186600e+00 2.284584e+00
1.186800e+00 2.275348e+00
1.187000e+00 2.267031e+00
1.187200e+00 2.259794e+00
1.187400e+00 2.253787e+00
1.187600e+00 2.249140e+00
1.187800e+00 2.245960e+00
1.188000e+00 2.244333e+00
1.188200e+00 2.244312e+00
1.188400e+00 2.245922e+00
1.188600e+00 2.249147e+00
1.188800e+00 2.253933e+00
1.189000e+00 2.260182e+00
1.189200e+00 2.267749e+00
1.189400e+00 2.276439e+00
1.189600e+00 2.286010e+00
1.189800e+00 2.296171e+00
1.190000e+00 2.306584e+00
1.190200e+00 2.316876e+00
1.190400e+00 2.326640e+00
1.190600e+00 2.335452e+00
1.190800e+00 2.342881e+00
1.191000e+00 2.348506e+00
1.191200e+00 2.351931e+00
1.191400e+00 2.352802e+00
1.191600e+00 2.350819e+00
1.191800e+00 2.345754e+00
1.192000e+00 2.337455e+00
1.192200e+00 2.325851e+00
1.192400e+00 2.310957e+00
1.192600e+00 2.292866e+00
1.192800e+00 2.271743e+00
1.193000e+00 2.247813e+00
1.193200e+00 2.221351e+00
1.193400e+00 2.192670e+00
1.193600e+00 2.162101e+00
1.193800e+00 2.129987e+00
1.194000e+00 2.096670e+00
1.194200e+00 2.062480e+00
1.194400e+00 2.027729e+00
1.194600e+00 1.992708e+00
1.194800e+00 1.957680e+00
1.195000e+00 1.922879e+00
1.195200e+00 1.888512e+00
1.195400e+00 1.854756e+00
1.195600e+00 1.821764e+00
1.195800e+00 1.789662e+00
1.196000e+00 1.758553e+00
1.196200e+00 1.728521e+00
1.196400e+00 1.699633e+00
1.196600e+00 1.671938e+00
1.196800e+00 1.645476e+00
1.197000e+00 1.620271e+00
1.197200e+00 1.596342e+00
1.197400e+00 1.573699e+00
1.197600e+00 1.552345e+00
1.197800e+00 1.532282e+00
1.198000e+00 1.513504e+00
1.198200e+00 1.496007e+00
1.198400e+00 1.479782e+00
1.198600e+00 1.464823e+00
1.198800e+00 1.451119e+00
1.199000e+00 1.438664e+00
1.199200e+00 1.427451e+00
1.199400e+00 1.417474e+00
1.199600e+00 1.408729e+00
1.199800e+00 1.401214e+00
1.200000e+00 1.394928e+00
1.200200e+00 1.389874e+00
1.200400e+00 1.386057e+00
1.200600e+00 1.383483e+00
1.200800e+00 1.382163e+00
1.201000e+00 1.382108e+00
1.201200e+00 1.383335e+00
1.201400e+00 1.385860e+00
1.201600e+00 1.389706e+00
1.201800e+00 1.394895e+00
1.202000e+00 1.401454e+00
1.202200e+00 1.409412e+00
1.202400e+00 1.418798e+00
1.202600e+00 1.429646e+00
1.202800e+00 1.441991e+00
1.203000e+00 1.455868e+00
1.203200e+00 1.471313e+00
1.203400e+00 1.488363e+00
1.203600e+00 1.507053e+00
1.203800e+00 1.527416e+00
1.204000e+00 1.549483e+00
1.204200e+00 1.573280e+00
1.204400e+00 1.598825e+00
1.204600e+00 1.626129e+00
1.204800e+00 1.655194e+00
1.205000e+00 1.686006e+00
1.205200e+00 1.718535e+00
1.205400e+00 1.752735e+00
1.205600e+00 1.788533e+00
1.205800e+00 1.825833e+00
1.206000e+00 1.864506e+00
1.206200e+00 1.904391e+00
1.206400e+00 1.945291e+00
1.206600e+00 1.986965e+00
1.206800e+00 2.029133e+00
1.207000e+00 2.071471e+00
1.207200e+00 2.113610e+00
1.207400e+00 2.155143e+00
1.207600e+00 2.195624e+00
1.207800e+00 2.234578e+00
1.208000e+00 2.271507e+00
1.208200e+00 2.305906e+00
1.208400e+00 2.337271e+00
1.208600e+00 2.365119e+00
1.208800e+00 2.388999e+00
1.209000e+00 2.408514e+00
1.209200e+00 2.423330e+00
1.209400e+00 2.433194e+00
1.209600e+00 2.437941e+00
1.209800e+00 2.437501e+00
1.210000e+00 2.431903e+00
1.210200e+00 2.421266e+00
1.210400e+00 2.405802e+00
1.210600e+00 2.385798e+00
1.210800e+00 2.361606e+00
1.211000e+00 2.333629e+00
1.211200e+00 2.302306e+00
1.211400e+00 2.268093e+00
1.211600e+00 2.231457e+00
1.211800e+00 2.192852e+00
1.212000e+00 2.152720e+00
1.212200e+00 2.111475e+00
1.212400e+00 2.069500e+00
1.212600e+00 2.027143e+00
1.212800e+00 1.984714e+00
1.213000e+00 1.942486e+00
1.213200e+00 1.900692e+00
1.213400e+00 1.859532e+00
1.213600e+00 1.819169e+00
1.213800e+00 1.779739e+00
1.214000e+00 1.741348e+00
1.214200e+00 1.704077e+00
1.214400e+00 1.667986e+00
1.214600e+00 1.633117e+00
1.214800e+00 1.599494e+00
1.215000e+00 1.567128e+00
1.215200e+00 1.536021e+00
1.215400e+00 1.506161e+00
1.215600e+00 1.477534e+00
1.215800e+00 1.450114e+00
1.216000e+00 1.423876e+00
1.216200e+00 1.398788e+00
1.216400e+00 1.374815e+00
1.216600e+00 1.351923e+00
1.216800e+00 1.330074e+00
1.217000e+00 1.309231e+00
1.217200e+00 1.289356e+00
1.217400e+00 1.270413e+00
1.217600e+00 1.252363e+00
1.217800e+00 1.235172e+00
1.218000e+00 1.218804e+00
1.218200e+00 1.203225e+00
1.218400e+00 1.188402e+00
1.218600e+00 1.174304e+00
1.218800e+00 1.160898e+00
1.219000e+00 1.148158e+00
1.219200e+00 1.136053e+00
1.219400e+00 1.124559e+00
1.219600e+00 1.113648e+00
1.219800e+00 1.103298e+00
1.220000e+00 1.093485e+00
1.220200e+00 1.084187e+00
1.220400e+00 1.075383e+00
1.220600e+00 1.067054e+00
1.220800e+00 1.059182e+00
1.221000e+00 1.051747e+00
1.221200e+00 1.044734e+00
1.221400e+00 1.038127e+00
1.221600e+00 1.031910e+00
1.221800e+00 1.026070e+00
1.222000e+00 1.020594e+00
1.222200e+00 1.015468e+00
1.222400e+00 1.010681e+00
1.222600e+00 1.006221e+00
1.222800e+00 1.002079e+00
1.223000e+00 9.982428e-01
1.223200e+00 9.947044e-01
1.223400e+00 9.914547e-01
1.223600e+00 9.884851e-01
1.223800e+00 9.857879e-01
1.224000e+00 9.833557e-01
1.224200e+00 9.811816e-01
1.224400e+00 9.792589e-01
1.224600e+00 9.775817e-01
1.224800e+00 9.761442e-01
1.225000e+00 9.749411e-01
1.225200e+00 9.739672e-01
1.225400e+00 9.732181e-01
1.225600e+00 9.726893e-01
1.225800e+00 9.723768e-01
1.226000e+00 9.722769e-01
1.226200e+00 9.723861e-01
1.226400e+00 9.727012e-01
1.226600e+00 9.732193e-01
1.226800e+00 9.739378e-01
1.227000e+00 9.748542e-01
1.227200e+00 9.759662e-01
1.227400e+00 9.772720e-01
1.227600e+00 9.787698e-01
1.227800e+00 9.804580e-01
1.228000e+00 9.823354e-01
1.228200e+00 9.844007e-01
1.228400e+00 9.866530e-01
1.228600e+00 9.890916e-01
1.228800e+00 9.917160e-01
1.229000e+00 9.945256e-01
1.229200e+00 9.975204e-01
1.229400e+00 1.000700e+00
1.229600e+00 1.004065e+00
1.229800e+00 1.007616e+00
1.230000e+00 1.011353e+00
1.230200e+00 1.015276e+00
1.230400e+00 1.019387e+00
1.230600e+00 1.023686e+00
1.230800e+00 1.028175e+00
1.231000e+00 1.032854e+00
1.231200e+00 1.037726e+00
1.231400e+00 1.042792e+00
1.231600e+00 1.048053e+00
1.231800e+00 1.053512e+00
1.232000e+00 1.059171e+00
1.232200e+00 1.065032e+00
1.232400e+00 1.071097e+00
1.232600e+00 1.077368e+00
1.232800e+00 1.083849e+00
1.233000e+00 1.090543e+00
1.233200e+00 1.097452e+00
1.233400e+00 1.104580e+00
1.233600e+00 1.111930e+00
1.233800e+00 1.119506e+00
1.234000e+00 1.127311e+00
1.234200e+00 1.135349e+00
1.234400e+00 1.143624e+00
1.234600e+00 1.152141e+00
1.234800e+00 1.160904e+00
1.235000e+00 1.169917e+00
1.235200e+00 1.179185e+00
1.235400e+00 1.188713e+00
1.235600e+00 1.198506e+00
1.235800e+00 1.208569e+00
1.236000e+00 1.218908e+00
1.236200e+00 1.229528e+00
1.236400e+00 1.240436e+00
1.236600e+00 1.251636e+00
1.236800e+00 1.263135e+00
1.237000e+00 1.274939e+00
1.237200e+00 1.287055e+00
1.237400e+00 1.299489e+00
1.237600e+00 1.312248e+00
1.237800e+00 1.325339e+00
1.238000e+00 1.338768e+00
1.238200e+00 1.352542e+00
1.238400e+00 1.366670e+00
1.238600e+00 1.381157e+00
1.238800e+00 1.396011e+00
1.239000e+00 1.411241e+00
1.239200e+00 1.426852e+00
1.239400e+00 1.442852e+00
1.239600e+00 1.459250e+00
1.239800e+00 1.476052e+00
1.240000e+00 1.493265e+00
1.240200e+00 1.510897e+00
1.240400e+00 1.528954e+00
1.240600e+00 1.547444e+00
1.240800e+00 1.566374e+00
1.241000e+00 1.585749e+00
1.241200e+00 1.605575e+00
1.241400e+00 1.625858e+00
1.241600e+00 1.646603e+00
1.241800e+00 1.667815e+00
1.242000e+00 1.689497e+00
1.242200e+00 1.711654e+00
1.242400e+00 1.734286e+00
1.242600e+00 1.757396e+00
1.242800e+00 1.780984e+00
1.243000e+00 1.805049e+00
1.243200e+00 1.829590e+00
1.243400e+00 1.854604e+00
1.243600e+00 1.880086e+00
1.243800e+00 1.906029e+00
1.244000e+00 1.932426e+00
1.244200e+00 1.959267e+00
1.244400e+00 1.986541e+00
1.244600e+00 2.014232e+00
1.244800e+00 2.042325e+00
1.245000e+00 2.070801e+00
1.245200e+00 2.099640e+00
1.245400e+00 2.128816e+00
1.245600e+00 2.158304e+00
1.245800e+00 2.188074e+00
1.246000e+00 2.218094e+00
1.246200e+00 2.248328e+00
1.246400e+00 2.278738e+00
1.246600e+00 2.309282e+00
1.246800e+00 2.339916e+00
1.247000e+00 2.370591e+00
1.247200e+00 2.401259e+00
1.247400e+00 2.431865e+00
1.247600e+00 2.462353e+00
1.247800e+00 2.492666e+00
1.248000e+00 2.522744e+00
1.248200e+00 2.552525e+00
1.248400e+00 2.581944e+00
1.248600e+00 2.610939e+00
1.248800e+00 2.639443e+00
1.249000e+00 2.667393e+00
1.249200e+00 2.694723e+00
1.249400e+00 2.721371e+00
1.249600e+00 2.747275e+00
1.249800e+00 2.772375e+00
1.250000e+00 2.796615e+00
1.250200e+00 2.819941e+00
1.250400e+00 2.842305e+00
1.250600e+00 2.863661e+00
1.250800e+00 2.883971e+00
1.251000e+00 2.903200e+00
1.251200e+00 2.921321e+00
1.251400e+00 2.938311e+00
1.251600e+00 2.954155e+00
1.251800e+00 2.968845e+00
1.252000e+00 2.982379e+00
1.252200e+00 2.994762e+00
1.252400e+00 3.006005e+00
1.252600e+00 3.016129e+00
1.252800e+00 3.025156e+00
1.253000e+00 3.033118e+00
1.253200e+00 3.040052e+00
1.253400e+00 3.045998e+00
1.253600e+00 3.051004e+00
1.253800e+00 3.055120e+00
1.254000e+00 3.058401e+00
1.254200e+00 3.060904e+00
1.254400e+00 3.062688e+00
1.254600e+00 3.063816e+00
1.254800e+00 3.064352e+00
1.255000e+00 3.064359e+00
1.255200e+00 3.063903e+00
1.255400e+00 3.063048e+00
1.255600e+00 3.061857e+00
1.255800e+00 3.060395e+00
1.256000e+00 3.058724e+00
1.256200e+00 3.056902e+00
1.256400e+00 3.054990e+00
1.256600e+00 3.053042e+00
1.256800e+00 3.051114e+00
1.257000e+00 3.049256e+00
1.257200e+00 3.047519e+00
1.257400e+00 3.045947e+00
1.257600e+00 3.044585e+00
1.257800e+00 3.043474e+00
1.258000e+00 3.042651e+00
1.258200e+00 3.042153e+00
1.258400e+00 3.042013e+00
1.258600e+00 3.042260e+00
1.258800e+00 3.042923e+00
1.259000e+00 3.044027e+00
1.259200e+00 3.045595e+00
1.259400e+00 3.047648e+00
1.259600e+00 3.050204e+00
1.259800e+00 3.053281e+00
1.260000e+00 3.056892e+00
1.260200e+00 3.061051e+00
1.260400e+00 3.065768e+00
1.260600e+00 3.071053e+00
1.260800e+00 3.076914e+00
1.261000e+00 3.083357e+00
1.261200e+00 3.090387e+00
1.261400e+00 3.098006e+00
1.261600e+00 3.106217e+00
1.261800e+00 3.115021e+00
1.262000e+00 3.124417e+00
1.262200e+00 3.134402e+00
1.262400e+00 3.144974e+00
1.262600e+00 3.156128e+00
1.262800e+00 3.167857e+00
1.263000e+00 3.180156e+00
1.263200e+00 3.193015e+00
1.263400e+00 3.206424e+00
1.263600e+00 3.220371e+00
1.263800e+00 3.234843e+00
1.264000e+00 3.249825e+00
1.264200e+00 3.265301e+00
1.264400e+00 3.281252e+00
1.264600e+00 3.297658e+00
1.264800e+00 3.314495e+00
1.265000e+00 3.331740e+00
1.265200e+00 3.349365e+00
1.265400e+00 3.367342e+00
1.265600e+00 3.385638e+00
1.265800e+00 3.404221e+00
1.266000e+00 3.423053e+00
1.266200e+00 3.442096e+00
1.266400e+00 3.461310e+00
1.266600e+00 3.480651e+00
1.266800e+00 3.500075e+00
1.267000e+00 3.519533e+00
1.267200e+00 3.538977e+00
1.267400e+00 3.558356e+00
1.267600e+00 3.577620e+00
1.267800e+00 3.596714e+00
1.268000e+00 3.615587e+00
1.268200e+00 3.634183e+00
1.268400e+00 3.652451e+00
1.268600e+00 3.670338e+00
1.268800e+00 3.687791e+00
1.269000e+00 3.704762e+00
1.269200e+00 3.721201e+00
1.269400e+00 3.737063e+00
1.269600e+00 3.752305e+00
1.269800e+00 3.766888e+00
1.270000e+00 3.780775e+00
1.270200e+00 3.793933e+00
1.270400e+00 3.806334e+00
1.270600e+00 3.817955e+00
1.270800e+00 3.828774e+00
1.271000e+00 3.838778e+00
1.271200e+00 3.847955e+00
1.271400e+00 3.856300e+00
1.271600e+00 3.863810e+00
1.271800e+00 3.870489e+00
1.272000e+00 3.876342e+00
1.272200e+00 3.881382e+00
1.272400e+00 3.885623e+00
1.272600e+00 3.889081e+00
1.272800e+00 3.891780e+00
1.273000e+00 3.893742e+00
1.273200e+00 3.894995e+00
1.273400e+00 3.895567e+00
1.273600e+00 3.895489e+00
1.273800e+00 3.894794e+00
1.274000e+00 3.893514e+00
1.274200e+00 3.891685e+00
1.274400e+00 3.889342e+00
1.274600e+00 3.886521e+00
1.274800e+00 3.883258e+00
1.275000e+00 3.879590e+00
1.275200e+00 3.875552e+00
1.275400e+00 3.871180e+00
1.275600e+00 3.866510e+00
1.275800e+00 3.861575e+00
1.276000e+00 3.856411e+00
1.276200e+00 3.851050e+00
1.276400e+00 3.845524e+00
1.276600e+00 3.839865e+00
1.276800e+00 3.834103e+00
1.277000e+00 3.828268e+00
1.277200e+00 3.822387e+00
1.277400e+00 3.816489e+00
1.277600e+00 3.810599e+00
1.277800e+00 3.804743e+00
1.278000e+00 3.798945e+00
1.278200e+00 3.793228e+00
1.278400e+00 3.787615e+00
1.278600e+00 3.782127e+00
1.278800e+00 3.776785e+00
1.279000e+00 3.771609e+00
1.279200e+00 3.766617e+00
1.279400e+00 3.761828e+00
1.279600e+00 3.757259e+00
1.279800e+00 3.752927e+00
1.280000e+00 3.748847e+00
1.280200e+00 3.745037e+00
1.280400e+00 3.741510e+00
1.280600e+00 3.738281e+00
1.280800e+00 3.735364e+00
1.281000e+00 3.732773e+00
1.281200e+00 3.730520e+00
1.281400e+00 3.728618e+00
1.281600e+00 3.727079e+00
1.281800e+00 3.725915e+00
1.282000e+00 3.725137e+00
1.282200e+00 3.724757e+00
1.282400e+00 3.724785e+00
1.282600e+00 3.725233e+00
1.282800e+00 3.726109e+00
1.283000e+00 3.727423e+00
1.283200e+00 3.729186e+00
1.283400e+00 3.731406e+00
1.283600e+00 3.734092e+00
1.283800e+00 3.737253e+00
1.284000e+00 3.740896e+00
1.284200e+00 3.745030e+00
1.284400e+00 3.749661e+00
1.284600e+00 3.754797e+00
1.284800e+00 3.760443e+00
1.285000e+00 3.766606e+00
1.285200e+00 3.773291e+00
1.285400e+00 3.780503e+00
1.285600e+00 3.788246e+00
1.285800e+00 3.796522e+00
1.286000e+00 3.805335e+00
1.286200e+00 3.814687e+00
1.286400e+00 3.824577e+00
1.286600e+00 3.835008e+00
1.286800e+00 3.845976e+00
1.287000e+00 3.857480e+00
1.287200e+00 3.869517e+00
1.287400e+00 3.882082e+00
1.287600e+00 3.895169e+00
1.287800e+00 3.908770e+00
1.288000e+00 3.922877e+00
1.288200e+00 3.937479e+00
1.288400e+00 3.952564e+00
1.288600e+00 3.968118e+00
1.288800e+00 3.984125e+00
1.289000e+00 4.000566e+00
1.289200e+00 4.017422e+00
1.289400e+00 4.034672e+00
1.289600e+00 4.052290e+00
1.289800e+00 4.070250e+00
1.290000e+00 4.088524e+00
1.290200e+00 4.107080e+00
1.290400e+00 4.125886e+00
1.290600e+00 4.144905e+00
1.290800e+00 4.164100e+00
1.291000e+00 4.183429e+00
1.291200e+00 4.202852e+00
1.291400e+00 4.222322e+00
1.291600e+00 4.241793e+00
1.291800e+00 4.261217e+00
1.292000e+00 4.280544e+00
1.292200e+00 4.299720e+00
1.292400e+00 4.318692e+00
1.292600e+00 4.337407e+00
1.292800e+00 4.355807e+00
1.293000e+00 4.373838e+00
1.293200e+00 4.391441e+00
1.293400e+00 4.408561e+00
1.293600e+00 4.425142e+00
1.293800e+00 4.441126e+00
1.294000e+00 4.456460e+00
1.294200e+00 4.471090e+00
1.294400e+00 4.484964e+00
1.294600e+00 4.498033e+00
1.294800e+00 4.510248e+00
1.295000e+00 4.521567e+00
1.295200e+00 4.531947e+00
1.295400e+00 4.541351e+00
1.295600e+00 4.549744e+00
1.295800e+00 4.557096e+00
1.296000e+00 4.563382e+00
1.296200e+00 4.568578e+00
1.296400e+00 4.572669e+00
1.296600e+00 4.575640e+00
1.296800e+00 4.577485e+00
1.297000e+00 4.578200e+00
1.297200e+00 4.577786e+00
1.297400e+00 4.576250e+00
1.297600e+00 4.573600e+00
1.297800e+00 4.569853e+00
1.298000e+00 4.565026e+00
1.298200e+00 4.559143e+00
1.298400e+00 4.552229e+00
1.298600e+00 4.544315e+00
1.298800e+00 4.535434e+00
1.299000e+00 4.525622e+00
1.299200e+00 4.514916e+00
1.299400e+00 4.503358e+00
1.299600e+00 4.490991e+00
1.299800e+00 4.477858e+00
1.300000e+00 4.464006e+00
1.300200e+00 4.449480e+00
1.300400e+00 4.434329e+00
1.300600e+00 4.418600e+00
1.300800e+00 4.402342e+00
1.301000e+00 4.385602e+00
1.301200e+00 4.368428e+00
1.301400e+00 4.350869e+00
1.301600e+00 4.332970e+00
1.301800e+00 4.314778e+00
1.302000e+00 4.296338e+00
1.302200e+00 4.277693e+00
1.302400e+00 4.258887e+00
1.302600e+00 4.239960e+00
1.302800e+00 4.220953e+00
1.303000e+00 4.201904e+00
1.303200e+00 4.182850e+00
1.303400e+00 4.163827e+00
1.303600e+00 4.144868e+00
1.303800e+00 4.126006e+00
1.304000e+00 4.107270e+00
1.304200e+00 4.088691e+00
1.304400e+00 4.070294e+00
1.304600e+00 4.052106e+00
1.304800e+00 4.034151e+00
1.305000e+00 4.016450e+00
1.305200e+00 3.999026e+00
1.305400e+00 3.981897e+00
1.305600e+00 3.965080e+00
1.305800e+00 3.948594e+00
1.306000e+00 3.932452e+00
1.306200e+00 3.916668e+00
1.306400e+00 3.901254e+00
1.306600e+00 3.886222e+00
1.306800e+00 3.871581e+00
1.307000e+00 3.857340e+00
1.307200e+00 3.843506e+00
1.307400e+00 3.830087e+00
1.307600e+00 3.817086e+00
1.307800e+00 3.804510e+00
1.308000e+00 3.792360e+00
1.308200e+00 3.780640e+00
1.308400e+00 3.769352e+00
1.308600e+00 3.758496e+00
1.308800e+00 3.748073e+00
1.309000e+00 3.738083e+00
1.309200e+00 3.728523e+00
1.309400e+00 3.719392e+00
1.309600e+00 3.710689e+00
1.309800e+00 3.702410e+00
1.310000e+00 3.694552e+00
1.310200e+00 3.687110e+00
1.310400e+00 3.680082e+00
1.310600e+00 3.673462e+00
1.310800e+00 3.667245e+00
1.311000e+00 3.661427e+00
1.311200e+00 3.656002e+00
1.311400e+00 3.650964e+00
1.311600e+00 3.646308e+00
1.311800e+00 3.642027e+00
1.312000e+00 3.638115e+00
1.312200e+00 3.634567e+00
1.312400e+00 3.631376e+00
1.312600e+00 3.628535e+00
1.312800e+00 3.626039e+00
1.313000e+00 3.623882e+00
1.313200e+00 3.622056e+00
1.313400e+00 3.620556e+00
1.313600e+00 3.619376e+00
1.313800e+00 3.618510e+00
1.314000e+00 3.617952e+00
1.314200e+00 3.617696e+00
1.314400e+00 3.617737e+00
1.314600e+00 3.618070e+00
1.314800e+00 3.618689e+00
1.315000e+00 3.619590e+00
1.315200e+00 3.620768e+00
1.315400e+00 3.622217e+00
1.315600e+00 3.623935e+00
1.315800e+00 3.625917e+00
1.316000e+00 3.628159e+00
1.316200e+00 3.630658e+00
1.316400e+00 3.633409e+00
1.316600e+00 3.636411e+00
1.316800e+00 3.639660e+00
1.317000e+00 3.643153e+00
1.317200e+00 3.646888e+00
1.317400e+00 3.650862e+00
1.317600e+00 3.655073e+00
1.317800e+00 3.659519e+00
1.318000e+00 3.664198e+00
1.318200e+00 3.669108e+00
1.318400e+00 3.674247e+00
1.318600e+00 3.679612e+00
1.318800e+00 3.685202e+00
1.319000e+00 3.691015e+00
1.319200e+00 3.697048e+00
1.319400e+00 3.703298e+00
1.319600e+00 3.709764e+00
1.319800e+00 3.716441e+00
1.320000e+00 3.723326e+00
1.320200e+00 3.730415e+00
1.320400e+00 3.737704e+00
1.320600e+00 3.745187e+00
1.320800e+00 3.752857e+00
1.321000e+00 3.760709e+00
1.321200e+00 3.768735e+00
1.321400e+00 3.776925e+00
1.321600e+00 3.785270e+00
1.321800e+00 3.793760e+00
1.322000e+00 3.802381e+00
1.322200e+00 3.811121e+00
1.322400e+00 3.819964e+00
1.322600e+00 3.828894e+00
1.322800e+00 3.837892e+00
1.323000e+00 3.846940e+00
1.323200e+00 3.856016e+00
1.323400e+00 3.865097e+00
1.323600e+00 3.874158e+00
1.323800e+00 3.883172e+00
1.324000e+00 3.892112e+00
1.324200e+00 3.900948e+00
1.324400e+00 3.909648e+00
1.324600e+00 3.918179e+00
1.324800e+00 3.926507e+00
1.325000e+00 3.934597e+00
1.325200e+00 3.942412e+00
1.325400e+00 3.949915e+00
1.325600e+00 3.957067e+00
1.325800e+00 3.963830e+00
1.326000e+00 3.970165e+00
1.326200e+00 3.976035e+00
1.326400e+00 3.981401e+00
1.326600e+00 3.986227e+00
1.326800e+00 3.990477e+00
1.327000e+00 3.994117e+00
1.327200e+00 3.997115e+00
1.327400e+00 3.999441e+00
1.327600e+00 4.001067e+00
1.327800e+00 4.001970e+00
1.328000e+00 4.002128e+00
1.328200e+00 4.001524e+00
1.328400e+00 4.000143e+00
1.328600e+00 3.997976e+00
1.328800e+00 3.995017e+00
1.329000e+00 3.991263e+00
1.329200e+00 3.986717e+00
1.329400e+00 3.981384e+00
1.329600e+00 3.975275e+00
1.329800e+00 3.968405e+00
1.330000e+00 3.960790e+00
1.330200e+00 3.952453e+00
1.330400e+00 3.943417e+00
1.330600e+00 3.933711e+00
1.330800e+00 3.923365e+00
1.331000e+00 3.912413e+00
1.331200e+00 3.900888e+00
1.331400e+00 3.888828e+00
1.331600e+00 3.876271e+00
1.331800e+00 3.863257e+00
1.332000e+00 3.849824e+00
1.332200e+00 3.836014e+00
1.332400e+00 3.821868e+00
1.332600e+00 3.807425e+00
1.332800e+00 3.792725e+00
1.333000e+00 3.777809e+00
1.333200e+00 3.762714e+00
1.333400e+00 3.747478e+00
1.333600e+00 3.732136e+00
1.333800e+00 3.716725e+00
1.334000e+00 3.701277e+00
1.334200e+00 3.685825e+00
1.334400e+00 3.670397e+00
1.334600e+00 3.655024e+00
1.334800e+00 3.639732e+00
1.335000e+00 3.624546e+00
1.335200e+00 3.609489e+00
1.335400e+00 3.594584e+00
1.335600e+00 3.579850e+00
1.335800e+00 3.565307e+00
1.336000e+00 3.550970e+00
1.336200e+00 3.536856e+00
1.336400e+00 3.522978e+00
1.336600e+00 3.509349e+00
1.336800e+00 3.495980e+00
1.337000e+00 3.482882e+00
1.337200e+00 3.470062e+00
1.337400e+00 3.457529e+00
1.337600e+00 3.445289e+00
1.337800e+00 3.433347e+00
1.338000e+00 3.421709e+00
1.338200e+00 3.410378e+00
1.338400e+00 3.399357e+00
1.338600e+00 3.388649e+00
1.338800e+00 3.378254e+00
1.339000e+00 3.368174e+00
1.339200e+00 3.358410e+00
1.339400e+00 3.348960e+00
1.339600e+00 3.339825e+00
1.339800e+00 3.331004e+00
1.340000e+00 3.322495e+00
1.340200e+00 3.314295e+00
1.340400e+00 3.306405e+00
1.340600e+00 3.298820e+00
1.340800e+00 3.291539e+00
1.341000e+00 3.284558e+00
1.341200e+00 3.277875e+00
1.341400e+00 3.271487e+00
1.341600e+00 3.265390e+00
1.341800e+00 3.259582e+00
1.342000e+00 3.254059e+00
1.342200e+00 3.248818e+00
1.342400e+00 3.243855e+00
1.342600e+00 3.239168e+00
1.342800e+00 3.234752e+00
1.343000e+00 3.230605e+00
1.343200e+00 3.226723e+00
1.343400e+00 3.223103e+00
1.343600e+00 3.219743e+00
1.343800e+00 3.216638e+00
1.344000e+00 3.213787e+00
1.344200e+00 3.211187e+00
1.344400e+00 3.208834e+00
1.344600e+00 3.206728e+00
1.344800e+00 3.204864e+00
1.345000e+00 3.203242e+00
1.345200e+00 3.201859e+00
1.345400e+00 3.200714e+00
1.345600e+00 3.199805e+00
1.345800e+00 3.199130e+00
1.346000e+00 3.198689e+00
1.346200e+00 3.198481e+00
1.346400e+00 3.198505e+00
1.346600e+00 3.198761e+00
1.346800e+00 3.199248e+00
1.347000e+00 3.199966e+00
1.347200e+00 3.200916e+00
1.347400e+00 3.202098e+00
1.347600e+00 3.203513e+00
1.347800e+00 3.205162e+00
1.348000e+00 3.207047e+00
1.348200e+00 3.209168e+00
1.348400e+00 3.211528e+00
1.348600e+00 3.214129e+00
1.348800e+00 3.216972e+00
1.349000e+00 3.220061e+00
1.349200e+00 3.223399e+00
1.349400e+00 3.226987e+00
1.349600e+00 3.230831e+00
1.349800e+00 3.234932e+00
1.350000e+00 3.239295e+00
1.350200e+00 3.243924e+00
1.350400e+00 3.248822e+00
1.350600e+00 3.253993e+00
1.350800e+00 3.259443e+00
1.351000e+00 3.265174e+00
1.351200e+00 3.271192e+00
1.351400e+00 3.277500e+00
1.351600e+00 3.284103e+00
1.351800e+00 3.291005e+00
1.352000e+00 3.298210e+00
1.352200e+00 3.305722e+00
1.352400e+00 3.313542e+00
1.352600e+00 3.321675e+00
1.352800e+00 3.330123e+00
1.353000e+00 3.338886e+00
1.353200e+00 3.347965e+00
1.353400e+00 3.357360e+00
1.353600e+00 3.367069e+00
1.353800e+00 3.377088e+00
1.354000e+00 3.387413e+00
1.354200e+00 3.398037e+00
1.354400e+00 3.408951e+00
1.354600e+00 3.420144e+00
1.354800e+00 3.431601e+00
1.355000e+00 3.443305e+00
1.355200e+00 3.455236e+00
1.355400e+00 3.467369e+00
1.355600e+00 3.479675e+00
1.355800e+00 3.492122e+00
1.356000e+00 3.504671e+00
1.356200e+00 3.517280e+00
1.356400e+00 3.529900e+00
1.356600e+00 3.542477e+00
1.356800e+00 3.554953e+00
1.357000e+00 3.567260e+00
1.357200e+00 3.579329e+00
1.357400e+00 3.591083e+00
1.357600e+00 3.602440e+00
1.357800e+00 3.613317e+00
1.358000e+00 3.623623e+00
1.358200e+00 3.633268e+00
1.358400e+00 3.642160e+00
1.358600e+00 3.650209e+00
1.358800e+00 3.657326e+00
1.359000e+00 3.663428e+00
1.359200e+00 3.668439e+00
1.359400e+00 3.672292e+00
1.359600e+00 3.674930e+00
1.359800e+00 3.676313e+00
1.360000e+00 3.676413e+00
1.360200e+00 3.675221e+00
1.360400e+00 3.672746e+00
1.360600e+00 3.669017e+00
1.360800e+00 3.664081e+00
1.361000e+00 3.658003e+00
1.361200e+00 3.650868e+00
1.361400e+00 3.642776e+00
1.361600e+00 3.633840e+00
1.361800e+00 3.624186e+00
1.362000e+00 3.613949e+00
1.362200e+00 3.603268e+00
1.362400e+00 3.592287e+00
1.362600e+00 3.581148e+00
1.362800e+00 3.569994e+00
1.363000e+00 3.558959e+00
1.363200e+00 3.548174e+00
1.363400e+00 3.537758e+00
1.363600e+00 3.527824e+00
1.363800e+00 3.518471e+00
1.364000e+00 3.509790e+00
1.364200e+00 3.501858e+00
1.364400e+00 3.494744e+00
1.364600e+00 3.488504e+00
1.364800e+00 3.483184e+00
1.365000e+00 3.478822e+00
1.365200e+00 3.475446e+00
1.365400e+00 3.473076e+00
1.365600e+00 3.471725e+00
1.365800e+00 3.471399e+00
1.366000e+00 3.472100e+00
1.366200e+00 3.473823e+00
1.366400e+00 3.476559e+00
1.366600e+00 3.480297e+00
1.366800e+00 3.485020e+00
1.367000e+00 3.490710e+00
1.367200e+00 3.497346e+00
1.367400e+00 3.504906e+00
1.367600e+00 3.513365e+00
1.367800e+00 3.522696e+00
1.368000e+00 3.532871e+00
1.368200e+00 3.543863e+00
1.368400e+00 3.555640e+00
1.368600e+00 3.568171e+00
1.368800e+00 3.581425e+00
1.369000e+00 3.595367e+00
1.369200e+00 3.609964e+00
1.369400e+00 3.625180e+00
1.369600e+00 3.640979e+00
1.369800e+00 3.657323e+00
1.370000e+00 3.674175e+00
1.370200e+00 3.691495e+00
1.370400e+00 3.709242e+00
1.370600e+00 3.727377e+00
1.370800e+00 3.745856e+00
1.371000e+00 3.764636e+00
1.371200e+00 3.783676e+00
1.371400e+00 3.802929e+00
1.371600e+00 3.822352e+00
1.371800e+00 3.841899e+00
1.372000e+00 3.861525e+00
1.372200e+00 3.881185e+00
1.372400e+00 3.900834e+00
1.372600e+00 3.920427e+00
1.372800e+00 3.939920e+00
1.373000e+00 3.959270e+00
1.373200e+00 3.978435e+00
1.373400e+00 3.997373e+00
1.373600e+00 4.016047e+00
1.373800e+00 4.034417e+00
1.374000e+00 4.052449e+00
1.374200e+00 4.070110e+00
1.374400e+00 4.087369e+00
1.374600e+00 4.104197e+00
1.374800e+00 4.120569e+00
1.375000e+00 4.136463e+00
1.375200e+00 4.151858e+00
1.375400e+00 4.166738e+00
1.375600e+00 4.181088e+00
1.375800e+00 4.194898e+00
1.376000e+00 4.208160e+00
1.376200e+00 4.220867e+00
1.376400e+00 4.233018e+00
1.376600e+00 4.244612e+00
1.376800e+00 4.255652e+00
1.377000e+00 4.266141e+00
1.377200e+00 4.276087e+00
1.377400e+00 4.285496e+00
1.377600e+00 4.294380e+00
1.377800e+00 4.302749e+00
1.378000e+00 4.310616e+00
1.378200e+00 4.317993e+00
1.378400e+00 4.324895e+00
1.378600e+00 4.331337e+00
1.378800e+00 4.337332e+00
1.379000e+00 4.342896e+00
1.379200e+00 4.348044e+00
1.379400e+00 4.352791e+00
1.379600e+00 4.357152e+00
1.379800e+00 4.361140e+00
1.380000e+00 4.364770e+00
1.380200e+00 4.368054e+00
1.380400e+00 4.371006e+00
1.380600e+00 4.373637e+00
1.380800e+00 4.375958e+00
1.381000e+00 4.377979e+00
1.381200e+00 4.379711e+00
1.381400e+00 4.381162e+00
1.381600e+00 4.382341e+00
1.381800e+00 4.383254e+00
1.382000e+00 4.383908e+00
1.382200e+00 4.384311e+00
1.382400e+00 4.384466e+00
1.382600e+00 4.384378e+00
1.382800e+00 4.384052e+00
1.383000e+00 4.383491e+00
1.383200e+00 4.382699e+00
1.383400e+00 4.381678e+00
1.383600e+00 4.380429e+00
1.383800e+00 4.378956e+00
1.384000e+00 4.377260e+00
1.384200e+00 4.375341e+00
1.384400e+00 4.373202e+00
1.384600e+00 4.370842e+00
1.384800e+00 4.368263e+00
1.385000e+00 4.365464e+00
1.385200e+00 4.362448e+00
1.385400e+00 4.359213e+00
1.385600e+00 4.355760e+00
1.385800e+00 4.352090e+00
1.386000e+00 4.348203e+00
1.386200e+00 4.344100e+00
1.386400e+00 4.339781e+00
1.386600e+00 4.335246e+00
1.386800e+00 4.330497e+00
1.387000e+00 4.325535e+00
1.387200e+00 4.320359e+00
1.387400e+00 4.314972e+00
1.387600e+00 4.309375e+00
1.387800e+00 4.303569e+00
1.388000e+00 4.297556e+00
1.388200e+00 4.291338e+00
1.388400e+00 4.284916e+00
1.388600e+00 4.278294e+00
1.388800e+00 4.271473e+00
1.389000e+00 4.264457e+00
1.389200e+00 4.257247e+00
1.389400e+00 4.249848e+00
1.389600e+00 4.242263e+00
1.389800e+00 4.234494e+00
1.390000e+00 4.226547e+00
1.390200e+00 4.218425e+00
1.390400e+00 4.210132e+00
1.390600e+00 4.201673e+00
1.390800e+00 4.193052e+00
1.391000e+00 4.184275e+00
1.391200e+00 4.175346e+00
1.391400e+00 4.166271e+00
1.391600e+00 4.157055e+00
1.391800e+00 4.147704e+00
1.392000e+00 4.138224e+00
1.392200e+00 4.128621e+00
1.392400e+00 4.118902e+00
1.392600e+00 4.109072e+00
1.392800e+00 4.099139e+00
1.393000e+00 4.089109e+00
1.393200e+00 4.078988e+00
1.393400e+00 4.068785e+00
1.393600e+00 4.058506e+00
1.393800e+00 4.048159e+00
1.394000e+00 4.037750e+00
1.394200e+00 4.027288e+00
1.394400e+00 4.016779e+00
1.394600e+00 4.006231e+00
1.394800e+00 3.995652e+00
1.395000e+00 3.985049e+00
1.395200e+00 3.974429e+00
1.395400e+00 3.963801e+00
1.395600e+00 3.953172e+00
1.395800e+00 3.942549e+00
1.396000e+00 3.931940e+00
1.396200e+00 3.921352e+00
1.396400e+00 3.910792e+00
1.396600e+00 3.900267e+00
1.396800e+00 3.889784e+00
1.397000e+00 3.879351e+00
1.397200e+00 3.868973e+00
1.397400e+00 3.858657e+00
1.397600e+00 3.848409e+00
1.397800e+00 3.838236e+00
1.398000e+00 3.828143e+00
1.398200e+00 3.818136e+00
1.398400e+00 3.808220e+00
1.398600e+00 3.798400e+00
1.398800e+00 3.788682e+00
1.399000e+00 3.779068e+00
1.399200e+00 3.769565e+00
1.399400e+00 3.760175e+00
1.399600e+00 3.750902e+00
1.399800e+00 3.741750e+00
