1.000000e+00 3.026563e+00
1.000200e+00 3.034059e+00
1.000400e+00 3.041535e+00
1.000600e+00 3.048987e+00
1.000800e+00 3.056409e+00
1.001000e+00 3.063794e+00
1.001200e+00 3.071137e+00
1.001400e+00 3.078432e+00
1.001600e+00 3.085673e+00
1.001800e+00 3.092854e+00
1.002000e+00 3.099968e+00
1.002200e+00 3.107009e+00
1.002400e+00 3.113971e+00
1.002600e+00 3.120846e+00
1.002800e+00 3.127628e+00
1.003000e+00 3.134310e+00
1.003200e+00 3.140885e+00
1.003400e+00 3.147345e+00
1.003600e+00 3.153683e+00
1.003800e+00 3.159892e+00
1.004000e+00 3.165963e+00
1.004200e+00 3.171888e+00
1.004400e+00 3.177660e+00
1.004600e+00 3.183270e+00
1.004800e+00 3.188709e+00
1.005000e+00 3.193968e+00
1.005200e+00 3.199039e+00
1.005400e+00 3.203912e+00
1.005600e+00 3.208578e+00
1.005800e+00 3.213026e+00
1.006000e+00 3.217248e+00
1.006200e+00 3.221233e+00
1.006400e+00 3.224970e+00
1.006600e+00 3.228449e+00
1.006800e+00 3.231659e+00
1.007000e+00 3.234589e+00
1.007200e+00 3.237228e+00
1.007400e+00 3.239564e+00
1.007600e+00 3.241586e+00
1.007800e+00 3.243282e+00
1.008000e+00 3.244640e+00
1.008200e+00 3.245648e+00
1.008400e+00 3.246294e+00
1.008600e+00 3.246566e+00
1.008800e+00 3.246451e+00
1.009000e+00 3.245937e+00
1.009200e+00 3.245012e+00
1.009400e+00 3.243664e+00
1.009600e+00 3.241881e+00
1.009800e+00 3.239651e+00
1.010000e+00 3.236964e+00
1.010200e+00 3.233808e+00
1.010400e+00 3.230172e+00
1.010600e+00 3.226047e+00
1.010800e+00 3.221423e+00
1.011000e+00 3.216292e+00
1.011200e+00 3.210646e+00
1.011400e+00 3.204478e+00
1.011600e+00 3.197783e+00
1.011800e+00 3.190556e+00
1.012000e+00 3.182794e+00
1.012200e+00 3.174495e+00
1.012400e+00 3.165659e+00
1.012600e+00 3.156288e+00
1.012800e+00 3.146385e+00
1.013000e+00 3.135955e+00
1.013200e+00 3.125006e+00
1.013400e+00 3.113546e+00
1.013600e+00 3.101589e+00
1.013800e+00 3.089148e+00
1.014000e+00 3.076238e+00
1.014200e+00 3.062880e+00
1.014400e+00 3.049095e+00
1.014600e+00 3.034905e+00
1.014800e+00 3.020338e+00
1.015000e+00 3.005421e+00
1.015200e+00 2.990186e+00
1.015400e+00 2.974666e+00
1.015600e+00 2.958895e+00
1.015800e+00 2.942910e+00
1.016000e+00 2.926751e+00
1.016200e+00 2.910456e+00
1.016400e+00 2.894068e+00
1.016600e+00 2.877628e+00
1.016800e+00 2.861180e+00
1.017000e+00 2.844768e+00
1.017200e+00 2.828434e+00
1.017400e+00 2.812222e+00
1.017600e+00 2.796175e+00
1.017800e+00 2.780334e+00
1.018000e+00 2.764741e+00
1.018200e+00 2.749436e+00
1.018400e+00 2.734455e+00
1.018600e+00 2.719835e+00
1.018800e+00 2.705609e+00
1.019000e+00 2.691808e+00
1.019200e+00 2.678462e+00
1.019400e+00 2.665595e+00
1.019600e+00 2.653232e+00
1.019800e+00 2.641391e+00
1.020000e+00 2.630092e+00
1.020200e+00 2.619347e+00
1.020400e+00 2.609168e+00
1.020600e+00 2.599563e+00
1.020800e+00 2.590539e+00
1.021000e+00 2.582097e+00
1.021200e+00 2.574239e+00
1.021400e+00 2.566960e+00
1.021600e+00 2.560258e+00
1.021800e+00 2.554124e+00
1.022000e+00 2.548550e+00
1.022200e+00 2.543524e+00
1.022400e+00 2.539034e+00
1.022600e+00 2.535067e+00
1.022800e+00 2.531605e+00
1.023000e+00 2.528633e+00
1.023200e+00 2.526132e+00
1.023400e+00 2.524084e+00
1.023600e+00 2.522470e+00
1.023800e+00 2.521269e+00
1.024000e+00 2.520461e+00
1.024200e+00 2.520025e+00
1.024400e+00 2.519940e+00
1.024600e+00 2.520186e+00
1.024800e+00 2.520740e+00
1.025000e+00 2.521583e+00
1.025200e+00 2.522693e+00
1.025400e+00 2.524049e+00
1.025600e+00 2.525631e+00
1.025800e+00 2.527419e+00
1.026000e+00 2.529394e+00
1.026200e+00 2.531535e+00
1.026400e+00 2.533825e+00
1.026600e+00 2.536245e+00
1.026800e+00 2.538777e+00
1.027000e+00 2.541403e+00
1.027200e+00 2.544107e+00
1.027400e+00 2.546873e+00
1.027600e+00 2.549684e+00
1.027800e+00 2.552526e+00
1.028000e+00 2.555382e+00
1.028200e+00 2.558241e+00
1.028400e+00 2.561086e+00
1.028600e+00 2.563906e+00
1.028800e+00 2.566688e+00
1.029000e+00 2.569418e+00
1.029200e+00 2.572087e+00
1.029400e+00 2.574682e+00
1.029600e+00 2.577193e+00
1.029800e+00 2.579609e+00
1.030000e+00 2.581921e+00
1.030200e+00 2.584119e+00
1.030400e+00 2.586195e+00
1.030600e+00 2.588140e+00
1.030800e+00 2.589947e+00
1.031000e+00 2.591608e+00
1.031200e+00 2.593115e+00
1.031400e+00 2.594463e+00
1.031600e+00 2.595645e+00
1.031800e+00 2.596655e+00
1.032000e+00 2.597489e+00
1.032200e+00 2.598141e+00
1.032400e+00 2.598607e+00
1.032600e+00 2.598883e+00
1.032800e+00 2.598966e+00
1.033000e+00 2.598853e+00
1.033200e+00 2.598540e+00
1.033400e+00 2.598026e+00
1.033600e+00 2.597309e+00
1.033800e+00 2.596388e+00
1.034000e+00 2.595260e+00
1.034200e+00 2.593927e+00
1.034400e+00 2.592388e+00
1.034600e+00 2.590642e+00
1.034800e+00 2.588691e+00
1.035000e+00 2.586536e+00
1.035200e+00 2.584178e+00
1.035400e+00 2.581619e+00
1.035600e+00 2.578861e+00
1.035800e+00 2.575906e+00
1.036000e+00 2.572757e+00
1.036200e+00 2.569418e+00
1.036400e+00 2.565892e+00
1.036600e+00 2.562183e+00
1.036800e+00 2.558294e+00
1.037000e+00 2.554231e+00
1.037200e+00 2.549997e+00
1.037400e+00 2.545598e+00
1.037600e+00 2.541039e+00
1.037800e+00 2.536325e+00
1.038000e+00 2.531462e+00
1.038200e+00 2.526454e+00
1.038400e+00 2.521309e+00
1.038600e+00 2.516033e+00
1.038800e+00 2.510630e+00
1.039000e+00 2.505109e+00
1.039200e+00 2.499474e+00
1.039400e+00 2.493733e+00
1.039600e+00 2.487892e+00
1.039800e+00 2.481957e+00
1.040000e+00 2.475936e+00
1.040200e+00 2.469834e+00
1.040400e+00 2.463660e+00
1.040600e+00 2.457418e+00
1.040800e+00 2.451116e+00
1.041000e+00 2.444761e+00
1.041200e+00 2.438359e+00
1.041400e+00 2.431917e+00
1.041600e+00 2.425441e+00
1.041800e+00 2.418938e+00
1.042000e+00 2.412414e+00
1.042200e+00 2.405875e+00
1.042400e+00 2.399327e+00
1.042600e+00 2.392778e+00
1.042800e+00 2.386232e+00
1.043000e+00 2.379695e+00
1.043200e+00 2.373174e+00
1.043400e+00 2.366674e+00
1.043600e+00 2.360201e+00
1.043800e+00 2.353760e+00
1.044000e+00 2.347356e+00
1.044200e+00 2.340996e+00
1.044400e+00 2.334683e+00
1.044600e+00 2.328424e+00
1.044800e+00 2.322223e+00
1.045000e+00 2.316085e+00
1.045200e+00 2.310014e+00
1.045400e+00 2.304015e+00
1.045600e+00 2.298094e+00
1.045800e+00 2.292253e+00
1.046000e+00 2.286498e+00
1.046200e+00 2.280833e+00
1.046400e+00 2.275262e+00
1.046600e+00 2.269790e+00
1.046800e+00 2.264419e+00
1.047000e+00 2.259154e+00
1.047200e+00 2.253999e+00
1.047400e+00 2.248958e+00
1.047600e+00 2.244034e+00
1.047800e+00 2.239231e+00
1.048000e+00 2.234553e+00
1.048200e+00 2.230003e+00
1.048400e+00 2.225585e+00
1.048600e+00 2.221303e+00
1.048800e+00 2.217159e+00
1.049000e+00 2.213157e+00
1.049200e+00 2.209301e+00
1.049400e+00 2.205595e+00
1.049600e+00 2.202040e+00
1.049800e+00 2.198642e+00
1.050000e+00 2.195403e+00
1.050200e+00 2.192326e+00
1.050400e+00 2.189415e+00
1.050600e+00 2.186674e+00
1.050800e+00 2.184106e+00
1.051000e+00 2.181713e+00
1.051200e+00 2.179501e+00
1.051400e+00 2.177472e+00
1.051600e+00 2.175629e+00
1.051800e+00 2.173976e+00
1.052000e+00 2.172517e+00
1.052200e+00 2.171256e+00
1.052400e+00 2.170196e+00
1.052600e+00 2.169340e+00
1.052800e+00 2.168693e+00
1.053000e+00 2.168258e+00
1.053200e+00 2.168039e+00
1.053400e+00 2.168041e+00
1.053600e+00 2.168267e+00
1.053800e+00 2.168721e+00
1.054000e+00 2.169407e+00
1.054200e+00 2.170330e+00
1.054400e+00 2.171493e+00
1.054600e+00 2.172902e+00
1.054800e+00 2.174560e+00
1.055000e+00 2.176473e+00
1.055200e+00 2.178644e+00
1.055400e+00 2.181078e+00
1.055600e+00 2.183781e+00
1.055800e+00 2.186756e+00
1.056000e+00 2.190010e+00
1.056200e+00 2.193545e+00
1.056400e+00 2.197369e+00
1.056600e+00 2.201486e+00
1.056800e+00 2.205900e+00
1.057000e+00 2.210618e+00
1.057200e+00 2.215645e+00
1.057400e+00 2.220985e+00
1.057600e+00 2.226645e+00
1.057800e+00 2.232630e+00
1.058000e+00 2.238945e+00
1.058200e+00 2.245596e+00
1.058400e+00 2.252588e+00
1.058600e+00 2.259927e+00
1.058800e+00 2.267619e+00
1.059000e+00 2.275668e+00
1.059200e+00 2.284081e+00
1.059400e+00 2.292862e+00
1.059600e+00 2.302018e+00
1.059800e+00 2.311552e+00
1.060000e+00 2.321472e+00
1.060200e+00 2.331780e+00
1.060400e+00 2.342482e+00
1.060600e+00 2.353583e+00
1.060800e+00 2.365087e+00
1.061000e+00 2.376998e+00
1.061200e+00 2.389320e+00
1.061400e+00 2.402055e+00
1.061600e+00 2.415208e+00
1.061800e+00 2.428780e+00
1.062000e+00 2.442774e+00
1.062200e+00 2.457191e+00
1.062400e+00 2.472032e+00
1.062600e+00 2.487297e+00
1.062800e+00 2.502986e+00
1.063000e+00 2.519098e+00
1.063200e+00 2.535630e+00
1.063400e+00 2.552580e+00
1.063600e+00 2.569943e+00
1.063800e+00 2.587714e+00
1.064000e+00 2.605889e+00
1.064200e+00 2.624458e+00
1.064400e+00 2.643414e+00
1.064600e+00 2.662747e+00
1.064800e+00 2.682446e+00
1.065000e+00 2.702498e+00
1.065200e+00 2.722889e+00
1.065400e+00 2.743604e+00
1.065600e+00 2.764625e+00
1.065800e+00 2.785934e+00
1.066000e+00 2.807511e+00
1.066200e+00 2.829333e+00
1.066400e+00 2.851376e+00
1.066600e+00 2.873616e+00
1.066800e+00 2.896026e+00
1.067000e+00 2.918577e+00
1.067200e+00 2.941239e+00
1.067400e+00 2.963982e+00
1.067600e+00 2.986771e+00
1.067800e+00 3.009573e+00
1.068000e+00 3.032354e+00
1.068200e+00 3.055076e+00
1.068400e+00 3.077703e+00
1.068600e+00 3.100197e+00
1.068800e+00 3.122520e+00
1.069000e+00 3.144633e+00
1.069200e+00 3.166499e+00
1.069400e+00 3.188078e+00
1.069600e+00 3.209333e+00
1.069800e+00 3.230226e+00
1.070000e+00 3.250721e+00
1.070200e+00 3.270782e+00
1.070400e+00 3.290376e+00
1.070600e+00 3.309469e+00
1.070800e+00 3.328031e+00
1.071000e+00 3.346032e+00
1.071200e+00 3.363447e+00
1.071400e+00 3.380250e+00
1.071600e+00 3.396420e+00
1.071800e+00 3.411937e+00
1.072000e+00 3.426785e+00
1.072200e+00 3.440948e+00
1.072400e+00 3.454417e+00
1.072600e+00 3.467183e+00
1.072800e+00 3.479239e+00
1.073000e+00 3.490584e+00
1.073200e+00 3.501217e+00
1.073400e+00 3.511141e+00
1.073600e+00 3.520360e+00
1.073800e+00 3.528883e+00
1.074000e+00 3.536720e+00
1.074200e+00 3.543882e+00
1.074400e+00 3.550383e+00
1.074600e+00 3.556240e+00
1.074800e+00 3.561471e+00
1.075000e+00 3.566094e+00
1.075200e+00 3.570129e+00
1.075400e+00 3.573600e+00
1.075600e+00 3.576527e+00
1.075800e+00 3.578935e+00
1.076000e+00 3.580848e+00
1.076200e+00 3.582290e+00
1.076400e+00 3.583285e+00
1.076600e+00 3.583860e+00
1.076800e+00 3.584039e+00
1.077000e+00 3.583846e+00
1.077200e+00 3.583306e+00
1.077400e+00 3.582444e+00
1.077600e+00 3.581283e+00
1.077800e+00 3.579847e+00
1.078000e+00 3.578157e+00
1.078200e+00 3.576237e+00
1.078400e+00 3.574106e+00
1.078600e+00 3.571786e+00
1.078800e+00 3.569295e+00
1.079000e+00 3.566651e+00
1.079200e+00 3.563873e+00
1.079400e+00 3.560976e+00
1.079600e+00 3.557976e+00
1.079800e+00 3.554887e+00
1.080000e+00 3.551721e+00
1.080200e+00 3.548491e+00
1.080400e+00 3.545207e+00
1.080600e+00 3.541880e+00
1.080800e+00 3.538517e+00
1.081000e+00 3.535126e+00
1.081200e+00 3.531714e+00
1.081400e+00 3.528284e+00
1.081600e+00 3.524842e+00
1.081800e+00 3.521390e+00
1.082000e+00 3.517930e+00
1.082200e+00 3.514463e+00
1.082400e+00 3.510988e+00
1.082600e+00 3.507504e+00
1.082800e+00 3.504009e+00
1.083000e+00 3.500500e+00
1.083200e+00 3.496973e+00
1.083400e+00 3.493423e+00
1.083600e+00 3.489846e+00
1.083800e+00 3.486236e+00
1.084000e+00 3.482586e+00
1.084200e+00 3.478889e+00
1.084400e+00 3.475138e+00
1.084600e+00 3.471327e+00
1.084800e+00 3.467447e+00
1.085000e+00 3.463493e+00
1.085200e+00 3.459455e+00
1.085400e+00 3.455329e+00
1.085600e+00 3.451107e+00
1.085800e+00 3.446785e+00
1.086000e+00 3.442355e+00
1.086200e+00 3.437816e+00
1.086400e+00 3.433162e+00
1.086600e+00 3.428393e+00
1.086800e+00 3.423506e+00
1.087000e+00 3.418502e+00
1.087200e+00 3.413383e+00
1.087400e+00 3.408150e+00
1.087600e+00 3.402809e+00
1.087800e+00 3.397364e+00
1.088000e+00 3.391824e+00
1.088200e+00 3.386195e+00
1.088400e+00 3.380488e+00
1.088600e+00 3.374715e+00
1.088800e+00 3.368887e+00
1.089000e+00 3.363017e+00
1.089200e+00 3.357122e+00
1.089400e+00 3.351215e+00
1.089600e+00 3.345314e+00
1.089800e+00 3.339435e+00
1.090000e+00 3.333596e+00
1.090200e+00 3.327815e+00
1.090400e+00 3.322111e+00
1.090600e+00 3.316500e+00
1.090800e+00 3.311002e+00
1.091000e+00 3.305634e+00
1.091200e+00 3.300415e+00
1.091400e+00 3.295360e+00
1.091600e+00 3.290487e+00
1.091800e+00 3.285812e+00
1.092000e+00 3.281349e+00
1.092200e+00 3.277112e+00
1.092400e+00 3.273115e+00
1.092600e+00 3.269370e+00
1.092800e+00 3.265887e+00
1.093000e+00 3.262677e+00
1.093200e+00 3.259748e+00
1.093400e+00 3.257108e+00
1.093600e+00 3.254764e+00
1.093800e+00 3.252719e+00
1.094000e+00 3.250979e+00
1.094200e+00 3.249547e+00
1.094400e+00 3.248423e+00
1.094600e+00 3.247609e+00
1.094800e+00 3.247104e+00
1.095000e+00 3.246907e+00
1.095200e+00 3.247015e+00
1.095400e+00 3.247425e+00
1.095600e+00 3.248131e+00
1.095800e+00 3.249130e+00
1.096000e+00 3.250413e+00
1.096200e+00 3.251976e+00
1.096400e+00 3.253808e+00
1.096600e+00 3.255903e+00
1.096800e+00 3.258249e+00
1.097000e+00 3.260838e+00
1.097200e+00 3.263659e+00
1.097400e+00 3.266700e+00
1.097600e+00 3.269949e+00
1.097800e+00 3.273395e+00
1.098000e+00 3.277022e+00
1.098200e+00 3.280819e+00
1.098400e+00 3.284772e+00
1.098600e+00 3.288865e+00
1.098800e+00 3.293083e+00
1.099000e+00 3.297413e+00
1.099200e+00 3.301838e+00
1.099400e+00 3.306341e+00
1.099600e+00 3.310908e+00
1.099800e+00 3.315521e+00
1.100000e+00 3.320164e+00
1.100200e+00 3.324819e+00
1.100400e+00 3.329471e+00
1.100600e+00 3.334100e+00
1.100800e+00 3.338691e+00
1.101000e+00 3.343225e+00
1.101200e+00 3.347686e+00
1.101400e+00 3.352055e+00
1.101600e+00 3.356316e+00
1.101800e+00 3.360451e+00
1.102000e+00 3.364443e+00
1.102200e+00 3.368274e+00
1.102400e+00 3.371929e+00
1.102600e+00 3.375390e+00
1.102800e+00 3.378641e+00
1.103000e+00 3.381667e+00
1.103200e+00 3.384452e+00
1.103400e+00 3.386981e+00
1.103600e+00 3.389239e+00
1.103800e+00 3.391212e+00
1.104000e+00 3.392888e+00
1.104200e+00 3.394253e+00
1.104400e+00 3.395295e+00
1.104600e+00 3.396004e+00
1.104800e+00 3.396367e+00
1.105000e+00 3.396377e+00
1.105200e+00 3.396023e+00
1.105400e+00 3.395298e+00
1.105600e+00 3.394195e+00
1.105800e+00 3.392707e+00
1.106000e+00 3.390830e+00
1.106200e+00 3.388560e+00
1.106400e+00 3.385893e+00
1.106600e+00 3.382827e+00
1.106800e+00 3.379361e+00
1.107000e+00 3.375496e+00
1.107200e+00 3.371232e+00
1.107400e+00 3.366571e+00
1.107600e+00 3.361518e+00
1.107800e+00 3.356075e+00
1.108000e+00 3.350249e+00
1.108200e+00 3.344045e+00
1.108400e+00 3.337471e+00
1.108600e+00 3.330534e+00
1.108800e+00 3.323245e+00
1.109000e+00 3.315613e+00
1.109200e+00 3.307648e+00
1.109400e+00 3.299362e+00
1.109600e+00 3.290768e+00
1.109800e+00 3.281877e+00
1.110000e+00 3.272705e+00
1.110200e+00 3.263265e+00
1.110400e+00 3.253571e+00
1.110600e+00 3.243639e+00
1.110800e+00 3.233485e+00
1.111000e+00 3.223123e+00
1.111200e+00 3.212570e+00
1.111400e+00 3.201843e+00
1.111600e+00 3.190958e+00
1.111800e+00 3.179931e+00
1.112000e+00 3.168779e+00
1.112200e+00 3.157518e+00
1.112400e+00 3.146166e+00
1.112600e+00 3.134738e+00
1.112800e+00 3.123251e+00
1.113000e+00 3.111720e+00
1.113200e+00 3.100162e+00
1.113400e+00 3.088592e+00
1.113600e+00 3.077025e+00
1.113800e+00 3.065475e+00
1.114000e+00 3.053957e+00
1.114200e+00 3.042485e+00
1.114400e+00 3.031072e+00
1.114600e+00 3.019731e+00
1.114800e+00 3.008474e+00
1.115000e+00 2.997314e+00
1.115200e+00 2.986261e+00
1.115400e+00 2.975326e+00
1.115600e+00 2.964519e+00
1.115800e+00 2.953850e+00
1.116000e+00 2.943328e+00
1.116200e+00 2.932961e+00
1.116400e+00 2.922757e+00
1.116600e+00 2.912723e+00
1.116800e+00 2.902865e+00
1.117000e+00 2.893190e+00
1.117200e+00 2.883703e+00
1.117400e+00 2.874409e+00
1.117600e+00 2.865312e+00
1.117800e+00 2.856416e+00
1.118000e+00 2.847723e+00
1.118200e+00 2.839238e+00
1.118400e+00 2.830961e+00
1.118600e+00 2.822895e+00
1.118800e+00 2.815040e+00
1.119000e+00 2.807398e+00
1.119200e+00 2.799969e+00
1.119400e+00 2.792752e+00
1.119600e+00 2.785746e+00
1.119800e+00 2.778952e+00
1.120000e+00 2.772367e+00
1.120200e+00 2.765990e+00
1.120400e+00 2.759818e+00
1.120600e+00 2.753850e+00
1.120800e+00 2.748082e+00
1.121000e+00 2.742511e+00
1.121200e+00 2.737135e+00
1.121400e+00 2.731950e+00
1.121600e+00 2.726952e+00
1.121800e+00 2.722136e+00
1.122000e+00 2.717500e+00
1.122200e+00 2.713037e+00
1.122400e+00 2.708745e+00
1.122600e+00 2.704618e+00
1.122800e+00 2.700651e+00
1.123000e+00 2.696840e+00
1.123200e+00 2.693179e+00
1.123400e+00 2.689663e+00
1.123600e+00 2.686288e+00
1.123800e+00 2.683047e+00
1.124000e+00 2.679936e+00
1.124200e+00 2.676948e+00
1.124400e+00 2.674080e+00
1.124600e+00 2.671325e+00
1.124800e+00 2.668678e+00
1.125000e+00 2.666134e+00
1.125200e+00 2.663687e+00
1.125400e+00 2.661332e+00
1.125600e+00 2.659064e+00
1.125800e+00 2.656878e+00
1.126000e+00 2.654768e+00
1.126200e+00 2.652729e+00
1.126400e+00 2.650756e+00
1.126600e+00 2.648845e+00
1.126800e+00 2.646990e+00
1.127000e+00 2.645187e+00
1.127200e+00 2.643431e+00
1.127400e+00 2.641717e+00
1.127600e+00 2.640040e+00
1.127800e+00 2.638397e+00
1.128000e+00 2.636782e+00
1.128200e+00 2.635192e+00
1.128400e+00 2.633622e+00
1.128600e+00 2.632068e+00
1.128800e+00 2.630525e+00
1.129000e+00 2.628990e+00
1.129200e+00 2.627458e+00
1.129400e+00 2.625925e+00
1.129600e+00 2.624387e+00
1.129800e+00 2.622840e+00
1.130000e+00 2.621280e+00
1.130200e+00 2.619702e+00
1.130400e+00 2.618102e+00
1.130600e+00 2.616476e+00
1.130800e+00 2.614820e+00
1.131000e+00 2.613128e+00
1.131200e+00 2.611396e+00
1.131400e+00 2.609619e+00
1.131600e+00 2.607792e+00
1.131800e+00 2.605909e+00
1.132000e+00 2.603966e+00
1.132200e+00 2.601956e+00
1.132400e+00 2.599874e+00
1.132600e+00 2.597713e+00
1.132800e+00 2.595468e+00
1.133000e+00 2.593132e+00
1.133200e+00 2.590699e+00
1.133400e+00 2.588161e+00
1.133600e+00 2.585513e+00
1.133800e+00 2.582747e+00
1.134000e+00 2.579856e+00
1.134200e+00 2.576835e+00
1.134400e+00 2.573676e+00
1.134600e+00 2.570373e+00
1.134800e+00 2.566921e+00
1.135000e+00 2.563314e+00
1.135200e+00 2.559548e+00
1.135400e+00 2.555617e+00
1.135600e+00 2.551519e+00
1.135800e+00 2.547250e+00
1.136000e+00 2.542810e+00
1.136200e+00 2.538197e+00
1.136400e+00 2.533411e+00
1.136600e+00 2.528455e+00
1.136800e+00 2.523330e+00
1.137000e+00 2.518041e+00
1.137200e+00 2.512592e+00
1.137400e+00 2.506991e+00
1.137600e+00 2.501243e+00
1.137800e+00 2.495357e+00
1.138000e+00 2.489343e+00
1.138200e+00 2.483211e+00
1.138400e+00 2.476973e+00
1.138600e+00 2.470639e+00
1.138800e+00 2.464223e+00
1.139000e+00 2.457737e+00
1.139200e+00 2.451195e+00
1.139400e+00 2.444610e+00
1.139600e+00 2.437996e+00
1.139800e+00 2.431365e+00
1.140000e+00 2.424733e+00
1.140200e+00 2.418112e+00
1.140400e+00 2.411514e+00
1.140600e+00 2.404954e+00
1.140800e+00 2.398442e+00
1.141000e+00 2.391992e+00
1.141200e+00 2.385613e+00
1.141400e+00 2.379317e+00
1.141600e+00 2.373115e+00
1.141800e+00 2.367017e+00
1.142000e+00 2.361031e+00
1.142200e+00 2.355166e+00
1.142400e+00 2.349432e+00
1.142600e+00 2.343835e+00
1.142800e+00 2.338384e+00
1.143000e+00 2.333086e+00
1.143200e+00 2.327948e+00
1.143400e+00 2.322976e+00
1.143600e+00 2.318176e+00
1.143800e+00 2.313555e+00
1.144000e+00 2.309119e+00
1.144200e+00 2.304872e+00
1.144400e+00 2.300821e+00
1.144600e+00 2.296971e+00
1.144800e+00 2.293327e+00
1.145000e+00 2.289895e+00
1.145200e+00 2.286680e+00
1.145400e+00 2.283686e+00
1.145600e+00 2.280921e+00
1.145800e+00 2.278388e+00
1.146000e+00 2.276093e+00
1.146200e+00 2.274042e+00
1.146400e+00 2.272240e+00
1.146600e+00 2.270694e+00
1.146800e+00 2.269408e+00
1.147000e+00 2.268390e+00
1.147200e+00 2.267645e+00
1.147400e+00 2.267180e+00
1.147600e+00 2.267001e+00
1.147800e+00 2.267116e+00
1.148000e+00 2.267530e+00
1.148200e+00 2.268252e+00
1.148400e+00 2.269289e+00
1.148600e+00 2.270649e+00
1.148800e+00 2.272339e+00
1.149000e+00 2.274368e+00
1.149200e+00 2.276743e+00
1.149400e+00 2.279474e+00
1.149600e+00 2.282569e+00
1.149800e+00 2.286038e+00
1.150000e+00 2.289889e+00
1.150200e+00 2.294131e+00
1.150400e+00 2.298775e+00
1.150600e+00 2.303829e+00
1.150800e+00 2.309304e+00
1.151000e+00 2.315208e+00
1.151200e+00 2.321553e+00
1.151400e+00 2.328348e+00
1.151600e+00 2.335602e+00
1.151800e+00 2.343324e+00
1.152000e+00 2.351526e+00
1.152200e+00 2.360215e+00
1.152400e+00 2.369400e+00
1.152600e+00 2.379090e+00
1.152800e+00 2.389293e+00
1.153000e+00 2.400016e+00
1.153200e+00 2.411266e+00
1.153400e+00 2.423047e+00
1.153600e+00 2.435366e+00
1.153800e+00 2.448226e+00
1.154000e+00 2.461628e+00
1.154200e+00 2.475575e+00
1.154400e+00 2.490064e+00
1.154600e+00 2.505094e+00
1.154800e+00 2.520661e+00
1.155000e+00 2.536756e+00
1.155200e+00 2.553372e+00
1.155400e+00 2.570497e+00
1.155600e+00 2.588116e+00
1.155800e+00 2.606212e+00
1.156000e+00 2.624765e+00
1.156200e+00 2.643751e+00
1.156400e+00 2.663143e+00
1.156600e+00 2.682911e+00
1.156800e+00 2.703019e+00
1.157000e+00 2.723431e+00
1.157200e+00 2.744104e+00
1.157400e+00 2.764992e+00
1.157600e+00 2.786046e+00
1.157800e+00 2.807214e+00
1.158000e+00 2.828438e+00
1.158200e+00 2.849660e+00
1.158400e+00 2.870815e+00
1.158600e+00 2.891839e+00
1.158800e+00 2.912663e+00
1.159000e+00 2.933218e+00
1.159200e+00 2.953431e+00
1.159400e+00 2.973231e+00
1.159600e+00 2.992545e+00
1.159800e+00 3.011299e+00
1.160000e+00 3.029422e+00
1.160200e+00 3.046843e+00
1.160400e+00 3.063493e+00
1.160600e+00 3.079306e+00
1.160800e+00 3.094219e+00
1.161000e+00 3.108173e+00
1.161200e+00 3.121112e+00
1.161400e+00 3.132987e+00
1.161600e+00 3.143752e+00
1.161800e+00 3.153367e+00
1.162000e+00 3.161799e+00
1.162200e+00 3.169019e+00
1.162400e+00 3.175007e+00
1.162600e+00 3.179746e+00
1.162800e+00 3.183227e+00
1.163000e+00 3.185448e+00
1.163200e+00 3.186411e+00
1.163400e+00 3.186126e+00
1.163600e+00 3.184606e+00
1.163800e+00 3.181872e+00
1.164000e+00 3.177950e+00
1.164200e+00 3.172868e+00
1.164400e+00 3.166660e+00
1.164600e+00 3.159366e+00
1.164800e+00 3.151025e+00
1.165000e+00 3.141684e+00
1.165200e+00 3.131388e+00
1.165400e+00 3.120189e+00
1.165600e+00 3.108135e+00
1.165800e+00 3.095281e+00
1.166000e+00 3.081680e+00
1.166200e+00 3.067384e+00
1.166400e+00 3.052448e+00
1.166600e+00 3.036923e+00
1.166800e+00 3.020860e+00
1.167000e+00 3.004307e+00
1.167200e+00 2.987308e+00
1.167400e+00 2.969903e+00
1.167600e+00 2.952121e+00
1.167800e+00 2.933983e+00
1.168000e+00 2.915490e+00
1.168200e+00 2.896613e+00
1.168400e+00 2.877271e+00
1.168600e+00 2.857274e+00
1.168800e+00 2.836162e+00
1.169000e+00 2.812512e+00
1.169200e+00 2.819597e+00
1.169400e+00 2.882677e+00
1.169600e+00 2.912932e+00
1.169800e+00 2.933829e+00
1.170000e+00 2.949803e+00
1.170200e+00 2.962661e+00
1.170400e+00 2.973348e+00
1.170600e+00 2.982432e+00
1.170800e+00 2.990284e+00
1.171000e+00 2.997162e+00
1.171200e+00 3.003255e+00
1.171400e+00 3.008703e+00
1.171600e+00 3.013618e+00
1.171800e+00 3.018086e+00
1.172000e+00 3.022179e+00
1.172200e+00 3.025953e+00
1.172400e+00 3.029458e+00
1.172600e+00 3.032735e+00
1.172800e+00 3.035818e+00
1.173000e+00 3.038737e+00
1.173200e+00 3.041519e+00
1.173400e+00 3.044186e+00
1.173600e+00 3.046758e+00
1.173800e+00 3.049253e+00
1.174000e+00 3.051687e+00
1.174200e+00 3.054073e+00
1.174400e+00 3.056424e+00
1.174600e+00 3.058751e+00
1.174800e+00 3.061064e+00
1.175000e+00 3.063372e+00
1.175200e+00 3.065683e+00
1.175400e+00 3.068004e+00
1.175600e+00 3.070343e+00
1.175800e+00 3.072704e+00
1.176000e+00 3.075092e+00
1.176200e+00 3.077513e+00
1.176400e+00 3.079971e+00
1.176600e+00 3.082468e+00
1.176800e+00 3.085008e+00
1.177000e+00 3.087595e+00
1.177200e+00 3.090229e+00
1.177400e+00 3.092913e+00
1.177600e+00 3.095648e+00
1.177800e+00 3.098436e+00
1.178000e+00 3.101277e+00
1.178200e+00 3.104171e+00
1.178400e+00 3.107120e+00
1.178600e+00 3.110122e+00
1.178800e+00 3.113178e+00
1.179000e+00 3.116287e+00
1.179200e+00 3.119448e+00
1.179400e+00 3.122659e+00
1.179600e+00 3.125920e+00
1.179800e+00 3.129229e+00
1.180000e+00 3.132584e+00
1.180200e+00 3.135984e+00
1.180400e+00 3.139425e+00
1.180600e+00 3.142906e+00
1.180800e+00 3.146424e+00
1.181000e+00 3.149977e+00
1.181200e+00 3.153562e+00
1.181400e+00 3.157176e+00
1.181600e+00 3.160815e+00
1.181800e+00 3.164477e+00
1.182000e+00 3.168159e+00
1.182200e+00 3.171857e+00
1.182400e+00 3.175567e+00
1.182600e+00 3.179287e+00
1.182800e+00 3.183012e+00
1.183000e+00 3.186740e+00
1.183200e+00 3.190467e+00
1.183400e+00 3.194188e+00
1.183600e+00 3.197901e+00
1.183800e+00 3.201602e+00
1.184000e+00 3.205286e+00
1.184200e+00 3.208952e+00
1.184400e+00 3.212594e+00
1.184600e+00 3.216211e+00
1.184800e+00 3.219797e+00
1.185000e+00 3.223350e+00
1.185200e+00 3.226867e+00
1.185400e+00 3.230344e+00
1.185600e+00 3.233779e+00
1.185800e+00 3.237167e+00
1.186000e+00 3.240508e+00
1.186200e+00 3.243797e+00
1.186400e+00 3.247033e+00
1.186600e+00 3.250212e+00
1.186800e+00 3.253333e+00
1.187000e+00 3.256394e+00
1.187200e+00 3.259392e+00
1.187400e+00 3.262325e+00
1.187600e+00 3.265193e+00
1.187800e+00 3.267994e+00
1.188000e+00 3.270726e+00
1.188200e+00 3.273389e+00
1.188400e+00 3.275981e+00
1.188600e+00 3.278502e+00
1.188800e+00 3.280952e+00
1.189000e+00 3.283331e+00
1.189200e+00 3.285637e+00
1.189400e+00 3.287872e+00
1.189600e+00 3.290036e+00
1.189800e+00 3.292129e+00
1.190000e+00 3.294152e+00
1.190200e+00 3.296106e+00
1.190400e+00 3.297992e+00
1.190600e+00 3.299812e+00
1.190800e+00 3.301567e+00
1.191000e+00 3.303259e+00
1.191200e+00 3.304889e+00
1.191400e+00 3.306461e+00
1.191600e+00 3.307975e+00
1.191800e+00 3.309434e+00
1.192000e+00 3.310842e+00
1.192200e+00 3.312201e+00
1.192400e+00 3.313513e+00
1.192600e+00 3.314781e+00
1.192800e+00 3.316010e+00
1.193000e+00 3.317202e+00
1.193200e+00 3.318361e+00
1.193400e+00 3.319491e+00
1.193600e+00 3.320594e+00
1.193800e+00 3.321676e+00
1.194000e+00 3.322740e+00
1.194200e+00 3.323790e+00
1.194400e+00 3.324830e+00
1.194600e+00 3.325865e+00
1.194800e+00 3.326900e+00
1.195000e+00 3.327938e+00
1.195200e+00 3.328984e+00
1.195400e+00 3.330044e+00
1.195600e+00 3.331122e+00
1.195800e+00 3.332222e+00
1.196000e+00 3.333351e+00
1.196200e+00 3.334512e+00
1.196400e+00 3.335711e+00
1.196600e+00 3.336954e+00
1.196800e+00 3.338245e+00
1.197000e+00 3.339591e+00
1.197200e+00 3.340995e+00
1.197400e+00 3.342464e+00
1.197600e+00 3.344004e+00
1.197800e+00 3.345620e+00
1.198000e+00 3.347317e+00
1.198200e+00 3.349102e+00
1.198400e+00 3.350979e+00
1.198600e+00 3.352956e+00
1.198800e+00 3.355037e+00
1.199000e+00 3.357228e+00
1.199200e+00 3.359536e+00
1.199400e+00 3.361966e+00
1.199600e+00 3.364524e+00
1.199800e+00 3.367216e+00
1.200000e+00 3.370048e+00
1.200200e+00 3.373025e+00
1.200400e+00 3.376154e+00
1.200600e+00 3.379440e+00
1.200800e+00 3.382888e+00
1.201000e+00 3.386505e+00
1.201200e+00 3.390295e+00
1.201400e+00 3.394265e+00
1.201600e+00 3.398419e+00
1.201800e+00 3.402762e+00
1.202000e+00 3.407299e+00
1.202200e+00 3.412034e+00
1.202400e+00 3.416971e+00
1.202600e+00 3.422115e+00
1.202800e+00 3.427469e+00
1.203000e+00 3.433035e+00
1.203200e+00 3.438817e+00
1.203400e+00 3.444815e+00
1.203600e+00 3.451031e+00
1.203800e+00 3.457466e+00
1.204000e+00 3.464120e+00
1.204200e+00 3.470991e+00
1.204400e+00 3.478077e+00
1.204600e+00 3.485375e+00
1.204800e+00 3.492880e+00
1.205000e+00 3.500588e+00
1.205200e+00 3.508491e+00
1.205400e+00 3.516581e+00
1.205600e+00 3.524848e+00
1.205800e+00 3.533280e+00
1.206000e+00 3.541864e+00
1.206200e+00 3.550584e+00
1.206400e+00 3.559424e+00
1.206600e+00 3.568363e+00
1.206800e+00 3.577381e+00
1.207000e+00 3.586454e+00
1.207200e+00 3.595556e+00
1.207400e+00 3.604659e+00
1.207600e+00 3.613732e+00
1.207800e+00 3.622744e+00
1.208000e+00 3.631660e+00
1.208200e+00 3.640443e+00
1.208400e+00 3.649056e+00
1.208600e+00 3.657459e+00
1.208800e+00 3.665612e+00
1.209000e+00 3.673472e+00
1.209200e+00 3.680998e+00
1.209400e+00 3.688148e+00
1.209600e+00 3.694879e+00
1.209800e+00 3.701150e+00
1.210000e+00 3.706923e+00
1.210200e+00 3.712159e+00
1.210400e+00 3.716823e+00
1.210600e+00 3.720883e+00
1.210800e+00 3.724312e+00
1.211000e+00 3.727083e+00
1.211200e+00 3.729178e+00
1.211400e+00 3.730582e+00
1.211600e+00 3.731285e+00
1.211800e+00 3.731283e+00
1.212000e+00 3.730578e+00
1.212200e+00 3.729176e+00
1.212400e+00 3.727090e+00
1.212600e+00 3.724339e+00
1.212800e+00 3.720944e+00
1.213000e+00 3.716935e+00
1.213200e+00 3.712342e+00
1.213400e+00 3.707202e+00
1.213600e+00 3.701554e+00
1.213800e+00 3.695439e+00
1.214000e+00 3.688901e+00
1.214200e+00 3.681985e+00
1.214400e+00 3.674735e+00
1.214600e+00 3.667198e+00
1.214800e+00 3.659419e+00
1.215000e+00 3.651441e+00
1.215200e+00 3.643308e+00
1.215400e+00 3.635060e+00
1.215600e+00 3.626736e+00
1.215800e+00 3.618373e+00
1.216000e+00 3.610003e+00
1.216200e+00 3.601657e+00
1.216400e+00 3.593364e+00
1.216600e+00 3.585147e+00
1.216800e+00 3.577029e+00
1.217000e+00 3.569028e+00
1.217200e+00 3.561160e+00
1.217400e+00 3.553438e+00
1.217600e+00 3.545872e+00
1.217800e+00 3.538469e+00
1.218000e+00 3.531235e+00
1.218200e+00 3.524173e+00
1.218400e+00 3.517283e+00
1.218600e+00 3.510565e+00
1.218800e+00 3.504015e+00
1.219000e+00 3.497629e+00
1.219200e+00 3.491402e+00
1.219400e+00 3.485326e+00
1.219600e+00 3.479392e+00
1.219800e+00 3.473593e+00
1.220000e+00 3.467917e+00
1.220200e+00 3.462356e+00
1.220400e+00 3.456896e+00
1.220600e+00 3.451528e+00
1.220800e+00 3.446240e+00
1.221000e+00 3.441020e+00
1.221200e+00 3.435855e+00
1.221400e+00 3.430735e+00
1.221600e+00 3.425648e+00
1.221800e+00 3.420582e+00
1.222000e+00 3.415527e+00
1.222200e+00 3.410471e+00
1.222400e+00 3.405405e+00
1.222600e+00 3.400319e+00
1.222800e+00 3.395204e+00
1.223000e+00 3.390052e+00
1.223200e+00 3.384854e+00
1.223400e+00 3.379603e+00
1.223600e+00 3.374293e+00
1.223800e+00 3.368919e+00
1.224000e+00 3.363474e+00
1.224200e+00 3.357956e+00
1.224400e+00 3.352360e+00
1.224600e+00 3.346684e+00
1.224800e+00 3.340926e+00
1.225000e+00 3.335085e+00
1.225200e+00 3.329160e+00
1.225400e+00 3.323152e+00
1.225600e+00 3.317061e+00
1.225800e+00 3.310889e+00
1.226000e+00 3.304639e+00
1.226200e+00 3.298312e+00
1.226400e+00 3.291914e+00
1.226600e+00 3.285447e+00
1.226800e+00 3.278916e+00
1.227000e+00 3.272325e+00
1.227200e+00 3.265681e+00
1.227400e+00 3.258988e+00
1.227600e+00 3.252253e+00
1.227800e+00 3.245481e+00
1.228000e+00 3.238679e+00
1.228200e+00 3.231853e+00
1.228400e+00 3.225011e+00
1.228600e+00 3.218158e+00
1.228800e+00 3.211301e+00
1.229000e+00 3.204447e+00
1.229200e+00 3.197603e+00
1.229400e+00 3.190776e+00
1.229600e+00 3.183971e+00
1.229800e+00 3.177195e+00
1.230000e+00 3.170455e+00
1.230200e+00 3.163756e+00
1.230400e+00 3.157104e+00
1.230600e+00 3.150504e+00
1.230800e+00 3.143963e+00
1.231000e+00 3.137484e+00
1.231200e+00 3.131072e+00
1.231400e+00 3.124733e+00
1.231600e+00 3.118469e+00
1.231800e+00 3.112285e+00
1.232000e+00 3.106185e+00
1.232200e+00 3.100172e+00
1.232400e+00 3.094247e+00
1.232600e+00 3.088415e+00
1.232800e+00 3.082678e+00
1.233000e+00 3.077036e+00
1.233200e+00 3.071492e+00
1.233400e+00 3.066048e+00
1.233600e+00 3.060704e+00
1.233800e+00 3.055461e+00
1.234000e+00 3.050319e+00
1.234200e+00 3.045280e+00
1.234400e+00 3.040342e+00
1.234600e+00 3.035506e+00
1.234800e+00 3.030770e+00
1.235000e+00 3.026135e+00
1.235200e+00 3.021599e+00
1.235400e+00 3.017161e+00
1.235600e+00 3.012819e+00
1.235800e+00 3.008572e+00
1.236000e+00 3.004417e+00
1.236200e+00 3.000354e+00
1.236400e+00 2.996379e+00
1.236600e+00 2.992489e+00
1.236800e+00 2.988683e+00
1.237000e+00 2.984958e+00
1.237200e+00 2.981309e+00
1.237400e+00 2.977735e+00
1.237600e+00 2.974232e+00
1.237800e+00 2.970795e+00
1.238000e+00 2.967422e+00
1.238200e+00 2.964108e+00
1.238400e+00 2.960849e+00
1.238600e+00 2.957641e+00
1.238800e+00 2.954479e+00
1.239000e+00 2.951359e+00
1.239200e+00 2.948276e+00
1.239400e+00 2.945224e+00
1.239600e+00 2.942198e+00
1.239800e+00 2.939194e+00
1.240000e+00 2.936204e+00
1.240200e+00 2.933223e+00
1.240400e+00 2.930245e+00
1.240600e+00 2.927263e+00
1.240800e+00 2.924272e+00
1.241000e+00 2.921263e+00
1.241200e+00 2.918230e+00
1.241400e+00 2.915165e+00
1.241600e+00 2.912062e+00
1.241800e+00 2.908911e+00
1.242000e+00 2.905704e+00
1.242200e+00 2.902434e+00
1.242400e+00 2.899092e+00
1.242600e+00 2.895667e+00
1.242800e+00 2.892152e+00
1.243000e+00 2.888537e+00
1.243200e+00 2.884811e+00
1.243400e+00 2.880965e+00
1.243600e+00 2.876988e+00
1.243800e+00 2.872870e+00
1.244000e+00 2.868599e+00
1.244200e+00 2.864165e+00
1.244400e+00 2.859556e+00
1.244600e+00 2.854761e+00
1.244800e+00 2.849767e+00
1.245000e+00 2.844563e+00
1.245200e+00 2.839136e+00
1.245400e+00 2.833475e+00
1.245600e+00 2.827567e+00
1.245800e+00 2.821400e+00
1.246000e+00 2.814962e+00
1.246200e+00 2.808240e+00
1.246400e+00 2.801222e+00
1.246600e+00 2.793896e+00
1.246800e+00 2.786250e+00
1.247000e+00 2.778273e+00
1.247200e+00 2.769954e+00
1.247400e+00 2.761281e+00
1.247600e+00 2.752245e+00
1.247800e+00 2.742836e+00
1.248000e+00 2.733044e+00
1.248200e+00 2.722862e+00
1.248400e+00 2.712281e+00
1.248600e+00 2.701296e+00
1.248800e+00 2.689900e+00
1.249000e+00 2.678088e+00
1.249200e+00 2.665858e+00
1.249400e+00 2.653207e+00
1.249600e+00 2.640134e+00
1.249800e+00 2.626640e+00
1.250000e+00 2.612725e+00
1.250200e+00 2.598394e+00
1.250400e+00 2.583652e+00
1.250600e+00 2.568504e+00
1.250800e+00 2.552958e+00
1.251000e+00 2.537026e+00
1.251200e+00 2.520717e+00
1.251400e+00 2.504044e+00
1.251600e+00 2.487023e+00
1.251800e+00 2.469669e+00
1.252000e+00 2.452001e+00
1.252200e+00 2.434036e+00
1.252400e+00 2.415797e+00
1.252600e+00 2.397306e+00
1.252800e+00 2.378584e+00
1.253000e+00 2.359658e+00
1.253200e+00 2.340552e+00
1.253400e+00 2.321294e+00
1.253600e+00 2.301910e+00
1.253800e+00 2.282428e+00
1.254000e+00 2.262878e+00
1.254200e+00 2.243287e+00
1.254400e+00 2.223685e+00
1.254600e+00 2.204102e+00
1.254800e+00 2.184566e+00
1.255000e+00 2.165106e+00
1.255200e+00 2.145752e+00
1.255400e+00 2.126530e+00
1.255600e+00 2.107470e+00
1.255800e+00 2.088597e+00
1.256000e+00 2.069938e+00
1.256200e+00 2.051518e+00
1.256400e+00 2.033360e+00
1.256600e+00 2.015488e+00
1.256800e+00 1.997923e+00
1.257000e+00 1.980687e+00
1.257200e+00 1.963798e+00
1.257400e+00 1.947274e+00
1.257600e+00 1.931132e+00
1.257800e+00 1.915386e+00
1.258000e+00 1.900052e+00
1.258200e+00 1.885142e+00
1.258400e+00 1.870667e+00
1.258600e+00 1.856636e+00
1.258800e+00 1.843059e+00
1.259000e+00 1.829942e+00
1.259200e+00 1.817293e+00
1.259400e+00 1.805116e+00
1.259600e+00 1.793415e+00
1.259800e+00 1.782194e+00
1.260000e+00 1.771453e+00
1.260200e+00 1.761194e+00
1.260400e+00 1.751417e+00
1.260600e+00 1.742122e+00
1.260800e+00 1.733307e+00
1.261000e+00 1.724969e+00
1.261200e+00 1.717106e+00
1.261400e+00 1.709715e+00
1.261600e+00 1.702792e+00
1.261800e+00 1.696331e+00
1.262000e+00 1.690329e+00
1.262200e+00 1.684781e+00
1.262400e+00 1.679680e+00
1.262600e+00 1.675021e+00
1.262800e+00 1.670798e+00
1.263000e+00 1.667004e+00
1.263200e+00 1.663634e+00
1.263400e+00 1.660681e+00
1.263600e+00 1.658137e+00
1.263800e+00 1.655997e+00
1.264000e+00 1.654255e+00
1.264200e+00 1.652902e+00
1.264400e+00 1.651932e+00
1.264600e+00 1.651340e+00
1.264800e+00 1.651117e+00
1.265000e+00 1.651258e+00
1.265200e+00 1.651757e+00
1.265400e+00 1.652606e+00
1.265600e+00 1.653801e+00
1.265800e+00 1.655334e+00
1.266000e+00 1.657199e+00
1.266200e+00 1.659392e+00
1.266400e+00 1.661906e+00
1.266600e+00 1.664736e+00
1.266800e+00 1.667877e+00
1.267000e+00 1.671323e+00
1.267200e+00 1.675070e+00
1.267400e+00 1.679113e+00
1.267600e+00 1.683447e+00
1.267800e+00 1.688068e+00
1.268000e+00 1.692972e+00
1.268200e+00 1.698154e+00
1.268400e+00 1.703611e+00
1.268600e+00 1.709340e+00
1.268800e+00 1.715337e+00
1.269000e+00 1.721598e+00
1.269200e+00 1.728121e+00
1.269400e+00 1.734902e+00
1.269600e+00 1.741939e+00
1.269800e+00 1.749230e+00
1.270000e+00 1.756772e+00
1.270200e+00 1.764563e+00
1.270400e+00 1.772601e+00
1.270600e+00 1.780885e+00
1.270800e+00 1.789412e+00
1.271000e+00 1.798181e+00
1.271200e+00 1.807191e+00
1.271400e+00 1.816441e+00
1.271600e+00 1.825930e+00
1.271800e+00 1.835658e+00
1.272000e+00 1.845623e+00
1.272200e+00 1.855825e+00
1.272400e+00 1.866264e+00
1.272600e+00 1.876940e+00
1.272800e+00 1.887852e+00
1.273000e+00 1.899002e+00
1.273200e+00 1.910389e+00
1.273400e+00 1.922014e+00
1.273600e+00 1.933878e+00
1.273800e+00 1.945980e+00
1.274000e+00 1.958323e+00
1.274200e+00 1.970908e+00
1.274400e+00 1.983734e+00
1.274600e+00 1.996805e+00
1.274800e+00 2.010120e+00
1.275000e+00 2.023682e+00
1.275200e+00 2.037492e+00
1.275400e+00 2.051552e+00
1.275600e+00 2.065864e+00
1.275800e+00 2.080430e+00
1.276000e+00 2.095251e+00
1.276200e+00 2.110330e+00
1.276400e+00 2.125669e+00
1.276600e+00 2.141269e+00
1.276800e+00 2.157134e+00
1.277000e+00 2.173264e+00
1.277200e+00 2.189663e+00
1.277400e+00 2.206332e+00
1.277600e+00 2.223274e+00
1.277800e+00 2.240490e+00
1.278000e+00 2.257982e+00
1.278200e+00 2.275752e+00
1.278400e+00 2.293801e+00
1.278600e+00 2.312131e+00
1.278800e+00 2.330743e+00
1.279000e+00 2.349638e+00
1.279200e+00 2.368816e+00
1.279400e+00 2.388277e+00
1.279600e+00 2.408021e+00
1.279800e+00 2.428047e+00
1.280000e+00 2.448354e+00
1.280200e+00 2.468940e+00
1.280400e+00 2.489802e+00
1.280600e+00 2.510936e+00
1.280800e+00 2.532338e+00
1.281000e+00 2.554002e+00
1.281200e+00 2.575923e+00
1.281400e+00 2.598092e+00
1.281600e+00 2.620501e+00
1.281800e+00 2.643139e+00
1.282000e+00 2.665994e+00
1.282200e+00 2.689053e+00
1.282400e+00 2.712301e+00
1.282600e+00 2.735721e+00
1.282800e+00 2.759293e+00
1.283000e+00 2.782996e+00
1.283200e+00 2.806807e+00
1.283400e+00 2.830700e+00
1.283600e+00 2.854646e+00
1.283800e+00 2.878614e+00
1.284000e+00 2.902571e+00
1.284200e+00 2.926480e+00
1.284400e+00 2.950302e+00
1.284600e+00 2.973995e+00
1.284800e+00 2.997515e+00
1.285000e+00 3.020815e+00
1.285200e+00 3.043844e+00
1.285400e+00 3.066550e+00
1.285600e+00 3.088879e+00
1.285800e+00 3.110774e+00
1.286000e+00 3.132177e+00
1.286200e+00 3.153030e+00
1.286400e+00 3.173271e+00
1.286600e+00 3.192840e+00
1.286800e+00 3.211677e+00
1.287000e+00 3.229723e+00
1.287200e+00 3.246920e+00
1.287400e+00 3.263211e+00
1.287600e+00 3.278544e+00
1.287800e+00 3.292870e+00
1.288000e+00 3.306143e+00
1.288200e+00 3.318324e+00
1.288400e+00 3.329378e+00
1.288600e+00 3.339278e+00
1.288800e+00 3.348002e+00
1.289000e+00 3.355536e+00
1.289200e+00 3.361875e+00
1.289400e+00 3.367021e+00
1.289600e+00 3.370982e+00
1.289800e+00 3.373779e+00
1.290000e+00 3.375435e+00
1.290200e+00 3.375985e+00
1.290400e+00 3.375471e+00
1.290600e+00 3.373938e+00
1.290800e+00 3.371442e+00
1.291000e+00 3.368042e+00
1.291200e+00 3.363800e+00
1.291400e+00 3.358787e+00
1.291600e+00 3.353071e+00
1.291800e+00 3.346727e+00
1.292000e+00 3.339830e+00
1.292200e+00 3.332453e+00
1.292400e+00 3.324672e+00
1.292600e+00 3.316561e+00
1.292800e+00 3.308193e+00
1.293000e+00 3.299637e+00
1.293200e+00 3.290961e+00
1.293400e+00 3.282229e+00
1.293600e+00 3.273502e+00
1.293800e+00 3.264838e+00
1.294000e+00 3.256290e+00
1.294200e+00 3.247907e+00
1.294400e+00 3.239735e+00
1.294600e+00 3.231814e+00
1.294800e+00 3.224182e+00
1.295000e+00 3.216872e+00
1.295200e+00 3.209914e+00
1.295400e+00 3.203332e+00
1.295600e+00 3.197151e+00
1.295800e+00 3.191388e+00
1.296000e+00 3.186059e+00
1.296200e+00 3.181179e+00
1.296400e+00 3.176758e+00
1.296600e+00 3.172804e+00
1.296800e+00 3.169322e+00
1.297000e+00 3.166319e+00
1.297200e+00 3.163795e+00
1.297400e+00 3.161751e+00
1.297600e+00 3.160188e+00
1.297800e+00 3.159104e+00
1.298000e+00 3.158495e+00
1.298200e+00 3.158359e+00
1.298400e+00 3.158691e+00
1.298600e+00 3.159486e+00
1.298800e+00 3.160738e+00
1.299000e+00 3.162443e+00
1.299200e+00 3.164592e+00
1.299400e+00 3.167181e+00
1.299600e+00 3.170203e+00
1.299800e+00 3.173649e+00
1.300000e+00 3.177515e+00
1.300200e+00 3.181793e+00
1.300400e+00 3.186476e+00
1.300600e+00 3.191558e+00
1.300800e+00 3.197032e+00
1.301000e+00 3.202891e+00
1.301200e+00 3.209128e+00
1.301400e+00 3.215738e+00
1.301600e+00 3.222714e+00
1.301800e+00 3.230049e+00
1.302000e+00 3.237739e+00
1.302200e+00 3.245776e+00
1.302400e+00 3.254154e+00
1.302600e+00 3.262869e+00
1.302800e+00 3.271913e+00
1.303000e+00 3.281280e+00
1.303200e+00 3.290966e+00
1.303400e+00 3.300962e+00
1.303600e+00 3.311264e+00
1.303800e+00 3.321865e+00
1.304000e+00 3.332758e+00
1.304200e+00 3.343936e+00
1.304400e+00 3.355391e+00
1.304600e+00 3.367116e+00
1.304800e+00 3.379102e+00
1.305000e+00 3.391341e+00
1.305200e+00 3.403824e+00
1.305400e+00 3.416539e+00
1.305600e+00 3.429477e+00
1.305800e+00 3.442626e+00
1.306000e+00 3.455972e+00
1.306200e+00 3.469503e+00
1.306400e+00 3.483203e+00
1.306600e+00 3.497057e+00
1.306800e+00 3.511047e+00
1.307000e+00 3.525154e+00
1.307200e+00 3.539360e+00
1.307400e+00 3.553641e+00
1.307600e+00 3.567975e+00
1.307800e+00 3.582337e+00
1.308000e+00 3.596701e+00
1.308200e+00 3.611037e+00
1.308400e+00 3.625315e+00
1.308600e+00 3.639504e+00
1.308800e+00 3.653568e+00
1.309000e+00 3.667472e+00
1.309200e+00 3.681177e+00
1.309400e+00 3.694643e+00
1.309600e+00 3.707829e+00
1.309800e+00 3.720690e+00
1.310000e+00 3.733182e+00
1.310200e+00 3.745257e+00
1.310400e+00 3.756867e+00
1.310600e+00 3.767963e+00
1.310800e+00 3.778494e+00
1.311000e+00 3.788411e+00
1.311200e+00 3.797660e+00
1.311400e+00 3.806193e+00
1.311600e+00 3.813959e+00
1.311800e+00 3.820907e+00
1.312000e+00 3.826990e+00
1.312200e+00 3.832162e+00
1.312400e+00 3.836380e+00
1.312600e+00 3.839603e+00
1.312800e+00 3.841792e+00
1.313000e+00 3.842917e+00
1.313200e+00 3.842947e+00
1.313400e+00 3.841859e+00
1.313600e+00 3.839635e+00
1.313800e+00 3.836262e+00
1.314000e+00 3.831735e+00
1.314200e+00 3.826053e+00
1.314400e+00 3.819224e+00
1.314600e+00 3.811262e+00
1.314800e+00 3.802186e+00
1.315000e+00 3.792025e+00
1.315200e+00 3.780812e+00
1.315400e+00 3.768588e+00
1.315600e+00 3.755399e+00
1.315800e+00 3.741297e+00
1.316000e+00 3.726339e+00
1.316200e+00 3.710588e+00
1.316400e+00 3.694109e+00
1.316600e+00 3.676973e+00
1.316800e+00 3.659250e+00
1.317000e+00 3.641015e+00
1.317200e+00 3.622344e+00
1.317400e+00 3.603313e+00
1.317600e+00 3.583998e+00
1.317800e+00 3.564476e+00
1.318000e+00 3.544820e+00
1.318200e+00 3.525104e+00
1.318400e+00 3.505399e+00
1.318600e+00 3.485772e+00
1.318800e+00 3.466290e+00
1.319000e+00 3.447014e+00
1.319200e+00 3.428002e+00
1.319400e+00 3.409310e+00
1.319600e+00 3.390989e+00
1.319800e+00 3.373085e+00
1.320000e+00 3.355643e+00
1.320200e+00 3.338701e+00
1.320400e+00 3.322295e+00
1.320600e+00 3.306458e+00
1.320800e+00 3.291217e+00
1.321000e+00 3.276596e+00
1.321200e+00 3.262619e+00
1.321400e+00 3.249302e+00
1.321600e+00 3.236662e+00
1.321800e+00 3.224712e+00
1.322000e+00 3.213460e+00
1.322200e+00 3.202915e+00
1.322400e+00 3.193084e+00
1.322600e+00 3.183968e+00
1.322800e+00 3.175571e+00
1.323000e+00 3.167892e+00
1.323200e+00 3.160930e+00
1.323400e+00 3.154682e+00
1.323600e+00 3.149145e+00
1.323800e+00 3.144315e+00
1.324000e+00 3.140185e+00
1.324200e+00 3.136748e+00
1.324400e+00 3.133999e+00
1.324600e+00 3.131928e+00
1.324800e+00 3.130528e+00
1.325000e+00 3.129790e+00
1.325200e+00 3.129704e+00
1.325400e+00 3.130262e+00
1.325600e+00 3.131452e+00
1.325800e+00 3.133265e+00
1.326000e+00 3.135690e+00
1.326200e+00 3.138716e+00
1.326400e+00 3.142331e+00
1.326600e+00 3.146526e+00
1.326800e+00 3.151287e+00
1.327000e+00 3.156602e+00
1.327200e+00 3.162460e+00
1.327400e+00 3.168846e+00
1.327600e+00 3.175748e+00
1.327800e+00 3.183152e+00
1.328000e+00 3.191044e+00
1.328200e+00 3.199409e+00
1.328400e+00 3.208232e+00
1.328600e+00 3.217495e+00
1.328800e+00 3.227184e+00
1.329000e+00 3.237281e+00
1.329200e+00 3.247766e+00
1.329400e+00 3.258622e+00
1.329600e+00 3.269829e+00
1.329800e+00 3.281365e+00
1.330000e+00 3.293210e+00
1.330200e+00 3.305340e+00
1.330400e+00 3.317733e+00
1.330600e+00 3.330364e+00
1.330800e+00 3.343207e+00
1.331000e+00 3.356237e+00
1.331200e+00 3.369425e+00
1.331400e+00 3.382744e+00
1.331600e+00 3.396165e+00
1.331800e+00 3.409659e+00
1.332000e+00 3.423193e+00
1.332200e+00 3.436739e+00
1.332400e+00 3.450263e+00
1.332600e+00 3.463734e+00
1.332800e+00 3.477120e+00
1.333000e+00 3.490388e+00
1.333200e+00 3.503505e+00
1.333400e+00 3.516440e+00
1.333600e+00 3.529160e+00
1.333800e+00 3.541634e+00
1.334000e+00 3.553831e+00
1.334200e+00 3.565722e+00
1.334400e+00 3.577278e+00
1.334600e+00 3.588472e+00
1.334800e+00 3.599277e+00
1.335000e+00 3.609670e+00
1.335200e+00 3.619628e+00
1.335400e+00 3.629132e+00
1.335600e+00 3.638164e+00
1.335800e+00 3.646707e+00
1.336000e+00 3.654750e+00
1.336200e+00 3.662281e+00
1.336400e+00 3.669294e+00
1.336600e+00 3.675783e+00
1.336800e+00 3.681746e+00
1.337000e+00 3.687184e+00
1.337200e+00 3.692100e+00
1.337400e+00 3.696501e+00
1.337600e+00 3.700397e+00
1.337800e+00 3.703798e+00
1.338000e+00 3.706720e+00
1.338200e+00 3.709178e+00
1.338400e+00 3.711193e+00
1.338600e+00 3.712785e+00
1.338800e+00 3.713977e+00
1.339000e+00 3.714795e+00
1.339200e+00 3.715265e+00
1.339400e+00 3.715414e+00
1.339600e+00 3.715273e+00
1.339800e+00 3.714870e+00
1.340000e+00 3.714236e+00
1.340200e+00 3.713403e+00
1.340400e+00 3.712402e+00
1.340600e+00 3.711264e+00
1.340800e+00 3.710021e+00
1.341000e+00 3.708703e+00
1.341200e+00 3.707341e+00
1.341400e+00 3.705963e+00
1.341600e+00 3.704599e+00
1.341800e+00 3.703275e+00
1.342000e+00 3.702017e+00
1.342200e+00 3.700848e+00
1.342400e+00 3.699792e+00
1.342600e+00 3.698868e+00
1.342800e+00 3.698094e+00
1.343000e+00 3.697487e+00
1.343200e+00 3.697059e+00
1.343400e+00 3.696820e+00
1.343600e+00 3.696779e+00
1.343800e+00 3.696940e+00
1.344000e+00 3.697305e+00
1.344200e+00 3.697871e+00
1.344400e+00 3.698634e+00
1.344600e+00 3.699585e+00
1.344800e+00 3.700711e+00
1.345000e+00 3.701996e+00
1.345200e+00 3.703420e+00
1.345400e+00 3.704958e+00
1.345600e+00 3.706584e+00
1.345800e+00 3.708264e+00
1.346000e+00 3.709964e+00
1.346200e+00 3.711643e+00
1.346400e+00 3.713259e+00
1.346600e+00 3.714765e+00
1.346800e+00 3.716111e+00
1.347000e+00 3.717245e+00
1.347200e+00 3.718112e+00
1.347400e+00 3.718654e+00
1.347600e+00 3.718814e+00
1.347800e+00 3.718531e+00
1.348000e+00 3.717748e+00
1.348200e+00 3.716405e+00
1.348400e+00 3.714444e+00
1.348600e+00 3.711811e+00
1.348800e+00 3.708453e+00
1.349000e+00 3.704322e+00
1.349200e+00 3.699374e+00
1.349400e+00 3.693570e+00
1.349600e+00 3.686880e+00
1.349800e+00 3.679276e+00
1.350000e+00 3.670741e+00
1.350200e+00 3.661264e+00
1.350400e+00 3.650843e+00
1.350600e+00 3.639483e+00
1.350800e+00 3.627197e+00
1.351000e+00 3.614006e+00
1.351200e+00 3.599939e+00
1.351400e+00 3.585031e+00
1.351600e+00 3.569322e+00
1.351800e+00 3.552860e+00
1.352000e+00 3.535695e+00
1.352200e+00 3.517881e+00
1.352400e+00 3.499476e+00
1.352600e+00 3.480538e+00
1.352800e+00 3.461124e+00
1.353000e+00 3.441293e+00
1.353200e+00 3.421101e+00
1.353400e+00 3.400601e+00
1.353600e+00 3.379844e+00
1.353800e+00 3.358875e+00
1.354000e+00 3.337737e+00
1.354200e+00 3.316466e+00
1.354400e+00 3.295092e+00
1.354600e+00 3.273642e+00
1.354800e+00 3.252134e+00
1.355000e+00 3.230582e+00
1.355200e+00 3.208994e+00
1.355400e+00 3.187373e+00
1.355600e+00 3.165716e+00
1.355800e+00 3.144014e+00
1.356000e+00 3.122255e+00
1.356200e+00 3.100424e+00
1.356400e+00 3.078500e+00
1.356600e+00 3.056461e+00
1.356800e+00 3.034283e+00
1.357000e+00 3.011938e+00
1.357200e+00 2.989400e+00
1.357400e+00 2.966642e+00
1.357600e+00 2.943636e+00
1.357800e+00 2.920357e+00
1.358000e+00 2.896781e+00
1.358200e+00 2.872886e+00
1.358400e+00 2.848653e+00
1.358600e+00 2.824068e+00
1.358800e+00 2.799117e+00
1.359000e+00 2.773795e+00
1.359200e+00 2.748097e+00
1.359400e+00 2.722027e+00
1.359600e+00 2.695589e+00
1.359800e+00 2.668796e+00
1.360000e+00 2.641664e+00
1.360200e+00 2.614214e+00
1.360400e+00 2.586470e+00
1.360600e+00 2.558463e+00
1.360800e+00 2.530226e+00
1.361000e+00 2.501796e+00
1.361200e+00 2.473213e+00
1.361400e+00 2.444518e+00
1.361600e+00 2.415758e+00
1.361800e+00 2.386977e+00
1.362000e+00 2.358224e+00
1.362200e+00 2.329545e+00
1.362400e+00 2.300989e+00
1.362600e+00 2.272602e+00
1.362800e+00 2.244432e+00
1.363000e+00 2.216524e+00
1.363200e+00 2.188921e+00
1.363400e+00 2.161666e+00
1.363600e+00 2.134797e+00
1.363800e+00 2.108354e+00
1.364000e+00 2.082369e+00
1.364200e+00 2.056877e+00
1.364400e+00 2.031906e+00
1.364600e+00 2.007483e+00
1.364800e+00 1.983633e+00
1.365000e+00 1.960377e+00
1.365200e+00 1.937734e+00
1.365400e+00 1.915719e+00
1.365600e+00 1.894348e+00
1.365800e+00 1.873632e+00
1.366000e+00 1.853579e+00
1.366200e+00 1.834198e+00
1.366400e+00 1.815493e+00
1.366600e+00 1.797468e+00
1.366800e+00 1.780126e+00
1.367000e+00 1.763466e+00
1.367200e+00 1.747489e+00
1.367400e+00 1.732191e+00
1.367600e+00 1.717571e+00
1.367800e+00 1.703624e+00
1.368000e+00 1.690346e+00
1.368200e+00 1.677732e+00
1.368400e+00 1.665775e+00
1.368600e+00 1.654470e+00
1.368800e+00 1.643811e+00
1.369000e+00 1.633789e+00
1.369200e+00 1.624399e+00
1.369400e+00 1.615633e+00
1.369600e+00 1.607484e+00
1.369800e+00 1.599946e+00
1.370000e+00 1.593010e+00
1.370200e+00 1.586671e+00
1.370400e+00 1.580921e+00
1.370600e+00 1.575754e+00
1.370800e+00 1.571165e+00
1.371000e+00 1.567145e+00
1.371200e+00 1.563691e+00
1.371400e+00 1.560796e+00
1.371600e+00 1.558456e+00
1.371800e+00 1.556665e+00
1.372000e+00 1.555419e+00
1.372200e+00 1.554713e+00
1.372400e+00 1.554544e+00
1.372600e+00 1.554908e+00
1.372800e+00 1.555802e+00
1.373000e+00 1.557222e+00
1.373200e+00 1.559166e+00
1.373400e+00 1.561631e+00
1.373600e+00 1.564614e+00
1.373800e+00 1.568113e+00
1.374000e+00 1.572127e+00
1.374200e+00 1.576653e+00
1.374400e+00 1.581690e+00
1.374600e+00 1.587235e+00
1.374800e+00 1.593286e+00
1.375000e+00 1.599842e+00
1.375200e+00 1.606900e+00
1.375400e+00 1.614459e+00
1.375600e+00 1.622515e+00
1.375800e+00 1.631065e+00
1.376000e+00 1.640108e+00
1.376200e+00 1.649637e+00
1.376400e+00 1.659650e+00
1.376600e+00 1.670141e+00
1.376800e+00 1.681105e+00
1.377000e+00 1.692534e+00
1.377200e+00 1.704422e+00
1.377400e+00 1.716758e+00
1.377600e+00 1.729535e+00
1.377800e+00 1.742739e+00
1.378000e+00 1.756359e+00
1.378200e+00 1.770380e+00
1.378400e+00 1.784786e+00
1.378600e+00 1.799560e+00
1.378800e+00 1.814682e+00
1.379000e+00 1.830131e+00
1.379200e+00 1.845882e+00
1.379400e+00 1.861910e+00
1.379600e+00 1.878188e+00
1.379800e+00 1.894684e+00
1.380000e+00 1.911367e+00
1.380200e+00 1.928201e+00
1.380400e+00 1.945149e+00
1.380600e+00 1.962173e+00
1.380800e+00 1.979230e+00
1.381000e+00 1.996279e+00
1.381200e+00 2.013273e+00
1.381400e+00 2.030168e+00
1.381600e+00 2.046914e+00
1.381800e+00 2.063464e+00
1.382000e+00 2.079768e+00
1.382200e+00 2.095778e+00
1.382400e+00 2.111444e+00
1.382600e+00 2.126719e+00
1.382800e+00 2.141555e+00
1.383000e+00 2.155907e+00
1.383200e+00 2.169732e+00
1.383400e+00 2.182990e+00
1.383600e+00 2.195644e+00
1.383800e+00 2.207662e+00
1.384000e+00 2.219013e+00
1.384200e+00 2.229674e+00
1.384400e+00 2.239625e+00
1.384600e+00 2.248852e+00
1.384800e+00 2.257346e+00
1.385000e+00 2.265103e+00
1.385200e+00 2.272127e+00
1.385400e+00 2.278425e+00
1.385600e+00 2.284010e+00
1.385800e+00 2.288902e+00
1.386000e+00 2.293124e+00
1.386200e+00 2.296706e+00
1.386400e+00 2.299680e+00
1.386600e+00 2.302083e+00
1.386800e+00 2.303957e+00
1.387000e+00 2.305344e+00
1.387200e+00 2.306292e+00
1.387400e+00 2.306847e+00
1.387600e+00 2.307060e+00
1.387800e+00 2.306982e+00
1.388000e+00 2.306664e+00
1.388200e+00 2.306158e+00
1.388400e+00 2.305513e+00
1.388600e+00 2.304781e+00
1.388800e+00 2.304011e+00
1.389000e+00 2.303251e+00
1.389200e+00 2.302546e+00
1.389400e+00 2.301941e+00
1.389600e+00 2.301479e+00
1.389800e+00 2.301199e+00
1.390000e+00 2.301140e+00
1.390200e+00 2.301336e+00
1.390400e+00 2.301821e+00
1.390600e+00 2.302626e+00
1.390800e+00 2.303778e+00
1.391000e+00 2.305303e+00
1.391200e+00 2.307225e+00
1.391400e+00 2.309565e+00
1.391600e+00 2.312342e+00
1.391800e+00 2.315573e+00
1.392000e+00 2.319273e+00
1.392200e+00 2.323453e+00
1.392400e+00 2.328127e+00
1.392600e+00 2.333301e+00
1.392800e+00 2.338985e+00
1.393000e+00 2.345184e+00
1.393200e+00 2.351903e+00
1.393400e+00 2.359144e+00
1.393600e+00 2.366910e+00
1.393800e+00 2.375202e+00
1.394000e+00 2.384018e+00
1.394200e+00 2.393358e+00
1.394400e+00 2.403219e+00
1.394600e+00 2.413598e+00
1.394800e+00 2.424491e+00
1.395000e+00 2.435894e+00
1.395200e+00 2.447800e+00
1.395400e+00 2.460204e+00
1.395600e+00 2.473100e+00
1.395800e+00 2.486480e+00
1.396000e+00 2.500338e+00
1.396200e+00 2.514666e+00
1.396400e+00 2.529455e+00
1.396600e+00 2.544697e+00
1.396800e+00 2.560385e+00
1.397000e+00 2.576510e+00
1.397200e+00 2.593063e+00
1.397400e+00 2.610036e+00
1.397600e+00 2.627419e+00
1.397800e+00 2.645204e+00
1.398000e+00 2.663383e+00
1.398200e+00 2.681946e+00
1.398400e+00 2.700884e+00
1.398600e+00 2.720189e+00
1.398800e+00 2.739851e+00
1.399000e+00 2.759861e+00
1.399200e+00 2.780211e+00
1.399400e+00 2.800889e+00
1.399600e+00 2.821886e+00
1.399800e+00 2.843190e+00
