0.000000e+00 4.387859e+00
5.000000e-02 4.738626e+00
1.000000e-01 4.793474e+00
1.500000e-01 4.702019e+00
2.000000e-01 4.661418e+00
2.500000e-01 5.270274e+00
3.000000e-01 5.168360e+00
3.500000e-01 4.585278e+00
4.000000e-01 5.106923e+00
4.500000e-01 4.038599e+00
5.000000e-01 5.400376e+00
5.500000e-01 3.464834e+00
6.000000e-01 4.338509e+00
6.500000e-01 3.119343e+00
7.000000e-01 4.777549e+00
7.500000e-01 4.540818e+00
8.000000e-01 3.839890e+00
8.500000e-01 3.689091e+00
9.000000e-01 2.933777e+00
9.500000e-01 3.700143e+00
