0.000000e+00 4.387859e+00
5.000000e-02 5.409551e+00
1.000000e-01 5.193511e+00
1.500000e-01 4.800408e+00
2.000000e-01 4.489088e+00
2.500000e-01 4.739996e+00
3.000000e-01 3.937766e+00
3.500000e-01 5.527830e+00
4.000000e-01 4.530114e+00
4.500000e-01 4.568519e+00
5.000000e-01 5.285391e+00
5.500000e-01 3.611325e+00
6.000000e-01 2.700250e+00
6.500000e-01 3.451954e+00
7.000000e-01 4.688501e+00
7.500000e-01 3.904585e+00
8.000000e-01 3.924862e+00
8.500000e-01 4.229991e+00
9.000000e-01 3.193643e+00
9.500000e-01 4.029432e+00
