0.000000e+00 7.765960e+00
6.000000e-02 7.830060e+00
1.200000e-01 7.954335e+00
1.800000e-01 8.121089e+00
2.400000e-01 8.280817e+00
3.000000e-01 8.386415e+00
3.600000e-01 8.437120e+00
4.200000e-01 8.457726e+00
4.800000e-01 8.453687e+00
5.400000e-01 8.410373e+00
6.000000e-01 8.304670e+00
6.600000e-01 8.129760e+00
7.200000e-01 7.919783e+00
7.800000e-01 7.722644e+00
8.400000e-01 7.554489e+00
9.000000e-01 7.372273e+00
9.600000e-01 7.150133e+00
1.020000e+00 6.916636e+00
1.080000e+00 6.679464e+00
1.140000e+00 6.474944e+00
1.200000e+00 6.347670e+00
1.260000e+00 6.367930e+00
1.320000e+00 6.494297e+00
1.380000e+00 6.459361e+00
1.440000e+00 6.156066e+00
1.500000e+00 5.672024e+00
1.560000e+00 5.191922e+00
1.620000e+00 4.806318e+00
1.680000e+00 4.898083e+00
1.740000e+00 4.974837e+00
1.800000e+00 4.897189e+00
1.860000e+00 4.541058e+00
1.920000e+00 4.540491e+00
1.980000e+00 4.574618e+00
2.040000e+00 4.136422e+00
2.100000e+00 4.044142e+00
2.160000e+00 4.020927e+00
2.220000e+00 3.511186e+00
2.280000e+00 3.546495e+00
2.340000e+00 3.089069e+00
2.400000e+00 3.252410e+00
2.460000e+00 3.279501e+00
2.520000e+00 2.562868e+00
2.580000e+00 2.589517e+00
2.640000e+00 2.345523e+00
2.700000e+00 2.447922e+00
2.760000e+00 2.527511e+00
2.820000e+00 1.996789e+00
2.880000e+00 1.890501e+00
2.940000e+00 1.782403e+00
3.000000e+00 1.796045e+00
3.060000e+00 1.523055e+00
3.120000e+00 1.880081e+00
3.180000e+00 1.854290e+00
3.240000e+00 1.645897e+00
3.300000e+00 2.015165e+00
3.360000e+00 1.753362e+00
3.420000e+00 2.177757e+00
3.480000e+00 1.854714e+00
3.540000e+00 2.131376e+00
3.600000e+00 1.173832e+00
3.660000e+00 9.514221e-01
3.720000e+00 1.193269e+00
3.780000e+00 1.367171e+00
3.840000e+00 8.932832e-01
3.900000e+00 4.969977e-01
3.960000e+00 7.754838e-01
4.020000e+00 1.639452e+00
4.080000e+00 9.103952e-01
4.140000e+00 1.949834e-01
4.200000e+00 3.224090e-01
4.260000e+00 3.662026e-01
4.320000e+00 2.069492e-01
4.380000e+00 1.084468e+00
4.440000e+00 7.408627e-01
4.500000e+00 5.286180e-01
4.560000e+00 7.591767e-01
4.620000e+00 9.086080e-01
4.680000e+00 7.879078e-01
4.740000e+00 3.958034e-01
4.800000e+00 1.744833e-01
4.860000e+00 4.428538e-01
4.920000e+00 7.890117e-01
4.980000e+00 1.056429e+00
5.040000e+00 4.876988e-01
5.100000e+00 4.748850e-01
5.160000e+00 3.799664e-01
5.220000e+00 1.729913e-01
5.280000e+00 1.214598e+00
5.340000e+00 4.907567e-01
5.400000e+00 4.659456e-01
5.460000e+00 5.836314e-02
5.520000e+00 4.417316e-02
5.580000e+00 4.054661e-02
5.640000e+00 1.391800e-02
5.700000e+00 1.001803e-02
5.760000e+00 1.732887e-01
5.820000e+00 5.806741e-02
5.880000e+00 9.671445e-02
5.940000e+00 5.712134e-01
