0.000000e+00 7.765960e+00
6.000000e-02 7.834966e+00
1.200000e-01 7.921559e+00
1.800000e-01 8.001265e+00
2.400000e-01 8.052050e+00
3.000000e-01 8.057255e+00
3.600000e-01 8.009540e+00
4.200000e-01 7.912520e+00
4.800000e-01 7.775448e+00
5.400000e-01 7.614279e+00
6.000000e-01 7.453916e+00
6.600000e-01 7.316250e+00
7.200000e-01 7.205542e+00
7.800000e-01 7.097889e+00
8.400000e-01 6.954521e+00
9.000000e-01 6.771279e+00
9.600000e-01 6.576623e+00
1.020000e+00 6.374645e+00
1.080000e+00 6.170330e+00
1.140000e+00 5.986635e+00
1.200000e+00 5.749032e+00
1.260000e+00 5.490469e+00
1.320000e+00 5.286560e+00
1.380000e+00 5.072024e+00
1.440000e+00 4.734923e+00
1.500000e+00 4.305080e+00
1.560000e+00 4.210360e+00
1.620000e+00 4.374899e+00
1.680000e+00 4.303825e+00
1.740000e+00 3.924672e+00
1.800000e+00 3.641978e+00
1.860000e+00 3.694121e+00
1.920000e+00 4.004920e+00
1.980000e+00 3.784151e+00
2.040000e+00 3.868041e+00
2.100000e+00 4.093301e+00
2.160000e+00 3.691307e+00
2.220000e+00 3.646133e+00
2.280000e+00 3.278695e+00
2.340000e+00 2.827878e+00
2.400000e+00 2.709292e+00
2.460000e+00 2.398481e+00
2.520000e+00 2.435610e+00
2.580000e+00 2.463685e+00
2.640000e+00 2.796820e+00
2.700000e+00 2.207844e+00
2.760000e+00 2.261753e+00
2.820000e+00 2.151078e+00
2.880000e+00 2.132668e+00
2.940000e+00 1.905314e+00
3.000000e+00 1.967135e+00
3.060000e+00 1.855348e+00
3.120000e+00 1.975140e+00
3.180000e+00 1.357814e+00
3.240000e+00 1.740564e+00
3.300000e+00 2.040408e+00
3.360000e+00 2.413704e+00
3.420000e+00 2.161894e+00
3.480000e+00 2.109295e+00
3.540000e+00 1.336864e+00
3.600000e+00 1.501807e+00
3.660000e+00 1.472476e+00
3.720000e+00 1.753218e+00
3.780000e+00 1.401168e+00
3.840000e+00 7.680293e-01
3.900000e+00 8.405521e-01
3.960000e+00 1.133413e+00
4.020000e+00 9.424293e-01
4.080000e+00 9.913779e-01
4.140000e+00 4.930373e-01
4.200000e+00 2.082686e-01
4.260000e+00 7.943872e-02
4.320000e+00 7.006752e-01
4.380000e+00 1.433467e+00
4.440000e+00 7.622899e-01
4.500000e+00 6.412287e-01
4.560000e+00 1.123679e+00
4.620000e+00 1.221051e+00
4.680000e+00 1.082050e+00
4.740000e+00 6.461797e-01
4.800000e+00 1.334550e+00
4.860000e+00 6.598866e-01
4.920000e+00 3.660395e-01
4.980000e+00 5.508454e-01
5.040000e+00 6.725423e-01
5.100000e+00 4.127360e-01
5.160000e+00 3.533289e-01
5.220000e+00 5.751569e-01
5.280000e+00 8.692653e-01
5.340000e+00 7.883343e-01
5.400000e+00 1.029896e+00
5.460000e+00 4.338302e-01
5.520000e+00 5.016128e-01
5.580000e+00 9.512872e-01
5.640000e+00 2.620122e-01
5.700000e+00 6.934711e-01
5.760000e+00 4.662975e-01
5.820000e+00 8.144210e-01
5.880000e+00 1.005471e+00
5.940000e+00 7.018072e-01
