0.000000000000000000e+00 1.210719641460929807e+00
1.000000000000000082e-05 1.203008661366260279e+00
2.000000000000000164e-05 1.193919078732911032e+00
3.000000000000000415e-05 1.184187549255259375e+00
4.000000000000000327e-05 1.174683952617614491e+00
5.000000000000000240e-05 1.166204830256995173e+00
6.000000000000000830e-05 1.159163799499400405e+00
7.000000000000000742e-05 1.153272331586396415e+00
8.000000000000000654e-05 1.147362761778796925e+00
9.000000000000000567e-05 1.139542603058802506e+00
1.000000000000000048e-04 1.127884564146791613e+00
1.100000000000000039e-04 1.111811055462609277e+00
1.200000000000000166e-04 1.094076489886789627e+00
1.300000000000000157e-04 1.082578896646898103e+00
1.400000000000000148e-04 1.090266500224646773e+00
1.500000000000000140e-04 1.131204554902393244e+00
1.600000000000000131e-04 1.213083968467954632e+00
1.700000000000000122e-04 1.330626155894262475e+00
1.800000000000000113e-04 1.465770173531104170e+00
1.900000000000000105e-04 1.595465855449923920e+00
2.000000000000000096e-04 1.701171759907339265e+00
2.100000000000000087e-04 1.773748164826077556e+00
2.200000000000000078e-04 1.812644772442931762e+00
2.300000000000000070e-04 1.822307120369829558e+00
2.400000000000000332e-04 1.808802465380021651e+00
2.500000000000000052e-04 1.777946284112905007e+00
2.600000000000000314e-04 1.734917414582902717e+00
2.700000000000000035e-04 1.684875445387723492e+00
2.800000000000000297e-04 1.633885440875641804e+00
2.900000000000000017e-04 1.589055559768673298e+00
3.000000000000000279e-04 1.556628588539000546e+00
3.099999999999999999e-04 1.538369594015675190e+00
3.200000000000000262e-04 1.529821290100194187e+00
3.300000000000000524e-04 1.523687020718272001e+00
3.400000000000000244e-04 1.515469440373456766e+00
3.500000000000000507e-04 1.505660488234636940e+00
3.600000000000000227e-04 1.497730888408047800e+00
3.700000000000000489e-04 1.495165692111609435e+00
3.800000000000000209e-04 1.499638475401849025e+00
3.900000000000000471e-04 1.510229133746823216e+00
4.000000000000000192e-04 1.522947841495832622e+00
4.100000000000000454e-04 1.530300555682738484e+00
4.200000000000000174e-04 1.521740214794044643e+00
4.300000000000000436e-04 1.487606049315191026e+00
4.400000000000000157e-04 1.429147183820659972e+00
4.500000000000000419e-04 1.366093275033022802e+00
4.600000000000000139e-04 1.317917212677261141e+00
4.700000000000000401e-04 1.280943405704640714e+00
4.800000000000000664e-04 1.260991319939777089e+00
4.900000000000000926e-04 1.289533500769757035e+00
5.000000000000000104e-04 1.374813343306390490e+00
5.100000000000000366e-04 1.485199928677320980e+00
5.200000000000000629e-04 1.583156006652879810e+00
5.300000000000000891e-04 1.648943877353237886e+00
5.400000000000000069e-04 1.677177916416159986e+00
5.500000000000000331e-04 1.665382485860966710e+00
5.600000000000000594e-04 1.608353715645486126e+00
5.700000000000000856e-04 1.502572831172364509e+00
5.800000000000000034e-04 1.359792731665899534e+00
5.900000000000000296e-04 1.217594917096608276e+00
6.000000000000000559e-04 1.124892916462222114e+00
6.100000000000000821e-04 1.105710289621077980e+00
6.199999999999999999e-04 1.143675330742663476e+00
6.300000000000000261e-04 1.204119562828355638e+00
6.400000000000000524e-04 1.260517940967581518e+00
6.500000000000000786e-04 1.301536941778759893e+00
6.600000000000001048e-04 1.325285767781839708e+00
6.700000000000000226e-04 1.332237891764834536e+00
6.800000000000000488e-04 1.320821847748296918e+00
6.900000000000000751e-04 1.285656387283422131e+00
7.000000000000001013e-04 1.218706685174132165e+00
7.100000000000000191e-04 1.115030937753027196e+00
7.200000000000000453e-04 9.831665567783054449e-01
7.300000000000000716e-04 8.521787839793653063e-01
7.400000000000000978e-04 7.615563347215807966e-01
7.500000000000000156e-04 7.358785323030718750e-01
7.600000000000000418e-04 7.696424965676732510e-01
7.700000000000000681e-04 8.366408454247857840e-01
7.800000000000000943e-04 9.090400308132027263e-01
7.900000000000000121e-04 9.688652843752827426e-01
8.000000000000000383e-04 1.009735081809150614e+00
8.100000000000000646e-04 1.033971071349522708e+00
8.200000000000000908e-04 1.048699286436275635e+00
8.300000000000001170e-04 1.061387254542760505e+00
8.400000000000000348e-04 1.073010384990107369e+00
8.500000000000000611e-04 1.069347901332434958e+00
8.600000000000000873e-04 1.030255096286956995e+00
8.700000000000001135e-04 9.743396834574301613e-01
8.800000000000000313e-04 9.337730814428613080e-01
8.900000000000000576e-04 8.886048623792580647e-01
9.000000000000000838e-04 8.261824746304045064e-01
9.100000000000001100e-04 7.603963370982621539e-01
9.200000000000000278e-04 7.047369767464998214e-01
9.300000000000000541e-04 6.651887614840443774e-01
9.400000000000000803e-04 6.432583155924641583e-01
9.500000000000001065e-04 6.384976284597705387e-01
9.600000000000001327e-04 6.493296499420636581e-01
9.700000000000000505e-04 6.728549587186871683e-01
9.800000000000001852e-04 7.041546756148320263e-01
9.899999999999999946e-04 7.354927331384996103e-01
1.000000000000000021e-03 7.560367800746231604e-01
1.010000000000000047e-03 7.531829549916968514e-01
1.020000000000000073e-03 7.168447415503695908e-01
1.030000000000000100e-03 6.470048313700197395e-01
1.040000000000000126e-03 5.611479230343364710e-01
1.050000000000000152e-03 4.935575130657295917e-01
1.060000000000000178e-03 4.803517477339147579e-01
1.069999999999999988e-03 5.376231695236259878e-01
1.080000000000000014e-03 6.516345639717380234e-01
1.090000000000000040e-03 7.900021925710459803e-01
1.100000000000000066e-03 9.216419201334219435e-01
1.110000000000000092e-03 1.028807375647316835e+00
1.120000000000000119e-03 1.107123112060422798e+00
1.130000000000000145e-03 1.159580597023112558e+00
1.140000000000000171e-03 1.190867953582726235e+00
1.150000000000000197e-03 1.204709051278955778e+00
1.160000000000000007e-03 1.203945952396358932e+00
1.170000000000000033e-03 1.191827841658448239e+00
1.180000000000000059e-03 1.172983207342296552e+00
1.190000000000000085e-03 1.153395063838035917e+00
1.200000000000000112e-03 1.139675947221471253e+00
1.210000000000000138e-03 1.138368109886680468e+00
1.220000000000000164e-03 1.155736124273483600e+00
1.230000000000000190e-03 1.197770161114815490e+00
1.240000000000000000e-03 1.268440090045032109e+00
1.250000000000000026e-03 1.359512619454221305e+00
1.260000000000000052e-03 1.418953752840907079e+00
1.270000000000000078e-03 1.332443766943434582e+00
1.280000000000000105e-03 1.122999476817555742e+00
1.290000000000000131e-03 1.075697848591990136e+00
1.300000000000000157e-03 1.193830070383126607e+00
1.310000000000000183e-03 1.299682727954354133e+00
1.320000000000000210e-03 1.352832505664618878e+00
1.330000000000000019e-03 1.382193153430241850e+00
1.340000000000000045e-03 1.417510739392283448e+00
1.350000000000000071e-03 1.468492680682300433e+00
1.360000000000000098e-03 1.519367718336779527e+00
1.370000000000000124e-03 1.543652959588230233e+00
1.380000000000000150e-03 1.527032060785138645e+00
1.390000000000000176e-03 1.472391465552789658e+00
1.400000000000000203e-03 1.389451170207516739e+00
1.410000000000000012e-03 1.286588787352479279e+00
1.420000000000000038e-03 1.169931143177441735e+00
1.430000000000000064e-03 1.045667325319612040e+00
1.440000000000000091e-03 9.219306872982164780e-01
1.450000000000000117e-03 8.088918632381515428e-01
1.460000000000000143e-03 7.171018135075161171e-01
1.470000000000000169e-03 6.549389936651331956e-01
1.480000000000000196e-03 6.264278703500271162e-01
1.490000000000000222e-03 6.304829700260121683e-01
1.500000000000000031e-03 6.618360610654818732e-01
1.510000000000000057e-03 7.130503821251221730e-01
1.520000000000000084e-03 7.766627871311143627e-01
1.530000000000000110e-03 8.466986716001037028e-01
1.540000000000000136e-03 9.192121313887333667e-01
1.550000000000000162e-03 9.916570183085180457e-01
1.560000000000000189e-03 1.060394437665234335e+00
1.570000000000000215e-03 1.114209396320626544e+00
1.580000000000000024e-03 1.122224759236800207e+00
1.590000000000000050e-03 1.042351209681761537e+00
1.600000000000000077e-03 9.488837258453729495e-01
1.610000000000000103e-03 1.044178011282074436e+00
1.620000000000000129e-03 1.210619379682543517e+00
1.630000000000000155e-03 1.287724081572592993e+00
1.640000000000000182e-03 1.311474479148866612e+00
1.650000000000000208e-03 1.323667279850228695e+00
1.660000000000000234e-03 1.327322601096101007e+00
1.670000000000000043e-03 1.306558589768025858e+00
1.680000000000000070e-03 1.247302910761245220e+00
1.690000000000000096e-03 1.156506905001668750e+00
1.700000000000000122e-03 1.064503031194161675e+00
1.710000000000000148e-03 1.000224077232690245e+00
1.720000000000000175e-03 9.707202103079777267e-01
1.730000000000000201e-03 9.708795068300906106e-01
1.740000000000000227e-03 9.943873314791317197e-01
1.750000000000000036e-03 1.032802360478882298e+00
1.760000000000000063e-03 1.077796092526260630e+00
1.770000000000000089e-03 1.124348914106438224e+00
1.780000000000000115e-03 1.170787180004347228e+00
1.790000000000000141e-03 1.217416934059028621e+00
1.800000000000000168e-03 1.265319874045383930e+00
1.810000000000000194e-03 1.315610804621988317e+00
1.820000000000000220e-03 1.369015799839268244e+00
1.830000000000000246e-03 1.425557628803230337e+00
1.840000000000000056e-03 1.484079562783388484e+00
1.850000000000000082e-03 1.541229256178696883e+00
1.860000000000000108e-03 1.589495917095965716e+00
1.870000000000000134e-03 1.614554437308824308e+00
1.880000000000000161e-03 1.595096948610412291e+00
1.890000000000000187e-03 1.514077096767540986e+00
1.900000000000000213e-03 1.386628575516440254e+00
1.910000000000000239e-03 1.272462672821186969e+00
1.920000000000000265e-03 1.225210926540327705e+00
1.930000000000000075e-03 1.238174927305541795e+00
1.940000000000000101e-03 1.270751491425334612e+00
1.950000000000000127e-03 1.295678583740631717e+00
1.960000000000000370e-03 1.304696127192449318e+00
1.969999999999999963e-03 1.292188678635280308e+00
1.979999999999999989e-03 1.249442447117531829e+00
1.990000000000000015e-03 1.177642749526091048e+00
2.000000000000000042e-03 1.093888482452268995e+00
2.010000000000000068e-03 1.016931118103576281e+00
2.020000000000000094e-03 9.558094465504997084e-01
2.030000000000000120e-03 9.115036556324249695e-01
2.040000000000000147e-03 8.821448530731956783e-01
2.050000000000000173e-03 8.659008482596617373e-01
2.060000000000000199e-03 8.617187210468423286e-01
2.070000000000000225e-03 8.692077173427537051e-01
2.080000000000000251e-03 8.883420158318811044e-01
2.090000000000000278e-03 9.191645172284302889e-01
2.100000000000000304e-03 9.614462045622754749e-01
2.110000000000000330e-03 1.014160981944644657e+00
2.120000000000000356e-03 1.074614745870204668e+00
2.130000000000000383e-03 1.137210348147219552e+00
2.139999999999999975e-03 1.192421543984134580e+00
2.150000000000000001e-03 1.227812777122487375e+00
2.160000000000000028e-03 1.233642416905305961e+00
2.170000000000000054e-03 1.211682637507599969e+00
2.180000000000000080e-03 1.177729422806330639e+00
2.190000000000000106e-03 1.151423497572646504e+00
2.200000000000000133e-03 1.144396090684224987e+00
2.210000000000000159e-03 1.158440908666968028e+00
2.220000000000000185e-03 1.189639903426100043e+00
2.230000000000000211e-03 1.231175186746713113e+00
2.240000000000000237e-03 1.273229215626381805e+00
2.250000000000000264e-03 1.300737990133647104e+00
2.260000000000000290e-03 1.290877039419273675e+00
2.270000000000000316e-03 1.218096430696008481e+00
2.280000000000000342e-03 1.085551140257829505e+00
2.290000000000000369e-03 9.787098173258115263e-01
2.300000000000000395e-03 1.023065066357609521e+00
2.309999999999999987e-03 1.200860844756717061e+00
2.320000000000000014e-03 1.363625084254483699e+00
2.330000000000000040e-03 1.433543311574739132e+00
2.340000000000000066e-03 1.430014998608442500e+00
2.350000000000000092e-03 1.393055197526594124e+00
2.360000000000000119e-03 1.348528576220995312e+00
2.370000000000000145e-03 1.307868910971539567e+00
2.380000000000000171e-03 1.273597056409574213e+00
2.390000000000000197e-03 1.241957364095740868e+00
2.400000000000000223e-03 1.203099171204265350e+00
2.410000000000000250e-03 1.143531099666000639e+00
2.420000000000000276e-03 1.057301870836147462e+00
2.430000000000000302e-03 9.569237082243052805e-01
2.440000000000000328e-03 8.658826633676547369e-01
2.450000000000000355e-03 8.019153618178290754e-01
2.460000000000000381e-03 7.702038888269613359e-01
2.470000000000000407e-03 7.666902440193997803e-01
2.480000000000000000e-03 7.836320625634649595e-01
2.490000000000000026e-03 8.134507199554321666e-01
2.500000000000000052e-03 8.505442153544483519e-01
2.510000000000000078e-03 8.917937831309031838e-01
2.520000000000000104e-03 9.364380892268995282e-01
2.530000000000000131e-03 9.856915863961511759e-01
2.540000000000000157e-03 1.042128815151016408e+00
2.550000000000000183e-03 1.108293586450555868e+00
2.560000000000000209e-03 1.182829471661103415e+00
2.570000000000000236e-03 1.250678854422258235e+00
2.580000000000000262e-03 1.267230653400152063e+00
2.590000000000000288e-03 1.169936953271681901e+00
2.600000000000000314e-03 9.955411724251215233e-01
2.610000000000000341e-03 9.375049838517520717e-01
2.620000000000000367e-03 1.044933107913278869e+00
2.630000000000000393e-03 1.172921470777859021e+00
2.640000000000000419e-03 1.243275266344939567e+00
2.650000000000000012e-03 1.264932324466999436e+00
2.660000000000000038e-03 1.262906317767718001e+00
2.670000000000000064e-03 1.253619796948629794e+00
2.680000000000000090e-03 1.245024675062004427e+00
2.690000000000000117e-03 1.240251369638487589e+00
2.700000000000000143e-03 1.240027234844794268e+00
2.710000000000000169e-03 1.243880455577146105e+00
2.720000000000000195e-03 1.250667814788440690e+00
2.730000000000000222e-03 1.258771206274404530e+00
2.740000000000000248e-03 1.266129430507042741e+00
2.750000000000000274e-03 1.270176378604792156e+00
2.760000000000000300e-03 1.267730433073053220e+00
2.770000000000000327e-03 1.254937018948335314e+00
2.780000000000000353e-03 1.227577500153123946e+00
2.790000000000000379e-03 1.182563368803382753e+00
2.800000000000000405e-03 1.122256827769227971e+00
2.810000000000000431e-03 1.063085459322113291e+00
2.820000000000000024e-03 1.043173298136320426e+00
2.830000000000000050e-03 1.106130172697410208e+00
2.840000000000000076e-03 1.246804172780420217e+00
2.850000000000000103e-03 1.389844153579664177e+00
2.860000000000000129e-03 1.464938805977924918e+00
2.870000000000000155e-03 1.466693690826462948e+00
2.880000000000000181e-03 1.427068539366245670e+00
2.890000000000000208e-03 1.375187738146898653e+00
2.900000000000000234e-03 1.326273388432353428e+00
2.910000000000000260e-03 1.285656654116555497e+00
2.920000000000000286e-03 1.253949968987490005e+00
2.930000000000000313e-03 1.230024223968618768e+00
2.940000000000000339e-03 1.212293038088119168e+00
2.950000000000000365e-03 1.199146428043255108e+00
2.960000000000000391e-03 1.189045072582249674e+00
2.970000000000000417e-03 1.180533248308576866e+00
2.980000000000000444e-03 1.172302843487325053e+00
2.990000000000000036e-03 1.163373513826062577e+00
3.000000000000000062e-03 1.153377346981986573e+00
3.010000000000000089e-03 1.142813265283829205e+00
3.020000000000000115e-03 1.133013862667129779e+00
3.030000000000000141e-03 1.125612750698592235e+00
3.040000000000000167e-03 1.121651846570789424e+00
3.050000000000000194e-03 1.120901520605205093e+00
3.060000000000000220e-03 1.121932953425474278e+00
3.070000000000000246e-03 1.122856058015162306e+00
3.080000000000000272e-03 1.122091284195664507e+00
3.090000000000000299e-03 1.118657589496247162e+00
3.100000000000000325e-03 1.111961921377539353e+00
3.110000000000000351e-03 1.101411509541020850e+00
3.120000000000000377e-03 1.086213804173473463e+00
3.130000000000000403e-03 1.065679864534243571e+00
3.140000000000000430e-03 1.040289014978890592e+00
3.150000000000000456e-03 1.013413373111555993e+00
3.160000000000000048e-03 9.924129612723060490e-01
3.170000000000000075e-03 9.863622573577072172e-01
3.180000000000000101e-03 9.995036915665514998e-01
3.190000000000000127e-03 1.026325553229308962e+00
3.200000000000000153e-03 1.055569674365698152e+00
3.210000000000000180e-03 1.079872787888430441e+00
3.220000000000000206e-03 1.102521686886217100e+00
3.230000000000000232e-03 1.137037765129375710e+00
3.240000000000000258e-03 1.195358475365871254e+00
3.250000000000000284e-03 1.270401004923007005e+00
3.260000000000000311e-03 1.331203641910513547e+00
3.270000000000000337e-03 1.332132630087967673e+00
3.280000000000000363e-03 1.238435359124004709e+00
3.290000000000000389e-03 1.091450872335666400e+00
3.300000000000000416e-03 1.026343687010814687e+00
3.310000000000000442e-03 1.091267760884557125e+00
3.320000000000000468e-03 1.174638950129551329e+00
3.330000000000000061e-03 1.191732690006757078e+00
3.340000000000000087e-03 1.148204916388618546e+00
3.350000000000000113e-03 1.082004615200151232e+00
3.360000000000000139e-03 1.025129691442971724e+00
3.370000000000000166e-03 9.920316648839164753e-01
3.380000000000000192e-03 9.791527799617956163e-01
3.390000000000000218e-03 9.729244128996029639e-01
3.400000000000000244e-03 9.619717891979305824e-01
3.410000000000000270e-03 9.458009131374782719e-01
3.420000000000000297e-03 9.351454450544398611e-01
3.430000000000000323e-03 9.443485795988145748e-01
3.440000000000000349e-03 9.808852941071707354e-01
3.450000000000000375e-03 1.039898664574924858e+00
3.460000000000000402e-03 1.107919410573894980e+00
3.470000000000000428e-03 1.171422848406199257e+00
3.480000000000000454e-03 1.222681175669245501e+00
3.490000000000000480e-03 1.260186798626919291e+00
3.500000000000000073e-03 1.285923820909926629e+00
3.510000000000000099e-03 1.302307997824112551e+00
3.520000000000000125e-03 1.309850020330753928e+00
3.530000000000000152e-03 1.305287754499694586e+00
3.540000000000000178e-03 1.280060852925552162e+00
3.550000000000000204e-03 1.221816216847793068e+00
3.560000000000000230e-03 1.129046635396590670e+00
3.570000000000000256e-03 1.045885448049894695e+00
3.580000000000000283e-03 1.056537810053888693e+00
3.590000000000000309e-03 1.166270862340717640e+00
3.600000000000000335e-03 1.277209985908862588e+00
3.610000000000000361e-03 1.329608162264857896e+00
3.620000000000000388e-03 1.332239883116095092e+00
3.630000000000000414e-03 1.309545280882170593e+00
3.640000000000000440e-03 1.278005044256988132e+00
3.650000000000000466e-03 1.246306547046004187e+00
3.660000000000000493e-03 1.219076012467118719e+00
3.670000000000000085e-03 1.199125292391817421e+00
3.680000000000000111e-03 1.188471805714753193e+00
3.690000000000000138e-03 1.188757880123934685e+00
3.700000000000000164e-03 1.201300972135382672e+00
3.710000000000000190e-03 1.226694388684206327e+00
3.720000000000000216e-03 1.263684210576543787e+00
3.730000000000000242e-03 1.307183196346399345e+00
3.740000000000000269e-03 1.346629789583836168e+00
3.750000000000000295e-03 1.369247642232953366e+00
3.760000000000000321e-03 1.372585995114229629e+00
3.770000000000000347e-03 1.373363297881904810e+00
3.780000000000000374e-03 1.388783049647792422e+00
3.790000000000000400e-03 1.412999500634846362e+00
3.800000000000000426e-03 1.425352924569313284e+00
3.810000000000000452e-03 1.408471043243017196e+00
3.820000000000000479e-03 1.357987300413257881e+00
3.830000000000000505e-03 1.289028136063730567e+00
3.840000000000000531e-03 1.226990804802114976e+00
3.850000000000000124e-03 1.184298159831972619e+00
3.860000000000000150e-03 1.156054239436581366e+00
3.870000000000000176e-03 1.133568199426646217e+00
3.880000000000000202e-03 1.112021086905046863e+00
3.890000000000000228e-03 1.090028724969581031e+00
3.900000000000000255e-03 1.067749266168523725e+00
3.910000000000000281e-03 1.045849866764777758e+00
3.920000000000000741e-03 1.025097286315716172e+00
3.930000000000000333e-03 1.006177731686440424e+00
3.939999999999999926e-03 9.896008197687687913e-01
3.950000000000000386e-03 9.756622439689651705e-01
3.959999999999999978e-03 9.644601776610794985e-01
3.970000000000000438e-03 9.559521633010724662e-01
3.980000000000000031e-03 9.500323275515681898e-01
3.990000000000000491e-03 9.466090246814785614e-01
4.000000000000000083e-03 9.456681190203591880e-01
4.010000000000000543e-03 9.473138341349186531e-01
4.020000000000000136e-03 9.517852696877657781e-01
4.030000000000000596e-03 9.594512395207036581e-01
4.040000000000000188e-03 9.707885928264933240e-01
4.050000000000000648e-03 9.863495836190465660e-01
4.060000000000000241e-03 1.006722308453231740e+00
4.070000000000000701e-03 1.032484948438572303e+00
4.080000000000000293e-03 1.064149474780756499e+00
4.090000000000000753e-03 1.102082805664278631e+00
4.100000000000000346e-03 1.146381232365500047e+00
4.109999999999999938e-03 1.196655249012021471e+00
4.120000000000000398e-03 1.251660648739393089e+00
4.129999999999999991e-03 1.308717059033812635e+00
4.140000000000000450e-03 1.362981350561130789e+00
4.150000000000000043e-03 1.407074122566403851e+00
4.160000000000000503e-03 1.432363726345719401e+00
4.170000000000000095e-03 1.433532833465910539e+00
4.180000000000000555e-03 1.415401823145846727e+00
4.190000000000000148e-03 1.395008991615490856e+00
4.200000000000000608e-03 1.391904639853726255e+00
4.210000000000000200e-03 1.412711410055451200e+00
4.220000000000000660e-03 1.443518030171626165e+00
4.230000000000000253e-03 1.453231480503052175e+00
4.240000000000000713e-03 1.410782610977833418e+00
4.250000000000000305e-03 1.329481937504072508e+00
4.260000000000000765e-03 1.292147712259611669e+00
4.270000000000000358e-03 1.355814432453427143e+00
4.279999999999999950e-03 1.467357564517178359e+00
4.290000000000000410e-03 1.548882811684954675e+00
4.300000000000000003e-03 1.576332174870980207e+00
4.310000000000000463e-03 1.563621848037067608e+00
4.320000000000000055e-03 1.530658656429886300e+00
4.330000000000000515e-03 1.491057316518524578e+00
4.340000000000000108e-03 1.451895350170205212e+00
4.350000000000000568e-03 1.416235016354281395e+00
4.360000000000000160e-03 1.385081999432537847e+00
4.370000000000000620e-03 1.358403253808074584e+00
4.380000000000000213e-03 1.335580247265308662e+00
4.390000000000000673e-03 1.315626771983824828e+00
4.400000000000000265e-03 1.297306070975718484e+00
4.410000000000000725e-03 1.279163806442954243e+00
4.420000000000000318e-03 1.259476293147171910e+00
4.430000000000000777e-03 1.236154777575332986e+00
4.440000000000000370e-03 1.206710926743812529e+00
4.449999999999999963e-03 1.168462194725177650e+00
4.460000000000000422e-03 1.119207688520537314e+00
4.470000000000000015e-03 1.058523493131843018e+00
4.480000000000000475e-03 9.894119119535068618e-01
4.490000000000000067e-03 9.192633633104270174e-01
4.500000000000000527e-03 8.586464934973766505e-01
4.510000000000000120e-03 8.175942099623669801e-01
4.520000000000000580e-03 8.015550959608405135e-01
4.530000000000000172e-03 8.100515705598071436e-01
4.540000000000000632e-03 8.386306897025470608e-01
4.550000000000000225e-03 8.819307243080789505e-01
4.560000000000000685e-03 9.356978042218632163e-01
4.570000000000000277e-03 9.972642360246912752e-01
4.580000000000000737e-03 1.065051371044990702e+00
4.590000000000000330e-03 1.137645520687326828e+00
4.600000000000000790e-03 1.212614067834168141e+00
4.610000000000000382e-03 1.285132269947658834e+00
4.619999999999999975e-03 1.346936201647169762e+00
4.630000000000000435e-03 1.386597408495176875e+00
4.640000000000000027e-03 1.391980354537097897e+00
4.650000000000000487e-03 1.355933320264985475e+00
4.660000000000000080e-03 1.285993595704312487e+00
4.670000000000000540e-03 1.210393851277581145e+00
4.680000000000000132e-03 1.161858844462295703e+00
4.690000000000000592e-03 1.147657349593318221e+00
4.700000000000000185e-03 1.149825103615692345e+00
4.710000000000000644e-03 1.151914525102960773e+00
4.720000000000000237e-03 1.151227010142524598e+00
4.730000000000000697e-03 1.153837317044113853e+00
4.740000000000000289e-03 1.168174138717326560e+00
4.750000000000000749e-03 1.201509995268075004e+00
4.760000000000000342e-03 1.256975306911487733e+00
4.770000000000000802e-03 1.329028270219519303e+00
4.780000000000000394e-03 1.399050378253785087e+00
4.789999999999999987e-03 1.438773168175902839e+00
4.800000000000000447e-03 1.426778035320269034e+00
4.810000000000000039e-03 1.364546531739385227e+00
4.820000000000000499e-03 1.273079525541222834e+00
4.830000000000000092e-03 1.175953908775124290e+00
4.840000000000000552e-03 1.088161145499189519e+00
4.850000000000000144e-03 1.015568455621676858e+00
4.860000000000000604e-03 9.584627360645738836e-01
4.870000000000000197e-03 9.145424690260481881e-01
4.880000000000000657e-03 8.806293916729197591e-01
4.890000000000000249e-03 8.536305811224418338e-01
4.900000000000000709e-03 8.311201323823168563e-01
4.910000000000000302e-03 8.116114931803699584e-01
4.920000000000000762e-03 7.945332724805135305e-01
4.930000000000000354e-03 7.800013659667526245e-01
4.940000000000000814e-03 7.685278275762384981e-01
4.950000000000000407e-03 7.607747377058051708e-01
4.959999999999999999e-03 7.573959865913700851e-01
4.970000000000000459e-03 7.589593501128178987e-01
4.980000000000000052e-03 7.659181414712297187e-01
4.990000000000000512e-03 7.785960229440428426e-01
5.000000000000000104e-03 7.971463513594763128e-01
5.010000000000000564e-03 8.214395386941615307e-01
5.020000000000000157e-03 8.508187865870353583e-01
5.030000000000000616e-03 8.836771963438083688e-01
5.040000000000000209e-03 9.169957911641878345e-01
5.050000000000000669e-03 9.468662279771353774e-01
5.060000000000000261e-03 9.737524114604980685e-01
5.070000000000000721e-03 1.019185393269274265e+00
5.080000000000000314e-03 1.139818033041204881e+00
5.090000000000000774e-03 1.359515477170601283e+00
5.100000000000000366e-03 1.573353257094140201e+00
5.110000000000000826e-03 1.672924908921870735e+00
5.120000000000000419e-03 1.644794696509004339e+00
5.130000000000000011e-03 1.545345958322637880e+00
5.140000000000000471e-03 1.446851771991081836e+00
5.150000000000000064e-03 1.382808249047840388e+00
5.160000000000000524e-03 1.355065542616738838e+00
5.170000000000000116e-03 1.358735344551554647e+00
5.180000000000000576e-03 1.393090146645800553e+00
5.190000000000000169e-03 1.460100490661357941e+00
5.200000000000000629e-03 1.553671749055574924e+00
5.210000000000000221e-03 1.647374824373672109e+00
5.220000000000000681e-03 1.697075504573470672e+00
5.230000000000000274e-03 1.665251204247382821e+00
5.240000000000000734e-03 1.546862593849150702e+00
5.250000000000000326e-03 1.372011483224667483e+00
5.260000000000000786e-03 1.188926604812385435e+00
5.270000000000000379e-03 1.043068860177054802e+00
5.280000000000000838e-03 9.602471507921276350e-01
5.290000000000000431e-03 9.399270126640826284e-01
5.300000000000000024e-03 9.623659899180709854e-01
5.310000000000000484e-03 1.003160559889015202e+00
5.320000000000000076e-03 1.044466080112528061e+00
5.330000000000000536e-03 1.078288935356163325e+00
5.340000000000000129e-03 1.104054597384727554e+00
5.350000000000000588e-03 1.124381957959451617e+00
5.360000000000000181e-03 1.141713198502716242e+00
5.370000000000000641e-03 1.156801538046755784e+00
5.380000000000000233e-03 1.168836105091824784e+00
5.390000000000000693e-03 1.176353213774999684e+00
5.400000000000000286e-03 1.178103060507849076e+00
5.410000000000000746e-03 1.173464261572517042e+00
5.420000000000000338e-03 1.162421224357622851e+00
5.430000000000000798e-03 1.145314818376793164e+00
5.440000000000000391e-03 1.122570596997806813e+00
5.450000000000000851e-03 1.094524478401379453e+00
5.460000000000000443e-03 1.061391666027576397e+00
5.470000000000000036e-03 1.023386258413003125e+00
5.480000000000000496e-03 9.809858006058155278e-01
5.490000000000000088e-03 9.353264222200924349e-01
5.500000000000000548e-03 8.886912002235213270e-01
5.510000000000000141e-03 8.450022319905796664e-01
5.520000000000000601e-03 8.101385773401555968e-01
5.530000000000000193e-03 7.917909929345260389e-01
5.540000000000000653e-03 7.984887554191937298e-01
5.550000000000000246e-03 8.375125022814126075e-01
5.560000000000000706e-03 9.117386346179457979e-01
5.570000000000000298e-03 1.015836181332342658e+00
5.580000000000000758e-03 1.131825099586954098e+00
5.590000000000000351e-03 1.222374985653154944e+00
5.600000000000000810e-03 1.224098928379345752e+00
5.610000000000000403e-03 1.079273948627400337e+00
5.620000000000000863e-03 8.755129852767312704e-01
5.630000000000000455e-03 8.521614262733333556e-01
5.640000000000000048e-03 1.004784208776071663e+00
5.650000000000000508e-03 1.131452973007396778e+00
5.660000000000000100e-03 1.167113575596219643e+00
5.670000000000000560e-03 1.148015551171666093e+00
5.680000000000000153e-03 1.113942861644359628e+00
5.690000000000000613e-03 1.087685031012294967e+00
5.700000000000000205e-03 1.080501025499131185e+00
5.710000000000000665e-03 1.096550054133190510e+00
5.720000000000000258e-03 1.128863622797435351e+00
5.730000000000000718e-03 1.141563039067681196e+00
5.740000000000000310e-03 1.089054774667037817e+00
5.750000000000000770e-03 1.106721119905945017e+00
5.760000000000000363e-03 1.224322413657951580e+00
5.770000000000000823e-03 1.222830328436712577e+00
5.780000000000000415e-03 1.148058687970747949e+00
5.790000000000000875e-03 1.062253311118849908e+00
5.800000000000000468e-03 9.761745596282450643e-01
5.810000000000000060e-03 8.917995678862843389e-01
5.820000000000000520e-03 8.178577978404566462e-01
5.830000000000000113e-03 7.679074963082862526e-01
5.840000000000000573e-03 7.522842916136238678e-01
5.850000000000000165e-03 7.718763295583226380e-01
5.860000000000000625e-03 8.183131449895275633e-01
5.870000000000000218e-03 8.791659703617894506e-01
5.880000000000000678e-03 9.433791495887206002e-01
5.890000000000000270e-03 1.003667136234961177e+00
5.900000000000000730e-03 1.055720106921384627e+00
5.910000000000000323e-03 1.095659845833645285e+00
5.920000000000000782e-03 1.117259322436833013e+00
5.930000000000000375e-03 1.110419343393653779e+00
5.940000000000000835e-03 1.063272696310915588e+00
5.950000000000000427e-03 9.711897791435213367e-01
5.960000000000000887e-03 8.521141878645599466e-01
5.970000000000000480e-03 7.538094110419804039e-01
5.980000000000000072e-03 7.301333193238750408e-01
5.990000000000000532e-03 7.965212116181024093e-01
6.000000000000000125e-03 9.171789972257793355e-01
6.010000000000000585e-03 1.038585723455296650e+00
6.020000000000000177e-03 1.122531795838975999e+00
6.030000000000000637e-03 1.150272855662339611e+00
6.040000000000000230e-03 1.113306728171024496e+00
6.050000000000000690e-03 1.015193532204726967e+00
6.060000000000000282e-03 8.913434219033862238e-01
6.070000000000000742e-03 8.086620861588205145e-01
6.080000000000000335e-03 8.036902209384507723e-01
6.090000000000000795e-03 8.465188995583642351e-01
6.100000000000000387e-03 8.939313161343180880e-01
6.110000000000000847e-03 9.295242152384113332e-01
6.120000000000000440e-03 9.553035543905202820e-01
6.130000000000000900e-03 9.769175855275121778e-01
6.140000000000000492e-03 9.980608044606835705e-01
6.150000000000000085e-03 1.019770570132672027e+00
6.160000000000000545e-03 1.040776806896213547e+00
6.170000000000000137e-03 1.057898392693532141e+00
6.180000000000000597e-03 1.066901901752578041e+00
6.190000000000000190e-03 1.065133149065539353e+00
6.200000000000000649e-03 1.057844060746402137e+00
6.210000000000000242e-03 1.067770085141996450e+00
6.220000000000000702e-03 1.132113839355124885e+00
6.230000000000000294e-03 1.249829921810421851e+00
6.240000000000000754e-03 1.334744240455895348e+00
6.250000000000000347e-03 1.324031630354665534e+00
6.260000000000000807e-03 1.254595175279351604e+00
6.270000000000000399e-03 1.179805005369589876e+00
6.280000000000000859e-03 1.120521930534245092e+00
6.290000000000000452e-03 1.076839650052954678e+00
6.300000000000000912e-03 1.043944417845382500e+00
6.310000000000000504e-03 1.018644450165529847e+00
6.320000000000000097e-03 1.001257989632028167e+00
6.330000000000000557e-03 9.969919169636719536e-01
6.340000000000000149e-03 1.017827446253078971e+00
6.350000000000000609e-03 1.080860497620552252e+00
6.360000000000000202e-03 1.193424096546432445e+00
6.370000000000000662e-03 1.330028152639764372e+00
6.380000000000000254e-03 1.440946080316918287e+00
6.390000000000000714e-03 1.496105037838999507e+00
6.400000000000000307e-03 1.500547195058500982e+00
6.410000000000000767e-03 1.471608573378510254e+00
6.420000000000000359e-03 1.419382145029920439e+00
6.430000000000000819e-03 1.344785373113826177e+00
6.440000000000000412e-03 1.249168128983273451e+00
6.450000000000000872e-03 1.147214924262841773e+00
6.460000000000000464e-03 1.068350603119870179e+00
6.470000000000000924e-03 1.036536156133021525e+00
6.480000000000000517e-03 1.049826297140929565e+00
6.490000000000000109e-03 1.086772187838485060e+00
6.500000000000000569e-03 1.126851612359310195e+00
6.510000000000000162e-03 1.160397330133748461e+00
6.520000000000000621e-03 1.186708087377434051e+00
6.530000000000000214e-03 1.209567695829769640e+00
6.540000000000000674e-03 1.234863219540648815e+00
6.550000000000000266e-03 1.270334802526420059e+00
6.560000000000000726e-03 1.325183651265608997e+00
6.570000000000000319e-03 1.405185149214927431e+00
6.580000000000000779e-03 1.501437050976702547e+00
6.590000000000000371e-03 1.585405358369239126e+00
6.600000000000000831e-03 1.626370687087260070e+00
6.610000000000000424e-03 1.612899208557652342e+00
6.620000000000000884e-03 1.550776158121721870e+00
6.630000000000000476e-03 1.450526664692793233e+00
6.640000000000000936e-03 1.331818078669356087e+00
6.650000000000000529e-03 1.246299549154846753e+00
6.660000000000000121e-03 1.258206459347122053e+00
6.670000000000000581e-03 1.337800166730451989e+00
6.680000000000000174e-03 1.374501488912635017e+00
6.690000000000000634e-03 1.332724681252345222e+00
6.700000000000000226e-03 1.254650446543350117e+00
6.710000000000000686e-03 1.181500234172589536e+00
6.720000000000000279e-03 1.128712816921184192e+00
6.730000000000000739e-03 1.094577974001119225e+00
6.740000000000000331e-03 1.071442439704527239e+00
6.750000000000000791e-03 1.053026800281308351e+00
6.760000000000000384e-03 1.039699846070584410e+00
6.770000000000000843e-03 1.042423453264758493e+00
6.780000000000000436e-03 1.078851206554842790e+00
6.790000000000000896e-03 1.154229531597835035e+00
6.800000000000000488e-03 1.246972048109592501e+00
6.810000000000000948e-03 1.327001613174166428e+00
6.820000000000000541e-03 1.380927703956528418e+00
6.830000000000000134e-03 1.412077194585320772e+00
6.840000000000000593e-03 1.428557998135614238e+00
6.850000000000000186e-03 1.436099960869777536e+00
6.860000000000000646e-03 1.436391263633893356e+00
6.870000000000000238e-03 1.427434516230949857e+00
6.880000000000000698e-03 1.404474191124133409e+00
6.890000000000000291e-03 1.362024356182687468e+00
6.900000000000000751e-03 1.298583767676422696e+00
6.910000000000000343e-03 1.224889482077560210e+00
6.920000000000000803e-03 1.171474670812216790e+00
6.930000000000000396e-03 1.182154348980212433e+00
6.940000000000000856e-03 1.281530612657262314e+00
6.950000000000000448e-03 1.439675220095384178e+00
6.960000000000000908e-03 1.587536081456658366e+00
6.970000000000000501e-03 1.674217052792875915e+00
6.980000000000000961e-03 1.691951618371722033e+00
6.990000000000000553e-03 1.654866565604170114e+00
7.000000000000000146e-03 1.577803048910784156e+00
7.010000000000000606e-03 1.482515696152525653e+00
7.020000000000000198e-03 1.416635047508169265e+00
7.030000000000000658e-03 1.417979414040585695e+00
7.040000000000000251e-03 1.432464651817782819e+00
7.050000000000000711e-03 1.381493003821935295e+00
7.060000000000000303e-03 1.272555324415254319e+00
7.070000000000000763e-03 1.152908795943560882e+00
7.080000000000000356e-03 1.051192582382760365e+00
7.090000000000000815e-03 9.748252951596777516e-01
7.100000000000000408e-03 9.219089485238542991e-01
7.110000000000000868e-03 8.883352807040978405e-01
7.120000000000000460e-03 8.703354235613972589e-01
7.130000000000000920e-03 8.650195439040521128e-01
7.140000000000000513e-03 8.702459472648560457e-01
7.150000000000000973e-03 8.843248019126491721e-01
7.160000000000000565e-03 9.057145447928005577e-01
7.170000000000000158e-03 9.327467026929352478e-01
7.180000000000000618e-03 9.633786486145951011e-01
7.190000000000000210e-03 9.949743333070352191e-01
7.200000000000000670e-03 1.024141609559527044e+00
7.210000000000000263e-03 1.046720574521358582e+00
7.220000000000000723e-03 1.058129824477067826e+00
7.230000000000000315e-03 1.054407151069501669e+00
7.240000000000000775e-03 1.034272596887003459e+00
7.250000000000000368e-03 1.002021277367142860e+00
7.260000000000000828e-03 9.696338755933866516e-01
7.270000000000000420e-03 9.548245758904753133e-01
7.280000000000000880e-03 9.727413982120368674e-01
7.290000000000000473e-03 1.025206240225212895e+00
7.300000000000000933e-03 1.097317937469377336e+00
7.310000000000000525e-03 1.166238952567638432e+00
7.320000000000000985e-03 1.214343174939856995e+00
7.330000000000000578e-03 1.235522490795812001e+00
7.340000000000000170e-03 1.232034862250931173e+00
7.350000000000000630e-03 1.206877273334969969e+00
7.360000000000000223e-03 1.158350025043168641e+00
7.370000000000000683e-03 1.084661772430379756e+00
7.380000000000000275e-03 1.003867436709179328e+00
7.390000000000000735e-03 9.676372241019366438e-01
7.400000000000000328e-03 1.021908533705657485e+00
7.410000000000000787e-03 1.146614735181447742e+00
7.420000000000000380e-03 1.276487466258875880e+00
7.430000000000000840e-03 1.368575115221069893e+00
7.440000000000000432e-03 1.418330839537564447e+00
7.450000000000000892e-03 1.435737976576869412e+00
7.460000000000000485e-03 1.427001344182289300e+00
7.470000000000000945e-03 1.389190623089337384e+00
7.480000000000000537e-03 1.310995439104674976e+00
7.490000000000000997e-03 1.180576233319430957e+00
7.500000000000000590e-03 1.005827271683760404e+00
7.510000000000000182e-03 8.325419732989262078e-01
7.520000000000000642e-03 7.193700005495433647e-01
7.530000000000000235e-03 6.833418708913600037e-01
7.540000000000000695e-03 6.960827068152189989e-01
7.550000000000000287e-03 7.242025755588062941e-01
7.560000000000000747e-03 7.502782859625638512e-01
7.570000000000000340e-03 7.688698019458614086e-01
7.580000000000000800e-03 7.788392062693881845e-01
7.590000000000000392e-03 7.802210615720397424e-01
7.600000000000000852e-03 7.740914642350399388e-01
7.610000000000000445e-03 7.623938079606702445e-01
7.620000000000000905e-03 7.471011833095052568e-01
7.630000000000000497e-03 7.297960366068195759e-01
7.640000000000000957e-03 7.118966301549976006e-01
7.650000000000000550e-03 6.949854282839567077e-01
7.660000000000001009e-03 6.809322009232754436e-01
7.670000000000000602e-03 6.717598430666348319e-01
7.680000000000001062e-03 6.692439599899472347e-01
7.690000000000000654e-03 6.743188814636922324e-01
7.700000000000000247e-03 6.865389291944514749e-01
7.710000000000000707e-03 7.039471435397773869e-01
7.720000000000000299e-03 7.235405003867968476e-01
7.730000000000000759e-03 7.421342991775838893e-01
7.740000000000000352e-03 7.571432088601333099e-01
7.750000000000000812e-03 7.668728158781623616e-01
7.760000000000000404e-03 7.702450918150393067e-01
7.770000000000000864e-03 7.661565137109500601e-01
7.780000000000000457e-03 7.527471488214115825e-01
7.790000000000000917e-03 7.268610570580040786e-01
7.800000000000000509e-03 6.841327078087655611e-01
7.810000000000000969e-03 6.206200560203906091e-01
7.820000000000000562e-03 5.375318603386276539e-01
7.830000000000000154e-03 4.497970981152350500e-01
7.840000000000001482e-03 3.931511051742256901e-01
7.850000000000001074e-03 4.133741523019799358e-01
7.860000000000000667e-03 5.280582054056176533e-01
7.870000000000000259e-03 6.973023366080973728e-01
7.879999999999999852e-03 8.527442344375825156e-01
7.890000000000001179e-03 9.528763197381319161e-01
7.900000000000000772e-03 9.987918021579774708e-01
7.910000000000000364e-03 1.013339658264640564e+00
7.919999999999999957e-03 1.019998131007643805e+00
7.930000000000001284e-03 1.034117033547022224e+00
7.940000000000000877e-03 1.060443819372067997e+00
7.950000000000000469e-03 1.088856301363665402e+00
7.960000000000000062e-03 1.084137122595624447e+00
7.970000000000001389e-03 9.848685248126666236e-01
7.980000000000000981e-03 7.965295258936632150e-01
7.990000000000000574e-03 7.767367207075603908e-01
8.000000000000000167e-03 1.023122049230494879e+00
8.010000000000001494e-03 1.142560549800061942e+00
8.020000000000001086e-03 1.064944814191100431e+00
8.030000000000000679e-03 9.755973427360900008e-01
8.040000000000000271e-03 9.632109601764596851e-01
8.049999999999999864e-03 9.802782774943817889e-01
8.060000000000001191e-03 9.811400381509132185e-01
8.070000000000000784e-03 9.650468010611459313e-01
8.080000000000000376e-03 9.468046862094204874e-01
8.089999999999999969e-03 9.380814513356864337e-01
8.100000000000001296e-03 9.446712223752881110e-01
8.110000000000000889e-03 9.683327412804405565e-01
8.120000000000000481e-03 1.007239623824837782e+00
8.130000000000000074e-03 1.054268045844543700e+00
8.140000000000001401e-03 1.096759871063369474e+00
8.150000000000000994e-03 1.121526423074644896e+00
8.160000000000000586e-03 1.121866341735726413e+00
8.170000000000000179e-03 1.099610323756508024e+00
8.180000000000001506e-03 1.061490778171059635e+00
8.190000000000001099e-03 1.014622614634384856e+00
8.200000000000000691e-03 9.642289121970946120e-01
8.210000000000000284e-03 9.134951927685451833e-01
8.219999999999999876e-03 8.644109012377326762e-01
8.230000000000001203e-03 8.188268506275041547e-01
8.240000000000000796e-03 7.794065821547244699e-01
8.250000000000000389e-03 7.502890943130361423e-01
8.259999999999999981e-03 7.371944213630279297e-01
8.270000000000001308e-03 7.466093868750560691e-01
8.280000000000000901e-03 7.838640472291724670e-01
8.290000000000000493e-03 8.505060108205682035e-01
8.300000000000000086e-03 9.420911006760631645e-01
8.310000000000001413e-03 1.047648440593671904e+00
8.320000000000001006e-03 1.151597920804192210e+00
8.330000000000000598e-03 1.238826651921925315e+00
8.340000000000000191e-03 1.303301303405824063e+00
8.350000000000001518e-03 1.355033646547029180e+00
8.360000000000001111e-03 1.412597465062848112e+00
8.370000000000000703e-03 1.483003911097183769e+00
8.380000000000000296e-03 1.555342468832873859e+00
8.389999999999999888e-03 1.609819935708354244e+00
8.400000000000001216e-03 1.604564067513848169e+00
8.410000000000000808e-03 1.452253422574557362e+00
8.420000000000000401e-03 1.399437362032558863e+00
8.429999999999999993e-03 1.598191378536214069e+00
8.440000000000001321e-03 1.556063216972971119e+00
8.450000000000000913e-03 1.475951107831229736e+00
8.460000000000000506e-03 1.430919668972275183e+00
8.470000000000000098e-03 1.414747763274412318e+00
8.480000000000001426e-03 1.420747084793199555e+00
8.490000000000001018e-03 1.446836311632220040e+00
8.500000000000000611e-03 1.490422187149688993e+00
8.510000000000000203e-03 1.541494629764828428e+00
8.520000000000001530e-03 1.576553667986691609e+00
8.530000000000001123e-03 1.562174942116041798e+00
8.540000000000000716e-03 1.485614670995112352e+00
8.550000000000000308e-03 1.405174588172172001e+00
8.559999999999999901e-03 1.418097305443481115e+00
8.570000000000001228e-03 1.521092819911029403e+00
8.580000000000000820e-03 1.618240909034329267e+00
8.590000000000000413e-03 1.655611113889582153e+00
8.600000000000000006e-03 1.641868430586029604e+00
8.610000000000001333e-03 1.602140993597338747e+00
8.620000000000000925e-03 1.554453844035130761e+00
8.630000000000000518e-03 1.507511449477979548e+00
8.640000000000000110e-03 1.463684870248850078e+00
8.650000000000001438e-03 1.421512742202211577e+00
8.660000000000001030e-03 1.377261578060507974e+00
8.670000000000000623e-03 1.326021642550410551e+00
8.680000000000000215e-03 1.262412131651822644e+00
8.690000000000001543e-03 1.180607400113885763e+00
8.700000000000001135e-03 1.074075005244354397e+00
8.710000000000000728e-03 9.379696684932826711e-01
8.720000000000000320e-03 7.807754134507809418e-01
8.729999999999999913e-03 6.462142191981468109e-01
8.740000000000001240e-03 6.098500385745003749e-01
8.750000000000000833e-03 7.019410614527209491e-01
8.760000000000000425e-03 8.517732540394264973e-01
8.770000000000000018e-03 9.707775185337965684e-01
8.780000000000001345e-03 1.032119074932512426e+00
8.790000000000000938e-03 1.052079441095925549e+00
8.800000000000000530e-03 1.052208365700843640e+00
8.810000000000000123e-03 1.045031552010837750e+00
8.820000000000001450e-03 1.033385123934557726e+00
8.830000000000001042e-03 1.012593229174841625e+00
8.840000000000000635e-03 9.738544440467525876e-01
8.850000000000000228e-03 9.119637633005013289e-01
8.860000000000001555e-03 8.376059283363285202e-01
8.870000000000001147e-03 7.801949735190158997e-01
8.880000000000000740e-03 7.649032153939704370e-01
8.890000000000000333e-03 7.876753326480867567e-01
8.899999999999999925e-03 8.249101123950326464e-01
8.910000000000001252e-03 8.584374205680050940e-01
8.920000000000000845e-03 8.836108281302347267e-01
8.930000000000000437e-03 9.036300979530328403e-01
8.940000000000000030e-03 9.227992147752123175e-01
8.950000000000001357e-03 9.425956392341698908e-01
8.960000000000000950e-03 9.605136807871281768e-01
8.970000000000000542e-03 9.723616227990264926e-01
8.980000000000000135e-03 9.761925428738764676e-01
8.990000000000001462e-03 9.719816395408644727e-01
9.000000000000001055e-03 9.590514251172237437e-01
9.010000000000000647e-03 9.377563408358391417e-01
9.020000000000000240e-03 9.110377433823557691e-01
9.030000000000001567e-03 8.827015501109082285e-01
9.040000000000001160e-03 8.556175441255071679e-01
9.050000000000000752e-03 8.313644189587903188e-01
9.060000000000000345e-03 8.106397609775221058e-01
9.069999999999999937e-03 7.937559712450104055e-01
9.080000000000001265e-03 7.810078532747727342e-01
9.090000000000000857e-03 7.729168865388207355e-01
9.100000000000000450e-03 7.703953581696437736e-01
9.110000000000000042e-03 7.748366710739954533e-01
9.120000000000001369e-03 7.880380183054519483e-01
9.130000000000000962e-03 8.116237984004659456e-01
9.140000000000000555e-03 8.451333146394872653e-01
9.150000000000000147e-03 8.813634617462351439e-01
9.160000000000001474e-03 8.994438696847374404e-01
9.170000000000001067e-03 8.683723460320748044e-01
9.180000000000000659e-03 7.882771583039503982e-01
9.190000000000000252e-03 7.309118499587182738e-01
9.200000000000001579e-03 7.601158247395305434e-01
9.210000000000001172e-03 8.475634384066449423e-01
9.220000000000000764e-03 9.358577143876978255e-01
9.230000000000000357e-03 9.983241976180893262e-01
9.239999999999999949e-03 1.032155309427423395e+00
9.250000000000001277e-03 1.040997439499334876e+00
9.260000000000000869e-03 1.028561766120166698e+00
9.270000000000000462e-03 9.989449642038868982e-01
9.280000000000000054e-03 9.583329519619886439e-01
9.290000000000001382e-03 9.153170447899954265e-01
9.300000000000000974e-03 8.791224148547193140e-01
9.310000000000000567e-03 8.568910350512598528e-01
9.320000000000000159e-03 8.518287384677725171e-01
9.330000000000001487e-03 8.630350750604451893e-01
9.340000000000001079e-03 8.864087653350209983e-01
9.350000000000000672e-03 9.154664290932540416e-01
9.360000000000000264e-03 9.412499516266948918e-01
9.370000000000001592e-03 9.513881186332679984e-01
9.380000000000001184e-03 9.313818863992860964e-01
9.390000000000000777e-03 8.821299384372767172e-01
9.400000000000000369e-03 8.700961682011821852e-01
9.409999999999999962e-03 9.751851260986045267e-01
9.420000000000001289e-03 1.062754918164710016e+00
9.430000000000000882e-03 1.033147754222841774e+00
9.440000000000000474e-03 9.555495403659359788e-01
9.450000000000000067e-03 8.704436491231846151e-01
9.460000000000001394e-03 7.832822863910140487e-01
9.470000000000000986e-03 6.976388190134255041e-01
9.480000000000000579e-03 6.221029782208040704e-01
9.490000000000000172e-03 5.667523941804358811e-01
9.500000000000001499e-03 5.383932415750116718e-01
9.510000000000001091e-03 5.381249547703225167e-01
9.520000000000000684e-03 5.619653712959945535e-01
9.530000000000000276e-03 6.032481577244626081e-01
9.540000000000001604e-03 6.550183290100418665e-01
9.550000000000001196e-03 7.114404405574342727e-01
9.560000000000000789e-03 7.681845662580459866e-01
9.570000000000000381e-03 8.222163948318674809e-01
9.579999999999999974e-03 8.714287470679051850e-01
9.590000000000001301e-03 9.143796262090917448e-01
9.600000000000000894e-03 9.502246689124040913e-01
9.610000000000000486e-03 9.788056904600622721e-01
9.620000000000000079e-03 1.000782078873506009e+00
9.630000000000001406e-03 1.017659617196988719e+00
9.640000000000000999e-03 1.031581336356631962e+00
9.650000000000000591e-03 1.044813408648291864e+00
9.660000000000000184e-03 1.059015870735424691e+00
9.670000000000001511e-03 1.074573252491705100e+00
9.680000000000001104e-03 1.090110369420109304e+00
9.690000000000000696e-03 1.101777396012961763e+00
9.700000000000000289e-03 1.103049033736214213e+00
9.710000000000001616e-03 1.088387216382761036e+00
9.720000000000001208e-03 1.059362603072087516e+00
9.730000000000000801e-03 1.025040032804092949e+00
9.740000000000000394e-03 9.960186370573923531e-01
9.749999999999999986e-03 9.793808292262097259e-01
9.760000000000001313e-03 9.776823284649108770e-01
9.770000000000000906e-03 9.902493459939774034e-01
9.780000000000000498e-03 1.014822657028372710e+00
9.790000000000000091e-03 1.048810745013701640e+00
9.800000000000001418e-03 1.090090535151700735e+00
9.810000000000001011e-03 1.137394993020669709e+00
9.820000000000000603e-03 1.190070319371355767e+00
9.830000000000000196e-03 1.246185558614345990e+00
9.840000000000001523e-03 1.295942224071449544e+00
9.850000000000001116e-03 1.305349464020761907e+00
9.860000000000000708e-03 1.207353531258375856e+00
9.870000000000000301e-03 1.019524508693353537e+00
9.880000000000001628e-03 9.865713178748706236e-01
9.890000000000001221e-03 1.119062634061029460e+00
9.900000000000000813e-03 1.200151102781472634e+00
9.910000000000000406e-03 1.203544357455647917e+00
9.919999999999999998e-03 1.177530293826610563e+00
9.930000000000001326e-03 1.149940374337682147e+00
9.940000000000000918e-03 1.130075476750312058e+00
9.950000000000000511e-03 1.119429915751009919e+00
9.960000000000000103e-03 1.116396944385622758e+00
9.970000000000001431e-03 1.117559821802208475e+00
9.980000000000001023e-03 1.117801167034048415e+00
9.990000000000000616e-03 1.110644516811181592e+00
