-5.000000e-02 1.007586e+00
-4.990000e-02 9.997107e-01
-4.980000e-02 9.843503e-01
-4.970000e-02 9.573355e-01
-4.960000e-02 9.137818e-01
-4.950000e-02 8.502163e-01
-4.940000e-02 7.682354e-01
-4.930000e-02 6.774602e-01
-4.920000e-02 5.939548e-01
-4.910000e-02 5.331789e-01
-4.900000e-02 5.026439e-01
-4.890000e-02 5.003493e-01
-4.880000e-02 5.188320e-01
-4.870000e-02 5.500876e-01
-4.860000e-02 5.881621e-01
-4.850000e-02 6.294565e-01
-4.840000e-02 6.720396e-01
-4.830000e-02 7.148971e-01
-4.820000e-02 7.574360e-01
-4.810000e-02 7.992355e-01
-4.800000e-02 8.399521e-01
-4.790000e-02 8.792972e-01
-4.780000e-02 9.170401e-01
-4.770000e-02 9.530138e-01
-4.760000e-02 9.871159e-01
-4.750000e-02 1.019301e+00
-4.740000e-02 1.049563e+00
-4.730000e-02 1.077916e+00
-4.720000e-02 1.104350e+00
-4.710000e-02 1.128785e+00
-4.700000e-02 1.150985e+00
-4.690000e-02 1.170440e+00
-4.680000e-02 1.186187e+00
-4.670000e-02 1.196579e+00
-4.660000e-02 1.199016e+00
-4.650000e-02 1.189784e+00
-4.640000e-02 1.164311e+00
-4.630000e-02 1.118379e+00
-4.620000e-02 1.050735e+00
-4.610000e-02 9.665189e-01
-4.600000e-02 8.789256e-01
-4.590000e-02 8.058145e-01
-4.580000e-02 7.617173e-01
-4.570000e-02 7.511764e-01
-4.560000e-02 7.686855e-01
-4.550000e-02 8.038518e-01
-4.540000e-02 8.467080e-01
-4.530000e-02 8.902935e-01
-4.520000e-02 9.308325e-01
-4.510000e-02 9.668942e-01
-4.500000e-02 9.984932e-01
-4.490000e-02 1.026481e+00
-4.480000e-02 1.052240e+00
-4.470000e-02 1.077570e+00
-4.460000e-02 1.104574e+00
-4.450000e-02 1.135257e+00
-4.440000e-02 1.170465e+00
-4.430000e-02 1.208125e+00
-4.420000e-02 1.241881e+00
-4.410000e-02 1.262585e+00
-4.400000e-02 1.263589e+00
-4.390000e-02 1.245886e+00
-4.380000e-02 1.217667e+00
-4.370000e-02 1.189009e+00
-4.360000e-02 1.167145e+00
-4.350000e-02 1.155216e+00
-4.340000e-02 1.153381e+00
-4.330000e-02 1.160346e+00
-4.320000e-02 1.174412e+00
-4.310000e-02 1.193963e+00
-4.300000e-02 1.217606e+00
-4.290000e-02 1.244149e+00
-4.280000e-02 1.272507e+00
-4.270000e-02 1.301623e+00
-4.260000e-02 1.330407e+00
-4.250000e-02 1.357735e+00
-4.240000e-02 1.382511e+00
-4.230000e-02 1.403819e+00
-4.220000e-02 1.421121e+00
-4.210000e-02 1.434450e+00
-4.200000e-02 1.444484e+00
-4.190000e-02 1.452377e+00
-4.180000e-02 1.459343e+00
-4.170000e-02 1.466100e+00
-4.160000e-02 1.472404e+00
-4.150000e-02 1.476872e+00
-4.140000e-02 1.477105e+00
-4.130000e-02 1.470016e+00
-4.120000e-02 1.452255e+00
-4.110000e-02 1.420741e+00
-4.100000e-02 1.373468e+00
-4.090000e-02 1.310729e+00
-4.080000e-02 1.236610e+00
-4.070000e-02 1.159972e+00
-4.060000e-02 1.093423e+00
-4.050000e-02 1.049040e+00
-4.040000e-02 1.031666e+00
-4.030000e-02 1.033711e+00
-4.020000e-02 1.036621e+00
-4.010000e-02 1.023133e+00
-4.000000e-02 1.002858e+00
-3.990000e-02 1.031284e+00
-3.980000e-02 1.146407e+00
-3.970000e-02 1.282913e+00
-3.960000e-02 1.371482e+00
-3.950000e-02 1.412535e+00
-3.940000e-02 1.426506e+00
-3.930000e-02 1.426449e+00
-3.920000e-02 1.418816e+00
-3.910000e-02 1.406900e+00
-3.900000e-02 1.392500e+00
-3.890000e-02 1.376606e+00
-3.880000e-02 1.359719e+00
-3.870000e-02 1.342029e+00
-3.860000e-02 1.323524e+00
-3.850000e-02 1.304078e+00
-3.840000e-02 1.283512e+00
-3.830000e-02 1.261645e+00
-3.820000e-02 1.238353e+00
-3.810000e-02 1.213616e+00
-3.800000e-02 1.187568e+00
-3.790000e-02 1.160549e+00
-3.780000e-02 1.133142e+00
-3.770000e-02 1.106192e+00
-3.760000e-02 1.080789e+00
-3.750000e-02 1.058206e+00
-3.740000e-02 1.039769e+00
-3.730000e-02 1.026670e+00
-3.720000e-02 1.019729e+00
-3.710000e-02 1.019149e+00
-3.700000e-02 1.024330e+00
-3.690000e-02 1.033818e+00
-3.680000e-02 1.045432e+00
-3.670000e-02 1.056552e+00
-3.660000e-02 1.064410e+00
-3.650000e-02 1.066177e+00
-3.640000e-02 1.058697e+00
-3.630000e-02 1.038191e+00
-3.620000e-02 1.000682e+00
-3.610000e-02 9.437752e-01
-3.600000e-02 8.691485e-01
-3.590000e-02 7.837673e-01
-3.580000e-02 6.983281e-01
-3.570000e-02 6.236777e-01
-3.560000e-02 5.675088e-01
-3.550000e-02 5.329908e-01
-3.540000e-02 5.193317e-01
-3.530000e-02 5.232832e-01
-3.520000e-02 5.406433e-01
-3.510000e-02 5.673020e-01
-3.500000e-02 5.997775e-01
-3.490000e-02 6.353772e-01
-3.480000e-02 6.721417e-01
-3.470000e-02 7.086925e-01
-3.460000e-02 7.440596e-01
-3.450000e-02 7.775295e-01
-3.440000e-02 8.085342e-01
-3.430000e-02 8.365891e-01
-3.420000e-02 8.612783e-01
-3.410000e-02 8.822754e-01
-3.400000e-02 8.993828e-01
-3.390000e-02 9.125661e-01
-3.380000e-02 9.219689e-01
-3.370000e-02 9.278980e-01
-3.360000e-02 9.307852e-01
-3.350000e-02 9.311359e-01
-3.340000e-02 9.294773e-01
-3.330000e-02 9.263164e-01
-3.320000e-02 9.221114e-01
-3.310000e-02 9.172570e-01
-3.300000e-02 9.120803e-01
-3.290000e-02 9.068442e-01
-3.280000e-02 9.017551e-01
-3.270000e-02 8.969716e-01
-3.260000e-02 8.926137e-01
-3.250000e-02 8.887713e-01
-3.240000e-02 8.855105e-01
-3.230000e-02 8.828801e-01
-3.220000e-02 8.809151e-01
-3.210000e-02 8.796409e-01
-3.200000e-02 8.790748e-01
-3.190000e-02 8.792280e-01
-3.180000e-02 8.801063e-01
-3.170000e-02 8.817098e-01
-3.160000e-02 8.840326e-01
-3.150000e-02 8.870608e-01
-3.140000e-02 8.907706e-01
-3.130000e-02 8.951251e-01
-3.120000e-02 9.000692e-01
-3.110000e-02 9.055242e-01
-3.100000e-02 9.113806e-01
-3.090000e-02 9.174892e-01
-3.080000e-02 9.236507e-01
-3.070000e-02 9.296050e-01
-3.060000e-02 9.350195e-01
-3.050000e-02 9.394801e-01
-3.040000e-02 9.424860e-01
-3.030000e-02 9.434537e-01
-3.020000e-02 9.417346e-01
-3.010000e-02 9.366554e-01
-3.000000e-02 9.275862e-01
-2.990000e-02 9.140432e-01
-2.980000e-02 8.958252e-01
-2.970000e-02 8.731730e-01
-2.960000e-02 8.469211e-01
-2.950000e-02 8.185988e-01
-2.940000e-02 7.904212e-01
-2.930000e-02 7.651241e-01
-2.920000e-02 7.456300e-01
-2.910000e-02 7.345937e-01
-2.900000e-02 7.339262e-01
-2.890000e-02 7.444168e-01
-2.880000e-02 7.655391e-01
-2.870000e-02 7.954620e-01
-2.860000e-02 8.312315e-01
-2.850000e-02 8.690786e-01
-2.840000e-02 9.048398e-01
-2.830000e-02 9.345267e-01
-2.820000e-02 9.550985e-01
-2.810000e-02 9.654122e-01
-2.800000e-02 9.671251e-01
-2.790000e-02 9.650559e-01
-2.780000e-02 9.664059e-01
-2.770000e-02 9.786258e-01
-2.760000e-02 1.006601e+00
-2.750000e-02 1.050598e+00
-2.740000e-02 1.106204e+00
-2.730000e-02 1.166236e+00
-2.720000e-02 1.223397e+00
-2.710000e-02 1.272315e+00
-2.700000e-02 1.310329e+00
-2.690000e-02 1.337232e+00
-2.680000e-02 1.354517e+00
-2.670000e-02 1.364562e+00
-2.660000e-02 1.370005e+00
-2.650000e-02 1.373288e+00
-2.640000e-02 1.376306e+00
-2.630000e-02 1.380017e+00
-2.620000e-02 1.383885e+00
-2.610000e-02 1.385120e+00
-2.600000e-02 1.377972e+00
-2.590000e-02 1.353906e+00
-2.580000e-02 1.304119e+00
-2.570000e-02 1.225203e+00
-2.560000e-02 1.125370e+00
-2.550000e-02 1.024601e+00
-2.540000e-02 9.451474e-01
-2.530000e-02 8.993635e-01
-2.520000e-02 8.855461e-01
-2.510000e-02 8.930740e-01
-2.500000e-02 9.098485e-01
-2.490000e-02 9.266807e-01
-2.480000e-02 9.382285e-01
-2.470000e-02 9.422198e-01
-2.460000e-02 9.383642e-01
-2.450000e-02 9.275212e-01
-2.440000e-02 9.111995e-01
-2.430000e-02 8.912920e-01
-2.420000e-02 8.699336e-01
-2.410000e-02 8.494017e-01
-2.400000e-02 8.320110e-01
-2.390000e-02 8.199831e-01
-2.380000e-02 8.152944e-01
-2.370000e-02 8.195193e-01
-2.360000e-02 8.336946e-01
-2.350000e-02 8.582283e-01
-2.340000e-02 8.928686e-01
-2.330000e-02 9.367345e-01
-2.320000e-02 9.883943e-01
-2.310000e-02 1.045971e+00
-2.300000e-02 1.107249e+00
-2.290000e-02 1.169765e+00
-2.280000e-02 1.230877e+00
-2.270000e-02 1.287835e+00
-2.260000e-02 1.337876e+00
-2.250000e-02 1.378389e+00
-2.240000e-02 1.407190e+00
-2.230000e-02 1.422863e+00
-2.220000e-02 1.425101e+00
-2.210000e-02 1.414879e+00
-2.200000e-02 1.394340e+00
-2.190000e-02 1.366363e+00
-2.180000e-02 1.333973e+00
-2.170000e-02 1.299814e+00
-2.160000e-02 1.265850e+00
-2.150000e-02 1.233328e+00
-2.140000e-02 1.202917e+00
-2.130000e-02 1.174904e+00
-2.120000e-02 1.149372e+00
-2.110000e-02 1.126332e+00
-2.100000e-02 1.105796e+00
-2.090000e-02 1.087817e+00
-2.080000e-02 1.072486e+00
-2.070000e-02 1.059914e+00
-2.060000e-02 1.050197e+00
-2.050000e-02 1.043378e+00
-2.040000e-02 1.039419e+00
-2.030000e-02 1.038187e+00
-2.020000e-02 1.039462e+00
-2.010000e-02 1.042952e+00
-2.000000e-02 1.048322e+00
-1.990000e-02 1.055214e+00
-1.980000e-02 1.063278e+00
-1.970000e-02 1.072179e+00
-1.960000e-02 1.081613e+00
-1.950000e-02 1.091308e+00
-1.940000e-02 1.101020e+00
-1.930000e-02 1.110533e+00
-1.920000e-02 1.119650e+00
-1.910000e-02 1.128187e+00
-1.900000e-02 1.135967e+00
-1.890000e-02 1.142814e+00
-1.880000e-02 1.148547e+00
-1.870000e-02 1.152978e+00
-1.860000e-02 1.155909e+00
-1.850000e-02 1.157129e+00
-1.840000e-02 1.156422e+00
-1.830000e-02 1.153563e+00
-1.820000e-02 1.148335e+00
-1.810000e-02 1.140532e+00
-1.800000e-02 1.129979e+00
-1.790000e-02 1.116550e+00
-1.780000e-02 1.100186e+00
-1.770000e-02 1.080918e+00
-1.760000e-02 1.058890e+00
-1.750000e-02 1.034365e+00
-1.740000e-02 1.007732e+00
-1.730000e-02 9.794908e-01
-1.720000e-02 9.502250e-01
-1.710000e-02 9.205565e-01
-1.700000e-02 8.910889e-01
-1.690000e-02 8.623470e-01
-1.680000e-02 8.347164e-01
-1.670000e-02 8.083908e-01
-1.660000e-02 7.833318e-01
-1.650000e-02 7.592509e-01
-1.640000e-02 7.356392e-01
-1.630000e-02 7.119010e-01
-1.620000e-02 6.876861e-01
-1.610000e-02 6.635251e-01
-1.600000e-02 6.417124e-01
-1.590000e-02 6.268022e-01
-1.580000e-02 6.240978e-01
-1.570000e-02 6.346473e-01
-1.560000e-02 6.496953e-01
-1.550000e-02 6.534242e-01
-1.540000e-02 6.359244e-01
-1.530000e-02 6.017401e-01
-1.520000e-02 5.639182e-01
-1.510000e-02 5.333621e-01
-1.500000e-02 5.144362e-01
-1.490000e-02 5.064508e-01
-1.480000e-02 5.065364e-01
-1.470000e-02 5.115940e-01
-1.460000e-02 5.191353e-01
-1.450000e-02 5.274629e-01
-1.440000e-02 5.355691e-01
-1.430000e-02 5.429565e-01
-1.420000e-02 5.494640e-01
-1.410000e-02 5.551267e-01
-1.400000e-02 5.600770e-01
-1.390000e-02 5.644888e-01
-1.380000e-02 5.685658e-01
-1.370000e-02 5.725776e-01
-1.360000e-02 5.769444e-01
-1.350000e-02 5.823665e-01
-1.340000e-02 5.899828e-01
-1.330000e-02 6.015110e-01
-1.320000e-02 6.192777e-01
-1.310000e-02 6.459870e-01
-1.300000e-02 6.840661e-01
-1.290000e-02 7.345534e-01
-1.280000e-02 7.958522e-01
-1.270000e-02 8.631201e-01
-1.260000e-02 9.290893e-01
-1.250000e-02 9.863130e-01
-1.240000e-02 1.029657e+00
-1.230000e-02 1.057566e+00
-1.220000e-02 1.071614e+00
-1.210000e-02 1.075057e+00
-1.200000e-02 1.071399e+00
-1.190000e-02 1.063530e+00
-1.180000e-02 1.053452e+00
-1.170000e-02 1.042351e+00
-1.160000e-02 1.030806e+00
-1.150000e-02 1.019001e+00
-1.140000e-02 1.006896e+00
-1.130000e-02 9.943416e-01
-1.120000e-02 9.811611e-01
-1.110000e-02 9.671977e-01
-1.100000e-02 9.523421e-01
-1.090000e-02 9.365468e-01
-1.080000e-02 9.198295e-01
-1.070000e-02 9.022690e-01
-1.060000e-02 8.839936e-01
-1.050000e-02 8.651597e-01
-1.040000e-02 8.459220e-01
-1.030000e-02 8.263957e-01
-1.020000e-02 8.066171e-01
-1.010000e-02 7.865068e-01
-1.000000e-02 7.658403e-01
-9.900000e-03 7.442281e-01
-9.800000e-03 7.211066e-01
-9.700000e-03 6.957435e-01
-9.600000e-03 6.672687e-01
-9.500000e-03 6.347538e-01
-9.400000e-03 5.973820e-01
-9.300000e-03 5.547769e-01
-9.200000e-03 5.075739e-01
-9.100000e-03 4.582938e-01
-9.000000e-03 4.124189e-01
-8.900000e-03 3.791688e-01
-8.800000e-03 3.708354e-01
-8.700000e-03 3.992251e-01
-8.600000e-03 4.690905e-01
-8.500000e-03 5.720200e-01
-8.400000e-03 6.868425e-01
-8.300000e-03 7.886781e-01
-8.200000e-03 8.603416e-01
-8.100000e-03 8.975491e-01
-8.000000e-03 9.062013e-01
-7.900000e-03 8.964079e-01
-7.800000e-03 8.778150e-01
-7.700000e-03 8.575573e-01
-7.600000e-03 8.400628e-01
-7.500000e-03 8.276126e-01
-7.400000e-03 8.209784e-01
-7.300000e-03 8.198664e-01
-7.200000e-03 8.231273e-01
-7.100000e-03 8.287850e-01
-7.000000e-03 8.339945e-01
-6.900000e-03 8.350867e-01
-6.800000e-03 8.279142e-01
-6.700000e-03 8.086935e-01
-6.600000e-03 7.753544e-01
-6.500000e-03 7.289884e-01
-6.400000e-03 6.745569e-01
-6.300000e-03 6.200545e-01
-6.200000e-03 5.741464e-01
-6.100000e-03 5.433998e-01
-6.000000e-03 5.305693e-01
-5.900000e-03 5.346024e-01
-5.800000e-03 5.519157e-01
-5.700000e-03 5.779921e-01
-5.600000e-03 6.085956e-01
-5.500000e-03 6.403863e-01
-5.400000e-03 6.710550e-01
-5.300000e-03 6.991908e-01
-5.200000e-03 7.240559e-01
-5.100000e-03 7.453639e-01
-5.000000e-03 7.631034e-01
-4.900000e-03 7.774132e-01
-4.800000e-03 7.884998e-01
-4.700000e-03 7.965890e-01
-4.600000e-03 8.018989e-01
-4.500000e-03 8.046282e-01
-4.400000e-03 8.049532e-01
-4.300000e-03 8.030305e-01
-4.200000e-03 7.990027e-01
-4.100000e-03 7.930056e-01
-4.000000e-03 7.851761e-01
-3.900000e-03 7.756599e-01
-3.800000e-03 7.646194e-01
-3.700000e-03 7.522399e-01
-3.600000e-03 7.387361e-01
-3.500000e-03 7.243565e-01
-3.400000e-03 7.093870e-01
-3.300000e-03 6.941530e-01
-3.200000e-03 6.790196e-01
-3.100000e-03 6.643902e-01
-3.000000e-03 6.507029e-01
-2.900000e-03 6.384250e-01
-2.800000e-03 6.280451e-01
-2.700000e-03 6.200626e-01
-2.600000e-03 6.149739e-01
-2.500000e-03 6.132536e-01
-2.400000e-03 6.153286e-01
-2.300000e-03 6.215417e-01
-2.200000e-03 6.321015e-01
-2.100000e-03 6.470185e-01
-2.000000e-03 6.660316e-01
-1.900000e-03 6.885410e-01
-1.800000e-03 7.135733e-01
-1.700000e-03 7.398082e-01
-1.600000e-03 7.656897e-01
-1.500000e-03 7.896170e-01
-1.400000e-03 8.101792e-01
-1.300000e-03 8.263802e-01
-1.200000e-03 8.378100e-01
-1.100000e-03 8.447554e-01
-1.000000e-03 8.482958e-01
-9.000000e-04 8.504544e-01
-8.000000e-04 8.544601e-01
-7.000000e-04 8.650677e-01
-6.000000e-04 8.886307e-01
-5.000000e-04 9.321834e-01
-4.000000e-04 1.000423e+00
-3.000000e-04 1.090206e+00
-2.000000e-04 1.185445e+00
-1.000000e-04 1.259490e+00
1.429412e-15 1.289064e+00
1.000000e-04 1.270066e+00
2.000000e-04 1.219146e+00
3.000000e-04 1.160384e+00
4.000000e-04 1.111665e+00
5.000000e-04 1.080220e+00
6.000000e-04 1.065270e+00
7.000000e-04 1.062361e+00
8.000000e-04 1.066512e+00
9.000000e-04 1.073742e+00
1.000000e-03 1.081457e+00
1.100000e-03 1.088244e+00
1.200000e-03 1.093472e+00
1.300000e-03 1.096933e+00
1.400000e-03 1.098632e+00
1.500000e-03 1.098679e+00
1.600000e-03 1.097258e+00
1.700000e-03 1.094594e+00
1.800000e-03 1.090937e+00
1.900000e-03 1.086534e+00
2.000000e-03 1.081614e+00
2.100000e-03 1.076382e+00
2.200000e-03 1.071022e+00
2.300000e-03 1.065708e+00
2.400000e-03 1.060620e+00
2.500000e-03 1.055961e+00
2.600000e-03 1.051967e+00
2.700000e-03 1.048917e+00
2.800000e-03 1.047117e+00
2.900000e-03 1.046850e+00
3.000000e-03 1.048283e+00
3.100000e-03 1.051305e+00
3.200000e-03 1.055317e+00
3.300000e-03 1.059024e+00
3.400000e-03 1.060325e+00
3.500000e-03 1.056461e+00
3.600000e-03 1.044500e+00
3.700000e-03 1.022091e+00
3.800000e-03 9.881938e-01
3.900000e-03 9.434915e-01
4.000000e-03 8.902963e-01
4.100000e-03 8.320996e-01
4.200000e-03 7.730236e-01
4.300000e-03 7.173837e-01
4.400000e-03 6.694085e-01
4.500000e-03 6.330489e-01
4.600000e-03 6.117815e-01
4.700000e-03 6.083427e-01
4.800000e-03 6.243727e-01
4.900000e-03 6.599853e-01
5.000000e-03 7.133127e-01
5.100000e-03 7.801250e-01
5.200000e-03 8.537116e-01
5.300000e-03 9.253081e-01
5.400000e-03 9.853461e-01
5.500000e-03 1.025519e+00
5.600000e-03 1.041057e+00
5.700000e-03 1.032101e+00
5.800000e-03 1.003283e+00
5.900000e-03 9.616517e-01
6.000000e-03 9.139794e-01
6.100000e-03 8.645648e-01
6.200000e-03 8.140354e-01
6.300000e-03 7.593624e-01
6.400000e-03 6.957514e-01
6.500000e-03 6.216328e-01
6.600000e-03 5.461896e-01
6.700000e-03 4.926218e-01
6.800000e-03 4.869641e-01
6.900000e-03 5.368774e-01
7.000000e-03 6.238399e-01
7.100000e-03 7.180464e-01
7.200000e-03 7.970626e-01
7.300000e-03 8.520434e-01
7.400000e-03 8.839852e-01
7.500000e-03 8.981234e-01
7.600000e-03 9.003128e-01
7.700000e-03 8.955023e-01
7.800000e-03 8.873963e-01
7.900000e-03 8.785915e-01
8.000000e-03 8.708243e-01
8.100000e-03 8.651913e-01
8.200000e-03 8.623028e-01
8.300000e-03 8.623742e-01
8.400000e-03 8.652687e-01
8.500000e-03 8.705122e-01
8.600000e-03 8.773031e-01
8.700000e-03 8.845446e-01
8.800000e-03 8.909315e-01
8.900000e-03 8.951148e-01
9.000000e-03 8.959529e-01
9.100000e-03 8.928154e-01
9.200000e-03 8.858603e-01
9.300000e-03 8.761670e-01
9.400000e-03 8.656265e-01
9.500000e-03 8.565673e-01
9.600000e-03 8.512187e-01
9.700000e-03 8.511960e-01
9.800000e-03 8.571879e-01
9.900000e-03 8.689256e-01
1.000000e-02 8.853920e-01
1.010000e-02 9.051492e-01
1.020000e-02 9.266615e-01
1.030000e-02 9.485337e-01
1.040000e-02 9.696426e-01
1.050000e-02 9.891765e-01
1.060000e-02 1.006615e+00
1.070000e-02 1.021681e+00
1.080000e-02 1.034277e+00
1.090000e-02 1.044441e+00
1.100000e-02 1.052295e+00
1.110000e-02 1.058017e+00
1.120000e-02 1.061817e+00
1.130000e-02 1.063922e+00
1.140000e-02 1.064569e+00
1.150000e-02 1.063997e+00
1.160000e-02 1.062454e+00
1.170000e-02 1.060188e+00
1.180000e-02 1.057454e+00
1.190000e-02 1.054503e+00
1.200000e-02 1.051573e+00
1.210000e-02 1.048871e+00
1.220000e-02 1.046542e+00
1.230000e-02 1.044641e+00
1.240000e-02 1.043093e+00
1.250000e-02 1.041658e+00
1.260000e-02 1.039904e+00
1.270000e-02 1.037194e+00
1.280000e-02 1.032693e+00
1.290000e-02 1.025415e+00
1.300000e-02 1.014300e+00
1.310000e-02 9.983437e-01
1.320000e-02 9.767546e-01
1.330000e-02 9.491411e-01
1.340000e-02 9.156901e-01
1.350000e-02 8.773082e-01
1.360000e-02 8.356868e-01
1.370000e-02 7.932663e-01
1.380000e-02 7.530871e-01
1.390000e-02 7.185401e-01
1.400000e-02 6.930429e-01
1.410000e-02 6.796689e-01
1.420000e-02 6.807461e-01
1.430000e-02 6.974173e-01
1.440000e-02 7.291561e-01
1.450000e-02 7.732942e-01
1.460000e-02 8.248176e-01
1.470000e-02 8.770326e-01
1.480000e-02 9.239406e-01
1.490000e-02 9.644065e-01
1.500000e-02 1.005239e+00
1.510000e-02 1.055995e+00
1.520000e-02 1.111873e+00
1.530000e-02 1.146854e+00
1.540000e-02 1.147606e+00
1.550000e-02 1.132394e+00
1.560000e-02 1.110338e+00
1.570000e-02 1.072440e+00
1.580000e-02 1.016003e+00
1.590000e-02 9.486528e-01
1.600000e-02 8.805840e-01
1.610000e-02 8.202757e-01
1.620000e-02 7.741806e-01
1.630000e-02 7.477079e-01
1.640000e-02 7.460379e-01
1.650000e-02 7.740125e-01
1.660000e-02 8.341199e-01
1.670000e-02 9.211534e-01
1.680000e-02 1.013834e+00
1.690000e-02 1.071986e+00
1.700000e-02 1.056166e+00
1.710000e-02 9.630735e-01
1.720000e-02 8.312936e-01
1.730000e-02 7.076822e-01
1.740000e-02 6.197942e-01
1.750000e-02 5.741676e-01
1.760000e-02 5.654882e-01
1.770000e-02 5.842199e-01
1.780000e-02 6.205892e-01
1.790000e-02 6.662542e-01
1.800000e-02 7.148470e-01
1.810000e-02 7.619835e-01
1.820000e-02 8.050102e-01
1.830000e-02 8.426330e-01
1.840000e-02 8.745239e-01
1.850000e-02 9.009671e-01
1.860000e-02 9.225763e-01
1.870000e-02 9.400916e-01
1.880000e-02 9.542464e-01
1.890000e-02 9.656902e-01
1.900000e-02 9.749498e-01
1.910000e-02 9.824161e-01
1.920000e-02 9.883456e-01
1.930000e-02 9.928712e-01
1.940000e-02 9.960228e-01
1.950000e-02 9.977601e-01
1.960000e-02 9.980249e-01
1.970000e-02 9.968051e-01
1.980000e-02 9.941603e-01
1.990000e-02 9.900790e-01
2.000000e-02 9.840454e-01
2.010000e-02 9.746230e-01
2.020000e-02 9.600580e-01
2.030000e-02 9.402520e-01
2.040000e-02 9.180828e-01
2.050000e-02 8.981962e-01
2.060000e-02 8.848230e-01
2.070000e-02 8.809568e-01
2.080000e-02 8.888642e-01
2.090000e-02 9.105305e-01
2.100000e-02 9.466714e-01
2.110000e-02 9.931543e-01
2.120000e-02 1.035422e+00
2.130000e-02 1.048280e+00
2.140000e-02 1.013133e+00
2.150000e-02 9.411064e-01
2.160000e-02 8.646095e-01
2.170000e-02 8.066941e-01
2.180000e-02 7.715023e-01
2.190000e-02 7.542242e-01
2.200000e-02 7.495336e-01
2.210000e-02 7.539197e-01
2.220000e-02 7.653545e-01
2.230000e-02 7.825891e-01
2.240000e-02 8.046819e-01
2.250000e-02 8.307626e-01
2.260000e-02 8.599352e-01
2.270000e-02 8.912481e-01
2.280000e-02 9.236840e-01
2.290000e-02 9.561411e-01
2.300000e-02 9.873837e-01
2.310000e-02 1.015951e+00
2.320000e-02 1.040020e+00
2.330000e-02 1.057261e+00
2.340000e-02 1.064762e+00
2.350000e-02 1.059221e+00
2.360000e-02 1.037657e+00
2.370000e-02 9.987798e-01
2.380000e-02 9.446808e-01
2.390000e-02 8.817404e-01
2.400000e-02 8.195118e-01
2.410000e-02 7.675823e-01
2.420000e-02 7.322650e-01
2.430000e-02 7.152171e-01
2.440000e-02 7.143694e-01
2.450000e-02 7.259221e-01
2.460000e-02 7.460633e-01
2.470000e-02 7.718797e-01
2.480000e-02 8.015895e-01
2.490000e-02 8.344186e-01
2.500000e-02 8.703577e-01
2.510000e-02 9.098969e-01
2.520000e-02 9.537099e-01
2.530000e-02 1.002124e+00
2.540000e-02 1.054013e+00
2.550000e-02 1.104559e+00
2.560000e-02 1.141811e+00
2.570000e-02 1.145216e+00
2.580000e-02 1.094850e+00
2.590000e-02 9.939571e-01
2.600000e-02 8.800681e-01
2.610000e-02 8.016055e-01
2.620000e-02 7.846537e-01
2.630000e-02 8.234027e-01
2.640000e-02 8.935663e-01
2.650000e-02 9.702167e-01
2.660000e-02 1.037410e+00
2.670000e-02 1.088848e+00
2.680000e-02 1.124483e+00
2.690000e-02 1.147057e+00
2.700000e-02 1.159925e+00
2.710000e-02 1.166063e+00
2.720000e-02 1.167763e+00
2.730000e-02 1.166656e+00
2.740000e-02 1.163834e+00
2.750000e-02 1.159992e+00
2.760000e-02 1.155540e+00
2.770000e-02 1.150700e+00
2.780000e-02 1.145571e+00
2.790000e-02 1.140181e+00
2.800000e-02 1.134522e+00
2.810000e-02 1.128582e+00
2.820000e-02 1.122364e+00
2.830000e-02 1.115898e+00
2.840000e-02 1.109239e+00
2.850000e-02 1.102443e+00
2.860000e-02 1.095494e+00
2.870000e-02 1.088169e+00
2.880000e-02 1.079797e+00
2.890000e-02 1.068895e+00
2.900000e-02 1.052734e+00
2.910000e-02 1.027113e+00
2.920000e-02 9.870138e-01
2.930000e-02 9.292139e-01
2.940000e-02 8.571890e-01
2.950000e-02 7.852496e-01
2.960000e-02 7.348789e-01
2.970000e-02 7.208176e-01
2.980000e-02 7.390124e-01
2.990000e-02 7.705851e-01
3.000000e-02 7.965313e-01
3.010000e-02 8.074275e-01
3.020000e-02 8.032862e-01
3.030000e-02 7.889726e-01
3.040000e-02 7.702684e-01
3.050000e-02 7.519510e-01
3.060000e-02 7.373400e-01
3.070000e-02 7.285403e-01
3.080000e-02 7.269043e-01
3.090000e-02 7.334880e-01
3.100000e-02 7.493857e-01
3.110000e-02 7.758463e-01
3.120000e-02 8.140554e-01
3.130000e-02 8.644852e-01
3.140000e-02 9.258402e-01
3.150000e-02 9.939247e-01
3.160000e-02 1.061118e+00
3.170000e-02 1.117265e+00
3.180000e-02 1.152244e+00
3.190000e-02 1.159346e+00
3.200000e-02 1.137712e+00
3.210000e-02 1.092402e+00
3.220000e-02 1.032166e+00
3.230000e-02 9.663342e-01
3.240000e-02 9.024325e-01
3.250000e-02 8.453310e-01
3.260000e-02 7.977402e-01
3.270000e-02 7.612956e-01
3.280000e-02 7.373795e-01
3.290000e-02 7.271457e-01
3.300000e-02 7.308417e-01
3.310000e-02 7.471174e-01
3.320000e-02 7.730326e-01
3.330000e-02 8.048358e-01
3.340000e-02 8.389658e-01
3.350000e-02 8.727057e-01
3.360000e-02 9.043351e-01
3.370000e-02 9.329573e-01
3.380000e-02 9.582320e-01
3.390000e-02 9.801483e-01
3.400000e-02 9.988730e-01
3.410000e-02 1.014662e+00
3.420000e-02 1.027810e+00
3.430000e-02 1.038627e+00
3.440000e-02 1.047418e+00
3.450000e-02 1.054474e+00
3.460000e-02 1.060062e+00
3.470000e-02 1.064417e+00
3.480000e-02 1.067734e+00
3.490000e-02 1.070161e+00
3.500000e-02 1.071788e+00
3.510000e-02 1.072641e+00
3.520000e-02 1.072667e+00
3.530000e-02 1.071727e+00
3.540000e-02 1.069577e+00
3.550000e-02 1.065864e+00
3.560000e-02 1.060108e+00
3.570000e-02 1.051698e+00
3.580000e-02 1.039893e+00
3.590000e-02 1.023839e+00
3.600000e-02 1.002601e+00
3.610000e-02 9.752299e-01
3.620000e-02 9.408785e-01
3.630000e-02 8.989685e-01
3.640000e-02 8.494358e-01
3.650000e-02 7.930394e-01
3.660000e-02 7.316972e-01
3.670000e-02 6.687421e-01
3.680000e-02 6.089217e-01
3.690000e-02 5.579416e-01
3.700000e-02 5.214467e-01
3.710000e-02 5.036102e-01
3.720000e-02 5.058273e-01
3.730000e-02 5.261469e-01
3.740000e-02 5.597965e-01
3.750000e-02 6.005876e-01
3.760000e-02 6.425414e-01
3.770000e-02 6.810800e-01
3.780000e-02 7.134921e-01
3.790000e-02 7.387795e-01
3.800000e-02 7.571782e-01
3.810000e-02 7.696285e-01
3.820000e-02 7.773465e-01
3.830000e-02 7.815450e-01
3.840000e-02 7.832838e-01
3.850000e-02 7.834120e-01
3.860000e-02 7.825641e-01
3.870000e-02 7.811824e-01
3.880000e-02 7.795508e-01
3.890000e-02 7.778276e-01
3.900000e-02 7.760766e-01
3.910000e-02 7.742942e-01
3.920000e-02 7.724316e-01
3.930000e-02 7.704154e-01
3.940000e-02 7.681664e-01
3.950000e-02 7.656167e-01
3.960000e-02 7.627281e-01
3.970000e-02 7.595095e-01
3.980000e-02 7.560338e-01
3.990000e-02 7.524533e-01
4.000000e-02 7.490112e-01
4.010000e-02 7.460456e-01
4.020000e-02 7.439835e-01
4.030000e-02 7.433185e-01
4.040000e-02 7.445698e-01
4.050000e-02 7.482154e-01
4.060000e-02 7.546004e-01
4.070000e-02 7.638178e-01
4.080000e-02 7.755700e-01
4.090000e-02 7.890261e-01
4.100000e-02 8.027080e-01
4.110000e-02 8.144673e-01
4.120000e-02 8.216465e-01
4.130000e-02 8.215535e-01
4.140000e-02 8.123476e-01
4.150000e-02 7.942731e-01
4.160000e-02 7.708115e-01
4.170000e-02 7.488836e-01
4.180000e-02 7.372182e-01
4.190000e-02 7.429721e-01
4.200000e-02 7.683049e-01
4.210000e-02 8.092430e-01
4.220000e-02 8.576552e-01
4.230000e-02 9.048211e-01
4.240000e-02 9.443007e-01
4.250000e-02 9.729670e-01
4.260000e-02 9.905305e-01
4.270000e-02 9.984535e-01
4.280000e-02 9.989396e-01
4.290000e-02 9.942636e-01
4.300000e-02 9.864326e-01
4.310000e-02 9.770757e-01
4.320000e-02 9.674570e-01
4.330000e-02 9.585464e-01
4.340000e-02 9.511106e-01
4.350000e-02 9.458132e-01
4.360000e-02 9.433156e-01
4.370000e-02 9.443535e-01
4.380000e-02 9.496644e-01
4.390000e-02 9.593077e-01
4.400000e-02 9.700023e-01
4.410000e-02 9.681211e-01
4.420000e-02 9.252957e-01
4.430000e-02 8.382424e-01
4.440000e-02 7.609386e-01
4.450000e-02 7.126065e-01
4.460000e-02 6.892461e-01
4.470000e-02 6.877965e-01
4.480000e-02 7.012368e-01
4.490000e-02 7.223480e-01
4.500000e-02 7.457366e-01
4.510000e-02 7.679633e-01
4.520000e-02 7.871868e-01
4.530000e-02 8.027223e-01
4.540000e-02 8.146269e-01
4.550000e-02 8.233659e-01
4.560000e-02 8.295759e-01
4.570000e-02 8.339187e-01
4.580000e-02 8.370016e-01
4.590000e-02 8.393439e-01
4.600000e-02 8.413690e-01
4.610000e-02 8.434105e-01
4.620000e-02 8.457246e-01
4.630000e-02 8.485032e-01
4.640000e-02 8.518864e-01
4.650000e-02 8.559734e-01
4.660000e-02 8.608315e-01
4.670000e-02 8.665034e-01
4.680000e-02 8.730127e-01
4.690000e-02 8.803687e-01
4.700000e-02 8.885705e-01
4.710000e-02 8.976105e-01
4.720000e-02 9.074779e-01
4.730000e-02 9.181622e-01
4.740000e-02 9.296572e-01
4.750000e-02 9.419653e-01
4.760000e-02 9.551018e-01
4.770000e-02 9.690990e-01
4.780000e-02 9.840087e-01
4.790000e-02 9.999017e-01
4.800000e-02 1.016860e+00
4.810000e-02 1.034954e+00
4.820000e-02 1.054202e+00
4.830000e-02 1.074481e+00
4.840000e-02 1.095383e+00
4.850000e-02 1.115962e+00
4.860000e-02 1.134348e+00
4.870000e-02 1.147191e+00
4.880000e-02 1.149026e+00
4.890000e-02 1.131907e+00
4.900000e-02 1.086323e+00
4.910000e-02 1.005205e+00
4.920000e-02 8.926006e-01
4.930000e-02 7.737866e-01
4.940000e-02 6.939906e-01
4.950000e-02 6.932676e-01
4.960000e-02 7.737012e-01
4.970000e-02 8.973101e-01
4.980000e-02 1.017612e+00
4.990000e-02 1.107154e+00
